Date,Time,Etime,Etime(ms),Status,Status1,Status2,Status3,Status4,Urms1,Urms2,Urms3,Umn1,Umn2,Umn3,Uac1,Uac2,Uac3,Udc1,Udc2,Udc3,Ufnd1,Ufnd2,Ufnd3,PUpk1,PUpk2,PUpk3,MUpk1,MUpk2,MUpk3,Uthd1,Uthd2,Uthd3,Urf1,Urf2,Urf3,Irms1,Irms2,Irms3,Imn1,Imn2,Imn3,Iac1,Iac2,Iac3,Idc1,Idc2,Idc3,Ifnd1,Ifnd2,Ifnd3,PIpk1,PIpk2,PIpk3,MIpk1,MIpk2,MIpk3,Ithd1,Ithd2,Ithd3,Irf1,Irf2,Irf3,P1,P2,P3,Pfnd1,Pfnd2,Pfnd3,S1,S2,S3,Sfnd1,Sfnd2,Sfnd3,Q1,Q2,Q3,Qfnd1,Qfnd2,Qfnd3,PF1,PF2,PF3,PFfnd1,PFfnd2,PFfnd3,Udeg1,Udeg2,Udeg3,Ideg1,Ideg2,Ideg3,DEG1,DEG2,DEG3,FREQ1,FREQ2,FREQ3,Eff1,Eff2,Eff3,Loss1,Loss2,Loss3,UDF1,UDF2,UDF3,UDF5,UDF6,UDF7,UDF9,UDF10,UDF11,UDF13,UDF14,UDF15,SlvStatus,SlvStatus1,SlvStatus2,SlvStatus3,SlvStatus4,SlvUrms1,SlvUrms2,SlvUrms3,SlvUrms123,SlvUmn1,SlvUmn2,SlvUmn3,SlvUmn123,SlvUac1,SlvUac2,SlvUac3,SlvUdc1,SlvUdc2,SlvUdc3,SlvUfnd1,SlvUfnd2,SlvUfnd3,SlvPUpk1,SlvPUpk2,SlvPUpk3,SlvMUpk1,SlvMUpk2,SlvMUpk3,SlvUthd1,SlvUthd2,SlvUthd3,SlvUrf1,SlvUrf2,SlvUrf3,SlvUunb123,SlvIrms1,SlvIrms2,SlvIrms3,SlvIrms123,SlvImn1,SlvImn2,SlvImn3,SlvImn123,SlvIac1,SlvIac2,SlvIac3,SlvIdc1,SlvIdc2,SlvIdc3,SlvIfnd1,SlvIfnd2,SlvIfnd3,SlvPIpk1,SlvPIpk2,SlvPIpk3,SlvMIpk1,SlvMIpk2,SlvMIpk3,SlvIthd1,SlvIthd2,SlvIthd3,SlvIrf1,SlvIrf2,SlvIrf3,SlvIunb123,SlvP1,SlvP2,SlvP3,SlvP123,SlvPfnd1,SlvPfnd2,SlvPfnd3,SlvPfnd123,SlvS1,SlvS2,SlvS3,SlvS123,SlvSfnd1,SlvSfnd2,SlvSfnd3,SlvSfnd123,SlvQ1,SlvQ2,SlvQ3,SlvQ123,SlvQfnd1,SlvQfnd2,SlvQfnd3,SlvQfnd123,SlvPF1,SlvPF2,SlvPF3,SlvPF123,SlvPFfnd1,SlvPFfnd2,SlvPFfnd3,SlvPFfnd123,SlvUdeg1,SlvUdeg2,SlvUdeg3,SlvIdeg1,SlvIdeg2,SlvIdeg3,SlvDEG1,SlvDEG2,SlvDEG3,SlvDEG123,SlvFREQ1,SlvFREQ2,SlvFREQ3,SlvEff1,SlvEff2,SlvEff3,SlvLoss1,SlvLoss2,SlvLoss3,SlvTq1,SlvSpd1,SlvPm1,SlvSlip1,HRMStatus
2021/11/30,17:33:35,00000:00:00,0,38003F00,0,1B00,1B00,3F00,99.935E+00,0.000E+00,0.000E+00,110.998E+00,0.000E+00,0.000E+00,0.491E+00,0.000E+00,0.000E+00,99.933E+00,0.000E+00,0.000E+00,0.000E+00,0.000E+00,0.000E+00,100.932E+00,0.000E+00,0.000E+00,98.993E+00,0.000E+00,0.000E+00,44.659E+00,+99999.9E+99,+99999.9E+99,0.970E+00,+99999.9E+99,+99999.9E+99,11.7267E+00,0.00000E+00,0.00000E+00,12.0422E+00,0.00000E+00,0.00000E+00,4.4691E+00,0.00000E+00,0.00000E+00,10.8418E+00,0.00000E+00,0.00000E+00,4.3221E+00,0.00000E+00,0.00000E+00,17.9493E+00,0.0000E+00,0.0000E+00,4.1019E+00,0.0000E+00,0.0000E+00,45.355E+00,+99999.9E+99,+99999.9E+99,63.861E+00,+99999.9E+99,+99999.9E+99,1.08150E+03,0.00000E+03,0.00000E+03,0.00000E+03,0.00000E+03,0.00000E+03,1.17191E+03,0.00000E+03,0.00000E+03,0.00000E+03,0.00000E+03,0.00000E+03,0.45135E+03,0.00000E+03,0.00000E+03,0.00000E+03,0.00000E+03,0.00000E+03,0.92286E+00,0.00000E+00,0.00000E+00,0.92743E+00,0.95749E+00,0.13076E+00,0.000E+00,-130.150E+00,-173.044E+00,158.038E+00,66.616E+00,104.469E+00,22.653E+00,90.000E+00,90.000E+00,12.6162E+00,0.00000E+00,0.00000E+00,95.822E+00,100.000E+00,100.000E+00,0.04518E+03,0.00000E+03,0.00000E+03,+99999.9E+99,+99999.9E+99,+99999.9E+99,+99999.9E+99,+99999.9E+99,+99999.9E+99,+99999.9E+99,+99999.9E+99,+99999.9E+99,+99999.9E+99,+99999.9E+99,+99999.9E+99,1B00,0,0,0,1B00,76.5328E+00,76.9903E+00,77.0323E+00,76.8518E+00,71.8207E+00,72.7151E+00,72.7658E+00,72.4339E+00,76.5328E+00,76.9902E+00,77.0323E+00,0.0000E+00,0.0000E+00,0.0000E+00,73.0254E+00,73.2686E+00,73.1322E+00,105.773E+00,106.160E+00,105.860E+00,-104.749E+00,-104.401E+00,-104.549E+00,14.073E+00,14.339E+00,14.443E+00,+99999.9E+99,+99999.9E+99,+99999.9E+99,0.192E+00,11.5829E+00,11.3242E+00,11.1342E+00,11.3471E+00,10.0176E+00,9.8662E+00,9.5704E+00,9.8181E+00,11.5820E+00,11.3164E+00,11.1199E+00,-0.1442E+00,-0.4181E+00,0.5635E+00,5.2393E+00,4.7490E+00,4.9014E+00,27.3790E+00,26.7167E+00,28.1552E+00,-26.6400E+00,-26.6200E+00,-25.5271E+00,54.548E+00,58.856E+00,56.810E+00,+99999.9E+99,+99999.9E+99,+99999.9E+99,4.595E+00,0.35715E+03,0.33709E+03,0.34208E+03,1.03632E+03,0.18884E+03,0.17325E+03,0.18563E+03,0.54772E+03,0.51717E+03,0.50471E+03,0.49876E+03,1.52064E+03,0.21374E+03,0.19815E+03,0.20396E+03,0.61549E+03,-0.37404E+03,-0.37563E+03,-0.36297E+03,-1.11264E+03,-0.10011E+03,-0.09615E+03,-0.08451E+03,-0.28077E+03,-0.69058E+00,-0.66790E+00,-0.68585E+00,-0.68150E+00,-0.88352E+00,-0.87437E+00,-0.91013E+00,-0.88989E+00,0.000E+00,120.015E+00,-119.828E+00,58.039E+00,178.982E+00,-65.398E+00,-46.324E+00,-48.095E+00,-46.697E+00,-47.039E+00,201.158E+00,201.953E+00,201.583E+00,93.237E+00,+99999.9E+99,+99999.9E+99,0.00007E+06,-0.00063E+06,0.00000E+00,12.202E+00,0.756E+03,0.00097E+06,43.614E+00,F0F08
2021/11/30,17:33:35,00000:00:00,50,38003F00,500,1F00,1F00,3F00,99.935E+00,0.000E+00,0.000E+00,110.998E+00,0.000E+00,0.000E+00,0.491E+00,0.000E+00,0.000E+00,99.933E+00,0.000E+00,0.000E+00,0.000E+00,0.000E+00,0.000E+00,100.932E+00,0.000E+00,0.000E+00,98.993E+00,0.000E+00,0.000E+00,78.860E+00,+99999.9E+99,+99999.9E+99,0.970E+00,+99999.9E+99,+99999.9E+99,11.7267E+00,0.00000E+00,0.00000E+00,12.0422E+00,0.00000E+00,0.00000E+00,4.4691E+00,0.00000E+00,0.00000E+00,10.8418E+00,0.00000E+00,0.00000E+00,2.6889E+00,0.00000E+00,0.00000E+00,17.9493E+00,0.0000E+00,0.0000E+00,4.1019E+00,0.0000E+00,0.0000E+00,67.631E+00,412.088E+00,339.161E+00,63.861E+00,+99999.9E+99,+99999.9E+99,1.08150E+03,0.00000E+03,0.00000E+03,0.00000E+03,0.00000E+03,0.00000E+03,1.17191E+03,0.00000E+03,0.00000E+03,0.00000E+03,0.00000E+03,0.00000E+03,0.45135E+03,0.00000E+03,0.00000E+03,0.00000E+03,0.00000E+03,0.00000E+03,0.92286E+00,0.00000E+00,0.00000E+00,0.96148E+00,0.69513E+00,0.24732E+00,0.000E+00,-134.144E+00,159.643E+00,164.045E+00,91.818E+00,83.962E+00,22.653E+00,90.000E+00,90.000E+00,12.6162E+00,0.00000E+00,0.00000E+00,119.430E+00,100.000E+00,100.000E+00,-0.21013E+03,0.00000E+03,0.00000E+03,+99999.9E+99,+99999.9E+99,+99999.9E+99,+99999.9E+99,+99999.9E+99,+99999.9E+99,+99999.9E+99,+99999.9E+99,+99999.9E+99,+99999.9E+99,+99999.9E+99,+99999.9E+99,1B00,0,0,0,1B00,77.2298E+00,77.2181E+00,77.0007E+00,77.1495E+00,72.2382E+00,72.4094E+00,71.8721E+00,72.1732E+00,77.2298E+00,77.2181E+00,77.0007E+00,0.0000E+00,0.0000E+00,0.0000E+00,70.4419E+00,71.0470E+00,70.9377E+00,105.470E+00,105.583E+00,105.593E+00,-104.516E+00,-104.936E+00,-104.707E+00,34.443E+00,34.365E+00,34.285E+00,+99999.9E+99,+99999.9E+99,+99999.9E+99,0.528E+00,13.6072E+00,13.1685E+00,13.5621E+00,13.4459E+00,12.5025E+00,12.0702E+00,12.4436E+00,12.3387E+00,13.6064E+00,13.1685E+00,13.5606E+00,-0.1478E+00,0.0000E+00,0.2018E+00,13.9660E+00,13.0453E+00,13.0160E+00,27.7038E+00,27.1067E+00,28.4995E+00,-26.6205E+00,-27.1205E+00,-26.4881E+00,39.858E+00,42.202E+00,42.294E+00,+99999.9E+99,+99999.9E+99,+99999.9E+99,4.499E+00,0.42818E+03,0.41987E+03,0.44358E+03,1.29164E+03,0.49761E+03,0.45391E+03,0.47890E+03,1.43042E+03,0.61334E+03,0.59335E+03,0.60972E+03,1.81641E+03,0.56313E+03,0.52780E+03,0.53185E+03,1.62181E+03,-0.43915E+03,-0.41925E+03,-0.41832E+03,-1.27672E+03,-0.26362E+03,-0.26933E+03,-0.23136E+03,-0.76431E+03,-0.69811E+00,-0.70763E+00,-0.72752E+00,-0.71109E+00,-0.88366E+00,-0.86000E+00,-0.90043E+00,-0.88199E+00,0.000E+00,119.822E+00,-119.664E+00,58.197E+00,-179.549E+00,-64.109E+00,-45.724E+00,-44.958E+00,-43.321E+00,-44.676E+00,202.107E+00,201.429E+00,201.766E+00,89.299E+00,+99999.9E+99,+99999.9E+99,0.00014E+06,-0.00073E+06,0.00000E+00,14.544E+00,0.757E+03,0.00115E+06,43.793E+00,F0F08
2021/11/30,17:33:35,00000:00:00,100,38003F00,500,1F00,1F00,3F00,99.935E+00,0.000E+00,0.000E+00,110.998E+00,0.000E+00,0.000E+00,0.491E+00,0.000E+00,0.000E+00,99.933E+00,0.000E+00,0.000E+00,0.000E+00,0.000E+00,0.000E+00,100.932E+00,0.000E+00,0.000E+00,98.993E+00,0.000E+00,0.000E+00,78.860E+00,+99999.9E+99,+99999.9E+99,0.970E+00,+99999.9E+99,+99999.9E+99,11.7267E+00,0.00000E+00,0.00000E+00,12.0422E+00,0.00000E+00,0.00000E+00,4.4691E+00,0.00000E+00,0.00000E+00,10.8418E+00,0.00000E+00,0.00000E+00,2.6889E+00,0.00000E+00,0.00000E+00,17.9493E+00,0.0000E+00,0.0000E+00,4.1019E+00,0.0000E+00,0.0000E+00,67.631E+00,412.088E+00,339.161E+00,63.861E+00,+99999.9E+99,+99999.9E+99,1.08150E+03,0.00000E+03,0.00000E+03,0.00000E+03,0.00000E+03,0.00000E+03,1.17191E+03,0.00000E+03,0.00000E+03,0.00000E+03,0.00000E+03,0.00000E+03,0.45135E+03,0.00000E+03,0.00000E+03,0.00000E+03,0.00000E+03,0.00000E+03,0.92286E+00,0.00000E+00,0.00000E+00,0.96148E+00,0.69513E+00,0.24732E+00,0.000E+00,-134.144E+00,159.643E+00,164.045E+00,91.818E+00,83.962E+00,22.653E+00,90.000E+00,90.000E+00,12.6162E+00,0.00000E+00,0.00000E+00,71.967E+00,100.000E+00,100.000E+00,0.30318E+03,0.00000E+03,0.00000E+03,+99999.9E+99,+99999.9E+99,+99999.9E+99,+99999.9E+99,+99999.9E+99,+99999.9E+99,+99999.9E+99,+99999.9E+99,+99999.9E+99,+99999.9E+99,+99999.9E+99,+99999.9E+99,1B00,0,0,0,1B00,76.2920E+00,76.6449E+00,76.5202E+00,76.4857E+00,72.2073E+00,72.8915E+00,72.6478E+00,72.5822E+00,76.2920E+00,76.6449E+00,76.5202E+00,0.0000E+00,0.0000E+00,0.0000E+00,71.9218E+00,71.7429E+00,71.6729E+00,105.841E+00,106.110E+00,105.663E+00,-105.121E+00,-104.997E+00,-103.960E+00,27.160E+00,26.197E+00,26.841E+00,+99999.9E+99,+99999.9E+99,+99999.9E+99,0.206E+00,8.2785E+00,8.2208E+00,8.1551E+00,8.2181E+00,7.3701E+00,7.3269E+00,7.2566E+00,7.3178E+00,8.2777E+00,8.2197E+00,8.1511E+00,-0.1191E+00,-0.1359E+00,0.2561E+00,9.7077E+00,9.8986E+00,10.2492E+00,22.1967E+00,21.0833E+00,20.4033E+00,-18.8400E+00,-19.2881E+00,-19.8690E+00,48.593E+00,46.086E+00,44.555E+00,+99999.9E+99,+99999.9E+99,+99999.9E+99,4.390E+00,0.26155E+03,0.25545E+03,0.26133E+03,0.77832E+03,0.33440E+03,0.35924E+03,0.36262E+03,1.05626E+03,0.36639E+03,0.36411E+03,0.36214E+03,1.09264E+03,0.38956E+03,0.40162E+03,0.41879E+03,1.20933E+03,-0.25659E+03,-0.25946E+03,-0.25071E+03,-0.76676E+03,-0.19984E+03,-0.17957E+03,-0.20950E+03,-0.58891E+03,-0.71384E+00,-0.70158E+00,-0.72162E+00,-0.71233E+00,-0.85840E+00,-0.89448E+00,-0.86588E+00,-0.87342E+00,0.000E+00,120.148E+00,-120.047E+00,60.782E+00,176.672E+00,-59.916E+00,-44.452E+00,-45.446E+00,-43.811E+00,-44.575E+00,201.669E+00,201.984E+00,201.889E+00,94.648E+00,+99999.9E+99,+99999.9E+99,0.00004E+06,-0.00048E+06,0.00000E+00,9.306E+00,0.756E+03,0.00074E+06,43.775E+00,F0F08
2021/11/30,17:33:35,00000:00:00,150,38003F00,700,1C00,1C00,3800,99.935E+00,0.000E+00,0.000E+00,110.998E+00,0.000E+00,0.000E+00,0.491E+00,0.000E+00,0.000E+00,99.933E+00,0.000E+00,0.000E+00,0.000E+00,0.000E+00,0.000E+00,100.932E+00,0.000E+00,0.000E+00,98.993E+00,0.000E+00,0.000E+00,67.604E+00,+99999.9E+99,+99999.9E+99,0.970E+00,+99999.9E+99,+99999.9E+99,11.7267E+00,0.00000E+00,0.00000E+00,12.0422E+00,0.00000E+00,0.00000E+00,4.4691E+00,0.00000E+00,0.00000E+00,10.8418E+00,0.00000E+00,0.00000E+00,4.0773E+00,0.00000E+00,0.00000E+00,17.9493E+00,0.0000E+00,0.0000E+00,4.1019E+00,0.0000E+00,0.0000E+00,47.996E+00,+99999.9E+99,+99999.9E+99,63.861E+00,+99999.9E+99,+99999.9E+99,1.08150E+03,0.00000E+03,0.00000E+03,0.00000E+03,0.00000E+03,0.00000E+03,1.17191E+03,0.00000E+03,0.00000E+03,0.00000E+03,0.00000E+03,0.00000E+03,0.45135E+03,0.00000E+03,0.00000E+03,0.00000E+03,0.00000E+03,0.00000E+03,0.92286E+00,0.00000E+00,0.00000E+00,0.89107E+00,0.99250E+00,0.89662E+00,0.000E+00,138.538E+00,169.551E+00,153.008E+00,-34.439E+00,-36.732E+00,22.653E+00,90.000E+00,90.000E+00,12.6162E+00,0.00000E+00,0.00000E+00,116.834E+00,100.000E+00,100.000E+00,-0.18206E+03,0.00000E+03,0.00000E+03,+99999.9E+99,+99999.9E+99,+99999.9E+99,+99999.9E+99,+99999.9E+99,+99999.9E+99,+99999.9E+99,+99999.9E+99,+99999.9E+99,+99999.9E+99,+99999.9E+99,+99999.9E+99,1B00,0,0,0,1B00,77.0721E+00,77.2013E+00,77.1186E+00,77.1307E+00,72.1344E+00,72.5566E+00,72.2870E+00,72.3260E+00,77.0721E+00,77.2013E+00,77.1186E+00,0.0000E+00,0.0000E+00,0.0000E+00,72.7062E+00,73.1290E+00,72.9974E+00,105.746E+00,106.104E+00,105.806E+00,-104.717E+00,-104.721E+00,-104.636E+00,16.321E+00,16.410E+00,16.795E+00,+99999.9E+99,+99999.9E+99,+99999.9E+99,0.350E+00,13.4451E+00,12.9788E+00,13.1747E+00,13.1995E+00,12.2487E+00,11.7717E+00,11.8355E+00,11.9520E+00,13.4440E+00,12.9747E+00,13.1654E+00,-0.1674E+00,-0.3263E+00,0.4948E+00,6.4764E+00,5.7796E+00,5.6719E+00,27.8371E+00,27.0776E+00,28.4138E+00,-26.6171E+00,-27.2100E+00,-26.5629E+00,49.397E+00,54.125E+00,54.796E+00,+99999.9E+99,+99999.9E+99,+99999.9E+99,7.256E+00,0.42959E+03,0.40803E+03,0.42594E+03,1.26356E+03,0.23296E+03,0.20215E+03,0.21871E+03,0.65382E+03,0.60547E+03,0.58338E+03,0.59222E+03,1.78107E+03,0.26023E+03,0.23383E+03,0.23669E+03,0.72968E+03,-0.42667E+03,-0.41695E+03,-0.41146E+03,-1.25508E+03,-0.11597E+03,-0.11753E+03,-0.09048E+03,-0.32397E+03,-0.70952E+00,-0.69942E+00,-0.71923E+00,-0.70944E+00,-0.89521E+00,-0.86451E+00,-0.92405E+00,-0.89603E+00,0.000E+00,119.926E+00,-119.743E+00,56.660E+00,-179.962E+00,-67.403E+00,-44.805E+00,-45.619E+00,-44.009E+00,-44.811E+00,201.743E+00,201.410E+00,201.689E+00,90.790E+00,+99999.9E+99,+99999.9E+99,0.00012E+06,-0.00074E+06,0.00000E+00,14.468E+00,0.757E+03,0.00115E+06,43.703E+00,F0F08
2021/11/30,17:33:35,00000:00:00,200,38003F00,2800,3B00,3B00,3F00,99.981E+00,0.000E+00,0.000E+00,111.050E+00,0.000E+00,0.000E+00,0.505E+00,0.000E+00,0.000E+00,99.980E+00,0.000E+00,0.000E+00,0.000E+00,0.000E+00,0.000E+00,100.996E+00,0.000E+00,0.000E+00,98.786E+00,0.000E+00,0.000E+00,67.604E+00,+99999.9E+99,+99999.9E+99,1.106E+00,+99999.9E+99,+99999.9E+99,11.5537E+00,0.00000E+00,0.00000E+00,11.7514E+00,0.00000E+00,0.00000E+00,4.6425E+00,0.00000E+00,0.00000E+00,10.5800E+00,0.00000E+00,0.00000E+00,4.0773E+00,0.00000E+00,0.00000E+00,18.2262E+00,0.0000E+00,0.0000E+00,4.1076E+00,0.0000E+00,0.0000E+00,47.996E+00,+99999.9E+99,+99999.9E+99,66.723E+00,+99999.9E+99,+99999.9E+99,1.05568E+03,0.00000E+03,0.00000E+03,0.00000E+03,0.00000E+03,0.00000E+03,1.15516E+03,0.00000E+03,0.00000E+03,0.00000E+03,0.00000E+03,0.00000E+03,0.46896E+03,0.00000E+03,0.00000E+03,0.00000E+03,0.00000E+03,0.00000E+03,0.91389E+00,0.00000E+00,0.00000E+00,0.89107E+00,0.99250E+00,0.89662E+00,0.000E+00,138.538E+00,169.551E+00,153.008E+00,-34.439E+00,-36.732E+00,23.952E+00,90.000E+00,90.000E+00,0.00000E+00,0.00000E+00,0.00000E+00,103.267E+00,100.000E+00,100.000E+00,-0.03449E+03,0.00000E+03,0.00000E+03,+99999.9E+99,+99999.9E+99,+99999.9E+99,+99999.9E+99,+99999.9E+99,+99999.9E+99,+99999.9E+99,+99999.9E+99,+99999.9E+99,+99999.9E+99,+99999.9E+99,+99999.9E+99,1B00,0,0,0,1B00,76.7559E+00,77.1016E+00,76.8355E+00,76.8977E+00,72.0217E+00,72.6708E+00,72.1723E+00,72.2882E+00,76.7559E+00,77.1016E+00,76.8355E+00,0.0000E+00,0.0000E+00,0.0000E+00,70.0223E+00,70.2536E+00,70.1647E+00,105.343E+00,105.581E+00,105.601E+00,-104.613E+00,-104.273E+00,-104.536E+00,39.029E+00,38.863E+00,38.820E+00,+99999.9E+99,+99999.9E+99,+99999.9E+99,0.197E+00,11.9489E+00,11.7828E+00,12.0640E+00,11.9319E+00,10.4663E+00,10.3864E+00,10.5772E+00,10.4766E+00,11.9483E+00,11.7828E+00,12.0640E+00,-0.1186E+00,0.0000E+00,0.0000E+00,15.4063E+00,14.9876E+00,15.1787E+00,27.5943E+00,27.2567E+00,28.4767E+00,-26.2509E+00,-26.9881E+00,-26.6805E+00,39.410E+00,40.419E+00,39.529E+00,+99999.9E+99,+99999.9E+99,+99999.9E+99,1.686E+00,0.35773E+03,0.35990E+03,0.37254E+03,1.09017E+03,0.54360E+03,0.52719E+03,0.54398E+03,1.61477E+03,0.53391E+03,0.52784E+03,0.54124E+03,1.60299E+03,0.62183E+03,0.60465E+03,0.61430E+03,1.84064E+03,-0.39634E+03,-0.38612E+03,-0.39262E+03,-1.17508E+03,-0.30196E+03,-0.29611E+03,-0.28538E+03,-0.88345E+03,-0.67002E+00,-0.68184E+00,-0.68831E+00,-0.68009E+00,-0.87418E+00,-0.87188E+00,-0.88554E+00,-0.87729E+00,0.000E+00,119.970E+00,-119.849E+00,59.162E+00,179.251E+00,-62.237E+00,-47.931E+00,-47.013E+00,-46.504E+00,-47.150E+00,201.988E+00,202.358E+00,201.871E+00,90.438E+00,+99999.9E+99,+99999.9E+99,0.00010E+06,-0.00063E+06,0.00000E+00,12.434E+00,0.757E+03,0.00099E+06,43.768E+00,F0F08
2021/11/30,17:33:35,00000:00:00,250,38003F00,2D00,3F00,3F00,3F00,99.981E+00,0.000E+00,0.000E+00,111.050E+00,0.000E+00,0.000E+00,0.505E+00,0.000E+00,0.000E+00,99.980E+00,0.000E+00,0.000E+00,0.000E+00,0.000E+00,0.000E+00,100.996E+00,0.000E+00,0.000E+00,98.786E+00,0.000E+00,0.000E+00,34.466E+00,+99999.9E+99,+99999.9E+99,1.106E+00,+99999.9E+99,+99999.9E+99,11.5537E+00,0.00000E+00,0.00000E+00,11.7514E+00,0.00000E+00,0.00000E+00,4.6425E+00,0.00000E+00,0.00000E+00,10.5800E+00,0.00000E+00,0.00000E+00,4.2637E+00,0.00000E+00,0.00000E+00,18.2262E+00,0.0000E+00,0.0000E+00,4.1076E+00,0.0000E+00,0.0000E+00,39.858E+00,+99999.9E+99,+99999.9E+99,66.723E+00,+99999.9E+99,+99999.9E+99,1.05568E+03,0.00000E+03,0.00000E+03,0.00000E+03,0.00000E+03,0.00000E+03,1.15516E+03,0.00000E+03,0.00000E+03,0.00000E+03,0.00000E+03,0.00000E+03,0.46896E+03,0.00000E+03,0.00000E+03,0.00000E+03,0.00000E+03,0.00000E+03,0.91389E+00,0.00000E+00,0.00000E+00,0.93441E+00,0.28370E+00,0.52461E+00,0.000E+00,129.741E+00,174.348E+00,159.133E+00,56.223E+00,-127.294E+00,23.952E+00,90.000E+00,90.000E+00,0.00000E+00,0.00000E+00,0.00000E+00,81.195E+00,100.000E+00,100.000E+00,0.19852E+03,0.00000E+03,0.00000E+03,+99999.9E+99,+99999.9E+99,+99999.9E+99,+99999.9E+99,+99999.9E+99,+99999.9E+99,+99999.9E+99,+99999.9E+99,+99999.9E+99,+99999.9E+99,+99999.9E+99,+99999.9E+99,1B00,0,0,0,1B00,76.5726E+00,76.6060E+00,76.5749E+00,76.5845E+00,72.4705E+00,72.7592E+00,72.5416E+00,72.5904E+00,76.5726E+00,76.6060E+00,76.5749E+00,0.0000E+00,0.0000E+00,0.0000E+00,72.8864E+00,72.7208E+00,72.6467E+00,105.820E+00,106.151E+00,105.819E+00,-105.001E+00,-104.793E+00,-104.444E+00,18.386E+00,17.943E+00,18.035E+00,+99999.9E+99,+99999.9E+99,+99999.9E+99,0.196E+00,9.5778E+00,9.0607E+00,9.1811E+00,9.2732E+00,8.2842E+00,7.8571E+00,7.8816E+00,8.0076E+00,9.5766E+00,9.0571E+00,9.1720E+00,-0.1512E+00,-0.2567E+00,0.4091E+00,6.1236E+00,6.4073E+00,6.8116E+00,26.1957E+00,24.1624E+00,25.0819E+00,-26.6729E+00,-25.3409E+00,-22.3657E+00,57.045E+00,52.986E+00,50.146E+00,+99999.9E+99,+99999.9E+99,+99999.9E+99,4.808E+00,0.29403E+03,0.27429E+03,0.28884E+03,0.85716E+03,0.21888E+03,0.23503E+03,0.23982E+03,0.69372E+03,0.42629E+03,0.40197E+03,0.40720E+03,1.23547E+03,0.25474E+03,0.26130E+03,0.27531E+03,0.79086E+03,-0.30866E+03,-0.29385E+03,-0.28703E+03,-0.88954E+03,-0.13033E+03,-0.11419E+03,-0.13522E+03,-0.37974E+03,-0.68973E+00,-0.68236E+00,-0.70933E+00,-0.69379E+00,-0.85922E+00,-0.89945E+00,-0.87108E+00,-0.87718E+00,0.000E+00,120.137E+00,-120.047E+00,60.693E+00,176.020E+00,-60.523E+00,-46.391E+00,-46.971E+00,-44.819E+00,-46.069E+00,202.031E+00,201.397E+00,202.115E+00,94.649E+00,+99999.9E+99,+99999.9E+99,0.00005E+06,-0.00054E+06,0.00000E+00,10.244E+00,0.756E+03,0.00081E+06,43.848E+00,F0F08
2021/11/30,17:33:35,00000:00:00,300,38003F00,2800,3B00,3B00,3F00,99.806E+00,0.000E+00,0.000E+00,110.856E+00,0.000E+00,0.000E+00,0.501E+00,0.000E+00,0.000E+00,99.805E+00,0.000E+00,0.000E+00,0.000E+00,0.000E+00,0.000E+00,100.964E+00,0.000E+00,0.000E+00,98.796E+00,0.000E+00,0.000E+00,34.466E+00,+99999.9E+99,+99999.9E+99,1.086E+00,+99999.9E+99,+99999.9E+99,12.3378E+00,0.00000E+00,0.00000E+00,12.7949E+00,0.00000E+00,0.00000E+00,4.4185E+00,0.00000E+00,0.00000E+00,11.5195E+00,0.00000E+00,0.00000E+00,4.2637E+00,0.00000E+00,0.00000E+00,18.2067E+00,0.0000E+00,0.0000E+00,4.1700E+00,0.0000E+00,0.0000E+00,39.858E+00,+99999.9E+99,+99999.9E+99,60.926E+00,+99999.9E+99,+99999.9E+99,1.14771E+03,0.00000E+03,0.00000E+03,0.00000E+03,0.00000E+03,0.00000E+03,1.23140E+03,0.00000E+03,0.00000E+03,0.00000E+03,0.00000E+03,0.00000E+03,0.44620E+03,0.00000E+03,0.00000E+03,0.00000E+03,0.00000E+03,0.00000E+03,0.93204E+00,0.00000E+00,0.00000E+00,0.93441E+00,0.28370E+00,0.52461E+00,0.000E+00,129.741E+00,174.348E+00,159.133E+00,56.223E+00,-127.294E+00,21.245E+00,90.000E+00,90.000E+00,9.33031E+00,0.00000E+00,0.00000E+00,118.325E+00,100.000E+00,100.000E+00,-0.21032E+03,0.00000E+03,0.00000E+03,+99999.9E+99,+99999.9E+99,+99999.9E+99,+99999.9E+99,+99999.9E+99,+99999.9E+99,+99999.9E+99,+99999.9E+99,+99999.9E+99,+99999.9E+99,+99999.9E+99,+99999.9E+99,1B00,0,0,0,1B00,77.0000E+00,77.4967E+00,77.3367E+00,77.2778E+00,71.7077E+00,72.6013E+00,72.3241E+00,72.2111E+00,77.0000E+00,77.4967E+00,77.3367E+00,0.0000E+00,0.0000E+00,0.0000E+00,71.7340E+00,72.3259E+00,72.1289E+00,105.676E+00,105.871E+00,105.619E+00,-104.229E+00,-104.489E+00,-104.390E+00,25.149E+00,25.454E+00,25.377E+00,+99999.9E+99,+99999.9E+99,+99999.9E+99,0.478E+00,13.9592E+00,13.6680E+00,13.7994E+00,13.8089E+00,13.0455E+00,12.8801E+00,12.8400E+00,12.9219E+00,13.9583E+00,13.6657E+00,13.7934E+00,-0.1562E+00,-0.2493E+00,0.4067E+00,10.1548E+00,9.2807E+00,9.4121E+00,27.6348E+00,27.0890E+00,28.5095E+00,-26.3381E+00,-27.2724E+00,-26.6914E+00,43.940E+00,46.954E+00,47.297E+00,+99999.9E+99,+99999.9E+99,+99999.9E+99,6.927E+00,0.45625E+03,0.44596E+03,0.45582E+03,1.35803E+03,0.37057E+03,0.32345E+03,0.34835E+03,1.04237E+03,0.62857E+03,0.61635E+03,0.62478E+03,1.86970E+03,0.41414E+03,0.37496E+03,0.37824E+03,1.16575E+03,-0.43236E+03,-0.42545E+03,-0.42729E+03,-1.28510E+03,-0.18490E+03,-0.18968E+03,-0.14737E+03,-0.52195E+03,-0.72585E+00,-0.72355E+00,-0.72957E+00,-0.72634E+00,-0.89480E+00,-0.86262E+00,-0.92098E+00,-0.89417E+00,0.000E+00,119.902E+00,-119.647E+00,56.786E+00,-179.796E+00,-66.899E+00,-43.460E+00,-43.651E+00,-43.149E+00,-43.420E+00,201.358E+00,202.162E+00,201.068E+00,90.126E+00,+99999.9E+99,+99999.9E+99,0.00013E+06,-0.00078E+06,0.00000E+00,15.430E+00,0.757E+03,0.00122E+06,43.572E+00,F0F08
2021/11/30,17:33:35,00000:00:00,350,38003D00,2D00,3C00,3C00,3800,99.806E+00,0.000E+00,0.000E+00,110.856E+00,0.000E+00,0.000E+00,0.501E+00,0.000E+00,0.000E+00,99.805E+00,0.000E+00,0.000E+00,0.000E+00,0.000E+00,0.000E+00,100.964E+00,0.000E+00,0.000E+00,98.796E+00,0.000E+00,0.000E+00,101.019E+00,+99999.9E+99,+99999.9E+99,1.086E+00,+99999.9E+99,+99999.9E+99,12.3378E+00,0.00000E+00,0.00000E+00,12.7949E+00,0.00000E+00,0.00000E+00,4.4185E+00,0.00000E+00,0.00000E+00,11.5195E+00,0.00000E+00,0.00000E+00,3.0144E+00,0.00000E+00,0.00000E+00,18.2067E+00,0.0000E+00,0.0000E+00,4.1700E+00,0.0000E+00,0.0000E+00,103.379E+00,+99999.9E+99,+99999.9E+99,60.926E+00,+99999.9E+99,+99999.9E+99,1.14771E+03,0.00000E+03,0.00000E+03,0.00000E+03,0.00000E+03,0.00000E+03,1.23140E+03,0.00000E+03,0.00000E+03,0.00000E+03,0.00000E+03,0.00000E+03,0.44620E+03,0.00000E+03,0.00000E+03,0.00000E+03,0.00000E+03,0.00000E+03,0.93204E+00,0.00000E+00,0.00000E+00,0.83070E+00,0.98854E+00,0.99542E+00,0.000E+00,61.304E+00,136.471E+00,146.171E+00,69.985E+00,-38.042E+00,21.245E+00,90.000E+00,90.000E+00,9.33031E+00,0.00000E+00,0.00000E+00,75.793E+00,100.000E+00,100.000E+00,0.27783E+03,0.00000E+03,0.00000E+03,+99999.9E+99,+99999.9E+99,+99999.9E+99,+99999.9E+99,+99999.9E+99,+99999.9E+99,+99999.9E+99,+99999.9E+99,+99999.9E+99,+99999.9E+99,+99999.9E+99,+99999.9E+99,1B00,0,0,0,1B00,76.7019E+00,76.6867E+00,76.3940E+00,76.5942E+00,72.5279E+00,72.6828E+00,72.0251E+00,72.4119E+00,76.7019E+00,76.6867E+00,76.3939E+00,0.0000E+00,0.0000E+00,0.0000E+00,70.7502E+00,70.6477E+00,70.4927E+00,105.894E+00,106.091E+00,105.577E+00,-104.544E+00,-104.544E+00,-103.984E+00,35.755E+00,35.285E+00,35.721E+00,+99999.9E+99,+99999.9E+99,+99999.9E+99,0.214E+00,9.6892E+00,9.2690E+00,9.8582E+00,9.6054E+00,8.4262E+00,8.0717E+00,8.4630E+00,8.3203E+00,9.6885E+00,9.2690E+00,9.8582E+00,-0.1165E+00,0.0000E+00,0.0000E+00,13.4143E+00,13.4596E+00,13.9988E+00,26.1843E+00,24.5090E+00,26.8224E+00,-25.1390E+00,-22.8505E+00,-26.2362E+00,42.799E+00,42.076E+00,40.261E+00,+99999.9E+99,+99999.9E+99,+99999.9E+99,2.465E+00,0.28483E+03,0.28263E+03,0.30242E+03,0.86988E+03,0.46755E+03,0.48246E+03,0.49105E+03,1.44106E+03,0.43092E+03,0.41260E+03,0.43746E+03,1.28097E+03,0.54286E+03,0.54591E+03,0.56308E+03,1.65155E+03,-0.32336E+03,-0.30060E+03,-0.31609E+03,-0.94004E+03,-0.27585E+03,-0.25544E+03,-0.27555E+03,-0.80684E+03,-0.66099E+00,-0.68500E+00,-0.69131E+00,-0.67908E+00,-0.86127E+00,-0.88377E+00,-0.87208E+00,-0.87255E+00,0.000E+00,120.186E+00,-119.988E+00,60.486E+00,178.019E+00,-60.568E+00,-48.624E+00,-46.765E+00,-46.266E+00,-47.228E+00,202.393E+00,201.762E+00,202.620E+00,92.089E+00,+99999.9E+99,+99999.9E+99,0.00007E+06,-0.00052E+06,0.00000E+00,10.113E+00,0.756E+03,0.00080E+06,43.937E+00,F0F0F
2021/11/30,17:33:35,00000:00:00,400,38003F00,0,1B00,1B00,3F00,99.940E+00,0.000E+00,0.000E+00,111.004E+00,0.000E+00,0.000E+00,0.485E+00,0.000E+00,0.000E+00,99.939E+00,0.000E+00,0.000E+00,0.000E+00,0.000E+00,0.000E+00,100.964E+00,0.000E+00,0.000E+00,98.971E+00,0.000E+00,0.000E+00,101.019E+00,+99999.9E+99,+99999.9E+99,0.997E+00,+99999.9E+99,+99999.9E+99,11.6709E+00,0.00000E+00,0.00000E+00,11.9897E+00,0.00000E+00,0.00000E+00,4.4373E+00,0.00000E+00,0.00000E+00,10.7945E+00,0.00000E+00,0.00000E+00,3.0144E+00,0.00000E+00,0.00000E+00,18.0157E+00,0.0000E+00,0.0000E+00,4.1029E+00,0.0000E+00,0.0000E+00,103.379E+00,+99999.9E+99,+99999.9E+99,64.444E+00,+99999.9E+99,+99999.9E+99,1.07687E+03,0.00000E+03,0.00000E+03,0.00000E+03,0.00000E+03,0.00000E+03,1.16639E+03,0.00000E+03,0.00000E+03,0.00000E+03,0.00000E+03,0.00000E+03,0.44813E+03,0.00000E+03,0.00000E+03,0.00000E+03,0.00000E+03,0.00000E+03,0.92325E+00,0.00000E+00,0.00000E+00,0.83070E+00,0.98854E+00,0.99542E+00,0.000E+00,61.304E+00,136.471E+00,146.171E+00,69.985E+00,-38.042E+00,22.594E+00,90.000E+00,90.000E+00,12.6733E+00,0.00000E+00,0.00000E+00,96.315E+00,100.000E+00,100.000E+00,0.03968E+03,0.00000E+03,0.00000E+03,+99999.9E+99,+99999.9E+99,+99999.9E+99,+99999.9E+99,+99999.9E+99,+99999.9E+99,+99999.9E+99,+99999.9E+99,+99999.9E+99,+99999.9E+99,+99999.9E+99,+99999.9E+99,1B00,0,0,0,1B00,76.5199E+00,77.0049E+00,77.0155E+00,76.8468E+00,71.8366E+00,72.7604E+00,72.7534E+00,72.4501E+00,76.5199E+00,77.0049E+00,77.0155E+00,0.0000E+00,0.0000E+00,0.0000E+00,73.1184E+00,73.2269E+00,73.1153E+00,105.727E+00,106.066E+00,105.823E+00,-105.129E+00,-104.979E+00,-104.469E+00,14.050E+00,13.911E+00,14.217E+00,+99999.9E+99,+99999.9E+99,+99999.9E+99,0.104E+00,11.5425E+00,11.2959E+00,11.1070E+00,11.3151E+00,10.0020E+00,9.8659E+00,9.5830E+00,9.8170E+00,11.5414E+00,11.2896E+00,11.0939E+00,-0.1620E+00,-0.3762E+00,0.5393E+00,4.8704E+00,4.6188E+00,4.8552E+00,27.3581E+00,26.7438E+00,28.1529E+00,-26.5733E+00,-26.2348E+00,-25.3157E+00,58.180E+00,59.591E+00,56.308E+00,+99999.9E+99,+99999.9E+99,+99999.9E+99,2.705E+00,0.35657E+03,0.33794E+03,0.34268E+03,1.03719E+03,0.17561E+03,0.17136E+03,0.18082E+03,0.52779E+03,0.51517E+03,0.50343E+03,0.49761E+03,1.51620E+03,0.20141E+03,0.19387E+03,0.20228E+03,0.59745E+03,-0.37184E+03,-0.37314E+03,-0.36081E+03,-1.10578E+03,-0.09862E+03,-0.09067E+03,-0.09066E+03,-0.27996E+03,-0.69213E+00,-0.67129E+00,-0.68865E+00,-0.68407E+00,-0.87192E+00,-0.88388E+00,-0.89393E+00,-0.88342E+00,0.000E+00,120.050E+00,-119.905E+00,59.363E+00,177.887E+00,-63.274E+00,-46.201E+00,-47.834E+00,-46.476E+00,-46.838E+00,201.175E+00,201.894E+00,201.311E+00,92.886E+00,+99999.9E+99,+99999.9E+99,0.00007E+06,-0.00063E+06,0.00000E+00,12.161E+00,0.756E+03,0.00096E+06,43.595E+00,F0F0F
2021/11/30,17:33:35,00000:00:00,450,38003F00,700,1F00,1F00,3F00,99.940E+00,0.000E+00,0.000E+00,111.004E+00,0.000E+00,0.000E+00,0.485E+00,0.000E+00,0.000E+00,99.939E+00,0.000E+00,0.000E+00,0.000E+00,0.000E+00,0.000E+00,100.964E+00,0.000E+00,0.000E+00,98.971E+00,0.000E+00,0.000E+00,20.178E+00,+99999.9E+99,442.216E+00,0.997E+00,+99999.9E+99,+99999.9E+99,11.6709E+00,0.00000E+00,0.00000E+00,11.9897E+00,0.00000E+00,0.00000E+00,4.4373E+00,0.00000E+00,0.00000E+00,10.7945E+00,0.00000E+00,0.00000E+00,4.5749E+00,0.00000E+00,0.00000E+00,18.0157E+00,0.0000E+00,0.0000E+00,4.1029E+00,0.0000E+00,0.0000E+00,8.982E+00,+99999.9E+99,+99999.9E+99,64.444E+00,+99999.9E+99,+99999.9E+99,1.07687E+03,0.00000E+03,0.00000E+03,0.00000E+03,0.00000E+03,0.00000E+03,1.16639E+03,0.00000E+03,0.00000E+03,0.00000E+03,0.00000E+03,0.00000E+03,0.44813E+03,0.00000E+03,0.00000E+03,0.00000E+03,0.00000E+03,0.00000E+03,0.92325E+00,0.00000E+00,0.00000E+00,0.91512E+00,0.70975E+00,0.29759E+00,0.000E+00,153.113E+00,-178.937E+00,156.223E+00,-162.102E+00,108.376E+00,22.594E+00,90.000E+00,90.000E+00,12.6733E+00,0.00000E+00,0.00000E+00,115.636E+00,100.000E+00,100.000E+00,-0.16838E+03,0.00000E+03,0.00000E+03,+99999.9E+99,+99999.9E+99,+99999.9E+99,+99999.9E+99,+99999.9E+99,+99999.9E+99,+99999.9E+99,+99999.9E+99,+99999.9E+99,+99999.9E+99,+99999.9E+99,+99999.9E+99,1B00,0,0,0,1B00,77.1866E+00,77.2048E+00,76.9908E+00,77.1274E+00,72.0896E+00,72.3004E+00,71.7713E+00,72.0538E+00,77.1866E+00,77.2048E+00,76.9908E+00,0.0000E+00,0.0000E+00,0.0000E+00,70.4704E+00,71.0612E+00,70.9509E+00,105.217E+00,105.737E+00,105.530E+00,-104.721E+00,-105.221E+00,-104.257E+00,34.280E+00,34.285E+00,34.283E+00,+99999.9E+99,+99999.9E+99,+99999.9E+99,0.513E+00,13.2582E+00,12.8181E+00,13.2044E+00,13.0936E+00,12.2163E+00,11.8082E+00,12.1491E+00,12.0578E+00,13.2571E+00,12.8181E+00,13.2024E+00,-0.1722E+00,0.0000E+00,0.2305E+00,13.8933E+00,12.9726E+00,12.9480E+00,27.2338E+00,26.7876E+00,28.0443E+00,-26.6343E+00,-26.4643E+00,-26.0576E+00,39.987E+00,42.300E+00,42.439E+00,+99999.9E+99,+99999.9E+99,+99999.9E+99,4.512E+00,0.41309E+03,0.40494E+03,0.42721E+03,1.24525E+03,0.49472E+03,0.45119E+03,0.47617E+03,1.42209E+03,0.59682E+03,0.57679E+03,0.59304E+03,1.76665E+03,0.56031E+03,0.52498E+03,0.52908E+03,1.61341E+03,-0.43076E+03,-0.41074E+03,-0.41132E+03,-1.25281E+03,-0.26306E+03,-0.26839E+03,-0.23062E+03,-0.76206E+03,-0.69215E+00,-0.70207E+00,-0.72038E+00,-0.70487E+00,-0.88294E+00,-0.85944E+00,-0.90000E+00,-0.88142E+00,0.000E+00,119.830E+00,-119.671E+00,58.278E+00,-179.479E+00,-64.052E+00,-46.199E+00,-45.407E+00,-43.914E+00,-45.181E+00,202.113E+00,201.499E+00,201.716E+00,89.680E+00,+99999.9E+99,+99999.9E+99,0.00013E+06,-0.00071E+06,0.00000E+00,14.086E+00,0.757E+03,0.00112E+06,43.812E+00,F0F08
2021/11/30,17:33:35,00000:00:00,500,38003F00,500,1F00,1F00,3F00,99.940E+00,0.000E+00,0.000E+00,111.004E+00,0.000E+00,0.000E+00,0.485E+00,0.000E+00,0.000E+00,99.939E+00,0.000E+00,0.000E+00,0.000E+00,0.000E+00,0.000E+00,100.964E+00,0.000E+00,0.000E+00,98.971E+00,0.000E+00,0.000E+00,20.178E+00,+99999.9E+99,442.216E+00,0.997E+00,+99999.9E+99,+99999.9E+99,11.6709E+00,0.00000E+00,0.00000E+00,11.9897E+00,0.00000E+00,0.00000E+00,4.4373E+00,0.00000E+00,0.00000E+00,10.7945E+00,0.00000E+00,0.00000E+00,4.5749E+00,0.00000E+00,0.00000E+00,18.0157E+00,0.0000E+00,0.0000E+00,4.1029E+00,0.0000E+00,0.0000E+00,8.982E+00,+99999.9E+99,+99999.9E+99,64.444E+00,+99999.9E+99,+99999.9E+99,1.07687E+03,0.00000E+03,0.00000E+03,0.00000E+03,0.00000E+03,0.00000E+03,1.16639E+03,0.00000E+03,0.00000E+03,0.00000E+03,0.00000E+03,0.00000E+03,0.44813E+03,0.00000E+03,0.00000E+03,0.00000E+03,0.00000E+03,0.00000E+03,0.92325E+00,0.00000E+00,0.00000E+00,0.91512E+00,0.70975E+00,0.29759E+00,0.000E+00,153.113E+00,-178.937E+00,156.223E+00,-162.102E+00,108.376E+00,22.594E+00,90.000E+00,90.000E+00,12.6733E+00,0.00000E+00,0.00000E+00,70.697E+00,100.000E+00,100.000E+00,0.31555E+03,0.00000E+03,0.00000E+03,+99999.9E+99,+99999.9E+99,+99999.9E+99,+99999.9E+99,+99999.9E+99,+99999.9E+99,+99999.9E+99,+99999.9E+99,+99999.9E+99,+99999.9E+99,+99999.9E+99,+99999.9E+99,1B00,0,0,0,1B00,76.2530E+00,76.6434E+00,76.4808E+00,76.4591E+00,72.1043E+00,72.8296E+00,72.5338E+00,72.4893E+00,76.2530E+00,76.6434E+00,76.4808E+00,0.0000E+00,0.0000E+00,0.0000E+00,71.9053E+00,71.7448E+00,71.6842E+00,105.846E+00,106.051E+00,105.696E+00,-104.611E+00,-105.070E+00,-104.537E+00,26.129E+00,25.240E+00,25.910E+00,+99999.9E+99,+99999.9E+99,+99999.9E+99,0.184E+00,8.2053E+00,8.1564E+00,8.1072E+00,8.1563E+00,7.2504E+00,7.2184E+00,7.1487E+00,7.2058E+00,8.2046E+00,8.1557E+00,8.1043E+00,-0.1094E+00,-0.1078E+00,0.2183E+00,9.2892E+00,9.4481E+00,9.8055E+00,22.4119E+00,20.8467E+00,20.3938E+00,-18.7595E+00,-19.1529E+00,-20.1200E+00,49.928E+00,47.576E+00,45.867E+00,+99999.9E+99,+99999.9E+99,+99999.9E+99,4.352E+00,0.25523E+03,0.25035E+03,0.25575E+03,0.76132E+03,0.31526E+03,0.33848E+03,0.34221E+03,0.99594E+03,0.36261E+03,0.36102E+03,0.35977E+03,1.08340E+03,0.37317E+03,0.38348E+03,0.40076E+03,1.15681E+03,-0.25758E+03,-0.26012E+03,-0.25304E+03,-0.77074E+03,-0.19967E+03,-0.18024E+03,-0.20858E+03,-0.58849E+03,-0.70386E+00,-0.69345E+00,-0.71086E+00,-0.70271E+00,-0.84481E+00,-0.88265E+00,-0.85389E+00,-0.86094E+00,0.000E+00,120.130E+00,-120.044E+00,62.275E+00,178.137E+00,-58.579E+00,-45.263E+00,-46.096E+00,-44.695E+00,-45.355E+00,201.824E+00,201.826E+00,201.925E+00,95.297E+00,+99999.9E+99,+99999.9E+99,0.00004E+06,-0.00048E+06,0.00000E+00,9.169E+00,0.756E+03,0.00073E+06,43.838E+00,F0F08
2021/11/30,17:33:35,00000:00:00,550,38003F00,700,1C00,1C00,3800,99.940E+00,0.000E+00,0.000E+00,111.004E+00,0.000E+00,0.000E+00,0.485E+00,0.000E+00,0.000E+00,99.939E+00,0.000E+00,0.000E+00,0.000E+00,0.000E+00,0.000E+00,100.964E+00,0.000E+00,0.000E+00,98.971E+00,0.000E+00,0.000E+00,65.948E+00,+99999.9E+99,+99999.9E+99,0.997E+00,+99999.9E+99,+99999.9E+99,11.6709E+00,0.00000E+00,0.00000E+00,11.9897E+00,0.00000E+00,0.00000E+00,4.4373E+00,0.00000E+00,0.00000E+00,10.7945E+00,0.00000E+00,0.00000E+00,3.9067E+00,0.00000E+00,0.00000E+00,18.0157E+00,0.0000E+00,0.0000E+00,4.1029E+00,0.0000E+00,0.0000E+00,44.851E+00,+99999.9E+99,+99999.9E+99,64.444E+00,+99999.9E+99,+99999.9E+99,1.07687E+03,0.00000E+03,0.00000E+03,0.00000E+03,0.00000E+03,0.00000E+03,1.16639E+03,0.00000E+03,0.00000E+03,0.00000E+03,0.00000E+03,0.00000E+03,0.44813E+03,0.00000E+03,0.00000E+03,0.00000E+03,0.00000E+03,0.00000E+03,0.92325E+00,0.00000E+00,0.00000E+00,0.89342E+00,0.42978E+00,0.89457E+00,0.000E+00,-164.733E+00,119.433E+00,153.306E+00,-49.280E+00,145.980E+00,22.594E+00,90.000E+00,90.000E+00,12.6733E+00,0.00000E+00,0.00000E+00,117.477E+00,100.000E+00,100.000E+00,-0.18821E+03,0.00000E+03,0.00000E+03,+99999.9E+99,+99999.9E+99,+99999.9E+99,+99999.9E+99,+99999.9E+99,+99999.9E+99,+99999.9E+99,+99999.9E+99,+99999.9E+99,+99999.9E+99,+99999.9E+99,+99999.9E+99,1B00,0,0,0,1B00,77.0732E+00,77.1457E+00,77.0975E+00,77.1055E+00,72.1388E+00,72.4754E+00,72.2487E+00,72.2876E+00,77.0732E+00,77.1457E+00,77.0975E+00,0.0000E+00,0.0000E+00,0.0000E+00,72.6799E+00,73.0609E+00,72.9433E+00,105.746E+00,106.049E+00,105.749E+00,-104.431E+00,-104.826E+00,-104.753E+00,16.180E+00,16.467E+00,16.837E+00,+99999.9E+99,+99999.9E+99,+99999.9E+99,0.315E+00,13.4987E+00,13.0313E+00,13.2129E+00,13.2476E+00,12.2525E+00,11.7749E+00,11.8267E+00,11.9514E+00,13.4977E+00,13.0264E+00,13.2024E+00,-0.1685E+00,-0.3559E+00,0.5256E+00,6.3769E+00,5.6975E+00,5.5746E+00,27.9367E+00,27.1476E+00,28.6471E+00,-26.6729E+00,-27.3257E+00,-26.7624E+00,50.008E+00,54.646E+00,56.239E+00,+99999.9E+99,+99999.9E+99,+99999.9E+99,7.004E+00,0.43062E+03,0.40853E+03,0.42593E+03,1.26508E+03,0.22662E+03,0.19754E+03,0.21227E+03,0.63642E+03,0.60779E+03,0.58526E+03,0.59335E+03,1.78640E+03,0.25406E+03,0.22967E+03,0.23104E+03,0.71380E+03,-0.42892E+03,-0.41908E+03,-0.41310E+03,-1.26111E+03,-0.11484E+03,-0.11716E+03,-0.09122E+03,-0.32322E+03,-0.70851E+00,-0.69803E+00,-0.71783E+00,-0.70817E+00,-0.89201E+00,-0.86009E+00,-0.91876E+00,-0.89160E+00,0.000E+00,119.931E+00,-119.770E+00,57.049E+00,-179.450E+00,-66.637E+00,-44.886E+00,-45.731E+00,-44.124E+00,-44.914E+00,201.138E+00,201.301E+00,201.586E+00,91.006E+00,+99999.9E+99,+99999.9E+99,0.00011E+06,-0.00074E+06,0.00000E+00,14.537E+00,0.756E+03,0.00115E+06,43.601E+00,F0F08
2021/11/30,17:33:35,00000:00:00,600,38003F00,2800,3B00,3B00,3F00,99.994E+00,0.000E+00,0.000E+00,111.064E+00,0.000E+00,0.000E+00,0.505E+00,0.000E+00,0.000E+00,99.993E+00,0.000E+00,0.000E+00,0.000E+00,0.000E+00,0.000E+00,101.054E+00,0.000E+00,0.000E+00,98.811E+00,0.000E+00,0.000E+00,65.948E+00,+99999.9E+99,+99999.9E+99,1.122E+00,+99999.9E+99,+99999.9E+99,11.4139E+00,0.00000E+00,0.00000E+00,11.5840E+00,0.00000E+00,0.00000E+00,4.6374E+00,0.00000E+00,0.00000E+00,10.4293E+00,0.00000E+00,0.00000E+00,3.9067E+00,0.00000E+00,0.00000E+00,18.3740E+00,0.0000E+00,0.0000E+00,3.3729E+00,0.0000E+00,0.0000E+00,44.851E+00,+99999.9E+99,+99999.9E+99,71.918E+00,+99999.9E+99,+99999.9E+99,1.04076E+03,0.00000E+03,0.00000E+03,0.00000E+03,0.00000E+03,0.00000E+03,1.14132E+03,0.00000E+03,0.00000E+03,0.00000E+03,0.00000E+03,0.00000E+03,0.46844E+03,0.00000E+03,0.00000E+03,0.00000E+03,0.00000E+03,0.00000E+03,0.91189E+00,0.00000E+00,0.00000E+00,0.89342E+00,0.42978E+00,0.89457E+00,0.000E+00,-164.733E+00,119.433E+00,153.306E+00,-49.280E+00,145.980E+00,24.232E+00,90.000E+00,90.000E+00,0.00000E+00,0.00000E+00,0.00000E+00,105.177E+00,100.000E+00,100.000E+00,-0.05388E+03,0.00000E+03,0.00000E+03,+99999.9E+99,+99999.9E+99,+99999.9E+99,+99999.9E+99,+99999.9E+99,+99999.9E+99,+99999.9E+99,+99999.9E+99,+99999.9E+99,+99999.9E+99,+99999.9E+99,+99999.9E+99,1B00,0,0,0,1B00,76.7258E+00,77.0565E+00,76.7950E+00,76.8591E+00,71.9988E+00,72.5958E+00,72.1154E+00,72.2367E+00,76.7258E+00,77.0565E+00,76.7950E+00,0.0000E+00,0.0000E+00,0.0000E+00,70.0674E+00,70.4483E+00,70.3956E+00,105.477E+00,106.067E+00,105.531E+00,-104.633E+00,-104.671E+00,-104.571E+00,37.782E+00,37.706E+00,37.574E+00,+99999.9E+99,+99999.9E+99,+99999.9E+99,0.343E+00,12.0268E+00,11.8740E+00,12.1609E+00,12.0205E+00,10.4831E+00,10.4121E+00,10.6096E+00,10.5016E+00,12.0264E+00,11.8740E+00,12.1609E+00,-0.1071E+00,0.0000E+00,0.0000E+00,15.2059E+00,14.5953E+00,14.6218E+00,27.5638E+00,27.2162E+00,28.7395E+00,-26.3733E+00,-27.2462E+00,-26.8810E+00,39.051E+00,40.556E+00,40.321E+00,+99999.9E+99,+99999.9E+99,+99999.9E+99,2.865E+00,0.35894E+03,0.36167E+03,0.37402E+03,1.09463E+03,0.54220E+03,0.51130E+03,0.53159E+03,1.58508E+03,0.53690E+03,0.53155E+03,0.54527E+03,1.61373E+03,0.61428E+03,0.58769E+03,0.59385E+03,1.79541E+03,-0.39928E+03,-0.38954E+03,-0.39678E+03,-1.18560E+03,-0.28874E+03,-0.28975E+03,-0.26472E+03,-0.84321E+03,-0.66855E+00,-0.68040E+00,-0.68593E+00,-0.67833E+00,-0.88265E+00,-0.87001E+00,-0.89515E+00,-0.88285E+00,0.000E+00,119.870E+00,-119.793E+00,58.218E+00,179.384E+00,-63.476E+00,-48.045E+00,-47.125E+00,-46.691E+00,-47.287E+00,201.886E+00,202.019E+00,201.517E+00,90.539E+00,+99999.9E+99,+99999.9E+99,0.00010E+06,-0.00063E+06,0.00000E+00,12.513E+00,0.756E+03,0.00099E+06,43.803E+00,F0F08
2021/11/30,17:33:35,00000:00:00,650,38003F00,2D00,3F00,3F00,3F00,99.994E+00,0.000E+00,0.000E+00,111.064E+00,0.000E+00,0.000E+00,0.505E+00,0.000E+00,0.000E+00,99.993E+00,0.000E+00,0.000E+00,0.000E+00,0.000E+00,0.000E+00,101.054E+00,0.000E+00,0.000E+00,98.811E+00,0.000E+00,0.000E+00,34.586E+00,+99999.9E+99,+99999.9E+99,1.122E+00,+99999.9E+99,+99999.9E+99,11.4139E+00,0.00000E+00,0.00000E+00,11.5840E+00,0.00000E+00,0.00000E+00,4.6374E+00,0.00000E+00,0.00000E+00,10.4293E+00,0.00000E+00,0.00000E+00,4.4510E+00,0.00000E+00,0.00000E+00,18.3740E+00,0.0000E+00,0.0000E+00,3.3729E+00,0.0000E+00,0.0000E+00,41.709E+00,+99999.9E+99,+99999.9E+99,71.918E+00,+99999.9E+99,+99999.9E+99,1.04076E+03,0.00000E+03,0.00000E+03,0.00000E+03,0.00000E+03,0.00000E+03,1.14132E+03,0.00000E+03,0.00000E+03,0.00000E+03,0.00000E+03,0.00000E+03,0.46844E+03,0.00000E+03,0.00000E+03,0.00000E+03,0.00000E+03,0.00000E+03,0.91189E+00,0.00000E+00,0.00000E+00,0.93308E+00,0.23020E+00,0.26153E+00,0.000E+00,-50.347E+00,154.848E+00,158.920E+00,-153.656E+00,80.008E+00,24.232E+00,90.000E+00,90.000E+00,0.00000E+00,0.00000E+00,0.00000E+00,83.502E+00,100.000E+00,100.000E+00,0.17170E+03,0.00000E+03,0.00000E+03,+99999.9E+99,+99999.9E+99,+99999.9E+99,+99999.9E+99,+99999.9E+99,+99999.9E+99,+99999.9E+99,+99999.9E+99,+99999.9E+99,+99999.9E+99,+99999.9E+99,+99999.9E+99,1B00,0,0,0,1B00,76.5211E+00,76.6295E+00,76.5523E+00,76.5676E+00,72.4033E+00,72.7970E+00,72.5149E+00,72.5717E+00,76.5211E+00,76.6295E+00,76.5523E+00,0.0000E+00,0.0000E+00,0.0000E+00,72.4233E+00,72.1734E+00,72.1842E+00,105.763E+00,106.171E+00,105.773E+00,-104.797E+00,-104.347E+00,-105.170E+00,22.738E+00,21.844E+00,22.253E+00,+99999.9E+99,+99999.9E+99,+99999.9E+99,0.222E+00,9.6381E+00,9.1386E+00,9.2692E+00,9.3486E+00,8.3542E+00,7.9322E+00,7.9591E+00,8.0819E+00,9.6366E+00,9.1349E+00,9.2592E+00,-0.1711E+00,-0.2599E+00,0.4321E+00,7.7776E+00,8.2416E+00,8.4102E+00,26.1690E+00,24.2690E+00,25.2386E+00,-26.4686E+00,-25.5190E+00,-22.4895E+00,52.281E+00,48.005E+00,46.985E+00,+99999.9E+99,+99999.9E+99,+99999.9E+99,4.583E+00,0.29757E+03,0.27860E+03,0.29288E+03,0.86905E+03,0.27647E+03,0.29870E+03,0.29941E+03,0.87458E+03,0.42850E+03,0.40538E+03,0.41124E+03,1.24512E+03,0.31902E+03,0.33125E+03,0.34409E+03,0.99379E+03,-0.30832E+03,-0.29448E+03,-0.28868E+03,-0.89148E+03,-0.15918E+03,-0.14320E+03,-0.16956E+03,-0.47193E+03,-0.69446E+00,-0.68725E+00,-0.71220E+00,-0.69797E+00,-0.86662E+00,-0.90174E+00,-0.87016E+00,-0.88005E+00,0.000E+00,120.098E+00,-120.121E+00,59.818E+00,175.718E+00,-60.492E+00,-46.016E+00,-46.587E+00,-44.586E+00,-45.736E+00,201.571E+00,201.227E+00,201.953E+00,94.186E+00,+99999.9E+99,+99999.9E+99,0.00005E+06,-0.00054E+06,0.00000E+00,10.345E+00,0.756E+03,0.00082E+06,43.774E+00,F0F08
2021/11/30,17:33:35,00000:00:00,700,38003F00,2800,3B00,3B00,3F00,99.797E+00,0.000E+00,0.000E+00,110.845E+00,0.000E+00,0.000E+00,0.501E+00,0.000E+00,0.000E+00,99.796E+00,0.000E+00,0.000E+00,0.000E+00,0.000E+00,0.000E+00,100.900E+00,0.000E+00,0.000E+00,98.793E+00,0.000E+00,0.000E+00,34.586E+00,+99999.9E+99,+99999.9E+99,1.056E+00,+99999.9E+99,+99999.9E+99,12.4509E+00,0.00000E+00,0.00000E+00,12.9247E+00,0.00000E+00,0.00000E+00,4.4297E+00,0.00000E+00,0.00000E+00,11.6363E+00,0.00000E+00,0.00000E+00,4.4510E+00,0.00000E+00,0.00000E+00,18.3729E+00,0.0000E+00,0.0000E+00,4.2493E+00,0.0000E+00,0.0000E+00,41.709E+00,+99999.9E+99,+99999.9E+99,60.688E+00,+99999.9E+99,+99999.9E+99,1.15925E+03,0.00000E+03,0.00000E+03,0.00000E+03,0.00000E+03,0.00000E+03,1.24256E+03,0.00000E+03,0.00000E+03,0.00000E+03,0.00000E+03,0.00000E+03,0.44732E+03,0.00000E+03,0.00000E+03,0.00000E+03,0.00000E+03,0.00000E+03,0.93295E+00,0.00000E+00,0.00000E+00,0.93308E+00,0.23020E+00,0.26153E+00,0.000E+00,-50.347E+00,154.848E+00,158.920E+00,-153.656E+00,80.008E+00,21.100E+00,90.000E+00,90.000E+00,9.28302E+00,0.00000E+00,0.00000E+00,117.687E+00,100.000E+00,100.000E+00,-0.20503E+03,0.00000E+03,0.00000E+03,+99999.9E+99,+99999.9E+99,+99999.9E+99,+99999.9E+99,+99999.9E+99,+99999.9E+99,+99999.9E+99,+99999.9E+99,+99999.9E+99,+99999.9E+99,+99999.9E+99,+99999.9E+99,1B00,0,0,0,1B00,76.9935E+00,77.4408E+00,77.3357E+00,77.2567E+00,71.7048E+00,72.5537E+00,72.3510E+00,72.2032E+00,76.9935E+00,77.4408E+00,77.3357E+00,0.0000E+00,0.0000E+00,0.0000E+00,72.2564E+00,72.7285E+00,72.5963E+00,105.539E+00,105.993E+00,105.640E+00,-104.757E+00,-105.164E+00,-104.521E+00,20.359E+00,20.239E+00,20.614E+00,+99999.9E+99,+99999.9E+99,+99999.9E+99,0.394E+00,14.0262E+00,13.6964E+00,13.8245E+00,13.8490E+00,13.1014E+00,12.9076E+00,12.8596E+00,12.9562E+00,14.0251E+00,13.6944E+00,13.8184E+00,-0.1785E+00,-0.2291E+00,0.4087E+00,8.1106E+00,7.4843E+00,7.3490E+00,27.6471E+00,27.1714E+00,28.5005E+00,-26.7624E+00,-27.0781E+00,-26.4476E+00,46.752E+00,49.251E+00,50.687E+00,+99999.9E+99,+99999.9E+99,+99999.9E+99,7.207E+00,0.45936E+03,0.44700E+03,0.45792E+03,1.36429E+03,0.29727E+03,0.25819E+03,0.27846E+03,0.83392E+03,0.63196E+03,0.61718E+03,0.62526E+03,1.87440E+03,0.33106E+03,0.29808E+03,0.30099E+03,0.92878E+03,-0.43400E+03,-0.42556E+03,-0.42574E+03,-1.28531E+03,-0.14569E+03,-0.14896E+03,-0.11426E+03,-0.40891E+03,-0.72689E+00,-0.72426E+00,-0.73237E+00,-0.72785E+00,-0.89796E+00,-0.86618E+00,-0.92514E+00,-0.89787E+00,0.000E+00,119.895E+00,-119.726E+00,56.326E+00,179.820E+00,-67.577E+00,-43.374E+00,-43.593E+00,-42.915E+00,-43.293E+00,201.612E+00,202.042E+00,200.931E+00,90.376E+00,+99999.9E+99,+99999.9E+99,0.00013E+06,-0.00079E+06,0.00000E+00,15.553E+00,0.757E+03,0.00123E+06,43.675E+00,F0F08
2021/11/30,17:33:35,00000:00:00,750,38003800,0,1800,1800,3800,99.916E+00,0.000E+00,0.000E+00,110.977E+00,0.000E+00,0.000E+00,0.511E+00,0.000E+00,0.000E+00,99.915E+00,0.000E+00,0.000E+00,0.000E+00,0.000E+00,0.000E+00,100.918E+00,0.000E+00,0.000E+00,98.807E+00,0.000E+00,0.000E+00,98.464E+00,381.192E+00,+99999.9E+99,1.056E+00,+99999.9E+99,+99999.9E+99,11.8959E+00,0.00000E+00,0.00000E+00,12.1925E+00,0.00000E+00,0.00000E+00,4.5845E+00,0.00000E+00,0.00000E+00,10.9771E+00,0.00000E+00,0.00000E+00,3.0794E+00,0.00000E+00,0.00000E+00,18.3179E+00,0.0000E+00,0.0000E+00,4.2021E+00,0.0000E+00,0.0000E+00,100.715E+00,+99999.9E+99,+99999.9E+99,64.296E+00,+99999.9E+99,+99999.9E+99,1.09468E+03,0.00000E+03,0.00000E+03,0.00000E+03,0.00000E+03,0.00000E+03,1.18859E+03,0.00000E+03,0.00000E+03,0.00000E+03,0.00000E+03,0.00000E+03,0.46308E+03,0.00000E+03,0.00000E+03,0.00000E+03,0.00000E+03,0.00000E+03,0.92098E+00,0.00000E+00,0.00000E+00,0.82417E+00,0.54732E+00,0.60852E+00,0.000E+00,-151.992E+00,141.147E+00,145.505E+00,84.824E+00,13.665E+00,22.930E+00,90.000E+00,90.000E+00,12.6383E+00,0.00000E+00,0.00000E+00,80.824E+00,100.000E+00,100.000E+00,0.20991E+03,0.00000E+03,0.00000E+03,+99999.9E+99,+99999.9E+99,+99999.9E+99,+99999.9E+99,+99999.9E+99,+99999.9E+99,+99999.9E+99,+99999.9E+99,+99999.9E+99,+99999.9E+99,+99999.9E+99,+99999.9E+99,1B00,0,0,0,1B00,76.6970E+00,76.6564E+00,76.3822E+00,76.5785E+00,72.5764E+00,72.6859E+00,72.0501E+00,72.4375E+00,76.6970E+00,76.6564E+00,76.3822E+00,0.0000E+00,0.0000E+00,0.0000E+00,70.2341E+00,70.2645E+00,70.1583E+00,105.843E+00,106.050E+00,105.619E+00,-104.550E+00,-104.924E+00,-104.503E+00,38.280E+00,37.981E+00,38.159E+00,+99999.9E+99,+99999.9E+99,+99999.9E+99,0.085E+00,9.8056E+00,9.3920E+00,10.0060E+00,9.7345E+00,8.4998E+00,8.1485E+00,8.5605E+00,8.4029E+00,9.8049E+00,9.3920E+00,10.0060E+00,-0.1138E+00,0.0000E+00,0.0000E+00,14.7726E+00,14.6582E+00,14.9932E+00,26.3952E+00,24.8519E+00,27.2705E+00,-25.6548E+00,-23.4590E+00,-26.7124E+00,40.718E+00,40.757E+00,39.395E+00,+99999.9E+99,+99999.9E+99,+99999.9E+99,1.426E+00,0.28938E+03,0.28777E+03,0.30761E+03,0.88476E+03,0.51845E+03,0.52040E+03,0.53236E+03,1.57121E+03,0.43615E+03,0.41801E+03,0.44403E+03,1.29819E+03,0.59713E+03,0.59177E+03,0.60594E+03,1.79474E+03,-0.32632E+03,-0.30318E+03,-0.32022E+03,-0.94973E+03,-0.29626E+03,-0.28173E+03,-0.28941E+03,-0.86740E+03,-0.66348E+00,-0.68843E+00,-0.69277E+00,-0.68153E+00,-0.86824E+00,-0.87940E+00,-0.87856E+00,-0.87545E+00,0.000E+00,120.074E+00,-119.943E+00,59.758E+00,178.460E+00,-61.382E+00,-48.434E+00,-46.494E+00,-46.150E+00,-47.036E+00,201.851E+00,201.621E+00,202.480E+00,91.977E+00,+99999.9E+99,+99999.9E+99,0.00007E+06,-0.00053E+06,0.00000E+00,10.278E+00,0.756E+03,0.00081E+06,43.817E+00,F0F0F
2021/11/30,17:33:36,00000:00:00,800,38003F00,700,1F00,1F00,3F00,99.916E+00,0.000E+00,0.000E+00,110.977E+00,0.000E+00,0.000E+00,0.511E+00,0.000E+00,0.000E+00,99.915E+00,0.000E+00,0.000E+00,0.000E+00,0.000E+00,0.000E+00,100.918E+00,0.000E+00,0.000E+00,98.807E+00,0.000E+00,0.000E+00,98.464E+00,381.192E+00,+99999.9E+99,1.056E+00,+99999.9E+99,+99999.9E+99,11.8959E+00,0.00000E+00,0.00000E+00,12.1925E+00,0.00000E+00,0.00000E+00,4.5845E+00,0.00000E+00,0.00000E+00,10.9771E+00,0.00000E+00,0.00000E+00,3.0794E+00,0.00000E+00,0.00000E+00,18.3179E+00,0.0000E+00,0.0000E+00,4.2021E+00,0.0000E+00,0.0000E+00,100.715E+00,+99999.9E+99,+99999.9E+99,64.296E+00,+99999.9E+99,+99999.9E+99,1.09468E+03,0.00000E+03,0.00000E+03,0.00000E+03,0.00000E+03,0.00000E+03,1.18859E+03,0.00000E+03,0.00000E+03,0.00000E+03,0.00000E+03,0.00000E+03,0.46308E+03,0.00000E+03,0.00000E+03,0.00000E+03,0.00000E+03,0.00000E+03,0.92098E+00,0.00000E+00,0.00000E+00,0.82417E+00,0.54732E+00,0.60852E+00,0.000E+00,-151.992E+00,141.147E+00,145.505E+00,84.824E+00,13.665E+00,22.930E+00,90.000E+00,90.000E+00,12.6383E+00,0.00000E+00,0.00000E+00,96.704E+00,100.000E+00,100.000E+00,0.03608E+03,0.00000E+03,0.00000E+03,+99999.9E+99,+99999.9E+99,+99999.9E+99,+99999.9E+99,+99999.9E+99,+99999.9E+99,+99999.9E+99,+99999.9E+99,+99999.9E+99,+99999.9E+99,+99999.9E+99,+99999.9E+99,1B00,0,0,0,1B00,76.5100E+00,77.0241E+00,77.0136E+00,76.8492E+00,71.8560E+00,72.8163E+00,72.7917E+00,72.4880E+00,76.5100E+00,77.0241E+00,77.0136E+00,0.0000E+00,0.0000E+00,0.0000E+00,73.0262E+00,73.0228E+00,72.9154E+00,105.643E+00,105.990E+00,105.770E+00,-104.469E+00,-105.149E+00,-104.571E+00,15.506E+00,15.406E+00,15.397E+00,+99999.9E+99,+99999.9E+99,+99999.9E+99,0.101E+00,11.7444E+00,11.5071E+00,11.3012E+00,11.5175E+00,10.1365E+00,10.0057E+00,9.7024E+00,9.9482E+00,11.7431E+00,11.5015E+00,11.2887E+00,-0.1702E+00,-0.3592E+00,0.5305E+00,5.2939E+00,5.1966E+00,5.5994E+00,27.6033E+00,27.2529E+00,28.5719E+00,-26.6000E+00,-26.8067E+00,-26.2309E+00,57.729E+00,57.232E+00,52.957E+00,+99999.9E+99,+99999.9E+99,+99999.9E+99,3.451E+00,0.36387E+03,0.34536E+03,0.34937E+03,1.05859E+03,0.18869E+03,0.19438E+03,0.20196E+03,0.58503E+03,0.52411E+03,0.51303E+03,0.50649E+03,1.54363E+03,0.21775E+03,0.21703E+03,0.22852E+03,0.66310E+03,-0.37721E+03,-0.37938E+03,-0.36671E+03,-1.12330E+03,-0.10868E+03,-0.09654E+03,-0.10693E+03,-0.31215E+03,-0.69426E+00,-0.67317E+00,-0.68979E+00,-0.68578E+00,-0.86655E+00,-0.89561E+00,-0.88377E+00,-0.88227E+00,0.000E+00,120.095E+00,-119.959E+00,59.935E+00,176.462E+00,-62.009E+00,-46.032E+00,-47.688E+00,-46.387E+00,-46.703E+00,201.909E+00,201.874E+00,201.313E+00,92.920E+00,+99999.9E+99,+99999.9E+99,0.00007E+06,-0.00064E+06,0.00000E+00,12.420E+00,0.756E+03,0.00098E+06,43.813E+00,F0F0F
2021/11/30,17:33:36,00000:00:00,850,38003F00,500,1F00,1F00,3F00,99.916E+00,0.000E+00,0.000E+00,110.977E+00,0.000E+00,0.000E+00,0.511E+00,0.000E+00,0.000E+00,99.915E+00,0.000E+00,0.000E+00,0.000E+00,0.000E+00,0.000E+00,100.918E+00,0.000E+00,0.000E+00,98.807E+00,0.000E+00,0.000E+00,18.235E+00,+99999.9E+99,388.889E+00,1.056E+00,+99999.9E+99,+99999.9E+99,11.8959E+00,0.00000E+00,0.00000E+00,12.1925E+00,0.00000E+00,0.00000E+00,4.5845E+00,0.00000E+00,0.00000E+00,10.9771E+00,0.00000E+00,0.00000E+00,4.6896E+00,0.00000E+00,0.00000E+00,18.3179E+00,0.0000E+00,0.0000E+00,4.2021E+00,0.0000E+00,0.0000E+00,9.143E+00,+99999.9E+99,+99999.9E+99,64.296E+00,+99999.9E+99,+99999.9E+99,1.09468E+03,0.00000E+03,0.00000E+03,0.00000E+03,0.00000E+03,0.00000E+03,1.18859E+03,0.00000E+03,0.00000E+03,0.00000E+03,0.00000E+03,0.00000E+03,0.46308E+03,0.00000E+03,0.00000E+03,0.00000E+03,0.00000E+03,0.00000E+03,0.92098E+00,0.00000E+00,0.00000E+00,0.91869E+00,0.46095E+00,0.35081E+00,0.000E+00,153.917E+00,138.449E+00,156.736E+00,-143.532E+00,27.912E+00,22.930E+00,90.000E+00,90.000E+00,12.6383E+00,0.00000E+00,0.00000E+00,116.376E+00,100.000E+00,100.000E+00,-0.17926E+03,0.00000E+03,0.00000E+03,+99999.9E+99,+99999.9E+99,+99999.9E+99,+99999.9E+99,+99999.9E+99,+99999.9E+99,+99999.9E+99,+99999.9E+99,+99999.9E+99,+99999.9E+99,+99999.9E+99,+99999.9E+99,1B00,0,0,0,1B00,77.1920E+00,77.2343E+00,76.9925E+00,77.1396E+00,72.1492E+00,72.4030E+00,71.8306E+00,72.1276E+00,77.1920E+00,77.2343E+00,76.9925E+00,0.0000E+00,0.0000E+00,0.0000E+00,71.0261E+00,71.6924E+00,71.4753E+00,105.446E+00,105.590E+00,105.523E+00,-104.587E+00,-104.789E+00,-104.359E+00,30.264E+00,30.556E+00,30.499E+00,+99999.9E+99,+99999.9E+99,+99999.9E+99,0.543E+00,13.4341E+00,12.9833E+00,13.3786E+00,13.2653E+00,12.4067E+00,11.9723E+00,12.3313E+00,12.2368E+00,13.4329E+00,12.9833E+00,13.3769E+00,-0.1846E+00,0.0000E+00,0.2124E+00,12.4472E+00,11.3164E+00,11.4811E+00,27.3186E+00,26.8624E+00,28.2171E+00,-26.5486E+00,-26.1443E+00,-26.2400E+00,40.893E+00,44.199E+00,44.076E+00,+99999.9E+99,+99999.9E+99,+99999.9E+99,5.874E+00,0.42267E+03,0.41396E+03,0.43731E+03,1.27394E+03,0.44695E+03,0.39794E+03,0.42541E+03,1.27030E+03,0.60499E+03,0.58471E+03,0.60133E+03,1.79103E+03,0.50130E+03,0.46083E+03,0.46526E+03,1.42595E+03,-0.43286E+03,-0.41294E+03,-0.41275E+03,-1.25855E+03,-0.22701E+03,-0.23240E+03,-0.18840E+03,-0.64782E+03,-0.69863E+00,-0.70799E+00,-0.72723E+00,-0.71129E+00,-0.89159E+00,-0.86352E+00,-0.91435E+00,-0.89085E+00,0.000E+00,119.898E+00,-119.593E+00,57.233E+00,-179.918E+00,-65.910E+00,-45.683E+00,-44.929E+00,-43.345E+00,-44.660E+00,201.288E+00,201.695E+00,201.831E+00,89.701E+00,+99999.9E+99,+99999.9E+99,0.00013E+06,-0.00073E+06,0.00000E+00,14.412E+00,0.757E+03,0.00114E+06,43.574E+00,F0F08
2021/11/30,17:33:36,00000:00:00,900,38003F00,500,1F00,1F00,3F00,99.916E+00,0.000E+00,0.000E+00,110.977E+00,0.000E+00,0.000E+00,0.511E+00,0.000E+00,0.000E+00,99.915E+00,0.000E+00,0.000E+00,0.000E+00,0.000E+00,0.000E+00,100.918E+00,0.000E+00,0.000E+00,98.807E+00,0.000E+00,0.000E+00,18.235E+00,+99999.9E+99,388.889E+00,1.056E+00,+99999.9E+99,+99999.9E+99,11.8959E+00,0.00000E+00,0.00000E+00,12.1925E+00,0.00000E+00,0.00000E+00,4.5845E+00,0.00000E+00,0.00000E+00,10.9771E+00,0.00000E+00,0.00000E+00,4.6896E+00,0.00000E+00,0.00000E+00,18.3179E+00,0.0000E+00,0.0000E+00,4.2021E+00,0.0000E+00,0.0000E+00,9.143E+00,+99999.9E+99,+99999.9E+99,64.296E+00,+99999.9E+99,+99999.9E+99,1.09468E+03,0.00000E+03,0.00000E+03,0.00000E+03,0.00000E+03,0.00000E+03,1.18859E+03,0.00000E+03,0.00000E+03,0.00000E+03,0.00000E+03,0.00000E+03,0.46308E+03,0.00000E+03,0.00000E+03,0.00000E+03,0.00000E+03,0.00000E+03,0.92098E+00,0.00000E+00,0.00000E+00,0.91869E+00,0.46095E+00,0.35081E+00,0.000E+00,153.917E+00,138.449E+00,156.736E+00,-143.532E+00,27.912E+00,22.930E+00,90.000E+00,90.000E+00,12.6383E+00,0.00000E+00,0.00000E+00,71.571E+00,100.000E+00,100.000E+00,0.31120E+03,0.00000E+03,0.00000E+03,+99999.9E+99,+99999.9E+99,+99999.9E+99,+99999.9E+99,+99999.9E+99,+99999.9E+99,+99999.9E+99,+99999.9E+99,+99999.9E+99,+99999.9E+99,+99999.9E+99,+99999.9E+99,1B00,0,0,0,1B00,76.2485E+00,76.6576E+00,76.5046E+00,76.4702E+00,72.1470E+00,72.9053E+00,72.6319E+00,72.5614E+00,76.2485E+00,76.6576E+00,76.5046E+00,0.0000E+00,0.0000E+00,0.0000E+00,71.2695E+00,71.1620E+00,70.9969E+00,105.774E+00,106.057E+00,105.650E+00,-104.490E+00,-105.011E+00,-104.630E+00,31.658E+00,30.958E+00,31.571E+00,+99999.9E+99,+99999.9E+99,+99999.9E+99,0.230E+00,8.2912E+00,8.2413E+00,8.1960E+00,8.2428E+00,7.3907E+00,7.3599E+00,7.3006E+00,7.3504E+00,8.2903E+00,8.2405E+00,8.1926E+00,-0.1178E+00,-0.1168E+00,0.2357E+00,11.6606E+00,11.6359E+00,12.2387E+00,22.3262E+00,20.8252E+00,20.3743E+00,-18.7338E+00,-18.9786E+00,-20.0176E+00,45.235E+00,44.235E+00,42.205E+00,+99999.9E+99,+99999.9E+99,+99999.9E+99,3.375E+00,0.26254E+03,0.25743E+03,0.26351E+03,0.78348E+03,0.40020E+03,0.42039E+03,0.42777E+03,1.24837E+03,0.36664E+03,0.36496E+03,0.36400E+03,1.09559E+03,0.46810E+03,0.47493E+03,0.49368E+03,1.43627E+03,-0.25592E+03,-0.25869E+03,-0.25112E+03,-0.76573E+03,-0.24281E+03,-0.22098E+03,-0.24644E+03,-0.71023E+03,-0.71607E+00,-0.70538E+00,-0.72392E+00,-0.71512E+00,-0.85495E+00,-0.88516E+00,-0.86649E+00,-0.86918E+00,0.000E+00,120.207E+00,-119.979E+00,61.190E+00,177.859E+00,-59.901E+00,-44.269E+00,-45.140E+00,-43.621E+00,-44.347E+00,202.280E+00,201.639E+00,201.892E+00,95.100E+00,+99999.9E+99,+99999.9E+99,0.00004E+06,-0.00049E+06,0.00000E+00,9.414E+00,0.756E+03,0.00075E+06,43.957E+00,F0F08
2021/11/30,17:33:36,00000:00:00,950,38003F00,700,1C00,1C00,3800,99.916E+00,0.000E+00,0.000E+00,110.977E+00,0.000E+00,0.000E+00,0.511E+00,0.000E+00,0.000E+00,99.915E+00,0.000E+00,0.000E+00,0.000E+00,0.000E+00,0.000E+00,100.918E+00,0.000E+00,0.000E+00,98.807E+00,0.000E+00,0.000E+00,66.603E+00,+99999.9E+99,449.929E+00,1.056E+00,+99999.9E+99,+99999.9E+99,11.8959E+00,0.00000E+00,0.00000E+00,12.1925E+00,0.00000E+00,0.00000E+00,4.5845E+00,0.00000E+00,0.00000E+00,10.9771E+00,0.00000E+00,0.00000E+00,3.9230E+00,0.00000E+00,0.00000E+00,18.3179E+00,0.0000E+00,0.0000E+00,4.2021E+00,0.0000E+00,0.0000E+00,48.035E+00,+99999.9E+99,+99999.9E+99,64.296E+00,+99999.9E+99,+99999.9E+99,1.09468E+03,0.00000E+03,0.00000E+03,0.00000E+03,0.00000E+03,0.00000E+03,1.18859E+03,0.00000E+03,0.00000E+03,0.00000E+03,0.00000E+03,0.00000E+03,0.46308E+03,0.00000E+03,0.00000E+03,0.00000E+03,0.00000E+03,0.00000E+03,0.92098E+00,0.00000E+00,0.00000E+00,0.88195E+00,0.86480E+00,0.46505E+00,0.000E+00,84.373E+00,136.605E+00,151.879E+00,54.232E+00,74.319E+00,22.930E+00,90.000E+00,90.000E+00,12.6383E+00,0.00000E+00,0.00000E+00,113.812E+00,100.000E+00,100.000E+00,-0.15119E+03,0.00000E+03,0.00000E+03,+99999.9E+99,+99999.9E+99,+99999.9E+99,+99999.9E+99,+99999.9E+99,+99999.9E+99,+99999.9E+99,+99999.9E+99,+99999.9E+99,+99999.9E+99,+99999.9E+99,+99999.9E+99,1B00,0,0,0,1B00,77.0599E+00,77.1943E+00,77.0918E+00,77.1153E+00,72.0821E+00,72.4986E+00,72.1929E+00,72.2578E+00,77.0599E+00,77.1943E+00,77.0918E+00,0.0000E+00,0.0000E+00,0.0000E+00,72.9993E+00,73.2483E+00,73.1125E+00,105.853E+00,106.244E+00,105.869E+00,-104.344E+00,-104.727E+00,-104.481E+00,14.231E+00,14.456E+00,14.517E+00,+99999.9E+99,+99999.9E+99,+99999.9E+99,0.198E+00,13.3633E+00,12.9189E+00,13.1117E+00,13.1313E+00,12.1220E+00,11.6647E+00,11.7199E+00,11.8356E+00,13.3623E+00,12.9144E+00,13.1018E+00,-0.1684E+00,-0.3416E+00,0.5113E+00,5.2807E+00,4.7950E+00,4.9635E+00,27.7038E+00,27.1419E+00,28.6262E+00,-26.4767E+00,-27.2205E+00,-26.7690E+00,54.191E+00,58.416E+00,56.152E+00,+99999.9E+99,+99999.9E+99,+99999.9E+99,4.454E+00,0.42353E+03,0.40254E+03,0.41980E+03,1.24587E+03,0.19094E+03,0.17578E+03,0.18822E+03,0.55495E+03,0.60127E+03,0.58032E+03,0.58904E+03,1.77063E+03,0.21566E+03,0.20030E+03,0.20649E+03,0.62212E+03,-0.42679E+03,-0.41801E+03,-0.41320E+03,-1.25800E+03,-0.10026E+03,-0.09603E+03,-0.08490E+03,-0.28119E+03,-0.70439E+00,-0.69365E+00,-0.71269E+00,-0.70363E+00,-0.88537E+00,-0.87759E+00,-0.91155E+00,-0.89202E+00,0.000E+00,120.011E+00,-119.826E+00,57.815E+00,178.596E+00,-65.597E+00,-45.220E+00,-46.081E+00,-44.546E+00,-45.281E+00,201.138E+00,201.853E+00,201.590E+00,91.156E+00,+99999.9E+99,+99999.9E+99,0.00011E+06,-0.00073E+06,0.00000E+00,14.331E+00,0.757E+03,0.00114E+06,43.563E+00,F0F08
2021/11/30,17:33:36,00000:00:01,0,38003F00,2800,3B00,3B00,3F00,99.986E+00,0.000E+00,0.000E+00,111.055E+00,0.000E+00,0.000E+00,0.495E+00,0.000E+00,0.000E+00,99.984E+00,0.000E+00,0.000E+00,0.000E+00,0.000E+00,0.000E+00,100.954E+00,0.000E+00,0.000E+00,98.807E+00,0.000E+00,0.000E+00,66.603E+00,+99999.9E+99,449.929E+00,1.073E+00,+99999.9E+99,+99999.9E+99,11.5027E+00,0.00000E+00,0.00000E+00,11.7249E+00,0.00000E+00,0.00000E+00,4.5693E+00,0.00000E+00,0.00000E+00,10.5562E+00,0.00000E+00,0.00000E+00,3.9230E+00,0.00000E+00,0.00000E+00,18.3283E+00,0.0000E+00,0.0000E+00,4.1386E+00,0.0000E+00,0.0000E+00,48.035E+00,+99999.9E+99,+99999.9E+99,67.211E+00,+99999.9E+99,+99999.9E+99,1.05343E+03,0.00000E+03,0.00000E+03,0.00000E+03,0.00000E+03,0.00000E+03,1.15010E+03,0.00000E+03,0.00000E+03,0.00000E+03,0.00000E+03,0.00000E+03,0.46154E+03,0.00000E+03,0.00000E+03,0.00000E+03,0.00000E+03,0.00000E+03,0.91594E+00,0.00000E+00,0.00000E+00,0.88195E+00,0.86480E+00,0.46505E+00,0.000E+00,84.373E+00,136.605E+00,151.879E+00,54.232E+00,74.319E+00,23.660E+00,90.000E+00,90.000E+00,0.00000E+00,0.00000E+00,0.00000E+00,104.368E+00,100.000E+00,100.000E+00,-0.04601E+03,0.00000E+03,0.00000E+03,+99999.9E+99,+99999.9E+99,+99999.9E+99,+99999.9E+99,+99999.9E+99,+99999.9E+99,+99999.9E+99,+99999.9E+99,+99999.9E+99,+99999.9E+99,+99999.9E+99,+99999.9E+99,1B00,0,0,0,1B00,76.7358E+00,77.0748E+00,76.8192E+00,76.8766E+00,72.0276E+00,72.6475E+00,72.1770E+00,72.2840E+00,76.7358E+00,77.0748E+00,76.8192E+00,0.0000E+00,0.0000E+00,0.0000E+00,70.1064E+00,70.4739E+00,70.4138E+00,105.271E+00,105.846E+00,105.610E+00,-104.251E+00,-104.711E+00,-104.694E+00,37.685E+00,37.733E+00,37.600E+00,+99999.9E+99,+99999.9E+99,+99999.9E+99,0.329E+00,11.9942E+00,11.8398E+00,12.1284E+00,11.9875E+00,10.5063E+00,10.4419E+00,10.6443E+00,10.5308E+00,11.9937E+00,11.8398E+00,12.1284E+00,-0.1127E+00,0.0000E+00,0.0000E+00,15.1476E+00,14.5458E+00,14.5749E+00,27.7981E+00,27.0038E+00,28.5967E+00,-26.3490E+00,-27.2624E+00,-26.7076E+00,39.133E+00,40.608E+00,40.435E+00,+99999.9E+99,+99999.9E+99,+99999.9E+99,2.825E+00,0.36026E+03,0.36352E+03,0.37567E+03,1.09944E+03,0.53981E+03,0.50955E+03,0.52954E+03,1.57890E+03,0.53572E+03,0.53025E+03,0.54407E+03,1.61005E+03,0.61214E+03,0.58599E+03,0.59207E+03,1.78979E+03,-0.39650E+03,-0.38604E+03,-0.39356E+03,-1.17610E+03,-0.28866E+03,-0.28938E+03,-0.26483E+03,-0.84287E+03,-0.67247E+00,-0.68555E+00,-0.69047E+00,-0.68286E+00,-0.88184E+00,-0.86956E+00,-0.89438E+00,-0.88217E+00,0.000E+00,119.882E+00,-119.797E+00,58.310E+00,179.446E+00,-63.372E+00,-47.742E+00,-46.721E+00,-46.332E+00,-46.932E+00,202.094E+00,201.519E+00,201.742E+00,90.277E+00,+99999.9E+99,+99999.9E+99,0.00011E+06,-0.00063E+06,0.00000E+00,12.527E+00,0.757E+03,0.00099E+06,43.841E+00,F0F08
2021/11/30,17:33:36,00000:00:01,50,38003F00,2D00,3F00,3F00,3F00,99.986E+00,0.000E+00,0.000E+00,111.055E+00,0.000E+00,0.000E+00,0.495E+00,0.000E+00,0.000E+00,99.984E+00,0.000E+00,0.000E+00,0.000E+00,0.000E+00,0.000E+00,100.954E+00,0.000E+00,0.000E+00,98.807E+00,0.000E+00,0.000E+00,38.751E+00,409.362E+00,+99999.9E+99,1.073E+00,+99999.9E+99,+99999.9E+99,11.5027E+00,0.00000E+00,0.00000E+00,11.7249E+00,0.00000E+00,0.00000E+00,4.5693E+00,0.00000E+00,0.00000E+00,10.5562E+00,0.00000E+00,0.00000E+00,4.2238E+00,0.00000E+00,0.00000E+00,18.3283E+00,0.0000E+00,0.0000E+00,4.1386E+00,0.0000E+00,0.0000E+00,43.553E+00,+99999.9E+99,+99999.9E+99,67.211E+00,+99999.9E+99,+99999.9E+99,1.05343E+03,0.00000E+03,0.00000E+03,0.00000E+03,0.00000E+03,0.00000E+03,1.15010E+03,0.00000E+03,0.00000E+03,0.00000E+03,0.00000E+03,0.00000E+03,0.46154E+03,0.00000E+03,0.00000E+03,0.00000E+03,0.00000E+03,0.00000E+03,0.91594E+00,0.00000E+00,0.00000E+00,0.93548E+00,0.44776E+00,0.50896E+00,0.000E+00,-33.740E+00,175.634E+00,159.306E+00,-97.140E+00,116.228E+00,23.660E+00,90.000E+00,90.000E+00,0.00000E+00,0.00000E+00,0.00000E+00,82.148E+00,100.000E+00,100.000E+00,0.18806E+03,0.00000E+03,0.00000E+03,+99999.9E+99,+99999.9E+99,+99999.9E+99,+99999.9E+99,+99999.9E+99,+99999.9E+99,+99999.9E+99,+99999.9E+99,+99999.9E+99,+99999.9E+99,+99999.9E+99,+99999.9E+99,1B00,0,0,0,1B00,76.5419E+00,76.6301E+00,76.5618E+00,76.5779E+00,72.4320E+00,72.7845E+00,72.5183E+00,72.5782E+00,76.5419E+00,76.6301E+00,76.5618E+00,0.0000E+00,0.0000E+00,0.0000E+00,72.4648E+00,72.2167E+00,72.2037E+00,105.903E+00,106.090E+00,105.644E+00,-104.226E+00,-104.704E+00,-105.266E+00,22.610E+00,21.702E+00,22.248E+00,+99999.9E+99,+99999.9E+99,+99999.9E+99,0.230E+00,9.6240E+00,9.1224E+00,9.2502E+00,9.3322E+00,8.3365E+00,7.9121E+00,7.9426E+00,8.0637E+00,9.6229E+00,9.1188E+00,9.2414E+00,-0.1453E+00,-0.2573E+00,0.4035E+00,7.7270E+00,8.1940E+00,8.3841E+00,26.0971E+00,24.2119E+00,25.1871E+00,-26.5500E+00,-25.6090E+00,-22.5329E+00,52.489E+00,48.029E+00,47.067E+00,+99999.9E+99,+99999.9E+99,+99999.9E+99,4.761E+00,0.29641E+03,0.27737E+03,0.29158E+03,0.86537E+03,0.27428E+03,0.29725E+03,0.29822E+03,0.86976E+03,0.42800E+03,0.40476E+03,0.41044E+03,1.24320E+03,0.31727E+03,0.32977E+03,0.34323E+03,0.98966E+03,-0.30875E+03,-0.29477E+03,-0.28887E+03,-0.89239E+03,-0.15946E+03,-0.14279E+03,-0.16992E+03,-0.47217E+03,-0.69254E+00,-0.68529E+00,-0.71041E+00,-0.69608E+00,-0.86451E+00,-0.90140E+00,-0.86886E+00,-0.87885E+00,0.000E+00,120.119E+00,-120.109E+00,60.061E+00,175.773E+00,-60.319E+00,-46.169E+00,-46.742E+00,-44.732E+00,-45.887E+00,201.674E+00,201.963E+00,202.045E+00,94.513E+00,+99999.9E+99,+99999.9E+99,0.00005E+06,-0.00054E+06,0.00000E+00,10.329E+00,0.756E+03,0.00082E+06,43.758E+00,F0F08
2021/11/30,17:33:36,00000:00:01,100,38003F00,2800,3B00,3B00,3F00,99.801E+00,0.000E+00,0.000E+00,110.850E+00,0.000E+00,0.000E+00,0.501E+00,0.000E+00,0.000E+00,99.800E+00,0.000E+00,0.000E+00,0.000E+00,0.000E+00,0.000E+00,100.904E+00,0.000E+00,0.000E+00,98.821E+00,0.000E+00,0.000E+00,38.751E+00,409.362E+00,+99999.9E+99,1.043E+00,+99999.9E+99,+99999.9E+99,12.3950E+00,0.00000E+00,0.00000E+00,12.8650E+00,0.00000E+00,0.00000E+00,4.4137E+00,0.00000E+00,0.00000E+00,11.5826E+00,0.00000E+00,0.00000E+00,4.2238E+00,0.00000E+00,0.00000E+00,18.2900E+00,0.0000E+00,0.0000E+00,4.2505E+00,0.0000E+00,0.0000E+00,43.553E+00,+99999.9E+99,+99999.9E+99,60.606E+00,+99999.9E+99,+99999.9E+99,1.15395E+03,0.00000E+03,0.00000E+03,0.00000E+03,0.00000E+03,0.00000E+03,1.23704E+03,0.00000E+03,0.00000E+03,0.00000E+03,0.00000E+03,0.00000E+03,-0.44571E+03,0.00000E+03,0.00000E+03,0.00000E+03,0.00000E+03,0.00000E+03,-0.93283E+00,0.00000E+00,0.00000E+00,0.93548E+00,0.44776E+00,0.50896E+00,0.000E+00,-33.740E+00,175.634E+00,159.306E+00,-97.140E+00,116.228E+00,-21.119E+00,90.000E+00,90.000E+00,9.30743E+00,0.00000E+00,0.00000E+00,106.983E+00,100.000E+00,100.000E+00,-0.08058E+03,0.00000E+03,0.00000E+03,+99999.9E+99,+99999.9E+99,+99999.9E+99,+99999.9E+99,+99999.9E+99,+99999.9E+99,+99999.9E+99,+99999.9E+99,+99999.9E+99,+99999.9E+99,+99999.9E+99,+99999.9E+99,1B00,0,0,0,1B00,76.9522E+00,77.2281E+00,77.0949E+00,77.0917E+00,72.0125E+00,72.6043E+00,72.3048E+00,72.3072E+00,76.9522E+00,77.2281E+00,77.0949E+00,0.0000E+00,0.0000E+00,0.0000E+00,72.2922E+00,72.7691E+00,72.6351E+00,105.741E+00,106.026E+00,105.743E+00,-104.393E+00,-105.271E+00,-104.246E+00,20.366E+00,20.277E+00,20.619E+00,+99999.9E+99,+99999.9E+99,+99999.9E+99,0.398E+00,13.0379E+00,12.6987E+00,12.8548E+00,12.8638E+00,11.8750E+00,11.5942E+00,11.6254E+00,11.6982E+00,13.0371E+00,12.6965E+00,12.8490E+00,-0.1497E+00,-0.2341E+00,0.3849E+00,8.1218E+00,7.4891E+00,7.3555E+00,27.6438E+00,27.1286E+00,28.5824E+00,-26.4724E+00,-27.1905E+00,-26.7400E+00,46.665E+00,49.210E+00,50.636E+00,+99999.9E+99,+99999.9E+99,+99999.9E+99,7.249E+00,0.41605E+03,0.40250E+03,0.41598E+03,1.23453E+03,0.29729E+03,0.25798E+03,0.27849E+03,0.83377E+03,0.58566E+03,0.57040E+03,0.57828E+03,1.73435E+03,0.33114E+03,0.29793E+03,0.30099E+03,0.92870E+03,-0.41219E+03,-0.40417E+03,-0.40171E+03,-1.21807E+03,-0.14585E+03,-0.14901E+03,-0.11416E+03,-0.40902E+03,-0.71040E+00,-0.70564E+00,-0.71933E+00,-0.71181E+00,-0.89778E+00,-0.86593E+00,-0.92528E+00,-0.89779E+00,0.000E+00,119.895E+00,-119.723E+00,56.352E+00,179.848E+00,-67.594E+00,-44.733E+00,-45.118E+00,-44.000E+00,-44.617E+00,201.726E+00,201.397E+00,201.076E+00,90.860E+00,+99999.9E+99,+99999.9E+99,0.00011E+06,-0.00072E+06,0.00000E+00,14.149E+00,0.757E+03,0.00112E+06,43.709E+00,F0F08
2021/11/30,17:33:36,00000:00:01,150,38003F00,0,1B00,1B00,3F00,99.948E+00,0.000E+00,0.000E+00,111.013E+00,0.000E+00,0.000E+00,0.485E+00,0.000E+00,0.000E+00,99.947E+00,0.000E+00,0.000E+00,0.000E+00,0.000E+00,0.000E+00,100.904E+00,0.000E+00,0.000E+00,98.875E+00,0.000E+00,0.000E+00,100.237E+00,+99999.9E+99,+99999.9E+99,1.015E+00,+99999.9E+99,+99999.9E+99,11.5768E+00,0.00000E+00,0.00000E+00,11.8757E+00,0.00000E+00,0.00000E+00,4.4391E+00,0.00000E+00,0.00000E+00,10.6919E+00,0.00000E+00,0.00000E+00,3.0454E+00,0.00000E+00,0.00000E+00,18.0938E+00,0.0000E+00,0.0000E+00,4.0550E+00,0.0000E+00,0.0000E+00,101.106E+00,+99999.9E+99,+99999.9E+99,65.652E+00,+99999.9E+99,+99999.9E+99,1.06670E+03,0.00000E+03,0.00000E+03,0.00000E+03,0.00000E+03,0.00000E+03,1.15708E+03,0.00000E+03,0.00000E+03,0.00000E+03,0.00000E+03,0.00000E+03,0.44831E+03,0.00000E+03,0.00000E+03,0.00000E+03,0.00000E+03,0.00000E+03,0.92189E+00,0.00000E+00,0.00000E+00,0.83091E+00,0.99912E+00,0.66955E+00,0.000E+00,-132.815E+00,149.569E+00,146.193E+00,-135.219E+00,101.601E+00,22.796E+00,90.000E+00,90.000E+00,12.6061E+00,0.00000E+00,0.00000E+00,98.605E+00,100.000E+00,100.000E+00,0.01489E+03,0.00000E+03,0.00000E+03,+99999.9E+99,+99999.9E+99,+99999.9E+99,+99999.9E+99,+99999.9E+99,+99999.9E+99,+99999.9E+99,+99999.9E+99,+99999.9E+99,+99999.9E+99,+99999.9E+99,+99999.9E+99,1B00,0,0,0,1B00,76.7336E+00,77.0850E+00,76.8185E+00,76.8790E+00,71.9135E+00,72.5538E+00,72.0728E+00,72.1801E+00,76.7336E+00,77.0850E+00,76.8185E+00,0.0000E+00,0.0000E+00,0.0000E+00,70.2593E+00,70.3019E+00,70.1864E+00,105.341E+00,105.967E+00,105.497E+00,-104.329E+00,-104.670E+00,-104.294E+00,38.337E+00,37.971E+00,38.176E+00,+99999.9E+99,+99999.9E+99,+99999.9E+99,0.091E+00,11.6609E+00,11.4845E+00,11.7677E+00,11.6377E+00,10.2331E+00,10.1543E+00,10.3419E+00,10.2431E+00,11.6605E+00,11.4844E+00,11.7677E+00,-0.1002E+00,0.0000E+00,0.0000E+00,14.7615E+00,14.6558E+00,14.9955E+00,27.6048E+00,26.7838E+00,28.1381E+00,-26.0909E+00,-26.7086E+00,-26.2067E+00,40.792E+00,40.772E+00,39.413E+00,+99999.9E+99,+99999.9E+99,+99999.9E+99,1.458E+00,0.34506E+03,0.34723E+03,0.35953E+03,1.05182E+03,0.51741E+03,0.51983E+03,0.53189E+03,1.56913E+03,0.52041E+03,0.51399E+03,0.52748E+03,1.56188E+03,0.59680E+03,0.59174E+03,0.60622E+03,1.79465E+03,-0.38957E+03,-0.37898E+03,-0.38596E+03,-1.15451E+03,-0.29743E+03,-0.28273E+03,-0.29084E+03,-0.87099E+03,-0.66305E+00,-0.67554E+00,-0.68161E+00,-0.67343E+00,-0.86697E+00,-0.87847E+00,-0.87740E+00,-0.87433E+00,0.000E+00,120.077E+00,-119.932E+00,59.911E+00,178.570E+00,-61.233E+00,-48.467E+00,-47.504E+00,-47.030E+00,-47.668E+00,201.943E+00,202.310E+00,202.585E+00,90.732E+00,+99999.9E+99,+99999.9E+99,0.00010E+06,-0.00061E+06,0.00000E+00,12.041E+00,0.757E+03,0.00095E+06,43.784E+00,F0F0F
2021/11/30,17:33:36,00000:00:01,200,38003F00,700,1C00,1C00,3800,99.948E+00,0.000E+00,0.000E+00,111.013E+00,0.000E+00,0.000E+00,0.485E+00,0.000E+00,0.000E+00,99.947E+00,0.000E+00,0.000E+00,0.000E+00,0.000E+00,0.000E+00,100.904E+00,0.000E+00,0.000E+00,98.875E+00,0.000E+00,0.000E+00,100.237E+00,+99999.9E+99,+99999.9E+99,1.015E+00,+99999.9E+99,+99999.9E+99,11.5768E+00,0.00000E+00,0.00000E+00,11.8757E+00,0.00000E+00,0.00000E+00,4.4391E+00,0.00000E+00,0.00000E+00,10.6919E+00,0.00000E+00,0.00000E+00,3.0454E+00,0.00000E+00,0.00000E+00,18.0938E+00,0.0000E+00,0.0000E+00,4.0550E+00,0.0000E+00,0.0000E+00,101.106E+00,+99999.9E+99,+99999.9E+99,65.652E+00,+99999.9E+99,+99999.9E+99,1.06670E+03,0.00000E+03,0.00000E+03,0.00000E+03,0.00000E+03,0.00000E+03,1.15708E+03,0.00000E+03,0.00000E+03,0.00000E+03,0.00000E+03,0.00000E+03,0.44831E+03,0.00000E+03,0.00000E+03,0.00000E+03,0.00000E+03,0.00000E+03,0.92189E+00,0.00000E+00,0.00000E+00,0.83091E+00,0.99912E+00,0.66955E+00,0.000E+00,-132.815E+00,149.569E+00,146.193E+00,-135.219E+00,101.601E+00,22.796E+00,90.000E+00,90.000E+00,12.6061E+00,0.00000E+00,0.00000E+00,80.843E+00,100.000E+00,100.000E+00,0.20435E+03,0.00000E+03,0.00000E+03,+99999.9E+99,+99999.9E+99,+99999.9E+99,+99999.9E+99,+99999.9E+99,+99999.9E+99,+99999.9E+99,+99999.9E+99,+99999.9E+99,+99999.9E+99,+99999.9E+99,+99999.9E+99,1B00,0,0,0,1B00,76.5372E+00,76.6396E+00,76.5491E+00,76.5753E+00,72.4340E+00,72.8116E+00,72.5049E+00,72.5835E+00,76.5372E+00,76.6396E+00,76.5491E+00,0.0000E+00,0.0000E+00,0.0000E+00,72.8504E+00,72.6879E+00,72.6214E+00,105.811E+00,106.080E+00,105.681E+00,-104.759E+00,-105.213E+00,-104.271E+00,18.003E+00,17.715E+00,17.764E+00,+99999.9E+99,+99999.9E+99,+99999.9E+99,0.188E+00,9.5890E+00,9.0770E+00,9.2190E+00,9.2950E+00,8.3066E+00,7.8890E+00,7.9258E+00,8.0404E+00,9.5876E+00,9.0743E+00,9.2109E+00,-0.1625E+00,-0.2225E+00,0.3861E+00,6.0022E+00,6.2419E+00,6.6523E+00,26.1281E+00,24.1419E+00,25.0281E+00,-26.5638E+00,-25.2519E+00,-22.3271E+00,57.644E+00,54.122E+00,51.044E+00,+99999.9E+99,+99999.9E+99,+99999.9E+99,4.700E+00,0.29512E+03,0.27646E+03,0.29078E+03,0.86235E+03,0.21355E+03,0.22892E+03,0.23362E+03,0.67609E+03,0.42639E+03,0.40274E+03,0.40902E+03,1.23814E+03,0.25000E+03,0.25593E+03,0.26961E+03,0.77507E+03,-0.30776E+03,-0.29286E+03,-0.28765E+03,-0.88827E+03,-0.12998E+03,-0.11444E+03,-0.13457E+03,-0.37899E+03,-0.69213E+00,-0.68645E+00,-0.71092E+00,-0.69649E+00,-0.85420E+00,-0.89446E+00,-0.86653E+00,-0.87230E+00,0.000E+00,120.128E+00,-120.051E+00,61.251E+00,176.663E+00,-60.006E+00,-46.201E+00,-46.650E+00,-44.690E+00,-45.854E+00,201.877E+00,201.290E+00,201.268E+00,94.235E+00,+99999.9E+99,+99999.9E+99,0.00005E+06,-0.00054E+06,0.00000E+00,10.263E+00,0.756E+03,0.00081E+06,43.815E+00,F0F0F
2021/11/30,17:33:36,00000:00:01,250,38003F00,500,1F00,1F00,3F00,99.948E+00,0.000E+00,0.000E+00,111.013E+00,0.000E+00,0.000E+00,0.485E+00,0.000E+00,0.000E+00,99.947E+00,0.000E+00,0.000E+00,0.000E+00,0.000E+00,0.000E+00,100.904E+00,0.000E+00,0.000E+00,98.875E+00,0.000E+00,0.000E+00,20.230E+00,+99999.9E+99,466.997E+00,1.015E+00,+99999.9E+99,+99999.9E+99,11.5768E+00,0.00000E+00,0.00000E+00,11.8757E+00,0.00000E+00,0.00000E+00,4.4391E+00,0.00000E+00,0.00000E+00,10.6919E+00,0.00000E+00,0.00000E+00,4.5931E+00,0.00000E+00,0.00000E+00,18.0938E+00,0.0000E+00,0.0000E+00,4.0550E+00,0.0000E+00,0.0000E+00,9.136E+00,+99999.9E+99,+99999.9E+99,65.652E+00,+99999.9E+99,+99999.9E+99,1.06670E+03,0.00000E+03,0.00000E+03,0.00000E+03,0.00000E+03,0.00000E+03,1.15708E+03,0.00000E+03,0.00000E+03,0.00000E+03,0.00000E+03,0.00000E+03,0.44831E+03,0.00000E+03,0.00000E+03,0.00000E+03,0.00000E+03,0.00000E+03,0.92189E+00,0.00000E+00,0.00000E+00,0.91618E+00,0.58106E+00,0.78532E+00,0.000E+00,101.316E+00,140.587E+00,156.374E+00,46.841E+00,-1.164E+00,22.796E+00,90.000E+00,90.000E+00,12.6061E+00,0.00000E+00,0.00000E+00,126.307E+00,100.000E+00,100.000E+00,-0.28062E+03,0.00000E+03,0.00000E+03,+99999.9E+99,+99999.9E+99,+99999.9E+99,+99999.9E+99,+99999.9E+99,+99999.9E+99,+99999.9E+99,+99999.9E+99,+99999.9E+99,+99999.9E+99,+99999.9E+99,+99999.9E+99,1B00,0,0,0,1B00,76.9989E+00,77.4529E+00,77.3258E+00,77.2592E+00,71.6833E+00,72.5443E+00,72.2967E+00,72.1748E+00,76.9988E+00,77.4529E+00,77.3258E+00,0.0000E+00,0.0000E+00,0.0000E+00,71.7247E+00,72.2890E+00,72.0727E+00,105.569E+00,106.074E+00,105.566E+00,-104.474E+00,-105.069E+00,-104.956E+00,25.187E+00,25.582E+00,25.538E+00,+99999.9E+99,+99999.9E+99,+99999.9E+99,0.451E+00,13.8971E+00,13.5695E+00,13.7056E+00,13.7241E+00,12.9991E+00,12.7945E+00,12.7668E+00,12.8534E+00,13.8964E+00,13.5675E+00,13.7005E+00,-0.1422E+00,-0.2297E+00,0.3731E+00,10.1642E+00,9.3017E+00,9.4592E+00,27.6600E+00,27.2724E+00,28.5157E+00,-26.6557E+00,-26.8886E+00,-26.3733E+00,43.936E+00,46.859E+00,47.070E+00,+99999.9E+99,+99999.9E+99,+99999.9E+99,6.678E+00,0.45322E+03,0.44151E+03,0.45259E+03,1.34732E+03,0.37100E+03,0.32560E+03,0.35047E+03,1.04707E+03,0.62597E+03,0.61137E+03,0.61980E+03,1.85714E+03,0.41450E+03,0.37616E+03,0.38036E+03,1.16953E+03,-0.43177E+03,-0.42290E+03,-0.42345E+03,-1.27812E+03,-0.18484E+03,-0.18836E+03,-0.14780E+03,-0.52100E+03,-0.72403E+00,-0.72217E+00,-0.73022E+00,-0.72548E+00,-0.89506E+00,-0.86559E+00,-0.92141E+00,-0.89529E+00,0.000E+00,119.933E+00,-119.651E+00,56.739E+00,179.888E+00,-66.945E+00,-43.612E+00,-43.766E+00,-43.095E+00,-43.491E+00,201.340E+00,202.103E+00,201.509E+00,90.419E+00,+99999.9E+99,+99999.9E+99,0.00013E+06,-0.00078E+06,0.00000E+00,15.365E+00,0.757E+03,0.00122E+06,43.593E+00,F0F08
2021/11/30,17:33:36,00000:00:01,300,38003F00,500,1F00,1F00,3F00,99.948E+00,0.000E+00,0.000E+00,111.013E+00,0.000E+00,0.000E+00,0.485E+00,0.000E+00,0.000E+00,99.947E+00,0.000E+00,0.000E+00,0.000E+00,0.000E+00,0.000E+00,100.904E+00,0.000E+00,0.000E+00,98.875E+00,0.000E+00,0.000E+00,20.230E+00,+99999.9E+99,466.997E+00,1.015E+00,+99999.9E+99,+99999.9E+99,11.5768E+00,0.00000E+00,0.00000E+00,11.8757E+00,0.00000E+00,0.00000E+00,4.4391E+00,0.00000E+00,0.00000E+00,10.6919E+00,0.00000E+00,0.00000E+00,4.5931E+00,0.00000E+00,0.00000E+00,18.0938E+00,0.0000E+00,0.0000E+00,4.0550E+00,0.0000E+00,0.0000E+00,9.136E+00,+99999.9E+99,+99999.9E+99,65.652E+00,+99999.9E+99,+99999.9E+99,1.06670E+03,0.00000E+03,0.00000E+03,0.00000E+03,0.00000E+03,0.00000E+03,1.15708E+03,0.00000E+03,0.00000E+03,0.00000E+03,0.00000E+03,0.00000E+03,0.44831E+03,0.00000E+03,0.00000E+03,0.00000E+03,0.00000E+03,0.00000E+03,0.92189E+00,0.00000E+00,0.00000E+00,0.91618E+00,0.58106E+00,0.78532E+00,0.000E+00,101.316E+00,140.587E+00,156.374E+00,46.841E+00,-1.164E+00,22.796E+00,90.000E+00,90.000E+00,12.6061E+00,0.00000E+00,0.00000E+00,82.558E+00,100.000E+00,100.000E+00,0.18605E+03,0.00000E+03,0.00000E+03,+99999.9E+99,+99999.9E+99,+99999.9E+99,+99999.9E+99,+99999.9E+99,+99999.9E+99,+99999.9E+99,+99999.9E+99,+99999.9E+99,+99999.9E+99,+99999.9E+99,+99999.9E+99,1B00,0,0,0,1B00,76.7040E+00,76.6503E+00,76.3753E+00,76.5765E+00,72.5896E+00,72.6814E+00,72.0335E+00,72.4348E+00,76.7040E+00,76.6503E+00,76.3753E+00,0.0000E+00,0.0000E+00,0.0000E+00,70.7318E+00,70.6399E+00,70.4822E+00,105.710E+00,105.923E+00,105.861E+00,-104.296E+00,-104.684E+00,-104.241E+00,35.443E+00,34.964E+00,35.417E+00,+99999.9E+99,+99999.9E+99,+99999.9E+99,0.210E+00,9.7740E+00,9.3681E+00,9.9855E+00,9.7092E+00,8.4700E+00,8.1233E+00,8.5363E+00,8.3765E+00,9.7734E+00,9.3681E+00,9.9855E+00,-0.1072E+00,0.0000E+00,0.0000E+00,13.2164E+00,13.2604E+00,13.8084E+00,26.3738E+00,24.9090E+00,27.3114E+00,-25.6714E+00,-23.4700E+00,-26.7281E+00,43.257E+00,42.471E+00,40.580E+00,+99999.9E+99,+99999.9E+99,+99999.9E+99,2.585E+00,0.28770E+03,0.28660E+03,0.30635E+03,0.88065E+03,0.45801E+03,0.47308E+03,0.48241E+03,1.41349E+03,0.43473E+03,0.41690E+03,0.44301E+03,1.29465E+03,0.53487E+03,0.53748E+03,0.55566E+03,1.62770E+03,-0.32592E+03,-0.30277E+03,-0.32001E+03,-0.94870E+03,-0.27625E+03,-0.25513E+03,-0.27576E+03,-0.80713E+03,-0.66178E+00,-0.68745E+00,-0.69152E+00,-0.68022E+00,-0.85630E+00,-0.88017E+00,-0.86817E+00,-0.86840E+00,0.000E+00,120.186E+00,-119.980E+00,61.047E+00,178.455E+00,-60.108E+00,-48.564E+00,-46.572E+00,-46.249E+00,-47.139E+00,202.351E+00,201.691E+00,202.508E+00,92.230E+00,+99999.9E+99,+99999.9E+99,0.00007E+06,-0.00053E+06,0.00000E+00,10.254E+00,0.756E+03,0.00081E+06,43.929E+00,F0F08
2021/11/30,17:33:36,00000:00:01,350,38003F00,700,1F00,1F00,3F00,99.948E+00,0.000E+00,0.000E+00,111.013E+00,0.000E+00,0.000E+00,0.485E+00,0.000E+00,0.000E+00,99.947E+00,0.000E+00,0.000E+00,0.000E+00,0.000E+00,0.000E+00,100.904E+00,0.000E+00,0.000E+00,98.875E+00,0.000E+00,0.000E+00,68.174E+00,+99999.9E+99,476.412E+00,1.015E+00,+99999.9E+99,+99999.9E+99,11.5768E+00,0.00000E+00,0.00000E+00,11.8757E+00,0.00000E+00,0.00000E+00,4.4391E+00,0.00000E+00,0.00000E+00,10.6919E+00,0.00000E+00,0.00000E+00,3.9677E+00,0.00000E+00,0.00000E+00,18.0938E+00,0.0000E+00,0.0000E+00,4.0550E+00,0.0000E+00,0.0000E+00,47.990E+00,+99999.9E+99,+99999.9E+99,65.652E+00,+99999.9E+99,+99999.9E+99,1.06670E+03,0.00000E+03,0.00000E+03,0.00000E+03,0.00000E+03,0.00000E+03,1.15708E+03,0.00000E+03,0.00000E+03,0.00000E+03,0.00000E+03,0.00000E+03,0.44831E+03,0.00000E+03,0.00000E+03,0.00000E+03,0.00000E+03,0.00000E+03,0.92189E+00,0.00000E+00,0.00000E+00,0.88943E+00,0.61092E+00,0.95811E+00,0.000E+00,-123.908E+00,158.394E+00,152.802E+00,108.436E+00,-38.249E+00,22.796E+00,90.000E+00,90.000E+00,12.6061E+00,0.00000E+00,0.00000E+00,96.712E+00,100.000E+00,100.000E+00,0.03507E+03,0.00000E+03,0.00000E+03,+99999.9E+99,+99999.9E+99,+99999.9E+99,+99999.9E+99,+99999.9E+99,+99999.9E+99,+99999.9E+99,+99999.9E+99,+99999.9E+99,+99999.9E+99,+99999.9E+99,+99999.9E+99,1B00,0,0,0,1B00,76.5271E+00,76.9851E+00,77.0118E+00,76.8413E+00,71.8026E+00,72.6955E+00,72.7155E+00,72.4045E+00,76.5271E+00,76.9851E+00,77.0118E+00,0.0000E+00,0.0000E+00,0.0000E+00,73.1192E+00,73.2023E+00,73.1093E+00,105.813E+00,106.097E+00,105.773E+00,-104.441E+00,-104.777E+00,-104.859E+00,14.014E+00,13.973E+00,14.159E+00,+99999.9E+99,+99999.9E+99,+99999.9E+99,0.079E+00,11.6382E+00,11.3948E+00,11.1816E+00,11.4049E+00,9.9782E+00,9.8395E+00,9.5268E+00,9.7815E+00,11.6368E+00,11.3886E+00,11.1677E+00,-0.1797E+00,-0.3771E+00,0.5579E+00,4.8422E+00,4.6286E+00,4.8338E+00,27.6500E+00,27.2038E+00,28.4590E+00,-26.7076E+00,-27.0195E+00,-26.0229E+00,58.253E+00,59.471E+00,56.335E+00,+99999.9E+99,+99999.9E+99,+99999.9E+99,2.316E+00,0.35542E+03,0.33580E+03,0.34041E+03,1.03163E+03,0.17499E+03,0.17190E+03,0.17992E+03,0.52681E+03,0.51942E+03,0.50769E+03,0.50062E+03,1.52773E+03,0.20022E+03,0.19413E+03,0.20154E+03,0.59581E+03,-0.37877E+03,-0.38077E+03,-0.36707E+03,-1.12662E+03,-0.09729E+03,-0.09021E+03,-0.09081E+03,-0.27831E+03,-0.68428E+00,-0.66143E+00,-0.67997E+00,-0.67527E+00,-0.87400E+00,-0.88548E+00,-0.89273E+00,-0.88420E+00,0.000E+00,120.045E+00,-119.924E+00,59.107E+00,177.694E+00,-63.137E+00,-46.821E+00,-48.591E+00,-47.159E+00,-47.525E+00,201.158E+00,201.918E+00,201.302E+00,93.036E+00,+99999.9E+99,+99999.9E+99,0.00007E+06,-0.00062E+06,0.00000E+00,12.120E+00,0.756E+03,0.00096E+06,43.610E+00,F0F08
2021/11/30,17:33:36,00000:00:01,400,38003800,2800,3800,3800,3800,99.985E+00,0.000E+00,0.000E+00,111.053E+00,0.000E+00,0.000E+00,0.506E+00,0.000E+00,0.000E+00,99.983E+00,0.000E+00,0.000E+00,0.000E+00,0.000E+00,0.000E+00,101.021E+00,0.000E+00,0.000E+00,98.793E+00,0.000E+00,0.000E+00,68.174E+00,+99999.9E+99,476.412E+00,1.114E+00,+99999.9E+99,+99999.9E+99,11.5069E+00,0.00000E+00,0.00000E+00,11.7031E+00,0.00000E+00,0.00000E+00,4.6252E+00,0.00000E+00,0.00000E+00,10.5365E+00,0.00000E+00,0.00000E+00,3.9677E+00,0.00000E+00,0.00000E+00,18.2336E+00,0.0000E+00,0.0000E+00,3.6214E+00,0.0000E+00,0.0000E+00,47.990E+00,+99999.9E+99,+99999.9E+99,69.341E+00,+99999.9E+99,+99999.9E+99,1.05138E+03,0.00000E+03,0.00000E+03,0.00000E+03,0.00000E+03,0.00000E+03,1.15052E+03,0.00000E+03,0.00000E+03,0.00000E+03,0.00000E+03,0.00000E+03,0.46721E+03,0.00000E+03,0.00000E+03,0.00000E+03,0.00000E+03,0.00000E+03,0.91383E+00,0.00000E+00,0.00000E+00,0.88943E+00,0.61092E+00,0.95811E+00,0.000E+00,-123.908E+00,158.394E+00,152.802E+00,108.436E+00,-38.249E+00,23.960E+00,90.000E+00,90.000E+00,0.00000E+00,0.00000E+00,0.00000E+00,123.664E+00,100.000E+00,100.000E+00,-0.24880E+03,0.00000E+03,0.00000E+03,+99999.9E+99,+99999.9E+99,+99999.9E+99,+99999.9E+99,+99999.9E+99,+99999.9E+99,+99999.9E+99,+99999.9E+99,+99999.9E+99,+99999.9E+99,+99999.9E+99,+99999.9E+99,1B00,0,0,0,1B00,77.1965E+00,77.2149E+00,76.9917E+00,77.1343E+00,72.2241E+00,72.4420E+00,71.8888E+00,72.1850E+00,77.1964E+00,77.2149E+00,76.9917E+00,0.0000E+00,0.0000E+00,0.0000E+00,70.4345E+00,71.0312E+00,70.9371E+00,105.153E+00,105.550E+00,105.503E+00,-104.519E+00,-104.743E+00,-108.254E+00,34.695E+00,34.685E+00,34.619E+00,+99999.9E+99,+99999.9E+99,+99999.9E+99,0.524E+00,13.6233E+00,13.1859E+00,13.5884E+00,13.4659E+00,12.5465E+00,12.1196E+00,12.4915E+00,12.3859E+00,13.6226E+00,13.1859E+00,13.5871E+00,-0.1413E+00,0.0000E+00,0.1906E+00,14.1326E+00,13.1740E+00,13.1416E+00,27.6357E+00,27.1490E+00,28.5605E+00,-26.6490E+00,-26.9271E+00,-26.7400E+00,39.553E+00,41.986E+00,42.252E+00,+99999.9E+99,+99999.9E+99,+99999.9E+99,4.624E+00,0.43097E+03,0.42303E+03,0.44618E+03,1.30018E+03,0.50489E+03,0.45954E+03,0.48507E+03,1.44950E+03,0.61386E+03,0.59387E+03,0.61087E+03,1.81860E+03,0.56925E+03,0.53247E+03,0.53663E+03,1.63732E+03,-0.43715E+03,-0.41681E+03,-0.41723E+03,-1.27118E+03,-0.26292E+03,-0.26896E+03,-0.22953E+03,-0.76141E+03,-0.70205E+00,-0.71233E+00,-0.73041E+00,-0.71493E+00,-0.88694E+00,-0.86304E+00,-0.90391E+00,-0.88529E+00,0.000E+00,119.813E+00,-119.674E+00,57.789E+00,-179.895E+00,-64.585E+00,-45.408E+00,-44.575E+00,-43.079E+00,-44.362E+00,202.048E+00,201.457E+00,201.840E+00,89.646E+00,+99999.9E+99,+99999.9E+99,0.00013E+06,-0.00074E+06,0.00000E+00,14.700E+00,0.757E+03,0.00117E+06,43.787E+00,F0F08
2021/11/30,17:33:36,00000:00:01,450,38003F00,2D00,3F00,3F00,3F00,99.985E+00,0.000E+00,0.000E+00,111.053E+00,0.000E+00,0.000E+00,0.506E+00,0.000E+00,0.000E+00,99.983E+00,0.000E+00,0.000E+00,0.000E+00,0.000E+00,0.000E+00,101.021E+00,0.000E+00,0.000E+00,98.793E+00,0.000E+00,0.000E+00,39.039E+00,+99999.9E+99,363.004E+00,1.114E+00,+99999.9E+99,+99999.9E+99,11.5069E+00,0.00000E+00,0.00000E+00,11.7031E+00,0.00000E+00,0.00000E+00,4.6252E+00,0.00000E+00,0.00000E+00,10.5365E+00,0.00000E+00,0.00000E+00,4.2844E+00,0.00000E+00,0.00000E+00,18.2336E+00,0.0000E+00,0.0000E+00,3.6214E+00,0.0000E+00,0.0000E+00,42.941E+00,+99999.9E+99,+99999.9E+99,69.341E+00,+99999.9E+99,+99999.9E+99,1.05138E+03,0.00000E+03,0.00000E+03,0.00000E+03,0.00000E+03,0.00000E+03,1.15052E+03,0.00000E+03,0.00000E+03,0.00000E+03,0.00000E+03,0.00000E+03,0.46721E+03,0.00000E+03,0.00000E+03,0.00000E+03,0.00000E+03,0.00000E+03,0.91383E+00,0.00000E+00,0.00000E+00,0.93589E+00,0.89787E+00,0.88050E+00,0.000E+00,-155.488E+00,156.822E+00,159.372E+00,-129.367E+00,5.119E+00,23.960E+00,90.000E+00,90.000E+00,0.00000E+00,0.00000E+00,0.00000E+00,73.412E+00,100.000E+00,100.000E+00,0.27954E+03,0.00000E+03,0.00000E+03,+99999.9E+99,+99999.9E+99,+99999.9E+99,+99999.9E+99,+99999.9E+99,+99999.9E+99,+99999.9E+99,+99999.9E+99,+99999.9E+99,+99999.9E+99,+99999.9E+99,+99999.9E+99,1B00,0,0,0,1B00,76.2642E+00,76.6718E+00,76.4943E+00,76.4768E+00,72.1401E+00,72.8857E+00,72.5764E+00,72.5341E+00,76.2642E+00,76.6717E+00,76.4943E+00,0.0000E+00,0.0000E+00,0.0000E+00,71.9018E+00,71.7640E+00,71.6660E+00,105.714E+00,106.149E+00,105.814E+00,-104.657E+00,-104.883E+00,-104.330E+00,27.208E+00,26.162E+00,26.978E+00,+99999.9E+99,+99999.9E+99,+99999.9E+99,0.194E+00,8.1940E+00,8.1567E+00,8.0876E+00,8.1461E+00,7.3206E+00,7.3045E+00,7.2216E+00,7.2822E+00,8.1931E+00,8.1558E+00,8.0838E+00,-0.1265E+00,-0.1227E+00,0.2503E+00,9.7525E+00,9.9225E+00,10.3034E+00,21.9705E+00,20.3967E+00,20.2409E+00,-18.6848E+00,-19.1714E+00,-19.4852E+00,48.368E+00,45.887E+00,44.289E+00,+99999.9E+99,+99999.9E+99,+99999.9E+99,4.413E+00,0.25898E+03,0.25401E+03,0.25885E+03,0.77184E+03,0.33669E+03,0.36096E+03,0.36589E+03,1.06355E+03,0.36225E+03,0.36127E+03,0.35912E+03,1.08263E+03,0.39182E+03,0.40296E+03,0.42135E+03,1.21549E+03,-0.25329E+03,-0.25689E+03,-0.24892E+03,-0.75910E+03,-0.20040E+03,-0.17911E+03,-0.20895E+03,-0.58846E+03,-0.71492E+00,-0.70311E+00,-0.72080E+00,-0.71293E+00,-0.85931E+00,-0.89578E+00,-0.86838E+00,-0.87499E+00,0.000E+00,120.155E+00,-120.015E+00,60.699E+00,176.499E+00,-60.177E+00,-44.363E+00,-45.323E+00,-43.880E+00,-44.526E+00,201.648E+00,201.967E+00,201.928E+00,95.021E+00,+99999.9E+99,+99999.9E+99,0.00004E+06,-0.00048E+06,0.00000E+00,9.267E+00,0.756E+03,0.00073E+06,43.781E+00,F0F08
2021/11/30,17:33:36,00000:00:01,500,38003F00,2800,3B00,3B00,3F00,99.818E+00,0.000E+00,0.000E+00,110.869E+00,0.000E+00,0.000E+00,0.491E+00,0.000E+00,0.000E+00,99.817E+00,0.000E+00,0.000E+00,0.000E+00,0.000E+00,0.000E+00,100.907E+00,0.000E+00,0.000E+00,98.793E+00,0.000E+00,0.000E+00,39.039E+00,+99999.9E+99,363.004E+00,1.059E+00,+99999.9E+99,+99999.9E+99,12.2258E+00,0.00000E+00,0.00000E+00,12.7085E+00,0.00000E+00,0.00000E+00,4.3079E+00,0.00000E+00,0.00000E+00,11.4417E+00,0.00000E+00,0.00000E+00,4.2844E+00,0.00000E+00,0.00000E+00,18.1336E+00,0.0000E+00,0.0000E+00,4.1824E+00,0.0000E+00,0.0000E+00,42.941E+00,+99999.9E+99,+99999.9E+99,60.967E+00,+99999.9E+99,+99999.9E+99,1.14018E+03,0.00000E+03,0.00000E+03,0.00000E+03,0.00000E+03,0.00000E+03,1.22035E+03,0.00000E+03,0.00000E+03,0.00000E+03,0.00000E+03,0.00000E+03,-0.43501E+03,0.00000E+03,0.00000E+03,0.00000E+03,0.00000E+03,0.00000E+03,-0.93431E+00,0.00000E+00,0.00000E+00,0.93589E+00,0.89787E+00,0.88050E+00,0.000E+00,-155.488E+00,156.822E+00,159.372E+00,-129.367E+00,5.119E+00,-20.883E+00,90.000E+00,90.000E+00,9.33583E+00,0.00000E+00,0.00000E+00,108.440E+00,100.000E+00,100.000E+00,-0.09623E+03,0.00000E+03,0.00000E+03,+99999.9E+99,+99999.9E+99,+99999.9E+99,+99999.9E+99,+99999.9E+99,+99999.9E+99,+99999.9E+99,+99999.9E+99,+99999.9E+99,+99999.9E+99,+99999.9E+99,+99999.9E+99,1B00,0,0,0,1B00,77.0320E+00,77.1813E+00,77.1003E+00,77.1046E+00,72.0336E+00,72.4881E+00,72.2142E+00,72.2453E+00,77.0320E+00,77.1813E+00,77.1003E+00,0.0000E+00,0.0000E+00,0.0000E+00,72.7130E+00,73.0947E+00,72.9727E+00,105.893E+00,106.066E+00,105.671E+00,-104.636E+00,-104.753E+00,-105.213E+00,16.431E+00,16.643E+00,16.968E+00,+99999.9E+99,+99999.9E+99,+99999.9E+99,0.315E+00,13.2050E+00,12.7325E+00,12.9507E+00,12.9627E+00,12.0822E+00,11.6000E+00,11.6773E+00,11.7865E+00,13.2036E+00,12.7291E+00,12.9417E+00,-0.1863E+00,-0.2944E+00,0.4818E+00,6.4614E+00,5.8200E+00,5.7121E+00,27.3324E+00,26.8257E+00,28.4648E+00,-26.3681E+00,-26.6148E+00,-26.2614E+00,49.434E+00,53.876E+00,54.696E+00,+99999.9E+99,+99999.9E+99,+99999.9E+99,6.606E+00,0.42004E+03,0.39892E+03,0.41746E+03,1.23642E+03,0.23309E+03,0.20489E+03,0.21975E+03,0.65774E+03,0.59409E+03,0.57165E+03,0.58172E+03,1.74746E+03,0.26016E+03,0.23610E+03,0.23838E+03,0.73376E+03,-0.42013E+03,-0.40944E+03,-0.40513E+03,-1.23470E+03,-0.11557E+03,-0.11731E+03,-0.09238E+03,-0.32525E+03,-0.70703E+00,-0.69784E+00,-0.71763E+00,-0.70755E+00,-0.89593E+00,-0.86783E+00,-0.92186E+00,-0.89639E+00,0.000E+00,119.936E+00,-119.766E+00,56.549E+00,179.671E+00,-67.086E+00,-45.006E+00,-45.746E+00,-44.141E+00,-44.964E+00,201.564E+00,201.197E+00,201.493E+00,90.992E+00,+99999.9E+99,+99999.9E+99,0.00011E+06,-0.00073E+06,0.00000E+00,14.201E+00,0.757E+03,0.00113E+06,43.700E+00,F0F08
2021/11/30,17:33:36,00000:00:01,550,38003F00,0,1B00,1B00,3F00,99.916E+00,0.000E+00,0.000E+00,110.978E+00,0.000E+00,0.000E+00,0.502E+00,0.000E+00,0.000E+00,99.915E+00,0.000E+00,0.000E+00,0.000E+00,0.000E+00,0.000E+00,100.911E+00,0.000E+00,0.000E+00,98.829E+00,0.000E+00,0.000E+00,94.526E+00,+99999.9E+99,+99999.9E+99,1.042E+00,+99999.9E+99,+99999.9E+99,11.7940E+00,0.00000E+00,0.00000E+00,12.1294E+00,0.00000E+00,0.00000E+00,4.4548E+00,0.00000E+00,0.00000E+00,10.9203E+00,0.00000E+00,0.00000E+00,3.0983E+00,0.00000E+00,0.00000E+00,18.2602E+00,0.0000E+00,0.0000E+00,4.2812E+00,0.0000E+00,0.0000E+00,94.474E+00,+99999.9E+99,+99999.9E+99,64.005E+00,+99999.9E+99,+99999.9E+99,1.08909E+03,0.00000E+03,0.00000E+03,0.00000E+03,0.00000E+03,0.00000E+03,1.17841E+03,0.00000E+03,0.00000E+03,0.00000E+03,0.00000E+03,0.00000E+03,0.45003E+03,0.00000E+03,0.00000E+03,0.00000E+03,0.00000E+03,0.00000E+03,0.92420E+00,0.00000E+00,0.00000E+00,0.84070E+00,0.97629E+00,0.10067E+00,0.000E+00,-139.687E+00,-179.384E+00,147.214E+00,-127.184E+00,-83.606E+00,22.451E+00,90.000E+00,90.000E+00,12.5932E+00,0.00000E+00,0.00000E+00,100.885E+00,100.000E+00,100.000E+00,-0.00964E+03,0.00000E+03,0.00000E+03,+99999.9E+99,+99999.9E+99,+99999.9E+99,+99999.9E+99,+99999.9E+99,+99999.9E+99,+99999.9E+99,+99999.9E+99,+99999.9E+99,+99999.9E+99,+99999.9E+99,+99999.9E+99,1B00,0,0,0,1B00,76.7432E+00,77.0883E+00,76.8245E+00,76.8853E+00,72.0351E+00,72.6618E+00,72.1842E+00,72.2937E+00,76.7432E+00,77.0883E+00,76.8245E+00,0.0000E+00,0.0000E+00,0.0000E+00,69.9968E+00,70.2326E+00,70.1082E+00,105.424E+00,105.989E+00,105.399E+00,-103.987E+00,-104.767E+00,-104.317E+00,38.385E+00,38.049E+00,38.129E+00,+99999.9E+99,+99999.9E+99,+99999.9E+99,0.201E+00,11.9912E+00,11.8355E+00,12.1121E+00,11.9796E+00,10.5081E+00,10.4436E+00,10.6313E+00,10.5276E+00,11.9906E+00,11.8355E+00,12.1121E+00,-0.1112E+00,0.0000E+00,0.0000E+00,14.9488E+00,14.5440E+00,14.7821E+00,27.6590E+00,27.0714E+00,28.5838E+00,-26.4048E+00,-27.2981E+00,-26.6938E+00,40.238E+00,41.187E+00,40.008E+00,+99999.9E+99,+99999.9E+99,+99999.9E+99,1.663E+00,0.36054E+03,0.36312E+03,0.37508E+03,1.09873E+03,0.52104E+03,0.50684E+03,0.52408E+03,1.55196E+03,0.53563E+03,0.53019E+03,0.54343E+03,1.60926E+03,0.60288E+03,0.58674E+03,0.59763E+03,1.78712E+03,-0.39613E+03,-0.38632E+03,-0.39324E+03,-1.17569E+03,-0.30328E+03,-0.29561E+03,-0.28724E+03,-0.88613E+03,-0.67310E+00,-0.68488E+00,-0.69020E+00,-0.68276E+00,-0.86425E+00,-0.86381E+00,-0.87693E+00,-0.86841E+00,0.000E+00,119.998E+00,-119.831E+00,60.316E+00,-179.805E+00,-61.162E+00,-47.693E+00,-46.773E+00,-46.354E+00,-46.941E+00,201.897E+00,202.257E+00,201.780E+00,90.129E+00,+99999.9E+99,+99999.9E+99,0.00011E+06,-0.00063E+06,0.00000E+00,12.495E+00,0.757E+03,0.00099E+06,43.773E+00,F0F0F
2021/11/30,17:33:36,00000:00:01,600,38003D00,500,1C00,1C00,3800,99.916E+00,0.000E+00,0.000E+00,110.978E+00,0.000E+00,0.000E+00,0.502E+00,0.000E+00,0.000E+00,99.915E+00,0.000E+00,0.000E+00,0.000E+00,0.000E+00,0.000E+00,100.911E+00,0.000E+00,0.000E+00,98.829E+00,0.000E+00,0.000E+00,94.526E+00,+99999.9E+99,+99999.9E+99,1.042E+00,+99999.9E+99,+99999.9E+99,11.7940E+00,0.00000E+00,0.00000E+00,12.1294E+00,0.00000E+00,0.00000E+00,4.4548E+00,0.00000E+00,0.00000E+00,10.9203E+00,0.00000E+00,0.00000E+00,3.0983E+00,0.00000E+00,0.00000E+00,18.2602E+00,0.0000E+00,0.0000E+00,4.2812E+00,0.0000E+00,0.0000E+00,94.474E+00,+99999.9E+99,+99999.9E+99,64.005E+00,+99999.9E+99,+99999.9E+99,1.08909E+03,0.00000E+03,0.00000E+03,0.00000E+03,0.00000E+03,0.00000E+03,1.17841E+03,0.00000E+03,0.00000E+03,0.00000E+03,0.00000E+03,0.00000E+03,0.45003E+03,0.00000E+03,0.00000E+03,0.00000E+03,0.00000E+03,0.00000E+03,0.92420E+00,0.00000E+00,0.00000E+00,0.84070E+00,0.97629E+00,0.10067E+00,0.000E+00,-139.687E+00,-179.384E+00,147.214E+00,-127.184E+00,-83.606E+00,22.451E+00,90.000E+00,90.000E+00,12.5932E+00,0.00000E+00,0.00000E+00,79.173E+00,100.000E+00,100.000E+00,0.22683E+03,0.00000E+03,0.00000E+03,+99999.9E+99,+99999.9E+99,+99999.9E+99,+99999.9E+99,+99999.9E+99,+99999.9E+99,+99999.9E+99,+99999.9E+99,+99999.9E+99,+99999.9E+99,+99999.9E+99,+99999.9E+99,1B00,0,0,0,1B00,76.5338E+00,76.6394E+00,76.5820E+00,76.5851E+00,72.4221E+00,72.7986E+00,72.5501E+00,72.5903E+00,76.5338E+00,76.6394E+00,76.5820E+00,0.0000E+00,0.0000E+00,0.0000E+00,72.8523E+00,72.6645E+00,72.6124E+00,105.740E+00,105.996E+00,105.750E+00,-104.369E+00,-105.364E+00,-104.914E+00,18.466E+00,18.093E+00,18.028E+00,+99999.9E+99,+99999.9E+99,+99999.9E+99,0.203E+00,9.5779E+00,9.1032E+00,9.2295E+00,9.3035E+00,8.2990E+00,7.8948E+00,7.9277E+00,8.0405E+00,9.5770E+00,9.0994E+00,9.2209E+00,-0.1354E+00,-0.2618E+00,0.3983E+00,6.1861E+00,6.5007E+00,6.8776E+00,26.0929E+00,24.1024E+00,25.2062E+00,-26.2667E+00,-25.5424E+00,-22.4643E+00,56.402E+00,52.326E+00,49.648E+00,+99999.9E+99,+99999.9E+99,+99999.9E+99,4.683E+00,0.29467E+03,0.27691E+03,0.29069E+03,0.86226E+03,0.22246E+03,0.23926E+03,0.24259E+03,0.70430E+03,0.42599E+03,0.40388E+03,0.40969E+03,1.23956E+03,0.25732E+03,0.26517E+03,0.27782E+03,0.79983E+03,-0.30764E+03,-0.29401E+03,-0.28871E+03,-0.89035E+03,-0.12933E+03,-0.11432E+03,-0.13541E+03,-0.37906E+03,-0.69172E+00,-0.68563E+00,-0.70952E+00,-0.69562E+00,-0.86452E+00,-0.90229E+00,-0.87317E+00,-0.88056E+00,0.000E+00,120.127E+00,-120.067E+00,60.084E+00,175.646E+00,-60.788E+00,-46.234E+00,-46.715E+00,-44.804E+00,-45.924E+00,202.006E+00,201.354E+00,202.081E+00,94.509E+00,+99999.9E+99,+99999.9E+99,0.00005E+06,-0.00054E+06,0.00000E+00,10.292E+00,0.756E+03,0.00081E+06,43.853E+00,F0F0F
2021/11/30,17:33:36,00000:00:01,650,38003F00,700,1F00,1F00,3F00,99.916E+00,0.000E+00,0.000E+00,110.978E+00,0.000E+00,0.000E+00,0.502E+00,0.000E+00,0.000E+00,99.915E+00,0.000E+00,0.000E+00,0.000E+00,0.000E+00,0.000E+00,100.911E+00,0.000E+00,0.000E+00,98.829E+00,0.000E+00,0.000E+00,19.991E+00,+99999.9E+99,483.670E+00,1.042E+00,+99999.9E+99,+99999.9E+99,11.7940E+00,0.00000E+00,0.00000E+00,12.1294E+00,0.00000E+00,0.00000E+00,4.4548E+00,0.00000E+00,0.00000E+00,10.9203E+00,0.00000E+00,0.00000E+00,4.4934E+00,0.00000E+00,0.00000E+00,18.2602E+00,0.0000E+00,0.0000E+00,4.2812E+00,0.0000E+00,0.0000E+00,11.861E+00,+99999.9E+99,+99999.9E+99,64.005E+00,+99999.9E+99,+99999.9E+99,1.08909E+03,0.00000E+03,0.00000E+03,0.00000E+03,0.00000E+03,0.00000E+03,1.17841E+03,0.00000E+03,0.00000E+03,0.00000E+03,0.00000E+03,0.00000E+03,0.45003E+03,0.00000E+03,0.00000E+03,0.00000E+03,0.00000E+03,0.00000E+03,0.92420E+00,0.00000E+00,0.00000E+00,0.92024E+00,0.61245E+00,0.99021E+00,0.000E+00,62.813E+00,144.582E+00,156.961E+00,10.580E+00,-27.393E+00,22.451E+00,90.000E+00,90.000E+00,12.5932E+00,0.00000E+00,0.00000E+00,124.639E+00,100.000E+00,100.000E+00,-0.26834E+03,0.00000E+03,0.00000E+03,+99999.9E+99,+99999.9E+99,+99999.9E+99,+99999.9E+99,+99999.9E+99,+99999.9E+99,+99999.9E+99,+99999.9E+99,+99999.9E+99,+99999.9E+99,+99999.9E+99,+99999.9E+99,1B00,0,0,0,1B00,77.0029E+00,77.4853E+00,77.3167E+00,77.2683E+00,71.7134E+00,72.6136E+00,72.3071E+00,72.2114E+00,77.0029E+00,77.4853E+00,77.3167E+00,0.0000E+00,0.0000E+00,0.0000E+00,71.7523E+00,72.2982E+00,72.0996E+00,105.647E+00,105.994E+00,105.543E+00,-104.753E+00,-105.097E+00,-104.916E+00,25.222E+00,25.538E+00,25.403E+00,+99999.9E+99,+99999.9E+99,+99999.9E+99,0.437E+00,13.9713E+00,13.6476E+00,13.7846E+00,13.8012E+00,13.0546E+00,12.8601E+00,12.8218E+00,12.9122E+00,13.9702E+00,13.6460E+00,13.7792E+00,-0.1755E+00,-0.2096E+00,0.3862E+00,10.1485E+00,9.3366E+00,9.4583E+00,27.6210E+00,27.1943E+00,28.7005E+00,-26.5748E+00,-26.9767E+00,-26.7890E+00,44.005E+00,46.627E+00,47.116E+00,+99999.9E+99,+99999.9E+99,+99999.9E+99,6.515E+00,0.45667E+03,0.44497E+03,0.45580E+03,1.35743E+03,0.37104E+03,0.32668E+03,0.34983E+03,1.04755E+03,0.62926E+03,0.61534E+03,0.62366E+03,1.86826E+03,0.41417E+03,0.37729E+03,0.38009E+03,1.17014E+03,-0.43293E+03,-0.42502E+03,-0.42567E+03,-1.28362E+03,-0.18404E+03,-0.18875E+03,-0.14862E+03,-0.52140E+03,-0.72572E+00,-0.72313E+00,-0.73085E+00,-0.72658E+00,-0.89585E+00,-0.86587E+00,-0.92039E+00,-0.89524E+00,0.000E+00,119.924E+00,-119.668E+00,56.628E+00,179.856E+00,-66.812E+00,-43.472E+00,-43.687E+00,-43.042E+00,-43.400E+00,201.510E+00,202.152E+00,201.066E+00,90.445E+00,+99999.9E+99,+99999.9E+99,0.00013E+06,-0.00078E+06,0.00000E+00,15.479E+00,0.757E+03,0.00123E+06,43.619E+00,F0F08
2021/11/30,17:33:36,00000:00:01,700,38003F00,500,1F00,1F00,3F00,99.916E+00,0.000E+00,0.000E+00,110.978E+00,0.000E+00,0.000E+00,0.502E+00,0.000E+00,0.000E+00,99.915E+00,0.000E+00,0.000E+00,0.000E+00,0.000E+00,0.000E+00,100.911E+00,0.000E+00,0.000E+00,98.829E+00,0.000E+00,0.000E+00,67.532E+00,+99999.9E+99,+99999.9E+99,1.042E+00,+99999.9E+99,+99999.9E+99,11.7940E+00,0.00000E+00,0.00000E+00,12.1294E+00,0.00000E+00,0.00000E+00,4.4548E+00,0.00000E+00,0.00000E+00,10.9203E+00,0.00000E+00,0.00000E+00,4.0262E+00,0.00000E+00,0.00000E+00,18.2602E+00,0.0000E+00,0.0000E+00,4.2812E+00,0.0000E+00,0.0000E+00,49.216E+00,+99999.9E+99,+99999.9E+99,64.005E+00,+99999.9E+99,+99999.9E+99,1.08909E+03,0.00000E+03,0.00000E+03,0.00000E+03,0.00000E+03,0.00000E+03,1.17841E+03,0.00000E+03,0.00000E+03,0.00000E+03,0.00000E+03,0.00000E+03,0.45003E+03,0.00000E+03,0.00000E+03,0.00000E+03,0.00000E+03,0.00000E+03,0.92420E+00,0.00000E+00,0.00000E+00,0.88170E+00,0.64069E+00,0.70946E+00,0.000E+00,-159.170E+00,143.530E+00,151.848E+00,-29.327E+00,98.721E+00,22.451E+00,90.000E+00,90.000E+00,12.5932E+00,0.00000E+00,0.00000E+00,81.058E+00,100.000E+00,100.000E+00,0.20629E+03,0.00000E+03,0.00000E+03,+99999.9E+99,+99999.9E+99,+99999.9E+99,+99999.9E+99,+99999.9E+99,+99999.9E+99,+99999.9E+99,+99999.9E+99,+99999.9E+99,+99999.9E+99,+99999.9E+99,+99999.9E+99,1B00,0,0,0,1B00,76.7029E+00,76.6766E+00,76.3868E+00,76.5888E+00,72.5723E+00,72.7007E+00,72.0440E+00,72.4390E+00,76.7029E+00,76.6766E+00,76.3868E+00,0.0000E+00,0.0000E+00,0.0000E+00,70.7375E+00,70.6535E+00,70.4994E+00,105.786E+00,106.074E+00,105.649E+00,-104.220E+00,-105.057E+00,-104.526E+00,35.820E+00,35.310E+00,35.745E+00,+99999.9E+99,+99999.9E+99,+99999.9E+99,0.196E+00,9.7887E+00,9.3945E+00,9.9971E+00,9.7268E+00,8.4855E+00,8.1524E+00,8.5465E+00,8.3948E+00,9.7882E+00,9.3945E+00,9.9971E+00,-0.1033E+00,0.0000E+00,0.0000E+00,13.4295E+00,13.4740E+00,14.0222E+00,26.4076E+00,24.8633E+00,27.3105E+00,-25.6333E+00,-23.4357E+00,-26.7990E+00,42.817E+00,42.107E+00,40.219E+00,+99999.9E+99,+99999.9E+99,+99999.9E+99,2.486E+00,0.28875E+03,0.28758E+03,0.30646E+03,0.88280E+03,0.46797E+03,0.48289E+03,0.49177E+03,1.44263E+03,0.43538E+03,0.41823E+03,0.44371E+03,1.29732E+03,0.54333E+03,0.54636E+03,0.56388E+03,1.65327E+03,-0.32585E+03,-0.30366E+03,-0.32087E+03,-0.95039E+03,-0.27606E+03,-0.25559E+03,-0.27590E+03,-0.80755E+03,-0.66322E+00,-0.68762E+00,-0.69068E+00,-0.68048E+00,-0.86130E+00,-0.88383E+00,-0.87212E+00,-0.87259E+00,0.000E+00,120.176E+00,-119.981E+00,60.491E+00,178.002E+00,-60.575E+00,-48.454E+00,-46.558E+00,-46.316E+00,-47.119E+00,201.885E+00,201.672E+00,202.507E+00,92.406E+00,+99999.9E+99,+99999.9E+99,0.00007E+06,-0.00053E+06,0.00000E+00,10.301E+00,0.756E+03,0.00082E+06,43.811E+00,F0F08
2021/11/30,17:33:36,00000:00:01,750,38003F00,700,1F00,1F00,3F00,99.916E+00,0.000E+00,0.000E+00,110.978E+00,0.000E+00,0.000E+00,0.502E+00,0.000E+00,0.000E+00,99.915E+00,0.000E+00,0.000E+00,0.000E+00,0.000E+00,0.000E+00,100.911E+00,0.000E+00,0.000E+00,98.829E+00,0.000E+00,0.000E+00,67.532E+00,+99999.9E+99,+99999.9E+99,1.042E+00,+99999.9E+99,+99999.9E+99,11.7940E+00,0.00000E+00,0.00000E+00,12.1294E+00,0.00000E+00,0.00000E+00,4.4548E+00,0.00000E+00,0.00000E+00,10.9203E+00,0.00000E+00,0.00000E+00,4.0262E+00,0.00000E+00,0.00000E+00,18.2602E+00,0.0000E+00,0.0000E+00,4.2812E+00,0.0000E+00,0.0000E+00,49.216E+00,+99999.9E+99,+99999.9E+99,64.005E+00,+99999.9E+99,+99999.9E+99,1.08909E+03,0.00000E+03,0.00000E+03,0.00000E+03,0.00000E+03,0.00000E+03,1.17841E+03,0.00000E+03,0.00000E+03,0.00000E+03,0.00000E+03,0.00000E+03,0.45003E+03,0.00000E+03,0.00000E+03,0.00000E+03,0.00000E+03,0.00000E+03,0.92420E+00,0.00000E+00,0.00000E+00,0.88170E+00,0.64069E+00,0.70946E+00,0.000E+00,-159.170E+00,143.530E+00,151.848E+00,-29.327E+00,98.721E+00,22.451E+00,90.000E+00,90.000E+00,12.5932E+00,0.00000E+00,0.00000E+00,96.889E+00,100.000E+00,100.000E+00,0.03388E+03,0.00000E+03,0.00000E+03,+99999.9E+99,+99999.9E+99,+99999.9E+99,+99999.9E+99,+99999.9E+99,+99999.9E+99,+99999.9E+99,+99999.9E+99,+99999.9E+99,+99999.9E+99,+99999.9E+99,+99999.9E+99,1B00,0,0,0,1B00,76.5206E+00,77.0174E+00,77.0192E+00,76.8524E+00,71.8683E+00,72.8061E+00,72.7939E+00,72.4894E+00,76.5206E+00,77.0174E+00,77.0192E+00,0.0000E+00,0.0000E+00,0.0000E+00,73.1121E+00,73.1989E+00,73.1176E+00,105.766E+00,106.069E+00,105.844E+00,-104.573E+00,-105.076E+00,-104.974E+00,14.058E+00,14.018E+00,14.212E+00,+99999.9E+99,+99999.9E+99,+99999.9E+99,0.081E+00,11.7085E+00,11.4751E+00,11.2701E+00,11.4845E+00,10.1093E+00,9.9795E+00,9.6858E+00,9.9249E+00,11.7073E+00,11.4690E+00,11.2573E+00,-0.1629E+00,-0.3735E+00,0.5376E+00,4.8862E+00,4.6605E+00,4.8541E+00,27.6271E+00,27.1910E+00,28.5486E+00,-26.6138E+00,-26.8219E+00,-25.9309E+00,57.754E+00,59.162E+00,56.262E+00,+99999.9E+99,+99999.9E+99,+99999.9E+99,2.192E+00,0.36263E+03,0.34423E+03,0.34834E+03,1.05521E+03,0.17693E+03,0.17297E+03,0.18068E+03,0.53059E+03,0.52265E+03,0.51161E+03,0.50507E+03,1.53932E+03,0.20199E+03,0.19557E+03,0.20219E+03,0.59968E+03,-0.37637E+03,-0.37848E+03,-0.36572E+03,-1.12057E+03,-0.09746E+03,-0.09126E+03,-0.09074E+03,-0.27946E+03,-0.69384E+00,-0.67284E+00,-0.68970E+00,-0.68550E+00,-0.87591E+00,-0.88445E+00,-0.89363E+00,-0.88478E+00,0.000E+00,120.032E+00,-119.928E+00,58.883E+00,177.813E+00,-63.262E+00,-46.065E+00,-47.713E+00,-46.394E+00,-46.725E+00,201.929E+00,201.919E+00,201.310E+00,92.821E+00,+99999.9E+99,+99999.9E+99,0.00008E+06,-0.00064E+06,0.00000E+00,12.365E+00,0.756E+03,0.00098E+06,43.809E+00,F0F08
2021/11/30,17:33:37,00000:00:01,800,38003800,2800,3800,3800,3800,99.979E+00,0.000E+00,0.000E+00,111.047E+00,0.000E+00,0.000E+00,0.500E+00,0.000E+00,0.000E+00,99.978E+00,0.000E+00,0.000E+00,0.000E+00,0.000E+00,0.000E+00,100.961E+00,0.000E+00,0.000E+00,98.814E+00,0.000E+00,0.000E+00,34.488E+00,+99999.9E+99,+99999.9E+99,1.073E+00,+99999.9E+99,+99999.9E+99,11.5883E+00,0.00000E+00,0.00000E+00,11.8040E+00,0.00000E+00,0.00000E+00,4.6204E+00,0.00000E+00,0.00000E+00,10.6274E+00,0.00000E+00,0.00000E+00,4.2520E+00,0.00000E+00,0.00000E+00,18.2517E+00,0.0000E+00,0.0000E+00,4.1267E+00,0.0000E+00,0.0000E+00,39.531E+00,+99999.9E+99,+99999.9E+99,66.456E+00,+99999.9E+99,+99999.9E+99,1.06043E+03,0.00000E+03,0.00000E+03,0.00000E+03,0.00000E+03,0.00000E+03,1.15859E+03,0.00000E+03,0.00000E+03,0.00000E+03,0.00000E+03,0.00000E+03,0.46670E+03,0.00000E+03,0.00000E+03,0.00000E+03,0.00000E+03,0.00000E+03,0.91528E+00,0.00000E+00,0.00000E+00,0.93455E+00,0.99984E+00,0.59299E+00,0.000E+00,132.646E+00,-178.027E+00,159.156E+00,-48.385E+00,128.343E+00,23.755E+00,90.000E+00,90.000E+00,0.00000E+00,0.00000E+00,0.00000E+00,119.704E+00,100.000E+00,100.000E+00,-0.20894E+03,0.00000E+03,0.00000E+03,+99999.9E+99,+99999.9E+99,+99999.9E+99,+99999.9E+99,+99999.9E+99,+99999.9E+99,+99999.9E+99,+99999.9E+99,+99999.9E+99,+99999.9E+99,+99999.9E+99,+99999.9E+99,1B00,0,0,0,1B00,77.2219E+00,77.2313E+00,76.9905E+00,77.1479E+00,72.1855E+00,72.3905E+00,71.8191E+00,72.1317E+00,77.2219E+00,77.2313E+00,76.9905E+00,0.0000E+00,0.0000E+00,0.0000E+00,71.0272E+00,71.6967E+00,71.4880E+00,105.456E+00,105.710E+00,105.489E+00,-104.533E+00,-104.264E+00,-104.806E+00,30.176E+00,30.449E+00,30.406E+00,+99999.9E+99,+99999.9E+99,+99999.9E+99,0.548E+00,13.3971E+00,12.9529E+00,13.3579E+00,13.2359E+00,12.3655E+00,11.9451E+00,12.3057E+00,12.2054E+00,13.3960E+00,12.9529E+00,13.3561E+00,-0.1736E+00,0.0000E+00,0.2144E+00,12.4390E+00,11.2960E+00,11.4572E+00,27.2586E+00,26.7352E+00,28.1052E+00,-26.0400E+00,-26.5524E+00,-26.4124E+00,40.863E+00,44.207E+00,44.123E+00,+99999.9E+99,+99999.9E+99,+99999.9E+99,5.969E+00,0.42081E+03,0.41251E+03,0.43605E+03,1.26937E+03,0.44665E+03,0.39685E+03,0.42464E+03,1.26814E+03,0.60355E+03,0.58349E+03,0.60030E+03,1.78734E+03,0.50101E+03,0.45993E+03,0.46434E+03,1.42379E+03,-0.43266E+03,-0.41267E+03,-0.41258E+03,-1.25791E+03,-0.22696E+03,-0.23248E+03,-0.18787E+03,-0.64731E+03,-0.69723E+00,-0.70698E+00,-0.72638E+00,-0.71020E+00,-0.89150E+00,-0.86285E+00,-0.91450E+00,-0.89068E+00,0.000E+00,119.889E+00,-119.595E+00,57.245E+00,-179.847E+00,-65.939E+00,-45.795E+00,-45.011E+00,-43.416E+00,-44.749E+00,201.379E+00,201.598E+00,201.933E+00,89.639E+00,+99999.9E+99,+99999.9E+99,0.00013E+06,-0.00073E+06,0.00000E+00,14.347E+00,0.757E+03,0.00114E+06,43.589E+00,F0F08
2021/11/30,17:33:37,00000:00:01,850,38003F00,2D00,3F00,3F00,3F00,99.979E+00,0.000E+00,0.000E+00,111.047E+00,0.000E+00,0.000E+00,0.500E+00,0.000E+00,0.000E+00,99.978E+00,0.000E+00,0.000E+00,0.000E+00,0.000E+00,0.000E+00,100.961E+00,0.000E+00,0.000E+00,98.814E+00,0.000E+00,0.000E+00,34.488E+00,+99999.9E+99,+99999.9E+99,1.073E+00,+99999.9E+99,+99999.9E+99,11.5883E+00,0.00000E+00,0.00000E+00,11.8040E+00,0.00000E+00,0.00000E+00,4.6204E+00,0.00000E+00,0.00000E+00,10.6274E+00,0.00000E+00,0.00000E+00,4.2520E+00,0.00000E+00,0.00000E+00,18.2517E+00,0.0000E+00,0.0000E+00,4.1267E+00,0.0000E+00,0.0000E+00,39.531E+00,+99999.9E+99,+99999.9E+99,66.456E+00,+99999.9E+99,+99999.9E+99,1.06043E+03,0.00000E+03,0.00000E+03,0.00000E+03,0.00000E+03,0.00000E+03,1.15859E+03,0.00000E+03,0.00000E+03,0.00000E+03,0.00000E+03,0.00000E+03,0.46670E+03,0.00000E+03,0.00000E+03,0.00000E+03,0.00000E+03,0.00000E+03,0.91528E+00,0.00000E+00,0.00000E+00,0.93455E+00,0.99984E+00,0.59299E+00,0.000E+00,132.646E+00,-178.027E+00,159.156E+00,-48.385E+00,128.343E+00,23.755E+00,90.000E+00,90.000E+00,0.00000E+00,0.00000E+00,0.00000E+00,73.149E+00,100.000E+00,100.000E+00,0.28474E+03,0.00000E+03,0.00000E+03,+99999.9E+99,+99999.9E+99,+99999.9E+99,+99999.9E+99,+99999.9E+99,+99999.9E+99,+99999.9E+99,+99999.9E+99,+99999.9E+99,+99999.9E+99,+99999.9E+99,+99999.9E+99,1B00,0,0,0,1B00,76.2965E+00,76.6405E+00,76.5186E+00,76.4852E+00,72.2121E+00,72.8807E+00,72.6391E+00,72.5773E+00,76.2965E+00,76.6405E+00,76.5186E+00,0.0000E+00,0.0000E+00,0.0000E+00,71.3191E+00,71.2046E+00,71.0374E+00,105.684E+00,106.073E+00,105.699E+00,-104.551E+00,-104.614E+00,-107.140E+00,31.805E+00,31.093E+00,31.772E+00,+99999.9E+99,+99999.9E+99,+99999.9E+99,0.237E+00,8.2565E+00,8.1992E+00,8.1399E+00,8.1985E+00,7.3533E+00,7.3101E+00,7.2458E+00,7.3031E+00,8.2557E+00,8.1982E+00,8.1361E+00,-0.1170E+00,-0.1302E+00,0.2482E+00,11.7365E+00,11.7462E+00,12.3565E+00,22.2062E+00,21.0276E+00,20.3490E+00,-18.7895E+00,-19.1314E+00,-19.9010E+00,45.061E+00,43.910E+00,41.964E+00,+99999.9E+99,+99999.9E+99,+99999.9E+99,3.447E+00,0.26054E+03,0.25459E+03,0.26055E+03,0.77569E+03,0.40434E+03,0.42582E+03,0.43248E+03,1.26264E+03,0.36543E+03,0.36313E+03,0.36144E+03,1.09000E+03,0.47108E+03,0.47923E+03,0.49774E+03,1.44758E+03,-0.25624E+03,-0.25893E+03,-0.25050E+03,-0.76567E+03,-0.24171E+03,-0.21986E+03,-0.24639E+03,-0.70796E+03,-0.71297E+00,-0.70111E+00,-0.72087E+00,-0.71164E+00,-0.85833E+00,-0.88855E+00,-0.86888E+00,-0.87225E+00,0.000E+00,120.210E+00,-119.982E+00,60.812E+00,177.441E+00,-60.176E+00,-44.523E+00,-45.484E+00,-43.873E+00,-44.632E+00,202.369E+00,201.971E+00,201.967E+00,94.895E+00,+99999.9E+99,+99999.9E+99,0.00004E+06,-0.00048E+06,0.00000E+00,9.296E+00,0.756E+03,0.00074E+06,43.951E+00,F0F08
2021/11/30,17:33:37,00000:00:01,900,38003F00,2800,3B00,3B00,3F00,99.816E+00,0.000E+00,0.000E+00,110.866E+00,0.000E+00,0.000E+00,0.490E+00,0.000E+00,0.000E+00,99.815E+00,0.000E+00,0.000E+00,0.000E+00,0.000E+00,0.000E+00,100.961E+00,0.000E+00,0.000E+00,98.789E+00,0.000E+00,0.000E+00,34.488E+00,+99999.9E+99,+99999.9E+99,1.088E+00,+99999.9E+99,+99999.9E+99,12.1915E+00,0.00000E+00,0.00000E+00,12.6799E+00,0.00000E+00,0.00000E+00,4.2791E+00,0.00000E+00,0.00000E+00,11.4159E+00,0.00000E+00,0.00000E+00,4.2520E+00,0.00000E+00,0.00000E+00,18.2083E+00,0.0000E+00,0.0000E+00,4.1993E+00,0.0000E+00,0.0000E+00,39.531E+00,+99999.9E+99,+99999.9E+99,61.358E+00,+99999.9E+99,+99999.9E+99,1.13759E+03,0.00000E+03,0.00000E+03,0.00000E+03,0.00000E+03,0.00000E+03,1.21691E+03,0.00000E+03,0.00000E+03,0.00000E+03,0.00000E+03,0.00000E+03,0.43215E+03,0.00000E+03,0.00000E+03,0.00000E+03,0.00000E+03,0.00000E+03,0.93482E+00,0.00000E+00,0.00000E+00,0.93455E+00,0.99984E+00,0.59299E+00,0.000E+00,132.646E+00,-178.027E+00,159.156E+00,-48.385E+00,128.343E+00,20.801E+00,90.000E+00,90.000E+00,9.33174E+00,0.00000E+00,0.00000E+00,108.302E+00,100.000E+00,100.000E+00,-0.09444E+03,0.00000E+03,0.00000E+03,+99999.9E+99,+99999.9E+99,+99999.9E+99,+99999.9E+99,+99999.9E+99,+99999.9E+99,+99999.9E+99,+99999.9E+99,+99999.9E+99,+99999.9E+99,+99999.9E+99,+99999.9E+99,1800,0,0,0,1800,77.0664E+00,77.1854E+00,77.1140E+00,77.1220E+00,72.0599E+00,72.4617E+00,72.2131E+00,72.2449E+00,77.0664E+00,77.1854E+00,77.1140E+00,0.0000E+00,0.0000E+00,0.0000E+00,73.0199E+00,73.2680E+00,73.1381E+00,105.741E+00,106.126E+00,105.726E+00,-104.447E+00,-107.246E+00,-104.630E+00,14.077E+00,14.348E+00,14.436E+00,+99999.9E+99,+99999.9E+99,+99999.9E+99,0.196E+00,13.2337E+00,12.7955E+00,12.9901E+00,13.0064E+00,12.0409E+00,11.5860E+00,11.6430E+00,11.7566E+00,13.2326E+00,12.7910E+00,12.9798E+00,-0.1753E+00,-0.3396E+00,0.5160E+00,5.2434E+00,4.7493E+00,4.8940E+00,27.3652E+00,27.0581E+00,28.5681E+00,-26.3871E+00,-27.1948E+00,-26.6110E+00,54.468E+00,58.853E+00,56.866E+00,+99999.9E+99,+99999.9E+99,+99999.9E+99,4.670E+00,0.41866E+03,0.39805E+03,0.41532E+03,1.23203E+03,0.18911E+03,0.17312E+03,0.18538E+03,0.54762E+03,0.59556E+03,0.57474E+03,0.58352E+03,1.75383E+03,0.21391E+03,0.19815E+03,0.20363E+03,0.61534E+03,-0.42358E+03,-0.41459E+03,-0.40989E+03,-1.24805E+03,-0.09997E+03,-0.09640E+03,-0.08426E+03,-0.28063E+03,-0.70297E+00,-0.69258E+00,-0.71174E+00,-0.70248E+00,-0.88407E+00,-0.87367E+00,-0.91038E+00,-0.88995E+00,0.000E+00,120.007E+00,-119.829E+00,57.974E+00,179.060E+00,-65.438E+00,-45.334E+00,-46.165E+00,-44.623E+00,-45.373E+00,201.201E+00,201.381E+00,201.617E+00,91.230E+00,+99999.9E+99,+99999.9E+99,0.00011E+06,-0.00073E+06,0.00000E+00,14.181E+00,0.757E+03,0.00112E+06,43.573E+00,F0F08
2021/11/30,17:33:37,00000:00:01,950,38003F00,0,1B00,1B00,3F00,99.956E+00,0.000E+00,0.000E+00,111.022E+00,0.000E+00,0.000E+00,0.489E+00,0.000E+00,0.000E+00,99.955E+00,0.000E+00,0.000E+00,0.000E+00,0.000E+00,0.000E+00,100.864E+00,0.000E+00,0.000E+00,98.818E+00,0.000E+00,0.000E+00,100.839E+00,+99999.9E+99,+99999.9E+99,1.024E+00,+99999.9E+99,+99999.9E+99,11.4778E+00,0.00000E+00,0.00000E+00,11.7687E+00,0.00000E+00,0.00000E+00,4.4129E+00,0.00000E+00,0.00000E+00,10.5955E+00,0.00000E+00,0.00000E+00,2.8880E+00,0.00000E+00,0.00000E+00,17.8955E+00,0.0000E+00,0.0000E+00,4.2274E+00,0.0000E+00,0.0000E+00,104.292E+00,+99999.9E+99,+99999.9E+99,64.499E+00,+99999.9E+99,+99999.9E+99,1.05716E+03,0.00000E+03,0.00000E+03,0.00000E+03,0.00000E+03,0.00000E+03,1.14727E+03,0.00000E+03,0.00000E+03,0.00000E+03,0.00000E+03,0.00000E+03,0.44570E+03,0.00000E+03,0.00000E+03,0.00000E+03,0.00000E+03,0.00000E+03,0.92145E+00,0.00000E+00,0.00000E+00,0.82833E+00,0.15530E+00,0.72658E+00,0.000E+00,-90.287E+00,135.561E+00,145.928E+00,170.778E+00,92.161E+00,22.860E+00,90.000E+00,90.000E+00,12.8534E+00,0.00000E+00,0.00000E+00,102.414E+00,100.000E+00,100.000E+00,-0.02552E+03,0.00000E+03,0.00000E+03,+99999.9E+99,+99999.9E+99,+99999.9E+99,+99999.9E+99,+99999.9E+99,+99999.9E+99,+99999.9E+99,+99999.9E+99,+99999.9E+99,+99999.9E+99,+99999.9E+99,+99999.9E+99,1B00,0,0,0,1B00,76.7375E+00,77.0821E+00,76.8168E+00,76.8788E+00,71.9862E+00,72.6140E+00,72.1358E+00,72.2453E+00,76.7375E+00,77.0821E+00,76.8168E+00,0.0000E+00,0.0000E+00,0.0000E+00,70.1424E+00,70.4753E+00,70.4187E+00,105.447E+00,105.957E+00,105.539E+00,-104.520E+00,-104.824E+00,-104.704E+00,37.248E+00,37.259E+00,37.166E+00,+99999.9E+99,+99999.9E+99,+99999.9E+99,0.298E+00,11.8495E+00,11.6990E+00,11.9690E+00,11.8392E+00,10.4119E+00,10.3580E+00,10.5301E+00,10.4334E+00,11.8491E+00,11.6990E+00,11.9690E+00,-0.1027E+00,0.0000E+00,0.0000E+00,14.8512E+00,14.3058E+00,14.3029E+00,27.4576E+00,26.7538E+00,28.2429E+00,-25.7600E+00,-26.7543E+00,-26.6867E+00,39.722E+00,40.954E+00,41.008E+00,+99999.9E+99,+99999.9E+99,+99999.9E+99,2.705E+00,0.35529E+03,0.35797E+03,0.36942E+03,1.08268E+03,0.52615E+03,0.49774E+03,0.51607E+03,1.53995E+03,0.52909E+03,0.52385E+03,0.53674E+03,1.58967E+03,0.60029E+03,0.57597E+03,0.58087E+03,1.75677E+03,-0.39205E+03,-0.38245E+03,-0.38938E+03,-1.16388E+03,-0.28899E+03,-0.28983E+03,-0.26662E+03,-0.84545E+03,-0.67151E+00,-0.68335E+00,-0.68828E+00,-0.68107E+00,-0.87649E+00,-0.86416E+00,-0.88843E+00,-0.87658E+00,0.000E+00,119.895E+00,-119.815E+00,58.936E+00,-179.919E+00,-62.622E+00,-47.816E+00,-46.894E+00,-46.506E+00,-47.072E+00,202.109E+00,202.239E+00,201.800E+00,90.650E+00,+99999.9E+99,+99999.9E+99,0.00010E+06,-0.00062E+06,0.00000E+00,12.384E+00,0.757E+03,0.00098E+06,43.833E+00,F0F0F
2021/11/30,17:33:37,00000:00:02,0,38003D00,500,1C00,1C00,3800,99.956E+00,0.000E+00,0.000E+00,111.022E+00,0.000E+00,0.000E+00,0.489E+00,0.000E+00,0.000E+00,99.955E+00,0.000E+00,0.000E+00,0.000E+00,0.000E+00,0.000E+00,100.864E+00,0.000E+00,0.000E+00,98.818E+00,0.000E+00,0.000E+00,20.816E+00,+99999.9E+99,321.093E+00,1.024E+00,+99999.9E+99,+99999.9E+99,11.4778E+00,0.00000E+00,0.00000E+00,11.7687E+00,0.00000E+00,0.00000E+00,4.4129E+00,0.00000E+00,0.00000E+00,10.5955E+00,0.00000E+00,0.00000E+00,4.5769E+00,0.00000E+00,0.00000E+00,17.8955E+00,0.0000E+00,0.0000E+00,4.2274E+00,0.0000E+00,0.0000E+00,8.145E+00,+99999.9E+99,+99999.9E+99,64.499E+00,+99999.9E+99,+99999.9E+99,1.05716E+03,0.00000E+03,0.00000E+03,0.00000E+03,0.00000E+03,0.00000E+03,1.14727E+03,0.00000E+03,0.00000E+03,0.00000E+03,0.00000E+03,0.00000E+03,0.44570E+03,0.00000E+03,0.00000E+03,0.00000E+03,0.00000E+03,0.00000E+03,0.92145E+00,0.00000E+00,0.00000E+00,0.91427E+00,0.77432E+00,0.71638E+00,0.000E+00,-84.473E+00,174.236E+00,156.102E+00,-45.216E+00,38.480E+00,22.860E+00,90.000E+00,90.000E+00,12.8534E+00,0.00000E+00,0.00000E+00,78.719E+00,100.000E+00,100.000E+00,0.22497E+03,0.00000E+03,0.00000E+03,+99999.9E+99,+99999.9E+99,+99999.9E+99,+99999.9E+99,+99999.9E+99,+99999.9E+99,+99999.9E+99,+99999.9E+99,+99999.9E+99,+99999.9E+99,+99999.9E+99,+99999.9E+99,1B00,0,0,0,1B00,76.5255E+00,76.5740E+00,76.5273E+00,76.5422E+00,72.3461E+00,72.6423E+00,72.3960E+00,72.4615E+00,76.5254E+00,76.5740E+00,76.5273E+00,0.0000E+00,0.0000E+00,0.0000E+00,72.4669E+00,72.2267E+00,72.2162E+00,105.904E+00,106.177E+00,105.826E+00,-105.070E+00,-104.790E+00,-104.141E+00,22.572E+00,21.659E+00,22.179E+00,+99999.9E+99,+99999.9E+99,+99999.9E+99,0.222E+00,9.3387E+00,8.8287E+00,8.9837E+00,9.0504E+00,8.1246E+00,7.6986E+00,7.7460E+00,7.8564E+00,9.3376E+00,8.8252E+00,8.9753E+00,-0.1376E+00,-0.2494E+00,0.3880E+00,7.7016E+00,8.1597E+00,8.3435E+00,25.7224E+00,23.7467E+00,24.8290E+00,-26.1976E+00,-25.0119E+00,-22.0100E+00,52.605E+00,48.227E+00,47.212E+00,+99999.9E+99,+99999.9E+99,+99999.9E+99,4.665E+00,0.28480E+03,0.26610E+03,0.28128E+03,0.83219E+03,0.27329E+03,0.29559E+03,0.29673E+03,0.86560E+03,0.41493E+03,0.39120E+03,0.39804E+03,1.20417E+03,0.31634E+03,0.32833E+03,0.34168E+03,0.98576E+03,-0.30175E+03,-0.28675E+03,-0.28162E+03,-0.87013E+03,-0.15933E+03,-0.14292E+03,-0.16940E+03,-0.47165E+03,-0.68639E+00,-0.68022E+00,-0.70668E+00,-0.69109E+00,-0.86390E+00,-0.90028E+00,-0.86845E+00,-0.87811E+00,0.000E+00,120.114E+00,-120.106E+00,60.134E+00,175.916E+00,-60.273E+00,-46.655E+00,-47.139E+00,-45.035E+00,-46.284E+00,201.428E+00,201.514E+00,201.852E+00,94.776E+00,+99999.9E+99,+99999.9E+99,0.00004E+06,-0.00052E+06,0.00000E+00,9.970E+00,0.755E+03,0.00079E+06,43.744E+00,F0F08
2021/11/30,17:33:37,00000:00:02,50,38003F00,700,1F00,1F00,3F00,99.956E+00,0.000E+00,0.000E+00,111.022E+00,0.000E+00,0.000E+00,0.489E+00,0.000E+00,0.000E+00,99.955E+00,0.000E+00,0.000E+00,0.000E+00,0.000E+00,0.000E+00,100.864E+00,0.000E+00,0.000E+00,98.818E+00,0.000E+00,0.000E+00,20.816E+00,+99999.9E+99,321.093E+00,1.024E+00,+99999.9E+99,+99999.9E+99,11.4778E+00,0.00000E+00,0.00000E+00,11.7687E+00,0.00000E+00,0.00000E+00,4.4129E+00,0.00000E+00,0.00000E+00,10.5955E+00,0.00000E+00,0.00000E+00,4.5769E+00,0.00000E+00,0.00000E+00,17.8955E+00,0.0000E+00,0.0000E+00,4.2274E+00,0.0000E+00,0.0000E+00,8.145E+00,+99999.9E+99,+99999.9E+99,64.499E+00,+99999.9E+99,+99999.9E+99,1.05716E+03,0.00000E+03,0.00000E+03,0.00000E+03,0.00000E+03,0.00000E+03,1.14727E+03,0.00000E+03,0.00000E+03,0.00000E+03,0.00000E+03,0.00000E+03,0.44570E+03,0.00000E+03,0.00000E+03,0.00000E+03,0.00000E+03,0.00000E+03,0.92145E+00,0.00000E+00,0.00000E+00,0.91427E+00,0.77432E+00,0.71638E+00,0.000E+00,-84.473E+00,174.236E+00,156.102E+00,-45.216E+00,38.480E+00,22.860E+00,90.000E+00,90.000E+00,12.8534E+00,0.00000E+00,0.00000E+00,127.643E+00,100.000E+00,100.000E+00,-0.29224E+03,0.00000E+03,0.00000E+03,+99999.9E+99,+99999.9E+99,+99999.9E+99,+99999.9E+99,+99999.9E+99,+99999.9E+99,+99999.9E+99,+99999.9E+99,+99999.9E+99,+99999.9E+99,+99999.9E+99,+99999.9E+99,1B00,0,0,0,1B00,76.9842E+00,77.4491E+00,77.3048E+00,77.2460E+00,71.6539E+00,72.5081E+00,72.2604E+00,72.1408E+00,76.9842E+00,77.4491E+00,77.3047E+00,0.0000E+00,0.0000E+00,0.0000E+00,72.2533E+00,72.7310E+00,72.5785E+00,105.631E+00,105.891E+00,105.677E+00,-104.144E+00,-105.451E+00,-105.180E+00,19.544E+00,19.393E+00,19.691E+00,+99999.9E+99,+99999.9E+99,+99999.9E+99,0.396E+00,13.9010E+00,13.6053E+00,13.7232E+00,13.7432E+00,13.0091E+00,12.8341E+00,12.7711E+00,12.8714E+00,13.8999E+00,13.6029E+00,13.7164E+00,-0.1745E+00,-0.2569E+00,0.4325E+00,7.7002E+00,7.0932E+00,6.9645E+00,27.3824E+00,27.2205E+00,28.7429E+00,-26.0067E+00,-26.7719E+00,-26.8462E+00,48.566E+00,51.173E+00,52.283E+00,+99999.9E+99,+99999.9E+99,+99999.9E+99,7.453E+00,0.45396E+03,0.44263E+03,0.45280E+03,1.34940E+03,0.27870E+03,0.24044E+03,0.26090E+03,0.78004E+03,0.62560E+03,0.61309E+03,0.62058E+03,1.85926E+03,0.31424E+03,0.28210E+03,0.28469E+03,0.87966E+03,-0.43045E+03,-0.42421E+03,-0.42437E+03,-1.27903E+03,-0.14516E+03,-0.14754E+03,-0.11392E+03,-0.40662E+03,-0.72564E+00,-0.72197E+00,-0.72964E+00,-0.72577E+00,-0.88690E+00,-0.85232E+00,-0.91645E+00,-0.88675E+00,0.000E+00,119.911E+00,-119.714E+00,57.734E+00,-178.621E+00,-66.281E+00,-43.478E+00,-43.782E+00,-43.143E+00,-43.467E+00,201.528E+00,201.159E+00,200.831E+00,90.496E+00,+99999.9E+99,+99999.9E+99,0.00013E+06,-0.00078E+06,0.00000E+00,15.411E+00,0.757E+03,0.00122E+06,43.681E+00,F0F08
2021/11/30,17:33:37,00000:00:02,100,38003F00,500,1F00,1F00,3F00,99.956E+00,0.000E+00,0.000E+00,111.022E+00,0.000E+00,0.000E+00,0.489E+00,0.000E+00,0.000E+00,99.955E+00,0.000E+00,0.000E+00,0.000E+00,0.000E+00,0.000E+00,100.864E+00,0.000E+00,0.000E+00,98.818E+00,0.000E+00,0.000E+00,62.028E+00,+99999.9E+99,+99999.9E+99,1.024E+00,+99999.9E+99,+99999.9E+99,11.4778E+00,0.00000E+00,0.00000E+00,11.7687E+00,0.00000E+00,0.00000E+00,4.4129E+00,0.00000E+00,0.00000E+00,10.5955E+00,0.00000E+00,0.00000E+00,4.0277E+00,0.00000E+00,0.00000E+00,17.8955E+00,0.0000E+00,0.0000E+00,4.2274E+00,0.0000E+00,0.0000E+00,44.205E+00,+99999.9E+99,+99999.9E+99,64.499E+00,+99999.9E+99,+99999.9E+99,1.05716E+03,0.00000E+03,0.00000E+03,0.00000E+03,0.00000E+03,0.00000E+03,1.14727E+03,0.00000E+03,0.00000E+03,0.00000E+03,0.00000E+03,0.00000E+03,0.44570E+03,0.00000E+03,0.00000E+03,0.00000E+03,0.00000E+03,0.00000E+03,0.92145E+00,0.00000E+00,0.00000E+00,0.89583E+00,0.38843E+00,0.99944E+00,0.000E+00,125.422E+00,161.876E+00,153.615E+00,-167.435E+00,159.954E+00,22.860E+00,90.000E+00,90.000E+00,12.8534E+00,0.00000E+00,0.00000E+00,84.244E+00,100.000E+00,100.000E+00,0.16656E+03,0.00000E+03,0.00000E+03,+99999.9E+99,+99999.9E+99,+99999.9E+99,+99999.9E+99,+99999.9E+99,+99999.9E+99,+99999.9E+99,+99999.9E+99,+99999.9E+99,+99999.9E+99,+99999.9E+99,+99999.9E+99,1B00,0,0,0,1B00,76.6894E+00,76.6378E+00,76.3558E+00,76.5610E+00,72.5761E+00,72.6732E+00,72.0219E+00,72.4237E+00,76.6894E+00,76.6378E+00,76.3558E+00,0.0000E+00,0.0000E+00,0.0000E+00,70.1814E+00,70.2124E+00,70.1104E+00,105.724E+00,106.013E+00,105.599E+00,-104.246E+00,-104.106E+00,-104.347E+00,38.282E+00,37.948E+00,38.167E+00,+99999.9E+99,+99999.9E+99,+99999.9E+99,0.081E+00,9.8357E+00,9.4288E+00,10.0185E+00,9.7610E+00,8.5419E+00,8.1954E+00,8.5872E+00,8.4415E+00,9.8351E+00,9.4288E+00,10.0185E+00,-0.1060E+00,0.0000E+00,0.0000E+00,14.7607E+00,14.6361E+00,14.9726E+00,26.1538E+00,24.9452E+00,27.2152E+00,-25.6724E+00,-23.4752E+00,-26.5714E+00,40.717E+00,40.778E+00,39.440E+00,+99999.9E+99,+99999.9E+99,+99999.9E+99,1.393E+00,0.29170E+03,0.28978E+03,0.30912E+03,0.89060E+03,0.51723E+03,0.51826E+03,0.53041E+03,1.56591E+03,0.43740E+03,0.41954E+03,0.44437E+03,1.30131E+03,0.59640E+03,0.59038E+03,0.60430E+03,1.79099E+03,-0.32593E+03,-0.30338E+03,-0.31923E+03,-0.94854E+03,-0.29693E+03,-0.28276E+03,-0.28956E+03,-0.86924E+03,-0.66690E+00,-0.69071E+00,-0.69563E+00,-0.68439E+00,-0.86726E+00,-0.87785E+00,-0.87773E+00,-0.87432E+00,0.000E+00,120.069E+00,-119.944E+00,59.873E+00,178.643E+00,-61.286E+00,-48.171E+00,-46.314E+00,-45.922E+00,-46.812E+00,201.804E+00,202.181E+00,202.427E+00,91.884E+00,+99999.9E+99,+99999.9E+99,0.00007E+06,-0.00053E+06,0.00000E+00,10.340E+00,0.756E+03,0.00082E+06,43.827E+00,F0F08
2021/11/30,17:33:37,00000:00:02,150,38003F00,2A00,3B00,3B00,3F00,99.986E+00,0.000E+00,0.000E+00,111.055E+00,0.000E+00,0.000E+00,0.488E+00,0.000E+00,0.000E+00,99.985E+00,0.000E+00,0.000E+00,0.000E+00,0.000E+00,0.000E+00,100.932E+00,0.000E+00,0.000E+00,98.796E+00,0.000E+00,0.000E+00,62.028E+00,+99999.9E+99,+99999.9E+99,1.068E+00,+99999.9E+99,+99999.9E+99,11.4691E+00,0.00000E+00,0.00000E+00,11.7228E+00,0.00000E+00,0.00000E+00,4.4889E+00,0.00000E+00,0.00000E+00,10.5542E+00,0.00000E+00,0.00000E+00,4.0277E+00,0.00000E+00,0.00000E+00,18.3419E+00,0.0000E+00,0.0000E+00,4.2510E+00,0.0000E+00,0.0000E+00,44.205E+00,+99999.9E+99,+99999.9E+99,66.755E+00,+99999.9E+99,+99999.9E+99,1.05329E+03,0.00000E+03,0.00000E+03,0.00000E+03,0.00000E+03,0.00000E+03,1.14676E+03,0.00000E+03,0.00000E+03,0.00000E+03,0.00000E+03,0.00000E+03,0.45347E+03,0.00000E+03,0.00000E+03,0.00000E+03,0.00000E+03,0.00000E+03,0.91849E+00,0.00000E+00,0.00000E+00,0.89583E+00,0.38843E+00,0.99944E+00,0.000E+00,125.422E+00,161.876E+00,153.615E+00,-167.435E+00,159.954E+00,23.293E+00,90.000E+00,90.000E+00,0.00000E+00,0.00000E+00,0.00000E+00,98.570E+00,100.000E+00,100.000E+00,0.01506E+03,0.00000E+03,0.00000E+03,+99999.9E+99,+99999.9E+99,+99999.9E+99,+99999.9E+99,+99999.9E+99,+99999.9E+99,+99999.9E+99,+99999.9E+99,+99999.9E+99,+99999.9E+99,+99999.9E+99,+99999.9E+99,1B00,0,0,0,1B00,76.4980E+00,77.0061E+00,77.0129E+00,76.8390E+00,71.7865E+00,72.7332E+00,72.7402E+00,72.4200E+00,76.4980E+00,77.0061E+00,77.0129E+00,0.0000E+00,0.0000E+00,0.0000E+00,72.9994E+00,72.9903E+00,72.8794E+00,105.744E+00,106.070E+00,105.741E+00,-104.339E+00,-104.919E+00,-104.577E+00,15.627E+00,15.498E+00,15.490E+00,+99999.9E+99,+99999.9E+99,+99999.9E+99,0.105E+00,11.5431E+00,11.3228E+00,11.1250E+00,11.3303E+00,10.0133E+00,9.8894E+00,9.5827E+00,9.8285E+00,11.5422E+00,11.3156E+00,11.1114E+00,-0.1449E+00,-0.4038E+00,0.5500E+00,5.3479E+00,5.2821E+00,5.6784E+00,27.2619E+00,26.8581E+00,28.5295E+00,-25.9152E+00,-26.6467E+00,-25.8409E+00,57.354E+00,56.484E+00,52.446E+00,+99999.9E+99,+99999.9E+99,+99999.9E+99,3.528E+00,0.35696E+03,0.33854E+03,0.34273E+03,1.03823E+03,0.19142E+03,0.19828E+03,0.20523E+03,0.59493E+03,0.51488E+03,0.50455E+03,0.49838E+03,1.51781E+03,0.22016E+03,0.22058E+03,0.23191E+03,0.67243E+03,-0.37105E+03,-0.37412E+03,-0.36183E+03,-1.10700E+03,-0.10877E+03,-0.09664E+03,-0.10800E+03,-0.31341E+03,-0.69330E+00,-0.67097E+00,-0.68769E+00,-0.68403E+00,-0.86943E+00,-0.89892E+00,-0.88496E+00,-0.88474E+00,0.000E+00,120.101E+00,-119.959E+00,59.600E+00,176.037E+00,-62.151E+00,-46.108E+00,-47.858E+00,-46.553E+00,-46.841E+00,201.894E+00,201.232E+00,201.209E+00,93.199E+00,+99999.9E+99,+99999.9E+99,0.00007E+06,-0.00063E+06,0.00000E+00,12.224E+00,0.756E+03,0.00097E+06,43.841E+00,F0F08
2021/11/30,17:33:37,00000:00:02,200,38003F00,2D00,3F00,3F00,3F00,99.986E+00,0.000E+00,0.000E+00,111.055E+00,0.000E+00,0.000E+00,0.488E+00,0.000E+00,0.000E+00,99.985E+00,0.000E+00,0.000E+00,0.000E+00,0.000E+00,0.000E+00,100.932E+00,0.000E+00,0.000E+00,98.796E+00,0.000E+00,0.000E+00,36.057E+00,+99999.9E+99,450.545E+00,1.068E+00,+99999.9E+99,+99999.9E+99,11.4691E+00,0.00000E+00,0.00000E+00,11.7228E+00,0.00000E+00,0.00000E+00,4.4889E+00,0.00000E+00,0.00000E+00,10.5542E+00,0.00000E+00,0.00000E+00,3.9721E+00,0.00000E+00,0.00000E+00,18.3419E+00,0.0000E+00,0.0000E+00,4.2510E+00,0.0000E+00,0.0000E+00,43.698E+00,+99999.9E+99,+99999.9E+99,66.755E+00,+99999.9E+99,+99999.9E+99,1.05329E+03,0.00000E+03,0.00000E+03,0.00000E+03,0.00000E+03,0.00000E+03,1.14676E+03,0.00000E+03,0.00000E+03,0.00000E+03,0.00000E+03,0.00000E+03,0.45347E+03,0.00000E+03,0.00000E+03,0.00000E+03,0.00000E+03,0.00000E+03,0.91849E+00,0.00000E+00,0.00000E+00,0.93030E+00,0.37612E+00,0.60649E+00,0.000E+00,51.358E+00,163.586E+00,158.481E+00,-16.548E+00,110.922E+00,23.293E+00,90.000E+00,90.000E+00,0.00000E+00,0.00000E+00,0.00000E+00,121.904E+00,100.000E+00,100.000E+00,-0.23071E+03,0.00000E+03,0.00000E+03,+99999.9E+99,+99999.9E+99,+99999.9E+99,+99999.9E+99,+99999.9E+99,+99999.9E+99,+99999.9E+99,+99999.9E+99,+99999.9E+99,+99999.9E+99,+99999.9E+99,+99999.9E+99,1B00,0,0,0,1B00,77.1949E+00,77.2101E+00,76.9795E+00,77.1282E+00,72.1772E+00,72.3943E+00,71.8274E+00,72.1330E+00,77.1949E+00,77.2101E+00,76.9795E+00,0.0000E+00,0.0000E+00,0.0000E+00,71.0211E+00,71.6702E+00,71.4593E+00,105.521E+00,105.699E+00,105.543E+00,-104.323E+00,-104.986E+00,-104.521E+00,30.050E+00,30.277E+00,30.162E+00,+99999.9E+99,+99999.9E+99,+99999.9E+99,0.532E+00,13.5844E+00,13.1430E+00,13.5363E+00,13.4212E+00,12.4454E+00,12.0152E+00,12.3895E+00,12.2834E+00,13.5832E+00,13.1430E+00,13.5349E+00,-0.1818E+00,0.0000E+00,0.1901E+00,12.2597E+00,11.1953E+00,11.3382E+00,27.6686E+00,27.3067E+00,28.5214E+00,-26.7110E+00,-27.0014E+00,-26.6519E+00,41.316E+00,44.379E+00,44.196E+00,+99999.9E+99,+99999.9E+99,+99999.9E+99,5.679E+00,0.42554E+03,0.41757E+03,0.44089E+03,1.28400E+03,0.43962E+03,0.39274E+03,0.41873E+03,1.25108E+03,0.61186E+03,0.59175E+03,0.60821E+03,1.81182E+03,0.49453E+03,0.45618E+03,0.45976E+03,1.40913E+03,-0.43964E+03,-0.41929E+03,-0.41897E+03,-1.27790E+03,-0.22650E+03,-0.23206E+03,-0.18986E+03,-0.64842E+03,-0.69548E+00,-0.70566E+00,-0.72490E+00,-0.70868E+00,-0.88895E+00,-0.86094E+00,-0.91075E+00,-0.88784E+00,0.000E+00,119.899E+00,-119.603E+00,57.557E+00,-179.623E+00,-65.412E+00,-45.934E+00,-45.117E+00,-43.540E+00,-44.872E+00,201.062E+00,201.931E+00,201.702E+00,89.340E+00,+99999.9E+99,+99999.9E+99,0.00014E+06,-0.00073E+06,0.00000E+00,14.474E+00,0.757E+03,0.00115E+06,43.537E+00,F0F08
2021/11/30,17:33:37,00000:00:02,250,38003800,2800,3800,3800,3800,99.851E+00,0.000E+00,0.000E+00,110.905E+00,0.000E+00,0.000E+00,0.524E+00,0.000E+00,0.000E+00,99.849E+00,0.000E+00,0.000E+00,0.000E+00,0.000E+00,0.000E+00,100.929E+00,0.000E+00,0.000E+00,98.789E+00,0.000E+00,0.000E+00,36.057E+00,+99999.9E+99,450.545E+00,1.071E+00,+99999.9E+99,+99999.9E+99,12.5992E+00,0.00000E+00,0.00000E+00,13.1031E+00,0.00000E+00,0.00000E+00,4.4242E+00,0.00000E+00,0.00000E+00,11.7969E+00,0.00000E+00,0.00000E+00,3.9721E+00,0.00000E+00,0.00000E+00,18.3286E+00,0.0000E+00,0.0000E+00,4.2748E+00,0.0000E+00,0.0000E+00,43.698E+00,+99999.9E+99,+99999.9E+99,59.566E+00,+99999.9E+99,+99999.9E+99,1.17586E+03,0.00000E+03,0.00000E+03,0.00000E+03,0.00000E+03,0.00000E+03,1.25804E+03,0.00000E+03,0.00000E+03,0.00000E+03,0.00000E+03,0.00000E+03,0.44723E+03,0.00000E+03,0.00000E+03,0.00000E+03,0.00000E+03,0.00000E+03,0.93468E+00,0.00000E+00,0.00000E+00,0.93030E+00,0.37612E+00,0.60649E+00,0.000E+00,51.358E+00,163.586E+00,158.481E+00,-16.548E+00,110.922E+00,20.824E+00,90.000E+00,90.000E+00,14.6766E+00,0.00000E+00,0.00000E+00,77.163E+00,100.000E+00,100.000E+00,0.26853E+03,0.00000E+03,0.00000E+03,+99999.9E+99,+99999.9E+99,+99999.9E+99,+99999.9E+99,+99999.9E+99,+99999.9E+99,+99999.9E+99,+99999.9E+99,+99999.9E+99,+99999.9E+99,+99999.9E+99,+99999.9E+99,1B00,0,0,0,1B00,76.5764E+00,76.7786E+00,76.5432E+00,76.6327E+00,72.3143E+00,72.7835E+00,72.2906E+00,72.4628E+00,76.5764E+00,76.7786E+00,76.5432E+00,0.0000E+00,0.0000E+00,0.0000E+00,71.2705E+00,71.1522E+00,70.9942E+00,105.843E+00,106.073E+00,105.820E+00,-105.181E+00,-105.050E+00,-104.433E+00,31.852E+00,31.127E+00,31.735E+00,+99999.9E+99,+99999.9E+99,+99999.9E+99,0.235E+00,9.8785E+00,9.5820E+00,9.9253E+00,9.7953E+00,8.6724E+00,8.4454E+00,8.6048E+00,8.5742E+00,9.8778E+00,9.5820E+00,9.9238E+00,-0.1242E+00,0.0000E+00,0.1752E+00,11.7118E+00,11.7409E+00,12.3419E+00,26.4648E+00,24.9171E+00,27.1552E+00,-25.5948E+00,-23.3910E+00,-26.8395E+00,45.265E+00,44.089E+00,42.101E+00,+99999.9E+99,+99999.9E+99,+99999.9E+99,3.498E+00,0.30148E+03,0.29655E+03,0.30930E+03,0.90734E+03,0.40190E+03,0.42462E+03,0.42991E+03,1.25643E+03,0.43914E+03,0.42644E+03,0.44164E+03,1.30722E+03,0.46848E+03,0.47808E+03,0.49580E+03,1.44186E+03,-0.31931E+03,-0.30644E+03,-0.31524E+03,-0.94099E+03,-0.24071E+03,-0.21967E+03,-0.24696E+03,-0.70735E+03,-0.68651E+00,-0.69542E+00,-0.70035E+00,-0.69409E+00,-0.85790E+00,-0.88818E+00,-0.86711E+00,-0.87140E+00,0.000E+00,120.205E+00,-119.988E+00,60.858E+00,177.486E+00,-59.979E+00,-46.645E+00,-45.939E+00,-45.545E+00,-46.045E+00,202.281E+00,201.613E+00,201.875E+00,92.700E+00,+99999.9E+99,+99999.9E+99,0.00007E+06,-0.00054E+06,0.00000E+00,10.623E+00,0.756E+03,0.00084E+06,43.934E+00,F0F08
2021/11/30,17:33:37,00000:00:02,300,38003F00,0,1B00,1B00,3F00,99.915E+00,0.000E+00,0.000E+00,110.976E+00,0.000E+00,0.000E+00,0.505E+00,0.000E+00,0.000E+00,99.914E+00,0.000E+00,0.000E+00,0.000E+00,0.000E+00,0.000E+00,100.921E+00,0.000E+00,0.000E+00,98.807E+00,0.000E+00,0.000E+00,19.799E+00,+99999.9E+99,+99999.9E+99,1.058E+00,+99999.9E+99,+99999.9E+99,11.8994E+00,0.00000E+00,0.00000E+00,12.2049E+00,0.00000E+00,0.00000E+00,4.5666E+00,0.00000E+00,0.00000E+00,10.9883E+00,0.00000E+00,0.00000E+00,4.6245E+00,0.00000E+00,0.00000E+00,18.3298E+00,0.0000E+00,0.0000E+00,4.1019E+00,0.0000E+00,0.0000E+00,6.603E+00,+99999.9E+99,+99999.9E+99,64.741E+00,+99999.9E+99,+99999.9E+99,1.09581E+03,0.00000E+03,0.00000E+03,0.00000E+03,0.00000E+03,0.00000E+03,1.18893E+03,0.00000E+03,0.00000E+03,0.00000E+03,0.00000E+03,0.00000E+03,0.46125E+03,0.00000E+03,0.00000E+03,0.00000E+03,0.00000E+03,0.00000E+03,0.92168E+00,0.00000E+00,0.00000E+00,0.90016E+00,0.20383E+00,0.90255E+00,0.000E+00,-99.768E+00,150.321E+00,154.179E+00,1.994E+00,124.817E+00,22.827E+00,90.000E+00,90.000E+00,12.6100E+00,0.00000E+00,0.00000E+00,96.795E+00,100.000E+00,100.000E+00,0.03512E+03,0.00000E+03,0.00000E+03,+99999.9E+99,+99999.9E+99,+99999.9E+99,+99999.9E+99,+99999.9E+99,+99999.9E+99,+99999.9E+99,+99999.9E+99,+99999.9E+99,+99999.9E+99,+99999.9E+99,+99999.9E+99,1B00,0,0,0,1B00,76.4944E+00,77.0142E+00,77.0269E+00,76.8452E+00,71.8265E+00,72.7959E+00,72.8094E+00,72.4772E+00,76.4944E+00,77.0142E+00,77.0269E+00,0.0000E+00,0.0000E+00,0.0000E+00,73.0143E+00,73.2233E+00,73.1112E+00,105.816E+00,105.969E+00,105.687E+00,-104.233E+00,-105.311E+00,-104.446E+00,14.215E+00,14.510E+00,14.519E+00,+99999.9E+99,+99999.9E+99,+99999.9E+99,0.166E+00,11.7495E+00,11.5153E+00,11.3230E+00,11.5293E+00,10.1546E+00,10.0171E+00,9.7301E+00,9.9673E+00,11.7483E+00,11.5097E+00,11.3106E+00,-0.1696E+00,-0.3590E+00,0.5297E+00,5.2502E+00,4.8064E+00,4.9333E+00,27.7143E+00,27.1086E+00,28.6800E+00,-26.5257E+00,-27.1352E+00,-26.3357E+00,54.375E+00,58.153E+00,56.514E+00,+99999.9E+99,+99999.9E+99,+99999.9E+99,4.004E+00,0.36433E+03,0.34588E+03,0.35048E+03,1.06069E+03,0.19007E+03,0.17616E+03,0.18642E+03,0.55266E+03,0.52433E+03,0.51330E+03,0.50753E+03,1.54516E+03,0.21422E+03,0.20069E+03,0.20503E+03,0.61969E+03,-0.37708E+03,-0.37927E+03,-0.36708E+03,-1.12343E+03,-0.09882E+03,-0.09615E+03,-0.08536E+03,-0.28032E+03,-0.69485E+00,-0.67383E+00,-0.69056E+00,-0.68646E+00,-0.88725E+00,-0.87777E+00,-0.90923E+00,-0.89184E+00,0.000E+00,120.008E+00,-119.855E+00,57.563E+00,178.582E+00,-65.296E+00,-45.985E+00,-47.637E+00,-46.325E+00,-46.650E+00,201.147E+00,201.862E+00,201.591E+00,93.032E+00,+99999.9E+99,+99999.9E+99,0.00007E+06,-0.00064E+06,0.00000E+00,12.462E+00,0.756E+03,0.00099E+06,43.611E+00,F0F0F
2021/11/30,17:33:37,00000:00:02,350,38003F00,700,1F00,1F00,3F00,99.915E+00,0.000E+00,0.000E+00,110.976E+00,0.000E+00,0.000E+00,0.505E+00,0.000E+00,0.000E+00,99.914E+00,0.000E+00,0.000E+00,0.000E+00,0.000E+00,0.000E+00,100.921E+00,0.000E+00,0.000E+00,98.807E+00,0.000E+00,0.000E+00,21.274E+00,+99999.9E+99,406.285E+00,1.058E+00,+99999.9E+99,+99999.9E+99,11.8994E+00,0.00000E+00,0.00000E+00,12.2049E+00,0.00000E+00,0.00000E+00,4.5666E+00,0.00000E+00,0.00000E+00,10.9883E+00,0.00000E+00,0.00000E+00,4.5538E+00,0.00000E+00,0.00000E+00,18.3298E+00,0.0000E+00,0.0000E+00,4.1019E+00,0.0000E+00,0.0000E+00,7.830E+00,+99999.9E+99,+99999.9E+99,64.741E+00,+99999.9E+99,+99999.9E+99,1.09581E+03,0.00000E+03,0.00000E+03,0.00000E+03,0.00000E+03,0.00000E+03,1.18893E+03,0.00000E+03,0.00000E+03,0.00000E+03,0.00000E+03,0.00000E+03,0.46125E+03,0.00000E+03,0.00000E+03,0.00000E+03,0.00000E+03,0.00000E+03,0.92168E+00,0.00000E+00,0.00000E+00,0.90487E+00,0.29445E+00,0.74248E+00,0.000E+00,59.779E+00,155.436E+00,154.806E+00,-13.096E+00,-162.507E+00,22.827E+00,90.000E+00,90.000E+00,12.6100E+00,0.00000E+00,0.00000E+00,117.885E+00,100.000E+00,100.000E+00,-0.19598E+03,0.00000E+03,0.00000E+03,+99999.9E+99,+99999.9E+99,+99999.9E+99,+99999.9E+99,+99999.9E+99,+99999.9E+99,+99999.9E+99,+99999.9E+99,+99999.9E+99,+99999.9E+99,+99999.9E+99,+99999.9E+99,1B00,0,0,0,1B00,77.2103E+00,77.2249E+00,76.9795E+00,77.1383E+00,72.2221E+00,72.4119E+00,71.8466E+00,72.1602E+00,77.2103E+00,77.2249E+00,76.9795E+00,0.0000E+00,0.0000E+00,0.0000E+00,70.4630E+00,71.0309E+00,70.9110E+00,105.436E+00,105.730E+00,105.461E+00,-104.494E+00,-105.137E+00,-104.784E+00,34.728E+00,34.765E+00,34.735E+00,+99999.9E+99,+99999.9E+99,+99999.9E+99,0.490E+00,13.5635E+00,13.1498E+00,13.5320E+00,13.4151E+00,12.4977E+00,12.0866E+00,12.4452E+00,12.3432E+00,13.5627E+00,13.1498E+00,13.5306E+00,-0.1457E+00,0.0000E+00,0.1964E+00,14.1121E+00,13.1995E+00,13.1879E+00,27.7176E+00,27.0919E+00,28.6124E+00,-26.3181E+00,-27.2848E+00,-26.7410E+00,39.601E+00,41.830E+00,41.980E+00,+99999.9E+99,+99999.9E+99,+99999.9E+99,4.317E+00,0.42797E+03,0.42066E+03,0.44317E+03,1.29179E+03,0.50440E+03,0.46224E+03,0.48675E+03,1.45339E+03,0.61088E+03,0.59249E+03,0.60840E+03,1.81178E+03,0.56844E+03,0.53382E+03,0.53848E+03,1.63984E+03,-0.43591E+03,-0.41724E+03,-0.41684E+03,-1.27000E+03,-0.26212E+03,-0.26703E+03,-0.23029E+03,-0.75943E+03,-0.70057E+00,-0.70998E+00,-0.72841E+00,-0.71300E+00,-0.88734E+00,-0.86590E+00,-0.90394E+00,-0.88630E+00,0.000E+00,119.851E+00,-119.675E+00,57.726E+00,179.806E+00,-64.563E+00,-45.527E+00,-44.767E+00,-43.247E+00,-44.521E+00,202.065E+00,201.477E+00,201.730E+00,89.815E+00,+99999.9E+99,+99999.9E+99,0.00013E+06,-0.00074E+06,0.00000E+00,14.632E+00,0.757E+03,0.00116E+06,43.792E+00,F0F08
2021/11/30,17:33:37,00000:00:02,400,38003F00,500,1F00,1F00,3F00,99.915E+00,0.000E+00,0.000E+00,110.976E+00,0.000E+00,0.000E+00,0.505E+00,0.000E+00,0.000E+00,99.914E+00,0.000E+00,0.000E+00,0.000E+00,0.000E+00,0.000E+00,100.921E+00,0.000E+00,0.000E+00,98.807E+00,0.000E+00,0.000E+00,21.274E+00,+99999.9E+99,406.285E+00,1.058E+00,+99999.9E+99,+99999.9E+99,11.8994E+00,0.00000E+00,0.00000E+00,12.2049E+00,0.00000E+00,0.00000E+00,4.5666E+00,0.00000E+00,0.00000E+00,10.9883E+00,0.00000E+00,0.00000E+00,4.5538E+00,0.00000E+00,0.00000E+00,18.3298E+00,0.0000E+00,0.0000E+00,4.1019E+00,0.0000E+00,0.0000E+00,7.830E+00,+99999.9E+99,+99999.9E+99,64.741E+00,+99999.9E+99,+99999.9E+99,1.09581E+03,0.00000E+03,0.00000E+03,0.00000E+03,0.00000E+03,0.00000E+03,1.18893E+03,0.00000E+03,0.00000E+03,0.00000E+03,0.00000E+03,0.00000E+03,0.46125E+03,0.00000E+03,0.00000E+03,0.00000E+03,0.00000E+03,0.00000E+03,0.92168E+00,0.00000E+00,0.00000E+00,0.90487E+00,0.29445E+00,0.74248E+00,0.000E+00,59.779E+00,155.436E+00,154.806E+00,-13.096E+00,-162.507E+00,22.827E+00,90.000E+00,90.000E+00,12.6100E+00,0.00000E+00,0.00000E+00,69.491E+00,100.000E+00,100.000E+00,0.33432E+03,0.00000E+03,0.00000E+03,+99999.9E+99,+99999.9E+99,+99999.9E+99,+99999.9E+99,+99999.9E+99,+99999.9E+99,+99999.9E+99,+99999.9E+99,+99999.9E+99,+99999.9E+99,+99999.9E+99,+99999.9E+99,1B00,0,0,0,1B00,76.2515E+00,76.6362E+00,76.5044E+00,76.4640E+00,72.0896E+00,72.8268E+00,72.5773E+00,72.4979E+00,76.2515E+00,76.6362E+00,76.5044E+00,0.0000E+00,0.0000E+00,0.0000E+00,71.8889E+00,71.7201E+00,71.6595E+00,105.927E+00,106.090E+00,105.829E+00,-104.316E+00,-104.831E+00,-104.717E+00,26.877E+00,25.964E+00,26.715E+00,+99999.9E+99,+99999.9E+99,+99999.9E+99,0.194E+00,8.2166E+00,8.1614E+00,8.0857E+00,8.1546E+00,7.2636E+00,7.2211E+00,7.1332E+00,7.2060E+00,8.2157E+00,8.1602E+00,8.0815E+00,-0.1174E+00,-0.1421E+00,0.2605E+00,9.6520E+00,9.8116E+00,10.1522E+00,22.1314E+00,20.9543E+00,20.4752E+00,-18.7905E+00,-19.2890E+00,-19.8205E+00,48.450E+00,46.211E+00,44.703E+00,+99999.9E+99,+99999.9E+99,+99999.9E+99,4.151E+00,0.25604E+03,0.24981E+03,0.25565E+03,0.76149E+03,0.33273E+03,0.35548E+03,0.35954E+03,1.04775E+03,0.36330E+03,0.36120E+03,0.35885E+03,1.08335E+03,0.38808E+03,0.39847E+03,0.41537E+03,1.20136E+03,-0.25775E+03,-0.26088E+03,-0.25182E+03,-0.77045E+03,-0.19975E+03,-0.18003E+03,-0.20800E+03,-0.58779E+03,-0.70474E+00,-0.69162E+00,-0.71241E+00,-0.70291E+00,-0.85736E+00,-0.89211E+00,-0.86558E+00,-0.87213E+00,0.000E+00,120.137E+00,-120.046E+00,60.901E+00,176.966E+00,-59.887E+00,-45.191E+00,-46.242E+00,-44.568E+00,-45.339E+00,201.560E+00,201.876E+00,201.776E+00,95.305E+00,+99999.9E+99,+99999.9E+99,0.00004E+06,-0.00048E+06,0.00000E+00,9.173E+00,0.755E+03,0.00073E+06,43.778E+00,F0F08
2021/11/30,17:33:37,00000:00:02,450,38003F00,700,1C00,1C00,3800,99.915E+00,0.000E+00,0.000E+00,110.976E+00,0.000E+00,0.000E+00,0.505E+00,0.000E+00,0.000E+00,99.914E+00,0.000E+00,0.000E+00,0.000E+00,0.000E+00,0.000E+00,100.921E+00,0.000E+00,0.000E+00,98.807E+00,0.000E+00,0.000E+00,21.274E+00,+99999.9E+99,406.285E+00,1.058E+00,+99999.9E+99,+99999.9E+99,11.8994E+00,0.00000E+00,0.00000E+00,12.2049E+00,0.00000E+00,0.00000E+00,4.5666E+00,0.00000E+00,0.00000E+00,10.9883E+00,0.00000E+00,0.00000E+00,4.5538E+00,0.00000E+00,0.00000E+00,18.3298E+00,0.0000E+00,0.0000E+00,4.1019E+00,0.0000E+00,0.0000E+00,7.830E+00,+99999.9E+99,+99999.9E+99,64.741E+00,+99999.9E+99,+99999.9E+99,1.09581E+03,0.00000E+03,0.00000E+03,0.00000E+03,0.00000E+03,0.00000E+03,1.18893E+03,0.00000E+03,0.00000E+03,0.00000E+03,0.00000E+03,0.00000E+03,0.46125E+03,0.00000E+03,0.00000E+03,0.00000E+03,0.00000E+03,0.00000E+03,0.92168E+00,0.00000E+00,0.00000E+00,0.90487E+00,0.29445E+00,0.74248E+00,0.000E+00,59.779E+00,155.436E+00,154.806E+00,-13.096E+00,-162.507E+00,22.827E+00,90.000E+00,90.000E+00,12.6100E+00,0.00000E+00,0.00000E+00,115.934E+00,100.000E+00,100.000E+00,-0.17461E+03,0.00000E+03,0.00000E+03,+99999.9E+99,+99999.9E+99,+99999.9E+99,+99999.9E+99,+99999.9E+99,+99999.9E+99,+99999.9E+99,+99999.9E+99,+99999.9E+99,+99999.9E+99,+99999.9E+99,+99999.9E+99,1B00,0,0,0,1B00,77.0546E+00,77.1767E+00,77.0830E+00,77.1047E+00,72.1408E+00,72.5611E+00,72.2494E+00,72.3171E+00,77.0545E+00,77.1767E+00,77.0830E+00,0.0000E+00,0.0000E+00,0.0000E+00,72.6417E+00,73.0770E+00,72.9540E+00,105.791E+00,106.137E+00,105.857E+00,-104.369E+00,-104.717E+00,-104.459E+00,15.914E+00,15.858E+00,16.343E+00,+99999.9E+99,+99999.9E+99,+99999.9E+99,0.363E+00,13.4739E+00,13.0070E+00,13.2114E+00,13.2308E+00,12.2675E+00,11.7997E+00,11.8759E+00,11.9810E+00,13.4724E+00,13.0036E+00,13.2020E+00,-0.2013E+00,-0.2958E+00,0.4983E+00,6.2352E+00,5.5125E+00,5.3539E+00,27.6548E+00,27.2233E+00,28.5019E+00,-26.6790E+00,-27.0395E+00,-26.5486E+00,51.008E+00,56.187E+00,57.825E+00,+99999.9E+99,+99999.9E+99,+99999.9E+99,8.003E+00,0.43152E+03,0.41056E+03,0.42833E+03,1.27041E+03,0.21877E+03,0.18664E+03,0.20355E+03,0.60896E+03,0.60661E+03,0.58424E+03,0.59343E+03,1.78428E+03,0.24730E+03,0.22036E+03,0.22213E+03,0.68856E+03,-0.42634E+03,-0.41566E+03,-0.41073E+03,-1.25272E+03,-0.11531E+03,-0.11714E+03,-0.08894E+03,-0.32139E+03,-0.71137E+00,-0.70273E+00,-0.72178E+00,-0.71200E+00,-0.88463E+00,-0.84700E+00,-0.91635E+00,-0.88439E+00,0.000E+00,119.914E+00,-119.740E+00,57.995E+00,-178.031E+00,-66.282E+00,-44.654E+00,-45.353E+00,-43.798E+00,-44.602E+00,201.604E+00,201.248E+00,201.582E+00,90.985E+00,+99999.9E+99,+99999.9E+99,0.00011E+06,-0.00075E+06,0.00000E+00,14.588E+00,0.757E+03,0.00116E+06,43.702E+00,F0F08
2021/11/30,17:33:37,00000:00:02,500,38003F00,500,1F00,1F00,3F00,99.915E+00,0.000E+00,0.000E+00,110.976E+00,0.000E+00,0.000E+00,0.505E+00,0.000E+00,0.000E+00,99.914E+00,0.000E+00,0.000E+00,0.000E+00,0.000E+00,0.000E+00,100.921E+00,0.000E+00,0.000E+00,98.807E+00,0.000E+00,0.000E+00,69.149E+00,437.589E+00,+99999.9E+99,1.058E+00,+99999.9E+99,+99999.9E+99,11.8994E+00,0.00000E+00,0.00000E+00,12.2049E+00,0.00000E+00,0.00000E+00,4.5666E+00,0.00000E+00,0.00000E+00,10.9883E+00,0.00000E+00,0.00000E+00,4.0555E+00,0.00000E+00,0.00000E+00,18.3298E+00,0.0000E+00,0.0000E+00,4.1019E+00,0.0000E+00,0.0000E+00,49.971E+00,+99999.9E+99,+99999.9E+99,64.741E+00,+99999.9E+99,+99999.9E+99,1.09581E+03,0.00000E+03,0.00000E+03,0.00000E+03,0.00000E+03,0.00000E+03,1.18893E+03,0.00000E+03,0.00000E+03,0.00000E+03,0.00000E+03,0.00000E+03,0.46125E+03,0.00000E+03,0.00000E+03,0.00000E+03,0.00000E+03,0.00000E+03,0.92168E+00,0.00000E+00,0.00000E+00,0.89399E+00,0.91818E+00,0.61988E+00,0.000E+00,-98.034E+00,171.519E+00,153.379E+00,-74.696E+00,43.212E+00,22.827E+00,90.000E+00,90.000E+00,12.6100E+00,0.00000E+00,0.00000E+00,98.312E+00,100.000E+00,100.000E+00,0.01850E+03,0.00000E+03,0.00000E+03,+99999.9E+99,+99999.9E+99,+99999.9E+99,+99999.9E+99,+99999.9E+99,+99999.9E+99,+99999.9E+99,+99999.9E+99,+99999.9E+99,+99999.9E+99,+99999.9E+99,+99999.9E+99,1B00,0,0,0,1B00,76.7425E+00,77.0667E+00,76.8047E+00,76.8713E+00,71.9664E+00,72.5591E+00,72.0887E+00,72.2047E+00,76.7425E+00,77.0667E+00,76.8047E+00,0.0000E+00,0.0000E+00,0.0000E+00,69.9875E+00,70.2213E+00,70.1311E+00,105.369E+00,105.714E+00,105.629E+00,-104.711E+00,-104.517E+00,-104.399E+00,39.047E+00,38.886E+00,38.876E+00,+99999.9E+99,+99999.9E+99,+99999.9E+99,0.201E+00,11.9137E+00,11.7556E+00,12.0289E+00,11.8994E+00,10.3815E+00,10.3198E+00,10.5003E+00,10.4005E+00,11.9132E+00,11.7556E+00,12.0289E+00,-0.1063E+00,0.0000E+00,0.0000E+00,15.4397E+00,15.0153E+00,15.2178E+00,27.7214E+00,27.2048E+00,28.7057E+00,-26.3624E+00,-27.2605E+00,-26.8229E+00,39.322E+00,40.373E+00,39.439E+00,+99999.9E+99,+99999.9E+99,+99999.9E+99,1.697E+00,0.35336E+03,0.35611E+03,0.36783E+03,1.07731E+03,0.54535E+03,0.52892E+03,0.54601E+03,1.62028E+03,0.53180E+03,0.52630E+03,0.53919E+03,1.59729E+03,0.62291E+03,0.60557E+03,0.61559E+03,1.84393E+03,-0.39742E+03,-0.38753E+03,-0.39424E+03,-1.17920E+03,-0.30102E+03,-0.29490E+03,-0.28429E+03,-0.88022E+03,-0.66447E+00,-0.67663E+00,-0.68219E+00,-0.67446E+00,-0.87548E+00,-0.87342E+00,-0.88697E+00,-0.87871E+00,0.000E+00,119.969E+00,-119.848E+00,59.009E+00,179.070E+00,-62.414E+00,-48.358E+00,-47.419E+00,-46.985E+00,-47.588E+00,201.824E+00,202.178E+00,201.647E+00,90.406E+00,+99999.9E+99,+99999.9E+99,0.00010E+06,-0.00062E+06,0.00000E+00,12.295E+00,0.756E+03,0.00097E+06,43.781E+00,F0F08
2021/11/30,17:33:37,00000:00:02,550,38003F00,2A00,3B00,3B00,3F00,99.868E+00,0.000E+00,0.000E+00,110.924E+00,0.000E+00,0.000E+00,0.512E+00,0.000E+00,0.000E+00,99.867E+00,0.000E+00,0.000E+00,0.000E+00,0.000E+00,0.000E+00,101.025E+00,0.000E+00,0.000E+00,98.796E+00,0.000E+00,0.000E+00,69.149E+00,437.589E+00,+99999.9E+99,1.116E+00,+99999.9E+99,+99999.9E+99,12.1130E+00,0.00000E+00,0.00000E+00,12.3878E+00,0.00000E+00,0.00000E+00,4.7261E+00,0.00000E+00,0.00000E+00,11.1529E+00,0.00000E+00,0.00000E+00,4.0555E+00,0.00000E+00,0.00000E+00,18.3862E+00,0.0000E+00,0.0000E+00,3.4771E+00,0.0000E+00,0.0000E+00,49.971E+00,+99999.9E+99,+99999.9E+99,66.839E+00,+99999.9E+99,+99999.9E+99,1.11162E+03,0.00000E+03,0.00000E+03,0.00000E+03,0.00000E+03,0.00000E+03,1.20970E+03,0.00000E+03,0.00000E+03,0.00000E+03,0.00000E+03,0.00000E+03,0.47715E+03,0.00000E+03,0.00000E+03,0.00000E+03,0.00000E+03,0.00000E+03,0.91892E+00,0.00000E+00,0.00000E+00,0.89399E+00,0.91818E+00,0.61988E+00,0.000E+00,-98.034E+00,171.519E+00,153.379E+00,-74.696E+00,43.212E+00,23.231E+00,90.000E+00,90.000E+00,0.00000E+00,0.00000E+00,0.00000E+00,78.255E+00,100.000E+00,100.000E+00,0.24172E+03,0.00000E+03,0.00000E+03,+99999.9E+99,+99999.9E+99,+99999.9E+99,+99999.9E+99,+99999.9E+99,+99999.9E+99,+99999.9E+99,+99999.9E+99,+99999.9E+99,+99999.9E+99,+99999.9E+99,+99999.9E+99,1B00,0,0,0,1B00,76.5324E+00,76.6359E+00,76.5602E+00,76.5762E+00,72.4319E+00,72.8050E+00,72.5313E+00,72.5894E+00,76.5324E+00,76.6359E+00,76.5602E+00,0.0000E+00,0.0000E+00,0.0000E+00,72.8120E+00,72.6328E+00,72.5817E+00,105.887E+00,106.099E+00,105.634E+00,-104.244E+00,-104.527E+00,-105.199E+00,17.735E+00,17.418E+00,17.535E+00,+99999.9E+99,+99999.9E+99,+99999.9E+99,0.195E+00,9.6411E+00,9.1467E+00,9.2692E+00,9.3524E+00,8.3522E+00,7.9396E+00,7.9640E+00,8.0853E+00,9.6399E+00,9.1435E+00,9.2607E+00,-0.1534E+00,-0.2429E+00,0.3974E+00,5.8687E+00,6.1395E+00,6.5150E+00,26.1738E+00,24.2876E+00,25.1486E+00,-26.5048E+00,-25.4638E+00,-22.5076E+00,58.629E+00,54.643E+00,51.922E+00,+99999.9E+99,+99999.9E+99,+99999.9E+99,4.789E+00,0.29788E+03,0.27905E+03,0.29296E+03,0.86990E+03,0.20767E+03,0.22365E+03,0.22740E+03,0.65873E+03,0.42876E+03,0.40585E+03,0.41135E+03,1.24596E+03,0.24441E+03,0.25103E+03,0.26413E+03,0.75910E+03,-0.30839E+03,-0.29469E+03,-0.28876E+03,-0.89184E+03,-0.12887E+03,-0.11401E+03,-0.13437E+03,-0.37725E+03,-0.69474E+00,-0.68758E+00,-0.71220E+00,-0.69817E+00,-0.84970E+00,-0.89092E+00,-0.86093E+00,-0.86777E+00,0.000E+00,120.124E+00,-120.064E+00,61.736E+00,177.114E+00,-59.381E+00,-45.993E+00,-46.561E+00,-44.586E+00,-45.719E+00,201.880E+00,201.296E+00,202.000E+00,94.457E+00,+99999.9E+99,+99999.9E+99,0.00005E+06,-0.00054E+06,0.00000E+00,10.379E+00,0.756E+03,0.00082E+06,43.830E+00,F0F08
2021/11/30,17:33:37,00000:00:02,600,38003F00,2D00,3F00,3F00,3F00,99.868E+00,0.000E+00,0.000E+00,110.924E+00,0.000E+00,0.000E+00,0.512E+00,0.000E+00,0.000E+00,99.867E+00,0.000E+00,0.000E+00,0.000E+00,0.000E+00,0.000E+00,101.025E+00,0.000E+00,0.000E+00,98.796E+00,0.000E+00,0.000E+00,35.716E+00,+99999.9E+99,482.937E+00,1.116E+00,+99999.9E+99,+99999.9E+99,12.1130E+00,0.00000E+00,0.00000E+00,12.3878E+00,0.00000E+00,0.00000E+00,4.7261E+00,0.00000E+00,0.00000E+00,11.1529E+00,0.00000E+00,0.00000E+00,4.2499E+00,0.00000E+00,0.00000E+00,18.3862E+00,0.0000E+00,0.0000E+00,3.4771E+00,0.0000E+00,0.0000E+00,43.564E+00,+99999.9E+99,+99999.9E+99,66.839E+00,+99999.9E+99,+99999.9E+99,1.11162E+03,0.00000E+03,0.00000E+03,0.00000E+03,0.00000E+03,0.00000E+03,1.20970E+03,0.00000E+03,0.00000E+03,0.00000E+03,0.00000E+03,0.00000E+03,0.47715E+03,0.00000E+03,0.00000E+03,0.00000E+03,0.00000E+03,0.00000E+03,0.91892E+00,0.00000E+00,0.00000E+00,0.92856E+00,0.78030E+00,0.91572E+00,0.000E+00,-127.604E+00,163.130E+00,158.211E+00,-88.892E+00,139.438E+00,23.231E+00,90.000E+00,90.000E+00,0.00000E+00,0.00000E+00,0.00000E+00,122.070E+00,100.000E+00,100.000E+00,-0.24534E+03,0.00000E+03,0.00000E+03,+99999.9E+99,+99999.9E+99,+99999.9E+99,+99999.9E+99,+99999.9E+99,+99999.9E+99,+99999.9E+99,+99999.9E+99,+99999.9E+99,+99999.9E+99,+99999.9E+99,+99999.9E+99,1B00,0,0,0,1B00,76.9893E+00,77.4678E+00,77.3322E+00,77.2631E+00,71.6833E+00,72.5500E+00,72.3144E+00,72.1826E+00,76.9893E+00,77.4677E+00,77.3322E+00,0.0000E+00,0.0000E+00,0.0000E+00,71.7098E+00,72.2670E+00,72.0669E+00,105.733E+00,106.107E+00,105.547E+00,-104.314E+00,-105.276E+00,-105.071E+00,25.287E+00,25.632E+00,25.530E+00,+99999.9E+99,+99999.9E+99,+99999.9E+99,0.448E+00,13.9729E+00,13.6704E+00,13.8012E+00,13.8148E+00,13.0486E+00,12.8736E+00,12.8241E+00,12.9154E+00,13.9721E+00,13.6677E+00,13.7949E+00,-0.1453E+00,-0.2719E+00,0.4184E+00,10.2163E+00,9.3824E+00,9.5129E+00,27.7595E+00,27.0905E+00,28.6500E+00,-26.5090E+00,-27.2538E+00,-26.6448E+00,43.741E+00,46.442E+00,46.898E+00,+99999.9E+99,+99999.9E+99,+99999.9E+99,6.601E+00,0.45636E+03,0.44521E+03,0.45538E+03,1.35695E+03,0.37380E+03,0.32859E+03,0.35255E+03,1.05494E+03,0.62913E+03,0.61615E+03,0.62454E+03,1.86982E+03,0.41673E+03,0.37890E+03,0.38233E+03,1.17650E+03,-0.43305E+03,-0.42594E+03,-0.42741E+03,-1.28640E+03,-0.18422E+03,-0.18865E+03,-0.14795E+03,-0.52082E+03,-0.72539E+00,-0.72257E+00,-0.72915E+00,-0.72572E+00,-0.89698E+00,-0.86723E+00,-0.92210E+00,-0.89668E+00,0.000E+00,119.921E+00,-119.662E+00,56.488E+00,179.695E+00,-67.062E+00,-43.499E+00,-43.733E+00,-43.185E+00,-43.472E+00,201.307E+00,202.106E+00,201.043E+00,90.344E+00,+99999.9E+99,+99999.9E+99,0.00013E+06,-0.00078E+06,0.00000E+00,15.462E+00,0.757E+03,0.00123E+06,43.584E+00,F0F08
2021/11/30,17:33:37,00000:00:02,650,38003800,2800,3800,3800,3800,100.043E+00,0.000E+00,0.000E+00,111.119E+00,0.000E+00,0.000E+00,0.512E+00,0.000E+00,0.000E+00,100.042E+00,0.000E+00,0.000E+00,0.000E+00,0.000E+00,0.000E+00,100.996E+00,0.000E+00,0.000E+00,98.829E+00,0.000E+00,0.000E+00,35.716E+00,+99999.9E+99,482.937E+00,1.083E+00,+99999.9E+99,+99999.9E+99,11.2689E+00,0.00000E+00,0.00000E+00,11.4695E+00,0.00000E+00,0.00000E+00,4.5120E+00,0.00000E+00,0.00000E+00,10.3262E+00,0.00000E+00,0.00000E+00,4.2499E+00,0.00000E+00,0.00000E+00,18.2357E+00,0.0000E+00,0.0000E+00,3.5302E+00,0.0000E+00,0.0000E+00,43.564E+00,+99999.9E+99,+99999.9E+99,71.205E+00,+99999.9E+99,+99999.9E+99,1.03098E+03,0.00000E+03,0.00000E+03,0.00000E+03,0.00000E+03,0.00000E+03,1.12738E+03,0.00000E+03,0.00000E+03,0.00000E+03,0.00000E+03,0.00000E+03,-0.45613E+03,0.00000E+03,0.00000E+03,0.00000E+03,0.00000E+03,0.00000E+03,-0.91450E+00,0.00000E+00,0.00000E+00,0.92856E+00,0.78030E+00,0.91572E+00,0.000E+00,-127.604E+00,163.130E+00,158.211E+00,-88.892E+00,139.438E+00,-23.866E+00,90.000E+00,90.000E+00,9.33325E+00,0.00000E+00,0.00000E+00,84.058E+00,100.000E+00,100.000E+00,0.16436E+03,0.00000E+03,0.00000E+03,+99999.9E+99,+99999.9E+99,+99999.9E+99,+99999.9E+99,+99999.9E+99,+99999.9E+99,+99999.9E+99,+99999.9E+99,+99999.9E+99,+99999.9E+99,+99999.9E+99,+99999.9E+99,1B00,0,0,0,1B00,76.6962E+00,76.6646E+00,76.3828E+00,76.5812E+00,72.5259E+00,72.6523E+00,72.0116E+00,72.3966E+00,76.6962E+00,76.6646E+00,76.3828E+00,0.0000E+00,0.0000E+00,0.0000E+00,70.7402E+00,70.6367E+00,70.4720E+00,105.781E+00,105.934E+00,105.826E+00,-104.400E+00,-104.151E+00,-105.233E+00,35.735E+00,35.277E+00,35.737E+00,+99999.9E+99,+99999.9E+99,+99999.9E+99,0.222E+00,9.7440E+00,9.3230E+00,9.9307E+00,9.6659E+00,8.3883E+00,8.0324E+00,8.4321E+00,8.2843E+00,9.7434E+00,9.3230E+00,9.9307E+00,-0.1112E+00,0.0000E+00,0.0000E+00,13.4128E+00,13.4648E+00,14.0162E+00,26.4600E+00,24.8209E+00,27.1824E+00,-25.4862E+00,-23.2424E+00,-26.6438E+00,42.799E+00,42.030E+00,40.193E+00,+99999.9E+99,+99999.9E+99,+99999.9E+99,2.541E+00,0.28366E+03,0.28132E+03,0.30164E+03,0.86662E+03,0.46763E+03,0.48321E+03,0.49187E+03,1.44271E+03,0.43330E+03,0.41484E+03,0.44053E+03,1.28867E+03,0.54263E+03,0.54607E+03,0.56360E+03,1.65199E+03,-0.32754E+03,-0.30487E+03,-0.32106E+03,-0.95348E+03,-0.27527E+03,-0.25437E+03,-0.27515E+03,-0.80479E+03,-0.65466E+00,-0.67815E+00,-0.68471E+00,-0.67249E+00,-0.86177E+00,-0.88488E+00,-0.87273E+00,-0.87331E+00,0.000E+00,120.195E+00,-119.984E+00,60.429E+00,177.887E+00,-60.636E+00,-49.106E+00,-47.301E+00,-46.787E+00,-47.740E+00,202.273E+00,201.607E+00,202.464E+00,92.063E+00,+99999.9E+99,+99999.9E+99,0.00007E+06,-0.00052E+06,0.00000E+00,10.075E+00,0.756E+03,0.00080E+06,43.922E+00,F0F08
2021/11/30,17:33:37,00000:00:02,700,38003F00,0,1B00,1B00,3F00,99.924E+00,0.000E+00,0.000E+00,110.987E+00,0.000E+00,0.000E+00,0.485E+00,0.000E+00,0.000E+00,99.923E+00,0.000E+00,0.000E+00,0.000E+00,0.000E+00,0.000E+00,100.911E+00,0.000E+00,0.000E+00,98.825E+00,0.000E+00,0.000E+00,111.009E+00,+99999.9E+99,+99999.9E+99,1.044E+00,+99999.9E+99,+99999.9E+99,11.6912E+00,0.00000E+00,0.00000E+00,12.0313E+00,0.00000E+00,0.00000E+00,4.3992E+00,0.00000E+00,0.00000E+00,10.8320E+00,0.00000E+00,0.00000E+00,3.0227E+00,0.00000E+00,0.00000E+00,17.7833E+00,0.0000E+00,0.0000E+00,4.1524E+00,0.0000E+00,0.0000E+00,109.571E+00,+99999.9E+99,+99999.9E+99,62.920E+00,+99999.9E+99,+99999.9E+99,1.08047E+03,0.00000E+03,0.00000E+03,0.00000E+03,0.00000E+03,0.00000E+03,1.16824E+03,0.00000E+03,0.00000E+03,0.00000E+03,0.00000E+03,0.00000E+03,0.44426E+03,0.00000E+03,0.00000E+03,0.00000E+03,0.00000E+03,0.00000E+03,0.92487E+00,0.00000E+00,0.00000E+00,0.81002E+00,0.99722E+00,0.99997E+00,0.000E+00,149.218E+00,152.523E+00,144.098E+00,-26.511E+00,-27.026E+00,22.351E+00,90.000E+00,90.000E+00,12.5878E+00,0.00000E+00,0.00000E+00,95.973E+00,100.000E+00,100.000E+00,0.04351E+03,0.00000E+03,0.00000E+03,+99999.9E+99,+99999.9E+99,+99999.9E+99,+99999.9E+99,+99999.9E+99,+99999.9E+99,+99999.9E+99,+99999.9E+99,+99999.9E+99,+99999.9E+99,+99999.9E+99,+99999.9E+99,1B00,0,0,0,1B00,76.5259E+00,76.9739E+00,77.0065E+00,76.8354E+00,71.8046E+00,72.6875E+00,72.7139E+00,72.4020E+00,76.5258E+00,76.9739E+00,77.0065E+00,0.0000E+00,0.0000E+00,0.0000E+00,73.0999E+00,73.1933E+00,73.1053E+00,105.849E+00,106.047E+00,105.799E+00,-104.534E+00,-104.047E+00,-104.974E+00,13.789E+00,13.599E+00,13.945E+00,+99999.9E+99,+99999.9E+99,+99999.9E+99,0.081E+00,11.5533E+00,11.3125E+00,11.1077E+00,11.3245E+00,10.0294E+00,9.8767E+00,9.5869E+00,9.8310E+00,11.5523E+00,11.3059E+00,11.0945E+00,-0.1565E+00,-0.3843E+00,0.5418E+00,4.6991E+00,4.4668E+00,4.6558E+00,27.3548E+00,26.7852E+00,28.4852E+00,-26.1833E+00,-26.7114E+00,-25.6433E+00,59.899E+00,61.411E+00,58.002E+00,+99999.9E+99,+99999.9E+99,+99999.9E+99,2.286E+00,0.35688E+03,0.33753E+03,0.34256E+03,1.03696E+03,0.16653E+03,0.16350E+03,0.17116E+03,0.50119E+03,0.51565E+03,0.50402E+03,0.49733E+03,1.51700E+03,0.19271E+03,0.18678E+03,0.19376E+03,0.57318E+03,-0.37220E+03,-0.37432E+03,-0.36054E+03,-1.10706E+03,-0.09698E+03,-0.09031E+03,-0.09082E+03,-0.27811E+03,-0.69209E+00,-0.66966E+00,-0.68880E+00,-0.68356E+00,-0.86416E+00,-0.87534E+00,-0.88335E+00,-0.87440E+00,0.000E+00,120.037E+00,-119.922E+00,60.252E+00,178.913E+00,-61.971E+00,-46.204E+00,-47.959E+00,-46.465E+00,-46.877E+00,201.088E+00,201.825E+00,201.226E+00,93.119E+00,+99999.9E+99,+99999.9E+99,0.00007E+06,-0.00063E+06,0.00000E+00,12.198E+00,0.756E+03,0.00097E+06,43.612E+00,F0F0F
2021/11/30,17:33:37,00000:00:02,750,38003F00,700,1F00,1F00,3F00,99.924E+00,0.000E+00,0.000E+00,110.987E+00,0.000E+00,0.000E+00,0.485E+00,0.000E+00,0.000E+00,99.923E+00,0.000E+00,0.000E+00,0.000E+00,0.000E+00,0.000E+00,100.911E+00,0.000E+00,0.000E+00,98.825E+00,0.000E+00,0.000E+00,20.607E+00,+99999.9E+99,377.352E+00,1.044E+00,+99999.9E+99,+99999.9E+99,11.6912E+00,0.00000E+00,0.00000E+00,12.0313E+00,0.00000E+00,0.00000E+00,4.3992E+00,0.00000E+00,0.00000E+00,10.8320E+00,0.00000E+00,0.00000E+00,4.5557E+00,0.00000E+00,0.00000E+00,17.7833E+00,0.0000E+00,0.0000E+00,4.1524E+00,0.0000E+00,0.0000E+00,8.871E+00,+99999.9E+99,+99999.9E+99,62.920E+00,+99999.9E+99,+99999.9E+99,1.08047E+03,0.00000E+03,0.00000E+03,0.00000E+03,0.00000E+03,0.00000E+03,1.16824E+03,0.00000E+03,0.00000E+03,0.00000E+03,0.00000E+03,0.00000E+03,0.44426E+03,0.00000E+03,0.00000E+03,0.00000E+03,0.00000E+03,0.00000E+03,0.92487E+00,0.00000E+00,0.00000E+00,0.91535E+00,0.97192E+00,0.52793E+00,0.000E+00,41.063E+00,128.422E+00,156.255E+00,-152.547E+00,70.287E+00,22.351E+00,90.000E+00,90.000E+00,12.5878E+00,0.00000E+00,0.00000E+00,118.712E+00,100.000E+00,100.000E+00,-0.20218E+03,0.00000E+03,0.00000E+03,+99999.9E+99,+99999.9E+99,+99999.9E+99,+99999.9E+99,+99999.9E+99,+99999.9E+99,+99999.9E+99,+99999.9E+99,+99999.9E+99,+99999.9E+99,+99999.9E+99,+99999.9E+99,1B00,0,0,0,1B00,77.1885E+00,77.2064E+00,76.9675E+00,77.1208E+00,72.1660E+00,72.3708E+00,71.8060E+00,72.1143E+00,77.1885E+00,77.2064E+00,76.9675E+00,0.0000E+00,0.0000E+00,0.0000E+00,70.4196E+00,71.0220E+00,70.9035E+00,105.597E+00,105.779E+00,105.556E+00,-103.900E+00,-104.847E+00,-104.630E+00,34.163E+00,34.115E+00,34.078E+00,+99999.9E+99,+99999.9E+99,+99999.9E+99,0.522E+00,13.5763E+00,13.1421E+00,13.5535E+00,13.4240E+00,12.4396E+00,12.0126E+00,12.3895E+00,12.2806E+00,13.5755E+00,13.1421E+00,13.5522E+00,-0.1531E+00,0.0000E+00,0.1862E+00,13.8046E+00,12.8895E+00,12.8608E+00,27.7305E+00,27.2324E+00,28.8652E+00,-26.5252E+00,-27.2690E+00,-26.9252E+00,40.214E+00,42.512E+00,42.689E+00,+99999.9E+99,+99999.9E+99,+99999.9E+99,4.514E+00,0.42453E+03,0.41746E+03,0.44066E+03,1.28265E+03,0.48957E+03,0.44632E+03,0.47185E+03,1.40773E+03,0.61120E+03,0.59172E+03,0.60900E+03,1.81192E+03,0.55639E+03,0.52114E+03,0.52572E+03,1.60228E+03,-0.43970E+03,-0.41935E+03,-0.42036E+03,-1.27941E+03,-0.26437E+03,-0.26904E+03,-0.23181E+03,-0.76523E+03,-0.69459E+00,-0.70551E+00,-0.72358E+00,-0.70790E+00,-0.87990E+00,-0.85643E+00,-0.89753E+00,-0.87858E+00,0.000E+00,119.834E+00,-119.658E+00,58.654E+00,-179.144E+00,-63.718E+00,-46.006E+00,-45.129E+00,-43.649E+00,-44.936E+00,201.985E+00,201.396E+00,201.748E+00,89.843E+00,+99999.9E+99,+99999.9E+99,0.00013E+06,-0.00073E+06,0.00000E+00,14.539E+00,0.757E+03,0.00115E+06,43.793E+00,F0F08
2021/11/30,17:33:38,00000:00:02,800,38003F00,500,1F00,1F00,3F00,99.924E+00,0.000E+00,0.000E+00,110.987E+00,0.000E+00,0.000E+00,0.485E+00,0.000E+00,0.000E+00,99.923E+00,0.000E+00,0.000E+00,0.000E+00,0.000E+00,0.000E+00,100.911E+00,0.000E+00,0.000E+00,98.825E+00,0.000E+00,0.000E+00,20.607E+00,+99999.9E+99,377.352E+00,1.044E+00,+99999.9E+99,+99999.9E+99,11.6912E+00,0.00000E+00,0.00000E+00,12.0313E+00,0.00000E+00,0.00000E+00,4.3992E+00,0.00000E+00,0.00000E+00,10.8320E+00,0.00000E+00,0.00000E+00,4.5557E+00,0.00000E+00,0.00000E+00,17.7833E+00,0.0000E+00,0.0000E+00,4.1524E+00,0.0000E+00,0.0000E+00,8.871E+00,+99999.9E+99,+99999.9E+99,62.920E+00,+99999.9E+99,+99999.9E+99,1.08047E+03,0.00000E+03,0.00000E+03,0.00000E+03,0.00000E+03,0.00000E+03,1.16824E+03,0.00000E+03,0.00000E+03,0.00000E+03,0.00000E+03,0.00000E+03,0.44426E+03,0.00000E+03,0.00000E+03,0.00000E+03,0.00000E+03,0.00000E+03,0.92487E+00,0.00000E+00,0.00000E+00,0.91535E+00,0.97192E+00,0.52793E+00,0.000E+00,41.063E+00,128.422E+00,156.255E+00,-152.547E+00,70.287E+00,22.351E+00,90.000E+00,90.000E+00,12.5878E+00,0.00000E+00,0.00000E+00,70.184E+00,100.000E+00,100.000E+00,0.32216E+03,0.00000E+03,0.00000E+03,+99999.9E+99,+99999.9E+99,+99999.9E+99,+99999.9E+99,+99999.9E+99,+99999.9E+99,+99999.9E+99,+99999.9E+99,+99999.9E+99,+99999.9E+99,+99999.9E+99,+99999.9E+99,1B00,0,0,0,1B00,76.2518E+00,76.6552E+00,76.4996E+00,76.4689E+00,72.0800E+00,72.8345E+00,72.5527E+00,72.4891E+00,76.2518E+00,76.6552E+00,76.4996E+00,0.0000E+00,0.0000E+00,0.0000E+00,71.8883E+00,71.7348E+00,71.6489E+00,105.821E+00,106.140E+00,105.721E+00,-104.237E+00,-105.093E+00,-104.616E+00,26.714E+00,25.635E+00,26.513E+00,+99999.9E+99,+99999.9E+99,+99999.9E+99,0.199E+00,8.1065E+00,8.0650E+00,7.9808E+00,8.0508E+00,7.2468E+00,7.2230E+00,7.1234E+00,7.1977E+00,8.1065E+00,8.0636E+00,7.9768E+00,0.0000E+00,-0.1523E+00,0.2511E+00,9.4889E+00,9.6701E+00,10.0410E+00,21.7924E+00,20.5652E+00,20.4186E+00,-18.4410E+00,-19.3929E+00,-19.2805E+00,49.454E+00,46.808E+00,45.260E+00,+99999.9E+99,+99999.9E+99,+99999.9E+99,4.658E+00,0.25498E+03,0.24922E+03,0.25411E+03,0.75831E+03,0.32158E+03,0.34736E+03,0.35081E+03,1.01976E+03,0.35833E+03,0.35698E+03,0.35422E+03,1.06954E+03,0.37832E+03,0.39064E+03,0.40864E+03,1.17691E+03,-0.25176E+03,-0.25559E+03,-0.24678E+03,-0.75414E+03,-0.19927E+03,-0.17872E+03,-0.20957E+03,-0.58755E+03,-0.71158E+00,-0.69814E+00,-0.71737E+00,-0.70901E+00,-0.85004E+00,-0.88921E+00,-0.85848E+00,-0.86647E+00,0.000E+00,120.151E+00,-120.030E+00,61.713E+00,177.336E+00,-59.064E+00,-44.636E+00,-45.722E+00,-44.162E+00,-44.845E+00,201.894E+00,201.910E+00,201.856E+00,95.192E+00,+99999.9E+99,+99999.9E+99,0.00004E+06,-0.00047E+06,0.00000E+00,9.124E+00,0.756E+03,0.00072E+06,43.868E+00,F0F08
2021/11/30,17:33:38,00000:00:02,850,38003F00,700,1C00,1C00,3800,99.924E+00,0.000E+00,0.000E+00,110.987E+00,0.000E+00,0.000E+00,0.485E+00,0.000E+00,0.000E+00,99.923E+00,0.000E+00,0.000E+00,0.000E+00,0.000E+00,0.000E+00,100.911E+00,0.000E+00,0.000E+00,98.825E+00,0.000E+00,0.000E+00,65.448E+00,403.306E+00,+99999.9E+99,1.044E+00,+99999.9E+99,+99999.9E+99,11.6912E+00,0.00000E+00,0.00000E+00,12.0313E+00,0.00000E+00,0.00000E+00,4.3992E+00,0.00000E+00,0.00000E+00,10.8320E+00,0.00000E+00,0.00000E+00,4.1127E+00,0.00000E+00,0.00000E+00,17.7833E+00,0.0000E+00,0.0000E+00,4.1524E+00,0.0000E+00,0.0000E+00,47.701E+00,386.091E+00,+99999.9E+99,62.920E+00,+99999.9E+99,+99999.9E+99,1.08047E+03,0.00000E+03,0.00000E+03,0.00000E+03,0.00000E+03,0.00000E+03,1.16824E+03,0.00000E+03,0.00000E+03,0.00000E+03,0.00000E+03,0.00000E+03,0.44426E+03,0.00000E+03,0.00000E+03,0.00000E+03,0.00000E+03,0.00000E+03,0.92487E+00,0.00000E+00,0.00000E+00,0.90134E+00,0.87372E+00,0.99542E+00,0.000E+00,-168.402E+00,156.558E+00,154.335E+00,40.704E+00,-28.925E+00,22.351E+00,90.000E+00,90.000E+00,12.5878E+00,0.00000E+00,0.00000E+00,115.517E+00,100.000E+00,100.000E+00,-0.16766E+03,0.00000E+03,0.00000E+03,+99999.9E+99,+99999.9E+99,+99999.9E+99,+99999.9E+99,+99999.9E+99,+99999.9E+99,+99999.9E+99,+99999.9E+99,+99999.9E+99,+99999.9E+99,+99999.9E+99,+99999.9E+99,1B00,0,0,0,1B00,77.0274E+00,77.1629E+00,77.0950E+00,77.0951E+00,72.0547E+00,72.5004E+00,72.2394E+00,72.2648E+00,77.0274E+00,77.1629E+00,77.0950E+00,0.0000E+00,0.0000E+00,0.0000E+00,72.6701E+00,73.1005E+00,72.9611E+00,105.713E+00,106.086E+00,105.759E+00,-107.214E+00,-105.080E+00,-104.474E+00,16.215E+00,16.178E+00,16.527E+00,+99999.9E+99,+99999.9E+99,+99999.9E+99,0.355E+00,13.3050E+00,12.8145E+00,13.0163E+00,13.0453E+00,12.1496E+00,11.6588E+00,11.7376E+00,11.8487E+00,13.3037E+00,12.8110E+00,13.0071E+00,-0.1892E+00,-0.3005E+00,0.4910E+00,6.3512E+00,5.6882E+00,5.5933E+00,27.6395E+00,26.8048E+00,28.0443E+00,-26.6638E+00,-26.9390E+00,-25.8390E+00,50.329E+00,54.904E+00,55.050E+00,+99999.9E+99,+99999.9E+99,+99999.9E+99,7.131E+00,0.42454E+03,0.40255E+03,0.42103E+03,1.24813E+03,0.22896E+03,0.19904E+03,0.21548E+03,0.64349E+03,0.59880E+03,0.57522E+03,0.58447E+03,1.75848E+03,0.25678E+03,0.23110E+03,0.23403E+03,0.72089E+03,-0.42228E+03,-0.41088E+03,-0.40538E+03,-1.23854E+03,-0.11623E+03,-0.11743E+03,-0.09132E+03,-0.32498E+03,-0.70899E+00,-0.69983E+00,-0.72037E+00,-0.70978E+00,-0.89169E+00,-0.86129E+00,-0.92072E+00,-0.89263E+00,0.000E+00,119.928E+00,-119.737E+00,57.113E+00,-179.597E+00,-66.904E+00,-44.847E+00,-45.587E+00,-43.915E+00,-44.783E+00,200.984E+00,201.131E+00,201.444E+00,90.903E+00,+99999.9E+99,+99999.9E+99,0.00011E+06,-0.00073E+06,0.00000E+00,14.325E+00,0.756E+03,0.00113E+06,43.554E+00,F0F08
2021/11/30,17:33:38,00000:00:02,900,38003F00,2800,3B00,3B00,3F00,99.873E+00,0.000E+00,0.000E+00,110.929E+00,0.000E+00,0.000E+00,0.502E+00,0.000E+00,0.000E+00,99.871E+00,0.000E+00,0.000E+00,0.000E+00,0.000E+00,0.000E+00,100.893E+00,0.000E+00,0.000E+00,98.779E+00,0.000E+00,0.000E+00,65.448E+00,403.306E+00,+99999.9E+99,1.059E+00,+99999.9E+99,+99999.9E+99,12.0180E+00,0.00000E+00,0.00000E+00,12.3262E+00,0.00000E+00,0.00000E+00,4.6129E+00,0.00000E+00,0.00000E+00,11.0975E+00,0.00000E+00,0.00000E+00,4.1127E+00,0.00000E+00,0.00000E+00,18.4202E+00,0.0000E+00,0.0000E+00,4.2164E+00,0.0000E+00,0.0000E+00,47.701E+00,386.091E+00,+99999.9E+99,63.996E+00,+99999.9E+99,+99999.9E+99,1.10624E+03,0.00000E+03,0.00000E+03,0.00000E+03,0.00000E+03,0.00000E+03,1.20027E+03,0.00000E+03,0.00000E+03,0.00000E+03,0.00000E+03,0.00000E+03,0.46572E+03,0.00000E+03,0.00000E+03,0.00000E+03,0.00000E+03,0.00000E+03,0.92165E+00,0.00000E+00,0.00000E+00,0.90134E+00,0.87372E+00,0.99542E+00,0.000E+00,-168.402E+00,156.558E+00,154.335E+00,40.704E+00,-28.925E+00,22.831E+00,90.000E+00,90.000E+00,0.00000E+00,0.00000E+00,0.00000E+00,98.489E+00,100.000E+00,100.000E+00,0.01672E+03,0.00000E+03,0.00000E+03,+99999.9E+99,+99999.9E+99,+99999.9E+99,+99999.9E+99,+99999.9E+99,+99999.9E+99,+99999.9E+99,+99999.9E+99,+99999.9E+99,+99999.9E+99,+99999.9E+99,+99999.9E+99,1B00,0,0,0,1B00,76.7228E+00,77.0733E+00,76.8138E+00,76.8700E+00,71.9783E+00,72.6221E+00,72.1496E+00,72.2500E+00,76.7228E+00,77.0733E+00,76.8138E+00,0.0000E+00,0.0000E+00,0.0000E+00,69.9680E+00,70.2144E+00,70.1384E+00,105.247E+00,105.997E+00,105.483E+00,-104.409E+00,-104.727E+00,-104.393E+00,38.552E+00,38.339E+00,38.318E+00,+99999.9E+99,+99999.9E+99,+99999.9E+99,0.214E+00,11.9334E+00,11.7534E+00,12.0459E+00,11.9109E+00,10.4642E+00,10.3684E+00,10.5844E+00,10.4723E+00,11.9328E+00,11.7534E+00,12.0459E+00,-0.1284E+00,0.0000E+00,0.0000E+00,15.1456E+00,14.7193E+00,14.8887E+00,27.8938E+00,27.0952E+00,28.6309E+00,-26.3990E+00,-27.2557E+00,-26.2048E+00,39.763E+00,40.838E+00,39.928E+00,+99999.9E+99,+99999.9E+99,+99999.9E+99,1.679E+00,0.35722E+03,0.35934E+03,0.37296E+03,1.08952E+03,0.53106E+03,0.51454E+03,0.53080E+03,1.57640E+03,0.53279E+03,0.52621E+03,0.54022E+03,1.59922E+03,0.61039E+03,0.59357E+03,0.60249E+03,1.80631E+03,-0.39529E+03,-0.38442E+03,-0.39081E+03,-1.17052E+03,-0.30093E+03,-0.29592E+03,-0.28503E+03,-0.88188E+03,-0.67047E+00,-0.68288E+00,-0.69039E+00,-0.68128E+00,-0.87002E+00,-0.86687E+00,-0.88101E+00,-0.87272E+00,0.000E+00,119.951E+00,-119.849E+00,59.655E+00,179.820E+00,-61.696E+00,-47.897E+00,-46.931E+00,-46.339E+00,-47.056E+00,202.034E+00,202.203E+00,201.669E+00,90.669E+00,+99999.9E+99,+99999.9E+99,0.00010E+06,-0.00063E+06,0.00000E+00,12.469E+00,0.757E+03,0.00099E+06,43.831E+00,F0F08
2021/11/30,17:33:38,00000:00:02,950,38003F00,2D00,3F00,3F00,3F00,99.873E+00,0.000E+00,0.000E+00,110.929E+00,0.000E+00,0.000E+00,0.502E+00,0.000E+00,0.000E+00,99.871E+00,0.000E+00,0.000E+00,0.000E+00,0.000E+00,0.000E+00,100.893E+00,0.000E+00,0.000E+00,98.779E+00,0.000E+00,0.000E+00,40.555E+00,300.971E+00,484.086E+00,1.059E+00,+99999.9E+99,+99999.9E+99,12.0180E+00,0.00000E+00,0.00000E+00,12.3262E+00,0.00000E+00,0.00000E+00,4.6129E+00,0.00000E+00,0.00000E+00,11.0975E+00,0.00000E+00,0.00000E+00,3.8908E+00,0.00000E+00,0.00000E+00,18.4202E+00,0.0000E+00,0.0000E+00,4.2164E+00,0.0000E+00,0.0000E+00,51.479E+00,+99999.9E+99,+99999.9E+99,63.996E+00,+99999.9E+99,+99999.9E+99,1.10624E+03,0.00000E+03,0.00000E+03,0.00000E+03,0.00000E+03,0.00000E+03,1.20027E+03,0.00000E+03,0.00000E+03,0.00000E+03,0.00000E+03,0.00000E+03,0.46572E+03,0.00000E+03,0.00000E+03,0.00000E+03,0.00000E+03,0.00000E+03,0.92165E+00,0.00000E+00,0.00000E+00,0.92823E+00,0.13347E+00,0.98197E+00,0.000E+00,130.312E+00,163.150E+00,158.160E+00,47.982E+00,-27.746E+00,22.831E+00,90.000E+00,90.000E+00,0.00000E+00,0.00000E+00,0.00000E+00,78.543E+00,100.000E+00,100.000E+00,0.23737E+03,0.00000E+03,0.00000E+03,+99999.9E+99,+99999.9E+99,+99999.9E+99,+99999.9E+99,+99999.9E+99,+99999.9E+99,+99999.9E+99,+99999.9E+99,+99999.9E+99,+99999.9E+99,+99999.9E+99,+99999.9E+99,1B00,0,0,0,1B00,76.5496E+00,76.6105E+00,76.5479E+00,76.5693E+00,72.4504E+00,72.7685E+00,72.5019E+00,72.5736E+00,76.5496E+00,76.6105E+00,76.5479E+00,0.0000E+00,0.0000E+00,0.0000E+00,72.4376E+00,72.2226E+00,72.1849E+00,105.836E+00,106.040E+00,105.764E+00,-104.291E+00,-104.989E+00,-104.981E+00,22.495E+00,21.584E+00,22.164E+00,+99999.9E+99,+99999.9E+99,+99999.9E+99,0.214E+00,9.6556E+00,9.1442E+00,9.2782E+00,9.3593E+00,8.3582E+00,7.9263E+00,7.9649E+00,8.0831E+00,9.6544E+00,9.1399E+00,9.2683E+00,-0.1477E+00,-0.2781E+00,0.4269E+00,7.6949E+00,8.1115E+00,8.3355E+00,26.1505E+00,24.2176E+00,25.1971E+00,-26.7476E+00,-25.5757E+00,-22.5276E+00,52.755E+00,48.445E+00,47.280E+00,+99999.9E+99,+99999.9E+99,+99999.9E+99,4.833E+00,0.29755E+03,0.27836E+03,0.29296E+03,0.86887E+03,0.27154E+03,0.29334E+03,0.29670E+03,0.86158E+03,0.42942E+03,0.40563E+03,0.41153E+03,1.24657E+03,0.31531E+03,0.32583E+03,0.34133E+03,0.98185E+03,-0.30962E+03,-0.29504E+03,-0.28902E+03,-0.89368E+03,-0.16028E+03,-0.14183E+03,-0.16875E+03,-0.47087E+03,-0.69291E+00,-0.68625E+00,-0.71188E+00,-0.69700E+00,-0.86117E+00,-0.90029E+00,-0.86924E+00,-0.87750E+00,0.000E+00,120.128E+00,-120.082E+00,60.454E+00,175.916E+00,-60.339E+00,-46.139E+00,-46.666E+00,-44.612E+00,-45.813E+00,201.596E+00,201.230E+00,201.987E+00,94.307E+00,+99999.9E+99,+99999.9E+99,0.00005E+06,-0.00054E+06,0.00000E+00,10.354E+00,0.756E+03,0.00082E+06,43.767E+00,F0F08
2021/11/30,17:33:38,00000:00:03,0,38003F00,2800,3B00,3B00,3F00,99.986E+00,0.000E+00,0.000E+00,111.055E+00,0.000E+00,0.000E+00,0.507E+00,0.000E+00,0.000E+00,99.985E+00,0.000E+00,0.000E+00,0.000E+00,0.000E+00,0.000E+00,100.932E+00,0.000E+00,0.000E+00,98.829E+00,0.000E+00,0.000E+00,40.555E+00,300.971E+00,484.086E+00,1.052E+00,+99999.9E+99,+99999.9E+99,10.9604E+00,0.00000E+00,0.00000E+00,11.2206E+00,0.00000E+00,0.00000E+00,4.2519E+00,0.00000E+00,0.00000E+00,10.1021E+00,0.00000E+00,0.00000E+00,3.8908E+00,0.00000E+00,0.00000E+00,18.2162E+00,0.0000E+00,0.0000E+00,4.1119E+00,0.0000E+00,0.0000E+00,51.479E+00,+99999.9E+99,+99999.9E+99,69.809E+00,+99999.9E+99,+99999.9E+99,1.00814E+03,0.00000E+03,0.00000E+03,0.00000E+03,0.00000E+03,0.00000E+03,1.09589E+03,0.00000E+03,0.00000E+03,0.00000E+03,0.00000E+03,0.00000E+03,-0.42968E+03,0.00000E+03,0.00000E+03,0.00000E+03,0.00000E+03,0.00000E+03,-0.91993E+00,0.00000E+00,0.00000E+00,0.92823E+00,0.13347E+00,0.98197E+00,0.000E+00,130.312E+00,163.150E+00,158.160E+00,47.982E+00,-27.746E+00,-23.084E+00,90.000E+00,90.000E+00,14.5229E+00,0.00000E+00,0.00000E+00,135.105E+00,100.000E+00,100.000E+00,-0.35391E+03,0.00000E+03,0.00000E+03,+99999.9E+99,+99999.9E+99,+99999.9E+99,+99999.9E+99,+99999.9E+99,+99999.9E+99,+99999.9E+99,+99999.9E+99,+99999.9E+99,+99999.9E+99,+99999.9E+99,+99999.9E+99,1B00,0,0,0,1B00,77.0052E+00,77.4361E+00,77.3361E+00,77.2591E+00,71.7165E+00,72.5448E+00,72.3494E+00,72.2035E+00,77.0052E+00,77.4361E+00,77.3361E+00,0.0000E+00,0.0000E+00,0.0000E+00,72.2698E+00,72.7474E+00,72.6100E+00,105.643E+00,106.001E+00,105.541E+00,-104.739E+00,-104.809E+00,-104.733E+00,20.332E+00,20.301E+00,20.630E+00,+99999.9E+99,+99999.9E+99,+99999.9E+99,0.397E+00,14.0103E+00,13.6760E+00,13.8072E+00,13.8312E+00,13.0880E+00,12.8922E+00,12.8450E+00,12.9417E+00,14.0093E+00,13.6741E+00,13.8013E+00,-0.1709E+00,-0.2316E+00,0.4036E+00,8.1512E+00,7.5147E+00,7.3841E+00,27.5890E+00,27.1338E+00,28.4510E+00,-26.7410E+00,-27.0714E+00,-26.4209E+00,46.408E+00,48.976E+00,50.388E+00,+99999.9E+99,+99999.9E+99,+99999.9E+99,7.252E+00,0.45859E+03,0.44616E+03,0.45730E+03,1.36205E+03,0.29865E+03,0.25922E+03,0.27985E+03,0.83773E+03,0.63136E+03,0.61630E+03,0.62441E+03,1.87207E+03,0.33218E+03,0.29877E+03,0.30203E+03,0.93161E+03,-0.43395E+03,-0.42517E+03,-0.42516E+03,-1.28428E+03,-0.14543E+03,-0.14854E+03,-0.11358E+03,-0.40755E+03,-0.72635E+00,-0.72393E+00,-0.73237E+00,-0.72756E+00,-0.89907E+00,-0.86764E+00,-0.92659E+00,-0.89923E+00,0.000E+00,119.898E+00,-119.721E+00,56.184E+00,179.653E+00,-67.791E+00,-43.419E+00,-43.620E+00,-42.914E+00,-43.318E+00,201.654E+00,202.087E+00,200.971E+00,90.463E+00,+99999.9E+99,+99999.9E+99,0.00013E+06,-0.00079E+06,0.00000E+00,15.540E+00,0.757E+03,0.00123E+06,43.681E+00,F0F08
2021/11/30,17:33:38,00000:00:03,50,38003800,0,1800,1800,3800,99.916E+00,0.000E+00,0.000E+00,110.977E+00,0.000E+00,0.000E+00,0.507E+00,0.000E+00,0.000E+00,99.914E+00,0.000E+00,0.000E+00,0.000E+00,0.000E+00,0.000E+00,100.939E+00,0.000E+00,0.000E+00,98.807E+00,0.000E+00,0.000E+00,22.077E+00,+99999.9E+99,488.679E+00,1.067E+00,+99999.9E+99,+99999.9E+99,11.9020E+00,0.00000E+00,0.00000E+00,12.2024E+00,0.00000E+00,0.00000E+00,4.5787E+00,0.00000E+00,0.00000E+00,10.9860E+00,0.00000E+00,0.00000E+00,4.4916E+00,0.00000E+00,0.00000E+00,18.1693E+00,0.0000E+00,0.0000E+00,4.2321E+00,0.0000E+00,0.0000E+00,9.340E+00,+99999.9E+99,+99999.9E+99,63.431E+00,+99999.9E+99,+99999.9E+99,1.09558E+03,0.00000E+03,0.00000E+03,0.00000E+03,0.00000E+03,0.00000E+03,1.18920E+03,0.00000E+03,0.00000E+03,0.00000E+03,0.00000E+03,0.00000E+03,0.46249E+03,0.00000E+03,0.00000E+03,0.00000E+03,0.00000E+03,0.00000E+03,0.92127E+00,0.00000E+00,0.00000E+00,0.90040E+00,0.61613E+00,0.96902E+00,0.000E+00,47.317E+00,164.171E+00,154.210E+00,-80.717E+00,-1.530E+00,22.887E+00,90.000E+00,90.000E+00,12.6099E+00,0.00000E+00,0.00000E+00,80.792E+00,100.000E+00,100.000E+00,0.21043E+03,0.00000E+03,0.00000E+03,+99999.9E+99,+99999.9E+99,+99999.9E+99,+99999.9E+99,+99999.9E+99,+99999.9E+99,+99999.9E+99,+99999.9E+99,+99999.9E+99,+99999.9E+99,+99999.9E+99,+99999.9E+99,1B00,0,0,0,1B00,76.7017E+00,76.6408E+00,76.3709E+00,76.5711E+00,72.5924E+00,72.6752E+00,72.0299E+00,72.4325E+00,76.7017E+00,76.6408E+00,76.3708E+00,0.0000E+00,0.0000E+00,0.0000E+00,70.2436E+00,70.2829E+00,70.1692E+00,105.763E+00,106.044E+00,105.790E+00,-104.521E+00,-104.617E+00,-104.281E+00,38.227E+00,37.911E+00,38.098E+00,+99999.9E+99,+99999.9E+99,+99999.9E+99,0.090E+00,9.8053E+00,9.3931E+00,10.0133E+00,9.7372E+00,8.4992E+00,8.1493E+00,8.5637E+00,8.4041E+00,9.8053E+00,9.3931E+00,10.0133E+00,0.0000E+00,0.0000E+00,0.0000E+00,14.7518E+00,14.6285E+00,14.9722E+00,26.5319E+00,24.9705E+00,27.3205E+00,-25.7162E+00,-23.5252E+00,-26.7405E+00,40.750E+00,40.812E+00,39.409E+00,+99999.9E+99,+99999.9E+99,+99999.9E+99,1.460E+00,0.28936E+03,0.28793E+03,0.30785E+03,0.88514E+03,0.51744E+03,0.51922E+03,0.53162E+03,1.56829E+03,0.43614E+03,0.41794E+03,0.44422E+03,1.29830E+03,0.59634E+03,0.59070E+03,0.60523E+03,1.79216E+03,-0.32632E+03,-0.30294E+03,-0.32024E+03,-0.94951E+03,-0.29645E+03,-0.28165E+03,-0.28927E+03,-0.86737E+03,-0.66347E+00,-0.68892E+00,-0.69302E+00,-0.68177E+00,-0.86769E+00,-0.87900E+00,-0.87839E+00,-0.87508E+00,0.000E+00,120.077E+00,-119.936E+00,59.825E+00,178.507E+00,-61.354E+00,-48.435E+00,-46.456E+00,-46.130E+00,-47.018E+00,201.833E+00,201.620E+00,202.485E+00,91.943E+00,+99999.9E+99,+99999.9E+99,0.00007E+06,-0.00053E+06,0.00000E+00,10.279E+00,0.756E+03,0.00081E+06,43.811E+00,F0F0F
2021/11/30,17:33:38,00000:00:03,100,38003F00,700,1F00,1F00,3F00,99.916E+00,0.000E+00,0.000E+00,110.977E+00,0.000E+00,0.000E+00,0.507E+00,0.000E+00,0.000E+00,99.914E+00,0.000E+00,0.000E+00,0.000E+00,0.000E+00,0.000E+00,100.939E+00,0.000E+00,0.000E+00,98.807E+00,0.000E+00,0.000E+00,22.077E+00,+99999.9E+99,488.679E+00,1.067E+00,+99999.9E+99,+99999.9E+99,11.9020E+00,0.00000E+00,0.00000E+00,12.2024E+00,0.00000E+00,0.00000E+00,4.5787E+00,0.00000E+00,0.00000E+00,10.9860E+00,0.00000E+00,0.00000E+00,4.4916E+00,0.00000E+00,0.00000E+00,18.1693E+00,0.0000E+00,0.0000E+00,4.2321E+00,0.0000E+00,0.0000E+00,9.340E+00,+99999.9E+99,+99999.9E+99,63.431E+00,+99999.9E+99,+99999.9E+99,1.09558E+03,0.00000E+03,0.00000E+03,0.00000E+03,0.00000E+03,0.00000E+03,1.18920E+03,0.00000E+03,0.00000E+03,0.00000E+03,0.00000E+03,0.00000E+03,0.46249E+03,0.00000E+03,0.00000E+03,0.00000E+03,0.00000E+03,0.00000E+03,0.92127E+00,0.00000E+00,0.00000E+00,0.90040E+00,0.61613E+00,0.96902E+00,0.000E+00,47.317E+00,164.171E+00,154.210E+00,-80.717E+00,-1.530E+00,22.887E+00,90.000E+00,90.000E+00,12.6099E+00,0.00000E+00,0.00000E+00,92.115E+00,100.000E+00,100.000E+00,0.08638E+03,0.00000E+03,0.00000E+03,+99999.9E+99,+99999.9E+99,+99999.9E+99,+99999.9E+99,+99999.9E+99,+99999.9E+99,+99999.9E+99,+99999.9E+99,+99999.9E+99,+99999.9E+99,+99999.9E+99,+99999.9E+99,1B00,0,0,0,1B00,76.4927E+00,77.0027E+00,77.0053E+00,76.8336E+00,71.7158E+00,72.6645E+00,72.6665E+00,72.3489E+00,76.4927E+00,77.0027E+00,77.0053E+00,0.0000E+00,0.0000E+00,0.0000E+00,73.0401E+00,73.0210E+00,72.9198E+00,105.736E+00,106.100E+00,105.819E+00,-104.541E+00,-104.730E+00,-104.820E+00,15.498E+00,15.363E+00,15.348E+00,+99999.9E+99,+99999.9E+99,+99999.9E+99,0.108E+00,11.4826E+00,11.2608E+00,11.0265E+00,11.2566E+00,9.8204E+00,9.7064E+00,9.3789E+00,9.6353E+00,11.4815E+00,11.2537E+00,11.0123E+00,-0.1575E+00,-0.4005E+00,0.5591E+00,5.2727E+00,5.2056E+00,5.5980E+00,27.6124E+00,27.2057E+00,28.5681E+00,-26.6733E+00,-26.9186E+00,-25.9686E+00,57.968E+00,57.143E+00,52.939E+00,+99999.9E+99,+99999.9E+99,+99999.9E+99,3.459E+00,0.34779E+03,0.32899E+03,0.33242E+03,1.00920E+03,0.18820E+03,0.19479E+03,0.20152E+03,0.58451E+03,0.51188E+03,0.50144E+03,0.49361E+03,1.50693E+03,0.21712E+03,0.21738E+03,0.22838E+03,0.66267E+03,-0.37559E+03,-0.37843E+03,-0.36489E+03,-1.11891E+03,-0.10826E+03,-0.09649E+03,-0.10746E+03,-0.31221E+03,-0.67943E+00,-0.65608E+00,-0.67346E+00,-0.66970E+00,-0.86682E+00,-0.89609E+00,-0.88238E+00,-0.88206E+00,0.000E+00,120.096E+00,-119.968E+00,59.898E+00,176.405E+00,-61.844E+00,-47.201E+00,-48.998E+00,-47.665E+00,-47.956E+00,201.880E+00,201.869E+00,201.232E+00,93.317E+00,+99999.9E+99,+99999.9E+99,0.00007E+06,-0.00061E+06,0.00000E+00,11.893E+00,0.756E+03,0.00094E+06,43.816E+00,F0F0F
2021/11/30,17:33:38,00000:00:03,150,38003F00,500,1F00,1F00,3F00,99.916E+00,0.000E+00,0.000E+00,110.977E+00,0.000E+00,0.000E+00,0.507E+00,0.000E+00,0.000E+00,99.914E+00,0.000E+00,0.000E+00,0.000E+00,0.000E+00,0.000E+00,100.939E+00,0.000E+00,0.000E+00,98.807E+00,0.000E+00,0.000E+00,20.565E+00,+99999.9E+99,392.541E+00,1.067E+00,+99999.9E+99,+99999.9E+99,11.9020E+00,0.00000E+00,0.00000E+00,12.2024E+00,0.00000E+00,0.00000E+00,4.5787E+00,0.00000E+00,0.00000E+00,10.9860E+00,0.00000E+00,0.00000E+00,4.5655E+00,0.00000E+00,0.00000E+00,18.1693E+00,0.0000E+00,0.0000E+00,4.2321E+00,0.0000E+00,0.0000E+00,7.733E+00,+99999.9E+99,+99999.9E+99,63.431E+00,+99999.9E+99,+99999.9E+99,1.09558E+03,0.00000E+03,0.00000E+03,0.00000E+03,0.00000E+03,0.00000E+03,1.18920E+03,0.00000E+03,0.00000E+03,0.00000E+03,0.00000E+03,0.00000E+03,0.46249E+03,0.00000E+03,0.00000E+03,0.00000E+03,0.00000E+03,0.00000E+03,0.92127E+00,0.00000E+00,0.00000E+00,0.90544E+00,0.24298E+00,0.99216E+00,0.000E+00,68.789E+00,161.172E+00,154.882E+00,-35.273E+00,-26.006E+00,22.887E+00,90.000E+00,90.000E+00,12.6099E+00,0.00000E+00,0.00000E+00,117.083E+00,100.000E+00,100.000E+00,-0.18715E+03,0.00000E+03,0.00000E+03,+99999.9E+99,+99999.9E+99,+99999.9E+99,+99999.9E+99,+99999.9E+99,+99999.9E+99,+99999.9E+99,+99999.9E+99,+99999.9E+99,+99999.9E+99,+99999.9E+99,+99999.9E+99,1B00,0,0,0,1B00,77.1849E+00,77.1973E+00,76.9758E+00,77.1193E+00,72.1468E+00,72.3516E+00,71.8148E+00,72.1044E+00,77.1849E+00,77.1973E+00,76.9758E+00,0.0000E+00,0.0000E+00,0.0000E+00,70.9841E+00,71.6621E+00,71.4458E+00,105.309E+00,105.587E+00,105.517E+00,-104.646E+00,-104.531E+00,-104.519E+00,29.394E+00,29.732E+00,29.645E+00,+99999.9E+99,+99999.9E+99,+99999.9E+99,0.554E+00,13.4839E+00,13.0527E+00,13.4503E+00,13.3289E+00,12.4506E+00,12.0317E+00,12.3965E+00,12.2929E+00,13.4830E+00,13.0527E+00,13.4486E+00,-0.1528E+00,0.0000E+00,0.2093E+00,12.0604E+00,10.8904E+00,11.0519E+00,27.4171E+00,26.7900E+00,28.3081E+00,-26.2286E+00,-26.7400E+00,-26.7105E+00,41.810E+00,45.377E+00,45.498E+00,+99999.9E+99,+99999.9E+99,+99999.9E+99,6.292E+00,0.42517E+03,0.41719E+03,0.44037E+03,1.28273E+03,0.42704E+03,0.37647E+03,0.40481E+03,1.20832E+03,0.60714E+03,0.58766E+03,0.60428E+03,1.79909E+03,0.48385E+03,0.44251E+03,0.44615E+03,1.37092E+03,-0.43341E+03,-0.41388E+03,-0.41381E+03,-1.26110E+03,-0.22749E+03,-0.23256E+03,-0.18755E+03,-0.64760E+03,-0.70029E+00,-0.70992E+00,-0.72874E+00,-0.71299E+00,-0.88258E+00,-0.85077E+00,-0.90735E+00,-0.88139E+00,0.000E+00,119.893E+00,-119.587E+00,58.357E+00,-178.505E+00,-64.938E+00,-45.550E+00,-44.772E+00,-43.219E+00,-44.521E+00,201.141E+00,201.359E+00,201.728E+00,89.800E+00,+99999.9E+99,+99999.9E+99,0.00013E+06,-0.00073E+06,0.00000E+00,14.537E+00,0.757E+03,0.00115E+06,43.573E+00,F0F08
2021/11/30,17:33:38,00000:00:03,200,38003F00,500,1F00,1F00,3F00,99.916E+00,0.000E+00,0.000E+00,110.977E+00,0.000E+00,0.000E+00,0.507E+00,0.000E+00,0.000E+00,99.914E+00,0.000E+00,0.000E+00,0.000E+00,0.000E+00,0.000E+00,100.939E+00,0.000E+00,0.000E+00,98.807E+00,0.000E+00,0.000E+00,20.565E+00,+99999.9E+99,392.541E+00,1.067E+00,+99999.9E+99,+99999.9E+99,11.9020E+00,0.00000E+00,0.00000E+00,12.2024E+00,0.00000E+00,0.00000E+00,4.5787E+00,0.00000E+00,0.00000E+00,10.9860E+00,0.00000E+00,0.00000E+00,4.5655E+00,0.00000E+00,0.00000E+00,18.1693E+00,0.0000E+00,0.0000E+00,4.2321E+00,0.0000E+00,0.0000E+00,7.733E+00,+99999.9E+99,+99999.9E+99,63.431E+00,+99999.9E+99,+99999.9E+99,1.09558E+03,0.00000E+03,0.00000E+03,0.00000E+03,0.00000E+03,0.00000E+03,1.18920E+03,0.00000E+03,0.00000E+03,0.00000E+03,0.00000E+03,0.00000E+03,0.46249E+03,0.00000E+03,0.00000E+03,0.00000E+03,0.00000E+03,0.00000E+03,0.92127E+00,0.00000E+00,0.00000E+00,0.90544E+00,0.24298E+00,0.99216E+00,0.000E+00,68.789E+00,161.172E+00,154.882E+00,-35.273E+00,-26.006E+00,22.887E+00,90.000E+00,90.000E+00,12.6099E+00,0.00000E+00,0.00000E+00,72.010E+00,100.000E+00,100.000E+00,0.30665E+03,0.00000E+03,0.00000E+03,+99999.9E+99,+99999.9E+99,+99999.9E+99,+99999.9E+99,+99999.9E+99,+99999.9E+99,+99999.9E+99,+99999.9E+99,+99999.9E+99,+99999.9E+99,+99999.9E+99,+99999.9E+99,1B00,0,0,0,1B00,76.2666E+00,76.6159E+00,76.4947E+00,76.4591E+00,72.1817E+00,72.8552E+00,72.6215E+00,72.5528E+00,76.2666E+00,76.6159E+00,76.4947E+00,0.0000E+00,0.0000E+00,0.0000E+00,71.2633E+00,71.1555E+00,70.9903E+00,105.820E+00,106.060E+00,105.626E+00,-104.613E+00,-104.920E+00,-104.420E+00,31.951E+00,31.245E+00,31.908E+00,+99999.9E+99,+99999.9E+99,+99999.9E+99,0.230E+00,8.3341E+00,8.2839E+00,8.2286E+00,8.2822E+00,7.4296E+00,7.3969E+00,7.3351E+00,7.3872E+00,8.3333E+00,8.2831E+00,8.2253E+00,-0.1152E+00,-0.1182E+00,0.2346E+00,11.7871E+00,11.7887E+00,12.3986E+00,22.3814E+00,20.8252E+00,20.5086E+00,-18.7324E+00,-19.2609E+00,-19.9924E+00,44.943E+00,43.813E+00,41.808E+00,+99999.9E+99,+99999.9E+99,+99999.9E+99,3.404E+00,0.26449E+03,0.25943E+03,0.26501E+03,0.78893E+03,0.40709E+03,0.42792E+03,0.43511E+03,1.27012E+03,0.36865E+03,0.36678E+03,0.36522E+03,1.10065E+03,0.47306E+03,0.48068E+03,0.49938E+03,1.45266E+03,-0.25681E+03,-0.25928E+03,-0.25131E+03,-0.76739E+03,-0.24097E+03,-0.21895E+03,-0.24508E+03,-0.70500E+03,-0.71745E+00,-0.70731E+00,-0.72563E+00,-0.71678E+00,-0.86054E+00,-0.89024E+00,-0.87129E+00,-0.87434E+00,0.000E+00,120.205E+00,-119.979E+00,60.567E+00,177.226E+00,-60.457E+00,-44.156E+00,-44.984E+00,-43.479E+00,-44.210E+00,202.181E+00,201.691E+00,201.793E+00,94.685E+00,+99999.9E+99,+99999.9E+99,0.00004E+06,-0.00049E+06,0.00000E+00,9.441E+00,0.756E+03,0.00075E+06,43.946E+00,F0F08
2021/11/30,17:33:38,00000:00:03,250,38003F00,700,1F00,1F00,3F00,99.916E+00,0.000E+00,0.000E+00,110.977E+00,0.000E+00,0.000E+00,0.507E+00,0.000E+00,0.000E+00,99.914E+00,0.000E+00,0.000E+00,0.000E+00,0.000E+00,0.000E+00,100.939E+00,0.000E+00,0.000E+00,98.807E+00,0.000E+00,0.000E+00,62.541E+00,+99999.9E+99,+99999.9E+99,1.067E+00,+99999.9E+99,+99999.9E+99,11.9020E+00,0.00000E+00,0.00000E+00,12.2024E+00,0.00000E+00,0.00000E+00,4.5787E+00,0.00000E+00,0.00000E+00,10.9860E+00,0.00000E+00,0.00000E+00,4.0897E+00,0.00000E+00,0.00000E+00,18.1693E+00,0.0000E+00,0.0000E+00,4.2321E+00,0.0000E+00,0.0000E+00,46.675E+00,+99999.9E+99,+99999.9E+99,63.431E+00,+99999.9E+99,+99999.9E+99,1.09558E+03,0.00000E+03,0.00000E+03,0.00000E+03,0.00000E+03,0.00000E+03,1.18920E+03,0.00000E+03,0.00000E+03,0.00000E+03,0.00000E+03,0.00000E+03,0.46249E+03,0.00000E+03,0.00000E+03,0.00000E+03,0.00000E+03,0.00000E+03,0.92127E+00,0.00000E+00,0.00000E+00,0.88344E+00,0.53235E+00,0.49636E+00,0.000E+00,85.276E+00,163.018E+00,152.060E+00,27.440E+00,43.259E+00,22.887E+00,90.000E+00,90.000E+00,12.6099E+00,0.00000E+00,0.00000E+00,116.208E+00,100.000E+00,100.000E+00,-0.17758E+03,0.00000E+03,0.00000E+03,+99999.9E+99,+99999.9E+99,+99999.9E+99,+99999.9E+99,+99999.9E+99,+99999.9E+99,+99999.9E+99,+99999.9E+99,+99999.9E+99,+99999.9E+99,+99999.9E+99,+99999.9E+99,1B00,0,0,0,1B00,77.0647E+00,77.1893E+00,77.0977E+00,77.1172E+00,72.1494E+00,72.5557E+00,72.2655E+00,72.3235E+00,77.0647E+00,77.1893E+00,77.0977E+00,0.0000E+00,0.0000E+00,0.0000E+00,72.9753E+00,73.2050E+00,73.0650E+00,105.667E+00,106.043E+00,105.814E+00,-104.270E+00,-105.146E+00,-104.676E+00,14.213E+00,14.588E+00,14.631E+00,+99999.9E+99,+99999.9E+99,+99999.9E+99,0.183E+00,13.4964E+00,13.0552E+00,13.2429E+00,13.2648E+00,12.2924E+00,11.8345E+00,11.8924E+00,12.0065E+00,13.4953E+00,13.0510E+00,13.2334E+00,-0.1708E+00,-0.3302E+00,0.5022E+00,5.3131E+00,4.8478E+00,5.0108E+00,27.7000E+00,27.1929E+00,28.6943E+00,-26.4819E+00,-27.2562E+00,-26.8571E+00,53.847E+00,57.760E+00,55.780E+00,+99999.9E+99,+99999.9E+99,+99999.9E+99,4.120E+00,0.43248E+03,0.41185E+03,0.42883E+03,1.27316E+03,0.19243E+03,0.17837E+03,0.18997E+03,0.56077E+03,0.60761E+03,0.58668E+03,0.59517E+03,1.78946E+03,0.21673E+03,0.20242E+03,0.20826E+03,0.62712E+03,-0.42679E+03,-0.41783E+03,-0.41272E+03,-1.25733E+03,-0.09971E+03,-0.09570E+03,-0.08533E+03,-0.28074E+03,-0.71178E+00,-0.70199E+00,-0.72051E+00,-0.71147E+00,-0.88788E+00,-0.88119E+00,-0.91220E+00,-0.89420E+00,0.000E+00,120.024E+00,-119.833E+00,57.495E+00,178.175E+00,-65.683E+00,-44.620E+00,-45.413E+00,-43.904E+00,-44.645E+00,201.166E+00,201.871E+00,201.591E+00,90.852E+00,+99999.9E+99,+99999.9E+99,0.00012E+06,-0.00074E+06,0.00000E+00,14.599E+00,0.757E+03,0.00116E+06,43.582E+00,F0F08
2021/11/30,17:33:38,00000:00:03,300,38003800,2800,3800,3800,3800,99.988E+00,0.000E+00,0.000E+00,111.057E+00,0.000E+00,0.000E+00,0.499E+00,0.000E+00,0.000E+00,99.987E+00,0.000E+00,0.000E+00,0.000E+00,0.000E+00,0.000E+00,100.986E+00,0.000E+00,0.000E+00,98.800E+00,0.000E+00,0.000E+00,62.541E+00,+99999.9E+99,+99999.9E+99,1.093E+00,+99999.9E+99,+99999.9E+99,11.4936E+00,0.00000E+00,0.00000E+00,11.6960E+00,0.00000E+00,0.00000E+00,4.6064E+00,0.00000E+00,0.00000E+00,10.5301E+00,0.00000E+00,0.00000E+00,4.0897E+00,0.00000E+00,0.00000E+00,18.4238E+00,0.0000E+00,0.0000E+00,3.5074E+00,0.0000E+00,0.0000E+00,46.675E+00,+99999.9E+99,+99999.9E+99,70.827E+00,+99999.9E+99,+99999.9E+99,1.05082E+03,0.00000E+03,0.00000E+03,0.00000E+03,0.00000E+03,0.00000E+03,1.14922E+03,0.00000E+03,0.00000E+03,0.00000E+03,0.00000E+03,0.00000E+03,0.46528E+03,0.00000E+03,0.00000E+03,0.00000E+03,0.00000E+03,0.00000E+03,0.91437E+00,0.00000E+00,0.00000E+00,0.88344E+00,0.53235E+00,0.49636E+00,0.000E+00,85.276E+00,163.018E+00,152.060E+00,27.440E+00,43.259E+00,23.883E+00,90.000E+00,90.000E+00,0.00000E+00,0.00000E+00,0.00000E+00,103.676E+00,100.000E+00,100.000E+00,-0.03863E+03,0.00000E+03,0.00000E+03,+99999.9E+99,+99999.9E+99,+99999.9E+99,+99999.9E+99,+99999.9E+99,+99999.9E+99,+99999.9E+99,+99999.9E+99,+99999.9E+99,+99999.9E+99,+99999.9E+99,+99999.9E+99,1B00,0,0,0,1B00,76.7469E+00,77.0937E+00,76.8297E+00,76.8901E+00,72.0128E+00,72.6520E+00,72.1667E+00,72.2772E+00,76.7468E+00,77.0937E+00,76.8297E+00,0.0000E+00,0.0000E+00,0.0000E+00,70.1204E+00,70.4717E+00,70.4109E+00,105.456E+00,105.894E+00,105.571E+00,-104.520E+00,-104.864E+00,-104.349E+00,37.743E+00,37.776E+00,37.648E+00,+99999.9E+99,+99999.9E+99,+99999.9E+99,0.314E+00,11.9277E+00,11.7729E+00,12.0425E+00,11.9144E+00,10.4606E+00,10.3905E+00,10.5739E+00,10.4750E+00,11.9273E+00,11.7729E+00,12.0425E+00,-0.1042E+00,0.0000E+00,0.0000E+00,15.1582E+00,14.5949E+00,14.6176E+00,27.2900E+00,27.1424E+00,28.6814E+00,-25.8238E+00,-26.7971E+00,-26.8462E+00,39.145E+00,40.491E+00,40.305E+00,+99999.9E+99,+99999.9E+99,+99999.9E+99,2.662E+00,0.35747E+03,0.35992E+03,0.37205E+03,1.08944E+03,0.54079E+03,0.51222E+03,0.53102E+03,1.58402E+03,0.53279E+03,0.52730E+03,0.54018E+03,1.60028E+03,0.61269E+03,0.58807E+03,0.59372E+03,1.79412E+03,-0.39507E+03,-0.38537E+03,-0.39163E+03,-1.17206E+03,-0.28800E+03,-0.28888E+03,-0.26557E+03,-0.84246E+03,-0.67094E+00,-0.68256E+00,-0.68875E+00,-0.68078E+00,-0.88264E+00,-0.87103E+00,-0.89438E+00,-0.88290E+00,0.000E+00,119.891E+00,-119.803E+00,58.205E+00,179.283E+00,-63.370E+00,-47.860E+00,-46.956E+00,-46.468E+00,-47.095E+00,202.186E+00,201.651E+00,201.836E+00,90.369E+00,+99999.9E+99,+99999.9E+99,0.00010E+06,-0.00062E+06,0.00000E+00,12.419E+00,0.757E+03,0.00098E+06,43.835E+00,F0F08
2021/11/30,17:33:38,00000:00:03,350,38003F00,2D00,3F00,3F00,3F00,99.988E+00,0.000E+00,0.000E+00,111.057E+00,0.000E+00,0.000E+00,0.499E+00,0.000E+00,0.000E+00,99.987E+00,0.000E+00,0.000E+00,0.000E+00,0.000E+00,0.000E+00,100.986E+00,0.000E+00,0.000E+00,98.800E+00,0.000E+00,0.000E+00,34.979E+00,+99999.9E+99,+99999.9E+99,1.093E+00,+99999.9E+99,+99999.9E+99,11.4936E+00,0.00000E+00,0.00000E+00,11.6960E+00,0.00000E+00,0.00000E+00,4.6064E+00,0.00000E+00,0.00000E+00,10.5301E+00,0.00000E+00,0.00000E+00,4.2582E+00,0.00000E+00,0.00000E+00,18.4238E+00,0.0000E+00,0.0000E+00,3.5074E+00,0.0000E+00,0.0000E+00,40.613E+00,+99999.9E+99,+99999.9E+99,70.827E+00,+99999.9E+99,+99999.9E+99,1.05082E+03,0.00000E+03,0.00000E+03,0.00000E+03,0.00000E+03,0.00000E+03,1.14922E+03,0.00000E+03,0.00000E+03,0.00000E+03,0.00000E+03,0.00000E+03,0.46528E+03,0.00000E+03,0.00000E+03,0.00000E+03,0.00000E+03,0.00000E+03,0.91437E+00,0.00000E+00,0.00000E+00,0.93441E+00,0.44558E+00,0.20497E+00,0.000E+00,-91.910E+00,163.839E+00,159.133E+00,151.629E+00,-117.989E+00,23.883E+00,90.000E+00,90.000E+00,0.00000E+00,0.00000E+00,0.00000E+00,79.399E+00,100.000E+00,100.000E+00,0.21648E+03,0.00000E+03,0.00000E+03,+99999.9E+99,+99999.9E+99,+99999.9E+99,+99999.9E+99,+99999.9E+99,+99999.9E+99,+99999.9E+99,+99999.9E+99,+99999.9E+99,+99999.9E+99,+99999.9E+99,+99999.9E+99,1B00,0,0,0,1B00,76.5381E+00,76.6421E+00,76.5339E+00,76.5713E+00,72.3726E+00,72.7530E+00,72.4105E+00,72.5120E+00,76.5381E+00,76.6421E+00,76.5339E+00,0.0000E+00,0.0000E+00,0.0000E+00,72.4844E+00,72.2482E+00,72.2282E+00,105.729E+00,106.067E+00,105.703E+00,-105.081E+00,-104.929E+00,-105.004E+00,22.506E+00,21.612E+00,22.092E+00,+99999.9E+99,+99999.9E+99,+99999.9E+99,0.224E+00,9.3395E+00,8.8232E+00,8.9753E+00,9.0460E+00,8.1290E+00,7.7068E+00,7.7662E+00,7.8673E+00,9.3382E+00,8.8212E+00,8.9686E+00,-0.1545E+00,-0.1922E+00,0.3478E+00,7.6897E+00,8.1273E+00,8.3292E+00,25.6886E+00,23.7643E+00,24.6252E+00,-26.0567E+00,-24.7781E+00,-21.6624E+00,52.736E+00,48.454E+00,47.301E+00,+99999.9E+99,+99999.9E+99,+99999.9E+99,4.740E+00,0.28507E+03,0.26717E+03,0.28209E+03,0.83433E+03,0.27225E+03,0.29439E+03,0.29642E+03,0.86306E+03,0.41502E+03,0.39126E+03,0.39798E+03,1.20425E+03,0.31582E+03,0.32717E+03,0.34144E+03,0.98383E+03,-0.30163E+03,-0.28583E+03,-0.28073E+03,-0.86819E+03,-0.16006E+03,-0.14275E+03,-0.16946E+03,-0.47227E+03,-0.68687E+00,-0.68286E+00,-0.70882E+00,-0.69282E+00,-0.86206E+00,-0.89979E+00,-0.86814E+00,-0.87725E+00,0.000E+00,120.120E+00,-120.101E+00,60.344E+00,175.982E+00,-60.229E+00,-46.617E+00,-46.932E+00,-44.861E+00,-46.146E+00,201.624E+00,201.883E+00,202.054E+00,94.749E+00,+99999.9E+99,+99999.9E+99,0.00004E+06,-0.00052E+06,0.00000E+00,9.986E+00,0.756E+03,0.00079E+06,43.759E+00,F0F08
2021/11/30,17:33:38,00000:00:03,400,38003F00,2800,3B00,3B00,3F00,99.817E+00,0.000E+00,0.000E+00,110.868E+00,0.000E+00,0.000E+00,0.499E+00,0.000E+00,0.000E+00,99.816E+00,0.000E+00,0.000E+00,0.000E+00,0.000E+00,0.000E+00,100.932E+00,0.000E+00,0.000E+00,98.832E+00,0.000E+00,0.000E+00,34.979E+00,+99999.9E+99,+99999.9E+99,1.052E+00,+99999.9E+99,+99999.9E+99,12.2105E+00,0.00000E+00,0.00000E+00,12.6685E+00,0.00000E+00,0.00000E+00,4.3596E+00,0.00000E+00,0.00000E+00,11.4057E+00,0.00000E+00,0.00000E+00,4.2582E+00,0.00000E+00,0.00000E+00,18.3407E+00,0.0000E+00,0.0000E+00,4.1005E+00,0.0000E+00,0.0000E+00,40.613E+00,+99999.9E+99,+99999.9E+99,62.426E+00,+99999.9E+99,+99999.9E+99,1.13651E+03,0.00000E+03,0.00000E+03,0.00000E+03,0.00000E+03,0.00000E+03,1.21882E+03,0.00000E+03,0.00000E+03,0.00000E+03,0.00000E+03,0.00000E+03,-0.44028E+03,0.00000E+03,0.00000E+03,0.00000E+03,0.00000E+03,0.00000E+03,-0.93247E+00,0.00000E+00,0.00000E+00,0.93441E+00,0.44558E+00,0.20497E+00,0.000E+00,-91.910E+00,163.839E+00,159.133E+00,151.629E+00,-117.989E+00,-21.176E+00,90.000E+00,90.000E+00,9.31994E+00,0.00000E+00,0.00000E+00,119.874E+00,100.000E+00,100.000E+00,-0.22588E+03,0.00000E+03,0.00000E+03,+99999.9E+99,+99999.9E+99,+99999.9E+99,+99999.9E+99,+99999.9E+99,+99999.9E+99,+99999.9E+99,+99999.9E+99,+99999.9E+99,+99999.9E+99,+99999.9E+99,+99999.9E+99,1B00,0,0,0,1B00,76.9925E+00,77.4744E+00,77.3061E+00,77.2577E+00,71.7103E+00,72.6010E+00,72.2998E+00,72.2037E+00,76.9925E+00,77.4744E+00,77.3061E+00,0.0000E+00,0.0000E+00,0.0000E+00,72.3321E+00,72.7867E+00,72.6381E+00,105.653E+00,106.123E+00,105.553E+00,-104.460E+00,-104.714E+00,-104.579E+00,19.968E+00,20.069E+00,20.379E+00,+99999.9E+99,+99999.9E+99,+99999.9E+99,0.373E+00,14.0075E+00,13.6850E+00,13.8252E+00,13.8392E+00,13.0875E+00,12.8961E+00,12.8562E+00,12.9466E+00,14.0064E+00,13.6834E+00,13.8196E+00,-0.1740E+00,-0.2153E+00,0.3905E+00,7.8937E+00,7.3336E+00,7.2020E+00,27.6814E+00,27.1895E+00,28.8229E+00,-26.5638E+00,-26.8962E+00,-26.8448E+00,47.591E+00,49.920E+00,51.031E+00,+99999.9E+99,+99999.9E+99,+99999.9E+99,6.632E+00,0.45823E+03,0.44673E+03,0.45743E+03,1.36239E+03,0.28845E+03,0.25326E+03,0.27162E+03,0.81333E+03,0.63075E+03,0.61694E+03,0.62543E+03,1.87312E+03,0.32277E+03,0.29323E+03,0.29552E+03,0.91041E+03,-0.43343E+03,-0.42550E+03,-0.42652E+03,-1.28545E+03,-0.14484E+03,-0.14780E+03,-0.11643E+03,-0.40907E+03,-0.72649E+00,-0.72410E+00,-0.73139E+00,-0.72734E+00,-0.89366E+00,-0.86368E+00,-0.91912E+00,-0.89337E+00,0.000E+00,119.920E+00,-119.727E+00,56.871E+00,-179.877E+00,-66.668E+00,-43.407E+00,-43.606E+00,-42.997E+00,-43.336E+00,201.646E+00,201.297E+00,200.967E+00,90.306E+00,+99999.9E+99,+99999.9E+99,0.00013E+06,-0.00078E+06,0.00000E+00,15.517E+00,0.757E+03,0.00123E+06,43.677E+00,F0F08
2021/11/30,17:33:38,00000:00:03,450,38003F00,0,1B00,1B00,3F00,99.917E+00,0.000E+00,0.000E+00,110.978E+00,0.000E+00,0.000E+00,0.505E+00,0.000E+00,0.000E+00,99.915E+00,0.000E+00,0.000E+00,0.000E+00,0.000E+00,0.000E+00,100.939E+00,0.000E+00,0.000E+00,98.811E+00,0.000E+00,0.000E+00,99.740E+00,+99999.9E+99,+99999.9E+99,1.065E+00,+99999.9E+99,+99999.9E+99,11.8916E+00,0.00000E+00,0.00000E+00,12.1955E+00,0.00000E+00,0.00000E+00,4.5666E+00,0.00000E+00,0.00000E+00,10.9798E+00,0.00000E+00,0.00000E+00,2.9589E+00,0.00000E+00,0.00000E+00,18.2638E+00,0.0000E+00,0.0000E+00,4.0319E+00,0.0000E+00,0.0000E+00,102.493E+00,+99999.9E+99,+99999.9E+99,64.809E+00,+99999.9E+99,+99999.9E+99,1.09498E+03,0.00000E+03,0.00000E+03,0.00000E+03,0.00000E+03,0.00000E+03,1.18817E+03,0.00000E+03,0.00000E+03,0.00000E+03,0.00000E+03,0.00000E+03,0.46127E+03,0.00000E+03,0.00000E+03,0.00000E+03,0.00000E+03,0.00000E+03,0.92157E+00,0.00000E+00,0.00000E+00,0.83055E+00,0.21160E+00,0.24342E+00,0.000E+00,108.417E+00,124.558E+00,146.156E+00,-173.799E+00,20.469E+00,22.844E+00,90.000E+00,90.000E+00,12.6084E+00,0.00000E+00,0.00000E+00,92.865E+00,100.000E+00,100.000E+00,0.07812E+03,0.00000E+03,0.00000E+03,+99999.9E+99,+99999.9E+99,+99999.9E+99,+99999.9E+99,+99999.9E+99,+99999.9E+99,+99999.9E+99,+99999.9E+99,+99999.9E+99,+99999.9E+99,+99999.9E+99,+99999.9E+99,1B00,0,0,0,1B00,76.7258E+00,76.8999E+00,76.6704E+00,76.7654E+00,72.2451E+00,72.6618E+00,72.1882E+00,72.3650E+00,76.7258E+00,76.8999E+00,76.6704E+00,0.0000E+00,0.0000E+00,0.0000E+00,70.2326E+00,70.2838E+00,70.1689E+00,105.714E+00,105.920E+00,105.840E+00,-104.187E+00,-104.427E+00,-104.349E+00,38.436E+00,38.068E+00,38.257E+00,+99999.9E+99,+99999.9E+99,+99999.9E+99,0.090E+00,11.2694E+00,11.0513E+00,11.3426E+00,11.2211E+00,9.7531E+00,9.5549E+00,9.7809E+00,9.6963E+00,11.2686E+00,11.0513E+00,11.3417E+00,-0.1319E+00,0.0000E+00,0.1389E+00,14.7879E+00,14.6632E+00,15.0161E+00,27.7195E+00,27.0881E+00,28.7009E+00,-25.9967E+00,-27.0895E+00,-26.8314E+00,40.758E+00,40.769E+00,39.365E+00,+99999.9E+99,+99999.9E+99,+99999.9E+99,1.477E+00,0.33563E+03,0.33277E+03,0.34845E+03,1.01685E+03,0.51860E+03,0.52033E+03,0.53304E+03,1.57196E+03,0.50271E+03,0.49366E+03,0.50642E+03,1.50279E+03,0.59773E+03,0.59197E+03,0.60682E+03,1.79642E+03,-0.37425E+03,-0.36464E+03,-0.36748E+03,-1.10638E+03,-0.29721E+03,-0.28229E+03,-0.29000E+03,-0.86950E+03,-0.66765E+00,-0.67409E+00,-0.68807E+00,-0.67665E+00,-0.86762E+00,-0.87897E+00,-0.87841E+00,-0.87506E+00,0.000E+00,120.072E+00,-119.930E+00,59.839E+00,178.505E+00,-61.356E+00,-48.114E+00,-47.617E+00,-46.523E+00,-47.418E+00,201.888E+00,202.246E+00,202.493E+00,91.093E+00,+99999.9E+99,+99999.9E+99,0.00009E+06,-0.00059E+06,0.00000E+00,11.693E+00,0.756E+03,0.00093E+06,43.797E+00,F0F0F
2021/11/30,17:33:38,00000:00:03,500,38003F00,700,1C00,1C00,3800,99.917E+00,0.000E+00,0.000E+00,110.978E+00,0.000E+00,0.000E+00,0.505E+00,0.000E+00,0.000E+00,99.915E+00,0.000E+00,0.000E+00,0.000E+00,0.000E+00,0.000E+00,100.939E+00,0.000E+00,0.000E+00,98.811E+00,0.000E+00,0.000E+00,99.740E+00,+99999.9E+99,+99999.9E+99,1.065E+00,+99999.9E+99,+99999.9E+99,11.8916E+00,0.00000E+00,0.00000E+00,12.1955E+00,0.00000E+00,0.00000E+00,4.5666E+00,0.00000E+00,0.00000E+00,10.9798E+00,0.00000E+00,0.00000E+00,2.9589E+00,0.00000E+00,0.00000E+00,18.2638E+00,0.0000E+00,0.0000E+00,4.0319E+00,0.0000E+00,0.0000E+00,102.493E+00,+99999.9E+99,+99999.9E+99,64.809E+00,+99999.9E+99,+99999.9E+99,1.09498E+03,0.00000E+03,0.00000E+03,0.00000E+03,0.00000E+03,0.00000E+03,1.18817E+03,0.00000E+03,0.00000E+03,0.00000E+03,0.00000E+03,0.00000E+03,0.46127E+03,0.00000E+03,0.00000E+03,0.00000E+03,0.00000E+03,0.00000E+03,0.92157E+00,0.00000E+00,0.00000E+00,0.83055E+00,0.21160E+00,0.24342E+00,0.000E+00,108.417E+00,124.558E+00,146.156E+00,-173.799E+00,20.469E+00,22.844E+00,90.000E+00,90.000E+00,12.6084E+00,0.00000E+00,0.00000E+00,78.827E+00,100.000E+00,100.000E+00,0.23184E+03,0.00000E+03,0.00000E+03,+99999.9E+99,+99999.9E+99,+99999.9E+99,+99999.9E+99,+99999.9E+99,+99999.9E+99,+99999.9E+99,+99999.9E+99,+99999.9E+99,+99999.9E+99,+99999.9E+99,+99999.9E+99,1B00,0,0,0,1B00,76.5262E+00,76.6473E+00,76.5477E+00,76.5737E+00,72.4129E+00,72.8153E+00,72.4955E+00,72.5746E+00,76.5262E+00,76.6473E+00,76.5477E+00,0.0000E+00,0.0000E+00,0.0000E+00,73.0290E+00,73.0317E+00,72.9144E+00,105.907E+00,106.091E+00,105.693E+00,-104.271E+00,-105.396E+00,-104.386E+00,15.550E+00,15.411E+00,15.455E+00,+99999.9E+99,+99999.9E+99,+99999.9E+99,0.105E+00,9.5950E+00,9.0855E+00,9.2310E+00,9.3038E+00,8.3124E+00,7.8917E+00,7.9308E+00,8.0449E+00,9.5935E+00,9.0827E+00,9.2226E+00,-0.1672E+00,-0.2245E+00,0.3929E+00,5.2822E+00,5.1740E+00,5.6001E+00,26.1890E+00,24.2724E+00,24.9667E+00,-26.5167E+00,-25.1495E+00,-22.5014E+00,58.006E+00,57.412E+00,52.995E+00,+99999.9E+99,+99999.9E+99,+99999.9E+99,3.652E+00,0.29528E+03,0.27671E+03,0.29115E+03,0.86314E+03,0.18799E+03,0.19349E+03,0.20195E+03,0.58343E+03,0.42654E+03,0.40307E+03,0.40959E+03,1.23920E+03,0.21747E+03,0.21614E+03,0.22852E+03,0.66191E+03,-0.30781E+03,-0.29309E+03,-0.28808E+03,-0.88898E+03,-0.10934E+03,-0.09633E+03,-0.10695E+03,-0.31262E+03,-0.69227E+00,-0.68650E+00,-0.71084E+00,-0.69653E+00,-0.86441E+00,-0.89518E+00,-0.88373E+00,-0.88143E+00,0.000E+00,120.101E+00,-119.951E+00,60.182E+00,176.519E+00,-61.995E+00,-46.190E+00,-46.646E+00,-44.696E+00,-45.851E+00,201.929E+00,201.345E+00,201.325E+00,94.807E+00,+99999.9E+99,+99999.9E+99,0.00004E+06,-0.00054E+06,0.00000E+00,10.335E+00,0.756E+03,0.00082E+06,43.834E+00,F0F0F
2021/11/30,17:33:38,00000:00:03,550,38003F00,500,1F00,1F00,3F00,99.917E+00,0.000E+00,0.000E+00,110.978E+00,0.000E+00,0.000E+00,0.505E+00,0.000E+00,0.000E+00,99.915E+00,0.000E+00,0.000E+00,0.000E+00,0.000E+00,0.000E+00,100.939E+00,0.000E+00,0.000E+00,98.811E+00,0.000E+00,0.000E+00,18.252E+00,+99999.9E+99,306.823E+00,1.065E+00,+99999.9E+99,+99999.9E+99,11.8916E+00,0.00000E+00,0.00000E+00,12.1955E+00,0.00000E+00,0.00000E+00,4.5666E+00,0.00000E+00,0.00000E+00,10.9798E+00,0.00000E+00,0.00000E+00,4.6815E+00,0.00000E+00,0.00000E+00,18.2638E+00,0.0000E+00,0.0000E+00,4.0319E+00,0.0000E+00,0.0000E+00,8.378E+00,+99999.9E+99,+99999.9E+99,64.809E+00,+99999.9E+99,+99999.9E+99,1.09498E+03,0.00000E+03,0.00000E+03,0.00000E+03,0.00000E+03,0.00000E+03,1.18817E+03,0.00000E+03,0.00000E+03,0.00000E+03,0.00000E+03,0.00000E+03,0.46127E+03,0.00000E+03,0.00000E+03,0.00000E+03,0.00000E+03,0.00000E+03,0.92157E+00,0.00000E+00,0.00000E+00,0.91834E+00,0.49307E+00,0.95210E+00,0.000E+00,89.440E+00,140.938E+00,156.684E+00,-30.103E+00,-21.257E+00,22.844E+00,90.000E+00,90.000E+00,12.6084E+00,0.00000E+00,0.00000E+00,124.023E+00,100.000E+00,100.000E+00,-0.26305E+03,0.00000E+03,0.00000E+03,+99999.9E+99,+99999.9E+99,+99999.9E+99,+99999.9E+99,+99999.9E+99,+99999.9E+99,+99999.9E+99,+99999.9E+99,+99999.9E+99,+99999.9E+99,+99999.9E+99,+99999.9E+99,1B00,0,0,0,1B00,77.0031E+00,77.4837E+00,77.3182E+00,77.2683E+00,71.7128E+00,72.6111E+00,72.3091E+00,72.2110E+00,77.0031E+00,77.4837E+00,77.3181E+00,0.0000E+00,0.0000E+00,0.0000E+00,71.7410E+00,72.2839E+00,72.0760E+00,105.779E+00,106.060E+00,105.631E+00,-104.493E+00,-105.183E+00,-104.524E+00,25.174E+00,25.653E+00,25.523E+00,+99999.9E+99,+99999.9E+99,+99999.9E+99,0.433E+00,13.9749E+00,13.6467E+00,13.7949E+00,13.8055E+00,13.0592E+00,12.8613E+00,12.8288E+00,12.9164E+00,13.9738E+00,13.6451E+00,13.7897E+00,-0.1725E+00,-0.2079E+00,0.3814E+00,10.1676E+00,9.3364E+00,9.4787E+00,27.6586E+00,27.1486E+00,28.7752E+00,-26.5971E+00,-26.8033E+00,-26.8667E+00,43.892E+00,46.653E+00,47.063E+00,+99999.9E+99,+99999.9E+99,+99999.9E+99,6.523E+00,0.45671E+03,0.44504E+03,0.45628E+03,1.35803E+03,0.37128E+03,0.32687E+03,0.35073E+03,1.04889E+03,0.62947E+03,0.61527E+03,0.62410E+03,1.86884E+03,0.41462E+03,0.37730E+03,0.38089E+03,1.17140E+03,-0.43318E+03,-0.42484E+03,-0.42581E+03,-1.28383E+03,-0.18455E+03,-0.18844E+03,-0.14855E+03,-0.52153E+03,-0.72555E+00,-0.72333E+00,-0.73110E+00,-0.72667E+00,-0.89548E+00,-0.86635E+00,-0.92082E+00,-0.89542E+00,0.000E+00,119.935E+00,-119.665E+00,56.675E+00,179.808E+00,-66.866E+00,-43.486E+00,-43.670E+00,-43.022E+00,-43.392E+00,201.318E+00,202.144E+00,201.871E+00,90.324E+00,+99999.9E+99,+99999.9E+99,0.00013E+06,-0.00078E+06,0.00000E+00,15.468E+00,0.757E+03,0.00123E+06,43.576E+00,F0F08
2021/11/30,17:33:38,00000:00:03,600,38003F00,500,1F00,1F00,3F00,99.917E+00,0.000E+00,0.000E+00,110.978E+00,0.000E+00,0.000E+00,0.505E+00,0.000E+00,0.000E+00,99.915E+00,0.000E+00,0.000E+00,0.000E+00,0.000E+00,0.000E+00,100.939E+00,0.000E+00,0.000E+00,98.811E+00,0.000E+00,0.000E+00,18.252E+00,+99999.9E+99,306.823E+00,1.065E+00,+99999.9E+99,+99999.9E+99,11.8916E+00,0.00000E+00,0.00000E+00,12.1955E+00,0.00000E+00,0.00000E+00,4.5666E+00,0.00000E+00,0.00000E+00,10.9798E+00,0.00000E+00,0.00000E+00,4.6815E+00,0.00000E+00,0.00000E+00,18.2638E+00,0.0000E+00,0.0000E+00,4.0319E+00,0.0000E+00,0.0000E+00,8.378E+00,+99999.9E+99,+99999.9E+99,64.809E+00,+99999.9E+99,+99999.9E+99,1.09498E+03,0.00000E+03,0.00000E+03,0.00000E+03,0.00000E+03,0.00000E+03,1.18817E+03,0.00000E+03,0.00000E+03,0.00000E+03,0.00000E+03,0.00000E+03,0.46127E+03,0.00000E+03,0.00000E+03,0.00000E+03,0.00000E+03,0.00000E+03,0.92157E+00,0.00000E+00,0.00000E+00,0.91834E+00,0.49307E+00,0.95210E+00,0.000E+00,89.440E+00,140.938E+00,156.684E+00,-30.103E+00,-21.257E+00,22.844E+00,90.000E+00,90.000E+00,12.6084E+00,0.00000E+00,0.00000E+00,76.553E+00,100.000E+00,100.000E+00,0.25674E+03,0.00000E+03,0.00000E+03,+99999.9E+99,+99999.9E+99,+99999.9E+99,+99999.9E+99,+99999.9E+99,+99999.9E+99,+99999.9E+99,+99999.9E+99,+99999.9E+99,+99999.9E+99,+99999.9E+99,+99999.9E+99,1B00,0,0,0,1B00,76.6957E+00,76.6477E+00,76.3812E+00,76.5748E+00,72.4767E+00,72.5623E+00,71.9397E+00,72.3262E+00,76.6956E+00,76.6476E+00,76.3812E+00,0.0000E+00,0.0000E+00,0.0000E+00,70.7359E+00,70.6477E+00,70.4835E+00,105.730E+00,105.949E+00,105.777E+00,-104.270E+00,-104.857E+00,-104.339E+00,35.866E+00,35.341E+00,35.785E+00,+99999.9E+99,+99999.9E+99,+99999.9E+99,0.211E+00,9.5002E+00,9.0891E+00,9.7098E+00,9.4330E+00,8.2063E+00,7.8632E+00,8.2783E+00,8.1159E+00,9.5002E+00,9.0891E+00,9.7098E+00,0.0000E+00,0.0000E+00,0.0000E+00,13.4331E+00,13.4852E+00,14.0449E+00,26.3395E+00,24.8495E+00,27.1729E+00,-25.6724E+00,-23.2148E+00,-26.6743E+00,42.832E+00,42.071E+00,40.149E+00,+99999.9E+99,+99999.9E+99,+99999.9E+99,2.566E+00,0.27324E+03,0.27273E+03,0.29227E+03,0.83824E+03,0.46803E+03,0.48370E+03,0.49263E+03,1.44436E+03,0.42222E+03,0.40419E+03,0.43052E+03,1.25694E+03,0.54342E+03,0.54685E+03,0.56474E+03,1.65470E+03,-0.32189E+03,-0.29830E+03,-0.31612E+03,-0.93631E+03,-0.27614E+03,-0.25511E+03,-0.27614E+03,-0.80739E+03,-0.64714E+00,-0.67477E+00,-0.67887E+00,-0.66689E+00,-0.86127E+00,-0.88452E+00,-0.87230E+00,-0.87288E+00,0.000E+00,120.188E+00,-119.977E+00,60.493E+00,177.925E+00,-60.586E+00,-49.674E+00,-47.564E+00,-47.245E+00,-48.172E+00,202.409E+00,201.692E+00,202.070E+00,92.152E+00,+99999.9E+99,+99999.9E+99,0.00007E+06,-0.00050E+06,0.00000E+00,9.752E+00,0.756E+03,0.00077E+06,43.943E+00,F0F08
2021/11/30,17:33:38,00000:00:03,650,38003F00,700,1F00,1F00,3F00,99.917E+00,0.000E+00,0.000E+00,110.978E+00,0.000E+00,0.000E+00,0.505E+00,0.000E+00,0.000E+00,99.915E+00,0.000E+00,0.000E+00,0.000E+00,0.000E+00,0.000E+00,100.939E+00,0.000E+00,0.000E+00,98.811E+00,0.000E+00,0.000E+00,67.381E+00,+99999.9E+99,+99999.9E+99,1.065E+00,+99999.9E+99,+99999.9E+99,11.8916E+00,0.00000E+00,0.00000E+00,12.1955E+00,0.00000E+00,0.00000E+00,4.5666E+00,0.00000E+00,0.00000E+00,10.9798E+00,0.00000E+00,0.00000E+00,4.0152E+00,0.00000E+00,0.00000E+00,18.2638E+00,0.0000E+00,0.0000E+00,4.0319E+00,0.0000E+00,0.0000E+00,49.159E+00,+99999.9E+99,+99999.9E+99,64.809E+00,+99999.9E+99,+99999.9E+99,1.09498E+03,0.00000E+03,0.00000E+03,0.00000E+03,0.00000E+03,0.00000E+03,1.18817E+03,0.00000E+03,0.00000E+03,0.00000E+03,0.00000E+03,0.00000E+03,0.46127E+03,0.00000E+03,0.00000E+03,0.00000E+03,0.00000E+03,0.00000E+03,0.92157E+00,0.00000E+00,0.00000E+00,0.88071E+00,0.99965E+00,0.72300E+00,0.000E+00,2.804E+00,137.550E+00,151.729E+00,-178.722E+00,93.853E+00,22.844E+00,90.000E+00,90.000E+00,12.6084E+00,0.00000E+00,0.00000E+00,96.717E+00,100.000E+00,100.000E+00,0.03595E+03,0.00000E+03,0.00000E+03,+99999.9E+99,+99999.9E+99,+99999.9E+99,+99999.9E+99,+99999.9E+99,+99999.9E+99,+99999.9E+99,+99999.9E+99,+99999.9E+99,+99999.9E+99,+99999.9E+99,+99999.9E+99,1B00,0,0,0,1B00,76.5181E+00,77.0094E+00,77.0110E+00,76.8462E+00,71.8695E+00,72.7986E+00,72.7824E+00,72.4835E+00,76.5181E+00,77.0094E+00,77.0110E+00,0.0000E+00,0.0000E+00,0.0000E+00,73.1292E+00,73.1921E+00,73.0986E+00,105.817E+00,106.053E+00,105.669E+00,-104.766E+00,-105.176E+00,-104.523E+00,13.694E+00,13.623E+00,13.843E+00,+99999.9E+99,+99999.9E+99,+99999.9E+99,0.079E+00,11.7393E+00,11.5052E+00,11.2991E+00,11.5145E+00,10.1365E+00,10.0075E+00,9.7125E+00,9.9522E+00,11.7380E+00,11.4991E+00,11.2860E+00,-0.1687E+00,-0.3749E+00,0.5447E+00,4.6278E+00,4.4430E+00,4.6474E+00,27.6467E+00,27.3690E+00,28.5005E+00,-26.6986E+00,-26.9500E+00,-26.0205E+00,60.574E+00,61.184E+00,58.482E+00,+99999.9E+99,+99999.9E+99,+99999.9E+99,2.414E+00,0.36392E+03,0.34553E+03,0.34958E+03,1.05903E+03,0.16587E+03,0.16342E+03,0.17129E+03,0.50057E+03,0.52402E+03,0.51291E+03,0.50632E+03,1.54325E+03,0.19205E+03,0.18628E+03,0.19381E+03,0.57206E+03,-0.37704E+03,-0.37906E+03,-0.36627E+03,-1.12237E+03,-0.09680E+03,-0.08942E+03,-0.09069E+03,-0.27690E+03,-0.69448E+00,-0.67367E+00,-0.69043E+00,-0.68623E+00,-0.86367E+00,-0.87727E+00,-0.88378E+00,-0.87504E+00,0.000E+00,120.055E+00,-119.932E+00,60.295E+00,178.700E+00,-62.018E+00,-46.014E+00,-47.649E+00,-46.336E+00,-46.667E+00,201.077E+00,201.872E+00,201.277E+00,92.964E+00,+99999.9E+99,+99999.9E+99,0.00007E+06,-0.00064E+06,0.00000E+00,12.433E+00,0.756E+03,0.00098E+06,43.593E+00,F0F08
2021/11/30,17:33:38,00000:00:03,700,38003800,2800,3800,3800,3800,99.987E+00,0.000E+00,0.000E+00,111.057E+00,0.000E+00,0.000E+00,0.503E+00,0.000E+00,0.000E+00,99.986E+00,0.000E+00,0.000E+00,0.000E+00,0.000E+00,0.000E+00,100.925E+00,0.000E+00,0.000E+00,98.696E+00,0.000E+00,0.000E+00,67.381E+00,+99999.9E+99,+99999.9E+99,1.114E+00,+99999.9E+99,+99999.9E+99,11.5117E+00,0.00000E+00,0.00000E+00,11.7010E+00,0.00000E+00,0.00000E+00,4.6412E+00,0.00000E+00,0.00000E+00,10.5346E+00,0.00000E+00,0.00000E+00,4.0152E+00,0.00000E+00,0.00000E+00,18.2907E+00,0.0000E+00,0.0000E+00,4.0857E+00,0.0000E+00,0.0000E+00,49.159E+00,+99999.9E+99,+99999.9E+99,67.420E+00,+99999.9E+99,+99999.9E+99,1.05123E+03,0.00000E+03,0.00000E+03,0.00000E+03,0.00000E+03,0.00000E+03,1.15102E+03,0.00000E+03,0.00000E+03,0.00000E+03,0.00000E+03,0.00000E+03,0.46880E+03,0.00000E+03,0.00000E+03,0.00000E+03,0.00000E+03,0.00000E+03,0.91330E+00,0.00000E+00,0.00000E+00,0.88071E+00,0.99965E+00,0.72300E+00,0.000E+00,2.804E+00,137.550E+00,151.729E+00,-178.722E+00,93.853E+00,24.035E+00,90.000E+00,90.000E+00,0.00000E+00,0.00000E+00,0.00000E+00,123.552E+00,100.000E+00,100.000E+00,-0.24759E+03,0.00000E+03,0.00000E+03,+99999.9E+99,+99999.9E+99,+99999.9E+99,+99999.9E+99,+99999.9E+99,+99999.9E+99,+99999.9E+99,+99999.9E+99,+99999.9E+99,+99999.9E+99,+99999.9E+99,+99999.9E+99,1B00,0,0,0,1B00,77.2067E+00,77.2282E+00,76.9987E+00,77.1445E+00,72.2267E+00,72.4513E+00,71.8903E+00,72.1894E+00,77.2067E+00,77.2282E+00,76.9986E+00,0.0000E+00,0.0000E+00,0.0000E+00,70.4459E+00,71.0396E+00,70.9282E+00,105.341E+00,105.676E+00,105.556E+00,-104.503E+00,-105.054E+00,-104.877E+00,34.678E+00,34.688E+00,34.686E+00,+99999.9E+99,+99999.9E+99,+99999.9E+99,0.515E+00,13.6202E+00,13.1869E+00,13.5740E+00,13.4604E+00,12.5427E+00,12.1189E+00,12.4779E+00,12.3798E+00,13.6194E+00,13.1869E+00,13.5726E+00,-0.1472E+00,0.0000E+00,0.1961E+00,14.1300E+00,13.1942E+00,13.1756E+00,27.6319E+00,27.2167E+00,28.5343E+00,-26.6738E+00,-26.9595E+00,-26.6838E+00,39.530E+00,41.847E+00,42.053E+00,+99999.9E+99,+99999.9E+99,+99999.9E+99,4.467E+00,0.43086E+03,0.42258E+03,0.44538E+03,1.29882E+03,0.50508E+03,0.46132E+03,0.48667E+03,1.45308E+03,0.61383E+03,0.59410E+03,0.61033E+03,1.81826E+03,0.56914E+03,0.53332E+03,0.53812E+03,1.63961E+03,-0.43721E+03,-0.41759E+03,-0.41730E+03,-1.27209E+03,-0.26232E+03,-0.26760E+03,-0.22961E+03,-0.75953E+03,-0.70192E+00,-0.71129E+00,-0.72974E+00,-0.71432E+00,-0.88745E+00,-0.86500E+00,-0.90440E+00,-0.88623E+00,0.000E+00,119.831E+00,-119.667E+00,57.725E+00,179.892E+00,-64.633E+00,-45.419E+00,-44.660E+00,-43.135E+00,-44.412E+00,202.128E+00,201.525E+00,201.881E+00,89.623E+00,+99999.9E+99,+99999.9E+99,0.00013E+06,-0.00074E+06,0.00000E+00,14.676E+00,0.757E+03,0.00116E+06,43.792E+00,F0F08
2021/11/30,17:33:38,00000:00:03,750,38003F00,2D00,3F00,3F00,3F00,99.987E+00,0.000E+00,0.000E+00,111.057E+00,0.000E+00,0.000E+00,0.503E+00,0.000E+00,0.000E+00,99.986E+00,0.000E+00,0.000E+00,0.000E+00,0.000E+00,0.000E+00,100.925E+00,0.000E+00,0.000E+00,98.696E+00,0.000E+00,0.000E+00,37.656E+00,+99999.9E+99,+99999.9E+99,1.114E+00,+99999.9E+99,+99999.9E+99,11.5117E+00,0.00000E+00,0.00000E+00,11.7010E+00,0.00000E+00,0.00000E+00,4.6412E+00,0.00000E+00,0.00000E+00,10.5346E+00,0.00000E+00,0.00000E+00,4.2347E+00,0.00000E+00,0.00000E+00,18.2907E+00,0.0000E+00,0.0000E+00,4.0857E+00,0.0000E+00,0.0000E+00,42.143E+00,+99999.9E+99,+99999.9E+99,67.420E+00,+99999.9E+99,+99999.9E+99,1.05123E+03,0.00000E+03,0.00000E+03,0.00000E+03,0.00000E+03,0.00000E+03,1.15102E+03,0.00000E+03,0.00000E+03,0.00000E+03,0.00000E+03,0.00000E+03,0.46880E+03,0.00000E+03,0.00000E+03,0.00000E+03,0.00000E+03,0.00000E+03,0.91330E+00,0.00000E+00,0.00000E+00,0.93220E+00,0.98265E+00,0.95500E+00,0.000E+00,175.269E+00,132.038E+00,158.780E+00,-15.419E+00,-30.709E+00,24.035E+00,90.000E+00,90.000E+00,0.00000E+00,0.00000E+00,0.00000E+00,73.977E+00,100.000E+00,100.000E+00,0.27356E+03,0.00000E+03,0.00000E+03,+99999.9E+99,+99999.9E+99,+99999.9E+99,+99999.9E+99,+99999.9E+99,+99999.9E+99,+99999.9E+99,+99999.9E+99,+99999.9E+99,+99999.9E+99,+99999.9E+99,+99999.9E+99,1B00,0,0,0,1B00,76.2667E+00,76.6288E+00,76.5125E+00,76.4693E+00,72.1737E+00,72.8706E+00,72.6386E+00,72.5609E+00,76.2667E+00,76.6288E+00,76.5125E+00,0.0000E+00,0.0000E+00,0.0000E+00,71.9172E+00,71.7699E+00,71.6891E+00,105.731E+00,106.036E+00,105.817E+00,-104.350E+00,-104.820E+00,-105.240E+00,27.187E+00,26.157E+00,26.951E+00,+99999.9E+99,+99999.9E+99,+99999.9E+99,0.187E+00,8.2596E+00,8.2105E+00,8.1487E+00,8.2063E+00,7.3575E+00,7.3255E+00,7.2528E+00,7.3120E+00,8.2590E+00,8.2095E+00,8.1455E+00,-0.1026E+00,-0.1266E+00,0.2303E+00,9.7390E+00,9.9168E+00,10.2833E+00,22.1057E+00,20.9262E+00,20.6205E+00,-18.7600E+00,-19.0914E+00,-19.7433E+00,48.439E+00,45.929E+00,44.396E+00,+99999.9E+99,+99999.9E+99,+99999.9E+99,4.351E+00,0.26094E+03,0.25556E+03,0.26117E+03,0.77767E+03,0.33613E+03,0.36038E+03,0.36458E+03,1.06109E+03,0.36540E+03,0.36349E+03,0.36178E+03,1.09067E+03,0.39129E+03,0.40273E+03,0.42042E+03,1.21383E+03,-0.25579E+03,-0.25849E+03,-0.25035E+03,-0.76462E+03,-0.20032E+03,-0.17978E+03,-0.20936E+03,-0.58947E+03,-0.71413E+00,-0.70307E+00,-0.72190E+00,-0.71302E+00,-0.85901E+00,-0.89483E+00,-0.86718E+00,-0.87417E+00,0.000E+00,120.144E+00,-120.028E+00,60.727E+00,176.618E+00,-60.054E+00,-44.428E+00,-45.326E+00,-43.788E+00,-44.519E+00,201.678E+00,201.951E+00,201.948E+00,95.279E+00,+99999.9E+99,+99999.9E+99,0.00004E+06,-0.00049E+06,0.00000E+00,9.361E+00,0.756E+03,0.00074E+06,43.782E+00,F0F08
2021/11/30,17:33:39,00000:00:03,800,38003F00,2800,3B00,3B00,3F00,99.803E+00,0.000E+00,0.000E+00,110.852E+00,0.000E+00,0.000E+00,0.503E+00,0.000E+00,0.000E+00,99.802E+00,0.000E+00,0.000E+00,0.000E+00,0.000E+00,0.000E+00,100.904E+00,0.000E+00,0.000E+00,98.771E+00,0.000E+00,0.000E+00,37.656E+00,+99999.9E+99,+99999.9E+99,1.068E+00,+99999.9E+99,+99999.9E+99,12.3805E+00,0.00000E+00,0.00000E+00,12.8444E+00,0.00000E+00,0.00000E+00,4.4214E+00,0.00000E+00,0.00000E+00,11.5640E+00,0.00000E+00,0.00000E+00,4.2347E+00,0.00000E+00,0.00000E+00,18.2202E+00,0.0000E+00,0.0000E+00,4.2010E+00,0.0000E+00,0.0000E+00,42.143E+00,+99999.9E+99,+99999.9E+99,60.616E+00,+99999.9E+99,+99999.9E+99,1.15212E+03,0.00000E+03,0.00000E+03,0.00000E+03,0.00000E+03,0.00000E+03,1.23561E+03,0.00000E+03,0.00000E+03,0.00000E+03,0.00000E+03,0.00000E+03,-0.44649E+03,0.00000E+03,0.00000E+03,0.00000E+03,0.00000E+03,0.00000E+03,-0.93243E+00,0.00000E+00,0.00000E+00,0.93220E+00,0.98265E+00,0.95500E+00,0.000E+00,175.269E+00,132.038E+00,158.780E+00,-15.419E+00,-30.709E+00,-21.183E+00,90.000E+00,90.000E+00,9.32705E+00,0.00000E+00,0.00000E+00,109.685E+00,100.000E+00,100.000E+00,-0.11159E+03,0.00000E+03,0.00000E+03,+99999.9E+99,+99999.9E+99,+99999.9E+99,+99999.9E+99,+99999.9E+99,+99999.9E+99,+99999.9E+99,+99999.9E+99,+99999.9E+99,+99999.9E+99,+99999.9E+99,+99999.9E+99,1B00,0,0,0,1B00,77.0826E+00,77.1612E+00,77.1141E+00,77.1193E+00,72.1580E+00,72.5245E+00,72.2882E+00,72.3236E+00,77.0826E+00,77.1612E+00,77.1141E+00,0.0000E+00,0.0000E+00,0.0000E+00,72.7199E+00,73.1285E+00,72.9832E+00,105.677E+00,106.017E+00,105.637E+00,-104.434E+00,-104.786E+00,-104.869E+00,16.316E+00,16.513E+00,16.896E+00,+99999.9E+99,+99999.9E+99,+99999.9E+99,0.334E+00,13.4434E+00,12.9698E+00,13.1658E+00,13.1930E+00,12.2407E+00,11.7635E+00,11.8278E+00,11.9440E+00,13.4420E+00,12.9661E+00,13.1560E+00,-0.1955E+00,-0.3108E+00,0.5074E+00,6.4499E+00,5.7801E+00,5.6905E+00,27.6062E+00,27.1062E+00,28.4786E+00,-26.7295E+00,-27.0133E+00,-26.5248E+00,49.591E+00,54.113E+00,54.735E+00,+99999.9E+99,+99999.9E+99,+99999.9E+99,6.880E+00,0.42990E+03,0.40791E+03,0.42590E+03,1.26371E+03,0.23200E+03,0.20284E+03,0.21901E+03,0.65384E+03,0.60571E+03,0.58264E+03,0.59135E+03,1.77970E+03,0.25940E+03,0.23415E+03,0.23737E+03,0.72997E+03,-0.42670E+03,-0.41602E+03,-0.41025E+03,-1.25298E+03,-0.11604E+03,-0.11698E+03,-0.09154E+03,-0.32457E+03,-0.70974E+00,-0.70011E+00,-0.72021E+00,-0.71007E+00,-0.89436E+00,-0.86625E+00,-0.92264E+00,-0.89571E+00,0.000E+00,119.945E+00,-119.744E+00,56.762E+00,179.851E+00,-67.181E+00,-44.786E+00,-45.564E+00,-43.928E+00,-44.760E+00,201.717E+00,201.356E+00,201.624E+00,90.791E+00,+99999.9E+99,+99999.9E+99,0.00012E+06,-0.00074E+06,0.00000E+00,14.473E+00,0.757E+03,0.00115E+06,43.708E+00,F0F08
2021/11/30,17:33:39,00000:00:03,850,38003F00,0,1B00,1B00,3F00,99.921E+00,0.000E+00,0.000E+00,110.983E+00,0.000E+00,0.000E+00,0.509E+00,0.000E+00,0.000E+00,99.920E+00,0.000E+00,0.000E+00,0.000E+00,0.000E+00,0.000E+00,100.939E+00,0.000E+00,0.000E+00,98.821E+00,0.000E+00,0.000E+00,100.102E+00,+99999.9E+99,+99999.9E+99,1.060E+00,+99999.9E+99,+99999.9E+99,11.8516E+00,0.00000E+00,0.00000E+00,12.1374E+00,0.00000E+00,0.00000E+00,4.5882E+00,0.00000E+00,0.00000E+00,10.9275E+00,0.00000E+00,0.00000E+00,3.0327E+00,0.00000E+00,0.00000E+00,18.2271E+00,0.0000E+00,0.0000E+00,4.1445E+00,0.0000E+00,0.0000E+00,102.264E+00,+99999.9E+99,+99999.9E+99,64.437E+00,+99999.9E+99,+99999.9E+99,1.08978E+03,0.00000E+03,0.00000E+03,0.00000E+03,0.00000E+03,0.00000E+03,1.18423E+03,0.00000E+03,0.00000E+03,0.00000E+03,0.00000E+03,0.00000E+03,0.46345E+03,0.00000E+03,0.00000E+03,0.00000E+03,0.00000E+03,0.00000E+03,0.92024E+00,0.00000E+00,0.00000E+00,0.83149E+00,0.76630E+00,0.87190E+00,0.000E+00,-81.938E+00,155.882E+00,146.252E+00,-121.916E+00,-174.798E+00,23.039E+00,90.000E+00,90.000E+00,12.6152E+00,0.00000E+00,0.00000E+00,100.314E+00,100.000E+00,100.000E+00,-0.00342E+03,0.00000E+03,0.00000E+03,+99999.9E+99,+99999.9E+99,+99999.9E+99,+99999.9E+99,+99999.9E+99,+99999.9E+99,+99999.9E+99,+99999.9E+99,+99999.9E+99,+99999.9E+99,+99999.9E+99,+99999.9E+99,1B00,0,0,0,1B00,76.7527E+00,77.0937E+00,76.8285E+00,76.8916E+00,72.0337E+00,72.6649E+00,72.1729E+00,72.2905E+00,76.7527E+00,77.0937E+00,76.8285E+00,0.0000E+00,0.0000E+00,0.0000E+00,70.0166E+00,70.2342E+00,70.1476E+00,105.504E+00,106.050E+00,105.460E+00,-104.404E+00,-104.590E+00,-104.571E+00,39.006E+00,38.831E+00,38.804E+00,+99999.9E+99,+99999.9E+99,+99999.9E+99,0.185E+00,11.9716E+00,11.8066E+00,12.0913E+00,11.9565E+00,10.4837E+00,10.4063E+00,10.6032E+00,10.4977E+00,11.9709E+00,11.8066E+00,12.0913E+00,-0.1287E+00,0.0000E+00,0.0000E+00,15.3936E+00,14.9744E+00,15.1793E+00,27.7476E+00,27.0467E+00,28.5200E+00,-26.3714E+00,-27.1886E+00,-26.6167E+00,39.419E+00,40.464E+00,39.505E+00,+99999.9E+99,+99999.9E+99,+99999.9E+99,1.676E+00,0.35863E+03,0.36096E+03,0.37361E+03,1.09320E+03,0.54313E+03,0.52711E+03,0.54398E+03,1.61422E+03,0.53483E+03,0.52888E+03,0.54247E+03,1.60618E+03,0.62125E+03,0.60414E+03,0.61412E+03,1.83937E+03,-0.39678E+03,-0.38655E+03,-0.39330E+03,-1.17663E+03,-0.30159E+03,-0.29519E+03,-0.28501E+03,-0.88180E+03,-0.67055E+00,-0.68249E+00,-0.68872E+00,-0.68062E+00,-0.87426E+00,-0.87250E+00,-0.88578E+00,-0.87760E+00,0.000E+00,119.973E+00,-119.857E+00,59.147E+00,179.184E+00,-62.270E+00,-47.891E+00,-46.961E+00,-46.471E+00,-47.108E+00,201.931E+00,202.344E+00,201.855E+00,90.138E+00,+99999.9E+99,+99999.9E+99,0.00011E+06,-0.00062E+06,0.00000E+00,12.431E+00,0.757E+03,0.00099E+06,43.770E+00,F0F0F
2021/11/30,17:33:39,00000:00:03,900,38003F00,700,1C00,1C00,3800,99.921E+00,0.000E+00,0.000E+00,110.983E+00,0.000E+00,0.000E+00,0.509E+00,0.000E+00,0.000E+00,99.920E+00,0.000E+00,0.000E+00,0.000E+00,0.000E+00,0.000E+00,100.939E+00,0.000E+00,0.000E+00,98.821E+00,0.000E+00,0.000E+00,100.102E+00,+99999.9E+99,+99999.9E+99,1.060E+00,+99999.9E+99,+99999.9E+99,11.8516E+00,0.00000E+00,0.00000E+00,12.1374E+00,0.00000E+00,0.00000E+00,4.5882E+00,0.00000E+00,0.00000E+00,10.9275E+00,0.00000E+00,0.00000E+00,3.0327E+00,0.00000E+00,0.00000E+00,18.2271E+00,0.0000E+00,0.0000E+00,4.1445E+00,0.0000E+00,0.0000E+00,102.264E+00,+99999.9E+99,+99999.9E+99,64.437E+00,+99999.9E+99,+99999.9E+99,1.08978E+03,0.00000E+03,0.00000E+03,0.00000E+03,0.00000E+03,0.00000E+03,1.18423E+03,0.00000E+03,0.00000E+03,0.00000E+03,0.00000E+03,0.00000E+03,0.46345E+03,0.00000E+03,0.00000E+03,0.00000E+03,0.00000E+03,0.00000E+03,0.92024E+00,0.00000E+00,0.00000E+00,0.83149E+00,0.76630E+00,0.87190E+00,0.000E+00,-81.938E+00,155.882E+00,146.252E+00,-121.916E+00,-174.798E+00,23.039E+00,90.000E+00,90.000E+00,12.6152E+00,0.00000E+00,0.00000E+00,75.633E+00,100.000E+00,100.000E+00,0.26555E+03,0.00000E+03,0.00000E+03,+99999.9E+99,+99999.9E+99,+99999.9E+99,+99999.9E+99,+99999.9E+99,+99999.9E+99,+99999.9E+99,+99999.9E+99,+99999.9E+99,+99999.9E+99,+99999.9E+99,+99999.9E+99,1B00,0,0,0,1B00,76.5246E+00,76.6582E+00,76.5674E+00,76.5834E+00,72.3111E+00,72.7104E+00,72.4173E+00,72.4796E+00,76.5246E+00,76.6582E+00,76.5674E+00,0.0000E+00,0.0000E+00,0.0000E+00,72.8754E+00,72.7130E+00,72.6422E+00,105.787E+00,106.121E+00,105.934E+00,-103.933E+00,-104.843E+00,-104.413E+00,18.410E+00,18.033E+00,18.044E+00,+99999.9E+99,+99999.9E+99,+99999.9E+99,0.191E+00,9.4367E+00,8.9521E+00,9.0588E+00,9.1492E+00,8.0690E+00,7.6611E+00,7.6769E+00,7.8023E+00,9.4357E+00,8.9481E+00,9.0499E+00,-0.1313E+00,-0.2705E+00,0.4029E+00,6.1277E+00,6.4352E+00,6.8383E+00,26.0843E+00,24.1605E+00,25.1324E+00,-26.4429E+00,-25.5643E+00,-22.5114E+00,56.978E+00,52.752E+00,50.025E+00,+99999.9E+99,+99999.9E+99,+99999.9E+99,4.902E+00,0.28245E+03,0.26427E+03,0.27751E+03,0.82423E+03,0.21940E+03,0.23632E+03,0.24064E+03,0.69636E+03,0.41919E+03,0.39694E+03,0.40191E+03,1.21803E+03,0.25498E+03,0.26235E+03,0.27620E+03,0.79301E+03,-0.30974E+03,-0.29617E+03,-0.29072E+03,-0.89663E+03,-0.12992E+03,-0.11391E+03,-0.13557E+03,-0.37941E+03,-0.67381E+00,-0.66578E+00,-0.69047E+00,-0.67669E+00,-0.86045E+00,-0.90081E+00,-0.87124E+00,-0.87812E+00,0.000E+00,120.133E+00,-120.047E+00,60.557E+00,175.838E+00,-60.545E+00,-47.638E+00,-48.258E+00,-46.332E+00,-47.414E+00,202.129E+00,201.498E+00,202.230E+00,95.097E+00,+99999.9E+99,+99999.9E+99,0.00004E+06,-0.00052E+06,0.00000E+00,9.894E+00,0.757E+03,0.00078E+06,43.857E+00,F0F0F
2021/11/30,17:33:39,00000:00:03,950,38003F00,500,1F00,1F00,3F00,99.921E+00,0.000E+00,0.000E+00,110.983E+00,0.000E+00,0.000E+00,0.509E+00,0.000E+00,0.000E+00,99.920E+00,0.000E+00,0.000E+00,0.000E+00,0.000E+00,0.000E+00,100.939E+00,0.000E+00,0.000E+00,98.821E+00,0.000E+00,0.000E+00,18.460E+00,342.291E+00,352.566E+00,1.060E+00,+99999.9E+99,+99999.9E+99,11.8516E+00,0.00000E+00,0.00000E+00,12.1374E+00,0.00000E+00,0.00000E+00,4.5882E+00,0.00000E+00,0.00000E+00,10.9275E+00,0.00000E+00,0.00000E+00,4.6925E+00,0.00000E+00,0.00000E+00,18.2271E+00,0.0000E+00,0.0000E+00,4.1445E+00,0.0000E+00,0.0000E+00,8.695E+00,487.607E+00,+99999.9E+99,64.437E+00,+99999.9E+99,+99999.9E+99,1.08978E+03,0.00000E+03,0.00000E+03,0.00000E+03,0.00000E+03,0.00000E+03,1.18423E+03,0.00000E+03,0.00000E+03,0.00000E+03,0.00000E+03,0.00000E+03,0.46345E+03,0.00000E+03,0.00000E+03,0.00000E+03,0.00000E+03,0.00000E+03,0.92024E+00,0.00000E+00,0.00000E+00,0.91774E+00,0.05551E+00,0.72158E+00,0.000E+00,144.307E+00,167.501E+00,156.598E+00,57.490E+00,-148.684E+00,23.039E+00,90.000E+00,90.000E+00,12.6152E+00,0.00000E+00,0.00000E+00,123.722E+00,100.000E+00,100.000E+00,-0.25852E+03,0.00000E+03,0.00000E+03,+99999.9E+99,+99999.9E+99,+99999.9E+99,+99999.9E+99,+99999.9E+99,+99999.9E+99,+99999.9E+99,+99999.9E+99,+99999.9E+99,+99999.9E+99,+99999.9E+99,+99999.9E+99,1B00,0,0,0,1B00,76.9981E+00,77.4592E+00,77.3094E+00,77.2556E+00,71.6925E+00,72.5520E+00,72.2775E+00,72.1740E+00,76.9981E+00,77.4592E+00,77.3094E+00,0.0000E+00,0.0000E+00,0.0000E+00,71.7702E+00,72.3190E+00,72.1148E+00,105.590E+00,106.126E+00,105.554E+00,-104.520E+00,-104.776E+00,-104.640E+00,25.188E+00,25.509E+00,25.398E+00,+99999.9E+99,+99999.9E+99,+99999.9E+99,0.438E+00,13.9260E+00,13.6088E+00,13.7480E+00,13.7609E+00,12.9917E+00,12.8036E+00,12.7736E+00,12.8563E+00,13.9250E+00,13.6074E+00,13.7431E+00,-0.1680E+00,-0.1960E+00,0.3650E+00,10.1322E+00,9.3121E+00,9.4380E+00,27.6795E+00,27.2771E+00,28.5852E+00,-26.6433E+00,-26.8581E+00,-26.7333E+00,44.127E+00,46.755E+00,47.252E+00,+99999.9E+99,+99999.9E+99,+99999.9E+99,6.571E+00,0.45331E+03,0.44238E+03,0.45260E+03,1.34830E+03,0.37015E+03,0.32549E+03,0.34916E+03,1.04480E+03,0.62708E+03,0.61332E+03,0.62172E+03,1.86212E+03,0.41375E+03,0.37648E+03,0.37961E+03,1.16840E+03,-0.43328E+03,-0.42480E+03,-0.42626E+03,-1.28434E+03,-0.18489E+03,-0.18918E+03,-0.14896E+03,-0.52303E+03,-0.72290E+00,-0.72129E+00,-0.72797E+00,-0.72406E+00,-0.89461E+00,-0.86457E+00,-0.91980E+00,-0.89421E+00,0.000E+00,119.929E+00,-119.664E+00,56.790E+00,-179.994E+00,-66.720E+00,-43.705E+00,-43.839E+00,-43.283E+00,-43.609E+00,201.387E+00,201.961E+00,200.886E+00,90.620E+00,+99999.9E+99,+99999.9E+99,0.00013E+06,-0.00078E+06,0.00000E+00,15.413E+00,0.757E+03,0.00122E+06,43.618E+00,F0F08
2021/11/30,17:33:39,00000:00:04,0,38003F00,500,1F00,1F00,3F00,99.921E+00,0.000E+00,0.000E+00,110.983E+00,0.000E+00,0.000E+00,0.509E+00,0.000E+00,0.000E+00,99.920E+00,0.000E+00,0.000E+00,0.000E+00,0.000E+00,0.000E+00,100.939E+00,0.000E+00,0.000E+00,98.821E+00,0.000E+00,0.000E+00,65.129E+00,+99999.9E+99,+99999.9E+99,1.060E+00,+99999.9E+99,+99999.9E+99,11.8516E+00,0.00000E+00,0.00000E+00,12.1374E+00,0.00000E+00,0.00000E+00,4.5882E+00,0.00000E+00,0.00000E+00,10.9275E+00,0.00000E+00,0.00000E+00,4.2994E+00,0.00000E+00,0.00000E+00,18.2271E+00,0.0000E+00,0.0000E+00,4.1445E+00,0.0000E+00,0.0000E+00,47.157E+00,+99999.9E+99,+99999.9E+99,64.437E+00,+99999.9E+99,+99999.9E+99,1.08978E+03,0.00000E+03,0.00000E+03,0.00000E+03,0.00000E+03,0.00000E+03,1.18423E+03,0.00000E+03,0.00000E+03,0.00000E+03,0.00000E+03,0.00000E+03,0.46345E+03,0.00000E+03,0.00000E+03,0.00000E+03,0.00000E+03,0.00000E+03,0.92024E+00,0.00000E+00,0.00000E+00,0.88748E+00,0.96073E+00,0.65767E+00,0.000E+00,132.719E+00,148.644E+00,152.558E+00,-63.391E+00,-80.233E+00,23.039E+00,90.000E+00,90.000E+00,12.6152E+00,0.00000E+00,0.00000E+00,81.692E+00,100.000E+00,100.000E+00,0.19952E+03,0.00000E+03,0.00000E+03,+99999.9E+99,+99999.9E+99,+99999.9E+99,+99999.9E+99,+99999.9E+99,+99999.9E+99,+99999.9E+99,+99999.9E+99,+99999.9E+99,+99999.9E+99,+99999.9E+99,+99999.9E+99,1800,0,0,0,1800,76.6770E+00,76.6566E+00,76.3624E+00,76.5653E+00,72.5631E+00,72.7066E+00,72.0388E+00,72.4362E+00,76.6770E+00,76.6566E+00,76.3624E+00,0.0000E+00,0.0000E+00,0.0000E+00,70.7638E+00,70.6447E+00,70.4866E+00,105.831E+00,106.011E+00,105.831E+00,-104.179E+00,-104.833E+00,-104.343E+00,35.613E+00,35.079E+00,35.581E+00,+99999.9E+99,+99999.9E+99,+99999.9E+99,0.230E+00,9.8297E+00,9.4212E+00,10.0379E+00,9.7629E+00,8.5321E+00,8.1819E+00,8.6001E+00,8.4380E+00,9.8292E+00,9.4212E+00,10.0379E+00,-0.1069E+00,0.0000E+00,0.0000E+00,13.2820E+00,13.3839E+00,13.9352E+00,26.5090E+00,24.8681E+00,27.2062E+00,-25.6176E+00,-23.2210E+00,-26.6786E+00,43.267E+00,42.228E+00,40.416E+00,+99999.9E+99,+99999.9E+99,+99999.9E+99,2.690E+00,0.29104E+03,0.28954E+03,0.30967E+03,0.89025E+03,0.46083E+03,0.47886E+03,0.48589E+03,1.42558E+03,0.43705E+03,0.41923E+03,0.44531E+03,1.30159E+03,0.53662E+03,0.54218E+03,0.55934E+03,1.63780E+03,-0.32605E+03,-0.30318E+03,-0.32001E+03,-0.94924E+03,-0.27494E+03,-0.25427E+03,-0.27708E+03,-0.80629E+03,-0.66592E+00,-0.69065E+00,-0.69540E+00,-0.68397E+00,-0.85877E+00,-0.88321E+00,-0.86869E+00,-0.87043E+00,0.000E+00,120.195E+00,-119.997E+00,60.758E+00,178.096E+00,-60.173E+00,-48.247E+00,-46.318E+00,-45.941E+00,-46.845E+00,201.786E+00,201.570E+00,202.402E+00,92.223E+00,+99999.9E+99,+99999.9E+99,0.00007E+06,-0.00053E+06,0.00000E+00,10.372E+00,0.756E+03,0.00082E+06,43.807E+00,F0F08
2021/11/30,17:33:39,00000:00:04,50,38003F00,700,1F00,1F00,3F00,99.921E+00,0.000E+00,0.000E+00,110.983E+00,0.000E+00,0.000E+00,0.509E+00,0.000E+00,0.000E+00,99.920E+00,0.000E+00,0.000E+00,0.000E+00,0.000E+00,0.000E+00,100.939E+00,0.000E+00,0.000E+00,98.821E+00,0.000E+00,0.000E+00,65.129E+00,+99999.9E+99,+99999.9E+99,1.060E+00,+99999.9E+99,+99999.9E+99,11.8516E+00,0.00000E+00,0.00000E+00,12.1374E+00,0.00000E+00,0.00000E+00,4.5882E+00,0.00000E+00,0.00000E+00,10.9275E+00,0.00000E+00,0.00000E+00,4.2994E+00,0.00000E+00,0.00000E+00,18.2271E+00,0.0000E+00,0.0000E+00,4.1445E+00,0.0000E+00,0.0000E+00,47.157E+00,+99999.9E+99,+99999.9E+99,64.437E+00,+99999.9E+99,+99999.9E+99,1.08978E+03,0.00000E+03,0.00000E+03,0.00000E+03,0.00000E+03,0.00000E+03,1.18423E+03,0.00000E+03,0.00000E+03,0.00000E+03,0.00000E+03,0.00000E+03,0.46345E+03,0.00000E+03,0.00000E+03,0.00000E+03,0.00000E+03,0.00000E+03,0.92024E+00,0.00000E+00,0.00000E+00,0.88748E+00,0.96073E+00,0.65767E+00,0.000E+00,132.719E+00,148.644E+00,152.558E+00,-63.391E+00,-80.233E+00,23.039E+00,90.000E+00,90.000E+00,12.6152E+00,0.00000E+00,0.00000E+00,95.712E+00,100.000E+00,100.000E+00,0.04673E+03,0.00000E+03,0.00000E+03,+99999.9E+99,+99999.9E+99,+99999.9E+99,+99999.9E+99,+99999.9E+99,+99999.9E+99,+99999.9E+99,+99999.9E+99,+99999.9E+99,+99999.9E+99,+99999.9E+99,+99999.9E+99,1B00,0,0,0,1B00,76.5131E+00,76.9581E+00,76.9979E+00,76.8230E+00,71.7930E+00,72.6618E+00,72.7056E+00,72.3868E+00,76.5131E+00,76.9581E+00,76.9979E+00,0.0000E+00,0.0000E+00,0.0000E+00,73.0703E+00,73.1833E+00,73.0600E+00,105.814E+00,106.109E+00,105.669E+00,-105.150E+00,-104.511E+00,-104.370E+00,14.126E+00,14.004E+00,14.313E+00,+99999.9E+99,+99999.9E+99,+99999.9E+99,0.108E+00,11.6826E+00,11.4427E+00,11.2400E+00,11.4551E+00,10.0490E+00,9.9146E+00,9.6153E+00,9.8596E+00,11.6814E+00,11.4360E+00,11.2260E+00,-0.1679E+00,-0.3923E+00,0.5613E+00,4.9326E+00,4.6888E+00,4.9475E+00,27.8557E+00,27.0243E+00,28.6119E+00,-26.6976E+00,-27.2224E+00,-26.1014E+00,57.479E+00,58.722E+00,55.292E+00,+99999.9E+99,+99999.9E+99,+99999.9E+99,2.754E+00,0.35883E+03,0.33983E+03,0.34439E+03,1.04305E+03,0.17837E+03,0.17505E+03,0.18472E+03,0.53814E+03,0.52127E+03,0.50972E+03,0.50312E+03,1.53410E+03,0.20383E+03,0.19680E+03,0.20595E+03,0.60646E+03,-0.37810E+03,-0.37991E+03,-0.36678E+03,-1.12478E+03,-0.09864E+03,-0.08994E+03,-0.09105E+03,-0.27963E+03,-0.68839E+00,-0.66670E+00,-0.68450E+00,-0.67991E+00,-0.87511E+00,-0.88946E+00,-0.89695E+00,-0.88735E+00,0.000E+00,120.058E+00,-119.897E+00,58.991E+00,177.199E+00,-63.652E+00,-46.497E+00,-48.187E+00,-46.804E+00,-47.164E+00,201.735E+00,201.726E+00,201.134E+00,93.523E+00,+99999.9E+99,+99999.9E+99,0.00007E+06,-0.00064E+06,0.00000E+00,12.326E+00,0.756E+03,0.00098E+06,43.809E+00,F0F08
2021/11/30,17:33:39,00000:00:04,100,38003800,2800,3800,3800,3800,99.989E+00,0.000E+00,0.000E+00,111.059E+00,0.000E+00,0.000E+00,0.511E+00,0.000E+00,0.000E+00,99.988E+00,0.000E+00,0.000E+00,0.000E+00,0.000E+00,0.000E+00,100.979E+00,0.000E+00,0.000E+00,98.793E+00,0.000E+00,0.000E+00,38.617E+00,+99999.9E+99,+99999.9E+99,1.093E+00,+99999.9E+99,+99999.9E+99,11.5258E+00,0.00000E+00,0.00000E+00,11.6736E+00,0.00000E+00,0.00000E+00,4.7313E+00,0.00000E+00,0.00000E+00,10.5099E+00,0.00000E+00,0.00000E+00,4.2353E+00,0.00000E+00,0.00000E+00,18.3343E+00,0.0000E+00,0.0000E+00,3.3112E+00,0.0000E+00,0.0000E+00,42.779E+00,+99999.9E+99,+99999.9E+99,71.471E+00,+99999.9E+99,+99999.9E+99,1.04870E+03,0.00000E+03,0.00000E+03,0.00000E+03,0.00000E+03,0.00000E+03,1.15246E+03,0.00000E+03,0.00000E+03,0.00000E+03,0.00000E+03,0.00000E+03,0.47791E+03,0.00000E+03,0.00000E+03,0.00000E+03,0.00000E+03,0.00000E+03,0.90996E+00,0.00000E+00,0.00000E+00,0.93589E+00,0.21576E+00,0.68599E+00,0.000E+00,112.868E+00,170.161E+00,159.373E+00,35.328E+00,123.475E+00,24.500E+00,90.000E+00,90.000E+00,0.00000E+00,0.00000E+00,0.00000E+00,122.261E+00,100.000E+00,100.000E+00,-0.23346E+03,0.00000E+03,0.00000E+03,+99999.9E+99,+99999.9E+99,+99999.9E+99,+99999.9E+99,+99999.9E+99,+99999.9E+99,+99999.9E+99,+99999.9E+99,+99999.9E+99,+99999.9E+99,+99999.9E+99,+99999.9E+99,1B00,0,0,0,1B00,77.1660E+00,77.1789E+00,76.9591E+00,77.1013E+00,72.1246E+00,72.3314E+00,71.8001E+00,72.0854E+00,77.1660E+00,77.1789E+00,76.9591E+00,0.0000E+00,0.0000E+00,0.0000E+00,70.9466E+00,71.6364E+00,71.4333E+00,105.361E+00,105.716E+00,105.510E+00,-104.654E+00,-104.329E+00,-104.923E+00,30.012E+00,30.239E+00,30.191E+00,+99999.9E+99,+99999.9E+99,+99999.9E+99,0.567E+00,13.4794E+00,13.0543E+00,13.4364E+00,13.3234E+00,12.4404E+00,12.0275E+00,12.3775E+00,12.2818E+00,13.4786E+00,13.0543E+00,13.4347E+00,-0.1480E+00,0.0000E+00,0.2145E+00,12.3552E+00,11.1944E+00,11.3477E+00,27.4090E+00,26.8367E+00,28.6295E+00,-26.1671E+00,-26.6805E+00,-26.6976E+00,41.169E+00,44.560E+00,44.662E+00,+99999.9E+99,+99999.9E+99,+99999.9E+99,6.210E+00,0.42528E+03,0.41699E+03,0.43989E+03,1.28215E+03,0.44002E+03,0.38882E+03,0.41653E+03,1.24537E+03,0.60669E+03,0.58744E+03,0.60332E+03,1.79744E+03,0.49518E+03,0.45362E+03,0.45682E+03,1.40404E+03,-0.43268E+03,-0.41377E+03,-0.41291E+03,-1.25935E+03,-0.22712E+03,-0.23366E+03,-0.18759E+03,-0.64836E+03,-0.70098E+00,-0.70984E+00,-0.72911E+00,-0.71332E+00,-0.88861E+00,-0.85714E+00,-0.91180E+00,-0.88699E+00,0.000E+00,119.872E+00,-119.590E+00,57.617E+00,-179.219E+00,-65.567E+00,-45.494E+00,-44.778E+00,-43.188E+00,-44.494E+00,201.159E+00,201.403E+00,201.706E+00,89.969E+00,+99999.9E+99,+99999.9E+99,0.00013E+06,-0.00074E+06,0.00000E+00,14.561E+00,0.757E+03,0.00115E+06,43.588E+00,F0F08
2021/11/30,17:33:39,00000:00:04,150,38003F00,2D00,3F00,3F00,3F00,99.989E+00,0.000E+00,0.000E+00,111.059E+00,0.000E+00,0.000E+00,0.511E+00,0.000E+00,0.000E+00,99.988E+00,0.000E+00,0.000E+00,0.000E+00,0.000E+00,0.000E+00,100.979E+00,0.000E+00,0.000E+00,98.793E+00,0.000E+00,0.000E+00,38.617E+00,+99999.9E+99,+99999.9E+99,1.093E+00,+99999.9E+99,+99999.9E+99,11.5258E+00,0.00000E+00,0.00000E+00,11.6736E+00,0.00000E+00,0.00000E+00,4.7313E+00,0.00000E+00,0.00000E+00,10.5099E+00,0.00000E+00,0.00000E+00,4.2353E+00,0.00000E+00,0.00000E+00,18.3343E+00,0.0000E+00,0.0000E+00,3.3112E+00,0.0000E+00,0.0000E+00,42.779E+00,+99999.9E+99,+99999.9E+99,71.471E+00,+99999.9E+99,+99999.9E+99,1.04870E+03,0.00000E+03,0.00000E+03,0.00000E+03,0.00000E+03,0.00000E+03,1.15246E+03,0.00000E+03,0.00000E+03,0.00000E+03,0.00000E+03,0.00000E+03,0.47791E+03,0.00000E+03,0.00000E+03,0.00000E+03,0.00000E+03,0.00000E+03,0.90996E+00,0.00000E+00,0.00000E+00,0.93589E+00,0.21576E+00,0.68599E+00,0.000E+00,112.868E+00,170.161E+00,159.373E+00,35.328E+00,123.475E+00,24.500E+00,90.000E+00,90.000E+00,0.00000E+00,0.00000E+00,0.00000E+00,74.621E+00,100.000E+00,100.000E+00,0.26614E+03,0.00000E+03,0.00000E+03,+99999.9E+99,+99999.9E+99,+99999.9E+99,+99999.9E+99,+99999.9E+99,+99999.9E+99,+99999.9E+99,+99999.9E+99,+99999.9E+99,+99999.9E+99,+99999.9E+99,+99999.9E+99,1B00,0,0,0,1B00,76.2490E+00,76.6163E+00,76.4677E+00,76.4443E+00,72.1485E+00,72.8433E+00,72.5626E+00,72.5181E+00,76.2490E+00,76.6163E+00,76.4676E+00,0.0000E+00,0.0000E+00,0.0000E+00,71.2422E+00,71.1433E+00,70.9703E+00,105.729E+00,106.151E+00,105.781E+00,-104.339E+00,-104.950E+00,-104.429E+00,32.090E+00,31.373E+00,32.002E+00,+99999.9E+99,+99999.9E+99,+99999.9E+99,0.232E+00,8.2570E+00,8.2098E+00,8.1694E+00,8.2121E+00,7.3851E+00,7.3581E+00,7.3002E+00,7.3478E+00,8.2570E+00,8.2091E+00,8.1668E+00,0.0000E+00,-0.1066E+00,0.2045E+00,11.8244E+00,11.8271E+00,12.4398E+00,22.2295E+00,21.0267E+00,20.5400E+00,-18.7805E+00,-18.9267E+00,-19.8509E+00,44.835E+00,43.759E+00,41.718E+00,+99999.9E+99,+99999.9E+99,+99999.9E+99,3.415E+00,0.26227E+03,0.25731E+03,0.26297E+03,0.78255E+03,0.40877E+03,0.42975E+03,0.43705E+03,1.27557E+03,0.36505E+03,0.36338E+03,0.36250E+03,1.09093E+03,0.47441E+03,0.48218E+03,0.50099E+03,1.45711E+03,-0.25391E+03,-0.25659E+03,-0.24950E+03,-0.76001E+03,-0.24077E+03,-0.21866E+03,-0.24490E+03,-0.70433E+03,-0.71846E+00,-0.70809E+00,-0.72544E+00,-0.71733E+00,-0.86164E+00,-0.89126E+00,-0.87238E+00,-0.87541E+00,0.000E+00,120.209E+00,-119.971E+00,60.448E+00,177.097E+00,-60.576E+00,-44.072E+00,-44.920E+00,-43.495E+00,-44.166E+00,202.059E+00,201.661E+00,201.677E+00,94.394E+00,+99999.9E+99,+99999.9E+99,0.00004E+06,-0.00048E+06,0.00000E+00,9.341E+00,0.755E+03,0.00074E+06,43.943E+00,F0F08
2021/11/30,17:33:39,00000:00:04,200,38003F00,2800,3B00,3B00,3F00,99.809E+00,0.000E+00,0.000E+00,110.858E+00,0.000E+00,0.000E+00,0.489E+00,0.000E+00,0.000E+00,99.807E+00,0.000E+00,0.000E+00,0.000E+00,0.000E+00,0.000E+00,100.875E+00,0.000E+00,0.000E+00,98.804E+00,0.000E+00,0.000E+00,38.617E+00,+99999.9E+99,+99999.9E+99,1.038E+00,+99999.9E+99,+99999.9E+99,12.2750E+00,0.00000E+00,0.00000E+00,12.7824E+00,0.00000E+00,0.00000E+00,4.2705E+00,0.00000E+00,0.00000E+00,11.5082E+00,0.00000E+00,0.00000E+00,4.2353E+00,0.00000E+00,0.00000E+00,18.2867E+00,0.0000E+00,0.0000E+00,4.3233E+00,0.0000E+00,0.0000E+00,42.779E+00,+99999.9E+99,+99999.9E+99,60.667E+00,+99999.9E+99,+99999.9E+99,1.14673E+03,0.00000E+03,0.00000E+03,0.00000E+03,0.00000E+03,0.00000E+03,1.22515E+03,0.00000E+03,0.00000E+03,0.00000E+03,0.00000E+03,0.00000E+03,-0.43128E+03,0.00000E+03,0.00000E+03,0.00000E+03,0.00000E+03,0.00000E+03,-0.93599E+00,0.00000E+00,0.00000E+00,0.93589E+00,0.21576E+00,0.68599E+00,0.000E+00,112.868E+00,170.161E+00,159.373E+00,35.328E+00,123.475E+00,-20.611E+00,90.000E+00,90.000E+00,9.31231E+00,0.00000E+00,0.00000E+00,110.966E+00,100.000E+00,100.000E+00,-0.12575E+03,0.00000E+03,0.00000E+03,+99999.9E+99,+99999.9E+99,+99999.9E+99,+99999.9E+99,+99999.9E+99,+99999.9E+99,+99999.9E+99,+99999.9E+99,+99999.9E+99,+99999.9E+99,+99999.9E+99,+99999.9E+99,1B00,0,0,0,1B00,77.0430E+00,77.1701E+00,77.0896E+00,77.1009E+00,72.1287E+00,72.5552E+00,72.2744E+00,72.3194E+00,77.0430E+00,77.1701E+00,77.0896E+00,0.0000E+00,0.0000E+00,0.0000E+00,72.9392E+00,73.1817E+00,73.0560E+00,105.864E+00,105.983E+00,105.800E+00,-105.111E+00,-105.120E+00,-104.606E+00,14.355E+00,14.581E+00,14.656E+00,+99999.9E+99,+99999.9E+99,+99999.9E+99,0.192E+00,13.4886E+00,13.0257E+00,13.2145E+00,13.2429E+00,12.2815E+00,11.8171E+00,11.8771E+00,11.9919E+00,13.4872E+00,13.0224E+00,13.2054E+00,-0.1958E+00,-0.2938E+00,0.4908E+00,5.3587E+00,4.8939E+00,5.0445E+00,27.6067E+00,27.2362E+00,28.5438E+00,-26.6457E+00,-27.0752E+00,-26.4814E+00,53.520E+00,57.334E+00,55.450E+00,+99999.9E+99,+99999.9E+99,+99999.9E+99,4.250E+00,0.43258E+03,0.41135E+03,0.42854E+03,1.27248E+03,0.19500E+03,0.18007E+03,0.19170E+03,0.56678E+03,0.60726E+03,0.58500E+03,0.59354E+03,1.78580E+03,0.21914E+03,0.20432E+03,0.20981E+03,0.63297E+03,-0.42619E+03,-0.41595E+03,-0.41067E+03,-1.25280E+03,-0.09999E+03,-0.09655E+03,-0.08526E+03,-0.28180E+03,-0.71235E+00,-0.70317E+00,-0.72200E+00,-0.71255E+00,-0.88983E+00,-0.88131E+00,-0.91370E+00,-0.89543E+00,0.000E+00,120.005E+00,-119.834E+00,57.256E+00,178.146E+00,-65.907E+00,-44.573E+00,-45.318E+00,-43.780E+00,-44.557E+00,201.067E+00,201.205E+00,201.513E+00,90.979E+00,+99999.9E+99,+99999.9E+99,0.00011E+06,-0.00075E+06,0.00000E+00,14.616E+00,0.756E+03,0.00116E+06,43.574E+00,F0F08
2021/11/30,17:33:39,00000:00:04,250,38003F00,0,1B00,1B00,3F00,99.929E+00,0.000E+00,0.000E+00,110.991E+00,0.000E+00,0.000E+00,0.519E+00,0.000E+00,0.000E+00,99.927E+00,0.000E+00,0.000E+00,0.000E+00,0.000E+00,0.000E+00,100.900E+00,0.000E+00,0.000E+00,98.779E+00,0.000E+00,0.000E+00,99.614E+00,+99999.9E+99,+99999.9E+99,1.061E+00,+99999.9E+99,+99999.9E+99,11.7984E+00,0.00000E+00,0.00000E+00,12.0464E+00,0.00000E+00,0.00000E+00,4.6448E+00,0.00000E+00,0.00000E+00,10.8456E+00,0.00000E+00,0.00000E+00,2.8833E+00,0.00000E+00,0.00000E+00,18.3179E+00,0.0000E+00,0.0000E+00,4.1855E+00,0.0000E+00,0.0000E+00,103.616E+00,+99999.9E+99,+99999.9E+99,65.153E+00,+99999.9E+99,+99999.9E+99,1.08162E+03,0.00000E+03,0.00000E+03,0.00000E+03,0.00000E+03,0.00000E+03,1.17900E+03,0.00000E+03,0.00000E+03,0.00000E+03,0.00000E+03,0.00000E+03,0.46918E+03,0.00000E+03,0.00000E+03,0.00000E+03,0.00000E+03,0.00000E+03,0.91741E+00,0.00000E+00,0.00000E+00,0.83064E+00,0.57325E+00,0.65177E+00,0.000E+00,98.158E+00,161.828E+00,146.164E+00,-26.819E+00,-67.496E+00,23.450E+00,90.000E+00,90.000E+00,12.6013E+00,0.00000E+00,0.00000E+00,99.421E+00,100.000E+00,100.000E+00,0.00627E+03,0.00000E+03,0.00000E+03,+99999.9E+99,+99999.9E+99,+99999.9E+99,+99999.9E+99,+99999.9E+99,+99999.9E+99,+99999.9E+99,+99999.9E+99,+99999.9E+99,+99999.9E+99,+99999.9E+99,+99999.9E+99,1B00,0,0,0,1B00,76.7311E+00,77.0693E+00,76.8002E+00,76.8668E+00,71.9564E+00,72.5746E+00,72.1040E+00,72.2117E+00,76.7311E+00,77.0693E+00,76.8001E+00,0.0000E+00,0.0000E+00,0.0000E+00,70.0909E+00,70.4712E+00,70.4090E+00,105.437E+00,105.956E+00,105.553E+00,-104.073E+00,-104.709E+00,-104.270E+00,37.563E+00,37.582E+00,37.488E+00,+99999.9E+99,+99999.9E+99,+99999.9E+99,0.340E+00,11.8910E+00,11.7229E+00,12.0104E+00,11.8748E+00,10.3693E+00,10.2900E+00,10.4896E+00,10.3829E+00,11.8904E+00,11.7229E+00,12.0104E+00,-0.1174E+00,0.0000E+00,0.0000E+00,15.1352E+00,14.5240E+00,14.5532E+00,27.6881E+00,27.1443E+00,28.6929E+00,-26.4271E+00,-27.3305E+00,-26.8010E+00,39.101E+00,40.601E+00,40.395E+00,+99999.9E+99,+99999.9E+99,+99999.9E+99,2.882E+00,0.35268E+03,0.35503E+03,0.36764E+03,1.07535E+03,0.53995E+03,0.50911E+03,0.52944E+03,1.57850E+03,0.53069E+03,0.52486E+03,0.53834E+03,1.59389E+03,0.61158E+03,0.58497E+03,0.59117E+03,1.78730E+03,-0.39654E+03,-0.38656E+03,-0.39326E+03,-1.17637E+03,-0.28722E+03,-0.28810E+03,-0.26302E+03,-0.83834E+03,-0.66457E+00,-0.67643E+00,-0.68291E+00,-0.67467E+00,-0.88287E+00,-0.87031E+00,-0.89557E+00,-0.88317E+00,0.000E+00,119.878E+00,-119.790E+00,58.191E+00,179.353E+00,-63.522E+00,-48.351E+00,-47.435E+00,-46.929E+00,-47.571E+00,202.056E+00,202.201E+00,201.691E+00,90.233E+00,+99999.9E+99,+99999.9E+99,0.00011E+06,-0.00062E+06,0.00000E+00,12.247E+00,0.757E+03,0.00097E+06,43.835E+00,F0F0F
2021/11/30,17:33:39,00000:00:04,300,38003F00,700,1F00,1F00,3F00,99.929E+00,0.000E+00,0.000E+00,110.991E+00,0.000E+00,0.000E+00,0.519E+00,0.000E+00,0.000E+00,99.927E+00,0.000E+00,0.000E+00,0.000E+00,0.000E+00,0.000E+00,100.900E+00,0.000E+00,0.000E+00,98.779E+00,0.000E+00,0.000E+00,19.747E+00,+99999.9E+99,441.141E+00,1.061E+00,+99999.9E+99,+99999.9E+99,11.7984E+00,0.00000E+00,0.00000E+00,12.0464E+00,0.00000E+00,0.00000E+00,4.6448E+00,0.00000E+00,0.00000E+00,10.8456E+00,0.00000E+00,0.00000E+00,4.7578E+00,0.00000E+00,0.00000E+00,18.3179E+00,0.0000E+00,0.0000E+00,4.1855E+00,0.0000E+00,0.0000E+00,9.411E+00,+99999.9E+99,+99999.9E+99,65.153E+00,+99999.9E+99,+99999.9E+99,1.08162E+03,0.00000E+03,0.00000E+03,0.00000E+03,0.00000E+03,0.00000E+03,1.17900E+03,0.00000E+03,0.00000E+03,0.00000E+03,0.00000E+03,0.00000E+03,0.46918E+03,0.00000E+03,0.00000E+03,0.00000E+03,0.00000E+03,0.00000E+03,0.91741E+00,0.00000E+00,0.00000E+00,0.91786E+00,0.67794E+00,0.56400E+00,0.000E+00,78.455E+00,152.932E+00,156.616E+00,-54.228E+00,-151.401E+00,23.450E+00,90.000E+00,90.000E+00,12.6013E+00,0.00000E+00,0.00000E+00,80.163E+00,100.000E+00,100.000E+00,0.21456E+03,0.00000E+03,0.00000E+03,+99999.9E+99,+99999.9E+99,+99999.9E+99,+99999.9E+99,+99999.9E+99,+99999.9E+99,+99999.9E+99,+99999.9E+99,+99999.9E+99,+99999.9E+99,+99999.9E+99,+99999.9E+99,1B00,0,0,0,1B00,76.5460E+00,76.6299E+00,76.5591E+00,76.5783E+00,72.4385E+00,72.7897E+00,72.5152E+00,72.5811E+00,76.5460E+00,76.6299E+00,76.5591E+00,0.0000E+00,0.0000E+00,0.0000E+00,72.4222E+00,72.2097E+00,72.1845E+00,105.704E+00,105.997E+00,105.683E+00,-104.490E+00,-105.341E+00,-105.247E+00,21.668E+00,20.790E+00,21.315E+00,+99999.9E+99,+99999.9E+99,+99999.9E+99,0.207E+00,9.6275E+00,9.1283E+00,9.2596E+00,9.3385E+00,8.3443E+00,7.9200E+00,7.9549E+00,8.0731E+00,9.6264E+00,9.1247E+00,9.2509E+00,-0.1423E+00,-0.2569E+00,0.4005E+00,7.3126E+00,7.7092E+00,7.9321E+00,26.1419E+00,24.1638E+00,25.1562E+00,-26.3614E+00,-25.6429E+00,-22.5795E+00,54.604E+00,50.385E+00,48.957E+00,+99999.9E+99,+99999.9E+99,+99999.9E+99,4.920E+00,0.29686E+03,0.27791E+03,0.29229E+03,0.86706E+03,0.25358E+03,0.27468E+03,0.27787E+03,0.80613E+03,0.42818E+03,0.40503E+03,0.41085E+03,1.24406E+03,0.29962E+03,0.30916E+03,0.32470E+03,0.93286E+03,-0.30857E+03,-0.29464E+03,-0.28873E+03,-0.89194E+03,-0.15959E+03,-0.14188E+03,-0.16797E+03,-0.46944E+03,-0.69331E+00,-0.68614E+00,-0.71143E+00,-0.69696E+00,-0.84633E+00,-0.88848E+00,-0.85580E+00,-0.86415E+00,0.000E+00,120.115E+00,-120.088E+00,62.088E+00,177.423E+00,-58.830E+00,-46.107E+00,-46.675E+00,-44.649E+00,-45.816E+00,201.638E+00,201.316E+00,202.009E+00,94.394E+00,+99999.9E+99,+99999.9E+99,0.00005E+06,-0.00054E+06,0.00000E+00,10.340E+00,0.756E+03,0.00082E+06,43.768E+00,F0F08
2021/11/30,17:33:39,00000:00:04,350,38003F00,700,1C00,1C00,3800,99.929E+00,0.000E+00,0.000E+00,110.991E+00,0.000E+00,0.000E+00,0.519E+00,0.000E+00,0.000E+00,99.927E+00,0.000E+00,0.000E+00,0.000E+00,0.000E+00,0.000E+00,100.900E+00,0.000E+00,0.000E+00,98.779E+00,0.000E+00,0.000E+00,19.747E+00,+99999.9E+99,441.141E+00,1.061E+00,+99999.9E+99,+99999.9E+99,11.7984E+00,0.00000E+00,0.00000E+00,12.0464E+00,0.00000E+00,0.00000E+00,4.6448E+00,0.00000E+00,0.00000E+00,10.8456E+00,0.00000E+00,0.00000E+00,4.7578E+00,0.00000E+00,0.00000E+00,18.3179E+00,0.0000E+00,0.0000E+00,4.1855E+00,0.0000E+00,0.0000E+00,9.411E+00,+99999.9E+99,+99999.9E+99,65.153E+00,+99999.9E+99,+99999.9E+99,1.08162E+03,0.00000E+03,0.00000E+03,0.00000E+03,0.00000E+03,0.00000E+03,1.17900E+03,0.00000E+03,0.00000E+03,0.00000E+03,0.00000E+03,0.00000E+03,0.46918E+03,0.00000E+03,0.00000E+03,0.00000E+03,0.00000E+03,0.00000E+03,0.91741E+00,0.00000E+00,0.00000E+00,0.91786E+00,0.67794E+00,0.56400E+00,0.000E+00,78.455E+00,152.932E+00,156.616E+00,-54.228E+00,-151.401E+00,23.450E+00,90.000E+00,90.000E+00,12.6013E+00,0.00000E+00,0.00000E+00,123.345E+00,100.000E+00,100.000E+00,-0.25251E+03,0.00000E+03,0.00000E+03,+99999.9E+99,+99999.9E+99,+99999.9E+99,+99999.9E+99,+99999.9E+99,+99999.9E+99,+99999.9E+99,+99999.9E+99,+99999.9E+99,+99999.9E+99,+99999.9E+99,+99999.9E+99,1B00,0,0,0,1B00,77.0022E+00,77.4806E+00,77.3230E+00,77.2686E+00,71.6626E+00,72.5298E+00,72.2590E+00,72.1504E+00,77.0021E+00,77.4806E+00,77.3230E+00,0.0000E+00,0.0000E+00,0.0000E+00,72.2813E+00,72.7576E+00,72.6218E+00,105.539E+00,106.053E+00,105.589E+00,-104.514E+00,-105.030E+00,-104.874E+00,20.401E+00,20.334E+00,20.662E+00,+99999.9E+99,+99999.9E+99,+99999.9E+99,0.397E+00,13.7681E+00,13.4749E+00,13.6118E+00,13.6182E+00,12.9039E+00,12.7374E+00,12.6927E+00,12.7780E+00,13.7673E+00,13.4723E+00,13.6055E+00,-0.1475E+00,-0.2643E+00,0.4130E+00,8.1369E+00,7.5067E+00,7.3759E+00,27.1481E+00,26.7152E+00,28.2476E+00,-25.7724E+00,-26.6471E+00,-26.2171E+00,46.580E+00,49.139E+00,50.506E+00,+99999.9E+99,+99999.9E+99,+99999.9E+99,7.195E+00,0.44827E+03,0.43791E+03,0.44795E+03,1.33412E+03,0.29795E+03,0.25884E+03,0.27932E+03,0.83611E+03,0.61970E+03,0.60740E+03,0.61585E+03,1.84296E+03,0.33176E+03,0.29866E+03,0.30182E+03,0.93090E+03,-0.42789E+03,-0.42092E+03,-0.42263E+03,-1.27143E+03,-0.14592E+03,-0.14899E+03,-0.11435E+03,-0.40926E+03,-0.72336E+00,-0.72095E+00,-0.72737E+00,-0.72390E+00,-0.89808E+00,-0.86667E+00,-0.92545E+00,-0.89817E+00,0.000E+00,119.897E+00,-119.722E+00,56.312E+00,179.764E+00,-67.619E+00,-43.668E+00,-43.867E+00,-43.334E+00,-43.622E+00,201.666E+00,202.132E+00,201.016E+00,90.324E+00,+99999.9E+99,+99999.9E+99,0.00013E+06,-0.00077E+06,0.00000E+00,15.194E+00,0.757E+03,0.00121E+06,43.668E+00,F0F08
2021/11/30,17:33:39,00000:00:04,400,38003F00,500,1F00,1F00,3F00,99.929E+00,0.000E+00,0.000E+00,110.991E+00,0.000E+00,0.000E+00,0.519E+00,0.000E+00,0.000E+00,99.927E+00,0.000E+00,0.000E+00,0.000E+00,0.000E+00,0.000E+00,100.900E+00,0.000E+00,0.000E+00,98.779E+00,0.000E+00,0.000E+00,68.728E+00,461.329E+00,+99999.9E+99,1.061E+00,+99999.9E+99,+99999.9E+99,11.7984E+00,0.00000E+00,0.00000E+00,12.0464E+00,0.00000E+00,0.00000E+00,4.6448E+00,0.00000E+00,0.00000E+00,10.8456E+00,0.00000E+00,0.00000E+00,3.8720E+00,0.00000E+00,0.00000E+00,18.3179E+00,0.0000E+00,0.0000E+00,4.1855E+00,0.0000E+00,0.0000E+00,50.554E+00,+99999.9E+99,+99999.9E+99,65.153E+00,+99999.9E+99,+99999.9E+99,1.08162E+03,0.00000E+03,0.00000E+03,0.00000E+03,0.00000E+03,0.00000E+03,1.17900E+03,0.00000E+03,0.00000E+03,0.00000E+03,0.00000E+03,0.00000E+03,0.46918E+03,0.00000E+03,0.00000E+03,0.00000E+03,0.00000E+03,0.00000E+03,0.91741E+00,0.00000E+00,0.00000E+00,0.87904E+00,0.91994E+00,0.64543E+00,0.000E+00,166.177E+00,163.984E+00,151.526E+00,143.095E+00,-146.215E+00,23.450E+00,90.000E+00,90.000E+00,12.6013E+00,0.00000E+00,0.00000E+00,81.493E+00,100.000E+00,100.000E+00,0.20017E+03,0.00000E+03,0.00000E+03,+99999.9E+99,+99999.9E+99,+99999.9E+99,+99999.9E+99,+99999.9E+99,+99999.9E+99,+99999.9E+99,+99999.9E+99,+99999.9E+99,+99999.9E+99,+99999.9E+99,+99999.9E+99,1B00,0,0,0,1B00,76.7061E+00,76.6660E+00,76.3868E+00,76.5863E+00,72.5887E+00,72.7062E+00,72.0635E+00,72.4528E+00,76.7061E+00,76.6660E+00,76.3868E+00,0.0000E+00,0.0000E+00,0.0000E+00,70.2444E+00,70.2605E+00,70.1466E+00,105.753E+00,106.034E+00,105.747E+00,-104.459E+00,-104.093E+00,-104.259E+00,37.790E+00,37.435E+00,37.663E+00,+99999.9E+99,+99999.9E+99,+99999.9E+99,0.091E+00,9.7777E+00,9.3571E+00,9.9703E+00,9.7017E+00,8.4812E+00,8.1220E+00,8.5344E+00,8.3792E+00,9.7771E+00,9.3571E+00,9.9703E+00,-0.1058E+00,0.0000E+00,0.0000E+00,14.4485E+00,14.3229E+00,14.6799E+00,26.4190E+00,24.8067E+00,27.1567E+00,-25.6190E+00,-23.3409E+00,-26.7267E+00,41.294E+00,41.338E+00,39.946E+00,+99999.9E+99,+99999.9E+99,+99999.9E+99,1.489E+00,0.28848E+03,0.28644E+03,0.30653E+03,0.88145E+03,0.50267E+03,0.50476E+03,0.51681E+03,1.52424E+03,0.43502E+03,0.41655E+03,0.44244E+03,1.29402E+03,0.58441E+03,0.57875E+03,0.59309E+03,1.75615E+03,-0.32561E+03,-0.30244E+03,-0.31905E+03,-0.94710E+03,-0.29810E+03,-0.28314E+03,-0.29097E+03,-0.87220E+03,-0.66314E+00,-0.68764E+00,-0.69281E+00,-0.68117E+00,-0.86013E+00,-0.87216E+00,-0.87139E+00,-0.86795E+00,0.000E+00,120.087E+00,-119.948E+00,60.675E+00,179.329E+00,-60.527E+00,-48.460E+00,-46.557E+00,-46.147E+00,-47.065E+00,201.943E+00,201.830E+00,202.569E+00,91.884E+00,+99999.9E+99,+99999.9E+99,0.00007E+06,-0.00052E+06,0.00000E+00,10.227E+00,0.756E+03,0.00081E+06,43.828E+00,F0F08
2021/11/30,17:33:39,00000:00:04,450,38003F00,2A00,3B00,3B00,3F00,99.988E+00,0.000E+00,0.000E+00,111.057E+00,0.000E+00,0.000E+00,0.486E+00,0.000E+00,0.000E+00,99.986E+00,0.000E+00,0.000E+00,0.000E+00,0.000E+00,0.000E+00,100.932E+00,0.000E+00,0.000E+00,98.796E+00,0.000E+00,0.000E+00,68.728E+00,461.329E+00,+99999.9E+99,1.068E+00,+99999.9E+99,+99999.9E+99,11.4468E+00,0.00000E+00,0.00000E+00,11.6996E+00,0.00000E+00,0.00000E+00,4.4811E+00,0.00000E+00,0.00000E+00,10.5333E+00,0.00000E+00,0.00000E+00,3.8720E+00,0.00000E+00,0.00000E+00,18.2905E+00,0.0000E+00,0.0000E+00,4.1545E+00,0.0000E+00,0.0000E+00,50.554E+00,+99999.9E+99,+99999.9E+99,67.101E+00,+99999.9E+99,+99999.9E+99,1.05125E+03,0.00000E+03,0.00000E+03,0.00000E+03,0.00000E+03,0.00000E+03,1.14454E+03,0.00000E+03,0.00000E+03,0.00000E+03,0.00000E+03,0.00000E+03,0.45262E+03,0.00000E+03,0.00000E+03,0.00000E+03,0.00000E+03,0.00000E+03,0.91848E+00,0.00000E+00,0.00000E+00,0.87904E+00,0.91994E+00,0.64543E+00,0.000E+00,166.177E+00,163.984E+00,151.526E+00,143.095E+00,-146.215E+00,23.294E+00,90.000E+00,90.000E+00,0.00000E+00,0.00000E+00,0.00000E+00,98.396E+00,100.000E+00,100.000E+00,0.01686E+03,0.00000E+03,0.00000E+03,+99999.9E+99,+99999.9E+99,+99999.9E+99,+99999.9E+99,+99999.9E+99,+99999.9E+99,+99999.9E+99,+99999.9E+99,+99999.9E+99,+99999.9E+99,+99999.9E+99,+99999.9E+99,1B00,0,0,0,1B00,76.4982E+00,77.0214E+00,77.0270E+00,76.8489E+00,71.7794E+00,72.7427E+00,72.7494E+00,72.4238E+00,76.4982E+00,77.0213E+00,77.0270E+00,0.0000E+00,0.0000E+00,0.0000E+00,73.0491E+00,73.0392E+00,72.9239E+00,105.671E+00,106.034E+00,105.871E+00,-104.434E+00,-105.177E+00,-104.761E+00,15.513E+00,15.416E+00,15.439E+00,+99999.9E+99,+99999.9E+99,+99999.9E+99,0.113E+00,11.5286E+00,11.3172E+00,11.1029E+00,11.3162E+00,9.9862E+00,9.8619E+00,9.5651E+00,9.8044E+00,11.5277E+00,11.3107E+00,11.0903E+00,-0.1449E+00,-0.3829E+00,0.5290E+00,5.2826E+00,5.2044E+00,5.6103E+00,27.3476E+00,27.0852E+00,28.5909E+00,-25.8352E+00,-27.1924E+00,-26.2100E+00,57.962E+00,57.060E+00,53.037E+00,+99999.9E+99,+99999.9E+99,+99999.9E+99,3.531E+00,0.35549E+03,0.33733E+03,0.34156E+03,1.03439E+03,0.18810E+03,0.19468E+03,0.20174E+03,0.58451E+03,0.51428E+03,0.50437E+03,0.49761E+03,1.51625E+03,0.21728E+03,0.21737E+03,0.22871E+03,0.66314E+03,-0.37163E+03,-0.37495E+03,-0.36187E+03,-1.10845E+03,-0.10877E+03,-0.09668E+03,-0.10776E+03,-0.31321E+03,-0.69124E+00,-0.66883E+00,-0.68641E+00,-0.68220E+00,-0.86568E+00,-0.89563E+00,-0.88205E+00,-0.88143E+00,0.000E+00,120.104E+00,-119.958E+00,60.031E+00,176.466E+00,-61.792E+00,-46.272E+00,-48.023E+00,-46.653E+00,-46.984E+00,201.943E+00,201.296E+00,201.304E+00,93.373E+00,+99999.9E+99,+99999.9E+99,0.00007E+06,-0.00063E+06,0.00000E+00,12.193E+00,0.756E+03,0.00097E+06,43.814E+00,F0F08
2021/11/30,17:33:39,00000:00:04,500,38003F00,2D00,3F00,3F00,3F00,99.988E+00,0.000E+00,0.000E+00,111.057E+00,0.000E+00,0.000E+00,0.486E+00,0.000E+00,0.000E+00,99.986E+00,0.000E+00,0.000E+00,0.000E+00,0.000E+00,0.000E+00,100.932E+00,0.000E+00,0.000E+00,98.796E+00,0.000E+00,0.000E+00,35.504E+00,+99999.9E+99,443.384E+00,1.068E+00,+99999.9E+99,+99999.9E+99,11.4468E+00,0.00000E+00,0.00000E+00,11.6996E+00,0.00000E+00,0.00000E+00,4.4811E+00,0.00000E+00,0.00000E+00,10.5333E+00,0.00000E+00,0.00000E+00,4.1099E+00,0.00000E+00,0.00000E+00,18.2905E+00,0.0000E+00,0.0000E+00,4.1545E+00,0.0000E+00,0.0000E+00,40.547E+00,+99999.9E+99,+99999.9E+99,67.101E+00,+99999.9E+99,+99999.9E+99,1.05125E+03,0.00000E+03,0.00000E+03,0.00000E+03,0.00000E+03,0.00000E+03,1.14454E+03,0.00000E+03,0.00000E+03,0.00000E+03,0.00000E+03,0.00000E+03,0.45262E+03,0.00000E+03,0.00000E+03,0.00000E+03,0.00000E+03,0.00000E+03,0.91848E+00,0.00000E+00,0.00000E+00,0.93534E+00,0.22823E+00,0.42745E+00,0.000E+00,68.204E+00,148.759E+00,159.284E+00,171.397E+00,84.065E+00,23.294E+00,90.000E+00,90.000E+00,0.00000E+00,0.00000E+00,0.00000E+00,120.412E+00,100.000E+00,100.000E+00,-0.21458E+03,0.00000E+03,0.00000E+03,+99999.9E+99,+99999.9E+99,+99999.9E+99,+99999.9E+99,+99999.9E+99,+99999.9E+99,+99999.9E+99,+99999.9E+99,+99999.9E+99,+99999.9E+99,+99999.9E+99,+99999.9E+99,1B00,0,0,0,1B00,77.2048E+00,77.2256E+00,76.9858E+00,77.1388E+00,72.1527E+00,72.3460E+00,71.7924E+00,72.0970E+00,77.2048E+00,77.2256E+00,76.9858E+00,0.0000E+00,0.0000E+00,0.0000E+00,71.0552E+00,71.7013E+00,71.4929E+00,105.414E+00,105.654E+00,105.697E+00,-104.437E+00,-104.860E+00,-104.599E+00,29.506E+00,29.821E+00,29.685E+00,+99999.9E+99,+99999.9E+99,+99999.9E+99,0.526E+00,13.3737E+00,12.9729E+00,13.3375E+00,13.2280E+00,12.3338E+00,11.9462E+00,12.2850E+00,12.1883E+00,13.3731E+00,12.9729E+00,13.3360E+00,-0.1253E+00,0.0000E+00,0.2053E+00,12.0313E+00,10.9552E+00,11.0831E+00,27.6933E+00,26.9243E+00,28.1557E+00,-26.4171E+00,-27.1262E+00,-26.2038E+00,41.885E+00,45.066E+00,44.961E+00,+99999.9E+99,+99999.9E+99,+99999.9E+99,5.792E+00,0.41920E+03,0.41257E+03,0.43406E+03,1.26583E+03,0.42829E+03,0.38147E+03,0.40711E+03,1.21688E+03,0.60200E+03,0.58422E+03,0.59945E+03,1.78567E+03,0.48472E+03,0.44680E+03,0.44947E+03,1.37963E+03,-0.43206E+03,-0.41364E+03,-0.41343E+03,-1.25914E+03,-0.22697E+03,-0.23262E+03,-0.19047E+03,-0.65006E+03,-0.69634E+00,-0.70618E+00,-0.72411E+00,-0.70888E+00,-0.88359E+00,-0.85378E+00,-0.90577E+00,-0.88203E+00,0.000E+00,119.900E+00,-119.607E+00,58.217E+00,-178.824E+00,-64.732E+00,-45.866E+00,-45.075E+00,-43.605E+00,-44.856E+00,201.265E+00,202.179E+00,201.861E+00,89.604E+00,+99999.9E+99,+99999.9E+99,0.00013E+06,-0.00072E+06,0.00000E+00,14.307E+00,0.757E+03,0.00113E+06,43.579E+00,F0F08
2021/11/30,17:33:39,00000:00:04,550,38003800,2800,3800,3800,3800,99.875E+00,0.000E+00,0.000E+00,110.931E+00,0.000E+00,0.000E+00,0.501E+00,0.000E+00,0.000E+00,99.873E+00,0.000E+00,0.000E+00,0.000E+00,0.000E+00,0.000E+00,100.882E+00,0.000E+00,0.000E+00,98.879E+00,0.000E+00,0.000E+00,35.504E+00,+99999.9E+99,443.384E+00,1.003E+00,+99999.9E+99,+99999.9E+99,12.3462E+00,0.00000E+00,0.00000E+00,12.9156E+00,0.00000E+00,0.00000E+00,4.1491E+00,0.00000E+00,0.00000E+00,11.6281E+00,0.00000E+00,0.00000E+00,4.1099E+00,0.00000E+00,0.00000E+00,17.9898E+00,0.0000E+00,0.0000E+00,4.3138E+00,0.0000E+00,0.0000E+00,40.547E+00,+99999.9E+99,+99999.9E+99,58.805E+00,+99999.9E+99,+99999.9E+99,1.15948E+03,0.00000E+03,0.00000E+03,0.00000E+03,0.00000E+03,0.00000E+03,1.23307E+03,0.00000E+03,0.00000E+03,0.00000E+03,0.00000E+03,0.00000E+03,0.41961E+03,0.00000E+03,0.00000E+03,0.00000E+03,0.00000E+03,0.00000E+03,0.94032E+00,0.00000E+00,0.00000E+00,0.93534E+00,0.22823E+00,0.42745E+00,0.000E+00,68.204E+00,148.759E+00,159.284E+00,171.397E+00,84.065E+00,19.895E+00,90.000E+00,90.000E+00,15.0651E+00,0.00000E+00,0.00000E+00,66.418E+00,100.000E+00,100.000E+00,0.38937E+03,0.00000E+03,0.00000E+03,+99999.9E+99,+99999.9E+99,+99999.9E+99,+99999.9E+99,+99999.9E+99,+99999.9E+99,+99999.9E+99,+99999.9E+99,+99999.9E+99,+99999.9E+99,+99999.9E+99,+99999.9E+99,1B00,0,0,0,1B00,76.2652E+00,76.6541E+00,76.5045E+00,76.4746E+00,72.1379E+00,72.8745E+00,72.6026E+00,72.5383E+00,76.2652E+00,76.6541E+00,76.5045E+00,0.0000E+00,0.0000E+00,0.0000E+00,71.2741E+00,71.1551E+00,71.0015E+00,105.746E+00,106.057E+00,105.653E+00,-104.849E+00,-104.966E+00,-104.526E+00,31.194E+00,30.564E+00,31.130E+00,+99999.9E+99,+99999.9E+99,+99999.9E+99,0.230E+00,8.1951E+00,8.1269E+00,8.0893E+00,8.1371E+00,7.3212E+00,7.2702E+00,7.2103E+00,7.2673E+00,8.1944E+00,8.1261E+00,8.0861E+00,-0.1115E+00,-0.1170E+00,0.2294E+00,11.4335E+00,11.4361E+00,12.0315E+00,22.1419E+00,20.9676E+00,20.4524E+00,-18.8271E+00,-18.8305E+00,-19.8267E+00,45.779E+00,44.692E+00,42.655E+00,+99999.9E+99,+99999.9E+99,+99999.9E+99,3.433E+00,0.25876E+03,0.25233E+03,0.25902E+03,0.77011E+03,0.39081E+03,0.41151E+03,0.41813E+03,1.22045E+03,0.36248E+03,0.35991E+03,0.35917E+03,1.08156E+03,0.45952E+03,0.46683E+03,0.48522E+03,1.41110E+03,-0.25385E+03,-0.25664E+03,-0.24882E+03,-0.75930E+03,-0.24171E+03,-0.22042E+03,-0.24619E+03,-0.70832E+03,-0.71385E+00,-0.70110E+00,-0.72116E+00,-0.71204E+00,-0.85048E+00,-0.88151E+00,-0.86172E+00,-0.86489E+00,0.000E+00,120.200E+00,-119.988E+00,61.677E+00,178.304E+00,-59.367E+00,-44.451E+00,-45.484E+00,-43.850E+00,-44.599E+00,202.215E+00,201.490E+00,201.818E+00,95.148E+00,+99999.9E+99,+99999.9E+99,0.00004E+06,-0.00048E+06,0.00000E+00,9.259E+00,0.756E+03,0.00073E+06,43.941E+00,F0F08
2021/11/30,17:33:39,00000:00:04,600,38003F00,0,1B00,1B00,3F00,99.927E+00,0.000E+00,0.000E+00,110.990E+00,0.000E+00,0.000E+00,0.526E+00,0.000E+00,0.000E+00,99.926E+00,0.000E+00,0.000E+00,0.000E+00,0.000E+00,0.000E+00,101.014E+00,0.000E+00,0.000E+00,98.804E+00,0.000E+00,0.000E+00,25.577E+00,+99999.9E+99,+99999.9E+99,1.106E+00,+99999.9E+99,+99999.9E+99,11.8886E+00,0.00000E+00,0.00000E+00,12.1389E+00,0.00000E+00,0.00000E+00,4.6797E+00,0.00000E+00,0.00000E+00,10.9288E+00,0.00000E+00,0.00000E+00,4.2285E+00,0.00000E+00,0.00000E+00,18.2593E+00,0.0000E+00,0.0000E+00,3.4029E+00,0.0000E+00,0.0000E+00,10.918E+00,+99999.9E+99,+99999.9E+99,67.969E+00,+99999.9E+99,+99999.9E+99,1.08986E+03,0.00000E+03,0.00000E+03,0.00000E+03,0.00000E+03,0.00000E+03,1.18799E+03,0.00000E+03,0.00000E+03,0.00000E+03,0.00000E+03,0.00000E+03,0.47281E+03,0.00000E+03,0.00000E+03,0.00000E+03,0.00000E+03,0.00000E+03,0.91739E+00,0.00000E+00,0.00000E+00,0.89656E+00,0.42083E+00,0.19672E+00,0.000E+00,-36.019E+00,130.387E+00,153.710E+00,-101.133E+00,-150.958E+00,23.452E+00,90.000E+00,90.000E+00,12.5999E+00,0.00000E+00,0.00000E+00,103.030E+00,100.000E+00,100.000E+00,-0.03302E+03,0.00000E+03,0.00000E+03,+99999.9E+99,+99999.9E+99,+99999.9E+99,+99999.9E+99,+99999.9E+99,+99999.9E+99,+99999.9E+99,+99999.9E+99,+99999.9E+99,+99999.9E+99,+99999.9E+99,+99999.9E+99,1B00,0,0,0,1B00,76.7816E+00,77.0371E+00,76.9857E+00,76.9348E+00,72.0030E+00,72.5992E+00,72.4132E+00,72.3385E+00,76.7816E+00,77.0371E+00,76.9857E+00,0.0000E+00,0.0000E+00,0.0000E+00,72.9809E+00,73.2292E+00,73.1021E+00,105.749E+00,106.134E+00,105.904E+00,-105.109E+00,-104.709E+00,-104.301E+00,14.185E+00,14.301E+00,14.418E+00,+99999.9E+99,+99999.9E+99,+99999.9E+99,0.198E+00,12.4486E+00,12.0357E+00,12.1810E+00,12.2218E+00,10.8857E+00,10.5550E+00,10.5191E+00,10.6533E+00,12.4477E+00,12.0324E+00,12.1731E+00,-0.1538E+00,-0.2847E+00,0.4395E+00,5.2853E+00,4.7941E+00,4.9357E+00,27.6881E+00,27.1429E+00,28.5110E+00,-26.7562E+00,-27.1333E+00,-26.5133E+00,54.137E+00,58.433E+00,56.244E+00,+99999.9E+99,+99999.9E+99,+99999.9E+99,4.691E+00,0.38190E+03,0.36441E+03,0.37656E+03,1.12288E+03,0.19137E+03,0.17510E+03,0.18743E+03,0.55390E+03,0.55762E+03,0.53815E+03,0.54580E+03,1.64157E+03,0.21599E+03,0.20002E+03,0.20551E+03,0.62115E+03,-0.40631E+03,-0.39598E+03,-0.39510E+03,-1.19740E+03,-0.10016E+03,-0.09669E+03,-0.08427E+03,-0.28111E+03,-0.68488E+00,-0.67717E+00,-0.68991E+00,-0.68403E+00,-0.88599E+00,-0.87541E+00,-0.91205E+00,-0.89173E+00,0.000E+00,120.003E+00,-119.830E+00,57.738E+00,178.852E+00,-65.674E+00,-46.774E+00,-47.377E+00,-46.377E+00,-46.841E+00,201.201E+00,202.007E+00,201.705E+00,91.680E+00,+99999.9E+99,+99999.9E+99,0.00009E+06,-0.00067E+06,0.00000E+00,12.996E+00,0.756E+03,0.00103E+06,43.607E+00,F0F0F
2021/11/30,17:33:39,00000:00:04,650,38003F00,500,1F00,1F00,3F00,99.927E+00,0.000E+00,0.000E+00,110.990E+00,0.000E+00,0.000E+00,0.526E+00,0.000E+00,0.000E+00,99.926E+00,0.000E+00,0.000E+00,0.000E+00,0.000E+00,0.000E+00,101.014E+00,0.000E+00,0.000E+00,98.804E+00,0.000E+00,0.000E+00,21.080E+00,+99999.9E+99,+99999.9E+99,1.106E+00,+99999.9E+99,+99999.9E+99,11.8886E+00,0.00000E+00,0.00000E+00,12.1389E+00,0.00000E+00,0.00000E+00,4.6797E+00,0.00000E+00,0.00000E+00,10.9288E+00,0.00000E+00,0.00000E+00,4.6515E+00,0.00000E+00,0.00000E+00,18.2593E+00,0.0000E+00,0.0000E+00,3.4029E+00,0.0000E+00,0.0000E+00,9.172E+00,+99999.9E+99,+99999.9E+99,67.969E+00,+99999.9E+99,+99999.9E+99,1.08986E+03,0.00000E+03,0.00000E+03,0.00000E+03,0.00000E+03,0.00000E+03,1.18799E+03,0.00000E+03,0.00000E+03,0.00000E+03,0.00000E+03,0.00000E+03,0.47281E+03,0.00000E+03,0.00000E+03,0.00000E+03,0.00000E+03,0.00000E+03,0.91739E+00,0.00000E+00,0.00000E+00,0.90852E+00,0.07795E+00,0.98923E+00,0.000E+00,-108.018E+00,175.990E+00,155.301E+00,157.512E+00,-12.428E+00,23.452E+00,90.000E+00,90.000E+00,12.5999E+00,0.00000E+00,0.00000E+00,116.879E+00,100.000E+00,100.000E+00,-0.18396E+03,0.00000E+03,0.00000E+03,+99999.9E+99,+99999.9E+99,+99999.9E+99,+99999.9E+99,+99999.9E+99,+99999.9E+99,+99999.9E+99,+99999.9E+99,+99999.9E+99,+99999.9E+99,+99999.9E+99,+99999.9E+99,1B00,0,0,0,1B00,77.1842E+00,77.1904E+00,76.9632E+00,77.1126E+00,72.1507E+00,72.3516E+00,71.7884E+00,72.0969E+00,77.1842E+00,77.1904E+00,76.9632E+00,0.0000E+00,0.0000E+00,0.0000E+00,70.0925E+00,70.4810E+00,70.4192E+00,105.404E+00,105.710E+00,105.539E+00,-104.381E+00,-105.253E+00,-104.357E+00,37.655E+00,37.602E+00,37.436E+00,+99999.9E+99,+99999.9E+99,+99999.9E+99,0.347E+00,13.5331E+00,13.0834E+00,13.5037E+00,13.3734E+00,12.3851E+00,11.9407E+00,12.3417E+00,12.2225E+00,13.5321E+00,13.0834E+00,13.5028E+00,-0.1585E+00,0.0000E+00,0.1541E+00,15.1426E+00,14.5186E+00,14.5564E+00,27.7071E+00,27.1981E+00,28.6195E+00,-26.6300E+00,-26.7871E+00,-26.8443E+00,39.150E+00,40.707E+00,40.391E+00,+99999.9E+99,+99999.9E+99,+99999.9E+99,2.919E+00,0.42147E+03,0.41414E+03,0.43820E+03,1.27381E+03,0.53953E+03,0.50829E+03,0.52921E+03,1.57703E+03,0.60925E+03,0.58886E+03,0.60647E+03,1.80457E+03,0.61191E+03,0.58483E+03,0.59144E+03,1.78774E+03,-0.43993E+03,-0.41862E+03,-0.41927E+03,-1.27782E+03,-0.28869E+03,-0.28926E+03,-0.26407E+03,-0.84202E+03,-0.69179E+00,-0.70329E+00,-0.72254E+00,-0.70588E+00,-0.88172E+00,-0.86912E+00,-0.89479E+00,-0.88214E+00,0.000E+00,119.875E+00,-119.786E+00,58.334E+00,179.488E+00,-63.422E+00,-46.228E+00,-45.308E+00,-43.735E+00,-45.099E+00,201.937E+00,201.276E+00,201.532E+00,89.815E+00,+99999.9E+99,+99999.9E+99,0.00013E+06,-0.00073E+06,0.00000E+00,14.436E+00,0.757E+03,0.00114E+06,43.784E+00,F0F08
2021/11/30,17:33:39,00000:00:04,700,38003F00,500,1F00,1F00,3F00,99.927E+00,0.000E+00,0.000E+00,110.990E+00,0.000E+00,0.000E+00,0.526E+00,0.000E+00,0.000E+00,99.926E+00,0.000E+00,0.000E+00,0.000E+00,0.000E+00,0.000E+00,101.014E+00,0.000E+00,0.000E+00,98.804E+00,0.000E+00,0.000E+00,21.080E+00,+99999.9E+99,+99999.9E+99,1.106E+00,+99999.9E+99,+99999.9E+99,11.8886E+00,0.00000E+00,0.00000E+00,12.1389E+00,0.00000E+00,0.00000E+00,4.6797E+00,0.00000E+00,0.00000E+00,10.9288E+00,0.00000E+00,0.00000E+00,4.6515E+00,0.00000E+00,0.00000E+00,18.2593E+00,0.0000E+00,0.0000E+00,3.4029E+00,0.0000E+00,0.0000E+00,9.172E+00,+99999.9E+99,+99999.9E+99,67.969E+00,+99999.9E+99,+99999.9E+99,1.08986E+03,0.00000E+03,0.00000E+03,0.00000E+03,0.00000E+03,0.00000E+03,1.18799E+03,0.00000E+03,0.00000E+03,0.00000E+03,0.00000E+03,0.00000E+03,0.47281E+03,0.00000E+03,0.00000E+03,0.00000E+03,0.00000E+03,0.00000E+03,0.91739E+00,0.00000E+00,0.00000E+00,0.90852E+00,0.07795E+00,0.98923E+00,0.000E+00,-108.018E+00,175.990E+00,155.301E+00,157.512E+00,-12.428E+00,23.452E+00,90.000E+00,90.000E+00,12.5999E+00,0.00000E+00,0.00000E+00,70.823E+00,100.000E+00,100.000E+00,0.31798E+03,0.00000E+03,0.00000E+03,+99999.9E+99,+99999.9E+99,+99999.9E+99,+99999.9E+99,+99999.9E+99,+99999.9E+99,+99999.9E+99,+99999.9E+99,+99999.9E+99,+99999.9E+99,+99999.9E+99,+99999.9E+99,1B00,0,0,0,1B00,76.2486E+00,76.6598E+00,76.5010E+00,76.4698E+00,72.1134E+00,72.8717E+00,72.5931E+00,72.5260E+00,76.2486E+00,76.6598E+00,76.5010E+00,0.0000E+00,0.0000E+00,0.0000E+00,71.8980E+00,71.7414E+00,71.6450E+00,105.873E+00,106.014E+00,105.711E+00,-104.617E+00,-105.194E+00,-104.456E+00,26.558E+00,25.504E+00,26.353E+00,+99999.9E+99,+99999.9E+99,+99999.9E+99,0.206E+00,8.1983E+00,8.1512E+00,8.0759E+00,8.1418E+00,7.3246E+00,7.3029E+00,7.2171E+00,7.2815E+00,8.1983E+00,8.1499E+00,8.0722E+00,0.0000E+00,-0.1423E+00,0.2424E+00,9.3865E+00,9.5629E+00,9.9535E+00,21.8314E+00,20.4695E+00,20.3757E+00,-18.5800E+00,-19.3938E+00,-19.3562E+00,49.980E+00,47.217E+00,45.566E+00,+99999.9E+99,+99999.9E+99,+99999.9E+99,4.789E+00,0.25922E+03,0.25395E+03,0.25870E+03,0.77187E+03,0.31688E+03,0.34307E+03,0.34673E+03,1.00667E+03,0.36246E+03,0.36092E+03,0.35858E+03,1.08195E+03,0.37439E+03,0.38666E+03,0.40521E+03,1.16555E+03,-0.25334E+03,-0.25645E+03,-0.24830E+03,-0.75809E+03,-0.19940E+03,-0.17836E+03,-0.20971E+03,-0.58747E+03,-0.71518E+00,-0.70363E+00,-0.72146E+00,-0.71341E+00,-0.84638E+00,-0.88725E+00,-0.85567E+00,-0.86369E+00,0.000E+00,120.161E+00,-120.026E+00,62.109E+00,177.585E+00,-58.742E+00,-44.342E+00,-45.281E+00,-43.825E+00,-44.487E+00,201.627E+00,201.917E+00,202.000E+00,95.423E+00,+99999.9E+99,+99999.9E+99,0.00004E+06,-0.00048E+06,0.00000E+00,9.308E+00,0.756E+03,0.00074E+06,43.785E+00,F0F08
2021/11/30,17:33:39,00000:00:04,750,38003F00,700,1C00,1C00,3800,99.927E+00,0.000E+00,0.000E+00,110.990E+00,0.000E+00,0.000E+00,0.526E+00,0.000E+00,0.000E+00,99.926E+00,0.000E+00,0.000E+00,0.000E+00,0.000E+00,0.000E+00,101.014E+00,0.000E+00,0.000E+00,98.804E+00,0.000E+00,0.000E+00,21.080E+00,+99999.9E+99,+99999.9E+99,1.106E+00,+99999.9E+99,+99999.9E+99,11.8886E+00,0.00000E+00,0.00000E+00,12.1389E+00,0.00000E+00,0.00000E+00,4.6797E+00,0.00000E+00,0.00000E+00,10.9288E+00,0.00000E+00,0.00000E+00,4.6515E+00,0.00000E+00,0.00000E+00,18.2593E+00,0.0000E+00,0.0000E+00,3.4029E+00,0.0000E+00,0.0000E+00,9.172E+00,+99999.9E+99,+99999.9E+99,67.969E+00,+99999.9E+99,+99999.9E+99,1.08986E+03,0.00000E+03,0.00000E+03,0.00000E+03,0.00000E+03,0.00000E+03,1.18799E+03,0.00000E+03,0.00000E+03,0.00000E+03,0.00000E+03,0.00000E+03,0.47281E+03,0.00000E+03,0.00000E+03,0.00000E+03,0.00000E+03,0.00000E+03,0.91739E+00,0.00000E+00,0.00000E+00,0.90852E+00,0.07795E+00,0.98923E+00,0.000E+00,-108.018E+00,175.990E+00,155.301E+00,157.512E+00,-12.428E+00,23.452E+00,90.000E+00,90.000E+00,12.5999E+00,0.00000E+00,0.00000E+00,116.651E+00,100.000E+00,100.000E+00,-0.18148E+03,0.00000E+03,0.00000E+03,+99999.9E+99,+99999.9E+99,+99999.9E+99,+99999.9E+99,+99999.9E+99,+99999.9E+99,+99999.9E+99,+99999.9E+99,+99999.9E+99,+99999.9E+99,+99999.9E+99,+99999.9E+99,1B00,0,0,0,1B00,77.0714E+00,77.1183E+00,77.0875E+00,77.0924E+00,72.1523E+00,72.4646E+00,72.2625E+00,72.2931E+00,77.0713E+00,77.1183E+00,77.0875E+00,0.0000E+00,0.0000E+00,0.0000E+00,72.6791E+00,73.1064E+00,72.9683E+00,105.686E+00,106.039E+00,105.749E+00,-104.524E+00,-104.190E+00,-104.783E+00,16.539E+00,16.601E+00,16.993E+00,+99999.9E+99,+99999.9E+99,+99999.9E+99,0.352E+00,13.4915E+00,13.0228E+00,13.2200E+00,13.2448E+00,12.2912E+00,11.8187E+00,11.8871E+00,11.9990E+00,13.4903E+00,13.0192E+00,13.2110E+00,-0.1816E+00,-0.3053E+00,0.4880E+00,6.5582E+00,5.8894E+00,5.7936E+00,27.7400E+00,27.1895E+00,28.5648E+00,-26.6743E+00,-27.2310E+00,-26.5843E+00,49.027E+00,53.344E+00,53.972E+00,+99999.9E+99,+99999.9E+99,+99999.9E+99,6.809E+00,0.43217E+03,0.41062E+03,0.42854E+03,1.27133E+03,0.23687E+03,0.20743E+03,0.22355E+03,0.66785E+03,0.60765E+03,0.58481E+03,0.59344E+03,1.78590E+03,0.26392E+03,0.23852E+03,0.24172E+03,0.74319E+03,-0.42716E+03,-0.41641E+03,-0.41052E+03,-1.25408E+03,-0.11638E+03,-0.11774E+03,-0.09194E+03,-0.32606E+03,-0.71122E+00,-0.70213E+00,-0.72213E+00,-0.71187E+00,-0.89753E+00,-0.86968E+00,-0.92483E+00,-0.89862E+00,0.000E+00,119.930E+00,-119.738E+00,56.363E+00,179.445E+00,-67.515E+00,-44.665E+00,-45.401E+00,-43.769E+00,-44.613E+00,201.513E+00,201.170E+00,201.354E+00,90.840E+00,+99999.9E+99,+99999.9E+99,0.00012E+06,-0.00074E+06,0.00000E+00,14.579E+00,0.756E+03,0.00115E+06,43.694E+00,F0F08
2021/11/30,17:33:40,00000:00:04,800,38003F00,500,1F00,1F00,3F00,99.927E+00,0.000E+00,0.000E+00,110.990E+00,0.000E+00,0.000E+00,0.526E+00,0.000E+00,0.000E+00,99.926E+00,0.000E+00,0.000E+00,0.000E+00,0.000E+00,0.000E+00,101.014E+00,0.000E+00,0.000E+00,98.804E+00,0.000E+00,0.000E+00,65.666E+00,+99999.9E+99,+99999.9E+99,1.106E+00,+99999.9E+99,+99999.9E+99,11.8886E+00,0.00000E+00,0.00000E+00,12.1389E+00,0.00000E+00,0.00000E+00,4.6797E+00,0.00000E+00,0.00000E+00,10.9288E+00,0.00000E+00,0.00000E+00,4.1260E+00,0.00000E+00,0.00000E+00,18.2593E+00,0.0000E+00,0.0000E+00,3.4029E+00,0.0000E+00,0.0000E+00,48.541E+00,+99999.9E+99,+99999.9E+99,67.969E+00,+99999.9E+99,+99999.9E+99,1.08986E+03,0.00000E+03,0.00000E+03,0.00000E+03,0.00000E+03,0.00000E+03,1.18799E+03,0.00000E+03,0.00000E+03,0.00000E+03,0.00000E+03,0.00000E+03,0.47281E+03,0.00000E+03,0.00000E+03,0.00000E+03,0.00000E+03,0.00000E+03,0.91739E+00,0.00000E+00,0.00000E+00,0.89495E+00,0.01893E+00,0.98868E+00,0.000E+00,-23.465E+00,119.327E+00,153.503E+00,65.450E+00,-69.301E+00,23.452E+00,90.000E+00,90.000E+00,12.5999E+00,0.00000E+00,0.00000E+00,99.275E+00,100.000E+00,100.000E+00,0.00790E+03,0.00000E+03,0.00000E+03,+99999.9E+99,+99999.9E+99,+99999.9E+99,+99999.9E+99,+99999.9E+99,+99999.9E+99,+99999.9E+99,+99999.9E+99,+99999.9E+99,+99999.9E+99,+99999.9E+99,+99999.9E+99,1B00,0,0,0,1B00,76.7374E+00,77.0776E+00,76.7870E+00,76.8673E+00,71.9771E+00,72.5959E+00,72.0713E+00,72.2148E+00,76.7374E+00,77.0775E+00,76.7870E+00,0.0000E+00,0.0000E+00,0.0000E+00,69.9823E+00,70.1969E+00,70.1213E+00,105.566E+00,106.009E+00,105.559E+00,-104.236E+00,-104.703E+00,-104.484E+00,39.052E+00,38.892E+00,38.821E+00,+99999.9E+99,+99999.9E+99,+99999.9E+99,0.185E+00,11.9670E+00,11.8041E+00,12.0948E+00,11.9553E+00,10.4084E+00,10.3236E+00,10.5350E+00,10.4223E+00,11.9663E+00,11.8041E+00,12.0948E+00,-0.1343E+00,0.0000E+00,0.0000E+00,15.4485E+00,15.0519E+00,15.2311E+00,27.7395E+00,27.2200E+00,28.7305E+00,-26.4800E+00,-27.2543E+00,-26.8652E+00,39.317E+00,40.292E+00,39.397E+00,+99999.9E+99,+99999.9E+99,+99999.9E+99,1.593E+00,0.35454E+03,0.35711E+03,0.37031E+03,1.08196E+03,0.54591E+03,0.53024E+03,0.54609E+03,1.62224E+03,0.53411E+03,0.52855E+03,0.54222E+03,1.60488E+03,0.62317E+03,0.60682E+03,0.61593E+03,1.84579E+03,-0.39948E+03,-0.38967E+03,-0.39607E+03,-1.18521E+03,-0.30053E+03,-0.29508E+03,-0.28488E+03,-0.88050E+03,-0.66379E+00,-0.67563E+00,-0.68296E+00,-0.67416E+00,-0.87603E+00,-0.87380E+00,-0.88661E+00,-0.87889E+00,0.000E+00,119.965E+00,-119.863E+00,58.936E+00,179.027E+00,-62.382E+00,-48.411E+00,-47.497E+00,-46.925E+00,-47.611E+00,201.787E+00,202.138E+00,201.673E+00,90.408E+00,+99999.9E+99,+99999.9E+99,0.00010E+06,-0.00062E+06,0.00000E+00,12.350E+00,0.756E+03,0.00098E+06,43.777E+00,F0F08
2021/11/30,17:33:40,00000:00:04,850,38003F00,2A00,3B00,3B00,3F00,99.868E+00,0.000E+00,0.000E+00,110.924E+00,0.000E+00,0.000E+00,0.516E+00,0.000E+00,0.000E+00,99.867E+00,0.000E+00,0.000E+00,0.000E+00,0.000E+00,0.000E+00,100.904E+00,0.000E+00,0.000E+00,98.750E+00,0.000E+00,0.000E+00,65.666E+00,+99999.9E+99,+99999.9E+99,1.078E+00,+99999.9E+99,+99999.9E+99,12.1095E+00,0.00000E+00,0.00000E+00,12.3592E+00,0.00000E+00,0.00000E+00,4.7775E+00,0.00000E+00,0.00000E+00,11.1272E+00,0.00000E+00,0.00000E+00,4.1260E+00,0.00000E+00,0.00000E+00,18.4069E+00,0.0000E+00,0.0000E+00,3.4060E+00,0.0000E+00,0.0000E+00,48.541E+00,+99999.9E+99,+99999.9E+99,67.407E+00,+99999.9E+99,+99999.9E+99,1.10902E+03,0.00000E+03,0.00000E+03,0.00000E+03,0.00000E+03,0.00000E+03,1.20935E+03,0.00000E+03,0.00000E+03,0.00000E+03,0.00000E+03,0.00000E+03,0.48230E+03,0.00000E+03,0.00000E+03,0.00000E+03,0.00000E+03,0.00000E+03,0.91703E+00,0.00000E+00,0.00000E+00,0.89495E+00,0.01893E+00,0.98868E+00,0.000E+00,-23.465E+00,119.327E+00,153.503E+00,65.450E+00,-69.301E+00,23.504E+00,90.000E+00,90.000E+00,0.00000E+00,0.00000E+00,0.00000E+00,76.382E+00,100.000E+00,100.000E+00,0.26192E+03,0.00000E+03,0.00000E+03,+99999.9E+99,+99999.9E+99,+99999.9E+99,+99999.9E+99,+99999.9E+99,+99999.9E+99,+99999.9E+99,+99999.9E+99,+99999.9E+99,+99999.9E+99,+99999.9E+99,+99999.9E+99,1B00,0,0,0,1B00,76.5152E+00,76.6159E+00,76.5416E+00,76.5576E+00,72.3465E+00,72.7217E+00,72.4454E+00,72.5046E+00,76.5152E+00,76.6159E+00,76.5416E+00,0.0000E+00,0.0000E+00,0.0000E+00,72.7977E+00,72.6472E+00,72.5610E+00,105.764E+00,106.194E+00,105.840E+00,-104.931E+00,-103.794E+00,-104.713E+00,17.876E+00,17.439E+00,17.543E+00,+99999.9E+99,+99999.9E+99,+99999.9E+99,0.190E+00,9.4928E+00,8.9967E+00,9.1350E+00,9.2082E+00,8.2127E+00,7.7932E+00,7.8298E+00,7.9452E+00,9.4918E+00,8.9923E+00,9.1254E+00,-0.1351E+00,-0.2814E+00,0.4176E+00,5.8271E+00,6.1100E+00,6.5294E+00,26.1524E+00,24.2724E+00,25.3190E+00,-26.5076E+00,-25.5914E+00,-22.5243E+00,59.330E+00,54.983E+00,51.907E+00,+99999.9E+99,+99999.9E+99,+99999.9E+99,5.183E+00,0.29005E+03,0.27120E+03,0.28584E+03,0.84709E+03,0.20411E+03,0.22022E+03,0.22580E+03,0.65014E+03,0.42178E+03,0.39885E+03,0.40504E+03,1.22568E+03,0.24178E+03,0.24742E+03,0.26261E+03,0.75126E+03,-0.30623E+03,-0.29246E+03,-0.28697E+03,-0.88566E+03,-0.12959E+03,-0.11277E+03,-0.13408E+03,-0.37645E+03,-0.68767E+00,-0.67996E+00,-0.70571E+00,-0.69112E+00,-0.84422E+00,-0.89008E+00,-0.85984E+00,-0.86540E+00,0.000E+00,120.142E+00,-120.034E+00,62.341E+00,177.222E+00,-59.225E+00,-46.554E+00,-47.159E+00,-45.113E+00,-46.281E+00,201.782E+00,201.218E+00,201.894E+00,94.750E+00,+99999.9E+99,+99999.9E+99,0.00004E+06,-0.00053E+06,0.00000E+00,10.143E+00,0.756E+03,0.00080E+06,43.828E+00,F0F08
2021/11/30,17:33:40,00000:00:04,900,38003F00,2D00,3F00,3F00,3F00,99.868E+00,0.000E+00,0.000E+00,110.924E+00,0.000E+00,0.000E+00,0.516E+00,0.000E+00,0.000E+00,99.867E+00,0.000E+00,0.000E+00,0.000E+00,0.000E+00,0.000E+00,100.904E+00,0.000E+00,0.000E+00,98.750E+00,0.000E+00,0.000E+00,38.959E+00,300.771E+00,+99999.9E+99,1.078E+00,+99999.9E+99,+99999.9E+99,12.1095E+00,0.00000E+00,0.00000E+00,12.3592E+00,0.00000E+00,0.00000E+00,4.7775E+00,0.00000E+00,0.00000E+00,11.1272E+00,0.00000E+00,0.00000E+00,4.2039E+00,0.00000E+00,0.00000E+00,18.4069E+00,0.0000E+00,0.0000E+00,3.4060E+00,0.0000E+00,0.0000E+00,49.166E+00,+99999.9E+99,+99999.9E+99,67.407E+00,+99999.9E+99,+99999.9E+99,1.10902E+03,0.00000E+03,0.00000E+03,0.00000E+03,0.00000E+03,0.00000E+03,1.20935E+03,0.00000E+03,0.00000E+03,0.00000E+03,0.00000E+03,0.00000E+03,0.48230E+03,0.00000E+03,0.00000E+03,0.00000E+03,0.00000E+03,0.00000E+03,0.91703E+00,0.00000E+00,0.00000E+00,0.92795E+00,0.02962E+00,0.78834E+00,0.000E+00,-170.640E+00,150.839E+00,158.118E+00,97.662E+00,-67.131E+00,23.504E+00,90.000E+00,90.000E+00,0.00000E+00,0.00000E+00,0.00000E+00,123.032E+00,100.000E+00,100.000E+00,-0.25543E+03,0.00000E+03,0.00000E+03,+99999.9E+99,+99999.9E+99,+99999.9E+99,+99999.9E+99,+99999.9E+99,+99999.9E+99,+99999.9E+99,+99999.9E+99,+99999.9E+99,+99999.9E+99,+99999.9E+99,+99999.9E+99,1B00,0,0,0,1B00,76.9763E+00,77.4554E+00,77.3147E+00,77.2488E+00,71.6923E+00,72.5930E+00,72.3195E+00,72.2016E+00,76.9763E+00,77.4554E+00,77.3147E+00,0.0000E+00,0.0000E+00,0.0000E+00,71.6667E+00,72.2556E+00,72.0337E+00,105.471E+00,105.909E+00,105.633E+00,-106.023E+00,-105.269E+00,-104.426E+00,24.653E+00,24.897E+00,24.752E+00,+99999.9E+99,+99999.9E+99,+99999.9E+99,0.471E+00,14.0169E+00,13.6914E+00,13.8297E+00,13.8460E+00,13.0912E+00,12.8943E+00,12.8616E+00,12.9490E+00,14.0159E+00,13.6896E+00,13.8241E+00,-0.1715E+00,-0.2216E+00,0.3940E+00,9.8487E+00,8.9940E+00,9.1521E+00,27.6757E+00,27.2667E+00,28.5767E+00,-26.6533E+00,-26.9719E+00,-26.6843E+00,45.132E+00,47.985E+00,48.389E+00,+99999.9E+99,+99999.9E+99,+99999.9E+99,7.051E+00,0.45895E+03,0.44724E+03,0.45826E+03,1.36445E+03,0.35501E+03,0.30878E+03,0.33445E+03,0.99825E+03,0.63123E+03,0.61685E+03,0.62549E+03,1.87357E+03,0.40029E+03,0.36152E+03,0.36538E+03,1.12559E+03,-0.43337E+03,-0.42483E+03,-0.42572E+03,-1.28393E+03,-0.18493E+03,-0.18802E+03,-0.14712E+03,-0.52006E+03,-0.72708E+00,-0.72504E+00,-0.73264E+00,-0.72826E+00,-0.88689E+00,-0.85412E+00,-0.91536E+00,-0.88686E+00,0.000E+00,119.925E+00,-119.638E+00,57.782E+00,-178.834E+00,-66.065E+00,-43.358E+00,-43.528E+00,-42.892E+00,-43.259E+00,201.225E+00,202.023E+00,200.980E+00,90.089E+00,+99999.9E+99,+99999.9E+99,0.00014E+06,-0.00078E+06,0.00000E+00,15.509E+00,0.757E+03,0.00123E+06,43.581E+00,F0F08
2021/11/30,17:33:40,00000:00:04,950,38003800,2800,3800,3800,3800,100.040E+00,0.000E+00,0.000E+00,111.115E+00,0.000E+00,0.000E+00,0.504E+00,0.000E+00,0.000E+00,100.039E+00,0.000E+00,0.000E+00,0.000E+00,0.000E+00,0.000E+00,100.964E+00,0.000E+00,0.000E+00,98.793E+00,0.000E+00,0.000E+00,38.959E+00,300.771E+00,+99999.9E+99,1.085E+00,+99999.9E+99,+99999.9E+99,11.2475E+00,0.00000E+00,0.00000E+00,11.4744E+00,0.00000E+00,0.00000E+00,4.4481E+00,0.00000E+00,0.00000E+00,10.3306E+00,0.00000E+00,0.00000E+00,4.2039E+00,0.00000E+00,0.00000E+00,18.2062E+00,0.0000E+00,0.0000E+00,4.2290E+00,0.0000E+00,0.0000E+00,49.166E+00,+99999.9E+99,+99999.9E+99,67.649E+00,+99999.9E+99,+99999.9E+99,1.03146E+03,0.00000E+03,0.00000E+03,0.00000E+03,0.00000E+03,0.00000E+03,1.12520E+03,0.00000E+03,0.00000E+03,0.00000E+03,0.00000E+03,0.00000E+03,0.44962E+03,0.00000E+03,0.00000E+03,0.00000E+03,0.00000E+03,0.00000E+03,0.91669E+00,0.00000E+00,0.00000E+00,0.92795E+00,0.02962E+00,0.78834E+00,0.000E+00,-170.640E+00,150.839E+00,158.118E+00,97.662E+00,-67.131E+00,23.552E+00,90.000E+00,90.000E+00,9.31149E+00,0.00000E+00,0.00000E+00,85.400E+00,100.000E+00,100.000E+00,0.15059E+03,0.00000E+03,0.00000E+03,+99999.9E+99,+99999.9E+99,+99999.9E+99,+99999.9E+99,+99999.9E+99,+99999.9E+99,+99999.9E+99,+99999.9E+99,+99999.9E+99,+99999.9E+99,+99999.9E+99,+99999.9E+99,1B00,0,0,0,1B00,76.7060E+00,76.6817E+00,76.3822E+00,76.5900E+00,72.5748E+00,72.7072E+00,72.0332E+00,72.4384E+00,76.7060E+00,76.6817E+00,76.3822E+00,0.0000E+00,0.0000E+00,0.0000E+00,70.7040E+00,70.6036E+00,70.4580E+00,105.870E+00,106.069E+00,105.636E+00,-104.339E+00,-104.973E+00,-104.471E+00,35.917E+00,35.437E+00,35.897E+00,+99999.9E+99,+99999.9E+99,+99999.9E+99,0.204E+00,9.7758E+00,9.3734E+00,9.9834E+00,9.7109E+00,8.4735E+00,8.1346E+00,8.5370E+00,8.3817E+00,9.7753E+00,9.3734E+00,9.9834E+00,-0.1050E+00,0.0000E+00,0.0000E+00,13.4838E+00,13.5336E+00,14.0622E+00,26.3467E+00,24.8576E+00,27.2224E+00,-25.6081E+00,-23.3952E+00,-26.7110E+00,42.634E+00,41.922E+00,40.099E+00,+99999.9E+99,+99999.9E+99,+99999.9E+99,2.415E+00,0.28792E+03,0.28685E+03,0.30610E+03,0.88087E+03,0.47099E+03,0.48581E+03,0.49405E+03,1.45085E+03,0.43481E+03,0.41730E+03,0.44309E+03,1.29520E+03,0.54519E+03,0.54851E+03,0.56523E+03,1.65866E+03,-0.32582E+03,-0.30308E+03,-0.32036E+03,-0.94926E+03,-0.27460E+03,-0.25465E+03,-0.27461E+03,-0.80385E+03,-0.66218E+00,-0.68739E+00,-0.69084E+00,-0.68010E+00,-0.86390E+00,-0.88570E+00,-0.87406E+00,-0.87471E+00,0.000E+00,120.176E+00,-119.992E+00,60.189E+00,177.776E+00,-60.809E+00,-48.534E+00,-46.576E+00,-46.304E+00,-47.148E+00,202.340E+00,201.660E+00,202.509E+00,91.841E+00,+99999.9E+99,+99999.9E+99,0.00007E+06,-0.00052E+06,0.00000E+00,10.214E+00,0.756E+03,0.00081E+06,43.928E+00,F0F08
2021/11/30,17:33:40,00000:00:05,0,38003F00,0,1B00,1B00,3F00,99.922E+00,0.000E+00,0.000E+00,110.984E+00,0.000E+00,0.000E+00,0.509E+00,0.000E+00,0.000E+00,99.921E+00,0.000E+00,0.000E+00,0.000E+00,0.000E+00,0.000E+00,100.896E+00,0.000E+00,0.000E+00,98.825E+00,0.000E+00,0.000E+00,100.149E+00,+99999.9E+99,+99999.9E+99,1.037E+00,+99999.9E+99,+99999.9E+99,11.8424E+00,0.00000E+00,0.00000E+00,12.1344E+00,0.00000E+00,0.00000E+00,4.5709E+00,0.00000E+00,0.00000E+00,10.9248E+00,0.00000E+00,0.00000E+00,3.1966E+00,0.00000E+00,0.00000E+00,18.1407E+00,0.0000E+00,0.0000E+00,3.9810E+00,0.0000E+00,0.0000E+00,98.484E+00,+99999.9E+99,+99999.9E+99,64.806E+00,+99999.9E+99,+99999.9E+99,1.08953E+03,0.00000E+03,0.00000E+03,0.00000E+03,0.00000E+03,0.00000E+03,1.18332E+03,0.00000E+03,0.00000E+03,0.00000E+03,0.00000E+03,0.00000E+03,0.46171E+03,0.00000E+03,0.00000E+03,0.00000E+03,0.00000E+03,0.00000E+03,0.92074E+00,0.00000E+00,0.00000E+00,0.82710E+00,0.77823E+00,0.96756E+00,0.000E+00,164.150E+00,138.515E+00,145.802E+00,-156.949E+00,-26.851E+00,22.966E+00,90.000E+00,90.000E+00,12.6256E+00,0.00000E+00,0.00000E+00,96.560E+00,100.000E+00,100.000E+00,0.03748E+03,0.00000E+03,0.00000E+03,+99999.9E+99,+99999.9E+99,+99999.9E+99,+99999.9E+99,+99999.9E+99,+99999.9E+99,+99999.9E+99,+99999.9E+99,+99999.9E+99,+99999.9E+99,+99999.9E+99,+99999.9E+99,1B00,0,0,0,1B00,76.5261E+00,77.0067E+00,77.0221E+00,76.8516E+00,71.8689E+00,72.7955E+00,72.8005E+00,72.4883E+00,76.5261E+00,77.0067E+00,77.0221E+00,0.0000E+00,0.0000E+00,0.0000E+00,73.1028E+00,73.1957E+00,73.0990E+00,105.669E+00,106.023E+00,105.723E+00,-104.509E+00,-105.104E+00,-105.219E+00,14.060E+00,14.008E+00,14.247E+00,+99999.9E+99,+99999.9E+99,+99999.9E+99,0.081E+00,11.6986E+00,11.4534E+00,11.2488E+00,11.4669E+00,10.0972E+00,9.9542E+00,9.6608E+00,9.9040E+00,11.6975E+00,11.4470E+00,11.2356E+00,-0.1627E+00,-0.3809E+00,0.5447E+00,4.8728E+00,4.6385E+00,4.8553E+00,27.6005E+00,27.1967E+00,28.5681E+00,-26.6290E+00,-26.8867E+00,-25.9148E+00,57.996E+00,59.326E+00,56.256E+00,+99999.9E+99,+99999.9E+99,+99999.9E+99,2.398E+00,0.36191E+03,0.34273E+03,0.34742E+03,1.05205E+03,0.17587E+03,0.17222E+03,0.18061E+03,0.52870E+03,0.52232E+03,0.51058E+03,0.50402E+03,1.53692E+03,0.20121E+03,0.19460E+03,0.20213E+03,0.59786E+03,-0.37661E+03,-0.37846E+03,-0.36515E+03,-1.12023E+03,-0.09775E+03,-0.09062E+03,-0.09077E+03,-0.27913E+03,-0.69289E+00,-0.67124E+00,-0.68930E+00,-0.68452E+00,-0.87406E+00,-0.88497E+00,-0.89351E+00,-0.88432E+00,0.000E+00,120.044E+00,-119.919E+00,59.105E+00,177.753E+00,-63.233E+00,-46.141E+00,-47.837E+00,-46.426E+00,-46.802E+00,201.200E+00,201.975E+00,201.355E+00,92.770E+00,+99999.9E+99,+99999.9E+99,0.00008E+06,-0.00063E+06,0.00000E+00,12.321E+00,0.756E+03,0.00098E+06,43.606E+00,F0F0F
2021/11/30,17:33:40,00000:00:05,50,38003F00,700,1F00,1F00,3F00,99.922E+00,0.000E+00,0.000E+00,110.984E+00,0.000E+00,0.000E+00,0.509E+00,0.000E+00,0.000E+00,99.921E+00,0.000E+00,0.000E+00,0.000E+00,0.000E+00,0.000E+00,100.896E+00,0.000E+00,0.000E+00,98.825E+00,0.000E+00,0.000E+00,100.149E+00,+99999.9E+99,+99999.9E+99,1.037E+00,+99999.9E+99,+99999.9E+99,11.8424E+00,0.00000E+00,0.00000E+00,12.1344E+00,0.00000E+00,0.00000E+00,4.5709E+00,0.00000E+00,0.00000E+00,10.9248E+00,0.00000E+00,0.00000E+00,3.1966E+00,0.00000E+00,0.00000E+00,18.1407E+00,0.0000E+00,0.0000E+00,3.9810E+00,0.0000E+00,0.0000E+00,98.484E+00,+99999.9E+99,+99999.9E+99,64.806E+00,+99999.9E+99,+99999.9E+99,1.08953E+03,0.00000E+03,0.00000E+03,0.00000E+03,0.00000E+03,0.00000E+03,1.18332E+03,0.00000E+03,0.00000E+03,0.00000E+03,0.00000E+03,0.00000E+03,0.46171E+03,0.00000E+03,0.00000E+03,0.00000E+03,0.00000E+03,0.00000E+03,0.92074E+00,0.00000E+00,0.00000E+00,0.82710E+00,0.77823E+00,0.96756E+00,0.000E+00,164.150E+00,138.515E+00,145.802E+00,-156.949E+00,-26.851E+00,22.966E+00,90.000E+00,90.000E+00,12.6256E+00,0.00000E+00,0.00000E+00,116.587E+00,100.000E+00,100.000E+00,-0.18072E+03,0.00000E+03,0.00000E+03,+99999.9E+99,+99999.9E+99,+99999.9E+99,+99999.9E+99,+99999.9E+99,+99999.9E+99,+99999.9E+99,+99999.9E+99,+99999.9E+99,+99999.9E+99,+99999.9E+99,+99999.9E+99,1B00,0,0,0,1B00,77.2242E+00,77.2020E+00,77.0054E+00,77.1439E+00,72.1779E+00,72.3335E+00,71.8348E+00,72.1154E+00,77.2242E+00,77.2020E+00,77.0054E+00,0.0000E+00,0.0000E+00,0.0000E+00,70.4687E+00,71.0650E+00,70.9606E+00,105.417E+00,105.673E+00,105.527E+00,-104.710E+00,-104.506E+00,-104.809E+00,34.575E+00,34.595E+00,34.587E+00,+99999.9E+99,+99999.9E+99,+99999.9E+99,0.520E+00,13.4819E+00,13.0251E+00,13.4260E+00,13.3110E+00,12.3801E+00,11.9406E+00,12.3117E+00,12.2108E+00,13.4810E+00,13.0251E+00,13.4244E+00,-0.1503E+00,0.0000E+00,0.2029E+00,14.0840E+00,13.1362E+00,13.1120E+00,27.7048E+00,27.1014E+00,28.4790E+00,-26.5895E+00,-27.1019E+00,-26.4267E+00,39.599E+00,41.977E+00,42.205E+00,+99999.9E+99,+99999.9E+99,+99999.9E+99,4.561E+00,0.42128E+03,0.41257E+03,0.43640E+03,1.27025E+03,0.50315E+03,0.45859E+03,0.48415E+03,1.44589E+03,0.60748E+03,0.58660E+03,0.60326E+03,1.79734E+03,0.56749E+03,0.53114E+03,0.53571E+03,1.63334E+03,-0.43768E+03,-0.41699E+03,-0.41651E+03,-1.27118E+03,-0.26248E+03,-0.26796E+03,-0.22931E+03,-0.75975E+03,-0.69348E+00,-0.70333E+00,-0.72340E+00,-0.70674E+00,-0.88661E+00,-0.86341E+00,-0.90376E+00,-0.88523E+00,0.000E+00,119.823E+00,-119.670E+00,57.830E+00,-179.931E+00,-64.554E+00,-46.094E+00,-45.305E+00,-43.664E+00,-45.030E+00,202.154E+00,201.528E+00,201.911E+00,89.805E+00,+99999.9E+99,+99999.9E+99,0.00013E+06,-0.00073E+06,0.00000E+00,14.381E+00,0.757E+03,0.00114E+06,43.795E+00,F0F0F
2021/11/30,17:33:40,00000:00:05,100,38003F00,500,1F00,1F00,3F00,99.922E+00,0.000E+00,0.000E+00,110.984E+00,0.000E+00,0.000E+00,0.509E+00,0.000E+00,0.000E+00,99.921E+00,0.000E+00,0.000E+00,0.000E+00,0.000E+00,0.000E+00,100.896E+00,0.000E+00,0.000E+00,98.825E+00,0.000E+00,0.000E+00,19.906E+00,+99999.9E+99,445.252E+00,1.037E+00,+99999.9E+99,+99999.9E+99,11.8424E+00,0.00000E+00,0.00000E+00,12.1344E+00,0.00000E+00,0.00000E+00,4.5709E+00,0.00000E+00,0.00000E+00,10.9248E+00,0.00000E+00,0.00000E+00,4.6396E+00,0.00000E+00,0.00000E+00,18.1407E+00,0.0000E+00,0.0000E+00,3.9810E+00,0.0000E+00,0.0000E+00,11.654E+00,+99999.9E+99,+99999.9E+99,64.806E+00,+99999.9E+99,+99999.9E+99,1.08953E+03,0.00000E+03,0.00000E+03,0.00000E+03,0.00000E+03,0.00000E+03,1.18332E+03,0.00000E+03,0.00000E+03,0.00000E+03,0.00000E+03,0.00000E+03,0.46171E+03,0.00000E+03,0.00000E+03,0.00000E+03,0.00000E+03,0.00000E+03,0.92074E+00,0.00000E+00,0.00000E+00,0.91743E+00,0.61539E+00,0.77324E+00,0.000E+00,16.077E+00,133.552E+00,156.554E+00,-35.943E+00,94.197E+00,22.966E+00,90.000E+00,90.000E+00,12.6256E+00,0.00000E+00,0.00000E+00,71.384E+00,100.000E+00,100.000E+00,0.31177E+03,0.00000E+03,0.00000E+03,+99999.9E+99,+99999.9E+99,+99999.9E+99,+99999.9E+99,+99999.9E+99,+99999.9E+99,+99999.9E+99,+99999.9E+99,+99999.9E+99,+99999.9E+99,+99999.9E+99,+99999.9E+99,1B00,0,0,0,1B00,76.2934E+00,76.6540E+00,76.5186E+00,76.4886E+00,72.2036E+00,72.9065E+00,72.6498E+00,72.5867E+00,76.2934E+00,76.6540E+00,76.5186E+00,0.0000E+00,0.0000E+00,0.0000E+00,71.9085E+00,71.7617E+00,71.6784E+00,105.754E+00,106.046E+00,105.767E+00,-104.289E+00,-104.556E+00,-105.009E+00,26.247E+00,25.251E+00,25.961E+00,+99999.9E+99,+99999.9E+99,+99999.9E+99,0.187E+00,8.2755E+00,8.2106E+00,8.1487E+00,8.2116E+00,7.3709E+00,7.3184E+00,7.2467E+00,7.3120E+00,8.2748E+00,8.2095E+00,8.1450E+00,-0.1095E+00,-0.1350E+00,0.2456E+00,9.3012E+00,9.4401E+00,9.8295E+00,22.2219E+00,20.9290E+00,20.3614E+00,-18.7476E+00,-19.2224E+00,-19.9224E+00,49.993E+00,47.669E+00,45.747E+00,+99999.9E+99,+99999.9E+99,+99999.9E+99,4.497E+00,0.26147E+03,0.25502E+03,0.26126E+03,0.77775E+03,0.31452E+03,0.33783E+03,0.34287E+03,0.99522E+03,0.36627E+03,0.36372E+03,0.36187E+03,1.09186E+03,0.37310E+03,0.38273E+03,0.40145E+03,1.15665E+03,-0.25649E+03,-0.25934E+03,-0.25038E+03,-0.76621E+03,-0.20070E+03,-0.17987E+03,-0.20882E+03,-0.58938E+03,-0.71387E+00,-0.70114E+00,-0.72198E+00,-0.71232E+00,-0.84300E+00,-0.88268E+00,-0.85407E+00,-0.86043E+00,0.000E+00,120.144E+00,-120.027E+00,62.475E+00,178.137E+00,-58.578E+00,-44.449E+00,-45.481E+00,-43.782E+00,-44.576E+00,201.677E+00,201.991E+00,201.951E+00,95.400E+00,+99999.9E+99,+99999.9E+99,0.00004E+06,-0.00049E+06,0.00000E+00,9.373E+00,0.756E+03,0.00074E+06,43.779E+00,F0F08
2021/11/30,17:33:40,00000:00:05,150,38003F00,700,1C00,1C00,3800,99.922E+00,0.000E+00,0.000E+00,110.984E+00,0.000E+00,0.000E+00,0.509E+00,0.000E+00,0.000E+00,99.921E+00,0.000E+00,0.000E+00,0.000E+00,0.000E+00,0.000E+00,100.896E+00,0.000E+00,0.000E+00,98.825E+00,0.000E+00,0.000E+00,70.806E+00,+99999.9E+99,352.721E+00,1.037E+00,+99999.9E+99,+99999.9E+99,11.8424E+00,0.00000E+00,0.00000E+00,12.1344E+00,0.00000E+00,0.00000E+00,4.5709E+00,0.00000E+00,0.00000E+00,10.9248E+00,0.00000E+00,0.00000E+00,3.9606E+00,0.00000E+00,0.00000E+00,18.1407E+00,0.0000E+00,0.0000E+00,3.9810E+00,0.0000E+00,0.0000E+00,50.754E+00,+99999.9E+99,+99999.9E+99,64.806E+00,+99999.9E+99,+99999.9E+99,1.08953E+03,0.00000E+03,0.00000E+03,0.00000E+03,0.00000E+03,0.00000E+03,1.18332E+03,0.00000E+03,0.00000E+03,0.00000E+03,0.00000E+03,0.00000E+03,0.46171E+03,0.00000E+03,0.00000E+03,0.00000E+03,0.00000E+03,0.00000E+03,0.92074E+00,0.00000E+00,0.00000E+00,0.89302E+00,0.03829E+00,0.99967E+00,0.000E+00,-7.515E+00,135.771E+00,153.255E+00,-99.710E+00,137.233E+00,22.966E+00,90.000E+00,90.000E+00,12.6256E+00,0.00000E+00,0.00000E+00,113.159E+00,100.000E+00,100.000E+00,-0.14337E+03,0.00000E+03,0.00000E+03,+99999.9E+99,+99999.9E+99,+99999.9E+99,+99999.9E+99,+99999.9E+99,+99999.9E+99,+99999.9E+99,+99999.9E+99,+99999.9E+99,+99999.9E+99,+99999.9E+99,+99999.9E+99,1B00,0,0,0,1B00,77.0698E+00,77.1508E+00,77.1018E+00,77.1074E+00,72.0541E+00,72.4159E+00,72.1861E+00,72.2187E+00,77.0698E+00,77.1508E+00,77.1018E+00,0.0000E+00,0.0000E+00,0.0000E+00,72.7116E+00,73.1423E+00,73.0055E+00,105.760E+00,106.051E+00,105.914E+00,-104.683E+00,-104.513E+00,-104.724E+00,16.312E+00,16.367E+00,16.773E+00,+99999.9E+99,+99999.9E+99,+99999.9E+99,0.355E+00,13.2675E+00,12.8040E+00,12.9855E+00,13.0190E+00,12.0615E+00,11.5799E+00,11.6310E+00,11.7575E+00,13.2666E+00,12.7992E+00,12.9757E+00,-0.1561E+00,-0.3477E+00,0.5049E+00,6.4658E+00,5.7641E+00,5.6661E+00,27.3476E+00,27.1338E+00,28.5362E+00,-26.0657E+00,-27.2248E+00,-26.6357E+00,49.498E+00,54.243E+00,54.784E+00,+99999.9E+99,+99999.9E+99,+99999.9E+99,7.325E+00,0.41970E+03,0.39764E+03,0.41556E+03,1.23290E+03,0.23256E+03,0.20150E+03,0.21852E+03,0.65258E+03,0.59716E+03,0.57481E+03,0.58287E+03,1.75484E+03,0.26000E+03,0.23325E+03,0.23648E+03,0.72864E+03,-0.42479E+03,-0.41508E+03,-0.40872E+03,-1.24859E+03,-0.11626E+03,-0.11747E+03,-0.09038E+03,-0.32412E+03,-0.70283E+00,-0.69177E+00,-0.71295E+00,-0.70257E+00,-0.89445E+00,-0.86391E+00,-0.92408E+00,-0.89562E+00,0.000E+00,119.928E+00,-119.737E+00,56.761E+00,-179.895E+00,-67.403E+00,-45.345E+00,-46.230E+00,-44.525E+00,-45.367E+00,201.557E+00,201.343E+00,201.674E+00,91.202E+00,+99999.9E+99,+99999.9E+99,0.00011E+06,-0.00073E+06,0.00000E+00,14.188E+00,0.757E+03,0.00112E+06,43.680E+00,F0F08
2021/11/30,17:33:40,00000:00:05,200,38003F00,500,1F00,1F00,3F00,99.922E+00,0.000E+00,0.000E+00,110.984E+00,0.000E+00,0.000E+00,0.509E+00,0.000E+00,0.000E+00,99.921E+00,0.000E+00,0.000E+00,0.000E+00,0.000E+00,0.000E+00,100.896E+00,0.000E+00,0.000E+00,98.825E+00,0.000E+00,0.000E+00,70.806E+00,+99999.9E+99,352.721E+00,1.037E+00,+99999.9E+99,+99999.9E+99,11.8424E+00,0.00000E+00,0.00000E+00,12.1344E+00,0.00000E+00,0.00000E+00,4.5709E+00,0.00000E+00,0.00000E+00,10.9248E+00,0.00000E+00,0.00000E+00,3.9606E+00,0.00000E+00,0.00000E+00,18.1407E+00,0.0000E+00,0.0000E+00,3.9810E+00,0.0000E+00,0.0000E+00,50.754E+00,+99999.9E+99,+99999.9E+99,64.806E+00,+99999.9E+99,+99999.9E+99,1.08953E+03,0.00000E+03,0.00000E+03,0.00000E+03,0.00000E+03,0.00000E+03,1.18332E+03,0.00000E+03,0.00000E+03,0.00000E+03,0.00000E+03,0.00000E+03,0.46171E+03,0.00000E+03,0.00000E+03,0.00000E+03,0.00000E+03,0.00000E+03,0.92074E+00,0.00000E+00,0.00000E+00,0.89302E+00,0.03829E+00,0.99967E+00,0.000E+00,-7.515E+00,135.771E+00,153.255E+00,-99.710E+00,137.233E+00,22.966E+00,90.000E+00,90.000E+00,12.6256E+00,0.00000E+00,0.00000E+00,99.994E+00,100.000E+00,100.000E+00,0.00007E+03,0.00000E+03,0.00000E+03,+99999.9E+99,+99999.9E+99,+99999.9E+99,+99999.9E+99,+99999.9E+99,+99999.9E+99,+99999.9E+99,+99999.9E+99,+99999.9E+99,+99999.9E+99,+99999.9E+99,+99999.9E+99,1B00,0,0,0,1B00,76.7058E+00,77.0581E+00,76.8057E+00,76.8565E+00,71.9687E+00,72.6203E+00,72.1421E+00,72.2437E+00,76.7058E+00,77.0581E+00,76.8057E+00,0.0000E+00,0.0000E+00,0.0000E+00,69.9910E+00,70.2058E+00,70.1208E+00,105.347E+00,105.900E+00,105.636E+00,-104.566E+00,-104.473E+00,-104.181E+00,38.709E+00,38.610E+00,38.585E+00,+99999.9E+99,+99999.9E+99,+99999.9E+99,0.185E+00,11.9912E+00,11.8083E+00,12.1242E+00,11.9746E+00,10.4497E+00,10.3469E+00,10.5788E+00,10.4584E+00,11.9907E+00,11.8083E+00,12.1242E+00,-0.1059E+00,0.0000E+00,0.0000E+00,15.2365E+00,14.8380E+00,15.0245E+00,27.6914E+00,27.2357E+00,28.6562E+00,-26.1252E+00,-26.8048E+00,-26.7662E+00,39.693E+00,40.619E+00,39.832E+00,+99999.9E+99,+99999.9E+99,+99999.9E+99,1.710E+00,0.35691E+03,0.35936E+03,0.37320E+03,1.08946E+03,0.53558E+03,0.51919E+03,0.53593E+03,1.59069E+03,0.53530E+03,0.52841E+03,0.54360E+03,1.60731E+03,0.61494E+03,0.59769E+03,0.60720E+03,1.81968E+03,-0.39895E+03,-0.38740E+03,-0.39526E+03,-1.18161E+03,-0.30218E+03,-0.29609E+03,-0.28545E+03,-0.88371E+03,-0.66674E+00,-0.68007E+00,-0.68652E+00,-0.67781E+00,-0.87094E+00,-0.86867E+00,-0.88261E+00,-0.87416E+00,0.000E+00,119.974E+00,-119.857E+00,59.536E+00,179.630E+00,-61.881E+00,-48.184E+00,-47.151E+00,-46.645E+00,-47.327E+00,201.925E+00,202.070E+00,201.523E+00,90.449E+00,+99999.9E+99,+99999.9E+99,0.00010E+06,-0.00063E+06,0.00000E+00,12.443E+00,0.756E+03,0.00099E+06,43.821E+00,F0F08
2021/11/30,17:33:40,00000:00:05,250,38003F00,2800,3B00,3B00,3F00,99.876E+00,0.000E+00,0.000E+00,110.933E+00,0.000E+00,0.000E+00,0.508E+00,0.000E+00,0.000E+00,99.875E+00,0.000E+00,0.000E+00,0.000E+00,0.000E+00,0.000E+00,101.061E+00,0.000E+00,0.000E+00,98.750E+00,0.000E+00,0.000E+00,36.142E+00,+99999.9E+99,+99999.9E+99,1.157E+00,+99999.9E+99,+99999.9E+99,12.0169E+00,0.00000E+00,0.00000E+00,12.2957E+00,0.00000E+00,0.00000E+00,4.6754E+00,0.00000E+00,0.00000E+00,11.0700E+00,0.00000E+00,0.00000E+00,4.2535E+00,0.00000E+00,0.00000E+00,18.4476E+00,0.0000E+00,0.0000E+00,3.4452E+00,0.0000E+00,0.0000E+00,44.159E+00,+99999.9E+99,+99999.9E+99,67.761E+00,+99999.9E+99,+99999.9E+99,1.10348E+03,0.00000E+03,0.00000E+03,0.00000E+03,0.00000E+03,0.00000E+03,1.20020E+03,0.00000E+03,0.00000E+03,0.00000E+03,0.00000E+03,0.00000E+03,0.47203E+03,0.00000E+03,0.00000E+03,0.00000E+03,0.00000E+03,0.00000E+03,0.91941E+00,0.00000E+00,0.00000E+00,0.93251E+00,0.79080E+00,0.59581E+00,0.000E+00,-98.929E+00,157.408E+00,158.830E+00,118.811E+00,-76.021E+00,23.159E+00,90.000E+00,90.000E+00,0.00000E+00,0.00000E+00,0.00000E+00,76.952E+00,100.000E+00,100.000E+00,0.25433E+03,0.00000E+03,0.00000E+03,+99999.9E+99,+99999.9E+99,+99999.9E+99,+99999.9E+99,+99999.9E+99,+99999.9E+99,+99999.9E+99,+99999.9E+99,+99999.9E+99,+99999.9E+99,+99999.9E+99,+99999.9E+99,1B00,0,0,0,1B00,76.5123E+00,76.6095E+00,76.5204E+00,76.5474E+00,72.3573E+00,72.7274E+00,72.4201E+00,72.5016E+00,76.5123E+00,76.6095E+00,76.5204E+00,0.0000E+00,0.0000E+00,0.0000E+00,72.8315E+00,72.6771E+00,72.5734E+00,105.806E+00,106.053E+00,105.689E+00,-104.804E+00,-104.664E+00,-105.080E+00,18.429E+00,17.968E+00,18.073E+00,+99999.9E+99,+99999.9E+99,+99999.9E+99,0.206E+00,9.4596E+00,8.9531E+00,9.0882E+00,9.1670E+00,8.2257E+00,7.8085E+00,7.8445E+00,7.9596E+00,9.4584E+00,8.9497E+00,9.0793E+00,-0.1521E+00,-0.2492E+00,0.4023E+00,6.0670E+00,6.3816E+00,6.8217E+00,25.8895E+00,24.3043E+00,25.0586E+00,-26.5881E+00,-25.3538E+00,-22.1862E+00,57.640E+00,52.996E+00,50.129E+00,+99999.9E+99,+99999.9E+99,+99999.9E+99,5.317E+00,0.29081E+03,0.27200E+03,0.28634E+03,0.84915E+03,0.21552E+03,0.23353E+03,0.23849E+03,0.68754E+03,0.42029E+03,0.39687E+03,0.40285E+03,1.22002E+03,0.25147E+03,0.25910E+03,0.27420E+03,0.78417E+03,-0.30343E+03,-0.28900E+03,-0.28338E+03,-0.87581E+03,-0.12956E+03,-0.11224E+03,-0.13530E+03,-0.37710E+03,-0.69194E+00,-0.68536E+00,-0.71077E+00,-0.69602E+00,-0.85706E+00,-0.90130E+00,-0.86978E+00,-0.87678E+00,0.000E+00,120.157E+00,-120.030E+00,60.939E+00,175.785E+00,-60.347E+00,-46.216E+00,-46.736E+00,-44.703E+00,-45.892E+00,201.489E+00,201.150E+00,201.893E+00,94.781E+00,+99999.9E+99,+99999.9E+99,0.00004E+06,-0.00053E+06,0.00000E+00,10.172E+00,0.756E+03,0.00080E+06,43.753E+00,F0F08
2021/11/30,17:33:40,00000:00:05,300,38003F00,2D00,3F00,3F00,3F00,99.876E+00,0.000E+00,0.000E+00,110.933E+00,0.000E+00,0.000E+00,0.508E+00,0.000E+00,0.000E+00,99.875E+00,0.000E+00,0.000E+00,0.000E+00,0.000E+00,0.000E+00,101.061E+00,0.000E+00,0.000E+00,98.750E+00,0.000E+00,0.000E+00,36.142E+00,+99999.9E+99,+99999.9E+99,1.157E+00,+99999.9E+99,+99999.9E+99,12.0169E+00,0.00000E+00,0.00000E+00,12.2957E+00,0.00000E+00,0.00000E+00,4.6754E+00,0.00000E+00,0.00000E+00,11.0700E+00,0.00000E+00,0.00000E+00,4.2535E+00,0.00000E+00,0.00000E+00,18.4476E+00,0.0000E+00,0.0000E+00,3.4452E+00,0.0000E+00,0.0000E+00,44.159E+00,+99999.9E+99,+99999.9E+99,67.761E+00,+99999.9E+99,+99999.9E+99,1.10348E+03,0.00000E+03,0.00000E+03,0.00000E+03,0.00000E+03,0.00000E+03,1.20020E+03,0.00000E+03,0.00000E+03,0.00000E+03,0.00000E+03,0.00000E+03,0.47203E+03,0.00000E+03,0.00000E+03,0.00000E+03,0.00000E+03,0.00000E+03,0.91941E+00,0.00000E+00,0.00000E+00,0.93251E+00,0.79080E+00,0.59581E+00,0.000E+00,-98.929E+00,157.408E+00,158.830E+00,118.811E+00,-76.021E+00,23.159E+00,90.000E+00,90.000E+00,0.00000E+00,0.00000E+00,0.00000E+00,121.534E+00,100.000E+00,100.000E+00,-0.23762E+03,0.00000E+03,0.00000E+03,+99999.9E+99,+99999.9E+99,+99999.9E+99,+99999.9E+99,+99999.9E+99,+99999.9E+99,+99999.9E+99,+99999.9E+99,+99999.9E+99,+99999.9E+99,+99999.9E+99,+99999.9E+99,1B00,0,0,0,1B00,76.9780E+00,77.4503E+00,77.3061E+00,77.2448E+00,71.6417E+00,72.5309E+00,72.2585E+00,72.1437E+00,76.9780E+00,77.4503E+00,77.3061E+00,0.0000E+00,0.0000E+00,0.0000E+00,72.2531E+00,72.7140E+00,72.5790E+00,105.656E+00,106.067E+00,105.584E+00,-104.816E+00,-105.194E+00,-104.520E+00,19.764E+00,19.807E+00,20.033E+00,+99999.9E+99,+99999.9E+99,+99999.9E+99,0.383E+00,13.8632E+00,13.5481E+00,13.6849E+00,13.6987E+00,12.9408E+00,12.7576E+00,12.7184E+00,12.8056E+00,13.8618E+00,13.5466E+00,13.6791E+00,-0.1971E+00,-0.2007E+00,0.3989E+00,7.8235E+00,7.2410E+00,7.1007E+00,27.5790E+00,27.3367E+00,28.5205E+00,-26.2024E+00,-27.0205E+00,-26.7390E+00,47.834E+00,50.343E+00,51.588E+00,+99999.9E+99,+99999.9E+99,+99999.9E+99,7.100E+00,0.45100E+03,0.43960E+03,0.45051E+03,1.34110E+03,0.28614E+03,0.24882E+03,0.26778E+03,0.80274E+03,0.62401E+03,0.61021E+03,0.61859E+03,1.85281E+03,0.32068E+03,0.28965E+03,0.29142E+03,0.90048E+03,-0.43127E+03,-0.42321E+03,-0.42391E+03,-1.27839E+03,-0.14477E+03,-0.14829E+03,-0.11496E+03,-0.40802E+03,-0.72273E+00,-0.72041E+00,-0.72827E+00,-0.72382E+00,-0.89229E+00,-0.85902E+00,-0.91890E+00,-0.89145E+00,0.000E+00,119.902E+00,-119.731E+00,57.049E+00,-179.362E+00,-66.651E+00,-43.719E+00,-43.911E+00,-43.258E+00,-43.629E+00,201.610E+00,202.063E+00,200.927E+00,90.181E+00,+99999.9E+99,+99999.9E+99,0.00013E+06,-0.00077E+06,0.00000E+00,15.261E+00,0.757E+03,0.00121E+06,43.697E+00,F0F08
2021/11/30,17:33:40,00000:00:05,350,38003F00,2800,3B00,3B00,3F00,100.051E+00,0.000E+00,0.000E+00,111.127E+00,0.000E+00,0.000E+00,0.494E+00,0.000E+00,0.000E+00,100.050E+00,0.000E+00,0.000E+00,0.000E+00,0.000E+00,0.000E+00,100.946E+00,0.000E+00,0.000E+00,98.800E+00,0.000E+00,0.000E+00,36.142E+00,+99999.9E+99,+99999.9E+99,1.073E+00,+99999.9E+99,+99999.9E+99,11.0985E+00,0.00000E+00,0.00000E+00,11.3462E+00,0.00000E+00,0.00000E+00,4.3391E+00,0.00000E+00,0.00000E+00,10.2152E+00,0.00000E+00,0.00000E+00,4.2535E+00,0.00000E+00,0.00000E+00,18.2933E+00,0.0000E+00,0.0000E+00,3.6386E+00,0.0000E+00,0.0000E+00,44.159E+00,+99999.9E+99,+99999.9E+99,71.730E+00,+99999.9E+99,+99999.9E+99,1.02011E+03,0.00000E+03,0.00000E+03,0.00000E+03,0.00000E+03,0.00000E+03,1.11042E+03,0.00000E+03,0.00000E+03,0.00000E+03,0.00000E+03,0.00000E+03,0.43864E+03,0.00000E+03,0.00000E+03,0.00000E+03,0.00000E+03,0.00000E+03,0.91867E+00,0.00000E+00,0.00000E+00,0.93251E+00,0.79080E+00,0.59581E+00,0.000E+00,-98.929E+00,157.408E+00,158.830E+00,118.811E+00,-76.021E+00,23.267E+00,90.000E+00,90.000E+00,9.31288E+00,0.00000E+00,0.00000E+00,82.797E+00,100.000E+00,100.000E+00,0.17549E+03,0.00000E+03,0.00000E+03,+99999.9E+99,+99999.9E+99,+99999.9E+99,+99999.9E+99,+99999.9E+99,+99999.9E+99,+99999.9E+99,+99999.9E+99,+99999.9E+99,+99999.9E+99,+99999.9E+99,+99999.9E+99,1B00,0,0,0,1B00,76.6564E+00,76.6328E+00,76.3501E+00,76.5464E+00,72.4164E+00,72.5405E+00,71.9008E+00,72.2859E+00,76.6564E+00,76.6328E+00,76.3501E+00,0.0000E+00,0.0000E+00,0.0000E+00,70.2355E+00,70.2623E+00,70.1468E+00,105.620E+00,106.124E+00,105.823E+00,-104.427E+00,-104.506E+00,-104.800E+00,38.317E+00,38.035E+00,38.216E+00,+99999.9E+99,+99999.9E+99,+99999.9E+99,0.091E+00,9.6314E+00,9.1980E+00,9.8215E+00,9.5503E+00,8.2582E+00,7.8954E+00,8.3050E+00,8.1529E+00,9.6314E+00,9.1980E+00,9.8215E+00,0.0000E+00,0.0000E+00,0.0000E+00,14.7894E+00,14.6876E+00,15.0350E+00,26.4890E+00,24.9652E+00,27.1995E+00,-25.6190E+00,-23.4890E+00,-26.5781E+00,40.662E+00,40.686E+00,39.293E+00,+99999.9E+99,+99999.9E+99,+99999.9E+99,1.469E+00,0.27611E+03,0.27428E+03,0.29423E+03,0.84462E+03,0.51931E+03,0.52218E+03,0.53397E+03,1.57546E+03,0.42772E+03,0.40881E+03,0.43527E+03,1.27180E+03,0.59774E+03,0.59301E+03,0.60744E+03,1.79809E+03,-0.32666E+03,-0.30314E+03,-0.32076E+03,-0.95056E+03,-0.29601E+03,-0.28106E+03,-0.28957E+03,-0.86663E+03,-0.64555E+00,-0.67092E+00,-0.67597E+00,-0.66411E+00,-0.86877E+00,-0.88055E+00,-0.87906E+00,-0.87618E+00,0.000E+00,120.084E+00,-119.941E+00,59.694E+00,178.327E+00,-61.434E+00,-49.793E+00,-47.862E+00,-47.471E+00,-48.386E+00,201.674E+00,201.446E+00,202.329E+00,92.050E+00,+99999.9E+99,+99999.9E+99,0.00007E+06,-0.00050E+06,0.00000E+00,9.825E+00,0.756E+03,0.00078E+06,43.794E+00,F0F08
2021/11/30,17:33:40,00000:00:05,400,38003800,0,1800,1800,3800,99.942E+00,0.000E+00,0.000E+00,111.007E+00,0.000E+00,0.000E+00,0.511E+00,0.000E+00,0.000E+00,99.941E+00,0.000E+00,0.000E+00,0.000E+00,0.000E+00,0.000E+00,101.089E+00,0.000E+00,0.000E+00,98.811E+00,0.000E+00,0.000E+00,103.145E+00,+99999.9E+99,+99999.9E+99,1.140E+00,+99999.9E+99,+99999.9E+99,11.5999E+00,0.00000E+00,0.00000E+00,11.8168E+00,0.00000E+00,0.00000E+00,4.6231E+00,0.00000E+00,0.00000E+00,10.6388E+00,0.00000E+00,0.00000E+00,2.9991E+00,0.00000E+00,0.00000E+00,18.2867E+00,0.0000E+00,0.0000E+00,3.4612E+00,0.0000E+00,0.0000E+00,104.262E+00,+99999.9E+99,+99999.9E+99,69.676E+00,+99999.9E+99,+99999.9E+99,1.06116E+03,0.00000E+03,0.00000E+03,0.00000E+03,0.00000E+03,0.00000E+03,1.15932E+03,0.00000E+03,0.00000E+03,0.00000E+03,0.00000E+03,0.00000E+03,0.46688E+03,0.00000E+03,0.00000E+03,0.00000E+03,0.00000E+03,0.00000E+03,0.91532E+00,0.00000E+00,0.00000E+00,0.82319E+00,0.99996E+00,0.26375E+00,0.000E+00,178.154E+00,160.938E+00,145.405E+00,177.650E+00,86.231E+00,23.748E+00,90.000E+00,90.000E+00,12.6141E+00,0.00000E+00,0.00000E+00,98.019E+00,100.000E+00,100.000E+00,0.02102E+03,0.00000E+03,0.00000E+03,+99999.9E+99,+99999.9E+99,+99999.9E+99,+99999.9E+99,+99999.9E+99,+99999.9E+99,+99999.9E+99,+99999.9E+99,+99999.9E+99,+99999.9E+99,+99999.9E+99,+99999.9E+99,1B00,0,0,0,1B00,76.4861E+00,77.0001E+00,76.9914E+00,76.8259E+00,71.7666E+00,72.7258E+00,72.7136E+00,72.4020E+00,76.4861E+00,77.0001E+00,76.9914E+00,0.0000E+00,0.0000E+00,0.0000E+00,72.9724E+00,72.9605E+00,72.8503E+00,105.794E+00,106.080E+00,105.911E+00,-104.430E+00,-104.827E+00,-104.579E+00,14.858E+00,14.719E+00,14.805E+00,+99999.9E+99,+99999.9E+99,+99999.9E+99,0.109E+00,11.5737E+00,11.3501E+00,11.1283E+00,11.3507E+00,10.0249E+00,9.9001E+00,9.5973E+00,9.8408E+00,11.5721E+00,11.3439E+00,11.1140E+00,-0.1910E+00,-0.3734E+00,0.5656E+00,4.8592E+00,4.7481E+00,5.1725E+00,27.3286E+00,27.2143E+00,28.6686E+00,-26.2429E+00,-26.6667E+00,-26.0748E+00,62.244E+00,61.493E+00,56.628E+00,+99999.9E+99,+99999.9E+99,+99999.9E+99,3.824E+00,0.35782E+03,0.33898E+03,0.34334E+03,1.04014E+03,0.16751E+03,0.17317E+03,0.18093E+03,0.52161E+03,0.51615E+03,0.50566E+03,0.49832E+03,1.52014E+03,0.19916E+03,0.19771E+03,0.20963E+03,0.60628E+03,-0.37199E+03,-0.37522E+03,-0.36117E+03,-1.10838E+03,-0.10774E+03,-0.09541E+03,-0.10588E+03,-0.30903E+03,-0.69324E+00,-0.67037E+00,-0.68899E+00,-0.68424E+00,-0.84105E+00,-0.87587E+00,-0.86307E+00,-0.86034E+00,0.000E+00,120.101E+00,-119.961E+00,62.741E+00,178.906E+00,-59.569E+00,-46.113E+00,-47.904E+00,-46.450E+00,-46.824E+00,201.724E+00,201.707E+00,201.075E+00,93.402E+00,+99999.9E+99,+99999.9E+99,0.00007E+06,-0.00063E+06,0.00000E+00,12.279E+00,0.756E+03,0.00097E+06,43.820E+00,F0F0F
2021/11/30,17:33:40,00000:00:05,450,38003F00,700,1F00,1F00,3F00,99.942E+00,0.000E+00,0.000E+00,111.007E+00,0.000E+00,0.000E+00,0.511E+00,0.000E+00,0.000E+00,99.941E+00,0.000E+00,0.000E+00,0.000E+00,0.000E+00,0.000E+00,101.089E+00,0.000E+00,0.000E+00,98.811E+00,0.000E+00,0.000E+00,23.412E+00,+99999.9E+99,402.349E+00,1.140E+00,+99999.9E+99,+99999.9E+99,11.5999E+00,0.00000E+00,0.00000E+00,11.8168E+00,0.00000E+00,0.00000E+00,4.6231E+00,0.00000E+00,0.00000E+00,10.6388E+00,0.00000E+00,0.00000E+00,4.7033E+00,0.00000E+00,0.00000E+00,18.2867E+00,0.0000E+00,0.0000E+00,3.4612E+00,0.0000E+00,0.0000E+00,12.586E+00,+99999.9E+99,+99999.9E+99,69.676E+00,+99999.9E+99,+99999.9E+99,1.06116E+03,0.00000E+03,0.00000E+03,0.00000E+03,0.00000E+03,0.00000E+03,1.15932E+03,0.00000E+03,0.00000E+03,0.00000E+03,0.00000E+03,0.00000E+03,0.46688E+03,0.00000E+03,0.00000E+03,0.00000E+03,0.00000E+03,0.00000E+03,0.91532E+00,0.00000E+00,0.00000E+00,0.91628E+00,0.39997E+00,0.97369E+00,0.000E+00,117.341E+00,157.098E+00,156.388E+00,-129.083E+00,-36.076E+00,23.748E+00,90.000E+00,90.000E+00,12.6141E+00,0.00000E+00,0.00000E+00,119.118E+00,100.000E+00,100.000E+00,-0.20287E+03,0.00000E+03,0.00000E+03,+99999.9E+99,+99999.9E+99,+99999.9E+99,+99999.9E+99,+99999.9E+99,+99999.9E+99,+99999.9E+99,+99999.9E+99,+99999.9E+99,+99999.9E+99,+99999.9E+99,+99999.9E+99,1B00,0,0,0,1B00,77.1719E+00,77.1873E+00,76.9568E+00,77.1053E+00,72.1067E+00,72.3131E+00,71.7583E+00,72.0594E+00,77.1719E+00,77.1873E+00,76.9568E+00,0.0000E+00,0.0000E+00,0.0000E+00,70.9653E+00,71.6233E+00,71.4189E+00,105.263E+00,105.637E+00,105.527E+00,-104.007E+00,-105.316E+00,-104.197E+00,29.754E+00,29.996E+00,29.901E+00,+99999.9E+99,+99999.9E+99,+99999.9E+99,0.539E+00,13.3637E+00,12.9084E+00,13.3237E+00,13.1986E+00,12.3337E+00,11.9029E+00,12.2662E+00,12.1676E+00,13.3626E+00,12.9084E+00,13.3221E+00,-0.1680E+00,0.0000E+00,0.2033E+00,12.1850E+00,11.0778E+00,11.1973E+00,27.3148E+00,26.6110E+00,28.2533E+00,-26.4905E+00,-26.2286E+00,-26.2124E+00,41.452E+00,44.769E+00,44.687E+00,+99999.9E+99,+99999.9E+99,+99999.9E+99,5.929E+00,0.41910E+03,0.41071E+03,0.43422E+03,1.26403E+03,0.43539E+03,0.38688E+03,0.41346E+03,1.23572E+03,0.60131E+03,0.58079E+03,0.59824E+03,1.78034E+03,0.49103E+03,0.45156E+03,0.45471E+03,1.39585E+03,-0.43119E+03,-0.41065E+03,-0.41152E+03,-1.25336E+03,-0.22704E+03,-0.23288E+03,-0.18924E+03,-0.64916E+03,-0.69698E+00,-0.70716E+00,-0.72582E+00,-0.70999E+00,-0.88668E+00,-0.85675E+00,-0.90928E+00,-0.88528E+00,0.000E+00,119.893E+00,-119.601E+00,57.844E+00,-179.159E+00,-65.212E+00,-45.815E+00,-44.996E+00,-43.463E+00,-44.766E+00,201.076E+00,201.266E+00,201.518E+00,89.640E+00,+99999.9E+99,+99999.9E+99,0.00013E+06,-0.00072E+06,0.00000E+00,14.305E+00,0.756E+03,0.00113E+06,43.576E+00,F0F08
2021/11/30,17:33:40,00000:00:05,500,38003F00,500,1F00,1F00,3F00,99.942E+00,0.000E+00,0.000E+00,111.007E+00,0.000E+00,0.000E+00,0.511E+00,0.000E+00,0.000E+00,99.941E+00,0.000E+00,0.000E+00,0.000E+00,0.000E+00,0.000E+00,101.089E+00,0.000E+00,0.000E+00,98.811E+00,0.000E+00,0.000E+00,23.412E+00,+99999.9E+99,402.349E+00,1.140E+00,+99999.9E+99,+99999.9E+99,11.5999E+00,0.00000E+00,0.00000E+00,11.8168E+00,0.00000E+00,0.00000E+00,4.6231E+00,0.00000E+00,0.00000E+00,10.6388E+00,0.00000E+00,0.00000E+00,4.7033E+00,0.00000E+00,0.00000E+00,18.2867E+00,0.0000E+00,0.0000E+00,3.4612E+00,0.0000E+00,0.0000E+00,12.586E+00,+99999.9E+99,+99999.9E+99,69.676E+00,+99999.9E+99,+99999.9E+99,1.06116E+03,0.00000E+03,0.00000E+03,0.00000E+03,0.00000E+03,0.00000E+03,1.15932E+03,0.00000E+03,0.00000E+03,0.00000E+03,0.00000E+03,0.00000E+03,0.46688E+03,0.00000E+03,0.00000E+03,0.00000E+03,0.00000E+03,0.00000E+03,0.91532E+00,0.00000E+00,0.00000E+00,0.91628E+00,0.39997E+00,0.97369E+00,0.000E+00,117.341E+00,157.098E+00,156.388E+00,-129.083E+00,-36.076E+00,23.748E+00,90.000E+00,90.000E+00,12.6141E+00,0.00000E+00,0.00000E+00,72.867E+00,100.000E+00,100.000E+00,0.28792E+03,0.00000E+03,0.00000E+03,+99999.9E+99,+99999.9E+99,+99999.9E+99,+99999.9E+99,+99999.9E+99,+99999.9E+99,+99999.9E+99,+99999.9E+99,+99999.9E+99,+99999.9E+99,+99999.9E+99,+99999.9E+99,1B00,0,0,0,1B00,76.2211E+00,76.6015E+00,76.4686E+00,76.4304E+00,72.0765E+00,72.7964E+00,72.5508E+00,72.4746E+00,76.2211E+00,76.6015E+00,76.4686E+00,0.0000E+00,0.0000E+00,0.0000E+00,71.1962E+00,71.0958E+00,70.9406E+00,105.733E+00,106.086E+00,105.621E+00,-104.201E+00,-104.837E+00,-105.164E+00,31.105E+00,30.404E+00,31.044E+00,+99999.9E+99,+99999.9E+99,+99999.9E+99,0.218E+00,8.2878E+00,8.2177E+00,8.1679E+00,8.2244E+00,7.3333E+00,7.2804E+00,7.2117E+00,7.2751E+00,8.2869E+00,8.2167E+00,8.1641E+00,-0.1217E+00,-0.1240E+00,0.2468E+00,11.4033E+00,11.3708E+00,11.9946E+00,22.3248E+00,20.9014E+00,20.4167E+00,-18.8224E+00,-19.3352E+00,-20.0648E+00,45.852E+00,44.920E+00,42.686E+00,+99999.9E+99,+99999.9E+99,+99999.9E+99,3.419E+00,0.25977E+03,0.25362E+03,0.25985E+03,0.77323E+03,0.38759E+03,0.40723E+03,0.41490E+03,1.20971E+03,0.36620E+03,0.36349E+03,0.36228E+03,1.09198E+03,0.45693E+03,0.46302E+03,0.48210E+03,1.40160E+03,-0.25811E+03,-0.26040E+03,-0.25245E+03,-0.77095E+03,-0.24200E+03,-0.22035E+03,-0.24551E+03,-0.70786E+03,-0.70938E+00,-0.69772E+00,-0.71724E+00,-0.70810E+00,-0.84824E+00,-0.87950E+00,-0.86061E+00,-0.86310E+00,0.000E+00,120.192E+00,-119.980E+00,61.928E+00,178.538E+00,-59.243E+00,-44.816E+00,-45.756E+00,-44.173E+00,-44.919E+00,202.020E+00,201.671E+00,201.811E+00,95.141E+00,+99999.9E+99,+99999.9E+99,0.00004E+06,-0.00048E+06,0.00000E+00,9.306E+00,0.755E+03,0.00074E+06,43.948E+00,F0F08
2021/11/30,17:33:40,00000:00:05,550,38003F00,700,1F00,1F00,3F00,99.942E+00,0.000E+00,0.000E+00,111.007E+00,0.000E+00,0.000E+00,0.511E+00,0.000E+00,0.000E+00,99.941E+00,0.000E+00,0.000E+00,0.000E+00,0.000E+00,0.000E+00,101.089E+00,0.000E+00,0.000E+00,98.811E+00,0.000E+00,0.000E+00,68.174E+00,+99999.9E+99,+99999.9E+99,1.140E+00,+99999.9E+99,+99999.9E+99,11.5999E+00,0.00000E+00,0.00000E+00,11.8168E+00,0.00000E+00,0.00000E+00,4.6231E+00,0.00000E+00,0.00000E+00,10.6388E+00,0.00000E+00,0.00000E+00,3.9070E+00,0.00000E+00,0.00000E+00,18.2867E+00,0.0000E+00,0.0000E+00,3.4612E+00,0.0000E+00,0.0000E+00,46.749E+00,+99999.9E+99,+99999.9E+99,69.676E+00,+99999.9E+99,+99999.9E+99,1.06116E+03,0.00000E+03,0.00000E+03,0.00000E+03,0.00000E+03,0.00000E+03,1.15932E+03,0.00000E+03,0.00000E+03,0.00000E+03,0.00000E+03,0.00000E+03,0.46688E+03,0.00000E+03,0.00000E+03,0.00000E+03,0.00000E+03,0.00000E+03,0.91532E+00,0.00000E+00,0.00000E+00,0.89284E+00,0.99434E+00,0.51984E+00,0.000E+00,54.160E+00,142.702E+00,153.233E+00,60.257E+00,21.380E+00,23.748E+00,90.000E+00,90.000E+00,12.6141E+00,0.00000E+00,0.00000E+00,118.532E+00,100.000E+00,100.000E+00,-0.19665E+03,0.00000E+03,0.00000E+03,+99999.9E+99,+99999.9E+99,+99999.9E+99,+99999.9E+99,+99999.9E+99,+99999.9E+99,+99999.9E+99,+99999.9E+99,+99999.9E+99,+99999.9E+99,+99999.9E+99,+99999.9E+99,1B00,0,0,0,1B00,77.0172E+00,77.1357E+00,77.0661E+00,77.0730E+00,72.0559E+00,72.4747E+00,72.2097E+00,72.2468E+00,77.0172E+00,77.1357E+00,77.0661E+00,0.0000E+00,0.0000E+00,0.0000E+00,72.9066E+00,73.1534E+00,73.0217E+00,105.716E+00,106.014E+00,105.757E+00,-104.516E+00,-104.829E+00,-104.890E+00,13.874E+00,14.284E+00,14.299E+00,+99999.9E+99,+99999.9E+99,+99999.9E+99,0.196E+00,13.3537E+00,12.9033E+00,13.0898E+00,13.1156E+00,12.1992E+00,11.7346E+00,11.7944E+00,11.9094E+00,13.3526E+00,12.8996E+00,13.0810E+00,-0.1712E+00,-0.3074E+00,0.4798E+00,5.1807E+00,4.6391E+00,4.8216E+00,27.2390E+00,26.8848E+00,28.5395E+00,-26.2362E+00,-26.6809E+00,-26.6876E+00,54.921E+00,59.893E+00,57.595E+00,+99999.9E+99,+99999.9E+99,+99999.9E+99,4.954E+00,0.42769E+03,0.40645E+03,0.42367E+03,1.25781E+03,0.18444E+03,0.16784E+03,0.18036E+03,0.53264E+03,0.60078E+03,0.57901E+03,0.58742E+03,1.76721E+03,0.20931E+03,0.19305E+03,0.19842E+03,0.60038E+03,-0.42193E+03,-0.41237E+03,-0.40690E+03,-1.24120E+03,-0.09894E+03,-0.09539E+03,-0.08271E+03,-0.27704E+03,-0.71188E+00,-0.70197E+00,-0.72124E+00,-0.71175E+00,-0.88122E+00,-0.86939E+00,-0.90898E+00,-0.88717E+00,0.000E+00,120.008E+00,-119.829E+00,58.321E+00,179.560E+00,-65.245E+00,-44.612E+00,-45.414E+00,-43.843E+00,-44.623E+00,200.905E+00,201.544E+00,201.343E+00,90.870E+00,+99999.9E+99,+99999.9E+99,0.00011E+06,-0.00074E+06,0.00000E+00,14.441E+00,0.756E+03,0.00114E+06,43.571E+00,F0F08
2021/11/30,17:33:40,00000:00:05,600,38003800,2800,3800,3800,3800,99.868E+00,0.000E+00,0.000E+00,110.925E+00,0.000E+00,0.000E+00,0.494E+00,0.000E+00,0.000E+00,99.867E+00,0.000E+00,0.000E+00,0.000E+00,0.000E+00,0.000E+00,100.957E+00,0.000E+00,0.000E+00,98.786E+00,0.000E+00,0.000E+00,68.174E+00,+99999.9E+99,+99999.9E+99,1.087E+00,+99999.9E+99,+99999.9E+99,12.0371E+00,0.00000E+00,0.00000E+00,12.3862E+00,0.00000E+00,0.00000E+00,4.5317E+00,0.00000E+00,0.00000E+00,11.1515E+00,0.00000E+00,0.00000E+00,3.9070E+00,0.00000E+00,0.00000E+00,18.3790E+00,0.0000E+00,0.0000E+00,3.5152E+00,0.0000E+00,0.0000E+00,46.749E+00,+99999.9E+99,+99999.9E+99,66.645E+00,+99999.9E+99,+99999.9E+99,1.11166E+03,0.00000E+03,0.00000E+03,0.00000E+03,0.00000E+03,0.00000E+03,1.20213E+03,0.00000E+03,0.00000E+03,0.00000E+03,0.00000E+03,0.00000E+03,0.45753E+03,0.00000E+03,0.00000E+03,0.00000E+03,0.00000E+03,0.00000E+03,0.92474E+00,0.00000E+00,0.00000E+00,0.89284E+00,0.99434E+00,0.51984E+00,0.000E+00,54.160E+00,142.702E+00,153.233E+00,60.257E+00,21.380E+00,22.371E+00,90.000E+00,90.000E+00,0.00000E+00,0.00000E+00,0.00000E+00,99.690E+00,100.000E+00,100.000E+00,0.00344E+03,0.00000E+03,0.00000E+03,+99999.9E+99,+99999.9E+99,+99999.9E+99,+99999.9E+99,+99999.9E+99,+99999.9E+99,+99999.9E+99,+99999.9E+99,+99999.9E+99,+99999.9E+99,+99999.9E+99,+99999.9E+99,1B00,0,0,0,1B00,76.7131E+00,77.0562E+00,76.7959E+00,76.8551E+00,72.0037E+00,72.6440E+00,72.1566E+00,72.2681E+00,76.7131E+00,77.0562E+00,76.7959E+00,0.0000E+00,0.0000E+00,0.0000E+00,70.0383E+00,70.4007E+00,70.3396E+00,105.286E+00,105.921E+00,105.564E+00,-104.263E+00,-104.626E+00,-104.440E+00,36.968E+00,36.978E+00,36.962E+00,+99999.9E+99,+99999.9E+99,+99999.9E+99,0.324E+00,12.0525E+00,11.8825E+00,12.1753E+00,12.0368E+00,10.5702E+00,10.4845E+00,10.6877E+00,10.5808E+00,12.0518E+00,11.8825E+00,12.1753E+00,-0.1327E+00,0.0000E+00,0.0000E+00,14.7844E+00,14.1968E+00,14.2138E+00,27.6805E+00,27.3595E+00,28.5919E+00,-26.2343E+00,-26.8533E+00,-26.8395E+00,39.733E+00,41.113E+00,41.020E+00,+99999.9E+99,+99999.9E+99,+99999.9E+99,2.904E+00,0.36368E+03,0.36576E+03,0.37877E+03,1.10822E+03,0.52298E+03,0.49268E+03,0.51262E+03,1.52828E+03,0.53813E+03,0.53188E+03,0.54583E+03,1.61584E+03,0.59710E+03,0.57104E+03,0.57669E+03,1.74441E+03,-0.39664E+03,-0.38615E+03,-0.39301E+03,-1.17580E+03,-0.28814E+03,-0.28870E+03,-0.26418E+03,-0.84102E+03,-0.67583E+00,-0.68768E+00,-0.69394E+00,-0.68585E+00,-0.87586E+00,-0.86279E+00,-0.88890E+00,-0.87610E+00,0.000E+00,119.885E+00,-119.797E+00,59.026E+00,-179.776E+00,-62.677E+00,-47.482E+00,-46.553E+00,-46.057E+00,-46.698E+00,201.956E+00,201.361E+00,201.583E+00,90.079E+00,+99999.9E+99,+99999.9E+99,0.00011E+06,-0.00063E+06,0.00000E+00,12.606E+00,0.756E+03,0.00100E+06,43.833E+00,F0F08
2021/11/30,17:33:40,00000:00:05,650,38003F00,2D00,3F00,3F00,3F00,99.868E+00,0.000E+00,0.000E+00,110.925E+00,0.000E+00,0.000E+00,0.494E+00,0.000E+00,0.000E+00,99.867E+00,0.000E+00,0.000E+00,0.000E+00,0.000E+00,0.000E+00,100.957E+00,0.000E+00,0.000E+00,98.786E+00,0.000E+00,0.000E+00,35.683E+00,+99999.9E+99,474.132E+00,1.087E+00,+99999.9E+99,+99999.9E+99,12.0371E+00,0.00000E+00,0.00000E+00,12.3862E+00,0.00000E+00,0.00000E+00,4.5317E+00,0.00000E+00,0.00000E+00,11.1515E+00,0.00000E+00,0.00000E+00,4.0320E+00,0.00000E+00,0.00000E+00,18.3790E+00,0.0000E+00,0.0000E+00,3.5152E+00,0.0000E+00,0.0000E+00,44.218E+00,+99999.9E+99,+99999.9E+99,66.645E+00,+99999.9E+99,+99999.9E+99,1.11166E+03,0.00000E+03,0.00000E+03,0.00000E+03,0.00000E+03,0.00000E+03,1.20213E+03,0.00000E+03,0.00000E+03,0.00000E+03,0.00000E+03,0.00000E+03,0.45753E+03,0.00000E+03,0.00000E+03,0.00000E+03,0.00000E+03,0.00000E+03,0.92474E+00,0.00000E+00,0.00000E+00,0.93050E+00,0.44552E+00,0.67176E+00,0.000E+00,-172.953E+00,171.721E+00,158.513E+00,-56.496E+00,123.924E+00,22.371E+00,90.000E+00,90.000E+00,0.00000E+00,0.00000E+00,0.00000E+00,78.310E+00,100.000E+00,100.000E+00,0.24112E+03,0.00000E+03,0.00000E+03,+99999.9E+99,+99999.9E+99,+99999.9E+99,+99999.9E+99,+99999.9E+99,+99999.9E+99,+99999.9E+99,+99999.9E+99,+99999.9E+99,+99999.9E+99,+99999.9E+99,+99999.9E+99,1B00,0,0,0,1B00,76.5185E+00,76.6351E+00,76.5431E+00,76.5656E+00,72.4201E+00,72.8230E+00,72.5049E+00,72.5827E+00,76.5185E+00,76.6351E+00,76.5431E+00,0.0000E+00,0.0000E+00,0.0000E+00,72.4068E+00,72.1960E+00,72.1709E+00,105.823E+00,106.063E+00,105.737E+00,-104.570E+00,-105.200E+00,-104.643E+00,22.643E+00,21.654E+00,22.263E+00,+99999.9E+99,+99999.9E+99,+99999.9E+99,0.204E+00,9.6438E+00,9.1392E+00,9.2846E+00,9.3559E+00,8.3554E+00,7.9345E+00,7.9853E+00,8.0917E+00,9.6427E+00,9.1362E+00,9.2768E+00,-0.1472E+00,-0.2329E+00,0.3813E+00,7.7863E+00,8.1976E+00,8.4130E+00,26.2400E+00,24.3310E+00,24.9514E+00,-26.5962E+00,-25.2762E+00,-22.5586E+00,52.099E+00,48.033E+00,46.777E+00,+99999.9E+99,+99999.9E+99,+99999.9E+99,4.584E+00,0.29758E+03,0.27931E+03,0.29365E+03,0.87054E+03,0.27684E+03,0.29785E+03,0.30085E+03,0.87555E+03,0.42878E+03,0.40540E+03,0.41194E+03,1.24612E+03,0.31954E+03,0.32997E+03,0.34455E+03,0.99348E+03,-0.30870E+03,-0.29383E+03,-0.28891E+03,-0.89144E+03,-0.15957E+03,-0.14200E+03,-0.16793E+03,-0.46950E+03,-0.69402E+00,-0.68896E+00,-0.71284E+00,-0.69860E+00,-0.86639E+00,-0.90267E+00,-0.87318E+00,-0.88129E+00,0.000E+00,120.113E+00,-120.086E+00,59.863E+00,175.593E+00,-60.811E+00,-46.050E+00,-46.452E+00,-44.534E+00,-45.685E+00,201.597E+00,201.895E+00,201.990E+00,94.415E+00,+99999.9E+99,+99999.9E+99,0.00005E+06,-0.00054E+06,0.00000E+00,10.386E+00,0.756E+03,0.00082E+06,43.771E+00,F0F08
2021/11/30,17:33:40,00000:00:05,700,38003F00,2800,3B00,3B00,3F00,99.982E+00,0.000E+00,0.000E+00,111.051E+00,0.000E+00,0.000E+00,0.505E+00,0.000E+00,0.000E+00,99.981E+00,0.000E+00,0.000E+00,0.000E+00,0.000E+00,0.000E+00,100.911E+00,0.000E+00,0.000E+00,98.818E+00,0.000E+00,0.000E+00,35.683E+00,+99999.9E+99,474.132E+00,1.047E+00,+99999.9E+99,+99999.9E+99,10.9899E+00,0.00000E+00,0.00000E+00,11.2599E+00,0.00000E+00,0.00000E+00,4.2437E+00,0.00000E+00,0.00000E+00,10.1375E+00,0.00000E+00,0.00000E+00,4.0320E+00,0.00000E+00,0.00000E+00,18.2817E+00,0.0000E+00,0.0000E+00,4.2571E+00,0.0000E+00,0.0000E+00,44.218E+00,+99999.9E+99,+99999.9E+99,69.172E+00,+99999.9E+99,+99999.9E+99,1.01165E+03,0.00000E+03,0.00000E+03,0.00000E+03,0.00000E+03,0.00000E+03,1.09879E+03,0.00000E+03,0.00000E+03,0.00000E+03,0.00000E+03,0.00000E+03,0.42885E+03,0.00000E+03,0.00000E+03,0.00000E+03,0.00000E+03,0.00000E+03,0.92069E+00,0.00000E+00,0.00000E+00,0.93050E+00,0.44552E+00,0.67176E+00,0.000E+00,-172.953E+00,171.721E+00,158.513E+00,-56.496E+00,123.924E+00,22.973E+00,90.000E+00,90.000E+00,14.4810E+00,0.00000E+00,0.00000E+00,134.635E+00,100.000E+00,100.000E+00,-0.35039E+03,0.00000E+03,0.00000E+03,+99999.9E+99,+99999.9E+99,+99999.9E+99,+99999.9E+99,+99999.9E+99,+99999.9E+99,+99999.9E+99,+99999.9E+99,+99999.9E+99,+99999.9E+99,+99999.9E+99,+99999.9E+99,1B00,0,0,0,1B00,77.0052E+00,77.4690E+00,77.3274E+00,77.2672E+00,71.7299E+00,72.5786E+00,72.3327E+00,72.2137E+00,77.0052E+00,77.4690E+00,77.3274E+00,0.0000E+00,0.0000E+00,0.0000E+00,72.2753E+00,72.7408E+00,72.6116E+00,105.689E+00,106.034E+00,105.547E+00,-107.043E+00,-105.167E+00,-104.689E+00,20.411E+00,20.549E+00,20.809E+00,+99999.9E+99,+99999.9E+99,+99999.9E+99,0.389E+00,13.9918E+00,13.6901E+00,13.8216E+00,13.8345E+00,13.0746E+00,12.8961E+00,12.8543E+00,12.9417E+00,13.9909E+00,13.6878E+00,13.8155E+00,-0.1607E+00,-0.2499E+00,0.4116E+00,8.1612E+00,7.5739E+00,7.4228E+00,27.6867E+00,27.1081E+00,28.6662E+00,-26.3976E+00,-27.2919E+00,-26.6829E+00,46.432E+00,48.744E+00,50.394E+00,+99999.9E+99,+99999.9E+99,+99999.9E+99,6.904E+00,0.45788E+03,0.44694E+03,0.45722E+03,1.36204E+03,0.29980E+03,0.26203E+03,0.28121E+03,0.84304E+03,0.63016E+03,0.61729E+03,0.62551E+03,1.87295E+03,0.33311E+03,0.30141E+03,0.30388E+03,0.93716E+03,-0.43295E+03,-0.42578E+03,-0.42686E+03,-1.28559E+03,-0.14522E+03,-0.14896E+03,-0.11515E+03,-0.40933E+03,-0.72661E+00,-0.72404E+00,-0.73096E+00,-0.72721E+00,-0.89998E+00,-0.86934E+00,-0.92542E+00,-0.89957E+00,0.000E+00,119.896E+00,-119.731E+00,56.059E+00,179.458E+00,-67.621E+00,-43.397E+00,-43.611E+00,-43.033E+00,-43.347E+00,201.652E+00,201.338E+00,200.995E+00,90.164E+00,+99999.9E+99,+99999.9E+99,0.00013E+06,-0.00078E+06,0.00000E+00,15.486E+00,0.757E+03,0.00123E+06,43.671E+00,F0F08
2021/11/30,17:33:40,00000:00:05,750,38003F00,0,1B00,1B00,3F00,99.946E+00,0.000E+00,0.000E+00,111.011E+00,0.000E+00,0.000E+00,0.509E+00,0.000E+00,0.000E+00,99.945E+00,0.000E+00,0.000E+00,0.000E+00,0.000E+00,0.000E+00,100.939E+00,0.000E+00,0.000E+00,98.821E+00,0.000E+00,0.000E+00,22.034E+00,+99999.9E+99,+99999.9E+99,1.060E+00,+99999.9E+99,+99999.9E+99,11.6110E+00,0.00000E+00,0.00000E+00,11.8471E+00,0.00000E+00,0.00000E+00,4.5880E+00,0.00000E+00,0.00000E+00,10.6661E+00,0.00000E+00,0.00000E+00,4.4705E+00,0.00000E+00,0.00000E+00,18.3474E+00,0.0000E+00,0.0000E+00,4.0786E+00,0.0000E+00,0.0000E+00,9.101E+00,+99999.9E+99,+99999.9E+99,66.888E+00,+99999.9E+99,+99999.9E+99,1.06394E+03,0.00000E+03,0.00000E+03,0.00000E+03,0.00000E+03,0.00000E+03,1.16048E+03,0.00000E+03,0.00000E+03,0.00000E+03,0.00000E+03,0.00000E+03,0.46341E+03,0.00000E+03,0.00000E+03,0.00000E+03,0.00000E+03,0.00000E+03,0.91681E+00,0.00000E+00,0.00000E+00,0.90106E+00,0.81007E+00,0.97363E+00,0.000E+00,15.642E+00,179.000E+00,154.298E+00,-20.256E+00,-14.187E+00,23.536E+00,90.000E+00,90.000E+00,12.5922E+00,0.00000E+00,0.00000E+00,78.455E+00,100.000E+00,100.000E+00,0.22923E+03,0.00000E+03,0.00000E+03,+99999.9E+99,+99999.9E+99,+99999.9E+99,+99999.9E+99,+99999.9E+99,+99999.9E+99,+99999.9E+99,+99999.9E+99,+99999.9E+99,+99999.9E+99,+99999.9E+99,+99999.9E+99,1B00,0,0,0,1B00,76.6853E+00,76.6523E+00,76.3775E+00,76.5717E+00,72.4472E+00,72.5685E+00,71.9385E+00,72.3181E+00,76.6853E+00,76.6523E+00,76.3775E+00,0.0000E+00,0.0000E+00,0.0000E+00,70.2475E+00,70.2708E+00,70.1695E+00,105.626E+00,105.987E+00,105.784E+00,-104.177E+00,-103.946E+00,-104.123E+00,38.305E+00,38.010E+00,38.172E+00,+99999.9E+99,+99999.9E+99,+99999.9E+99,0.085E+00,9.4539E+00,9.0116E+00,9.6332E+00,9.3662E+00,8.1994E+00,7.8315E+00,8.2468E+00,8.0926E+00,9.4539E+00,9.0116E+00,9.6332E+00,0.0000E+00,0.0000E+00,0.0000E+00,14.7644E+00,14.6704E+00,14.9930E+00,26.2405E+00,24.3638E+00,26.7438E+00,-25.0219E+00,-22.6148E+00,-26.1081E+00,40.763E+00,40.736E+00,39.446E+00,+99999.9E+99,+99999.9E+99,+99999.9E+99,1.390E+00,0.27272E+03,0.27088E+03,0.29111E+03,0.83471E+03,0.51791E+03,0.52041E+03,0.53166E+03,1.56998E+03,0.42009E+03,0.40069E+03,0.42704E+03,1.24782E+03,0.59686E+03,0.59215E+03,0.60586E+03,1.79478E+03,-0.31954E+03,-0.29525E+03,-0.31243E+03,-0.92722E+03,-0.29667E+03,-0.28253E+03,-0.29051E+03,-0.86971E+03,-0.64918E+00,-0.67605E+00,-0.68171E+00,-0.66894E+00,-0.86773E+00,-0.87884E+00,-0.87754E+00,-0.87475E+00,0.000E+00,120.072E+00,-119.949E+00,59.814E+00,178.528E+00,-61.263E+00,-49.520E+00,-47.465E+00,-47.023E+00,-48.015E+00,201.873E+00,202.217E+00,202.529E+00,92.605E+00,+99999.9E+99,+99999.9E+99,0.00006E+06,-0.00050E+06,0.00000E+00,9.763E+00,0.756E+03,0.00077E+06,43.823E+00,F0F0F
2021/11/30,17:33:41,00000:00:05,800,38003F00,700,1C00,1C00,3800,99.946E+00,0.000E+00,0.000E+00,111.011E+00,0.000E+00,0.000E+00,0.509E+00,0.000E+00,0.000E+00,99.945E+00,0.000E+00,0.000E+00,0.000E+00,0.000E+00,0.000E+00,100.939E+00,0.000E+00,0.000E+00,98.821E+00,0.000E+00,0.000E+00,22.034E+00,+99999.9E+99,+99999.9E+99,1.060E+00,+99999.9E+99,+99999.9E+99,11.6110E+00,0.00000E+00,0.00000E+00,11.8471E+00,0.00000E+00,0.00000E+00,4.5880E+00,0.00000E+00,0.00000E+00,10.6661E+00,0.00000E+00,0.00000E+00,4.4705E+00,0.00000E+00,0.00000E+00,18.3474E+00,0.0000E+00,0.0000E+00,4.0786E+00,0.0000E+00,0.0000E+00,9.101E+00,+99999.9E+99,+99999.9E+99,66.888E+00,+99999.9E+99,+99999.9E+99,1.06394E+03,0.00000E+03,0.00000E+03,0.00000E+03,0.00000E+03,0.00000E+03,1.16048E+03,0.00000E+03,0.00000E+03,0.00000E+03,0.00000E+03,0.00000E+03,0.46341E+03,0.00000E+03,0.00000E+03,0.00000E+03,0.00000E+03,0.00000E+03,0.91681E+00,0.00000E+00,0.00000E+00,0.90106E+00,0.81007E+00,0.97363E+00,0.000E+00,15.642E+00,179.000E+00,154.298E+00,-20.256E+00,-14.187E+00,23.536E+00,90.000E+00,90.000E+00,12.5922E+00,0.00000E+00,0.00000E+00,94.421E+00,100.000E+00,100.000E+00,0.05935E+03,0.00000E+03,0.00000E+03,+99999.9E+99,+99999.9E+99,+99999.9E+99,+99999.9E+99,+99999.9E+99,+99999.9E+99,+99999.9E+99,+99999.9E+99,+99999.9E+99,+99999.9E+99,+99999.9E+99,+99999.9E+99,1B00,0,0,0,1B00,76.5996E+00,76.8170E+00,76.8001E+00,76.7389E+00,72.1526E+00,72.6795E+00,72.5572E+00,72.4631E+00,76.5996E+00,76.8170E+00,76.8001E+00,0.0000E+00,0.0000E+00,0.0000E+00,73.0273E+00,73.0061E+00,72.8849E+00,105.746E+00,106.059E+00,105.720E+00,-105.144E+00,-104.690E+00,-105.437E+00,14.944E+00,14.783E+00,14.927E+00,+99999.9E+99,+99999.9E+99,+99999.9E+99,0.123E+00,11.1661E+00,10.8845E+00,10.8278E+00,10.9595E+00,9.6278E+00,9.3764E+00,9.2983E+00,9.4341E+00,11.1651E+00,10.8809E+00,10.8192E+00,-0.1512E+00,-0.2796E+00,0.4319E+00,4.9661E+00,4.8891E+00,5.2915E+00,27.7538E+00,27.0790E+00,28.5729E+00,-26.7605E+00,-27.2024E+00,-26.0890E+00,61.016E+00,59.779E+00,55.653E+00,+99999.9E+99,+99999.9E+99,+99999.9E+99,3.919E+00,0.34245E+03,0.32566E+03,0.33647E+03,1.00458E+03,0.17367E+03,0.18038E+03,0.18792E+03,0.54197E+03,0.49814E+03,0.48465E+03,0.48309E+03,1.46588E+03,0.20473E+03,0.20418E+03,0.21631E+03,0.62497E+03,-0.36177E+03,-0.35893E+03,-0.34664E+03,-1.06734E+03,-0.10841E+03,-0.09567E+03,-0.10714E+03,-0.31122E+03,-0.68745E+00,-0.67196E+00,-0.69650E+00,-0.68531E+00,-0.84829E+00,-0.88344E+00,-0.86873E+00,-0.86719E+00,0.000E+00,120.116E+00,-119.959E+00,61.962E+00,178.003E+00,-60.206E+00,-46.571E+00,-47.782E+00,-45.853E+00,-46.740E+00,201.778E+00,201.187E+00,201.161E+00,93.004E+00,+99999.9E+99,+99999.9E+99,0.00007E+06,-0.00061E+06,0.00000E+00,11.803E+00,0.756E+03,0.00093E+06,43.807E+00,F0F0F
2021/11/30,17:33:41,00000:00:05,850,38003F00,500,1F00,1F00,3F00,99.946E+00,0.000E+00,0.000E+00,111.011E+00,0.000E+00,0.000E+00,0.509E+00,0.000E+00,0.000E+00,99.945E+00,0.000E+00,0.000E+00,0.000E+00,0.000E+00,0.000E+00,100.939E+00,0.000E+00,0.000E+00,98.821E+00,0.000E+00,0.000E+00,21.955E+00,486.457E+00,+99999.9E+99,1.060E+00,+99999.9E+99,+99999.9E+99,11.6110E+00,0.00000E+00,0.00000E+00,11.8471E+00,0.00000E+00,0.00000E+00,4.5880E+00,0.00000E+00,0.00000E+00,10.6661E+00,0.00000E+00,0.00000E+00,4.5697E+00,0.00000E+00,0.00000E+00,18.3474E+00,0.0000E+00,0.0000E+00,4.0786E+00,0.0000E+00,0.0000E+00,8.927E+00,+99999.9E+99,+99999.9E+99,66.888E+00,+99999.9E+99,+99999.9E+99,1.06394E+03,0.00000E+03,0.00000E+03,0.00000E+03,0.00000E+03,0.00000E+03,1.16048E+03,0.00000E+03,0.00000E+03,0.00000E+03,0.00000E+03,0.00000E+03,0.46341E+03,0.00000E+03,0.00000E+03,0.00000E+03,0.00000E+03,0.00000E+03,0.91681E+00,0.00000E+00,0.00000E+00,0.90467E+00,0.31855E+00,0.98116E+00,0.000E+00,-46.536E+00,171.609E+00,154.779E+00,-117.961E+00,2.747E+00,23.536E+00,90.000E+00,90.000E+00,12.5922E+00,0.00000E+00,0.00000E+00,126.319E+00,100.000E+00,100.000E+00,-0.28002E+03,0.00000E+03,0.00000E+03,+99999.9E+99,+99999.9E+99,+99999.9E+99,+99999.9E+99,+99999.9E+99,+99999.9E+99,+99999.9E+99,+99999.9E+99,+99999.9E+99,+99999.9E+99,+99999.9E+99,+99999.9E+99,1B00,0,0,0,1B00,76.9771E+00,77.4543E+00,77.3085E+00,77.2467E+00,71.6398E+00,72.5180E+00,72.2602E+00,72.1393E+00,76.9771E+00,77.4543E+00,77.3085E+00,0.0000E+00,0.0000E+00,0.0000E+00,70.9773E+00,71.6669E+00,71.4617E+00,105.554E+00,106.021E+00,105.584E+00,-104.521E+00,-104.913E+00,-104.794E+00,30.417E+00,30.598E+00,30.521E+00,+99999.9E+99,+99999.9E+99,+99999.9E+99,0.566E+00,13.8731E+00,13.5685E+00,13.6957E+00,13.7124E+00,12.9798E+00,12.7936E+00,12.7414E+00,12.8383E+00,13.8723E+00,13.5666E+00,13.6906E+00,-0.1503E+00,-0.2235E+00,0.3748E+00,12.5463E+00,11.4056E+00,11.5590E+00,27.3781E+00,27.2338E+00,28.8486E+00,-26.0138E+00,-27.1890E+00,-26.8852E+00,40.635E+00,43.939E+00,43.898E+00,+99999.9E+99,+99999.9E+99,+99999.9E+99,5.963E+00,0.45203E+03,0.44076E+03,0.45117E+03,1.34395E+03,0.45109E+03,0.40087E+03,0.42848E+03,1.28044E+03,0.62435E+03,0.61128E+03,0.61933E+03,1.85497E+03,0.50499E+03,0.46383E+03,0.46795E+03,1.43527E+03,-0.43068E+03,-0.42355E+03,-0.42429E+03,-1.27852E+03,-0.22701E+03,-0.23333E+03,-0.18811E+03,-0.64844E+03,-0.72399E+00,-0.72105E+00,-0.72847E+00,-0.72452E+00,-0.89327E+00,-0.86426E+00,-0.91565E+00,-0.89212E+00,0.000E+00,119.876E+00,-119.588E+00,57.030E+00,179.981E+00,-66.106E+00,-43.615E+00,-43.859E+00,-43.242E+00,-43.571E+00,201.241E+00,202.017E+00,201.825E+00,90.371E+00,+99999.9E+99,+99999.9E+99,0.00013E+06,-0.00077E+06,0.00000E+00,15.323E+00,0.757E+03,0.00121E+06,43.583E+00,F0F08
2021/11/30,17:33:41,00000:00:05,900,38003F00,500,1F00,1F00,3F00,99.946E+00,0.000E+00,0.000E+00,111.011E+00,0.000E+00,0.000E+00,0.509E+00,0.000E+00,0.000E+00,99.945E+00,0.000E+00,0.000E+00,0.000E+00,0.000E+00,0.000E+00,100.939E+00,0.000E+00,0.000E+00,98.821E+00,0.000E+00,0.000E+00,21.955E+00,486.457E+00,+99999.9E+99,1.060E+00,+99999.9E+99,+99999.9E+99,11.6110E+00,0.00000E+00,0.00000E+00,11.8471E+00,0.00000E+00,0.00000E+00,4.5880E+00,0.00000E+00,0.00000E+00,10.6661E+00,0.00000E+00,0.00000E+00,4.5697E+00,0.00000E+00,0.00000E+00,18.3474E+00,0.0000E+00,0.0000E+00,4.0786E+00,0.0000E+00,0.0000E+00,8.927E+00,+99999.9E+99,+99999.9E+99,66.888E+00,+99999.9E+99,+99999.9E+99,1.06394E+03,0.00000E+03,0.00000E+03,0.00000E+03,0.00000E+03,0.00000E+03,1.16048E+03,0.00000E+03,0.00000E+03,0.00000E+03,0.00000E+03,0.00000E+03,0.46341E+03,0.00000E+03,0.00000E+03,0.00000E+03,0.00000E+03,0.00000E+03,0.91681E+00,0.00000E+00,0.00000E+00,0.90467E+00,0.31855E+00,0.98116E+00,0.000E+00,-46.536E+00,171.609E+00,154.779E+00,-117.961E+00,2.747E+00,23.536E+00,90.000E+00,90.000E+00,12.5922E+00,0.00000E+00,0.00000E+00,83.841E+00,100.000E+00,100.000E+00,0.17192E+03,0.00000E+03,0.00000E+03,+99999.9E+99,+99999.9E+99,+99999.9E+99,+99999.9E+99,+99999.9E+99,+99999.9E+99,+99999.9E+99,+99999.9E+99,+99999.9E+99,+99999.9E+99,+99999.9E+99,+99999.9E+99,1B00,0,0,0,1B00,76.6844E+00,76.6490E+00,76.3755E+00,76.5697E+00,72.5666E+00,72.6964E+00,72.0536E+00,72.4389E+00,76.6844E+00,76.6490E+00,76.3755E+00,0.0000E+00,0.0000E+00,0.0000E+00,70.6957E+00,70.6131E+00,70.4431E+00,105.771E+00,106.026E+00,105.723E+00,-104.327E+00,-104.677E+00,-105.179E+00,36.000E+00,35.420E+00,35.933E+00,+99999.9E+99,+99999.9E+99,+99999.9E+99,0.209E+00,9.8521E+00,9.4410E+00,10.0441E+00,9.7791E+00,8.5467E+00,8.1952E+00,8.5969E+00,8.4463E+00,9.8514E+00,9.4410E+00,10.0441E+00,-0.1220E+00,0.0000E+00,0.0000E+00,13.5013E+00,13.5439E+00,14.1107E+00,26.3857E+00,24.9914E+00,27.5024E+00,-25.8895E+00,-23.6405E+00,-26.6748E+00,42.705E+00,41.921E+00,40.016E+00,+99999.9E+99,+99999.9E+99,+99999.9E+99,2.569E+00,0.29218E+03,0.28987E+03,0.30996E+03,0.89202E+03,0.47105E+03,0.48636E+03,0.49586E+03,1.45327E+03,0.43823E+03,0.42010E+03,0.44560E+03,1.30394E+03,0.54591E+03,0.54892E+03,0.56718E+03,1.66170E+03,-0.32661E+03,-0.30408E+03,-0.32013E+03,-0.95082E+03,-0.27591E+03,-0.25450E+03,-0.27536E+03,-0.80577E+03,-0.66674E+00,-0.69000E+00,-0.69560E+00,-0.68409E+00,-0.86288E+00,-0.88602E+00,-0.87424E+00,-0.87457E+00,0.000E+00,120.190E+00,-119.972E+00,60.313E+00,177.739E+00,-60.809E+00,-48.184E+00,-46.370E+00,-45.925E+00,-46.836E+00,202.165E+00,201.514E+00,201.720E+00,91.962E+00,+99999.9E+99,+99999.9E+99,0.00007E+06,-0.00053E+06,0.00000E+00,10.366E+00,0.756E+03,0.00082E+06,43.929E+00,F0F08
2021/11/30,17:33:41,00000:00:05,950,38003F00,700,1F00,1F00,3F00,99.946E+00,0.000E+00,0.000E+00,111.011E+00,0.000E+00,0.000E+00,0.509E+00,0.000E+00,0.000E+00,99.945E+00,0.000E+00,0.000E+00,0.000E+00,0.000E+00,0.000E+00,100.939E+00,0.000E+00,0.000E+00,98.821E+00,0.000E+00,0.000E+00,73.728E+00,+99999.9E+99,+99999.9E+99,1.060E+00,+99999.9E+99,+99999.9E+99,11.6110E+00,0.00000E+00,0.00000E+00,11.8471E+00,0.00000E+00,0.00000E+00,4.5880E+00,0.00000E+00,0.00000E+00,10.6661E+00,0.00000E+00,0.00000E+00,3.8793E+00,0.00000E+00,0.00000E+00,18.3474E+00,0.0000E+00,0.0000E+00,4.0786E+00,0.0000E+00,0.0000E+00,55.231E+00,+99999.9E+99,+99999.9E+99,66.888E+00,+99999.9E+99,+99999.9E+99,1.06394E+03,0.00000E+03,0.00000E+03,0.00000E+03,0.00000E+03,0.00000E+03,1.16048E+03,0.00000E+03,0.00000E+03,0.00000E+03,0.00000E+03,0.00000E+03,0.46341E+03,0.00000E+03,0.00000E+03,0.00000E+03,0.00000E+03,0.00000E+03,0.91681E+00,0.00000E+00,0.00000E+00,0.87850E+00,0.94475E+00,0.29256E+00,0.000E+00,-51.868E+00,171.566E+00,151.462E+00,-32.732E+00,-81.423E+00,23.536E+00,90.000E+00,90.000E+00,12.5922E+00,0.00000E+00,0.00000E+00,97.524E+00,100.000E+00,100.000E+00,0.02635E+03,0.00000E+03,0.00000E+03,+99999.9E+99,+99999.9E+99,+99999.9E+99,+99999.9E+99,+99999.9E+99,+99999.9E+99,+99999.9E+99,+99999.9E+99,+99999.9E+99,+99999.9E+99,+99999.9E+99,+99999.9E+99,1B00,0,0,0,1B00,76.5093E+00,77.0169E+00,77.0029E+00,76.8430E+00,71.7965E+00,72.7495E+00,72.7119E+00,72.4193E+00,76.5093E+00,77.0169E+00,77.0029E+00,0.0000E+00,0.0000E+00,0.0000E+00,73.0557E+00,73.1734E+00,73.0659E+00,105.697E+00,106.000E+00,105.761E+00,-104.504E+00,-105.106E+00,-104.841E+00,14.103E+00,13.929E+00,14.225E+00,+99999.9E+99,+99999.9E+99,+99999.9E+99,0.101E+00,11.6798E+00,11.4464E+00,11.2364E+00,11.4542E+00,9.9983E+00,9.8750E+00,9.5628E+00,9.8120E+00,11.6784E+00,11.4406E+00,11.2233E+00,-0.1754E+00,-0.3660E+00,0.5425E+00,4.9532E+00,4.7016E+00,4.9374E+00,27.6648E+00,27.3548E+00,28.5243E+00,-26.7152E+00,-27.0343E+00,-26.1110E+00,57.179E+00,58.603E+00,55.235E+00,+99999.9E+99,+99999.9E+99,+99999.9E+99,2.681E+00,0.35698E+03,0.33845E+03,0.34216E+03,1.03759E+03,0.17969E+03,0.17521E+03,0.18480E+03,0.53970E+03,0.52100E+03,0.51007E+03,0.50331E+03,1.53438E+03,0.20485E+03,0.19719E+03,0.20567E+03,0.60760E+03,-0.37949E+03,-0.38160E+03,-0.36911E+03,-1.13020E+03,-0.09836E+03,-0.09047E+03,-0.09028E+03,-0.27912E+03,-0.68517E+00,-0.66355E+00,-0.67982E+00,-0.67623E+00,-0.87717E+00,-0.88854E+00,-0.89851E+00,-0.88824E+00,0.000E+00,120.042E+00,-119.902E+00,58.747E+00,177.306E+00,-63.869E+00,-46.751E+00,-48.429E+00,-47.170E+00,-47.450E+00,201.191E+00,201.866E+00,201.703E+00,92.989E+00,+99999.9E+99,+99999.9E+99,0.00007E+06,-0.00063E+06,0.00000E+00,12.185E+00,0.756E+03,0.00096E+06,43.625E+00,F0F08
2021/11/30,17:33:41,00000:00:06,0,38003800,2800,3800,3800,3800,99.982E+00,0.000E+00,0.000E+00,111.050E+00,0.000E+00,0.000E+00,0.503E+00,0.000E+00,0.000E+00,99.981E+00,0.000E+00,0.000E+00,0.000E+00,0.000E+00,0.000E+00,101.039E+00,0.000E+00,0.000E+00,98.779E+00,0.000E+00,0.000E+00,73.728E+00,+99999.9E+99,+99999.9E+99,1.131E+00,+99999.9E+99,+99999.9E+99,11.5709E+00,0.00000E+00,0.00000E+00,11.7699E+00,0.00000E+00,0.00000E+00,4.6473E+00,0.00000E+00,0.00000E+00,10.5966E+00,0.00000E+00,0.00000E+00,3.8793E+00,0.00000E+00,0.00000E+00,18.3910E+00,0.0000E+00,0.0000E+00,3.4483E+00,0.0000E+00,0.0000E+00,55.231E+00,+99999.9E+99,+99999.9E+99,70.507E+00,+99999.9E+99,+99999.9E+99,1.05736E+03,0.00000E+03,0.00000E+03,0.00000E+03,0.00000E+03,0.00000E+03,1.15688E+03,0.00000E+03,0.00000E+03,0.00000E+03,0.00000E+03,0.00000E+03,0.46943E+03,0.00000E+03,0.00000E+03,0.00000E+03,0.00000E+03,0.00000E+03,0.91397E+00,0.00000E+00,0.00000E+00,0.87850E+00,0.94475E+00,0.29256E+00,0.000E+00,-51.868E+00,171.566E+00,151.462E+00,-32.732E+00,-81.423E+00,23.940E+00,90.000E+00,90.000E+00,0.00000E+00,0.00000E+00,0.00000E+00,123.542E+00,100.000E+00,100.000E+00,-0.24892E+03,0.00000E+03,0.00000E+03,+99999.9E+99,+99999.9E+99,+99999.9E+99,+99999.9E+99,+99999.9E+99,+99999.9E+99,+99999.9E+99,+99999.9E+99,+99999.9E+99,+99999.9E+99,+99999.9E+99,+99999.9E+99,1B00,0,0,0,1B00,77.2067E+00,77.2302E+00,76.9868E+00,77.1412E+00,72.2308E+00,72.4394E+00,71.8729E+00,72.1810E+00,77.2067E+00,77.2302E+00,76.9868E+00,0.0000E+00,0.0000E+00,0.0000E+00,70.4348E+00,71.0265E+00,70.9163E+00,105.387E+00,105.587E+00,105.593E+00,-104.411E+00,-104.870E+00,-104.579E+00,34.714E+00,34.726E+00,34.724E+00,+99999.9E+99,+99999.9E+99,+99999.9E+99,0.514E+00,13.6771E+00,13.2535E+00,13.6403E+00,13.5237E+00,12.5892E+00,12.1745E+00,12.5315E+00,12.4317E+00,13.6761E+00,13.2535E+00,13.6388E+00,-0.1658E+00,0.0000E+00,0.2083E+00,14.1522E+00,13.2181E+00,13.1971E+00,27.7310E+00,27.1676E+00,28.6657E+00,-26.4948E+00,-27.2500E+00,-26.8067E+00,39.479E+00,41.797E+00,42.013E+00,+99999.9E+99,+99999.9E+99,+99999.9E+99,4.457E+00,0.43305E+03,0.42519E+03,0.44804E+03,1.30628E+03,0.50609E+03,0.46237E+03,0.48755E+03,1.45601E+03,0.61614E+03,0.59725E+03,0.61344E+03,1.82682E+03,0.56994E+03,0.53421E+03,0.53887E+03,1.64205E+03,-0.43828E+03,-0.41942E+03,-0.41901E+03,-1.27672E+03,-0.26212E+03,-0.26756E+03,-0.22952E+03,-0.75919E+03,-0.70284E+00,-0.71192E+00,-0.73037E+00,-0.71506E+00,-0.88797E+00,-0.86553E+00,-0.90476E+00,-0.88670E+00,0.000E+00,119.831E+00,-119.669E+00,57.659E+00,179.832E+00,-64.682E+00,-45.344E+00,-44.609E+00,-43.082E+00,-44.352E+00,201.937E+00,201.414E+00,201.542E+00,89.407E+00,+99999.9E+99,+99999.9E+99,0.00014E+06,-0.00074E+06,0.00000E+00,14.733E+00,0.757E+03,0.00117E+06,43.773E+00,F0F08
2021/11/30,17:33:41,00000:00:06,50,38003F00,2D00,3F00,3F00,3F00,99.982E+00,0.000E+00,0.000E+00,111.050E+00,0.000E+00,0.000E+00,0.503E+00,0.000E+00,0.000E+00,99.981E+00,0.000E+00,0.000E+00,0.000E+00,0.000E+00,0.000E+00,101.039E+00,0.000E+00,0.000E+00,98.779E+00,0.000E+00,0.000E+00,37.278E+00,456.381E+00,457.202E+00,1.131E+00,+99999.9E+99,+99999.9E+99,11.5709E+00,0.00000E+00,0.00000E+00,11.7699E+00,0.00000E+00,0.00000E+00,4.6473E+00,0.00000E+00,0.00000E+00,10.5966E+00,0.00000E+00,0.00000E+00,4.3254E+00,0.00000E+00,0.00000E+00,18.3910E+00,0.0000E+00,0.0000E+00,3.4483E+00,0.0000E+00,0.0000E+00,41.992E+00,+99999.9E+99,+99999.9E+99,70.507E+00,+99999.9E+99,+99999.9E+99,1.05736E+03,0.00000E+03,0.00000E+03,0.00000E+03,0.00000E+03,0.00000E+03,1.15688E+03,0.00000E+03,0.00000E+03,0.00000E+03,0.00000E+03,0.00000E+03,0.46943E+03,0.00000E+03,0.00000E+03,0.00000E+03,0.00000E+03,0.00000E+03,0.91397E+00,0.00000E+00,0.00000E+00,0.93612E+00,0.99813E+00,0.76913E+00,0.000E+00,-155.929E+00,150.196E+00,159.410E+00,-159.435E+00,9.920E+00,23.940E+00,90.000E+00,90.000E+00,0.00000E+00,0.00000E+00,0.00000E+00,73.917E+00,100.000E+00,100.000E+00,0.27579E+03,0.00000E+03,0.00000E+03,+99999.9E+99,+99999.9E+99,+99999.9E+99,+99999.9E+99,+99999.9E+99,+99999.9E+99,+99999.9E+99,+99999.9E+99,+99999.9E+99,+99999.9E+99,+99999.9E+99,+99999.9E+99,1B00,0,0,0,1B00,76.2652E+00,76.6653E+00,76.5166E+00,76.4824E+00,72.1689E+00,72.9167E+00,72.6487E+00,72.5781E+00,76.2652E+00,76.6653E+00,76.5166E+00,0.0000E+00,0.0000E+00,0.0000E+00,71.8884E+00,71.7267E+00,71.6640E+00,105.756E+00,106.043E+00,105.697E+00,-104.803E+00,-104.810E+00,-104.633E+00,27.242E+00,26.220E+00,26.947E+00,+99999.9E+99,+99999.9E+99,+99999.9E+99,0.188E+00,8.2840E+00,8.2247E+00,8.1820E+00,8.2302E+00,7.3844E+00,7.3440E+00,7.2851E+00,7.3378E+00,8.2840E+00,8.2238E+00,8.1789E+00,0.0000E+00,-0.1243E+00,0.2247E+00,9.7752E+00,9.9576E+00,10.2986E+00,22.3376E+00,20.7862E+00,20.3657E+00,-18.6605E+00,-19.2633E+00,-20.0267E+00,48.263E+00,45.867E+00,44.326E+00,+99999.9E+99,+99999.9E+99,+99999.9E+99,4.214E+00,0.26204E+03,0.25669E+03,0.26283E+03,0.78156E+03,0.33811E+03,0.36179E+03,0.36554E+03,1.06543E+03,0.36651E+03,0.36434E+03,0.36346E+03,1.09431E+03,0.39269E+03,0.40403E+03,0.42094E+03,1.21707E+03,-0.25625E+03,-0.25856E+03,-0.25105E+03,-0.76586E+03,-0.19972E+03,-0.17987E+03,-0.20873E+03,-0.58832E+03,-0.71496E+00,-0.70453E+00,-0.72313E+00,-0.71420E+00,-0.86101E+00,-0.89544E+00,-0.86839E+00,-0.87541E+00,0.000E+00,120.134E+00,-120.042E+00,60.496E+00,176.537E+00,-60.210E+00,-44.360E+00,-45.208E+00,-43.686E+00,-44.422E+00,201.654E+00,201.957E+00,201.943E+00,94.777E+00,+99999.9E+99,+99999.9E+99,0.00004E+06,-0.00048E+06,0.00000E+00,9.357E+00,0.756E+03,0.00074E+06,43.768E+00,F0F08
2021/11/30,17:33:41,00000:00:06,100,38003F00,2800,3B00,3B00,3F00,99.799E+00,0.000E+00,0.000E+00,110.847E+00,0.000E+00,0.000E+00,0.505E+00,0.000E+00,0.000E+00,99.798E+00,0.000E+00,0.000E+00,0.000E+00,0.000E+00,0.000E+00,100.929E+00,0.000E+00,0.000E+00,98.800E+00,0.000E+00,0.000E+00,37.278E+00,456.381E+00,457.202E+00,1.066E+00,+99999.9E+99,+99999.9E+99,12.4317E+00,0.00000E+00,0.00000E+00,12.8998E+00,0.00000E+00,0.00000E+00,4.4346E+00,0.00000E+00,0.00000E+00,11.6139E+00,0.00000E+00,0.00000E+00,4.3254E+00,0.00000E+00,0.00000E+00,18.3550E+00,0.0000E+00,0.0000E+00,4.2140E+00,0.0000E+00,0.0000E+00,41.992E+00,+99999.9E+99,+99999.9E+99,60.879E+00,+99999.9E+99,+99999.9E+99,1.15704E+03,0.00000E+03,0.00000E+03,0.00000E+03,0.00000E+03,0.00000E+03,1.24068E+03,0.00000E+03,0.00000E+03,0.00000E+03,0.00000E+03,0.00000E+03,-0.44782E+03,0.00000E+03,0.00000E+03,0.00000E+03,0.00000E+03,0.00000E+03,-0.93259E+00,0.00000E+00,0.00000E+00,0.93612E+00,0.99813E+00,0.76913E+00,0.000E+00,-155.929E+00,150.196E+00,159.410E+00,-159.435E+00,9.920E+00,-21.158E+00,90.000E+00,90.000E+00,9.32632E+00,0.00000E+00,0.00000E+00,109.189E+00,100.000E+00,100.000E+00,-0.10632E+03,0.00000E+03,0.00000E+03,+99999.9E+99,+99999.9E+99,+99999.9E+99,+99999.9E+99,+99999.9E+99,+99999.9E+99,+99999.9E+99,+99999.9E+99,+99999.9E+99,+99999.9E+99,+99999.9E+99,+99999.9E+99,1800,0,0,0,1800,77.0766E+00,77.2032E+00,77.1026E+00,77.1275E+00,72.1667E+00,72.5685E+00,72.2636E+00,72.3329E+00,77.0766E+00,77.2032E+00,77.1026E+00,0.0000E+00,0.0000E+00,0.0000E+00,72.6991E+00,73.1359E+00,72.9973E+00,105.741E+00,106.170E+00,105.870E+00,-104.176E+00,-104.723E+00,-104.509E+00,16.447E+00,16.452E+00,16.850E+00,+99999.9E+99,+99999.9E+99,+99999.9E+99,0.361E+00,13.4255E+00,12.9696E+00,13.1725E+00,13.1892E+00,12.2280E+00,11.7643E+00,11.8363E+00,11.9429E+00,13.4242E+00,12.9660E+00,13.1633E+00,-0.1832E+00,-0.3066E+00,0.4910E+00,6.5191E+00,5.8324E+00,5.7408E+00,27.6843E+00,27.1314E+00,28.6119E+00,-26.4548E+00,-27.2048E+00,-26.7252E+00,49.213E+00,53.791E+00,54.185E+00,+99999.9E+99,+99999.9E+99,+99999.9E+99,7.044E+00,0.42906E+03,0.40839E+03,0.42591E+03,1.26336E+03,0.23511E+03,0.20489E+03,0.22156E+03,0.66156E+03,0.60449E+03,0.58293E+03,0.59205E+03,1.77948E+03,0.26239E+03,0.23630E+03,0.23965E+03,0.73733E+03,-0.42582E+03,-0.41596E+03,-0.41125E+03,-1.25303E+03,-0.11650E+03,-0.11772E+03,-0.09134E+03,-0.32557E+03,-0.70978E+00,-0.70058E+00,-0.71938E+00,-0.70996E+00,-0.89603E+00,-0.86707E+00,-0.92451E+00,-0.89724E+00,0.000E+00,119.926E+00,-119.734E+00,56.561E+00,179.742E+00,-67.466E+00,-44.783E+00,-45.527E+00,-43.996E+00,-44.768E+00,201.749E+00,201.383E+00,201.690E+00,90.857E+00,+99999.9E+99,+99999.9E+99,0.00012E+06,-0.00074E+06,0.00000E+00,14.479E+00,0.757E+03,0.00115E+06,43.716E+00,F0F08
2021/11/30,17:33:41,00000:00:06,150,38003F00,0,1B00,1B00,3F00,99.924E+00,0.000E+00,0.000E+00,110.986E+00,0.000E+00,0.000E+00,0.507E+00,0.000E+00,0.000E+00,99.922E+00,0.000E+00,0.000E+00,0.000E+00,0.000E+00,0.000E+00,100.904E+00,0.000E+00,0.000E+00,98.786E+00,0.000E+00,0.000E+00,97.823E+00,+99999.9E+99,468.582E+00,1.060E+00,+99999.9E+99,+99999.9E+99,11.8353E+00,0.00000E+00,0.00000E+00,12.1236E+00,0.00000E+00,0.00000E+00,4.5753E+00,0.00000E+00,0.00000E+00,10.9151E+00,0.00000E+00,0.00000E+00,3.0656E+00,0.00000E+00,0.00000E+00,18.1564E+00,0.0000E+00,0.0000E+00,4.0293E+00,0.0000E+00,0.0000E+00,100.761E+00,+99999.9E+99,+99999.9E+99,64.714E+00,+99999.9E+99,+99999.9E+99,1.08859E+03,0.00000E+03,0.00000E+03,0.00000E+03,0.00000E+03,0.00000E+03,1.18262E+03,0.00000E+03,0.00000E+03,0.00000E+03,0.00000E+03,0.00000E+03,0.46214E+03,0.00000E+03,0.00000E+03,0.00000E+03,0.00000E+03,0.00000E+03,0.92049E+00,0.00000E+00,0.00000E+00,0.82812E+00,0.56137E+00,0.97596E+00,0.000E+00,-98.603E+00,128.374E+00,145.906E+00,25.548E+00,-64.214E+00,23.003E+00,90.000E+00,90.000E+00,12.6096E+00,0.00000E+00,0.00000E+00,100.195E+00,100.000E+00,100.000E+00,-0.00212E+03,0.00000E+03,0.00000E+03,+99999.9E+99,+99999.9E+99,+99999.9E+99,+99999.9E+99,+99999.9E+99,+99999.9E+99,+99999.9E+99,+99999.9E+99,+99999.9E+99,+99999.9E+99,+99999.9E+99,+99999.9E+99,1B00,0,0,0,1B00,76.7572E+00,77.1004E+00,76.8302E+00,76.8959E+00,72.0402E+00,72.6767E+00,72.1810E+00,72.2993E+00,76.7572E+00,77.1004E+00,76.8302E+00,0.0000E+00,0.0000E+00,0.0000E+00,70.0356E+00,70.2713E+00,70.1664E+00,105.387E+00,105.714E+00,105.654E+00,-104.660E+00,-104.647E+00,-104.687E+00,39.018E+00,38.777E+00,38.801E+00,+99999.9E+99,+99999.9E+99,+99999.9E+99,0.201E+00,11.9429E+00,11.7749E+00,12.0646E+00,11.9275E+00,10.4571E+00,10.3820E+00,10.5757E+00,10.4716E+00,11.9422E+00,11.7749E+00,12.0646E+00,-0.1322E+00,0.0000E+00,0.0000E+00,15.3792E+00,14.9735E+00,15.1916E+00,27.5529E+00,27.1219E+00,28.3757E+00,-26.2838E+00,-27.0214E+00,-26.5305E+00,39.461E+00,40.414E+00,39.397E+00,+99999.9E+99,+99999.9E+99,+99999.9E+99,1.648E+00,0.35787E+03,0.36021E+03,0.37262E+03,1.09071E+03,0.54247E+03,0.52725E+03,0.54444E+03,1.61417E+03,0.53360E+03,0.52753E+03,0.54125E+03,1.60238E+03,0.62077E+03,0.60412E+03,0.61476E+03,1.83951E+03,-0.39579E+03,-0.38540E+03,-0.39256E+03,-1.17376E+03,-0.30180E+03,-0.29489E+03,-0.28550E+03,-0.88218E+03,-0.67068E+00,-0.68283E+00,-0.68845E+00,-0.68068E+00,-0.87387E+00,-0.87277E+00,-0.88562E+00,-0.87750E+00,0.000E+00,119.982E+00,-119.839E+00,59.202E+00,179.152E+00,-62.232E+00,-47.880E+00,-46.935E+00,-46.492E+00,-47.103E+00,201.962E+00,202.353E+00,201.808E+00,90.466E+00,+99999.9E+99,+99999.9E+99,0.00010E+06,-0.00063E+06,0.00000E+00,12.446E+00,0.757E+03,0.00099E+06,43.770E+00,F0F0F
2021/11/30,17:33:41,00000:00:06,200,38003F00,700,1C00,1C00,3800,99.924E+00,0.000E+00,0.000E+00,110.986E+00,0.000E+00,0.000E+00,0.507E+00,0.000E+00,0.000E+00,99.922E+00,0.000E+00,0.000E+00,0.000E+00,0.000E+00,0.000E+00,100.904E+00,0.000E+00,0.000E+00,98.786E+00,0.000E+00,0.000E+00,97.823E+00,+99999.9E+99,468.582E+00,1.060E+00,+99999.9E+99,+99999.9E+99,11.8353E+00,0.00000E+00,0.00000E+00,12.1236E+00,0.00000E+00,0.00000E+00,4.5753E+00,0.00000E+00,0.00000E+00,10.9151E+00,0.00000E+00,0.00000E+00,3.0656E+00,0.00000E+00,0.00000E+00,18.1564E+00,0.0000E+00,0.0000E+00,4.0293E+00,0.0000E+00,0.0000E+00,100.761E+00,+99999.9E+99,+99999.9E+99,64.714E+00,+99999.9E+99,+99999.9E+99,1.08859E+03,0.00000E+03,0.00000E+03,0.00000E+03,0.00000E+03,0.00000E+03,1.18262E+03,0.00000E+03,0.00000E+03,0.00000E+03,0.00000E+03,0.00000E+03,0.46214E+03,0.00000E+03,0.00000E+03,0.00000E+03,0.00000E+03,0.00000E+03,0.92049E+00,0.00000E+00,0.00000E+00,0.82812E+00,0.56137E+00,0.97596E+00,0.000E+00,-98.603E+00,128.374E+00,145.906E+00,25.548E+00,-64.214E+00,23.003E+00,90.000E+00,90.000E+00,12.6096E+00,0.00000E+00,0.00000E+00,78.986E+00,100.000E+00,100.000E+00,0.22875E+03,0.00000E+03,0.00000E+03,+99999.9E+99,+99999.9E+99,+99999.9E+99,+99999.9E+99,+99999.9E+99,+99999.9E+99,+99999.9E+99,+99999.9E+99,+99999.9E+99,+99999.9E+99,+99999.9E+99,+99999.9E+99,1B00,0,0,0,1B00,76.5680E+00,76.6099E+00,76.5728E+00,76.5835E+00,72.4599E+00,72.7652E+00,72.5399E+00,72.5883E+00,76.5680E+00,76.6099E+00,76.5727E+00,0.0000E+00,0.0000E+00,0.0000E+00,72.8833E+00,72.7083E+00,72.6478E+00,105.883E+00,106.090E+00,105.744E+00,-105.067E+00,-104.939E+00,-104.609E+00,18.381E+00,17.996E+00,18.038E+00,+99999.9E+99,+99999.9E+99,+99999.9E+99,0.195E+00,9.6035E+00,9.0810E+00,9.2015E+00,9.2954E+00,8.3070E+00,7.8752E+00,7.8965E+00,8.0262E+00,9.6023E+00,9.0773E+00,9.1924E+00,-0.1482E+00,-0.2605E+00,0.4098E+00,6.1323E+00,6.4415E+00,6.8295E+00,26.3324E+00,24.1348E+00,25.1038E+00,-26.6714E+00,-25.3448E+00,-22.4638E+00,56.894E+00,52.666E+00,50.037E+00,+99999.9E+99,+99999.9E+99,+99999.9E+99,4.748E+00,0.29513E+03,0.27502E+03,0.28968E+03,0.85984E+03,0.21989E+03,0.23661E+03,0.24028E+03,0.69678E+03,0.42742E+03,0.40290E+03,0.40812E+03,1.23843E+03,0.25524E+03,0.26280E+03,0.27584E+03,0.79340E+03,-0.30917E+03,-0.29443E+03,-0.28748E+03,-0.89107E+03,-0.12960E+03,-0.11436E+03,-0.13549E+03,-0.37945E+03,-0.69049E+00,-0.68262E+00,-0.70980E+00,-0.69429E+00,-0.86151E+00,-0.90034E+00,-0.87106E+00,-0.87822E+00,0.000E+00,120.129E+00,-120.058E+00,60.432E+00,175.901E+00,-60.534E+00,-46.331E+00,-46.951E+00,-44.781E+00,-46.029E+00,202.006E+00,201.386E+00,202.102E+00,94.734E+00,+99999.9E+99,+99999.9E+99,0.00005E+06,-0.00054E+06,0.00000E+00,10.285E+00,0.756E+03,0.00081E+06,43.840E+00,F0F0F
2021/11/30,17:33:41,00000:00:06,250,38003F00,500,1F00,1F00,3F00,99.924E+00,0.000E+00,0.000E+00,110.986E+00,0.000E+00,0.000E+00,0.507E+00,0.000E+00,0.000E+00,99.922E+00,0.000E+00,0.000E+00,0.000E+00,0.000E+00,0.000E+00,100.904E+00,0.000E+00,0.000E+00,98.786E+00,0.000E+00,0.000E+00,18.639E+00,368.710E+00,360.365E+00,1.060E+00,+99999.9E+99,+99999.9E+99,11.8353E+00,0.00000E+00,0.00000E+00,12.1236E+00,0.00000E+00,0.00000E+00,4.5753E+00,0.00000E+00,0.00000E+00,10.9151E+00,0.00000E+00,0.00000E+00,4.6878E+00,0.00000E+00,0.00000E+00,18.1564E+00,0.0000E+00,0.0000E+00,4.0293E+00,0.0000E+00,0.0000E+00,8.562E+00,+99999.9E+99,+99999.9E+99,64.714E+00,+99999.9E+99,+99999.9E+99,1.08859E+03,0.00000E+03,0.00000E+03,0.00000E+03,0.00000E+03,0.00000E+03,1.18262E+03,0.00000E+03,0.00000E+03,0.00000E+03,0.00000E+03,0.00000E+03,0.46214E+03,0.00000E+03,0.00000E+03,0.00000E+03,0.00000E+03,0.00000E+03,0.92049E+00,0.00000E+00,0.00000E+00,0.91785E+00,0.70418E+00,0.74242E+00,0.000E+00,179.164E+00,160.885E+00,156.614E+00,133.928E+00,22.948E+00,23.003E+00,90.000E+00,90.000E+00,12.6096E+00,0.00000E+00,0.00000E+00,122.359E+00,100.000E+00,100.000E+00,-0.24340E+03,0.00000E+03,0.00000E+03,+99999.9E+99,+99999.9E+99,+99999.9E+99,+99999.9E+99,+99999.9E+99,+99999.9E+99,+99999.9E+99,+99999.9E+99,+99999.9E+99,+99999.9E+99,+99999.9E+99,+99999.9E+99,1B00,0,0,0,1B00,76.9958E+00,77.4910E+00,77.3321E+00,77.2729E+00,71.6456E+00,72.5358E+00,72.2687E+00,72.1500E+00,76.9958E+00,77.4910E+00,77.3321E+00,0.0000E+00,0.0000E+00,0.0000E+00,71.7184E+00,72.3174E+00,72.1182E+00,105.713E+00,105.974E+00,105.631E+00,-104.069E+00,-104.640E+00,-104.469E+00,25.210E+00,25.513E+00,25.434E+00,+99999.9E+99,+99999.9E+99,+99999.9E+99,0.484E+00,13.7589E+00,13.4665E+00,13.5995E+00,13.6083E+00,12.8927E+00,12.7291E+00,12.6773E+00,12.7664E+00,13.7577E+00,13.4643E+00,13.5929E+00,-0.1800E+00,-0.2432E+00,0.4242E+00,10.1925E+00,9.3071E+00,9.4377E+00,27.2405E+00,26.7395E+00,28.2405E+00,-25.8471E+00,-26.7052E+00,-26.6852E+00,43.857E+00,46.878E+00,47.304E+00,+99999.9E+99,+99999.9E+99,+99999.9E+99,6.993E+00,0.44760E+03,0.43711E+03,0.44727E+03,1.33199E+03,0.37215E+03,0.32445E+03,0.34964E+03,1.04623E+03,0.61925E+03,0.60703E+03,0.61542E+03,1.84170E+03,0.41560E+03,0.37594E+03,0.37930E+03,1.16921E+03,-0.42792E+03,-0.42121E+03,-0.42272E+03,-1.27185E+03,-0.18503E+03,-0.18990E+03,-0.14704E+03,-0.52197E+03,-0.72282E+00,-0.72008E+00,-0.72678E+00,-0.72324E+00,-0.89543E+00,-0.86304E+00,-0.92180E+00,-0.89482E+00,0.000E+00,119.901E+00,-119.643E+00,56.707E+00,-179.845E+00,-67.018E+00,-43.712E+00,-43.939E+00,-43.383E+00,-43.677E+00,201.345E+00,202.160E+00,201.044E+00,90.364E+00,+99999.9E+99,+99999.9E+99,0.00013E+06,-0.00077E+06,0.00000E+00,15.178E+00,0.757E+03,0.00120E+06,43.582E+00,F0F08
2021/11/30,17:33:41,00000:00:06,300,38003F00,500,1F00,1F00,3F00,99.924E+00,0.000E+00,0.000E+00,110.986E+00,0.000E+00,0.000E+00,0.507E+00,0.000E+00,0.000E+00,99.922E+00,0.000E+00,0.000E+00,0.000E+00,0.000E+00,0.000E+00,100.904E+00,0.000E+00,0.000E+00,98.786E+00,0.000E+00,0.000E+00,69.809E+00,385.238E+00,410.766E+00,1.060E+00,+99999.9E+99,+99999.9E+99,11.8353E+00,0.00000E+00,0.00000E+00,12.1236E+00,0.00000E+00,0.00000E+00,4.5753E+00,0.00000E+00,0.00000E+00,10.9151E+00,0.00000E+00,0.00000E+00,3.8677E+00,0.00000E+00,0.00000E+00,18.1564E+00,0.0000E+00,0.0000E+00,4.0293E+00,0.0000E+00,0.0000E+00,51.689E+00,+99999.9E+99,+99999.9E+99,64.714E+00,+99999.9E+99,+99999.9E+99,1.08859E+03,0.00000E+03,0.00000E+03,0.00000E+03,0.00000E+03,0.00000E+03,1.18262E+03,0.00000E+03,0.00000E+03,0.00000E+03,0.00000E+03,0.00000E+03,0.46214E+03,0.00000E+03,0.00000E+03,0.00000E+03,0.00000E+03,0.00000E+03,0.92049E+00,0.00000E+00,0.00000E+00,0.88004E+00,0.58658E+00,0.34084E+00,0.000E+00,-140.572E+00,168.670E+00,151.647E+00,93.513E+00,-81.402E+00,23.003E+00,90.000E+00,90.000E+00,12.6096E+00,0.00000E+00,0.00000E+00,80.896E+00,100.000E+00,100.000E+00,0.20797E+03,0.00000E+03,0.00000E+03,+99999.9E+99,+99999.9E+99,+99999.9E+99,+99999.9E+99,+99999.9E+99,+99999.9E+99,+99999.9E+99,+99999.9E+99,+99999.9E+99,+99999.9E+99,+99999.9E+99,+99999.9E+99,1B00,0,0,0,1B00,76.7142E+00,76.6771E+00,76.3997E+00,76.5970E+00,72.5964E+00,72.7193E+00,72.0769E+00,72.4642E+00,76.7142E+00,76.6771E+00,76.3997E+00,0.0000E+00,0.0000E+00,0.0000E+00,70.7399E+00,70.6294E+00,70.4686E+00,105.810E+00,106.034E+00,105.716E+00,-104.207E+00,-104.649E+00,-104.949E+00,35.508E+00,35.038E+00,35.480E+00,+99999.9E+99,+99999.9E+99,+99999.9E+99,0.224E+00,9.7754E+00,9.3632E+00,9.9711E+00,9.7032E+00,8.4737E+00,8.1225E+00,8.5270E+00,8.3744E+00,9.7748E+00,9.3632E+00,9.9711E+00,-0.1036E+00,0.0000E+00,0.0000E+00,13.2933E+00,13.3159E+00,13.8797E+00,26.4567E+00,24.8319E+00,27.1400E+00,-25.5633E+00,-23.3924E+00,-26.7933E+00,42.990E+00,42.383E+00,40.417E+00,+99999.9E+99,+99999.9E+99,+99999.9E+99,2.529E+00,0.28812E+03,0.28636E+03,0.30614E+03,0.88062E+03,0.46151E+03,0.47639E+03,0.48540E+03,1.42330E+03,0.43500E+03,0.41689E+03,0.44259E+03,1.29449E+03,0.53788E+03,0.54047E+03,0.55816E+03,1.63621E+03,-0.32590E+03,-0.30298E+03,-0.31964E+03,-0.94852E+03,-0.27627E+03,-0.25527E+03,-0.27554E+03,-0.80709E+03,-0.66235E+00,-0.68689E+00,-0.69169E+00,-0.68029E+00,-0.85801E+00,-0.88143E+00,-0.86965E+00,-0.86988E+00,0.000E+00,120.193E+00,-119.991E+00,60.847E+00,178.310E+00,-60.282E+00,-48.521E+00,-46.615E+00,-46.236E+00,-47.134E+00,202.328E+00,201.658E+00,202.574E+00,92.097E+00,+99999.9E+99,+99999.9E+99,0.00007E+06,-0.00052E+06,0.00000E+00,10.238E+00,0.756E+03,0.00081E+06,43.917E+00,F0F08
2021/11/30,17:33:41,00000:00:06,350,38003F00,700,1F00,1F00,3F00,99.924E+00,0.000E+00,0.000E+00,110.986E+00,0.000E+00,0.000E+00,0.507E+00,0.000E+00,0.000E+00,99.922E+00,0.000E+00,0.000E+00,0.000E+00,0.000E+00,0.000E+00,100.904E+00,0.000E+00,0.000E+00,98.786E+00,0.000E+00,0.000E+00,69.809E+00,385.238E+00,410.766E+00,1.060E+00,+99999.9E+99,+99999.9E+99,11.8353E+00,0.00000E+00,0.00000E+00,12.1236E+00,0.00000E+00,0.00000E+00,4.5753E+00,0.00000E+00,0.00000E+00,10.9151E+00,0.00000E+00,0.00000E+00,3.8677E+00,0.00000E+00,0.00000E+00,18.1564E+00,0.0000E+00,0.0000E+00,4.0293E+00,0.0000E+00,0.0000E+00,51.689E+00,+99999.9E+99,+99999.9E+99,64.714E+00,+99999.9E+99,+99999.9E+99,1.08859E+03,0.00000E+03,0.00000E+03,0.00000E+03,0.00000E+03,0.00000E+03,1.18262E+03,0.00000E+03,0.00000E+03,0.00000E+03,0.00000E+03,0.00000E+03,0.46214E+03,0.00000E+03,0.00000E+03,0.00000E+03,0.00000E+03,0.00000E+03,0.92049E+00,0.00000E+00,0.00000E+00,0.88004E+00,0.58658E+00,0.34084E+00,0.000E+00,-140.572E+00,168.670E+00,151.647E+00,93.513E+00,-81.402E+00,23.003E+00,90.000E+00,90.000E+00,12.6096E+00,0.00000E+00,0.00000E+00,96.618E+00,100.000E+00,100.000E+00,0.03682E+03,0.00000E+03,0.00000E+03,+99999.9E+99,+99999.9E+99,+99999.9E+99,+99999.9E+99,+99999.9E+99,+99999.9E+99,+99999.9E+99,+99999.9E+99,+99999.9E+99,+99999.9E+99,+99999.9E+99,+99999.9E+99,1B00,0,0,0,1B00,76.5177E+00,77.0325E+00,77.0222E+00,76.8575E+00,71.8523E+00,72.8134E+00,72.7850E+00,72.4836E+00,76.5177E+00,77.0325E+00,77.0222E+00,0.0000E+00,0.0000E+00,0.0000E+00,73.1144E+00,73.2194E+00,73.1064E+00,105.757E+00,106.143E+00,105.816E+00,-104.594E+00,-104.849E+00,-104.341E+00,14.035E+00,13.849E+00,14.201E+00,+99999.9E+99,+99999.9E+99,+99999.9E+99,0.096E+00,11.7043E+00,11.4711E+00,11.2735E+00,11.4829E+00,10.0948E+00,9.9627E+00,9.6715E+00,9.9097E+00,11.7030E+00,11.4654E+00,11.2608E+00,-0.1720E+00,-0.3604E+00,0.5335E+00,4.8696E+00,4.6280E+00,4.8705E+00,27.6557E+00,27.1481E+00,28.6743E+00,-26.5514E+00,-27.1800E+00,-26.3410E+00,58.124E+00,59.293E+00,56.027E+00,+99999.9E+99,+99999.9E+99,+99999.9E+99,2.665E+00,0.36124E+03,0.34304E+03,0.34749E+03,1.05177E+03,0.17563E+03,0.17208E+03,0.18137E+03,0.52908E+03,0.52236E+03,0.51151E+03,0.50535E+03,1.53921E+03,0.20128E+03,0.19428E+03,0.20285E+03,0.59830E+03,-0.37731E+03,-0.37943E+03,-0.36691E+03,-1.12365E+03,-0.09833E+03,-0.09017E+03,-0.09086E+03,-0.27936E+03,-0.69155E+00,-0.67064E+00,-0.68763E+00,-0.68332E+00,-0.87255E+00,-0.88576E+00,-0.89407E+00,-0.88430E+00,0.000E+00,120.053E+00,-119.905E+00,59.288E+00,177.658E+00,-63.291E+00,-46.247E+00,-47.883E+00,-46.557E+00,-46.897E+00,201.744E+00,201.992E+00,201.396E+00,92.732E+00,+99999.9E+99,+99999.9E+99,0.00008E+06,-0.00063E+06,0.00000E+00,12.311E+00,0.757E+03,0.00098E+06,43.752E+00,F0F08
2021/11/30,17:33:41,00000:00:06,400,38003F00,2800,3B00,3B00,3F00,99.987E+00,0.000E+00,0.000E+00,111.056E+00,0.000E+00,0.000E+00,0.493E+00,0.000E+00,0.000E+00,99.986E+00,0.000E+00,0.000E+00,0.000E+00,0.000E+00,0.000E+00,101.000E+00,0.000E+00,0.000E+00,98.829E+00,0.000E+00,0.000E+00,69.809E+00,385.238E+00,410.766E+00,1.086E+00,+99999.9E+99,+99999.9E+99,11.4827E+00,0.00000E+00,0.00000E+00,11.7098E+00,0.00000E+00,0.00000E+00,4.5505E+00,0.00000E+00,0.00000E+00,10.5425E+00,0.00000E+00,0.00000E+00,3.8677E+00,0.00000E+00,0.00000E+00,18.3062E+00,0.0000E+00,0.0000E+00,4.0802E+00,0.0000E+00,0.0000E+00,51.689E+00,+99999.9E+99,+99999.9E+99,67.470E+00,+99999.9E+99,+99999.9E+99,1.05209E+03,0.00000E+03,0.00000E+03,0.00000E+03,0.00000E+03,0.00000E+03,1.14811E+03,0.00000E+03,0.00000E+03,0.00000E+03,0.00000E+03,0.00000E+03,0.45965E+03,0.00000E+03,0.00000E+03,0.00000E+03,0.00000E+03,0.00000E+03,0.91636E+00,0.00000E+00,0.00000E+00,0.88004E+00,0.58658E+00,0.34084E+00,0.000E+00,-140.572E+00,168.670E+00,151.647E+00,93.513E+00,-81.402E+00,23.600E+00,90.000E+00,90.000E+00,0.00000E+00,0.00000E+00,0.00000E+00,122.783E+00,100.000E+00,100.000E+00,-0.23970E+03,0.00000E+03,0.00000E+03,+99999.9E+99,+99999.9E+99,+99999.9E+99,+99999.9E+99,+99999.9E+99,+99999.9E+99,+99999.9E+99,+99999.9E+99,+99999.9E+99,+99999.9E+99,+99999.9E+99,+99999.9E+99,1B00,0,0,0,1B00,77.2251E+00,77.2287E+00,77.0059E+00,77.1532E+00,72.2364E+00,72.4213E+00,71.8782E+00,72.1786E+00,77.2251E+00,77.2287E+00,77.0059E+00,0.0000E+00,0.0000E+00,0.0000E+00,70.4860E+00,71.0613E+00,70.9488E+00,105.336E+00,105.620E+00,105.507E+00,-104.296E+00,-104.616E+00,-104.440E+00,34.647E+00,34.661E+00,34.663E+00,+99999.9E+99,+99999.9E+99,+99999.9E+99,0.498E+00,13.5784E+00,13.1523E+00,13.5391E+00,13.4232E+00,12.5034E+00,12.0868E+00,12.4448E+00,12.3450E+00,13.5776E+00,13.1523E+00,13.5376E+00,-0.1490E+00,0.0000E+00,0.1992E+00,14.0827E+00,13.1635E+00,13.1333E+00,27.7290E+00,27.0676E+00,28.5214E+00,-26.6052E+00,-27.1557E+00,-26.4390E+00,39.661E+00,41.906E+00,42.136E+00,+99999.9E+99,+99999.9E+99,+99999.9E+99,4.410E+00,0.42818E+03,0.42042E+03,0.44318E+03,1.29179E+03,0.50302E+03,0.46001E+03,0.48459E+03,1.44762E+03,0.61192E+03,0.59268E+03,0.60884E+03,1.81344E+03,0.56737E+03,0.53231E+03,0.53653E+03,1.63527E+03,-0.43716E+03,-0.41775E+03,-0.41747E+03,-1.27237E+03,-0.26244E+03,-0.26785E+03,-0.23030E+03,-0.76059E+03,-0.69974E+00,-0.70936E+00,-0.72791E+00,-0.71234E+00,-0.88659E+00,-0.86418E+00,-0.90319E+00,-0.88525E+00,0.000E+00,119.841E+00,-119.675E+00,57.822E+00,179.996E+00,-64.471E+00,-45.594E+00,-44.817E+00,-43.288E+00,-44.574E+00,201.420E+00,201.625E+00,201.956E+00,89.648E+00,+99999.9E+99,+99999.9E+99,0.00013E+06,-0.00074E+06,0.00000E+00,14.594E+00,0.758E+03,0.00116E+06,43.567E+00,F0F08
2021/11/30,17:33:41,00000:00:06,450,38003D00,2D00,3C00,3C00,3800,99.987E+00,0.000E+00,0.000E+00,111.056E+00,0.000E+00,0.000E+00,0.493E+00,0.000E+00,0.000E+00,99.986E+00,0.000E+00,0.000E+00,0.000E+00,0.000E+00,0.000E+00,101.000E+00,0.000E+00,0.000E+00,98.829E+00,0.000E+00,0.000E+00,35.177E+00,+99999.9E+99,451.029E+00,1.086E+00,+99999.9E+99,+99999.9E+99,11.4827E+00,0.00000E+00,0.00000E+00,11.7098E+00,0.00000E+00,0.00000E+00,4.5505E+00,0.00000E+00,0.00000E+00,10.5425E+00,0.00000E+00,0.00000E+00,4.2527E+00,0.00000E+00,0.00000E+00,18.3062E+00,0.0000E+00,0.0000E+00,4.0802E+00,0.0000E+00,0.0000E+00,40.174E+00,+99999.9E+99,+99999.9E+99,67.470E+00,+99999.9E+99,+99999.9E+99,1.05209E+03,0.00000E+03,0.00000E+03,0.00000E+03,0.00000E+03,0.00000E+03,1.14811E+03,0.00000E+03,0.00000E+03,0.00000E+03,0.00000E+03,0.00000E+03,0.45965E+03,0.00000E+03,0.00000E+03,0.00000E+03,0.00000E+03,0.00000E+03,0.91636E+00,0.00000E+00,0.00000E+00,0.93478E+00,0.83942E+00,0.98123E+00,0.000E+00,150.102E+00,163.260E+00,159.193E+00,3.023E+00,174.379E+00,23.600E+00,90.000E+00,90.000E+00,0.00000E+00,0.00000E+00,0.00000E+00,73.499E+00,100.000E+00,100.000E+00,0.27882E+03,0.00000E+03,0.00000E+03,+99999.9E+99,+99999.9E+99,+99999.9E+99,+99999.9E+99,+99999.9E+99,+99999.9E+99,+99999.9E+99,+99999.9E+99,+99999.9E+99,+99999.9E+99,+99999.9E+99,+99999.9E+99,1B00,0,0,0,1B00,76.2809E+00,76.6751E+00,76.5343E+00,76.4968E+00,72.1582E+00,72.9088E+00,72.6581E+00,72.5750E+00,76.2809E+00,76.6751E+00,76.5343E+00,0.0000E+00,0.0000E+00,0.0000E+00,71.9466E+00,71.7929E+00,71.7100E+00,105.879E+00,106.056E+00,105.689E+00,-104.246E+00,-104.760E+00,-105.150E+00,27.100E+00,26.081E+00,26.781E+00,+99999.9E+99,+99999.9E+99,+99999.9E+99,0.195E+00,8.2504E+00,8.1828E+00,8.1309E+00,8.1880E+00,7.3438E+00,7.2950E+00,7.2277E+00,7.2888E+00,8.2495E+00,8.1820E+00,8.1273E+00,-0.1209E+00,-0.1190E+00,0.2409E+00,9.6838E+00,9.8546E+00,10.2245E+00,22.3576E+00,20.7371E+00,20.5033E+00,-18.6967E+00,-19.2181E+00,-19.9395E+00,48.679E+00,46.214E+00,44.585E+00,+99999.9E+99,+99999.9E+99,+99999.9E+99,4.407E+00,0.25961E+03,0.25356E+03,0.26010E+03,0.77327E+03,0.33324E+03,0.35741E+03,0.36201E+03,1.05265E+03,0.36511E+03,0.36258E+03,0.36119E+03,1.08888E+03,0.38895E+03,0.39998E+03,0.41815E+03,1.20645E+03,-0.25673E+03,-0.25918E+03,-0.25061E+03,-0.76652E+03,-0.20059E+03,-0.17958E+03,-0.20928E+03,-0.58945E+03,-0.71105E+00,-0.69932E+00,-0.72012E+00,-0.71015E+00,-0.85675E+00,-0.89355E+00,-0.86575E+00,-0.87252E+00,0.000E+00,120.149E+00,-120.030E+00,60.976E+00,176.786E+00,-59.888E+00,-44.680E+00,-45.628E+00,-43.936E+00,-44.753E+00,202.438E+00,202.060E+00,202.020E+00,95.340E+00,+99999.9E+99,+99999.9E+99,0.00004E+06,-0.00048E+06,0.00000E+00,9.310E+00,0.756E+03,0.00074E+06,43.969E+00,F0F08
2021/11/30,17:33:41,00000:00:06,500,38003F00,2800,3B00,3B00,3F00,99.809E+00,0.000E+00,0.000E+00,110.859E+00,0.000E+00,0.000E+00,0.503E+00,0.000E+00,0.000E+00,99.808E+00,0.000E+00,0.000E+00,0.000E+00,0.000E+00,0.000E+00,100.957E+00,0.000E+00,0.000E+00,98.793E+00,0.000E+00,0.000E+00,35.177E+00,+99999.9E+99,451.029E+00,1.084E+00,+99999.9E+99,+99999.9E+99,12.3192E+00,0.00000E+00,0.00000E+00,12.7717E+00,0.00000E+00,0.00000E+00,4.4212E+00,0.00000E+00,0.00000E+00,11.4986E+00,0.00000E+00,0.00000E+00,4.2527E+00,0.00000E+00,0.00000E+00,18.1948E+00,0.0000E+00,0.0000E+00,4.0990E+00,0.0000E+00,0.0000E+00,40.174E+00,+99999.9E+99,+99999.9E+99,61.293E+00,+99999.9E+99,+99999.9E+99,1.14565E+03,0.00000E+03,0.00000E+03,0.00000E+03,0.00000E+03,0.00000E+03,1.22958E+03,0.00000E+03,0.00000E+03,0.00000E+03,0.00000E+03,0.00000E+03,-0.44647E+03,0.00000E+03,0.00000E+03,0.00000E+03,0.00000E+03,0.00000E+03,-0.93175E+00,0.00000E+00,0.00000E+00,0.93478E+00,0.83942E+00,0.98123E+00,0.000E+00,150.102E+00,163.260E+00,159.193E+00,3.023E+00,174.379E+00,-21.291E+00,90.000E+00,90.000E+00,9.35956E+00,0.00000E+00,0.00000E+00,109.963E+00,100.000E+00,100.000E+00,-0.11414E+03,0.00000E+03,0.00000E+03,+99999.9E+99,+99999.9E+99,+99999.9E+99,+99999.9E+99,+99999.9E+99,+99999.9E+99,+99999.9E+99,+99999.9E+99,+99999.9E+99,+99999.9E+99,+99999.9E+99,+99999.9E+99,1B00,0,0,0,1B00,77.0788E+00,77.1782E+00,77.1119E+00,77.1229E+00,72.1536E+00,72.5432E+00,72.2780E+00,72.3250E+00,77.0788E+00,77.1782E+00,77.1119E+00,0.0000E+00,0.0000E+00,0.0000E+00,73.0410E+00,73.3030E+00,73.1544E+00,105.821E+00,105.984E+00,105.744E+00,-105.031E+00,-105.129E+00,-104.167E+00,14.106E+00,14.232E+00,14.358E+00,+99999.9E+99,+99999.9E+99,+99999.9E+99,0.209E+00,13.4069E+00,12.9369E+00,13.1332E+00,13.1590E+00,12.2128E+00,11.7334E+00,11.8003E+00,11.9155E+00,13.4058E+00,12.9330E+00,13.1240E+00,-0.1716E+00,-0.3191E+00,0.4920E+00,5.2231E+00,4.7082E+00,4.8874E+00,27.6062E+00,27.1224E+00,28.4724E+00,-26.6581E+00,-27.0476E+00,-26.6976E+00,54.757E+00,59.255E+00,56.824E+00,+99999.9E+99,+99999.9E+99,+99999.9E+99,4.826E+00,0.42851E+03,0.40678E+03,0.42450E+03,1.25979E+03,0.18790E+03,0.17177E+03,0.18510E+03,0.54478E+03,0.60391E+03,0.58117E+03,0.59001E+03,1.77509E+03,0.21311E+03,0.19673E+03,0.20332E+03,0.61278E+03,-0.42554E+03,-0.41508E+03,-0.40977E+03,-1.25038E+03,-0.10055E+03,-0.09590E+03,-0.08411E+03,-0.28056E+03,-0.70956E+00,-0.69993E+00,-0.71948E+00,-0.70971E+00,-0.88170E+00,-0.87315E+00,-0.91041E+00,-0.88903E+00,0.000E+00,120.017E+00,-119.814E+00,58.270E+00,179.123E+00,-65.426E+00,-44.801E+00,-45.579E+00,-43.988E+00,-44.789E+00,201.192E+00,201.387E+00,201.657E+00,91.049E+00,+99999.9E+99,+99999.9E+99,0.00011E+06,-0.00074E+06,0.00000E+00,14.467E+00,0.757E+03,0.00115E+06,43.553E+00,F0F08
2021/11/30,17:33:41,00000:00:06,550,38003F00,0,1B00,1B00,3F00,99.922E+00,0.000E+00,0.000E+00,110.984E+00,0.000E+00,0.000E+00,0.509E+00,0.000E+00,0.000E+00,99.921E+00,0.000E+00,0.000E+00,0.000E+00,0.000E+00,0.000E+00,100.900E+00,0.000E+00,0.000E+00,98.868E+00,0.000E+00,0.000E+00,100.613E+00,+99999.9E+99,+99999.9E+99,1.017E+00,+99999.9E+99,+99999.9E+99,11.8349E+00,0.00000E+00,0.00000E+00,12.1227E+00,0.00000E+00,0.00000E+00,4.5766E+00,0.00000E+00,0.00000E+00,10.9143E+00,0.00000E+00,0.00000E+00,3.0255E+00,0.00000E+00,0.00000E+00,18.1640E+00,0.0000E+00,0.0000E+00,4.1029E+00,0.0000E+00,0.0000E+00,102.898E+00,+99999.9E+99,+99999.9E+99,64.417E+00,+99999.9E+99,+99999.9E+99,1.08848E+03,0.00000E+03,0.00000E+03,0.00000E+03,0.00000E+03,0.00000E+03,1.18258E+03,0.00000E+03,0.00000E+03,0.00000E+03,0.00000E+03,0.00000E+03,0.46227E+03,0.00000E+03,0.00000E+03,0.00000E+03,0.00000E+03,0.00000E+03,0.92043E+00,0.00000E+00,0.00000E+00,0.83108E+00,0.25666E+00,0.99943E+00,0.000E+00,-15.175E+00,-146.895E+00,146.209E+00,-120.047E+00,-144.958E+00,23.011E+00,90.000E+00,90.000E+00,12.5696E+00,0.00000E+00,0.00000E+00,100.142E+00,100.000E+00,100.000E+00,-0.00154E+03,0.00000E+03,0.00000E+03,+99999.9E+99,+99999.9E+99,+99999.9E+99,+99999.9E+99,+99999.9E+99,+99999.9E+99,+99999.9E+99,+99999.9E+99,+99999.9E+99,+99999.9E+99,+99999.9E+99,+99999.9E+99,1B00,0,0,0,1B00,76.7532E+00,77.0788E+00,76.8337E+00,76.8885E+00,72.0338E+00,72.6474E+00,72.1865E+00,72.2892E+00,76.7531E+00,77.0787E+00,76.8337E+00,0.0000E+00,0.0000E+00,0.0000E+00,70.1385E+00,70.5208E+00,70.4636E+00,105.360E+00,105.883E+00,105.537E+00,-104.193E+00,-103.816E+00,-104.373E+00,37.449E+00,37.451E+00,37.379E+00,+99999.9E+99,+99999.9E+99,+99999.9E+99,0.344E+00,11.9431E+00,11.7811E+00,12.0595E+00,11.9279E+00,10.4566E+00,10.3788E+00,10.5748E+00,10.4701E+00,11.9424E+00,11.7811E+00,12.0595E+00,-0.1226E+00,0.0000E+00,0.0000E+00,15.0482E+00,14.4332E+00,14.4540E+00,27.6867E+00,27.0695E+00,28.5424E+00,-26.3909E+00,-27.1519E+00,-26.5138E+00,39.279E+00,40.765E+00,40.628E+00,+99999.9E+99,+99999.9E+99,+99999.9E+99,2.931E+00,0.35759E+03,0.35985E+03,0.37258E+03,1.09002E+03,0.53608E+03,0.50483E+03,0.52517E+03,1.56608E+03,0.53364E+03,0.52767E+03,0.54094E+03,1.60224E+03,0.60853E+03,0.58173E+03,0.58762E+03,1.77743E+03,-0.39610E+03,-0.38593E+03,-0.39217E+03,-1.17420E+03,-0.28796E+03,-0.28906E+03,-0.26362E+03,-0.84064E+03,-0.67010E+00,-0.68196E+00,-0.68877E+00,-0.68031E+00,-0.88095E+00,-0.86781E+00,-0.89372E+00,-0.88109E+00,0.000E+00,119.873E+00,-119.791E+00,58.424E+00,179.640E+00,-63.289E+00,-47.925E+00,-47.003E+00,-46.467E+00,-47.132E+00,202.189E+00,202.330E+00,201.852E+00,90.256E+00,+99999.9E+99,+99999.9E+99,0.00011E+06,-0.00062E+06,0.00000E+00,12.411E+00,0.757E+03,0.00098E+06,43.841E+00,F0F0F
2021/11/30,17:33:41,00000:00:06,600,38003F00,500,1F00,1F00,3F00,99.922E+00,0.000E+00,0.000E+00,110.984E+00,0.000E+00,0.000E+00,0.509E+00,0.000E+00,0.000E+00,99.921E+00,0.000E+00,0.000E+00,0.000E+00,0.000E+00,0.000E+00,100.900E+00,0.000E+00,0.000E+00,98.868E+00,0.000E+00,0.000E+00,18.046E+00,+99999.9E+99,400.048E+00,1.017E+00,+99999.9E+99,+99999.9E+99,11.8349E+00,0.00000E+00,0.00000E+00,12.1227E+00,0.00000E+00,0.00000E+00,4.5766E+00,0.00000E+00,0.00000E+00,10.9143E+00,0.00000E+00,0.00000E+00,4.6784E+00,0.00000E+00,0.00000E+00,18.1640E+00,0.0000E+00,0.0000E+00,4.1029E+00,0.0000E+00,0.0000E+00,8.355E+00,+99999.9E+99,+99999.9E+99,64.417E+00,+99999.9E+99,+99999.9E+99,1.08848E+03,0.00000E+03,0.00000E+03,0.00000E+03,0.00000E+03,0.00000E+03,1.18258E+03,0.00000E+03,0.00000E+03,0.00000E+03,0.00000E+03,0.00000E+03,0.46227E+03,0.00000E+03,0.00000E+03,0.00000E+03,0.00000E+03,0.00000E+03,0.92043E+00,0.00000E+00,0.00000E+00,0.91785E+00,0.40965E+00,0.77237E+00,0.000E+00,173.645E+00,171.228E+00,156.614E+00,59.462E+00,-48.205E+00,23.011E+00,90.000E+00,90.000E+00,12.5696E+00,0.00000E+00,0.00000E+00,78.565E+00,100.000E+00,100.000E+00,0.23332E+03,0.00000E+03,0.00000E+03,+99999.9E+99,+99999.9E+99,+99999.9E+99,+99999.9E+99,+99999.9E+99,+99999.9E+99,+99999.9E+99,+99999.9E+99,+99999.9E+99,+99999.9E+99,+99999.9E+99,+99999.9E+99,1B00,0,0,0,1B00,76.5560E+00,76.6444E+00,76.5806E+00,76.5936E+00,72.4202E+00,72.7888E+00,72.5187E+00,72.5759E+00,76.5560E+00,76.6443E+00,76.5806E+00,0.0000E+00,0.0000E+00,0.0000E+00,72.4860E+00,72.2833E+00,72.2614E+00,105.711E+00,106.103E+00,105.781E+00,-104.310E+00,-105.229E+00,-105.129E+00,22.427E+00,21.458E+00,22.070E+00,+99999.9E+99,+99999.9E+99,+99999.9E+99,0.196E+00,9.5712E+00,9.0604E+00,9.1978E+00,9.2765E+00,8.2788E+00,7.8417E+00,7.8867E+00,8.0024E+00,9.5701E+00,9.0572E+00,9.1896E+00,-0.1441E+00,-0.2423E+00,0.3876E+00,7.6629E+00,8.0744E+00,8.2853E+00,26.0690E+00,24.2724E+00,25.0638E+00,-26.5771E+00,-25.4829E+00,-22.4976E+00,52.819E+00,48.654E+00,47.415E+00,+99999.9E+99,+99999.9E+99,+99999.9E+99,4.648E+00,0.29269E+03,0.27373E+03,0.28875E+03,0.85517E+03,0.27089E+03,0.29183E+03,0.29489E+03,0.85760E+03,0.42578E+03,0.40204E+03,0.40817E+03,1.23599E+03,0.31457E+03,0.32474E+03,0.33956E+03,0.97828E+03,-0.30923E+03,-0.29446E+03,-0.28850E+03,-0.89219E+03,-0.15992E+03,-0.14244E+03,-0.16834E+03,-0.47069E+03,-0.68742E+00,-0.68085E+00,-0.70741E+00,-0.69188E+00,-0.86114E+00,-0.89867E+00,-0.86846E+00,-0.87664E+00,0.000E+00,120.106E+00,-120.084E+00,60.463E+00,176.115E+00,-60.264E+00,-46.574E+00,-47.090E+00,-44.975E+00,-46.221E+00,201.744E+00,201.404E+00,202.157E+00,94.957E+00,+99999.9E+99,+99999.9E+99,0.00004E+06,-0.00054E+06,0.00000E+00,10.251E+00,0.756E+03,0.00081E+06,43.754E+00,F0F08
2021/11/30,17:33:41,00000:00:06,650,38003F00,700,1C00,1C00,3800,99.922E+00,0.000E+00,0.000E+00,110.984E+00,0.000E+00,0.000E+00,0.509E+00,0.000E+00,0.000E+00,99.921E+00,0.000E+00,0.000E+00,0.000E+00,0.000E+00,0.000E+00,100.900E+00,0.000E+00,0.000E+00,98.868E+00,0.000E+00,0.000E+00,18.046E+00,+99999.9E+99,400.048E+00,1.017E+00,+99999.9E+99,+99999.9E+99,11.8349E+00,0.00000E+00,0.00000E+00,12.1227E+00,0.00000E+00,0.00000E+00,4.5766E+00,0.00000E+00,0.00000E+00,10.9143E+00,0.00000E+00,0.00000E+00,4.6784E+00,0.00000E+00,0.00000E+00,18.1640E+00,0.0000E+00,0.0000E+00,4.1029E+00,0.0000E+00,0.0000E+00,8.355E+00,+99999.9E+99,+99999.9E+99,64.417E+00,+99999.9E+99,+99999.9E+99,1.08848E+03,0.00000E+03,0.00000E+03,0.00000E+03,0.00000E+03,0.00000E+03,1.18258E+03,0.00000E+03,0.00000E+03,0.00000E+03,0.00000E+03,0.00000E+03,0.46227E+03,0.00000E+03,0.00000E+03,0.00000E+03,0.00000E+03,0.00000E+03,0.92043E+00,0.00000E+00,0.00000E+00,0.91785E+00,0.40965E+00,0.77237E+00,0.000E+00,173.645E+00,171.228E+00,156.614E+00,59.462E+00,-48.205E+00,23.011E+00,90.000E+00,90.000E+00,12.5696E+00,0.00000E+00,0.00000E+00,124.295E+00,100.000E+00,100.000E+00,-0.26444E+03,0.00000E+03,0.00000E+03,+99999.9E+99,+99999.9E+99,+99999.9E+99,+99999.9E+99,+99999.9E+99,+99999.9E+99,+99999.9E+99,+99999.9E+99,+99999.9E+99,+99999.9E+99,+99999.9E+99,+99999.9E+99,1B00,0,0,0,1B00,77.0255E+00,77.4668E+00,77.3544E+00,77.2822E+00,71.7247E+00,72.5690E+00,72.3509E+00,72.2149E+00,77.0255E+00,77.4668E+00,77.3544E+00,0.0000E+00,0.0000E+00,0.0000E+00,72.3180E+00,72.8029E+00,72.6642E+00,105.493E+00,105.919E+00,105.640E+00,-104.803E+00,-104.707E+00,-107.149E+00,20.337E+00,20.219E+00,20.585E+00,+99999.9E+99,+99999.9E+99,+99999.9E+99,0.403E+00,13.9460E+00,13.6258E+00,13.7560E+00,13.7760E+00,13.0308E+00,12.8418E+00,12.7947E+00,12.8891E+00,13.9452E+00,13.6235E+00,13.7503E+00,-0.1498E+00,-0.2462E+00,0.3971E+00,8.0894E+00,7.4603E+00,7.3304E+00,27.6095E+00,27.1962E+00,28.5205E+00,-26.5790E+00,-26.8871E+00,-26.7729E+00,46.866E+00,49.388E+00,50.789E+00,+99999.9E+99,+99999.9E+99,+99999.9E+99,7.251E+00,0.45544E+03,0.44346E+03,0.45403E+03,1.35292E+03,0.29578E+03,0.25659E+03,0.27734E+03,0.82971E+03,0.62863E+03,0.61432E+03,0.62239E+03,1.86534E+03,0.32998E+03,0.29679E+03,0.30008E+03,0.92550E+03,-0.43331E+03,-0.42513E+03,-0.42571E+03,-1.28415E+03,-0.14630E+03,-0.14916E+03,-0.11457E+03,-0.41004E+03,-0.72449E+00,-0.72187E+00,-0.72949E+00,-0.72529E+00,-0.89634E+00,-0.86453E+00,-0.92424E+00,-0.89650E+00,0.000E+00,119.896E+00,-119.717E+00,56.542E+00,-179.993E+00,-67.435E+00,-43.574E+00,-43.791E+00,-43.156E+00,-43.507E+00,201.807E+00,202.226E+00,201.106E+00,90.121E+00,+99999.9E+99,+99999.9E+99,0.00013E+06,-0.00078E+06,0.00000E+00,15.369E+00,0.758E+03,0.00122E+06,43.690E+00,F0F08
2021/11/30,17:33:41,00000:00:06,700,38003F00,500,1F00,1F00,3F00,99.922E+00,0.000E+00,0.000E+00,110.984E+00,0.000E+00,0.000E+00,0.509E+00,0.000E+00,0.000E+00,99.921E+00,0.000E+00,0.000E+00,0.000E+00,0.000E+00,0.000E+00,100.900E+00,0.000E+00,0.000E+00,98.868E+00,0.000E+00,0.000E+00,67.921E+00,+99999.9E+99,+99999.9E+99,1.017E+00,+99999.9E+99,+99999.9E+99,11.8349E+00,0.00000E+00,0.00000E+00,12.1227E+00,0.00000E+00,0.00000E+00,4.5766E+00,0.00000E+00,0.00000E+00,10.9143E+00,0.00000E+00,0.00000E+00,4.0408E+00,0.00000E+00,0.00000E+00,18.1640E+00,0.0000E+00,0.0000E+00,4.1029E+00,0.0000E+00,0.0000E+00,49.507E+00,+99999.9E+99,+99999.9E+99,64.417E+00,+99999.9E+99,+99999.9E+99,1.08848E+03,0.00000E+03,0.00000E+03,0.00000E+03,0.00000E+03,0.00000E+03,1.18258E+03,0.00000E+03,0.00000E+03,0.00000E+03,0.00000E+03,0.00000E+03,0.46227E+03,0.00000E+03,0.00000E+03,0.00000E+03,0.00000E+03,0.00000E+03,0.92043E+00,0.00000E+00,0.00000E+00,0.88128E+00,0.01769E+00,0.99999E+00,0.000E+00,174.335E+00,164.534E+00,151.797E+00,-94.651E+00,164.772E+00,23.011E+00,90.000E+00,90.000E+00,12.5696E+00,0.00000E+00,0.00000E+00,78.261E+00,100.000E+00,100.000E+00,0.23663E+03,0.00000E+03,0.00000E+03,+99999.9E+99,+99999.9E+99,+99999.9E+99,+99999.9E+99,+99999.9E+99,+99999.9E+99,+99999.9E+99,+99999.9E+99,+99999.9E+99,+99999.9E+99,+99999.9E+99,+99999.9E+99,1B00,0,0,0,1B00,76.7207E+00,76.6731E+00,76.3971E+00,76.5970E+00,72.5504E+00,72.6499E+00,72.0050E+00,72.4018E+00,76.7207E+00,76.6731E+00,76.3971E+00,0.0000E+00,0.0000E+00,0.0000E+00,70.2901E+00,70.3259E+00,70.2077E+00,105.886E+00,106.094E+00,105.614E+00,-104.683E+00,-104.750E+00,-104.319E+00,38.202E+00,37.912E+00,38.147E+00,+99999.9E+99,+99999.9E+99,+99999.9E+99,0.091E+00,9.6726E+00,9.2504E+00,9.8531E+00,9.5920E+00,8.2961E+00,7.9318E+00,8.3273E+00,8.1850E+00,9.6720E+00,9.2504E+00,9.8531E+00,-0.1081E+00,0.0000E+00,0.0000E+00,14.7025E+00,14.6009E+00,14.9446E+00,26.4262E+00,24.8267E+00,27.1433E+00,-25.6029E+00,-23.3405E+00,-26.6924E+00,40.885E+00,40.815E+00,39.495E+00,+99999.9E+99,+99999.9E+99,+99999.9E+99,1.469E+00,0.27923E+03,0.27640E+03,0.29623E+03,0.85185E+03,0.51505E+03,0.51784E+03,0.52968E+03,1.56256E+03,0.43027E+03,0.41165E+03,0.43718E+03,1.27909E+03,0.59467E+03,0.58986E+03,0.60428E+03,1.78870E+03,-0.32735E+03,-0.30506E+03,-0.32152E+03,-0.95393E+03,-0.29725E+03,-0.28245E+03,-0.29085E+03,-0.87055E+03,-0.64897E+00,-0.67144E+00,-0.67758E+00,-0.66598E+00,-0.86611E+00,-0.87790E+00,-0.87654E+00,-0.87357E+00,0.000E+00,120.082E+00,-119.936E+00,60.005E+00,178.643E+00,-61.130E+00,-49.536E+00,-47.822E+00,-47.345E+00,-48.243E+00,201.976E+00,201.901E+00,202.618E+00,92.124E+00,+99999.9E+99,+99999.9E+99,0.00007E+06,-0.00051E+06,0.00000E+00,9.904E+00,0.757E+03,0.00078E+06,43.808E+00,F0F08
2021/11/30,17:33:41,00000:00:06,750,38003F00,2A00,3B00,3B00,3F00,99.994E+00,0.000E+00,0.000E+00,111.064E+00,0.000E+00,0.000E+00,0.506E+00,0.000E+00,0.000E+00,99.993E+00,0.000E+00,0.000E+00,0.000E+00,0.000E+00,0.000E+00,101.104E+00,0.000E+00,0.000E+00,98.821E+00,0.000E+00,0.000E+00,67.921E+00,+99999.9E+99,+99999.9E+99,1.141E+00,+99999.9E+99,+99999.9E+99,11.4595E+00,0.00000E+00,0.00000E+00,11.6224E+00,0.00000E+00,0.00000E+00,4.6721E+00,0.00000E+00,0.00000E+00,10.4638E+00,0.00000E+00,0.00000E+00,4.0408E+00,0.00000E+00,0.00000E+00,18.2438E+00,0.0000E+00,0.0000E+00,3.3788E+00,0.0000E+00,0.0000E+00,49.507E+00,+99999.9E+99,+99999.9E+99,71.031E+00,+99999.9E+99,+99999.9E+99,1.04419E+03,0.00000E+03,0.00000E+03,0.00000E+03,0.00000E+03,0.00000E+03,1.14588E+03,0.00000E+03,0.00000E+03,0.00000E+03,0.00000E+03,0.00000E+03,0.47192E+03,0.00000E+03,0.00000E+03,0.00000E+03,0.00000E+03,0.00000E+03,0.91126E+00,0.00000E+00,0.00000E+00,0.88128E+00,0.01769E+00,0.99999E+00,0.000E+00,174.335E+00,164.534E+00,151.797E+00,-94.651E+00,164.772E+00,24.321E+00,90.000E+00,90.000E+00,0.00000E+00,0.00000E+00,0.00000E+00,98.745E+00,100.000E+00,100.000E+00,0.01311E+03,0.00000E+03,0.00000E+03,+99999.9E+99,+99999.9E+99,+99999.9E+99,+99999.9E+99,+99999.9E+99,+99999.9E+99,+99999.9E+99,+99999.9E+99,+99999.9E+99,+99999.9E+99,+99999.9E+99,+99999.9E+99,1B00,0,0,0,1B00,76.5118E+00,77.0293E+00,77.0094E+00,76.8502E+00,71.7917E+00,72.7440E+00,72.7130E+00,72.4163E+00,76.5118E+00,77.0293E+00,77.0093E+00,0.0000E+00,0.0000E+00,0.0000E+00,73.0725E+00,73.0792E+00,72.9760E+00,105.777E+00,106.021E+00,105.729E+00,-104.400E+00,-105.271E+00,-104.413E+00,15.130E+00,15.077E+00,15.005E+00,+99999.9E+99,+99999.9E+99,+99999.9E+99,0.091E+00,11.5341E+00,11.3093E+00,11.1141E+00,11.3192E+00,9.9657E+00,9.8396E+00,9.5497E+00,9.7850E+00,11.5327E+00,11.3035E+00,11.1009E+00,-0.1790E+00,-0.3615E+00,0.5417E+00,5.0180E+00,4.9093E+00,5.3403E+00,27.6843E+00,27.0790E+00,28.5881E+00,-26.2443E+00,-27.2024E+00,-26.1924E+00,60.549E+00,60.035E+00,55.265E+00,+99999.9E+99,+99999.9E+99,+99999.9E+99,3.483E+00,0.35422E+03,0.33608E+03,0.34078E+03,1.03108E+03,0.17412E+03,0.17970E+03,0.18674E+03,0.54057E+03,0.51442E+03,0.50413E+03,0.49802E+03,1.51656E+03,0.20469E+03,0.20385E+03,0.21485E+03,0.62318E+03,-0.37303E+03,-0.37575E+03,-0.36317E+03,-1.11195E+03,-0.10760E+03,-0.09623E+03,-0.10624E+03,-0.31007E+03,-0.68858E+00,-0.66667E+00,-0.68427E+00,-0.67988E+00,-0.85067E+00,-0.88156E+00,-0.86919E+00,-0.86743E+00,0.000E+00,120.085E+00,-119.957E+00,61.715E+00,178.211E+00,-60.278E+00,-46.482E+00,-48.190E+00,-46.822E+00,-47.166E+00,201.960E+00,201.346E+00,201.319E+00,93.411E+00,+99999.9E+99,+99999.9E+99,0.00007E+06,-0.00063E+06,0.00000E+00,12.159E+00,0.756E+03,0.00096E+06,43.818E+00,F0F08
2021/11/30,17:33:42,00000:00:06,800,38003F00,2D00,3F00,3F00,3F00,99.994E+00,0.000E+00,0.000E+00,111.064E+00,0.000E+00,0.000E+00,0.506E+00,0.000E+00,0.000E+00,99.993E+00,0.000E+00,0.000E+00,0.000E+00,0.000E+00,0.000E+00,101.104E+00,0.000E+00,0.000E+00,98.821E+00,0.000E+00,0.000E+00,35.803E+00,437.265E+00,+99999.9E+99,1.141E+00,+99999.9E+99,+99999.9E+99,11.4595E+00,0.00000E+00,0.00000E+00,11.6224E+00,0.00000E+00,0.00000E+00,4.6721E+00,0.00000E+00,0.00000E+00,10.4638E+00,0.00000E+00,0.00000E+00,4.3038E+00,0.00000E+00,0.00000E+00,18.2438E+00,0.0000E+00,0.0000E+00,3.3788E+00,0.0000E+00,0.0000E+00,39.434E+00,+99999.9E+99,+99999.9E+99,71.031E+00,+99999.9E+99,+99999.9E+99,1.04419E+03,0.00000E+03,0.00000E+03,0.00000E+03,0.00000E+03,0.00000E+03,1.14588E+03,0.00000E+03,0.00000E+03,0.00000E+03,0.00000E+03,0.00000E+03,0.47192E+03,0.00000E+03,0.00000E+03,0.00000E+03,0.00000E+03,0.00000E+03,0.91126E+00,0.00000E+00,0.00000E+00,0.93473E+00,0.80357E+00,0.52297E+00,0.000E+00,68.598E+00,136.666E+00,159.184E+00,105.126E+00,-164.865E+00,24.321E+00,90.000E+00,90.000E+00,0.00000E+00,0.00000E+00,0.00000E+00,121.925E+00,100.000E+00,100.000E+00,-0.22893E+03,0.00000E+03,0.00000E+03,+99999.9E+99,+99999.9E+99,+99999.9E+99,+99999.9E+99,+99999.9E+99,+99999.9E+99,+99999.9E+99,+99999.9E+99,+99999.9E+99,+99999.9E+99,+99999.9E+99,+99999.9E+99,1B00,0,0,0,1B00,77.2145E+00,77.2328E+00,76.9800E+00,77.1424E+00,72.1798E+00,72.3936E+00,71.8058E+00,72.1264E+00,77.2145E+00,77.2328E+00,76.9800E+00,0.0000E+00,0.0000E+00,0.0000E+00,71.0469E+00,71.7098E+00,71.4677E+00,105.407E+00,105.717E+00,105.473E+00,-104.856E+00,-105.204E+00,-104.201E+00,29.346E+00,29.720E+00,29.592E+00,+99999.9E+99,+99999.9E+99,+99999.9E+99,0.536E+00,13.4329E+00,13.0062E+00,13.3894E+00,13.2762E+00,12.3970E+00,11.9728E+00,12.3171E+00,12.2289E+00,13.4319E+00,13.0062E+00,13.3878E+00,-0.1685E+00,0.0000E+00,0.2041E+00,11.9815E+00,10.8591E+00,11.0361E+00,27.2890E+00,27.1695E+00,28.7995E+00,-26.0086E+00,-26.4257E+00,-26.8424E+00,41.985E+00,45.371E+00,45.232E+00,+99999.9E+99,+99999.9E+99,+99999.9E+99,5.943E+00,0.42225E+03,0.41393E+03,0.43694E+03,1.27312E+03,0.42425E+03,0.37674E+03,0.40423E+03,1.20521E+03,0.60496E+03,0.58584E+03,0.60164E+03,1.79244E+03,0.48149E+03,0.44232E+03,0.44644E+03,1.36884E+03,-0.43322E+03,-0.41457E+03,-0.41358E+03,-1.26138E+03,-0.22771E+03,-0.23177E+03,-0.18951E+03,-0.64898E+03,-0.69798E+00,-0.70656E+00,-0.72625E+00,-0.71027E+00,-0.88110E+00,-0.85173E+00,-0.90544E+00,-0.88046E+00,0.000E+00,119.924E+00,-119.583E+00,58.528E+00,-178.591E+00,-64.655E+00,-45.735E+00,-45.045E+00,-43.427E+00,-44.743E+00,201.292E+00,202.099E+00,201.932E+00,89.558E+00,+99999.9E+99,+99999.9E+99,0.00013E+06,-0.00073E+06,0.00000E+00,14.378E+00,0.757E+03,0.00114E+06,43.569E+00,F0F08
2021/11/30,17:33:42,00000:00:06,850,38003800,2800,3800,3800,3800,99.859E+00,0.000E+00,0.000E+00,110.914E+00,0.000E+00,0.000E+00,0.498E+00,0.000E+00,0.000E+00,99.858E+00,0.000E+00,0.000E+00,0.000E+00,0.000E+00,0.000E+00,100.904E+00,0.000E+00,0.000E+00,98.804E+00,0.000E+00,0.000E+00,35.803E+00,437.265E+00,+99999.9E+99,1.051E+00,+99999.9E+99,+99999.9E+99,12.4865E+00,0.00000E+00,0.00000E+00,13.0931E+00,0.00000E+00,0.00000E+00,4.1180E+00,0.00000E+00,0.00000E+00,11.7879E+00,0.00000E+00,0.00000E+00,4.3038E+00,0.00000E+00,0.00000E+00,18.2893E+00,0.0000E+00,0.0000E+00,4.3671E+00,0.0000E+00,0.0000E+00,39.434E+00,+99999.9E+99,+99999.9E+99,59.052E+00,+99999.9E+99,+99999.9E+99,1.17528E+03,0.00000E+03,0.00000E+03,0.00000E+03,0.00000E+03,0.00000E+03,1.24689E+03,0.00000E+03,0.00000E+03,0.00000E+03,0.00000E+03,0.00000E+03,0.41646E+03,0.00000E+03,0.00000E+03,0.00000E+03,0.00000E+03,0.00000E+03,0.94257E+00,0.00000E+00,0.00000E+00,0.93473E+00,0.80357E+00,0.52297E+00,0.000E+00,68.598E+00,136.666E+00,159.184E+00,105.126E+00,-164.865E+00,19.512E+00,90.000E+00,90.000E+00,15.0825E+00,0.00000E+00,0.00000E+00,66.472E+00,100.000E+00,100.000E+00,0.39404E+03,0.00000E+03,0.00000E+03,+99999.9E+99,+99999.9E+99,+99999.9E+99,+99999.9E+99,+99999.9E+99,+99999.9E+99,+99999.9E+99,+99999.9E+99,+99999.9E+99,+99999.9E+99,+99999.9E+99,+99999.9E+99,1B00,0,0,0,1B00,76.2442E+00,76.6553E+00,76.4968E+00,76.4654E+00,72.1406E+00,72.9015E+00,72.6193E+00,72.5538E+00,76.2442E+00,76.6553E+00,76.4968E+00,0.0000E+00,0.0000E+00,0.0000E+00,71.2952E+00,71.1871E+00,71.0181E+00,105.679E+00,106.044E+00,105.697E+00,-104.406E+00,-105.100E+00,-104.607E+00,31.923E+00,31.209E+00,31.779E+00,+99999.9E+99,+99999.9E+99,+99999.9E+99,0.235E+00,8.2662E+00,8.2073E+00,8.1868E+00,8.2201E+00,7.3755E+00,7.3398E+00,7.2960E+00,7.3371E+00,8.2651E+00,8.2073E+00,8.1835E+00,-0.1315E+00,0.0000E+00,0.2315E+00,11.7559E+00,11.7589E+00,12.3673E+00,22.4000E+00,20.8352E+00,20.3162E+00,-18.7224E+00,-18.5962E+00,-20.0624E+00,45.094E+00,43.956E+00,41.948E+00,+99999.9E+99,+99999.9E+99,+99999.9E+99,3.388E+00,0.26149E+03,0.25659E+03,0.26316E+03,0.78124E+03,0.40510E+03,0.42606E+03,0.43289E+03,1.26405E+03,0.36549E+03,0.36344E+03,0.36356E+03,1.09249E+03,0.47185E+03,0.47965E+03,0.49805E+03,1.44908E+03,-0.25536E+03,-0.25739E+03,-0.25084E+03,-0.76359E+03,-0.24195E+03,-0.22030E+03,-0.24630E+03,-0.70854E+03,-0.71544E+00,-0.70601E+00,-0.72385E+00,-0.71510E+00,-0.85853E+00,-0.88829E+00,-0.86916E+00,-0.87231E+00,0.000E+00,120.209E+00,-119.977E+00,60.793E+00,177.473E+00,-60.206E+00,-44.321E+00,-45.089E+00,-43.627E+00,-44.349E+00,202.247E+00,201.599E+00,201.825E+00,95.378E+00,+99999.9E+99,+99999.9E+99,0.00004E+06,-0.00049E+06,0.00000E+00,9.415E+00,0.756E+03,0.00075E+06,43.946E+00,F0F08
2021/11/30,17:33:42,00000:00:06,900,38003F00,0,1B00,1B00,3F00,99.914E+00,0.000E+00,0.000E+00,110.975E+00,0.000E+00,0.000E+00,0.510E+00,0.000E+00,0.000E+00,99.912E+00,0.000E+00,0.000E+00,0.000E+00,0.000E+00,0.000E+00,100.971E+00,0.000E+00,0.000E+00,98.814E+00,0.000E+00,0.000E+00,24.140E+00,+99999.9E+99,435.239E+00,1.080E+00,+99999.9E+99,+99999.9E+99,11.9342E+00,0.00000E+00,0.00000E+00,12.2346E+00,0.00000E+00,0.00000E+00,4.5930E+00,0.00000E+00,0.00000E+00,11.0150E+00,0.00000E+00,0.00000E+00,4.2346E+00,0.00000E+00,0.00000E+00,18.3236E+00,0.0000E+00,0.0000E+00,4.2167E+00,0.0000E+00,0.0000E+00,8.899E+00,+99999.9E+99,+99999.9E+99,64.035E+00,+99999.9E+99,+99999.9E+99,1.09843E+03,0.00000E+03,0.00000E+03,0.00000E+03,0.00000E+03,0.00000E+03,1.19240E+03,0.00000E+03,0.00000E+03,0.00000E+03,0.00000E+03,0.00000E+03,0.46395E+03,0.00000E+03,0.00000E+03,0.00000E+03,0.00000E+03,0.00000E+03,0.92120E+00,0.00000E+00,0.00000E+00,0.89575E+00,0.73823E+00,0.76652E+00,0.000E+00,-115.747E+00,159.283E+00,153.604E+00,-73.328E+00,19.241E+00,22.898E+00,90.000E+00,90.000E+00,12.6094E+00,0.00000E+00,0.00000E+00,115.806E+00,100.000E+00,100.000E+00,-0.17361E+03,0.00000E+03,0.00000E+03,+99999.9E+99,+99999.9E+99,+99999.9E+99,+99999.9E+99,+99999.9E+99,+99999.9E+99,+99999.9E+99,+99999.9E+99,+99999.9E+99,+99999.9E+99,+99999.9E+99,+99999.9E+99,1B00,0,0,0,1B00,77.0783E+00,77.1758E+00,77.0963E+00,77.1168E+00,72.1685E+00,72.5402E+00,72.2686E+00,72.3258E+00,77.0783E+00,77.1758E+00,77.0963E+00,0.0000E+00,0.0000E+00,0.0000E+00,72.9946E+00,73.2465E+00,73.1095E+00,105.751E+00,106.096E+00,105.844E+00,-104.550E+00,-105.027E+00,-104.589E+00,14.243E+00,14.464E+00,14.536E+00,+99999.9E+99,+99999.9E+99,+99999.9E+99,0.199E+00,13.4907E+00,13.0420E+00,13.2350E+00,13.2559E+00,12.2944E+00,11.8209E+00,11.8899E+00,12.0017E+00,13.4897E+00,13.0376E+00,13.2252E+00,-0.1663E+00,-0.3394E+00,0.5068E+00,5.2932E+00,4.8016E+00,4.9687E+00,27.7086E+00,27.1538E+00,28.6576E+00,-26.4271E+00,-27.3343E+00,-26.7600E+00,54.099E+00,58.367E+00,56.121E+00,+99999.9E+99,+99999.9E+99,+99999.9E+99,4.519E+00,0.43225E+03,0.41122E+03,0.42857E+03,1.27205E+03,0.19140E+03,0.17595E+03,0.18849E+03,0.55585E+03,0.60748E+03,0.58613E+03,0.59472E+03,1.78833E+03,0.21612E+03,0.20054E+03,0.20669E+03,0.62301E+03,-0.42684E+03,-0.41767E+03,-0.41232E+03,-1.25683E+03,-0.10037E+03,-0.09621E+03,-0.08480E+03,-0.28138E+03,-0.71155E+00,-0.70159E+00,-0.72064E+00,-0.71131E+00,-0.88562E+00,-0.87740E+00,-0.91197E+00,-0.89220E+00,0.000E+00,120.011E+00,-119.824E+00,57.786E+00,178.618E+00,-65.653E+00,-44.639E+00,-45.446E+00,-43.893E+00,-44.659E+00,201.107E+00,201.888E+00,201.534E+00,91.038E+00,+99999.9E+99,+99999.9E+99,0.00011E+06,-0.00075E+06,0.00000E+00,14.618E+00,0.757E+03,0.00116E+06,43.574E+00,F0F0F
2021/11/30,17:33:42,00000:00:06,950,38003F00,700,1F00,1F00,3F00,99.914E+00,0.000E+00,0.000E+00,110.975E+00,0.000E+00,0.000E+00,0.510E+00,0.000E+00,0.000E+00,99.912E+00,0.000E+00,0.000E+00,0.000E+00,0.000E+00,0.000E+00,100.971E+00,0.000E+00,0.000E+00,98.814E+00,0.000E+00,0.000E+00,24.140E+00,+99999.9E+99,435.239E+00,1.080E+00,+99999.9E+99,+99999.9E+99,11.9342E+00,0.00000E+00,0.00000E+00,12.2346E+00,0.00000E+00,0.00000E+00,4.5930E+00,0.00000E+00,0.00000E+00,11.0150E+00,0.00000E+00,0.00000E+00,4.2346E+00,0.00000E+00,0.00000E+00,18.3236E+00,0.0000E+00,0.0000E+00,4.2167E+00,0.0000E+00,0.0000E+00,8.899E+00,+99999.9E+99,+99999.9E+99,64.035E+00,+99999.9E+99,+99999.9E+99,1.09843E+03,0.00000E+03,0.00000E+03,0.00000E+03,0.00000E+03,0.00000E+03,1.19240E+03,0.00000E+03,0.00000E+03,0.00000E+03,0.00000E+03,0.00000E+03,0.46395E+03,0.00000E+03,0.00000E+03,0.00000E+03,0.00000E+03,0.00000E+03,0.92120E+00,0.00000E+00,0.00000E+00,0.89575E+00,0.73823E+00,0.76652E+00,0.000E+00,-115.747E+00,159.283E+00,153.604E+00,-73.328E+00,19.241E+00,22.898E+00,90.000E+00,90.000E+00,12.6094E+00,0.00000E+00,0.00000E+00,104.123E+00,100.000E+00,100.000E+00,-0.04529E+03,0.00000E+03,0.00000E+03,+99999.9E+99,+99999.9E+99,+99999.9E+99,+99999.9E+99,+99999.9E+99,+99999.9E+99,+99999.9E+99,+99999.9E+99,+99999.9E+99,+99999.9E+99,+99999.9E+99,+99999.9E+99,1B00,0,0,0,1B00,76.9081E+00,77.0969E+00,76.8890E+00,76.9647E+00,72.0740E+00,72.5200E+00,72.0652E+00,72.2197E+00,76.9081E+00,77.0969E+00,76.8890E+00,0.0000E+00,0.0000E+00,0.0000E+00,70.1033E+00,70.4562E+00,70.3951E+00,105.400E+00,105.747E+00,105.663E+00,-104.526E+00,-104.826E+00,-104.781E+00,37.785E+00,37.771E+00,37.656E+00,+99999.9E+99,+99999.9E+99,+99999.9E+99,0.314E+00,12.4276E+00,12.0755E+00,12.3876E+00,12.2969E+00,11.0845E+00,10.8205E+00,11.0281E+00,10.9777E+00,12.4270E+00,12.0755E+00,12.3859E+00,-0.1222E+00,0.0000E+00,0.2019E+00,15.1442E+00,14.5858E+00,14.6061E+00,27.3733E+00,26.7509E+00,28.5424E+00,-26.0552E+00,-26.6929E+00,-26.4595E+00,39.220E+00,40.520E+00,40.399E+00,+99999.9E+99,+99999.9E+99,+99999.9E+99,2.648E+00,0.37953E+03,0.37404E+03,0.39016E+03,1.14373E+03,0.53981E+03,0.51141E+03,0.53017E+03,1.58139E+03,0.55686E+03,0.54141E+03,0.55546E+03,1.65373E+03,0.61197E+03,0.58749E+03,0.59316E+03,1.79226E+03,-0.40750E+03,-0.39143E+03,-0.39536E+03,-1.19429E+03,-0.28830E+03,-0.28914E+03,-0.26600E+03,-0.84344E+03,-0.68154E+00,-0.69086E+00,-0.70241E+00,-0.69160E+00,-0.88208E+00,-0.87051E+00,-0.89381E+00,-0.88235E+00,0.000E+00,119.891E+00,-119.803E+00,58.274E+00,179.343E+00,-63.296E+00,-47.036E+00,-46.302E+00,-45.379E+00,-46.243E+00,202.121E+00,201.501E+00,201.766E+00,90.730E+00,+99999.9E+99,+99999.9E+99,0.00011E+06,-0.00066E+06,0.00000E+00,13.094E+00,0.757E+03,0.00104E+06,43.836E+00,F0F0F
2021/11/30,17:33:42,00000:00:07,0,38003F00,500,1F00,1F00,3F00,99.914E+00,0.000E+00,0.000E+00,110.975E+00,0.000E+00,0.000E+00,0.510E+00,0.000E+00,0.000E+00,99.912E+00,0.000E+00,0.000E+00,0.000E+00,0.000E+00,0.000E+00,100.971E+00,0.000E+00,0.000E+00,98.814E+00,0.000E+00,0.000E+00,21.050E+00,+99999.9E+99,+99999.9E+99,1.080E+00,+99999.9E+99,+99999.9E+99,11.9342E+00,0.00000E+00,0.00000E+00,12.2346E+00,0.00000E+00,0.00000E+00,4.5930E+00,0.00000E+00,0.00000E+00,11.0150E+00,0.00000E+00,0.00000E+00,4.5777E+00,0.00000E+00,0.00000E+00,18.3236E+00,0.0000E+00,0.0000E+00,4.2167E+00,0.0000E+00,0.0000E+00,8.083E+00,+99999.9E+99,+99999.9E+99,64.035E+00,+99999.9E+99,+99999.9E+99,1.09843E+03,0.00000E+03,0.00000E+03,0.00000E+03,0.00000E+03,0.00000E+03,1.19240E+03,0.00000E+03,0.00000E+03,0.00000E+03,0.00000E+03,0.00000E+03,0.46395E+03,0.00000E+03,0.00000E+03,0.00000E+03,0.00000E+03,0.00000E+03,0.92120E+00,0.00000E+00,0.00000E+00,0.90528E+00,0.06023E+00,0.01305E+00,0.000E+00,34.570E+00,161.221E+00,154.861E+00,-58.883E+00,-108.032E+00,22.898E+00,90.000E+00,90.000E+00,12.6094E+00,0.00000E+00,0.00000E+00,69.149E+00,100.000E+00,100.000E+00,0.33888E+03,0.00000E+03,0.00000E+03,+99999.9E+99,+99999.9E+99,+99999.9E+99,+99999.9E+99,+99999.9E+99,+99999.9E+99,+99999.9E+99,+99999.9E+99,+99999.9E+99,+99999.9E+99,+99999.9E+99,+99999.9E+99,1B00,0,0,0,1B00,76.2711E+00,76.6138E+00,76.4809E+00,76.4553E+00,72.1447E+00,72.8125E+00,72.5533E+00,72.5035E+00,76.2711E+00,76.6138E+00,76.4809E+00,0.0000E+00,0.0000E+00,0.0000E+00,72.4497E+00,72.2308E+00,72.2148E+00,105.864E+00,106.191E+00,105.710E+00,-105.163E+00,-104.550E+00,-104.551E+00,22.589E+00,21.651E+00,22.221E+00,+99999.9E+99,+99999.9E+99,+99999.9E+99,0.205E+00,8.1277E+00,8.0759E+00,8.0376E+00,8.0804E+00,7.2464E+00,7.2002E+00,7.1418E+00,7.1962E+00,8.1277E+00,8.0749E+00,8.0346E+00,0.0000E+00,-0.1266E+00,0.2192E+00,7.7387E+00,8.1730E+00,8.3685E+00,22.3743E+00,20.8981E+00,20.6605E+00,-18.6948E+00,-18.6748E+00,-20.0600E+00,52.411E+00,48.231E+00,47.122E+00,+99999.9E+99,+99999.9E+99,+99999.9E+99,4.611E+00,0.25493E+03,0.24903E+03,0.25559E+03,0.75955E+03,0.27448E+03,0.29606E+03,0.29813E+03,0.86867E+03,0.35940E+03,0.35745E+03,0.35658E+03,1.07343E+03,0.31762E+03,0.32875E+03,0.34273E+03,0.98853E+03,-0.25333E+03,-0.25643E+03,-0.24865E+03,-0.75841E+03,-0.15981E+03,-0.14293E+03,-0.16905E+03,-0.47179E+03,-0.70933E+00,-0.69668E+00,-0.71678E+00,-0.70759E+00,-0.86420E+00,-0.90055E+00,-0.86988E+00,-0.87876E+00,0.000E+00,120.109E+00,-120.094E+00,60.109E+00,175.873E+00,-60.434E+00,-44.819E+00,-45.839E+00,-44.211E+00,-44.961E+00,201.538E+00,201.797E+00,201.933E+00,94.649E+00,+99999.9E+99,+99999.9E+99,0.00004E+06,-0.00047E+06,0.00000E+00,9.084E+00,0.756E+03,0.00072E+06,43.754E+00,F0F08
2021/11/30,17:33:42,00000:00:07,50,38003F00,700,1C00,1C00,3800,99.914E+00,0.000E+00,0.000E+00,110.975E+00,0.000E+00,0.000E+00,0.510E+00,0.000E+00,0.000E+00,99.912E+00,0.000E+00,0.000E+00,0.000E+00,0.000E+00,0.000E+00,100.971E+00,0.000E+00,0.000E+00,98.814E+00,0.000E+00,0.000E+00,21.050E+00,+99999.9E+99,+99999.9E+99,1.080E+00,+99999.9E+99,+99999.9E+99,11.9342E+00,0.00000E+00,0.00000E+00,12.2346E+00,0.00000E+00,0.00000E+00,4.5930E+00,0.00000E+00,0.00000E+00,11.0150E+00,0.00000E+00,0.00000E+00,4.5777E+00,0.00000E+00,0.00000E+00,18.3236E+00,0.0000E+00,0.0000E+00,4.2167E+00,0.0000E+00,0.0000E+00,8.083E+00,+99999.9E+99,+99999.9E+99,64.035E+00,+99999.9E+99,+99999.9E+99,1.09843E+03,0.00000E+03,0.00000E+03,0.00000E+03,0.00000E+03,0.00000E+03,1.19240E+03,0.00000E+03,0.00000E+03,0.00000E+03,0.00000E+03,0.00000E+03,0.46395E+03,0.00000E+03,0.00000E+03,0.00000E+03,0.00000E+03,0.00000E+03,0.92120E+00,0.00000E+00,0.00000E+00,0.90528E+00,0.06023E+00,0.01305E+00,0.000E+00,34.570E+00,161.221E+00,154.861E+00,-58.883E+00,-108.032E+00,22.898E+00,90.000E+00,90.000E+00,12.6094E+00,0.00000E+00,0.00000E+00,115.019E+00,100.000E+00,100.000E+00,-0.16497E+03,0.00000E+03,0.00000E+03,+99999.9E+99,+99999.9E+99,+99999.9E+99,+99999.9E+99,+99999.9E+99,+99999.9E+99,+99999.9E+99,+99999.9E+99,+99999.9E+99,+99999.9E+99,+99999.9E+99,+99999.9E+99,1B00,0,0,0,1B00,77.0455E+00,77.1911E+00,77.0876E+00,77.1081E+00,72.1082E+00,72.5539E+00,72.2379E+00,72.3000E+00,77.0455E+00,77.1911E+00,77.0876E+00,0.0000E+00,0.0000E+00,0.0000E+00,72.6750E+00,73.0980E+00,72.9518E+00,105.764E+00,106.071E+00,105.861E+00,-104.356E+00,-105.081E+00,-104.526E+00,15.868E+00,15.824E+00,16.194E+00,+99999.9E+99,+99999.9E+99,+99999.9E+99,0.350E+00,13.4470E+00,12.9936E+00,13.1783E+00,13.2063E+00,12.2238E+00,11.7628E+00,11.8211E+00,11.9359E+00,13.4458E+00,12.9901E+00,13.1696E+00,-0.1781E+00,-0.3008E+00,0.4800E+00,6.1384E+00,5.4820E+00,5.3718E+00,27.6790E+00,27.3076E+00,28.5557E+00,-26.6267E+00,-26.8414E+00,-26.6457E+00,51.723E+00,56.398E+00,56.695E+00,+99999.9E+99,+99999.9E+99,+99999.9E+99,7.531E+00,0.42934E+03,0.40862E+03,0.42545E+03,1.26340E+03,0.21955E+03,0.18915E+03,0.20615E+03,0.61485E+03,0.60517E+03,0.58362E+03,0.59200E+03,1.78079E+03,0.24827E+03,0.22219E+03,0.22506E+03,0.69442E+03,-0.42649E+03,-0.41670E+03,-0.41166E+03,-1.25485E+03,-0.11591E+03,-0.11657E+03,-0.09028E+03,-0.32276E+03,-0.70945E+00,-0.70015E+00,-0.71866E+00,-0.70946E+00,-0.88432E+00,-0.85131E+00,-0.91602E+00,-0.88542E+00,0.000E+00,119.938E+00,-119.736E+00,58.028E+00,-178.484E+00,-66.215E+00,-44.810E+00,-45.561E+00,-44.056E+00,-44.809E+00,201.629E+00,201.346E+00,200.979E+00,91.064E+00,+99999.9E+99,+99999.9E+99,0.00011E+06,-0.00074E+06,0.00000E+00,14.522E+00,0.757E+03,0.00115E+06,43.719E+00,F0F08
2021/11/30,17:33:42,00000:00:07,100,38003F00,500,1F00,1F00,3F00,99.914E+00,0.000E+00,0.000E+00,110.975E+00,0.000E+00,0.000E+00,0.510E+00,0.000E+00,0.000E+00,99.912E+00,0.000E+00,0.000E+00,0.000E+00,0.000E+00,0.000E+00,100.971E+00,0.000E+00,0.000E+00,98.814E+00,0.000E+00,0.000E+00,67.781E+00,+99999.9E+99,+99999.9E+99,1.080E+00,+99999.9E+99,+99999.9E+99,11.9342E+00,0.00000E+00,0.00000E+00,12.2346E+00,0.00000E+00,0.00000E+00,4.5930E+00,0.00000E+00,0.00000E+00,11.0150E+00,0.00000E+00,0.00000E+00,3.8550E+00,0.00000E+00,0.00000E+00,18.3236E+00,0.0000E+00,0.0000E+00,4.2167E+00,0.0000E+00,0.0000E+00,49.719E+00,+99999.9E+99,+99999.9E+99,64.035E+00,+99999.9E+99,+99999.9E+99,1.09843E+03,0.00000E+03,0.00000E+03,0.00000E+03,0.00000E+03,0.00000E+03,1.19240E+03,0.00000E+03,0.00000E+03,0.00000E+03,0.00000E+03,0.00000E+03,0.46395E+03,0.00000E+03,0.00000E+03,0.00000E+03,0.00000E+03,0.00000E+03,0.92120E+00,0.00000E+00,0.00000E+00,0.89049E+00,0.90809E+00,0.45701E+00,0.000E+00,-112.204E+00,160.417E+00,152.935E+00,-87.446E+00,-82.388E+00,22.898E+00,90.000E+00,90.000E+00,12.6094E+00,0.00000E+00,0.00000E+00,96.405E+00,100.000E+00,100.000E+00,0.03949E+03,0.00000E+03,0.00000E+03,+99999.9E+99,+99999.9E+99,+99999.9E+99,+99999.9E+99,+99999.9E+99,+99999.9E+99,+99999.9E+99,+99999.9E+99,+99999.9E+99,+99999.9E+99,+99999.9E+99,+99999.9E+99,1B00,0,0,0,1B00,76.7198E+00,77.0587E+00,76.8033E+00,76.8606E+00,71.9109E+00,72.5275E+00,72.0694E+00,72.1693E+00,76.7198E+00,77.0587E+00,76.8033E+00,0.0000E+00,0.0000E+00,0.0000E+00,70.0018E+00,70.2219E+00,70.1470E+00,105.304E+00,106.037E+00,105.509E+00,-104.451E+00,-104.630E+00,-104.146E+00,39.030E+00,38.853E+00,38.878E+00,+99999.9E+99,+99999.9E+99,+99999.9E+99,0.191E+00,11.8191E+00,11.6419E+00,11.9409E+00,11.8006E+00,10.2650E+00,10.1796E+00,10.3844E+00,10.2763E+00,11.8185E+00,11.6419E+00,11.9409E+00,-0.1126E+00,0.0000E+00,0.0000E+00,15.4200E+00,15.0069E+00,15.1909E+00,27.9552E+00,27.1319E+00,28.6333E+00,-26.4881E+00,-27.2752E+00,-26.6938E+00,39.356E+00,40.339E+00,39.478E+00,+99999.9E+99,+99999.9E+99,+99999.9E+99,1.666E+00,0.34719E+03,0.34932E+03,0.36244E+03,1.05895E+03,0.54491E+03,0.52843E+03,0.54481E+03,1.61815E+03,0.52735E+03,0.52093E+03,0.53512E+03,1.58340E+03,0.62227E+03,0.60518E+03,0.61446E+03,1.84177E+03,-0.39693E+03,-0.38646E+03,-0.39369E+03,-1.17708E+03,-0.30047E+03,-0.29497E+03,-0.28416E+03,-0.87960E+03,-0.65837E+00,-0.67056E+00,-0.67730E+00,-0.66878E+00,-0.87569E+00,-0.87317E+00,-0.88665E+00,-0.87859E+00,0.000E+00,119.961E+00,-119.861E+00,58.978E+00,179.098E+00,-62.388E+00,-48.824E+00,-47.890E+00,-47.367E+00,-48.027E+00,201.796E+00,202.132E+00,202.033E+00,90.355E+00,+99999.9E+99,+99999.9E+99,0.00010E+06,-0.00061E+06,0.00000E+00,12.077E+00,0.757E+03,0.00096E+06,43.765E+00,F0F08
2021/11/30,17:33:42,00000:00:07,150,38003F00,2A00,3B00,3B00,3F00,99.878E+00,0.000E+00,0.000E+00,110.935E+00,0.000E+00,0.000E+00,0.509E+00,0.000E+00,0.000E+00,99.877E+00,0.000E+00,0.000E+00,0.000E+00,0.000E+00,0.000E+00,101.007E+00,0.000E+00,0.000E+00,98.725E+00,0.000E+00,0.000E+00,67.781E+00,+99999.9E+99,+99999.9E+99,1.142E+00,+99999.9E+99,+99999.9E+99,11.9890E+00,0.00000E+00,0.00000E+00,12.2654E+00,0.00000E+00,0.00000E+00,4.6683E+00,0.00000E+00,0.00000E+00,11.0428E+00,0.00000E+00,0.00000E+00,3.8550E+00,0.00000E+00,0.00000E+00,18.3467E+00,0.0000E+00,0.0000E+00,3.3776E+00,0.0000E+00,0.0000E+00,49.719E+00,+99999.9E+99,+99999.9E+99,67.778E+00,+99999.9E+99,+99999.9E+99,1.10078E+03,0.00000E+03,0.00000E+03,0.00000E+03,0.00000E+03,0.00000E+03,1.19744E+03,0.00000E+03,0.00000E+03,0.00000E+03,0.00000E+03,0.00000E+03,0.47132E+03,0.00000E+03,0.00000E+03,0.00000E+03,0.00000E+03,0.00000E+03,0.91928E+00,0.00000E+00,0.00000E+00,0.89049E+00,0.90809E+00,0.45701E+00,0.000E+00,-112.204E+00,160.417E+00,152.935E+00,-87.446E+00,-82.388E+00,23.179E+00,90.000E+00,90.000E+00,0.00000E+00,0.00000E+00,0.00000E+00,77.124E+00,100.000E+00,100.000E+00,0.25182E+03,0.00000E+03,0.00000E+03,+99999.9E+99,+99999.9E+99,+99999.9E+99,+99999.9E+99,+99999.9E+99,+99999.9E+99,+99999.9E+99,+99999.9E+99,+99999.9E+99,+99999.9E+99,+99999.9E+99,+99999.9E+99,1B00,0,0,0,1B00,76.5325E+00,76.5820E+00,76.5328E+00,76.5491E+00,72.3745E+00,72.6793E+00,72.4269E+00,72.4936E+00,76.5325E+00,76.5820E+00,76.5328E+00,0.0000E+00,0.0000E+00,0.0000E+00,72.8258E+00,72.6620E+00,72.5677E+00,105.983E+00,106.061E+00,105.789E+00,-104.430E+00,-104.687E+00,-104.993E+00,17.804E+00,17.440E+00,17.534E+00,+99999.9E+99,+99999.9E+99,+99999.9E+99,0.208E+00,9.5875E+00,9.0711E+00,9.2055E+00,9.2880E+00,8.2275E+00,7.8010E+00,7.8342E+00,7.9542E+00,9.5863E+00,9.0678E+00,9.1969E+00,-0.1500E+00,-0.2448E+00,0.3959E+00,5.8209E+00,6.0871E+00,6.5427E+00,26.1624E+00,24.2133E+00,25.1752E+00,-26.6538E+00,-25.6148E+00,-22.5800E+00,59.245E+00,55.063E+00,51.570E+00,+99999.9E+99,+99999.9E+99,+99999.9E+99,5.343E+00,0.29076E+03,0.27179E+03,0.28641E+03,0.84896E+03,0.20418E+03,0.22128E+03,0.22639E+03,0.65185E+03,0.42615E+03,0.40203E+03,0.40798E+03,1.23616E+03,0.24153E+03,0.24804E+03,0.26319E+03,0.75217E+03,-0.31155E+03,-0.29624E+03,-0.29054E+03,-0.89833E+03,-0.12903E+03,-0.11206E+03,-0.13423E+03,-0.37531E+03,-0.68229E+00,-0.67605E+00,-0.70203E+00,-0.68677E+00,-0.84536E+00,-0.89212E+00,-0.86017E+00,-0.86662E+00,0.000E+00,120.152E+00,-120.040E+00,62.211E+00,176.973E+00,-59.260E+00,-46.977E+00,-47.464E+00,-45.410E+00,-46.625E+00,201.763E+00,201.171E+00,201.913E+00,94.704E+00,+99999.9E+99,+99999.9E+99,0.00004E+06,-0.00053E+06,0.00000E+00,10.162E+00,0.755E+03,0.00080E+06,43.833E+00,F0F08
2021/11/30,17:33:42,00000:00:07,200,38003F00,2D00,3F00,3F00,3F00,99.878E+00,0.000E+00,0.000E+00,110.935E+00,0.000E+00,0.000E+00,0.509E+00,0.000E+00,0.000E+00,99.877E+00,0.000E+00,0.000E+00,0.000E+00,0.000E+00,0.000E+00,101.007E+00,0.000E+00,0.000E+00,98.725E+00,0.000E+00,0.000E+00,35.933E+00,434.236E+00,+99999.9E+99,1.142E+00,+99999.9E+99,+99999.9E+99,11.9890E+00,0.00000E+00,0.00000E+00,12.2654E+00,0.00000E+00,0.00000E+00,4.6683E+00,0.00000E+00,0.00000E+00,11.0428E+00,0.00000E+00,0.00000E+00,4.3347E+00,0.00000E+00,0.00000E+00,18.3467E+00,0.0000E+00,0.0000E+00,3.3776E+00,0.0000E+00,0.0000E+00,43.211E+00,+99999.9E+99,498.562E+00,67.778E+00,+99999.9E+99,+99999.9E+99,1.10078E+03,0.00000E+03,0.00000E+03,0.00000E+03,0.00000E+03,0.00000E+03,1.19744E+03,0.00000E+03,0.00000E+03,0.00000E+03,0.00000E+03,0.00000E+03,0.47132E+03,0.00000E+03,0.00000E+03,0.00000E+03,0.00000E+03,0.00000E+03,0.91928E+00,0.00000E+00,0.00000E+00,0.92838E+00,0.15330E+00,0.91702E+00,0.000E+00,170.561E+00,165.224E+00,158.184E+00,71.743E+00,141.718E+00,23.179E+00,90.000E+00,90.000E+00,0.00000E+00,0.00000E+00,0.00000E+00,123.571E+00,100.000E+00,100.000E+00,-0.25946E+03,0.00000E+03,0.00000E+03,+99999.9E+99,+99999.9E+99,+99999.9E+99,+99999.9E+99,+99999.9E+99,+99999.9E+99,+99999.9E+99,+99999.9E+99,+99999.9E+99,+99999.9E+99,+99999.9E+99,+99999.9E+99,1B00,0,0,0,1B00,76.9744E+00,77.4616E+00,77.3089E+00,77.2483E+00,71.6608E+00,72.5539E+00,72.2840E+00,72.1662E+00,76.9744E+00,77.4616E+00,77.3089E+00,0.0000E+00,0.0000E+00,0.0000E+00,71.6602E+00,72.2634E+00,72.0480E+00,105.796E+00,105.957E+00,105.699E+00,-104.284E+00,-104.889E+00,-104.650E+00,25.249E+00,25.478E+00,25.444E+00,+99999.9E+99,+99999.9E+99,+99999.9E+99,0.487E+00,14.0000E+00,13.7039E+00,13.8394E+00,13.8478E+00,13.0672E+00,12.8972E+00,12.8347E+00,12.9330E+00,13.9989E+00,13.7018E+00,13.8330E+00,-0.1779E+00,-0.2402E+00,0.4192E+00,10.1823E+00,9.2921E+00,9.4542E+00,27.7429E+00,27.2181E+00,28.7829E+00,-26.3162E+00,-27.1052E+00,-26.8643E+00,43.940E+00,46.829E+00,47.270E+00,+99999.9E+99,+99999.9E+99,+99999.9E+99,7.031E+00,0.45736E+03,0.44659E+03,0.45630E+03,1.36024E+03,0.37036E+03,0.32265E+03,0.34924E+03,1.04225E+03,0.63008E+03,0.61751E+03,0.62601E+03,1.87360E+03,0.41410E+03,0.37370E+03,0.37864E+03,1.16480E+03,-0.43339E+03,-0.42647E+03,-0.42858E+03,-1.28844E+03,-0.18524E+03,-0.18854E+03,-0.14629E+03,-0.52007E+03,-0.72587E+00,-0.72321E+00,-0.72889E+00,-0.72600E+00,-0.89437E+00,-0.86340E+00,-0.92235E+00,-0.89479E+00,0.000E+00,119.915E+00,-119.632E+00,56.846E+00,-179.881E+00,-67.083E+00,-43.459E+00,-43.680E+00,-43.206E+00,-43.448E+00,201.211E+00,202.046E+00,200.919E+00,90.274E+00,+99999.9E+99,+99999.9E+99,0.00013E+06,-0.00078E+06,0.00000E+00,15.494E+00,0.757E+03,0.00123E+06,43.580E+00,F0F08
2021/11/30,17:33:42,00000:00:07,250,38003800,2800,3800,3800,3800,100.050E+00,0.000E+00,0.000E+00,111.126E+00,0.000E+00,0.000E+00,0.532E+00,0.000E+00,0.000E+00,100.049E+00,0.000E+00,0.000E+00,0.000E+00,0.000E+00,0.000E+00,101.025E+00,0.000E+00,0.000E+00,98.811E+00,0.000E+00,0.000E+00,35.933E+00,434.236E+00,+99999.9E+99,1.107E+00,+99999.9E+99,+99999.9E+99,11.2606E+00,0.00000E+00,0.00000E+00,11.3835E+00,0.00000E+00,0.00000E+00,4.6652E+00,0.00000E+00,0.00000E+00,10.2487E+00,0.00000E+00,0.00000E+00,4.3347E+00,0.00000E+00,0.00000E+00,18.4567E+00,0.0000E+00,0.0000E+00,3.4600E+00,0.0000E+00,0.0000E+00,43.211E+00,+99999.9E+99,498.562E+00,73.163E+00,+99999.9E+99,+99999.9E+99,1.02317E+03,0.00000E+03,0.00000E+03,0.00000E+03,0.00000E+03,0.00000E+03,1.12662E+03,0.00000E+03,0.00000E+03,0.00000E+03,0.00000E+03,0.00000E+03,-0.47159E+03,0.00000E+03,0.00000E+03,0.00000E+03,0.00000E+03,0.00000E+03,-0.90818E+00,0.00000E+00,0.00000E+00,0.92838E+00,0.15330E+00,0.91702E+00,0.000E+00,170.561E+00,165.224E+00,158.184E+00,71.743E+00,141.718E+00,-24.746E+00,90.000E+00,90.000E+00,9.31595E+00,0.00000E+00,0.00000E+00,85.007E+00,100.000E+00,100.000E+00,0.15340E+03,0.00000E+03,0.00000E+03,+99999.9E+99,+99999.9E+99,+99999.9E+99,+99999.9E+99,+99999.9E+99,+99999.9E+99,+99999.9E+99,+99999.9E+99,+99999.9E+99,+99999.9E+99,+99999.9E+99,+99999.9E+99,1B00,0,0,0,1B00,76.6807E+00,76.6415E+00,76.3503E+00,76.5575E+00,72.5141E+00,72.6333E+00,71.9603E+00,72.3692E+00,76.6807E+00,76.6415E+00,76.3503E+00,0.0000E+00,0.0000E+00,0.0000E+00,70.6900E+00,70.6119E+00,70.4373E+00,105.884E+00,106.156E+00,105.649E+00,-104.243E+00,-104.617E+00,-104.061E+00,35.992E+00,35.402E+00,35.880E+00,+99999.9E+99,+99999.9E+99,+99999.9E+99,0.212E+00,9.7720E+00,9.3660E+00,9.9937E+00,9.7106E+00,8.3999E+00,8.0430E+00,8.4666E+00,8.3032E+00,9.7720E+00,9.3660E+00,9.9937E+00,0.0000E+00,0.0000E+00,0.0000E+00,13.4872E+00,13.5381E+00,14.1056E+00,26.5224E+00,24.9533E+00,27.2600E+00,-25.6633E+00,-23.5367E+00,-26.9752E+00,42.766E+00,41.998E+00,40.071E+00,+99999.9E+99,+99999.9E+99,+99999.9E+99,2.601E+00,0.28400E+03,0.28268E+03,0.30309E+03,0.86977E+03,0.47020E+03,0.48604E+03,0.49529E+03,1.45152E+03,0.43436E+03,0.41656E+03,0.44315E+03,1.29407E+03,0.54511E+03,0.54860E+03,0.56685E+03,1.66024E+03,-0.32865E+03,-0.30597E+03,-0.32328E+03,-0.95791E+03,-0.27580E+03,-0.25442E+03,-0.27569E+03,-0.80591E+03,-0.65384E+00,-0.67859E+00,-0.68396E+00,-0.67212E+00,-0.86256E+00,-0.88596E+00,-0.87376E+00,-0.87428E+00,0.000E+00,120.193E+00,-119.969E+00,60.350E+00,177.748E+00,-60.748E+00,-49.168E+00,-47.266E+00,-46.846E+00,-47.769E+00,202.143E+00,201.420E+00,202.316E+00,92.186E+00,+99999.9E+99,+99999.9E+99,0.00007E+06,-0.00052E+06,0.00000E+00,10.134E+00,0.756E+03,0.00080E+06,43.937E+00,F0F08
2021/11/30,17:33:42,00000:00:07,300,38003F00,0,1B00,1B00,3F00,99.905E+00,0.000E+00,0.000E+00,110.966E+00,0.000E+00,0.000E+00,0.509E+00,0.000E+00,0.000E+00,99.904E+00,0.000E+00,0.000E+00,0.000E+00,0.000E+00,0.000E+00,100.918E+00,0.000E+00,0.000E+00,98.789E+00,0.000E+00,0.000E+00,108.998E+00,+99999.9E+99,486.204E+00,1.065E+00,+99999.9E+99,+99999.9E+99,11.9791E+00,0.00000E+00,0.00000E+00,12.2655E+00,0.00000E+00,0.00000E+00,4.6425E+00,0.00000E+00,0.00000E+00,11.0429E+00,0.00000E+00,0.00000E+00,3.1858E+00,0.00000E+00,0.00000E+00,18.4626E+00,0.0000E+00,0.0000E+00,3.5198E+00,0.0000E+00,0.0000E+00,106.412E+00,+99999.9E+99,+99999.9E+99,67.658E+00,+99999.9E+99,+99999.9E+99,1.10112E+03,0.00000E+03,0.00000E+03,0.00000E+03,0.00000E+03,0.00000E+03,1.19677E+03,0.00000E+03,0.00000E+03,0.00000E+03,0.00000E+03,0.00000E+03,0.46883E+03,0.00000E+03,0.00000E+03,0.00000E+03,0.00000E+03,0.00000E+03,0.92007E+00,0.00000E+00,0.00000E+00,0.81941E+00,0.30288E+00,0.97681E+00,0.000E+00,-38.205E+00,155.267E+00,145.026E+00,-110.574E+00,-37.097E+00,23.063E+00,90.000E+00,90.000E+00,12.5979E+00,0.00000E+00,0.00000E+00,96.901E+00,100.000E+00,100.000E+00,0.03413E+03,0.00000E+03,0.00000E+03,+99999.9E+99,+99999.9E+99,+99999.9E+99,+99999.9E+99,+99999.9E+99,+99999.9E+99,+99999.9E+99,+99999.9E+99,+99999.9E+99,+99999.9E+99,+99999.9E+99,+99999.9E+99,1B00,0,0,0,1B00,76.5001E+00,77.0093E+00,77.0192E+00,76.8428E+00,71.8436E+00,72.7947E+00,72.8077E+00,72.4820E+00,76.5000E+00,77.0092E+00,77.0192E+00,0.0000E+00,0.0000E+00,0.0000E+00,73.0431E+00,73.1503E+00,73.0385E+00,105.743E+00,106.114E+00,105.729E+00,-104.093E+00,-105.327E+00,-105.146E+00,13.687E+00,13.578E+00,13.879E+00,+99999.9E+99,+99999.9E+99,+99999.9E+99,0.099E+00,11.7958E+00,11.5786E+00,11.3782E+00,11.5842E+00,10.1916E+00,10.0669E+00,9.7627E+00,10.0070E+00,11.7948E+00,11.5722E+00,11.3653E+00,-0.1545E+00,-0.3856E+00,0.5413E+00,4.6537E+00,4.3928E+00,4.6277E+00,27.7881E+00,27.2838E+00,28.9171E+00,-26.5052E+00,-27.2333E+00,-26.4110E+00,60.208E+00,62.241E+00,58.185E+00,+99999.9E+99,+99999.9E+99,+99999.9E+99,2.711E+00,0.36653E+03,0.34824E+03,0.35222E+03,1.06699E+03,0.16395E+03,0.16059E+03,0.16952E+03,0.49406E+03,0.52641E+03,0.51619E+03,0.50998E+03,1.55258E+03,0.19050E+03,0.18366E+03,0.19188E+03,0.56594E+03,-0.37783E+03,-0.38103E+03,-0.36881E+03,-1.12767E+03,-0.09701E+03,-0.08913E+03,-0.08989E+03,-0.27603E+03,-0.69629E+00,-0.67463E+00,-0.69066E+00,-0.68724E+00,-0.86062E+00,-0.87436E+00,-0.88349E+00,-0.87299E+00,0.000E+00,120.051E+00,-119.906E+00,60.659E+00,179.033E+00,-61.969E+00,-45.870E+00,-47.574E+00,-46.318E+00,-46.588E+00,201.055E+00,201.842E+00,201.193E+00,92.811E+00,+99999.9E+99,+99999.9E+99,0.00008E+06,-0.00064E+06,0.00000E+00,12.509E+00,0.756E+03,0.00099E+06,43.599E+00,F0F0F
2021/11/30,17:33:42,00000:00:07,350,38003F00,700,1F00,1F00,3F00,99.905E+00,0.000E+00,0.000E+00,110.966E+00,0.000E+00,0.000E+00,0.509E+00,0.000E+00,0.000E+00,99.904E+00,0.000E+00,0.000E+00,0.000E+00,0.000E+00,0.000E+00,100.918E+00,0.000E+00,0.000E+00,98.789E+00,0.000E+00,0.000E+00,108.998E+00,+99999.9E+99,486.204E+00,1.065E+00,+99999.9E+99,+99999.9E+99,11.9791E+00,0.00000E+00,0.00000E+00,12.2655E+00,0.00000E+00,0.00000E+00,4.6425E+00,0.00000E+00,0.00000E+00,11.0429E+00,0.00000E+00,0.00000E+00,3.1858E+00,0.00000E+00,0.00000E+00,18.4626E+00,0.0000E+00,0.0000E+00,3.5198E+00,0.0000E+00,0.0000E+00,106.412E+00,+99999.9E+99,+99999.9E+99,67.658E+00,+99999.9E+99,+99999.9E+99,1.10112E+03,0.00000E+03,0.00000E+03,0.00000E+03,0.00000E+03,0.00000E+03,1.19677E+03,0.00000E+03,0.00000E+03,0.00000E+03,0.00000E+03,0.00000E+03,0.46883E+03,0.00000E+03,0.00000E+03,0.00000E+03,0.00000E+03,0.00000E+03,0.92007E+00,0.00000E+00,0.00000E+00,0.81941E+00,0.30288E+00,0.97681E+00,0.000E+00,-38.205E+00,155.267E+00,145.026E+00,-110.574E+00,-37.097E+00,23.063E+00,90.000E+00,90.000E+00,12.5979E+00,0.00000E+00,0.00000E+00,116.170E+00,100.000E+00,100.000E+00,-0.17805E+03,0.00000E+03,0.00000E+03,+99999.9E+99,+99999.9E+99,+99999.9E+99,+99999.9E+99,+99999.9E+99,+99999.9E+99,+99999.9E+99,+99999.9E+99,+99999.9E+99,+99999.9E+99,+99999.9E+99,+99999.9E+99,1B00,0,0,0,1B00,77.2202E+00,77.2023E+00,76.9889E+00,77.1371E+00,72.1844E+00,72.3405E+00,71.8199E+00,72.1149E+00,77.2202E+00,77.2023E+00,76.9889E+00,0.0000E+00,0.0000E+00,0.0000E+00,70.4485E+00,70.9872E+00,70.8728E+00,105.200E+00,105.593E+00,105.441E+00,-104.554E+00,-104.481E+00,-104.741E+00,34.840E+00,34.909E+00,34.829E+00,+99999.9E+99,+99999.9E+99,+99999.9E+99,0.465E+00,13.4583E+00,13.0444E+00,13.4166E+00,13.3064E+00,12.4295E+00,12.0277E+00,12.3633E+00,12.2735E+00,13.4575E+00,13.0444E+00,13.4151E+00,-0.1505E+00,0.0000E+00,0.2022E+00,14.1547E+00,13.2821E+00,13.2607E+00,27.4357E+00,26.8048E+00,28.2057E+00,-26.0148E+00,-26.6562E+00,-26.7790E+00,39.547E+00,41.615E+00,41.870E+00,+99999.9E+99,+99999.9E+99,+99999.9E+99,4.116E+00,0.42431E+03,0.41633E+03,0.43852E+03,1.27917E+03,0.50668E+03,0.46634E+03,0.48922E+03,1.46224E+03,0.60629E+03,0.58749E+03,0.60278E+03,1.79656E+03,0.57003E+03,0.53712E+03,0.54101E+03,1.64735E+03,-0.43306E+03,-0.41451E+03,-0.41358E+03,-1.26115E+03,-0.26117E+03,-0.26652E+03,-0.23100E+03,-0.75869E+03,-0.69985E+00,-0.70866E+00,-0.72749E+00,-0.71201E+00,-0.88887E+00,-0.86821E+00,-0.90426E+00,-0.88763E+00,0.000E+00,119.859E+00,-119.691E+00,57.522E+00,179.551E+00,-64.612E+00,-45.585E+00,-44.874E+00,-43.323E+00,-44.602E+00,202.111E+00,201.439E+00,201.833E+00,89.655E+00,+99999.9E+99,+99999.9E+99,0.00013E+06,-0.00073E+06,0.00000E+00,14.466E+00,0.757E+03,0.00115E+06,43.814E+00,F0F0F
2021/11/30,17:33:42,00000:00:07,400,38003F00,500,1F00,1F00,3F00,99.905E+00,0.000E+00,0.000E+00,110.966E+00,0.000E+00,0.000E+00,0.509E+00,0.000E+00,0.000E+00,99.904E+00,0.000E+00,0.000E+00,0.000E+00,0.000E+00,0.000E+00,100.918E+00,0.000E+00,0.000E+00,98.789E+00,0.000E+00,0.000E+00,19.512E+00,+99999.9E+99,413.019E+00,1.065E+00,+99999.9E+99,+99999.9E+99,11.9791E+00,0.00000E+00,0.00000E+00,12.2655E+00,0.00000E+00,0.00000E+00,4.6425E+00,0.00000E+00,0.00000E+00,11.0429E+00,0.00000E+00,0.00000E+00,4.7908E+00,0.00000E+00,0.00000E+00,18.4626E+00,0.0000E+00,0.0000E+00,3.5198E+00,0.0000E+00,0.0000E+00,9.197E+00,+99999.9E+99,+99999.9E+99,67.658E+00,+99999.9E+99,+99999.9E+99,1.10112E+03,0.00000E+03,0.00000E+03,0.00000E+03,0.00000E+03,0.00000E+03,1.19677E+03,0.00000E+03,0.00000E+03,0.00000E+03,0.00000E+03,0.00000E+03,0.46883E+03,0.00000E+03,0.00000E+03,0.00000E+03,0.00000E+03,0.00000E+03,0.92007E+00,0.00000E+00,0.00000E+00,0.91552E+00,0.59384E+00,0.78942E+00,0.000E+00,75.744E+00,159.602E+00,156.280E+00,-50.685E+00,-58.267E+00,23.063E+00,90.000E+00,90.000E+00,12.5979E+00,0.00000E+00,0.00000E+00,71.029E+00,100.000E+00,100.000E+00,0.31900E+03,0.00000E+03,0.00000E+03,+99999.9E+99,+99999.9E+99,+99999.9E+99,+99999.9E+99,+99999.9E+99,+99999.9E+99,+99999.9E+99,+99999.9E+99,+99999.9E+99,+99999.9E+99,+99999.9E+99,+99999.9E+99,1B00,0,0,0,1B00,76.2661E+00,76.6117E+00,76.4926E+00,76.4568E+00,72.1887E+00,72.8643E+00,72.6193E+00,72.5574E+00,76.2661E+00,76.6116E+00,76.4926E+00,0.0000E+00,0.0000E+00,0.0000E+00,71.8957E+00,71.7138E+00,71.6590E+00,105.841E+00,106.066E+00,105.789E+00,-104.356E+00,-104.426E+00,-105.014E+00,27.292E+00,26.306E+00,26.942E+00,+99999.9E+99,+99999.9E+99,+99999.9E+99,0.201E+00,8.2879E+00,8.2327E+00,8.1865E+00,8.2357E+00,7.3881E+00,7.3396E+00,7.2900E+00,7.3392E+00,8.2872E+00,8.2316E+00,8.1828E+00,-0.1080E+00,-0.1360E+00,0.2451E+00,9.7742E+00,9.9661E+00,10.3003E+00,22.1529E+00,20.9448E+00,20.7133E+00,-18.7995E+00,-19.2410E+00,-19.6610E+00,48.284E+00,45.834E+00,44.346E+00,+99999.9E+99,+99999.9E+99,+99999.9E+99,4.203E+00,0.26220E+03,0.25683E+03,0.26308E+03,0.78212E+03,0.33813E+03,0.36207E+03,0.36522E+03,1.06542E+03,0.36665E+03,0.36443E+03,0.36333E+03,1.09441E+03,0.39273E+03,0.40445E+03,0.42087E+03,1.21746E+03,-0.25628E+03,-0.25855E+03,-0.25060E+03,-0.76543E+03,-0.19977E+03,-0.18023E+03,-0.20916E+03,-0.58916E+03,-0.71514E+00,-0.70475E+00,-0.72407E+00,-0.71465E+00,-0.86096E+00,-0.89523E+00,-0.86777E+00,-0.87511E+00,0.000E+00,120.135E+00,-120.056E+00,60.493E+00,176.571E+00,-60.146E+00,-44.345E+00,-45.191E+00,-43.608E+00,-44.386E+00,201.554E+00,201.864E+00,201.857E+00,95.172E+00,+99999.9E+99,+99999.9E+99,0.00004E+06,-0.00049E+06,0.00000E+00,9.406E+00,0.756E+03,0.00074E+06,43.759E+00,F0F08
2021/11/30,17:33:42,00000:00:07,450,38003F00,700,1F00,1F00,3F00,99.905E+00,0.000E+00,0.000E+00,110.966E+00,0.000E+00,0.000E+00,0.509E+00,0.000E+00,0.000E+00,99.904E+00,0.000E+00,0.000E+00,0.000E+00,0.000E+00,0.000E+00,100.918E+00,0.000E+00,0.000E+00,98.789E+00,0.000E+00,0.000E+00,65.330E+00,+99999.9E+99,+99999.9E+99,1.065E+00,+99999.9E+99,+99999.9E+99,11.9791E+00,0.00000E+00,0.00000E+00,12.2655E+00,0.00000E+00,0.00000E+00,4.6425E+00,0.00000E+00,0.00000E+00,11.0429E+00,0.00000E+00,0.00000E+00,3.8762E+00,0.00000E+00,0.00000E+00,18.4626E+00,0.0000E+00,0.0000E+00,3.5198E+00,0.0000E+00,0.0000E+00,46.753E+00,+99999.9E+99,+99999.9E+99,67.658E+00,+99999.9E+99,+99999.9E+99,1.10112E+03,0.00000E+03,0.00000E+03,0.00000E+03,0.00000E+03,0.00000E+03,1.19677E+03,0.00000E+03,0.00000E+03,0.00000E+03,0.00000E+03,0.00000E+03,0.46883E+03,0.00000E+03,0.00000E+03,0.00000E+03,0.00000E+03,0.00000E+03,0.92007E+00,0.00000E+00,0.00000E+00,0.89277E+00,0.11557E+00,0.83834E+00,0.000E+00,17.482E+00,118.544E+00,153.223E+00,114.118E+00,151.579E+00,23.063E+00,90.000E+00,90.000E+00,12.5979E+00,0.00000E+00,0.00000E+00,114.115E+00,100.000E+00,100.000E+00,-0.15542E+03,0.00000E+03,0.00000E+03,+99999.9E+99,+99999.9E+99,+99999.9E+99,+99999.9E+99,+99999.9E+99,+99999.9E+99,+99999.9E+99,+99999.9E+99,+99999.9E+99,+99999.9E+99,+99999.9E+99,+99999.9E+99,1B00,0,0,0,1B00,77.0694E+00,77.1679E+00,77.0863E+00,77.1079E+00,72.1274E+00,72.5050E+00,72.2162E+00,72.2829E+00,77.0694E+00,77.1679E+00,77.0863E+00,0.0000E+00,0.0000E+00,0.0000E+00,72.6847E+00,73.1018E+00,72.9624E+00,105.763E+00,106.011E+00,105.847E+00,-104.263E+00,-104.831E+00,-104.867E+00,16.382E+00,16.512E+00,16.903E+00,+99999.9E+99,+99999.9E+99,+99999.9E+99,0.344E+00,13.3930E+00,12.9352E+00,13.1287E+00,13.1523E+00,12.1885E+00,11.7267E+00,11.7860E+00,11.9004E+00,13.3921E+00,12.9311E+00,13.1199E+00,-0.1554E+00,-0.3230E+00,0.4795E+00,6.5006E+00,5.8060E+00,5.7119E+00,27.6252E+00,27.3662E+00,28.5414E+00,-26.2633E+00,-26.9895E+00,-26.7905E+00,49.318E+00,53.948E+00,54.563E+00,+99999.9E+99,+99999.9E+99,+99999.9E+99,7.146E+00,0.42696E+03,0.40634E+03,0.42324E+03,1.25655E+03,0.23410E+03,0.20363E+03,0.22039E+03,0.65813E+03,0.60294E+03,0.58091E+03,0.58952E+03,1.77337E+03,0.26137E+03,0.23502E+03,0.23834E+03,0.73370E+03,-0.42572E+03,-0.41514E+03,-0.41037E+03,-1.25123E+03,-0.11623E+03,-0.11734E+03,-0.09074E+03,-0.32431E+03,-0.70814E+00,-0.69949E+00,-0.71794E+00,-0.70856E+00,-0.89568E+00,-0.86645E+00,-0.92469E+00,-0.89700E+00,0.000E+00,119.936E+00,-119.742E+00,56.597E+00,179.822E+00,-67.492E+00,-44.916E+00,-45.614E+00,-44.115E+00,-44.882E+00,201.637E+00,201.321E+00,201.730E+00,90.831E+00,+99999.9E+99,+99999.9E+99,0.00012E+06,-0.00073E+06,0.00000E+00,14.403E+00,0.757E+03,0.00114E+06,43.706E+00,F0F08
2021/11/30,17:33:42,00000:00:07,500,38003D00,500,1C00,1C00,3800,99.905E+00,0.000E+00,0.000E+00,110.966E+00,0.000E+00,0.000E+00,0.509E+00,0.000E+00,0.000E+00,99.904E+00,0.000E+00,0.000E+00,0.000E+00,0.000E+00,0.000E+00,100.918E+00,0.000E+00,0.000E+00,98.789E+00,0.000E+00,0.000E+00,65.330E+00,+99999.9E+99,+99999.9E+99,1.065E+00,+99999.9E+99,+99999.9E+99,11.9791E+00,0.00000E+00,0.00000E+00,12.2655E+00,0.00000E+00,0.00000E+00,4.6425E+00,0.00000E+00,0.00000E+00,11.0429E+00,0.00000E+00,0.00000E+00,3.8762E+00,0.00000E+00,0.00000E+00,18.4626E+00,0.0000E+00,0.0000E+00,3.5198E+00,0.0000E+00,0.0000E+00,46.753E+00,+99999.9E+99,+99999.9E+99,67.658E+00,+99999.9E+99,+99999.9E+99,1.10112E+03,0.00000E+03,0.00000E+03,0.00000E+03,0.00000E+03,0.00000E+03,1.19677E+03,0.00000E+03,0.00000E+03,0.00000E+03,0.00000E+03,0.00000E+03,0.46883E+03,0.00000E+03,0.00000E+03,0.00000E+03,0.00000E+03,0.00000E+03,0.92007E+00,0.00000E+00,0.00000E+00,0.89277E+00,0.11557E+00,0.83834E+00,0.000E+00,17.482E+00,118.544E+00,153.223E+00,114.118E+00,151.579E+00,23.063E+00,90.000E+00,90.000E+00,12.5979E+00,0.00000E+00,0.00000E+00,95.751E+00,100.000E+00,100.000E+00,0.04679E+03,0.00000E+03,0.00000E+03,+99999.9E+99,+99999.9E+99,+99999.9E+99,+99999.9E+99,+99999.9E+99,+99999.9E+99,+99999.9E+99,+99999.9E+99,+99999.9E+99,+99999.9E+99,+99999.9E+99,+99999.9E+99,1B00,0,0,0,1B00,76.7294E+00,77.0627E+00,76.7949E+00,76.8623E+00,71.8955E+00,72.5079E+00,72.0206E+00,72.1413E+00,76.7294E+00,77.0627E+00,76.7949E+00,0.0000E+00,0.0000E+00,0.0000E+00,69.9979E+00,70.2265E+00,70.1328E+00,105.513E+00,106.144E+00,105.576E+00,-104.486E+00,-104.680E+00,-104.600E+00,38.867E+00,38.739E+00,38.697E+00,+99999.9E+99,+99999.9E+99,+99999.9E+99,0.195E+00,11.8039E+00,11.6427E+00,11.9339E+00,11.7935E+00,10.2376E+00,10.1611E+00,10.3582E+00,10.2523E+00,11.8033E+00,11.6427E+00,11.9339E+00,-0.1186E+00,0.0000E+00,0.0000E+00,15.3289E+00,14.9198E+00,15.1200E+00,27.6210E+00,27.1981E+00,28.7014E+00,-25.9024E+00,-26.8886E+00,-26.7643E+00,39.525E+00,40.505E+00,39.584E+00,+99999.9E+99,+99999.9E+99,+99999.9E+99,1.700E+00,0.34558E+03,0.34824E+03,0.36052E+03,1.05433E+03,0.53996E+03,0.52384E+03,0.54099E+03,1.60479E+03,0.52659E+03,0.52096E+03,0.53467E+03,1.58223E+03,0.61852E+03,0.60131E+03,0.61145E+03,1.83113E+03,-0.39733E+03,-0.38747E+03,-0.39484E+03,-1.17965E+03,-0.30169E+03,-0.29523E+03,-0.28496E+03,-0.88188E+03,-0.65626E+00,-0.66844E+00,-0.67428E+00,-0.66636E+00,-0.87298E+00,-0.87117E+00,-0.88476E+00,-0.87639E+00,0.000E+00,119.975E+00,-119.847E+00,59.303E+00,179.337E+00,-62.136E+00,-48.985E+00,-48.053E+00,-47.602E+00,-48.213E+00,201.803E+00,202.137E+00,201.500E+00,90.893E+00,+99999.9E+99,+99999.9E+99,0.00010E+06,-0.00061E+06,0.00000E+00,12.101E+00,0.756E+03,0.00096E+06,43.790E+00,F0F08
2021/11/30,17:33:42,00000:00:07,550,38003F00,2A00,3B00,3B00,3F00,99.878E+00,0.000E+00,0.000E+00,110.935E+00,0.000E+00,0.000E+00,0.501E+00,0.000E+00,0.000E+00,99.877E+00,0.000E+00,0.000E+00,0.000E+00,0.000E+00,0.000E+00,100.989E+00,0.000E+00,0.000E+00,98.771E+00,0.000E+00,0.000E+00,36.414E+00,+99999.9E+99,353.626E+00,1.110E+00,+99999.9E+99,+99999.9E+99,11.9889E+00,0.00000E+00,0.00000E+00,12.2903E+00,0.00000E+00,0.00000E+00,4.6146E+00,0.00000E+00,0.00000E+00,11.0652E+00,0.00000E+00,0.00000E+00,4.3502E+00,0.00000E+00,0.00000E+00,18.4393E+00,0.0000E+00,0.0000E+00,3.4636E+00,0.0000E+00,0.0000E+00,43.765E+00,+99999.9E+99,491.236E+00,67.670E+00,+99999.9E+99,+99999.9E+99,1.10307E+03,0.00000E+03,0.00000E+03,0.00000E+03,0.00000E+03,0.00000E+03,1.19742E+03,0.00000E+03,0.00000E+03,0.00000E+03,0.00000E+03,0.00000E+03,0.46589E+03,0.00000E+03,0.00000E+03,0.00000E+03,0.00000E+03,0.00000E+03,0.92121E+00,0.00000E+00,0.00000E+00,0.92911E+00,0.89129E+00,0.93918E+00,0.000E+00,44.991E+00,169.173E+00,158.296E+00,-161.974E+00,-30.913E+00,22.897E+00,90.000E+00,90.000E+00,0.00000E+00,0.00000E+00,0.00000E+00,77.818E+00,100.000E+00,100.000E+00,0.24468E+03,0.00000E+03,0.00000E+03,+99999.9E+99,+99999.9E+99,+99999.9E+99,+99999.9E+99,+99999.9E+99,+99999.9E+99,+99999.9E+99,+99999.9E+99,+99999.9E+99,+99999.9E+99,+99999.9E+99,+99999.9E+99,1B00,0,0,0,1B00,76.5198E+00,76.5646E+00,76.5156E+00,76.5333E+00,72.3813E+00,72.6756E+00,72.4249E+00,72.4939E+00,76.5198E+00,76.5646E+00,76.5156E+00,0.0000E+00,0.0000E+00,0.0000E+00,72.7993E+00,72.6301E+00,72.5649E+00,105.706E+00,106.011E+00,105.777E+00,-105.056E+00,-104.557E+00,-104.251E+00,17.601E+00,17.224E+00,17.312E+00,+99999.9E+99,+99999.9E+99,+99999.9E+99,0.195E+00,9.5062E+00,8.9995E+00,9.1445E+00,9.2168E+00,8.2872E+00,7.8649E+00,7.9176E+00,8.0232E+00,9.5048E+00,8.9963E+00,9.1356E+00,-0.1619E+00,-0.2421E+00,0.4050E+00,5.6895E+00,5.9768E+00,6.3850E+00,25.8233E+00,23.7743E+00,24.7710E+00,-26.1009E+00,-25.1176E+00,-22.0100E+00,60.443E+00,55.931E+00,52.766E+00,+99999.9E+99,+99999.9E+99,+99999.9E+99,5.120E+00,0.29336E+03,0.27512E+03,0.28991E+03,0.85839E+03,0.19810E+03,0.21445E+03,0.21865E+03,0.63121E+03,0.42242E+03,0.39883E+03,0.40518E+03,1.22644E+03,0.23607E+03,0.24237E+03,0.25638E+03,0.73430E+03,-0.30394E+03,-0.28875E+03,-0.28306E+03,-0.87575E+03,-0.12840E+03,-0.11293E+03,-0.13387E+03,-0.37520E+03,-0.69447E+00,-0.68981E+00,-0.71550E+00,-0.69991E+00,-0.83916E+00,-0.88482E+00,-0.85285E+00,-0.85961E+00,0.000E+00,120.130E+00,-120.054E+00,62.869E+00,177.874E+00,-58.470E+00,-46.015E+00,-46.385E+00,-44.315E+00,-45.581E+00,201.401E+00,201.095E+00,201.806E+00,94.509E+00,+99999.9E+99,+99999.9E+99,0.00005E+06,-0.00054E+06,0.00000E+00,10.256E+00,0.755E+03,0.00081E+06,43.743E+00,F0F08
2021/11/30,17:33:42,00000:00:07,600,38003F00,2D00,3F00,3F00,3F00,99.878E+00,0.000E+00,0.000E+00,110.935E+00,0.000E+00,0.000E+00,0.501E+00,0.000E+00,0.000E+00,99.877E+00,0.000E+00,0.000E+00,0.000E+00,0.000E+00,0.000E+00,100.989E+00,0.000E+00,0.000E+00,98.771E+00,0.000E+00,0.000E+00,36.414E+00,+99999.9E+99,353.626E+00,1.110E+00,+99999.9E+99,+99999.9E+99,11.9889E+00,0.00000E+00,0.00000E+00,12.2903E+00,0.00000E+00,0.00000E+00,4.6146E+00,0.00000E+00,0.00000E+00,11.0652E+00,0.00000E+00,0.00000E+00,4.3502E+00,0.00000E+00,0.00000E+00,18.4393E+00,0.0000E+00,0.0000E+00,3.4636E+00,0.0000E+00,0.0000E+00,43.765E+00,+99999.9E+99,491.236E+00,67.670E+00,+99999.9E+99,+99999.9E+99,1.10307E+03,0.00000E+03,0.00000E+03,0.00000E+03,0.00000E+03,0.00000E+03,1.19742E+03,0.00000E+03,0.00000E+03,0.00000E+03,0.00000E+03,0.00000E+03,0.46589E+03,0.00000E+03,0.00000E+03,0.00000E+03,0.00000E+03,0.00000E+03,0.92121E+00,0.00000E+00,0.00000E+00,0.92911E+00,0.89129E+00,0.93918E+00,0.000E+00,44.991E+00,169.173E+00,158.296E+00,-161.974E+00,-30.913E+00,22.897E+00,90.000E+00,90.000E+00,0.00000E+00,0.00000E+00,0.00000E+00,122.062E+00,100.000E+00,100.000E+00,-0.24336E+03,0.00000E+03,0.00000E+03,+99999.9E+99,+99999.9E+99,+99999.9E+99,+99999.9E+99,+99999.9E+99,+99999.9E+99,+99999.9E+99,+99999.9E+99,+99999.9E+99,+99999.9E+99,+99999.9E+99,+99999.9E+99,1B00,0,0,0,1B00,76.9768E+00,77.4182E+00,77.2969E+00,77.2306E+00,71.6454E+00,72.4775E+00,72.2581E+00,72.1270E+00,76.9768E+00,77.4182E+00,77.2969E+00,0.0000E+00,0.0000E+00,0.0000E+00,71.6649E+00,72.2438E+00,72.0190E+00,105.433E+00,106.124E+00,105.534E+00,-104.531E+00,-104.611E+00,-105.160E+00,24.986E+00,25.200E+00,25.222E+00,+99999.9E+99,+99999.9E+99,+99999.9E+99,0.464E+00,13.8679E+00,13.5480E+00,13.6846E+00,13.7002E+00,12.9876E+00,12.8012E+00,12.7632E+00,12.8507E+00,13.8671E+00,13.5455E+00,13.6785E+00,-0.1529E+00,-0.2566E+00,0.4106E+00,10.0517E+00,9.2081E+00,9.3543E+00,27.3905E+00,26.7705E+00,28.2990E+00,-26.1314E+00,-26.6824E+00,-26.1609E+00,44.246E+00,47.079E+00,47.180E+00,+99999.9E+99,+99999.9E+99,+99999.9E+99,6.539E+00,0.45299E+03,0.44132E+03,0.45212E+03,1.34643E+03,0.36641E+03,0.32231E+03,0.34676E+03,1.03547E+03,0.62422E+03,0.61019E+03,0.61841E+03,1.85282E+03,0.41048E+03,0.37334E+03,0.37744E+03,1.15984E+03,-0.42947E+03,-0.42139E+03,-0.42192E+03,-1.27279E+03,-0.18505E+03,-0.18841E+03,-0.14906E+03,-0.52252E+03,-0.72569E+00,-0.72325E+00,-0.73110E+00,-0.72669E+00,-0.89262E+00,-0.86331E+00,-0.91871E+00,-0.89277E+00,0.000E+00,119.935E+00,-119.639E+00,57.058E+00,-179.855E+00,-66.541E+00,-43.473E+00,-43.677E+00,-43.021E+00,-43.390E+00,201.472E+00,201.888E+00,200.832E+00,90.369E+00,+99999.9E+99,+99999.9E+99,0.00013E+06,-0.00078E+06,0.00000E+00,15.361E+00,0.756E+03,0.00122E+06,43.685E+00,F0F08
2021/11/30,17:33:42,00000:00:07,650,38003F00,2800,3B00,3B00,3F00,100.032E+00,0.000E+00,0.000E+00,111.106E+00,0.000E+00,0.000E+00,0.478E+00,0.000E+00,0.000E+00,100.031E+00,0.000E+00,0.000E+00,0.000E+00,0.000E+00,0.000E+00,100.904E+00,0.000E+00,0.000E+00,98.850E+00,0.000E+00,0.000E+00,36.414E+00,+99999.9E+99,353.626E+00,1.026E+00,+99999.9E+99,+99999.9E+99,11.1706E+00,0.00000E+00,0.00000E+00,11.4975E+00,0.00000E+00,0.00000E+00,4.1991E+00,0.00000E+00,0.00000E+00,10.3514E+00,0.00000E+00,0.00000E+00,4.3502E+00,0.00000E+00,0.00000E+00,17.5152E+00,0.0000E+00,0.0000E+00,4.2971E+00,0.0000E+00,0.0000E+00,43.765E+00,+99999.9E+99,491.236E+00,63.847E+00,+99999.9E+99,+99999.9E+99,1.03366E+03,0.00000E+03,0.00000E+03,0.00000E+03,0.00000E+03,0.00000E+03,1.11742E+03,0.00000E+03,0.00000E+03,0.00000E+03,0.00000E+03,0.00000E+03,0.42446E+03,0.00000E+03,0.00000E+03,0.00000E+03,0.00000E+03,0.00000E+03,0.92505E+00,0.00000E+00,0.00000E+00,0.92911E+00,0.89129E+00,0.93918E+00,0.000E+00,44.991E+00,169.173E+00,158.296E+00,-161.974E+00,-30.913E+00,22.325E+00,90.000E+00,90.000E+00,9.30536E+00,0.00000E+00,0.00000E+00,86.449E+00,100.000E+00,100.000E+00,0.14007E+03,0.00000E+03,0.00000E+03,+99999.9E+99,+99999.9E+99,+99999.9E+99,+99999.9E+99,+99999.9E+99,+99999.9E+99,+99999.9E+99,+99999.9E+99,+99999.9E+99,+99999.9E+99,+99999.9E+99,+99999.9E+99,1B00,0,0,0,1B00,76.6732E+00,76.6434E+00,76.3506E+00,76.5557E+00,72.5674E+00,72.6855E+00,72.0259E+00,72.4263E+00,76.6732E+00,76.6434E+00,76.3506E+00,0.0000E+00,0.0000E+00,0.0000E+00,70.1871E+00,70.2063E+00,70.1038E+00,105.770E+00,105.907E+00,105.841E+00,-103.943E+00,-106.693E+00,-104.719E+00,37.869E+00,37.549E+00,37.747E+00,+99999.9E+99,+99999.9E+99,+99999.9E+99,0.075E+00,9.8520E+00,9.4536E+00,10.0598E+00,9.7885E+00,8.5487E+00,8.2069E+00,8.6139E+00,8.4565E+00,9.8514E+00,9.4536E+00,10.0597E+00,-0.1098E+00,0.0000E+00,0.0000E+00,14.5122E+00,14.3911E+00,14.7387E+00,26.4752E+00,25.0605E+00,27.2490E+00,-25.5200E+00,-23.4419E+00,-26.6914E+00,41.140E+00,41.195E+00,39.814E+00,+99999.9E+99,+99999.9E+99,+99999.9E+99,1.447E+00,0.29218E+03,0.29095E+03,0.31046E+03,0.89359E+03,0.50614E+03,0.50803E+03,0.51988E+03,1.53404E+03,0.43793E+03,0.42061E+03,0.44621E+03,1.30476E+03,0.58661E+03,0.58103E+03,0.59511E+03,1.76265E+03,-0.32622E+03,-0.30374E+03,-0.32050E+03,-0.95046E+03,-0.29654E+03,-0.28196E+03,-0.28963E+03,-0.86813E+03,-0.66717E+00,-0.69175E+00,-0.69577E+00,-0.68487E+00,-0.86282E+00,-0.87436E+00,-0.87358E+00,-0.87030E+00,0.000E+00,120.074E+00,-119.952E+00,60.372E+00,179.064E+00,-60.794E+00,-48.151E+00,-46.232E+00,-45.911E+00,-46.774E+00,201.753E+00,201.515E+00,202.350E+00,91.937E+00,+99999.9E+99,+99999.9E+99,0.00007E+06,-0.00053E+06,0.00000E+00,10.381E+00,0.756E+03,0.00082E+06,43.812E+00,F0F08
2021/11/30,17:33:42,00000:00:07,700,38003800,0,1800,1800,3800,99.912E+00,0.000E+00,0.000E+00,110.973E+00,0.000E+00,0.000E+00,0.512E+00,0.000E+00,0.000E+00,99.910E+00,0.000E+00,0.000E+00,0.000E+00,0.000E+00,0.000E+00,100.911E+00,0.000E+00,0.000E+00,98.829E+00,0.000E+00,0.000E+00,100.428E+00,+99999.9E+99,412.634E+00,1.042E+00,+99999.9E+99,+99999.9E+99,11.9726E+00,0.00000E+00,0.00000E+00,12.2734E+00,0.00000E+00,0.00000E+00,4.6089E+00,0.00000E+00,0.00000E+00,11.0499E+00,0.00000E+00,0.00000E+00,2.9725E+00,0.00000E+00,0.00000E+00,18.3374E+00,0.0000E+00,0.0000E+00,4.1538E+00,0.0000E+00,0.0000E+00,98.598E+00,+99999.9E+99,+99999.9E+99,64.179E+00,+99999.9E+99,+99999.9E+99,1.10188E+03,0.00000E+03,0.00000E+03,0.00000E+03,0.00000E+03,0.00000E+03,1.19620E+03,0.00000E+03,0.00000E+03,0.00000E+03,0.00000E+03,0.00000E+03,0.46557E+03,0.00000E+03,0.00000E+03,0.00000E+03,0.00000E+03,0.00000E+03,0.92115E+00,0.00000E+00,0.00000E+00,0.82117E+00,0.76193E+00,0.04607E+00,0.000E+00,-0.355E+00,150.106E+00,145.202E+00,-139.989E+00,57.466E+00,22.905E+00,90.000E+00,90.000E+00,12.6073E+00,0.00000E+00,0.00000E+00,96.558E+00,100.000E+00,100.000E+00,0.03793E+03,0.00000E+03,0.00000E+03,+99999.9E+99,+99999.9E+99,+99999.9E+99,+99999.9E+99,+99999.9E+99,+99999.9E+99,+99999.9E+99,+99999.9E+99,+99999.9E+99,+99999.9E+99,+99999.9E+99,+99999.9E+99,1B00,0,0,0,1B00,76.5127E+00,76.9786E+00,77.0109E+00,76.8341E+00,71.8462E+00,72.7501E+00,72.7840E+00,72.4601E+00,76.5127E+00,76.9786E+00,77.0109E+00,0.0000E+00,0.0000E+00,0.0000E+00,72.9900E+00,72.9799E+00,72.8706E+00,105.864E+00,106.077E+00,105.727E+00,-104.741E+00,-104.514E+00,-104.677E+00,15.624E+00,15.473E+00,15.525E+00,+99999.9E+99,+99999.9E+99,+99999.9E+99,0.108E+00,11.8035E+00,11.5516E+00,11.3565E+00,11.5706E+00,10.1827E+00,10.0378E+00,9.7509E+00,9.9905E+00,11.8024E+00,11.5454E+00,11.3435E+00,-0.1629E+00,-0.3790E+00,0.5429E+00,5.3400E+00,5.2564E+00,5.6594E+00,27.7090E+00,27.1705E+00,28.6062E+00,-26.8281E+00,-27.2429E+00,-26.1681E+00,57.346E+00,56.483E+00,52.507E+00,+99999.9E+99,+99999.9E+99,+99999.9E+99,3.447E+00,0.36578E+03,0.34653E+03,0.35164E+03,1.06396E+03,0.19114E+03,0.19713E+03,0.20454E+03,0.59281E+03,0.52694E+03,0.51482E+03,0.50871E+03,1.55047E+03,0.21980E+03,0.21942E+03,0.23083E+03,0.66983E+03,-0.37930E+03,-0.38073E+03,-0.36760E+03,-1.12763E+03,-0.10851E+03,-0.09635E+03,-0.10698E+03,-0.31185E+03,-0.69416E+00,-0.67312E+00,-0.69125E+00,-0.68622E+00,-0.86963E+00,-0.89842E+00,-0.88612E+00,-0.88502E+00,0.000E+00,120.100E+00,-119.961E+00,59.577E+00,176.102E+00,-62.296E+00,-46.040E+00,-47.692E+00,-46.271E+00,-46.669E+00,201.785E+00,201.791E+00,201.208E+00,92.821E+00,+99999.9E+99,+99999.9E+99,0.00008E+06,-0.00064E+06,0.00000E+00,12.477E+00,0.756E+03,0.00099E+06,43.812E+00,F0F0F
2021/11/30,17:33:42,00000:00:07,750,38003F00,700,1F00,1F00,3F00,99.912E+00,0.000E+00,0.000E+00,110.973E+00,0.000E+00,0.000E+00,0.512E+00,0.000E+00,0.000E+00,99.910E+00,0.000E+00,0.000E+00,0.000E+00,0.000E+00,0.000E+00,100.911E+00,0.000E+00,0.000E+00,98.829E+00,0.000E+00,0.000E+00,19.985E+00,+99999.9E+99,339.769E+00,1.042E+00,+99999.9E+99,+99999.9E+99,11.9726E+00,0.00000E+00,0.00000E+00,12.2734E+00,0.00000E+00,0.00000E+00,4.6089E+00,0.00000E+00,0.00000E+00,11.0499E+00,0.00000E+00,0.00000E+00,4.6678E+00,0.00000E+00,0.00000E+00,18.3374E+00,0.0000E+00,0.0000E+00,4.1538E+00,0.0000E+00,0.0000E+00,12.078E+00,+99999.9E+99,+99999.9E+99,64.179E+00,+99999.9E+99,+99999.9E+99,1.10188E+03,0.00000E+03,0.00000E+03,0.00000E+03,0.00000E+03,0.00000E+03,1.19620E+03,0.00000E+03,0.00000E+03,0.00000E+03,0.00000E+03,0.00000E+03,0.46557E+03,0.00000E+03,0.00000E+03,0.00000E+03,0.00000E+03,0.00000E+03,0.92115E+00,0.00000E+00,0.00000E+00,0.91757E+00,0.90044E+00,0.63061E+00,0.000E+00,-101.266E+00,165.208E+00,156.574E+00,-127.051E+00,-143.887E+00,22.905E+00,90.000E+00,90.000E+00,12.6073E+00,0.00000E+00,0.00000E+00,118.117E+00,100.000E+00,100.000E+00,-0.19963E+03,0.00000E+03,0.00000E+03,+99999.9E+99,+99999.9E+99,+99999.9E+99,+99999.9E+99,+99999.9E+99,+99999.9E+99,+99999.9E+99,+99999.9E+99,+99999.9E+99,+99999.9E+99,+99999.9E+99,+99999.9E+99,1B00,0,0,0,1B00,77.1991E+00,77.2277E+00,77.0034E+00,77.1434E+00,72.2180E+00,72.4475E+00,71.9082E+00,72.1913E+00,77.1991E+00,77.2277E+00,77.0034E+00,0.0000E+00,0.0000E+00,0.0000E+00,70.9638E+00,71.6611E+00,71.4600E+00,105.327E+00,105.711E+00,105.637E+00,-104.393E+00,-105.130E+00,-104.834E+00,30.502E+00,30.644E+00,30.560E+00,+99999.9E+99,+99999.9E+99,+99999.9E+99,0.573E+00,13.6433E+00,13.2007E+00,13.5947E+00,13.4796E+00,12.5669E+00,12.1367E+00,12.4982E+00,12.4006E+00,13.6422E+00,13.2007E+00,13.5933E+00,-0.1733E+00,0.0000E+00,0.1912E+00,12.5491E+00,11.3840E+00,11.5417E+00,27.6781E+00,27.2386E+00,28.5981E+00,-26.6295E+00,-26.7509E+00,-26.7462E+00,40.688E+00,44.142E+00,43.952E+00,+99999.9E+99,+99999.9E+99,+99999.9E+99,6.084E+00,0.43181E+03,0.42323E+03,0.44647E+03,1.30151E+03,0.45085E+03,0.39962E+03,0.42785E+03,1.27832E+03,0.61479E+03,0.59471E+03,0.61131E+03,1.82080E+03,0.50500E+03,0.46297E+03,0.46726E+03,1.43367E+03,-0.43761E+03,-0.41780E+03,-0.41757E+03,-1.27298E+03,-0.22750E+03,-0.23378E+03,-0.18781E+03,-0.64909E+03,-0.70238E+00,-0.71165E+00,-0.73035E+00,-0.71480E+00,-0.89278E+00,-0.86315E+00,-0.91566E+00,-0.89164E+00,0.000E+00,119.869E+00,-119.587E+00,57.096E+00,-179.898E+00,-66.112E+00,-45.382E+00,-44.630E+00,-43.084E+00,-44.373E+00,201.338E+00,201.515E+00,201.843E+00,89.611E+00,+99999.9E+99,+99999.9E+99,0.00014E+06,-0.00074E+06,0.00000E+00,14.707E+00,0.757E+03,0.00117E+06,43.581E+00,F0F08
2021/11/30,17:33:43,00000:00:07,800,38003F00,500,1F00,1F00,3F00,99.912E+00,0.000E+00,0.000E+00,110.973E+00,0.000E+00,0.000E+00,0.512E+00,0.000E+00,0.000E+00,99.910E+00,0.000E+00,0.000E+00,0.000E+00,0.000E+00,0.000E+00,100.911E+00,0.000E+00,0.000E+00,98.829E+00,0.000E+00,0.000E+00,19.985E+00,+99999.9E+99,339.769E+00,1.042E+00,+99999.9E+99,+99999.9E+99,11.9726E+00,0.00000E+00,0.00000E+00,12.2734E+00,0.00000E+00,0.00000E+00,4.6089E+00,0.00000E+00,0.00000E+00,11.0499E+00,0.00000E+00,0.00000E+00,4.6678E+00,0.00000E+00,0.00000E+00,18.3374E+00,0.0000E+00,0.0000E+00,4.1538E+00,0.0000E+00,0.0000E+00,12.078E+00,+99999.9E+99,+99999.9E+99,64.179E+00,+99999.9E+99,+99999.9E+99,1.10188E+03,0.00000E+03,0.00000E+03,0.00000E+03,0.00000E+03,0.00000E+03,1.19620E+03,0.00000E+03,0.00000E+03,0.00000E+03,0.00000E+03,0.00000E+03,0.46557E+03,0.00000E+03,0.00000E+03,0.00000E+03,0.00000E+03,0.00000E+03,0.92115E+00,0.00000E+00,0.00000E+00,0.91757E+00,0.90044E+00,0.63061E+00,0.000E+00,-101.266E+00,165.208E+00,156.574E+00,-127.051E+00,-143.887E+00,22.905E+00,90.000E+00,90.000E+00,12.6073E+00,0.00000E+00,0.00000E+00,66.956E+00,100.000E+00,100.000E+00,0.36411E+03,0.00000E+03,0.00000E+03,+99999.9E+99,+99999.9E+99,+99999.9E+99,+99999.9E+99,+99999.9E+99,+99999.9E+99,+99999.9E+99,+99999.9E+99,+99999.9E+99,+99999.9E+99,+99999.9E+99,+99999.9E+99,1B00,0,0,0,1B00,76.2603E+00,76.6655E+00,76.4858E+00,76.4706E+00,72.0494E+00,72.7921E+00,72.4854E+00,72.4423E+00,76.2603E+00,76.6655E+00,76.4858E+00,0.0000E+00,0.0000E+00,0.0000E+00,71.2753E+00,71.1674E+00,70.9951E+00,105.850E+00,106.134E+00,105.814E+00,-105.124E+00,-104.941E+00,-104.437E+00,32.016E+00,31.278E+00,31.903E+00,+99999.9E+99,+99999.9E+99,+99999.9E+99,0.237E+00,7.9928E+00,7.9596E+00,7.8807E+00,7.9444E+00,7.1008E+00,7.0914E+00,7.0001E+00,7.0641E+00,7.9920E+00,7.9584E+00,7.8768E+00,-0.1132E+00,-0.1351E+00,0.2492E+00,11.7987E+00,11.8062E+00,12.4159E+00,21.9957E+00,20.3443E+00,20.1614E+00,-18.6229E+00,-19.1090E+00,-19.3700E+00,44.977E+00,43.816E+00,41.835E+00,+99999.9E+99,+99999.9E+99,+99999.9E+99,3.391E+00,0.24752E+03,0.24274E+03,0.24752E+03,0.73778E+03,0.40707E+03,0.42819E+03,0.43499E+03,1.27026E+03,0.35308E+03,0.35232E+03,0.34964E+03,1.05504E+03,0.47361E+03,0.48156E+03,0.49996E+03,1.45467E+03,-0.25180E+03,-0.25536E+03,-0.24695E+03,-0.75410E+03,-0.24207E+03,-0.22035E+03,-0.24647E+03,-0.70889E+03,-0.70102E+00,-0.68898E+00,-0.70792E+00,-0.69929E+00,-0.85951E+00,-0.88917E+00,-0.87004E+00,-0.87322E+00,0.000E+00,120.212E+00,-119.976E+00,60.683E+00,177.363E+00,-60.305E+00,-45.491E+00,-46.451E+00,-44.934E+00,-45.630E+00,202.307E+00,201.977E+00,201.919E+00,95.702E+00,+99999.9E+99,+99999.9E+99,0.00003E+06,-0.00046E+06,0.00000E+00,8.922E+00,0.756E+03,0.00071E+06,43.969E+00,F0F08
2021/11/30,17:33:43,00000:00:07,850,38003F00,700,1F00,1F00,3F00,99.912E+00,0.000E+00,0.000E+00,110.973E+00,0.000E+00,0.000E+00,0.512E+00,0.000E+00,0.000E+00,99.910E+00,0.000E+00,0.000E+00,0.000E+00,0.000E+00,0.000E+00,100.911E+00,0.000E+00,0.000E+00,98.829E+00,0.000E+00,0.000E+00,62.964E+00,+99999.9E+99,424.018E+00,1.042E+00,+99999.9E+99,+99999.9E+99,11.9726E+00,0.00000E+00,0.00000E+00,12.2734E+00,0.00000E+00,0.00000E+00,4.6089E+00,0.00000E+00,0.00000E+00,11.0499E+00,0.00000E+00,0.00000E+00,4.1423E+00,0.00000E+00,0.00000E+00,18.3374E+00,0.0000E+00,0.0000E+00,4.1538E+00,0.0000E+00,0.0000E+00,46.421E+00,+99999.9E+99,+99999.9E+99,64.179E+00,+99999.9E+99,+99999.9E+99,1.10188E+03,0.00000E+03,0.00000E+03,0.00000E+03,0.00000E+03,0.00000E+03,1.19620E+03,0.00000E+03,0.00000E+03,0.00000E+03,0.00000E+03,0.00000E+03,0.46557E+03,0.00000E+03,0.00000E+03,0.00000E+03,0.00000E+03,0.00000E+03,0.92115E+00,0.00000E+00,0.00000E+00,0.90049E+00,0.96080E+00,0.11099E+00,0.000E+00,-90.675E+00,133.963E+00,154.222E+00,105.421E+00,37.590E+00,22.905E+00,90.000E+00,90.000E+00,12.6073E+00,0.00000E+00,0.00000E+00,115.178E+00,100.000E+00,100.000E+00,-0.16725E+03,0.00000E+03,0.00000E+03,+99999.9E+99,+99999.9E+99,+99999.9E+99,+99999.9E+99,+99999.9E+99,+99999.9E+99,+99999.9E+99,+99999.9E+99,+99999.9E+99,+99999.9E+99,+99999.9E+99,+99999.9E+99,1B00,0,0,0,1B00,77.0629E+00,77.1724E+00,77.0955E+00,77.1103E+00,72.1370E+00,72.5288E+00,72.2609E+00,72.3089E+00,77.0629E+00,77.1724E+00,77.0955E+00,0.0000E+00,0.0000E+00,0.0000E+00,73.0203E+00,73.2409E+00,73.1221E+00,105.843E+00,106.027E+00,105.777E+00,-104.493E+00,-105.199E+00,-104.957E+00,13.796E+00,13.895E+00,14.052E+00,+99999.9E+99,+99999.9E+99,+99999.9E+99,0.178E+00,13.4740E+00,13.0142E+00,13.2188E+00,13.2357E+00,12.2790E+00,11.7995E+00,11.8745E+00,11.9843E+00,13.4730E+00,13.0105E+00,13.2103E+00,-0.1614E+00,-0.3120E+00,0.4746E+00,4.9057E+00,4.4985E+00,4.5785E+00,27.7452E+00,27.1833E+00,28.6457E+00,-26.4533E+00,-27.2329E+00,-26.7629E+00,57.701E+00,61.606E+00,59.867E+00,+99999.9E+99,+99999.9E+99,+99999.9E+99,4.076E+00,0.43116E+03,0.40994E+03,0.42802E+03,1.26913E+03,0.17423E+03,0.16109E+03,0.17110E+03,0.50642E+03,0.60664E+03,0.58475E+03,0.59397E+03,1.78535E+03,0.20007E+03,0.18727E+03,0.19126E+03,0.57835E+03,-0.42674E+03,-0.41698E+03,-0.41182E+03,-1.25554E+03,-0.09834E+03,-0.09551E+03,-0.08548E+03,-0.27932E+03,-0.71075E+00,-0.70106E+00,-0.72062E+00,-0.71086E+00,-0.87087E+00,-0.86018E+00,-0.89457E+00,-0.87564E+00,0.000E+00,120.010E+00,-119.846E+00,59.539E+00,-179.382E+00,-63.343E+00,-44.704E+00,-45.488E+00,-43.895E+00,-44.695E+00,201.029E+00,201.174E+00,201.473E+00,91.043E+00,+99999.9E+99,+99999.9E+99,0.00011E+06,-0.00075E+06,0.00000E+00,14.585E+00,0.757E+03,0.00116E+06,43.551E+00,F0F08
2021/11/30,17:33:43,00000:00:07,900,38003800,2800,3800,3800,3800,99.867E+00,0.000E+00,0.000E+00,110.923E+00,0.000E+00,0.000E+00,0.511E+00,0.000E+00,0.000E+00,99.866E+00,0.000E+00,0.000E+00,0.000E+00,0.000E+00,0.000E+00,101.007E+00,0.000E+00,0.000E+00,98.746E+00,0.000E+00,0.000E+00,62.964E+00,+99999.9E+99,424.018E+00,1.132E+00,+99999.9E+99,+99999.9E+99,12.1022E+00,0.00000E+00,0.00000E+00,12.3947E+00,0.00000E+00,0.00000E+00,4.6837E+00,0.00000E+00,0.00000E+00,11.1591E+00,0.00000E+00,0.00000E+00,4.1423E+00,0.00000E+00,0.00000E+00,18.4479E+00,0.0000E+00,0.0000E+00,3.6374E+00,0.0000E+00,0.0000E+00,46.421E+00,+99999.9E+99,+99999.9E+99,66.360E+00,+99999.9E+99,+99999.9E+99,1.11227E+03,0.00000E+03,0.00000E+03,0.00000E+03,0.00000E+03,0.00000E+03,1.20861E+03,0.00000E+03,0.00000E+03,0.00000E+03,0.00000E+03,0.00000E+03,0.47287E+03,0.00000E+03,0.00000E+03,0.00000E+03,0.00000E+03,0.00000E+03,0.92028E+00,0.00000E+00,0.00000E+00,0.90049E+00,0.96080E+00,0.11099E+00,0.000E+00,-90.675E+00,133.963E+00,154.222E+00,105.421E+00,37.590E+00,23.032E+00,90.000E+00,90.000E+00,0.00000E+00,0.00000E+00,0.00000E+00,98.501E+00,100.000E+00,100.000E+00,0.01667E+03,0.00000E+03,0.00000E+03,+99999.9E+99,+99999.9E+99,+99999.9E+99,+99999.9E+99,+99999.9E+99,+99999.9E+99,+99999.9E+99,+99999.9E+99,+99999.9E+99,+99999.9E+99,+99999.9E+99,+99999.9E+99,1B00,0,0,0,1B00,76.7349E+00,77.0796E+00,76.8222E+00,76.8789E+00,72.0062E+00,72.6494E+00,72.1710E+00,72.2755E+00,76.7349E+00,77.0796E+00,76.8222E+00,0.0000E+00,0.0000E+00,0.0000E+00,70.0924E+00,70.4500E+00,70.3844E+00,105.413E+00,106.069E+00,105.551E+00,-104.466E+00,-104.796E+00,-104.763E+00,37.777E+00,37.782E+00,37.620E+00,+99999.9E+99,+99999.9E+99,+99999.9E+99,0.317E+00,11.9691E+00,11.7997E+00,12.0702E+00,11.9463E+00,10.5004E+00,10.4194E+00,10.6069E+00,10.5089E+00,11.9686E+00,11.7997E+00,12.0702E+00,-0.1170E+00,0.0000E+00,0.0000E+00,15.1737E+00,14.6046E+00,14.6346E+00,27.5800E+00,27.0710E+00,28.5019E+00,-26.3329E+00,-27.0962E+00,-26.0643E+00,39.141E+00,40.493E+00,40.267E+00,+99999.9E+99,+99999.9E+99,+99999.9E+99,2.664E+00,0.35983E+03,0.36163E+03,0.37413E+03,1.09560E+03,0.54113E+03,0.51257E+03,0.53167E+03,1.58537E+03,0.53464E+03,0.52838E+03,0.54134E+03,1.60435E+03,0.61303E+03,0.58830E+03,0.59427E+03,1.79523E+03,-0.39542E+03,-0.38523E+03,-0.39125E+03,-1.17190E+03,-0.28807E+03,-0.28872E+03,-0.26550E+03,-0.84229E+03,-0.67304E+00,-0.68443E+00,-0.69113E+00,-0.68289E+00,-0.88271E+00,-0.87129E+00,-0.89465E+00,-0.88310E+00,0.000E+00,119.893E+00,-119.798E+00,58.199E+00,179.252E+00,-63.400E+00,-47.698E+00,-46.810E+00,-46.281E+00,-46.930E+00,202.045E+00,201.900E+00,201.705E+00,90.199E+00,+99999.9E+99,+99999.9E+99,0.00011E+06,-0.00063E+06,0.00000E+00,12.474E+00,0.756E+03,0.00099E+06,43.837E+00,F0F08
2021/11/30,17:33:43,00000:00:07,950,38003F00,2D00,3F00,3F00,3F00,99.867E+00,0.000E+00,0.000E+00,110.923E+00,0.000E+00,0.000E+00,0.511E+00,0.000E+00,0.000E+00,99.866E+00,0.000E+00,0.000E+00,0.000E+00,0.000E+00,0.000E+00,101.007E+00,0.000E+00,0.000E+00,98.746E+00,0.000E+00,0.000E+00,39.866E+00,447.555E+00,+99999.9E+99,1.132E+00,+99999.9E+99,+99999.9E+99,12.1022E+00,0.00000E+00,0.00000E+00,12.3947E+00,0.00000E+00,0.00000E+00,4.6837E+00,0.00000E+00,0.00000E+00,11.1591E+00,0.00000E+00,0.00000E+00,4.0267E+00,0.00000E+00,0.00000E+00,18.4479E+00,0.0000E+00,0.0000E+00,3.6374E+00,0.0000E+00,0.0000E+00,50.402E+00,+99999.9E+99,+99999.9E+99,66.360E+00,+99999.9E+99,+99999.9E+99,1.11227E+03,0.00000E+03,0.00000E+03,0.00000E+03,0.00000E+03,0.00000E+03,1.20861E+03,0.00000E+03,0.00000E+03,0.00000E+03,0.00000E+03,0.00000E+03,0.47287E+03,0.00000E+03,0.00000E+03,0.00000E+03,0.00000E+03,0.00000E+03,0.92028E+00,0.00000E+00,0.00000E+00,0.92833E+00,1.00000E+00,0.26238E+00,0.000E+00,59.076E+00,178.413E+00,158.176E+00,-120.888E+00,-76.376E+00,23.032E+00,90.000E+00,90.000E+00,0.00000E+00,0.00000E+00,0.00000E+00,76.429E+00,100.000E+00,100.000E+00,0.26218E+03,0.00000E+03,0.00000E+03,+99999.9E+99,+99999.9E+99,+99999.9E+99,+99999.9E+99,+99999.9E+99,+99999.9E+99,+99999.9E+99,+99999.9E+99,+99999.9E+99,+99999.9E+99,+99999.9E+99,+99999.9E+99,1B00,0,0,0,1B00,76.5255E+00,76.5872E+00,76.5347E+00,76.5491E+00,72.3744E+00,72.6904E+00,72.4398E+00,72.5015E+00,76.5255E+00,76.5872E+00,76.5347E+00,0.0000E+00,0.0000E+00,0.0000E+00,72.4458E+00,72.2257E+00,72.2128E+00,105.714E+00,106.103E+00,105.801E+00,-104.097E+00,-104.543E+00,-104.960E+00,22.609E+00,21.656E+00,22.211E+00,+99999.9E+99,+99999.9E+99,+99999.9E+99,0.207E+00,9.4954E+00,8.9839E+00,9.1078E+00,9.1957E+00,8.2338E+00,7.8272E+00,7.8486E+00,7.9699E+00,9.4944E+00,8.9805E+00,9.0999E+00,-0.1321E+00,-0.2462E+00,0.3793E+00,7.7474E+00,8.1795E+00,8.3714E+00,26.3319E+00,24.1948E+00,25.1400E+00,-26.6576E+00,-25.3619E+00,-22.4690E+00,52.346E+00,48.201E+00,47.076E+00,+99999.9E+99,+99999.9E+99,+99999.9E+99,4.588E+00,0.29118E+03,0.27258E+03,0.28633E+03,0.85009E+03,0.27493E+03,0.29643E+03,0.29845E+03,0.86981E+03,0.42202E+03,0.39819E+03,0.40366E+03,1.22387E+03,0.31793E+03,0.32907E+03,0.34294E+03,0.98937E+03,-0.30547E+03,-0.29027E+03,-0.28453E+03,-0.88027E+03,-0.15967E+03,-0.14289E+03,-0.16892E+03,-0.47147E+03,-0.68998E+00,-0.68454E+00,-0.70933E+00,-0.69459E+00,-0.86475E+00,-0.90081E+00,-0.87027E+00,-0.87915E+00,0.000E+00,120.106E+00,-120.096E+00,60.046E+00,175.837E+00,-60.483E+00,-46.372E+00,-46.801E+00,-44.819E+00,-46.005E+00,201.557E+00,201.824E+00,201.947E+00,94.949E+00,+99999.9E+99,+99999.9E+99,0.00004E+06,-0.00053E+06,0.00000E+00,10.199E+00,0.756E+03,0.00081E+06,43.757E+00,F0F08
2021/11/30,17:33:43,00000:00:08,0,38003F00,2800,3B00,3B00,3F00,100.017E+00,0.000E+00,0.000E+00,111.090E+00,0.000E+00,0.000E+00,0.491E+00,0.000E+00,0.000E+00,100.016E+00,0.000E+00,0.000E+00,0.000E+00,0.000E+00,0.000E+00,100.864E+00,0.000E+00,0.000E+00,98.825E+00,0.000E+00,0.000E+00,39.866E+00,447.555E+00,+99999.9E+99,1.019E+00,+99999.9E+99,+99999.9E+99,10.5916E+00,0.00000E+00,0.00000E+00,10.8670E+00,0.00000E+00,0.00000E+00,4.0572E+00,0.00000E+00,0.00000E+00,9.7838E+00,0.00000E+00,0.00000E+00,4.0267E+00,0.00000E+00,0.00000E+00,17.6702E+00,0.0000E+00,0.0000E+00,4.2352E+00,0.0000E+00,0.0000E+00,50.402E+00,+99999.9E+99,+99999.9E+99,68.660E+00,+99999.9E+99,+99999.9E+99,0.97678E+03,0.00000E+03,0.00000E+03,0.00000E+03,0.00000E+03,0.00000E+03,1.05935E+03,0.00000E+03,0.00000E+03,0.00000E+03,0.00000E+03,0.00000E+03,0.41001E+03,0.00000E+03,0.00000E+03,0.00000E+03,0.00000E+03,0.00000E+03,0.92206E+00,0.00000E+00,0.00000E+00,0.92833E+00,1.00000E+00,0.26238E+00,0.000E+00,59.076E+00,178.413E+00,158.176E+00,-120.888E+00,-76.376E+00,22.770E+00,90.000E+00,90.000E+00,14.8842E+00,0.00000E+00,0.00000E+00,138.435E+00,100.000E+00,100.000E+00,-0.37543E+03,0.00000E+03,0.00000E+03,+99999.9E+99,+99999.9E+99,+99999.9E+99,+99999.9E+99,+99999.9E+99,+99999.9E+99,+99999.9E+99,+99999.9E+99,+99999.9E+99,+99999.9E+99,+99999.9E+99,+99999.9E+99,1B00,0,0,0,1B00,76.9865E+00,77.4733E+00,77.3097E+00,77.2565E+00,71.6737E+00,72.5694E+00,72.2718E+00,72.1716E+00,76.9865E+00,77.4733E+00,77.3097E+00,0.0000E+00,0.0000E+00,0.0000E+00,72.2838E+00,72.7523E+00,72.6032E+00,105.747E+00,106.037E+00,105.630E+00,-104.739E+00,-104.737E+00,-104.419E+00,19.818E+00,19.879E+00,20.195E+00,+99999.9E+99,+99999.9E+99,+99999.9E+99,0.387E+00,13.9063E+00,13.5925E+00,13.7543E+00,13.7510E+00,13.0185E+00,12.8303E+00,12.8060E+00,12.8849E+00,13.9055E+00,13.5907E+00,13.7493E+00,-0.1494E+00,-0.2209E+00,0.3715E+00,7.8152E+00,7.2362E+00,7.0969E+00,27.6390E+00,26.8357E+00,28.4381E+00,-26.4171E+00,-26.5338E+00,-26.8390E+00,48.033E+00,50.554E+00,51.770E+00,+99999.9E+99,+99999.9E+99,+99999.9E+99,6.848E+00,0.45420E+03,0.44361E+03,0.45441E+03,1.35222E+03,0.28567E+03,0.24968E+03,0.26795E+03,0.80330E+03,0.62599E+03,0.61264E+03,0.62222E+03,1.86086E+03,0.32016E+03,0.29032E+03,0.29192E+03,0.90122E+03,-0.43078E+03,-0.42254E+03,-0.42506E+03,-1.27838E+03,-0.14454E+03,-0.14814E+03,-0.11584E+03,-0.40852E+03,-0.72556E+00,-0.72409E+00,-0.73030E+00,-0.72666E+00,-0.89229E+00,-0.86002E+00,-0.91789E+00,-0.89136E+00,0.000E+00,119.910E+00,-119.722E+00,57.052E+00,-179.471E+00,-66.493E+00,-43.485E+00,-43.606E+00,-43.088E+00,-43.393E+00,201.616E+00,201.280E+00,200.967E+00,90.145E+00,+99999.9E+99,+99999.9E+99,0.00013E+06,-0.00078E+06,0.00000E+00,15.377E+00,0.757E+03,0.00122E+06,43.682E+00,F0F08
2021/11/30,17:33:43,00000:00:08,50,38003F00,0,1B00,1B00,3F00,99.912E+00,0.000E+00,0.000E+00,110.973E+00,0.000E+00,0.000E+00,0.512E+00,0.000E+00,0.000E+00,99.911E+00,0.000E+00,0.000E+00,0.000E+00,0.000E+00,0.000E+00,100.907E+00,0.000E+00,0.000E+00,98.811E+00,0.000E+00,0.000E+00,25.361E+00,348.315E+00,447.142E+00,1.049E+00,+99999.9E+99,+99999.9E+99,11.9022E+00,0.00000E+00,0.00000E+00,12.1990E+00,0.00000E+00,0.00000E+00,4.5866E+00,0.00000E+00,0.00000E+00,10.9830E+00,0.00000E+00,0.00000E+00,4.3564E+00,0.00000E+00,0.00000E+00,18.2405E+00,0.0000E+00,0.0000E+00,4.2412E+00,0.0000E+00,0.0000E+00,12.562E+00,+99999.9E+99,+99999.9E+99,63.732E+00,+99999.9E+99,+99999.9E+99,1.09520E+03,0.00000E+03,0.00000E+03,0.00000E+03,0.00000E+03,0.00000E+03,1.18917E+03,0.00000E+03,0.00000E+03,0.00000E+03,0.00000E+03,0.00000E+03,0.46332E+03,0.00000E+03,0.00000E+03,0.00000E+03,0.00000E+03,0.00000E+03,0.92098E+00,0.00000E+00,0.00000E+00,0.89600E+00,0.44431E+00,0.17199E+00,0.000E+00,64.384E+00,163.033E+00,153.637E+00,128.005E+00,-97.063E+00,22.930E+00,90.000E+00,90.000E+00,12.3552E+00,0.00000E+00,0.00000E+00,79.745E+00,100.000E+00,100.000E+00,0.22184E+03,0.00000E+03,0.00000E+03,+99999.9E+99,+99999.9E+99,+99999.9E+99,+99999.9E+99,+99999.9E+99,+99999.9E+99,+99999.9E+99,+99999.9E+99,+99999.9E+99,+99999.9E+99,+99999.9E+99,+99999.9E+99,1B00,0,0,0,1B00,76.6906E+00,76.6586E+00,76.3792E+00,76.5761E+00,72.5432E+00,72.6684E+00,72.0243E+00,72.4119E+00,76.6905E+00,76.6586E+00,76.3792E+00,0.0000E+00,0.0000E+00,0.0000E+00,70.2277E+00,70.2784E+00,70.1361E+00,105.769E+00,106.036E+00,105.704E+00,-104.289E+00,-104.606E+00,-104.899E+00,38.171E+00,37.743E+00,38.022E+00,+99999.9E+99,+99999.9E+99,+99999.9E+99,0.109E+00,9.7416E+00,9.3315E+00,9.9356E+00,9.6695E+00,8.4287E+00,8.0740E+00,8.4851E+00,8.3293E+00,9.7416E+00,9.3315E+00,9.9356E+00,0.0000E+00,0.0000E+00,0.0000E+00,14.5761E+00,14.4610E+00,14.8489E+00,26.4714E+00,24.7990E+00,27.1814E+00,-25.5824E+00,-23.3052E+00,-26.7152E+00,41.162E+00,41.099E+00,39.628E+00,+99999.9E+99,+99999.9E+99,+99999.9E+99,1.591E+00,0.28553E+03,0.28404E+03,0.30379E+03,0.87337E+03,0.50854E+03,0.51175E+03,0.52443E+03,1.54472E+03,0.43318E+03,0.41521E+03,0.44077E+03,1.28917E+03,0.58939E+03,0.58439E+03,0.59985E+03,1.77351E+03,-0.32576E+03,-0.30286E+03,-0.31936E+03,-0.94798E+03,-0.29795E+03,-0.28218E+03,-0.29120E+03,-0.87133E+03,-0.65915E+00,-0.68408E+00,-0.68922E+00,-0.67746E+00,-0.86282E+00,-0.87570E+00,-0.87426E+00,-0.87099E+00,0.000E+00,120.095E+00,-119.919E+00,60.387E+00,178.908E+00,-60.840E+00,-48.765E+00,-46.836E+00,-46.431E+00,-47.354E+00,201.876E+00,202.245E+00,202.482E+00,92.086E+00,+99999.9E+99,+99999.9E+99,0.00007E+06,-0.00052E+06,0.00000E+00,10.157E+00,0.756E+03,0.00080E+06,43.817E+00,F0F0F
2021/11/30,17:33:43,00000:00:08,100,38003F00,700,1C00,1C00,3800,99.912E+00,0.000E+00,0.000E+00,110.973E+00,0.000E+00,0.000E+00,0.512E+00,0.000E+00,0.000E+00,99.911E+00,0.000E+00,0.000E+00,0.000E+00,0.000E+00,0.000E+00,100.907E+00,0.000E+00,0.000E+00,98.811E+00,0.000E+00,0.000E+00,25.361E+00,348.315E+00,447.142E+00,1.049E+00,+99999.9E+99,+99999.9E+99,11.9022E+00,0.00000E+00,0.00000E+00,12.1990E+00,0.00000E+00,0.00000E+00,4.5866E+00,0.00000E+00,0.00000E+00,10.9830E+00,0.00000E+00,0.00000E+00,4.3564E+00,0.00000E+00,0.00000E+00,18.2405E+00,0.0000E+00,0.0000E+00,4.2412E+00,0.0000E+00,0.0000E+00,12.562E+00,+99999.9E+99,+99999.9E+99,63.732E+00,+99999.9E+99,+99999.9E+99,1.09520E+03,0.00000E+03,0.00000E+03,0.00000E+03,0.00000E+03,0.00000E+03,1.18917E+03,0.00000E+03,0.00000E+03,0.00000E+03,0.00000E+03,0.00000E+03,0.46332E+03,0.00000E+03,0.00000E+03,0.00000E+03,0.00000E+03,0.00000E+03,0.92098E+00,0.00000E+00,0.00000E+00,0.89600E+00,0.44431E+00,0.17199E+00,0.000E+00,64.384E+00,163.033E+00,153.637E+00,128.005E+00,-97.063E+00,22.930E+00,90.000E+00,90.000E+00,12.3552E+00,0.00000E+00,0.00000E+00,96.737E+00,100.000E+00,100.000E+00,0.03574E+03,0.00000E+03,0.00000E+03,+99999.9E+99,+99999.9E+99,+99999.9E+99,+99999.9E+99,+99999.9E+99,+99999.9E+99,+99999.9E+99,+99999.9E+99,+99999.9E+99,+99999.9E+99,+99999.9E+99,+99999.9E+99,1B00,0,0,0,1B00,76.5236E+00,77.0219E+00,77.0345E+00,76.8600E+00,71.8570E+00,72.7890E+00,72.8017E+00,72.4826E+00,76.5236E+00,77.0219E+00,77.0345E+00,0.0000E+00,0.0000E+00,0.0000E+00,73.0183E+00,73.0089E+00,72.8953E+00,105.793E+00,106.080E+00,105.749E+00,-104.170E+00,-105.066E+00,-105.181E+00,15.177E+00,15.030E+00,15.149E+00,+99999.9E+99,+99999.9E+99,+99999.9E+99,0.113E+00,11.7595E+00,11.5263E+00,11.3240E+00,11.5366E+00,10.1531E+00,10.0149E+00,9.7216E+00,9.9632E+00,11.7585E+00,11.5196E+00,11.3109E+00,-0.1512E+00,-0.3917E+00,0.5439E+00,5.1085E+00,5.0218E+00,5.4122E+00,27.8109E+00,27.0490E+00,28.5062E+00,-26.5929E+00,-27.2305E+00,-26.1171E+00,59.630E+00,58.637E+00,54.680E+00,+99999.9E+99,+99999.9E+99,+99999.9E+99,3.704E+00,0.36427E+03,0.34533E+03,0.34987E+03,1.05947E+03,0.18033E+03,0.18672E+03,0.19418E+03,0.56123E+03,0.52498E+03,0.51401E+03,0.50774E+03,1.54673E+03,0.21060E+03,0.21012E+03,0.22192E+03,0.64241E+03,-0.37804E+03,-0.38074E+03,-0.36795E+03,-1.12673E+03,-0.10878E+03,-0.09636E+03,-0.10744E+03,-0.31258E+03,-0.69387E+00,-0.67182E+00,-0.68908E+00,-0.68497E+00,-0.85628E+00,-0.88863E+00,-0.87499E+00,-0.87363E+00,0.000E+00,120.105E+00,-119.957E+00,61.091E+00,177.354E+00,-60.944E+00,-46.063E+00,-47.792E+00,-46.443E+00,-46.767E+00,201.958E+00,201.337E+00,201.317E+00,92.850E+00,+99999.9E+99,+99999.9E+99,0.00008E+06,-0.00064E+06,0.00000E+00,12.420E+00,0.756E+03,0.00098E+06,43.822E+00,F0F0F
2021/11/30,17:33:43,00000:00:08,150,38003F00,500,1F00,1F00,3F00,99.912E+00,0.000E+00,0.000E+00,110.973E+00,0.000E+00,0.000E+00,0.512E+00,0.000E+00,0.000E+00,99.911E+00,0.000E+00,0.000E+00,0.000E+00,0.000E+00,0.000E+00,100.907E+00,0.000E+00,0.000E+00,98.811E+00,0.000E+00,0.000E+00,22.518E+00,+99999.9E+99,440.957E+00,1.049E+00,+99999.9E+99,+99999.9E+99,11.9022E+00,0.00000E+00,0.00000E+00,12.1990E+00,0.00000E+00,0.00000E+00,4.5866E+00,0.00000E+00,0.00000E+00,10.9830E+00,0.00000E+00,0.00000E+00,4.5616E+00,0.00000E+00,0.00000E+00,18.2405E+00,0.0000E+00,0.0000E+00,4.2412E+00,0.0000E+00,0.0000E+00,8.850E+00,+99999.9E+99,+99999.9E+99,63.732E+00,+99999.9E+99,+99999.9E+99,1.09520E+03,0.00000E+03,0.00000E+03,0.00000E+03,0.00000E+03,0.00000E+03,1.18917E+03,0.00000E+03,0.00000E+03,0.00000E+03,0.00000E+03,0.00000E+03,0.46332E+03,0.00000E+03,0.00000E+03,0.00000E+03,0.00000E+03,0.00000E+03,0.92098E+00,0.00000E+00,0.00000E+00,0.90955E+00,0.11489E+00,0.15643E+00,0.000E+00,117.155E+00,172.597E+00,155.443E+00,-159.442E+00,73.597E+00,22.930E+00,90.000E+00,90.000E+00,12.3552E+00,0.00000E+00,0.00000E+00,112.328E+00,100.000E+00,100.000E+00,-0.13502E+03,0.00000E+03,0.00000E+03,+99999.9E+99,+99999.9E+99,+99999.9E+99,+99999.9E+99,+99999.9E+99,+99999.9E+99,+99999.9E+99,+99999.9E+99,+99999.9E+99,+99999.9E+99,+99999.9E+99,+99999.9E+99,1B00,0,0,0,1B00,76.9998E+00,77.2447E+00,77.0562E+00,77.1002E+00,71.9796E+00,72.5103E+00,72.1100E+00,72.1999E+00,76.9998E+00,77.2447E+00,77.0562E+00,0.0000E+00,0.0000E+00,0.0000E+00,71.0161E+00,71.7015E+00,71.4838E+00,105.584E+00,105.911E+00,105.649E+00,-104.420E+00,-105.344E+00,-104.557E+00,30.461E+00,30.612E+00,30.557E+00,+99999.9E+99,+99999.9E+99,+99999.9E+99,0.559E+00,12.9636E+00,12.6252E+00,12.8523E+00,12.8137E+00,11.9026E+00,11.6131E+00,11.7488E+00,11.7548E+00,12.9627E+00,12.6245E+00,12.8489E+00,-0.1569E+00,-0.1394E+00,0.2974E+00,12.4828E+00,11.3599E+00,11.5191E+00,27.6543E+00,27.0410E+00,28.5943E+00,-26.2309E+00,-27.2114E+00,-26.7595E+00,40.897E+00,44.098E+00,44.062E+00,+99999.9E+99,+99999.9E+99,+99999.9E+99,5.866E+00,0.41140E+03,0.40143E+03,0.41739E+03,1.23022E+03,0.44822E+03,0.39904E+03,0.42654E+03,1.27380E+03,0.58225E+03,0.56743E+03,0.57808E+03,1.72776E+03,0.50281E+03,0.46239E+03,0.46670E+03,1.43044E+03,-0.41203E+03,-0.40103E+03,-0.39996E+03,-1.21301E+03,-0.22785E+03,-0.23359E+03,-0.18940E+03,-0.65084E+03,-0.70657E+00,-0.70746E+00,-0.72203E+00,-0.71203E+00,-0.89143E+00,-0.86301E+00,-0.91395E+00,-0.89049E+00,0.000E+00,119.890E+00,-119.584E+00,57.261E+00,-179.869E+00,-65.853E+00,-45.044E+00,-44.971E+00,-43.778E+00,-44.599E+00,201.354E+00,202.161E+00,201.969E+00,90.685E+00,+99999.9E+99,+99999.9E+99,0.00011E+06,-0.00071E+06,0.00000E+00,14.070E+00,0.757E+03,0.00112E+06,43.592E+00,F0F08
2021/11/30,17:33:43,00000:00:08,200,38003F00,500,1F00,1F00,3F00,99.912E+00,0.000E+00,0.000E+00,110.973E+00,0.000E+00,0.000E+00,0.512E+00,0.000E+00,0.000E+00,99.911E+00,0.000E+00,0.000E+00,0.000E+00,0.000E+00,0.000E+00,100.907E+00,0.000E+00,0.000E+00,98.811E+00,0.000E+00,0.000E+00,22.518E+00,+99999.9E+99,440.957E+00,1.049E+00,+99999.9E+99,+99999.9E+99,11.9022E+00,0.00000E+00,0.00000E+00,12.1990E+00,0.00000E+00,0.00000E+00,4.5866E+00,0.00000E+00,0.00000E+00,10.9830E+00,0.00000E+00,0.00000E+00,4.5616E+00,0.00000E+00,0.00000E+00,18.2405E+00,0.0000E+00,0.0000E+00,4.2412E+00,0.0000E+00,0.0000E+00,8.850E+00,+99999.9E+99,+99999.9E+99,63.732E+00,+99999.9E+99,+99999.9E+99,1.09520E+03,0.00000E+03,0.00000E+03,0.00000E+03,0.00000E+03,0.00000E+03,1.18917E+03,0.00000E+03,0.00000E+03,0.00000E+03,0.00000E+03,0.00000E+03,0.46332E+03,0.00000E+03,0.00000E+03,0.00000E+03,0.00000E+03,0.00000E+03,0.92098E+00,0.00000E+00,0.00000E+00,0.90955E+00,0.11489E+00,0.15643E+00,0.000E+00,117.155E+00,172.597E+00,155.443E+00,-159.442E+00,73.597E+00,22.930E+00,90.000E+00,90.000E+00,12.3552E+00,0.00000E+00,0.00000E+00,79.100E+00,100.000E+00,100.000E+00,0.22890E+03,0.00000E+03,0.00000E+03,+99999.9E+99,+99999.9E+99,+99999.9E+99,+99999.9E+99,+99999.9E+99,+99999.9E+99,+99999.9E+99,+99999.9E+99,+99999.9E+99,+99999.9E+99,+99999.9E+99,+99999.9E+99,1800,0,0,0,1800,76.6926E+00,76.6646E+00,76.3747E+00,76.5773E+00,72.5274E+00,72.6655E+00,72.0112E+00,72.4013E+00,76.6926E+00,76.6646E+00,76.3747E+00,0.0000E+00,0.0000E+00,0.0000E+00,71.3015E+00,71.2051E+00,71.0359E+00,105.827E+00,105.956E+00,105.637E+00,-104.513E+00,-104.337E+00,-104.494E+00,31.898E+00,31.160E+00,31.811E+00,+99999.9E+99,+99999.9E+99,+99999.9E+99,0.226E+00,9.6832E+00,9.2474E+00,9.8726E+00,9.6011E+00,8.3931E+00,8.0322E+00,8.4415E+00,8.2889E+00,9.6826E+00,9.2474E+00,9.8726E+00,-0.1053E+00,0.0000E+00,0.0000E+00,11.7399E+00,11.7378E+00,12.3524E+00,26.4357E+00,24.8562E+00,27.1348E+00,-25.6281E+00,-23.3557E+00,-26.7252E+00,45.135E+00,44.021E+00,41.978E+00,+99999.9E+99,+99999.9E+99,+99999.9E+99,3.436E+00,0.28349E+03,0.28127E+03,0.30154E+03,0.86630E+03,0.40431E+03,0.42517E+03,0.43259E+03,1.26207E+03,0.43058E+03,0.41154E+03,0.43792E+03,1.28004E+03,0.47122E+03,0.47868E+03,0.49771E+03,1.44714E+03,-0.32409E+03,-0.30041E+03,-0.31757E+03,-0.94207E+03,-0.24204E+03,-0.21992E+03,-0.24614E+03,-0.70811E+03,-0.65839E+00,-0.68347E+00,-0.68857E+00,-0.67678E+00,-0.85801E+00,-0.88821E+00,-0.86915E+00,-0.87211E+00,0.000E+00,120.203E+00,-119.972E+00,60.857E+00,177.477E+00,-60.204E+00,-48.823E+00,-46.885E+00,-46.483E+00,-47.408E+00,202.278E+00,201.602E+00,201.859E+00,92.146E+00,+99999.9E+99,+99999.9E+99,0.00007E+06,-0.00052E+06,0.00000E+00,10.082E+00,0.756E+03,0.00080E+06,43.931E+00,F0F08
2021/11/30,17:33:43,00000:00:08,250,38003F00,700,1F00,1F00,3F00,99.912E+00,0.000E+00,0.000E+00,110.973E+00,0.000E+00,0.000E+00,0.512E+00,0.000E+00,0.000E+00,99.911E+00,0.000E+00,0.000E+00,0.000E+00,0.000E+00,0.000E+00,100.907E+00,0.000E+00,0.000E+00,98.811E+00,0.000E+00,0.000E+00,76.253E+00,+99999.9E+99,+99999.9E+99,1.049E+00,+99999.9E+99,+99999.9E+99,11.9022E+00,0.00000E+00,0.00000E+00,12.1990E+00,0.00000E+00,0.00000E+00,4.5866E+00,0.00000E+00,0.00000E+00,10.9830E+00,0.00000E+00,0.00000E+00,3.8757E+00,0.00000E+00,0.00000E+00,18.2405E+00,0.0000E+00,0.0000E+00,4.2412E+00,0.0000E+00,0.0000E+00,56.358E+00,+99999.9E+99,+99999.9E+99,63.732E+00,+99999.9E+99,+99999.9E+99,1.09520E+03,0.00000E+03,0.00000E+03,0.00000E+03,0.00000E+03,0.00000E+03,1.18917E+03,0.00000E+03,0.00000E+03,0.00000E+03,0.00000E+03,0.00000E+03,0.46332E+03,0.00000E+03,0.00000E+03,0.00000E+03,0.00000E+03,0.00000E+03,0.92098E+00,0.00000E+00,0.00000E+00,0.87104E+00,0.46600E+00,0.95216E+00,0.000E+00,11.239E+00,169.100E+00,150.579E+00,129.014E+00,151.305E+00,22.930E+00,90.000E+00,90.000E+00,12.3552E+00,0.00000E+00,0.00000E+00,97.202E+00,100.000E+00,100.000E+00,0.03065E+03,0.00000E+03,0.00000E+03,+99999.9E+99,+99999.9E+99,+99999.9E+99,+99999.9E+99,+99999.9E+99,+99999.9E+99,+99999.9E+99,+99999.9E+99,+99999.9E+99,+99999.9E+99,+99999.9E+99,+99999.9E+99,1B00,0,0,0,1B00,76.5132E+00,77.0209E+00,77.0263E+00,76.8534E+00,71.8517E+00,72.7962E+00,72.8098E+00,72.4859E+00,76.5132E+00,77.0209E+00,77.0263E+00,0.0000E+00,0.0000E+00,0.0000E+00,73.1004E+00,73.2140E+00,73.0957E+00,105.686E+00,106.063E+00,105.694E+00,-104.726E+00,-105.176E+00,-104.743E+00,14.081E+00,13.912E+00,14.240E+00,+99999.9E+99,+99999.9E+99,+99999.9E+99,0.108E+00,11.7906E+00,11.5612E+00,11.3601E+00,11.5706E+00,10.1812E+00,10.0510E+00,9.7464E+00,9.9929E+00,11.7895E+00,11.5545E+00,11.3466E+00,-0.1596E+00,-0.3932E+00,0.5539E+00,4.8902E+00,4.6390E+00,4.8918E+00,27.7643E+00,27.2048E+00,28.6329E+00,-26.5024E+00,-27.2386E+00,-26.2681E+00,57.924E+00,59.278E+00,55.773E+00,+99999.9E+99,+99999.9E+99,+99999.9E+99,2.779E+00,0.36597E+03,0.34715E+03,0.35143E+03,1.06456E+03,0.17645E+03,0.17265E+03,0.18239E+03,0.53149E+03,0.52623E+03,0.51557E+03,0.50933E+03,1.55114E+03,0.20212E+03,0.19475E+03,0.20371E+03,0.60047E+03,-0.37813E+03,-0.38118E+03,-0.36866E+03,-1.12798E+03,-0.09859E+03,-0.09010E+03,-0.09074E+03,-0.27943E+03,-0.69546E+00,-0.67334E+00,-0.68999E+00,-0.68631E+00,-0.87296E+00,-0.88654E+00,-0.89532E+00,-0.88512E+00,0.000E+00,120.053E+00,-119.899E+00,59.244E+00,177.560E+00,-63.446E+00,-45.936E+00,-47.675E+00,-46.371E+00,-46.661E+00,201.099E+00,201.902E+00,201.539E+00,93.337E+00,+99999.9E+99,+99999.9E+99,0.00007E+06,-0.00065E+06,0.00000E+00,12.547E+00,0.756E+03,0.00099E+06,43.594E+00,F0F08
2021/11/30,17:33:43,00000:00:08,300,38003800,2800,3800,3800,3800,99.985E+00,0.000E+00,0.000E+00,111.054E+00,0.000E+00,0.000E+00,0.500E+00,0.000E+00,0.000E+00,99.984E+00,0.000E+00,0.000E+00,0.000E+00,0.000E+00,0.000E+00,100.946E+00,0.000E+00,0.000E+00,98.793E+00,0.000E+00,0.000E+00,76.253E+00,+99999.9E+99,+99999.9E+99,1.077E+00,+99999.9E+99,+99999.9E+99,11.5249E+00,0.00000E+00,0.00000E+00,11.7357E+00,0.00000E+00,0.00000E+00,4.6028E+00,0.00000E+00,0.00000E+00,10.5659E+00,0.00000E+00,0.00000E+00,3.8757E+00,0.00000E+00,0.00000E+00,18.4021E+00,0.0000E+00,0.0000E+00,4.0952E+00,0.0000E+00,0.0000E+00,56.358E+00,+99999.9E+99,+99999.9E+99,67.703E+00,+99999.9E+99,+99999.9E+99,1.05436E+03,0.00000E+03,0.00000E+03,0.00000E+03,0.00000E+03,0.00000E+03,1.15231E+03,0.00000E+03,0.00000E+03,0.00000E+03,0.00000E+03,0.00000E+03,0.46492E+03,0.00000E+03,0.00000E+03,0.00000E+03,0.00000E+03,0.00000E+03,0.91499E+00,0.00000E+00,0.00000E+00,0.87104E+00,0.46600E+00,0.95216E+00,0.000E+00,11.239E+00,169.100E+00,150.579E+00,129.014E+00,151.305E+00,23.795E+00,90.000E+00,90.000E+00,0.00000E+00,0.00000E+00,0.00000E+00,121.288E+00,100.000E+00,100.000E+00,-0.22445E+03,0.00000E+03,0.00000E+03,+99999.9E+99,+99999.9E+99,+99999.9E+99,+99999.9E+99,+99999.9E+99,+99999.9E+99,+99999.9E+99,+99999.9E+99,+99999.9E+99,+99999.9E+99,+99999.9E+99,+99999.9E+99,1B00,0,0,0,1B00,77.2047E+00,77.2055E+00,76.9861E+00,77.1321E+00,72.1661E+00,72.3525E+00,71.8251E+00,72.1146E+00,77.2047E+00,77.2055E+00,76.9861E+00,0.0000E+00,0.0000E+00,0.0000E+00,70.4414E+00,71.0081E+00,70.8834E+00,105.119E+00,105.660E+00,105.477E+00,-104.379E+00,-104.649E+00,-104.544E+00,34.887E+00,34.925E+00,34.863E+00,+99999.9E+99,+99999.9E+99,+99999.9E+99,0.488E+00,13.5142E+00,13.0789E+00,13.4574E+00,13.3501E+00,12.4259E+00,12.0136E+00,12.3520E+00,12.2638E+00,13.5130E+00,13.0789E+00,13.4557E+00,-0.1736E+00,0.0000E+00,0.2101E+00,14.1728E+00,13.2782E+00,13.2590E+00,27.6829E+00,27.1662E+00,28.5143E+00,-26.7695E+00,-27.1167E+00,-26.4914E+00,39.563E+00,41.657E+00,41.952E+00,+99999.9E+99,+99999.9E+99,+99999.9E+99,4.242E+00,0.42441E+03,0.41595E+03,0.43845E+03,1.27881E+03,0.50678E+03,0.46519E+03,0.48927E+03,1.46124E+03,0.60875E+03,0.58898E+03,0.60463E+03,1.80236E+03,0.57072E+03,0.53667E+03,0.54113E+03,1.64764E+03,-0.43640E+03,-0.41700E+03,-0.41635E+03,-1.26975E+03,-0.26248E+03,-0.26760E+03,-0.23116E+03,-0.76124E+03,-0.69719E+00,-0.70621E+00,-0.72515E+00,-0.70952E+00,-0.88797E+00,-0.86681E+00,-0.90417E+00,-0.88687E+00,0.000E+00,119.856E+00,-119.673E+00,57.648E+00,179.703E+00,-64.589E+00,-45.798E+00,-45.072E+00,-43.519E+00,-44.804E+00,202.021E+00,201.384E+00,201.653E+00,89.460E+00,+99999.9E+99,+99999.9E+99,0.00013E+06,-0.00073E+06,0.00000E+00,14.435E+00,0.757E+03,0.00114E+06,43.805E+00,F0F08
2021/11/30,17:33:43,00000:00:08,350,38003F00,2D00,3F00,3F00,3F00,99.985E+00,0.000E+00,0.000E+00,111.054E+00,0.000E+00,0.000E+00,0.500E+00,0.000E+00,0.000E+00,99.984E+00,0.000E+00,0.000E+00,0.000E+00,0.000E+00,0.000E+00,100.946E+00,0.000E+00,0.000E+00,98.793E+00,0.000E+00,0.000E+00,38.871E+00,+99999.9E+99,+99999.9E+99,1.077E+00,+99999.9E+99,+99999.9E+99,11.5249E+00,0.00000E+00,0.00000E+00,11.7357E+00,0.00000E+00,0.00000E+00,4.6028E+00,0.00000E+00,0.00000E+00,10.5659E+00,0.00000E+00,0.00000E+00,4.2555E+00,0.00000E+00,0.00000E+00,18.4021E+00,0.0000E+00,0.0000E+00,4.0952E+00,0.0000E+00,0.0000E+00,40.692E+00,+99999.9E+99,+99999.9E+99,67.703E+00,+99999.9E+99,+99999.9E+99,1.05436E+03,0.00000E+03,0.00000E+03,0.00000E+03,0.00000E+03,0.00000E+03,1.15231E+03,0.00000E+03,0.00000E+03,0.00000E+03,0.00000E+03,0.00000E+03,0.46492E+03,0.00000E+03,0.00000E+03,0.00000E+03,0.00000E+03,0.00000E+03,0.91499E+00,0.00000E+00,0.00000E+00,0.93340E+00,0.91051E+00,0.89597E+00,0.000E+00,-167.976E+00,171.653E+00,158.970E+00,36.448E+00,18.020E+00,23.795E+00,90.000E+00,90.000E+00,0.00000E+00,0.00000E+00,0.00000E+00,74.074E+00,100.000E+00,100.000E+00,0.27335E+03,0.00000E+03,0.00000E+03,+99999.9E+99,+99999.9E+99,+99999.9E+99,+99999.9E+99,+99999.9E+99,+99999.9E+99,+99999.9E+99,+99999.9E+99,+99999.9E+99,+99999.9E+99,+99999.9E+99,+99999.9E+99,1B00,0,0,0,1B00,76.2742E+00,76.6207E+00,76.5003E+00,76.4650E+00,72.1941E+00,72.8569E+00,72.6230E+00,72.5580E+00,76.2742E+00,76.6207E+00,76.5003E+00,0.0000E+00,0.0000E+00,0.0000E+00,71.8633E+00,71.6738E+00,71.6309E+00,105.716E+00,106.163E+00,105.846E+00,-104.636E+00,-104.270E+00,-104.569E+00,26.418E+00,25.487E+00,26.156E+00,+99999.9E+99,+99999.9E+99,+99999.9E+99,0.199E+00,8.2795E+00,8.2309E+00,8.1731E+00,8.2278E+00,7.3769E+00,7.3460E+00,7.2780E+00,7.3336E+00,8.2787E+00,8.2298E+00,8.1695E+00,-0.1093E+00,-0.1313E+00,0.2416E+00,9.3968E+00,9.5669E+00,9.9051E+00,22.1224E+00,20.9195E+00,20.6743E+00,-18.8033E+00,-19.2081E+00,-19.6576E+00,49.572E+00,47.177E+00,45.556E+00,+99999.9E+99,+99999.9E+99,+99999.9E+99,4.191E+00,0.26192E+03,0.25678E+03,0.26230E+03,0.78101E+03,0.32071E+03,0.34362E+03,0.34664E+03,1.01097E+03,0.36625E+03,0.36441E+03,0.36280E+03,1.09346E+03,0.37774E+03,0.38829E+03,0.40455E+03,1.17002E+03,-0.25600E+03,-0.25858E+03,-0.25064E+03,-0.76522E+03,-0.19958E+03,-0.18081E+03,-0.20857E+03,-0.58897E+03,-0.71514E+00,-0.70464E+00,-0.72300E+00,-0.71425E+00,-0.84902E+00,-0.88496E+00,-0.85685E+00,-0.86406E+00,0.000E+00,120.127E+00,-120.066E+00,61.808E+00,177.859E+00,-58.923E+00,-44.345E+00,-45.200E+00,-43.698E+00,-44.418E+00,201.645E+00,201.908E+00,201.908E+00,94.963E+00,+99999.9E+99,+99999.9E+99,0.00004E+06,-0.00048E+06,0.00000E+00,9.369E+00,0.756E+03,0.00074E+06,43.767E+00,F0F08
2021/11/30,17:33:43,00000:00:08,400,38003F00,2800,3B00,3B00,3F00,99.811E+00,0.000E+00,0.000E+00,110.861E+00,0.000E+00,0.000E+00,0.503E+00,0.000E+00,0.000E+00,99.810E+00,0.000E+00,0.000E+00,0.000E+00,0.000E+00,0.000E+00,100.918E+00,0.000E+00,0.000E+00,98.743E+00,0.000E+00,0.000E+00,38.871E+00,+99999.9E+99,+99999.9E+99,1.090E+00,+99999.9E+99,+99999.9E+99,12.2941E+00,0.00000E+00,0.00000E+00,12.7509E+00,0.00000E+00,0.00000E+00,4.3997E+00,0.00000E+00,0.00000E+00,11.4799E+00,0.00000E+00,0.00000E+00,4.2555E+00,0.00000E+00,0.00000E+00,18.3271E+00,0.0000E+00,0.0000E+00,4.1690E+00,0.0000E+00,0.0000E+00,40.692E+00,+99999.9E+99,+99999.9E+99,61.665E+00,+99999.9E+99,+99999.9E+99,1.14382E+03,0.00000E+03,0.00000E+03,0.00000E+03,0.00000E+03,0.00000E+03,1.22709E+03,0.00000E+03,0.00000E+03,0.00000E+03,0.00000E+03,0.00000E+03,-0.44432E+03,0.00000E+03,0.00000E+03,0.00000E+03,0.00000E+03,0.00000E+03,-0.93214E+00,0.00000E+00,0.00000E+00,0.93340E+00,0.91051E+00,0.89597E+00,0.000E+00,-167.976E+00,171.653E+00,158.970E+00,36.448E+00,18.020E+00,-21.229E+00,90.000E+00,90.000E+00,9.32404E+00,0.00000E+00,0.00000E+00,110.343E+00,100.000E+00,100.000E+00,-0.11830E+03,0.00000E+03,0.00000E+03,+99999.9E+99,+99999.9E+99,+99999.9E+99,+99999.9E+99,+99999.9E+99,+99999.9E+99,+99999.9E+99,+99999.9E+99,+99999.9E+99,+99999.9E+99,+99999.9E+99,+99999.9E+99,1B00,0,0,0,1B00,77.0865E+00,77.1650E+00,77.1008E+00,77.1174E+00,72.1623E+00,72.5290E+00,72.2620E+00,72.3177E+00,77.0865E+00,77.1650E+00,77.1008E+00,0.0000E+00,0.0000E+00,0.0000E+00,72.7001E+00,73.1039E+00,72.9621E+00,105.881E+00,106.066E+00,105.814E+00,-105.057E+00,-104.644E+00,-104.654E+00,16.384E+00,16.580E+00,16.955E+00,+99999.9E+99,+99999.9E+99,+99999.9E+99,0.332E+00,13.4345E+00,12.9571E+00,13.1640E+00,13.1852E+00,12.2349E+00,11.7520E+00,11.8242E+00,11.9370E+00,13.4331E+00,12.9536E+00,13.1547E+00,-0.1935E+00,-0.3011E+00,0.4957E+00,6.4895E+00,5.8174E+00,5.7284E+00,27.6229E+00,27.1600E+00,28.4767E+00,-26.7381E+00,-26.9776E+00,-26.7167E+00,49.366E+00,53.847E+00,54.503E+00,+99999.9E+99,+99999.9E+99,+99999.9E+99,6.859E+00,0.42915E+03,0.40734E+03,0.42564E+03,1.26212E+03,0.23379E+03,0.20453E+03,0.22067E+03,0.65899E+03,0.60522E+03,0.58210E+03,0.59118E+03,1.77850E+03,0.26105E+03,0.23572E+03,0.23892E+03,0.73474E+03,-0.42676E+03,-0.41583E+03,-0.41028E+03,-1.25287E+03,-0.11614E+03,-0.11717E+03,-0.09160E+03,-0.32490E+03,-0.70908E+00,-0.69977E+00,-0.71998E+00,-0.70966E+00,-0.89559E+00,-0.86771E+00,-0.92359E+00,-0.89691E+00,0.000E+00,119.944E+00,-119.747E+00,56.603E+00,179.685E+00,-67.326E+00,-44.840E+00,-45.591E+00,-43.948E+00,-44.793E+00,201.721E+00,201.369E+00,201.641E+00,90.820E+00,+99999.9E+99,+99999.9E+99,0.00012E+06,-0.00074E+06,0.00000E+00,14.463E+00,0.757E+03,0.00115E+06,43.721E+00,F0F08
2021/11/30,17:33:43,00000:00:08,450,38003F00,0,1B00,1B00,3F00,99.922E+00,0.000E+00,0.000E+00,110.983E+00,0.000E+00,0.000E+00,0.509E+00,0.000E+00,0.000E+00,99.920E+00,0.000E+00,0.000E+00,0.000E+00,0.000E+00,0.000E+00,100.943E+00,0.000E+00,0.000E+00,98.843E+00,0.000E+00,0.000E+00,108.103E+00,+99999.9E+99,+99999.9E+99,1.051E+00,+99999.9E+99,+99999.9E+99,11.8421E+00,0.00000E+00,0.00000E+00,12.1275E+00,0.00000E+00,0.00000E+00,4.5848E+00,0.00000E+00,0.00000E+00,10.9186E+00,0.00000E+00,0.00000E+00,2.9191E+00,0.00000E+00,0.00000E+00,18.1967E+00,0.0000E+00,0.0000E+00,4.1343E+00,0.0000E+00,0.0000E+00,108.136E+00,+99999.9E+99,+99999.9E+99,64.396E+00,+99999.9E+99,+99999.9E+99,1.08890E+03,0.00000E+03,0.00000E+03,0.00000E+03,0.00000E+03,0.00000E+03,1.18328E+03,0.00000E+03,0.00000E+03,0.00000E+03,0.00000E+03,0.00000E+03,0.46311E+03,0.00000E+03,0.00000E+03,0.00000E+03,0.00000E+03,0.00000E+03,0.92023E+00,0.00000E+00,0.00000E+00,0.82507E+00,0.25782E+00,0.98895E+00,0.000E+00,-86.455E+00,142.344E+00,145.595E+00,-11.396E+00,-29.131E+00,23.040E+00,90.000E+00,90.000E+00,12.6135E+00,0.00000E+00,0.00000E+00,100.317E+00,100.000E+00,100.000E+00,-0.00345E+03,0.00000E+03,0.00000E+03,+99999.9E+99,+99999.9E+99,+99999.9E+99,+99999.9E+99,+99999.9E+99,+99999.9E+99,+99999.9E+99,+99999.9E+99,+99999.9E+99,+99999.9E+99,+99999.9E+99,+99999.9E+99,1B00,0,0,0,1B00,76.7584E+00,77.0971E+00,76.8256E+00,76.8937E+00,72.0419E+00,72.6693E+00,72.1640E+00,72.2917E+00,76.7584E+00,77.0971E+00,76.8256E+00,0.0000E+00,0.0000E+00,0.0000E+00,70.0224E+00,70.2386E+00,70.1428E+00,105.433E+00,105.949E+00,105.504E+00,-104.220E+00,-104.891E+00,-104.307E+00,38.993E+00,38.818E+00,38.787E+00,+99999.9E+99,+99999.9E+99,+99999.9E+99,0.183E+00,11.9624E+00,11.7979E+00,12.0904E+00,11.9502E+00,10.4773E+00,10.3996E+00,10.6035E+00,10.4935E+00,11.9617E+00,11.7979E+00,12.0904E+00,-0.1285E+00,0.0000E+00,0.0000E+00,15.3786E+00,14.9608E+00,15.1785E+00,27.6805E+00,27.0619E+00,28.5729E+00,-26.3181E+00,-27.1981E+00,-26.6124E+00,39.456E+00,40.495E+00,39.489E+00,+99999.9E+99,+99999.9E+99,+99999.9E+99,1.669E+00,0.35815E+03,0.36071E+03,0.37349E+03,1.09235E+03,0.54221E+03,0.52667E+03,0.54375E+03,1.61263E+03,0.53443E+03,0.52854E+03,0.54244E+03,1.60541E+03,0.62058E+03,0.60363E+03,0.61404E+03,1.83811E+03,-0.39667E+03,-0.38631E+03,-0.39339E+03,-1.17636E+03,-0.30188E+03,-0.29493E+03,-0.28528E+03,-0.88209E+03,-0.67015E+00,-0.68248E+00,-0.68853E+00,-0.68042E+00,-0.87371E+00,-0.87251E+00,-0.88553E+00,-0.87733E+00,0.000E+00,119.982E+00,-119.853E+00,59.211E+00,179.187E+00,-62.230E+00,-47.921E+00,-46.962E+00,-46.487E+00,-47.124E+00,201.938E+00,202.348E+00,201.865E+00,90.335E+00,+99999.9E+99,+99999.9E+99,0.00011E+06,-0.00063E+06,0.00000E+00,12.445E+00,0.757E+03,0.00099E+06,43.756E+00,F0F0F
2021/11/30,17:33:43,00000:00:08,500,38003F00,700,1F00,1F00,3F00,99.922E+00,0.000E+00,0.000E+00,110.983E+00,0.000E+00,0.000E+00,0.509E+00,0.000E+00,0.000E+00,99.920E+00,0.000E+00,0.000E+00,0.000E+00,0.000E+00,0.000E+00,100.943E+00,0.000E+00,0.000E+00,98.843E+00,0.000E+00,0.000E+00,108.103E+00,+99999.9E+99,+99999.9E+99,1.051E+00,+99999.9E+99,+99999.9E+99,11.8421E+00,0.00000E+00,0.00000E+00,12.1275E+00,0.00000E+00,0.00000E+00,4.5848E+00,0.00000E+00,0.00000E+00,10.9186E+00,0.00000E+00,0.00000E+00,2.9191E+00,0.00000E+00,0.00000E+00,18.1967E+00,0.0000E+00,0.0000E+00,4.1343E+00,0.0000E+00,0.0000E+00,108.136E+00,+99999.9E+99,+99999.9E+99,64.396E+00,+99999.9E+99,+99999.9E+99,1.08890E+03,0.00000E+03,0.00000E+03,0.00000E+03,0.00000E+03,0.00000E+03,1.18328E+03,0.00000E+03,0.00000E+03,0.00000E+03,0.00000E+03,0.00000E+03,0.46311E+03,0.00000E+03,0.00000E+03,0.00000E+03,0.00000E+03,0.00000E+03,0.92023E+00,0.00000E+00,0.00000E+00,0.82507E+00,0.25782E+00,0.98895E+00,0.000E+00,-86.455E+00,142.344E+00,145.595E+00,-11.396E+00,-29.131E+00,23.040E+00,90.000E+00,90.000E+00,12.6135E+00,0.00000E+00,0.00000E+00,78.683E+00,100.000E+00,100.000E+00,0.23212E+03,0.00000E+03,0.00000E+03,+99999.9E+99,+99999.9E+99,+99999.9E+99,+99999.9E+99,+99999.9E+99,+99999.9E+99,+99999.9E+99,+99999.9E+99,+99999.9E+99,+99999.9E+99,+99999.9E+99,+99999.9E+99,1B00,0,0,0,1B00,76.5288E+00,76.6529E+00,76.5694E+00,76.5837E+00,72.3922E+00,72.7965E+00,72.5123E+00,72.5670E+00,76.5287E+00,76.6529E+00,76.5694E+00,0.0000E+00,0.0000E+00,0.0000E+00,72.8773E+00,72.7125E+00,72.6429E+00,105.857E+00,106.046E+00,105.653E+00,-104.349E+00,-103.847E+00,-104.633E+00,18.426E+00,18.058E+00,18.071E+00,+99999.9E+99,+99999.9E+99,+99999.9E+99,0.191E+00,9.5490E+00,9.0660E+00,9.1928E+00,9.2693E+00,8.2734E+00,7.8602E+00,7.8929E+00,8.0088E+00,9.5478E+00,9.0630E+00,9.1846E+00,-0.1518E+00,-0.2360E+00,0.3888E+00,6.1322E+00,6.4436E+00,6.8435E+00,26.0886E+00,24.1381E+00,25.1529E+00,-26.2681E+00,-25.6009E+00,-22.4505E+00,57.011E+00,52.750E+00,50.037E+00,+99999.9E+99,+99999.9E+99,+99999.9E+99,4.904E+00,0.29309E+03,0.27472E+03,0.28896E+03,0.85677E+03,0.21954E+03,0.23660E+03,0.24075E+03,0.69689E+03,0.42453E+03,0.40225E+03,0.40802E+03,1.23480E+03,0.25519E+03,0.26271E+03,0.27646E+03,0.79384E+03,-0.30712E+03,-0.29382E+03,-0.28806E+03,-0.88901E+03,-0.13009E+03,-0.11416E+03,-0.13590E+03,-0.38015E+03,-0.69039E+00,-0.68297E+00,-0.70820E+00,-0.69386E+00,-0.86031E+00,-0.90064E+00,-0.87084E+00,-0.87788E+00,0.000E+00,120.133E+00,-120.049E+00,60.572E+00,175.862E+00,-60.499E+00,-46.339E+00,-46.924E+00,-44.911E+00,-46.064E+00,202.005E+00,201.390E+00,202.103E+00,94.983E+00,+99999.9E+99,+99999.9E+99,0.00004E+06,-0.00054E+06,0.00000E+00,10.276E+00,0.756E+03,0.00081E+06,43.846E+00,F0F0F
2021/11/30,17:33:43,00000:00:08,550,38003D00,500,1C00,1C00,3800,99.922E+00,0.000E+00,0.000E+00,110.983E+00,0.000E+00,0.000E+00,0.509E+00,0.000E+00,0.000E+00,99.920E+00,0.000E+00,0.000E+00,0.000E+00,0.000E+00,0.000E+00,100.943E+00,0.000E+00,0.000E+00,98.843E+00,0.000E+00,0.000E+00,18.413E+00,434.462E+00,348.833E+00,1.051E+00,+99999.9E+99,+99999.9E+99,11.8421E+00,0.00000E+00,0.00000E+00,12.1275E+00,0.00000E+00,0.00000E+00,4.5848E+00,0.00000E+00,0.00000E+00,10.9186E+00,0.00000E+00,0.00000E+00,4.6889E+00,0.00000E+00,0.00000E+00,18.1967E+00,0.0000E+00,0.0000E+00,4.1343E+00,0.0000E+00,0.0000E+00,8.758E+00,+99999.9E+99,+99999.9E+99,64.396E+00,+99999.9E+99,+99999.9E+99,1.08890E+03,0.00000E+03,0.00000E+03,0.00000E+03,0.00000E+03,0.00000E+03,1.18328E+03,0.00000E+03,0.00000E+03,0.00000E+03,0.00000E+03,0.00000E+03,0.46311E+03,0.00000E+03,0.00000E+03,0.00000E+03,0.00000E+03,0.00000E+03,0.92023E+00,0.00000E+00,0.00000E+00,0.91824E+00,0.52971E+00,0.98883E+00,0.000E+00,-48.976E+00,169.913E+00,156.670E+00,-106.990E+00,161.343E+00,23.040E+00,90.000E+00,90.000E+00,12.6135E+00,0.00000E+00,0.00000E+00,121.961E+00,100.000E+00,100.000E+00,-0.23913E+03,0.00000E+03,0.00000E+03,+99999.9E+99,+99999.9E+99,+99999.9E+99,+99999.9E+99,+99999.9E+99,+99999.9E+99,+99999.9E+99,+99999.9E+99,+99999.9E+99,+99999.9E+99,+99999.9E+99,+99999.9E+99,1B00,0,0,0,1B00,77.0031E+00,77.4692E+00,77.3271E+00,77.2664E+00,71.6481E+00,72.5253E+00,72.2650E+00,72.1461E+00,77.0031E+00,77.4692E+00,77.3271E+00,0.0000E+00,0.0000E+00,0.0000E+00,71.7513E+00,72.3113E+00,72.1032E+00,105.633E+00,106.191E+00,105.659E+00,-105.093E+00,-104.503E+00,-104.400E+00,25.101E+00,25.430E+00,25.296E+00,+99999.9E+99,+99999.9E+99,+99999.9E+99,0.448E+00,13.7750E+00,13.4580E+00,13.5931E+00,13.6087E+00,12.8702E+00,12.6837E+00,12.6434E+00,12.7324E+00,13.7740E+00,13.4557E+00,13.5868E+00,-0.1684E+00,-0.2460E+00,0.4155E+00,10.1018E+00,9.2688E+00,9.4055E+00,27.2857E+00,27.2419E+00,28.5700E+00,-26.1695E+00,-26.8829E+00,-26.7310E+00,44.255E+00,46.955E+00,47.350E+00,+99999.9E+99,+99999.9E+99,+99999.9E+99,6.686E+00,0.44676E+03,0.43519E+03,0.44608E+03,1.32803E+03,0.36829E+03,0.32305E+03,0.34726E+03,1.03859E+03,0.62028E+03,0.60642E+03,0.61464E+03,1.84134E+03,0.41213E+03,0.37432E+03,0.37767E+03,1.16264E+03,-0.43030E+03,-0.42231E+03,-0.42284E+03,-1.27545E+03,-0.18499E+03,-0.18909E+03,-0.14849E+03,-0.52256E+03,-0.72025E+00,-0.71765E+00,-0.72576E+00,-0.72123E+00,-0.89361E+00,-0.86303E+00,-0.91947E+00,-0.89330E+00,0.000E+00,119.926E+00,-119.658E+00,56.923E+00,-179.822E+00,-66.670E+00,-43.925E+00,-44.139E+00,-43.468E+00,-43.844E+00,201.397E+00,202.157E+00,201.056E+00,90.360E+00,+99999.9E+99,+99999.9E+99,0.00013E+06,-0.00076E+06,0.00000E+00,15.129E+00,0.757E+03,0.00120E+06,43.587E+00,F0F08
2021/11/30,17:33:43,00000:00:08,600,38003F00,500,1F00,1F00,3F00,99.922E+00,0.000E+00,0.000E+00,110.983E+00,0.000E+00,0.000E+00,0.509E+00,0.000E+00,0.000E+00,99.920E+00,0.000E+00,0.000E+00,0.000E+00,0.000E+00,0.000E+00,100.943E+00,0.000E+00,0.000E+00,98.843E+00,0.000E+00,0.000E+00,76.253E+00,+99999.9E+99,+99999.9E+99,1.051E+00,+99999.9E+99,+99999.9E+99,11.8421E+00,0.00000E+00,0.00000E+00,12.1275E+00,0.00000E+00,0.00000E+00,4.5848E+00,0.00000E+00,0.00000E+00,10.9186E+00,0.00000E+00,0.00000E+00,3.8503E+00,0.00000E+00,0.00000E+00,18.1967E+00,0.0000E+00,0.0000E+00,4.1343E+00,0.0000E+00,0.0000E+00,56.733E+00,+99999.9E+99,+99999.9E+99,64.396E+00,+99999.9E+99,+99999.9E+99,1.08890E+03,0.00000E+03,0.00000E+03,0.00000E+03,0.00000E+03,0.00000E+03,1.18328E+03,0.00000E+03,0.00000E+03,0.00000E+03,0.00000E+03,0.00000E+03,0.46311E+03,0.00000E+03,0.00000E+03,0.00000E+03,0.00000E+03,0.00000E+03,0.92023E+00,0.00000E+00,0.00000E+00,0.87067E+00,0.49850E+00,0.99485E+00,0.000E+00,-53.450E+00,137.835E+00,150.536E+00,-113.549E+00,-47.985E+00,23.040E+00,90.000E+00,90.000E+00,12.6135E+00,0.00000E+00,0.00000E+00,77.022E+00,100.000E+00,100.000E+00,0.25021E+03,0.00000E+03,0.00000E+03,+99999.9E+99,+99999.9E+99,+99999.9E+99,+99999.9E+99,+99999.9E+99,+99999.9E+99,+99999.9E+99,+99999.9E+99,+99999.9E+99,+99999.9E+99,+99999.9E+99,+99999.9E+99,1B00,0,0,0,1B00,76.6869E+00,76.6557E+00,76.3542E+00,76.5656E+00,72.4560E+00,72.5656E+00,71.8932E+00,72.3049E+00,76.6869E+00,76.6557E+00,76.3542E+00,0.0000E+00,0.0000E+00,0.0000E+00,70.7554E+00,70.6661E+00,70.5040E+00,105.684E+00,105.997E+00,105.786E+00,-104.229E+00,-104.923E+00,-104.353E+00,35.771E+00,35.274E+00,35.738E+00,+99999.9E+99,+99999.9E+99,+99999.9E+99,0.211E+00,9.4834E+00,9.0655E+00,9.6604E+00,9.4031E+00,8.2245E+00,7.8782E+00,8.2693E+00,8.1240E+00,9.4828E+00,9.0655E+00,9.6604E+00,-0.1098E+00,0.0000E+00,0.0000E+00,13.4125E+00,13.4588E+00,14.0151E+00,26.0995E+00,24.4938E+00,26.7433E+00,-25.0952E+00,-22.8800E+00,-26.2924E+00,42.834E+00,42.057E+00,40.185E+00,+99999.9E+99,+99999.9E+99,+99999.9E+99,2.550E+00,0.27426E+03,0.27261E+03,0.29182E+03,0.83869E+03,0.46736E+03,0.48273E+03,0.49176E+03,1.44186E+03,0.42127E+03,0.40318E+03,0.42824E+03,1.25270E+03,0.54267E+03,0.54586E+03,0.56372E+03,1.65195E+03,-0.31977E+03,-0.29705E+03,-0.31342E+03,-0.93024E+03,-0.27580E+03,-0.25481E+03,-0.27560E+03,-0.80621E+03,-0.65103E+00,-0.67615E+00,-0.68143E+00,-0.66951E+00,-0.86123E+00,-0.88436E+00,-0.87235E+00,-0.87282E+00,0.000E+00,120.186E+00,-119.980E+00,60.497E+00,177.944E+00,-60.593E+00,-49.381E+00,-47.457E+00,-47.044E+00,-47.971E+00,202.250E+00,201.605E+00,202.472E+00,93.175E+00,+99999.9E+99,+99999.9E+99,0.00006E+06,-0.00051E+06,0.00000E+00,9.872E+00,0.756E+03,0.00078E+06,43.937E+00,F0F08
2021/11/30,17:33:43,00000:00:08,650,38003F00,700,1F00,1F00,3F00,99.922E+00,0.000E+00,0.000E+00,110.983E+00,0.000E+00,0.000E+00,0.509E+00,0.000E+00,0.000E+00,99.920E+00,0.000E+00,0.000E+00,0.000E+00,0.000E+00,0.000E+00,100.943E+00,0.000E+00,0.000E+00,98.843E+00,0.000E+00,0.000E+00,76.253E+00,+99999.9E+99,+99999.9E+99,1.051E+00,+99999.9E+99,+99999.9E+99,11.8421E+00,0.00000E+00,0.00000E+00,12.1275E+00,0.00000E+00,0.00000E+00,4.5848E+00,0.00000E+00,0.00000E+00,10.9186E+00,0.00000E+00,0.00000E+00,3.8503E+00,0.00000E+00,0.00000E+00,18.1967E+00,0.0000E+00,0.0000E+00,4.1343E+00,0.0000E+00,0.0000E+00,56.733E+00,+99999.9E+99,+99999.9E+99,64.396E+00,+99999.9E+99,+99999.9E+99,1.08890E+03,0.00000E+03,0.00000E+03,0.00000E+03,0.00000E+03,0.00000E+03,1.18328E+03,0.00000E+03,0.00000E+03,0.00000E+03,0.00000E+03,0.00000E+03,0.46311E+03,0.00000E+03,0.00000E+03,0.00000E+03,0.00000E+03,0.00000E+03,0.92023E+00,0.00000E+00,0.00000E+00,0.87067E+00,0.49850E+00,0.99485E+00,0.000E+00,-53.450E+00,137.835E+00,150.536E+00,-113.549E+00,-47.985E+00,23.040E+00,90.000E+00,90.000E+00,12.6135E+00,0.00000E+00,0.00000E+00,97.892E+00,100.000E+00,100.000E+00,0.02295E+03,0.00000E+03,0.00000E+03,+99999.9E+99,+99999.9E+99,+99999.9E+99,+99999.9E+99,+99999.9E+99,+99999.9E+99,+99999.9E+99,+99999.9E+99,+99999.9E+99,+99999.9E+99,+99999.9E+99,+99999.9E+99,1B00,0,0,0,1B00,76.5031E+00,76.9993E+00,77.0094E+00,76.8372E+00,71.8428E+00,72.7759E+00,72.7893E+00,72.4694E+00,76.5031E+00,76.9993E+00,77.0094E+00,0.0000E+00,0.0000E+00,0.0000E+00,73.0836E+00,73.1622E+00,73.0789E+00,105.850E+00,105.991E+00,105.733E+00,-104.316E+00,-105.303E+00,-105.063E+00,13.769E+00,13.732E+00,13.916E+00,+99999.9E+99,+99999.9E+99,+99999.9E+99,0.075E+00,11.7986E+00,11.5615E+00,11.3689E+00,11.5763E+00,10.1972E+00,10.0506E+00,9.7603E+00,10.0027E+00,11.7974E+00,11.5546E+00,11.3546E+00,-0.1688E+00,-0.3992E+00,0.5691E+00,4.7252E+00,4.5061E+00,4.6988E+00,27.7319E+00,27.1567E+00,28.6129E+00,-26.4390E+00,-27.1814E+00,-26.2086E+00,59.285E+00,60.533E+00,57.934E+00,+99999.9E+99,+99999.9E+99,+99999.9E+99,2.495E+00,0.36642E+03,0.34735E+03,0.35218E+03,1.06595E+03,0.17021E+03,0.16585E+03,0.17431E+03,0.51036E+03,0.52649E+03,0.51541E+03,0.50955E+03,1.55145E+03,0.19597E+03,0.18882E+03,0.19604E+03,0.58074E+03,-0.37806E+03,-0.38079E+03,-0.36825E+03,-1.12710E+03,-0.09714E+03,-0.09025E+03,-0.08971E+03,-0.27710E+03,-0.69596E+00,-0.67392E+00,-0.69116E+00,-0.68706E+00,-0.86852E+00,-0.87836E+00,-0.88916E+00,-0.87882E+00,0.000E+00,120.039E+00,-119.929E+00,59.746E+00,178.557E+00,-62.693E+00,-45.896E+00,-47.629E+00,-46.278E+00,-46.602E+00,201.495E+00,201.731E+00,201.115E+00,92.366E+00,+99999.9E+99,+99999.9E+99,0.00008E+06,-0.00064E+06,0.00000E+00,12.439E+00,0.756E+03,0.00098E+06,43.732E+00,F0F08
2021/11/30,17:33:43,00000:00:08,700,38003F00,2800,3B00,3B00,3F00,99.993E+00,0.000E+00,0.000E+00,111.063E+00,0.000E+00,0.000E+00,0.494E+00,0.000E+00,0.000E+00,99.992E+00,0.000E+00,0.000E+00,0.000E+00,0.000E+00,0.000E+00,100.946E+00,0.000E+00,0.000E+00,98.821E+00,0.000E+00,0.000E+00,76.253E+00,+99999.9E+99,+99999.9E+99,1.063E+00,+99999.9E+99,+99999.9E+99,11.4202E+00,0.00000E+00,0.00000E+00,11.6218E+00,0.00000E+00,0.00000E+00,4.5760E+00,0.00000E+00,0.00000E+00,10.4633E+00,0.00000E+00,0.00000E+00,3.8503E+00,0.00000E+00,0.00000E+00,18.3390E+00,0.0000E+00,0.0000E+00,4.1179E+00,0.0000E+00,0.0000E+00,56.733E+00,+99999.9E+99,+99999.9E+99,67.958E+00,+99999.9E+99,+99999.9E+99,1.04422E+03,0.00000E+03,0.00000E+03,0.00000E+03,0.00000E+03,0.00000E+03,1.14194E+03,0.00000E+03,0.00000E+03,0.00000E+03,0.00000E+03,0.00000E+03,0.46221E+03,0.00000E+03,0.00000E+03,0.00000E+03,0.00000E+03,0.00000E+03,0.91442E+00,0.00000E+00,0.00000E+00,0.87067E+00,0.49850E+00,0.99485E+00,0.000E+00,-53.450E+00,137.835E+00,150.536E+00,-113.549E+00,-47.985E+00,23.876E+00,90.000E+00,90.000E+00,0.00000E+00,0.00000E+00,0.00000E+00,124.638E+00,100.000E+00,100.000E+00,-0.25727E+03,0.00000E+03,0.00000E+03,+99999.9E+99,+99999.9E+99,+99999.9E+99,+99999.9E+99,+99999.9E+99,+99999.9E+99,+99999.9E+99,+99999.9E+99,+99999.9E+99,+99999.9E+99,+99999.9E+99,+99999.9E+99,1B00,0,0,0,1B00,77.1915E+00,77.2115E+00,76.9893E+00,77.1308E+00,72.2174E+00,72.4446E+00,71.8850E+00,72.1823E+00,77.1915E+00,77.2115E+00,76.9893E+00,0.0000E+00,0.0000E+00,0.0000E+00,70.4078E+00,70.9870E+00,70.8639E+00,105.477E+00,105.749E+00,105.569E+00,-104.360E+00,-104.836E+00,-104.993E+00,34.990E+00,34.903E+00,34.892E+00,+99999.9E+99,+99999.9E+99,+99999.9E+99,0.499E+00,13.6389E+00,13.2037E+00,13.5997E+00,13.4808E+00,12.5547E+00,12.1257E+00,12.4979E+00,12.3928E+00,13.6380E+00,13.2037E+00,13.5983E+00,-0.1629E+00,0.0000E+00,0.1964E+00,14.2008E+00,13.2948E+00,13.2826E+00,27.6724E+00,27.3719E+00,28.5452E+00,-26.6900E+00,-27.0286E+00,-26.8533E+00,39.502E+00,41.628E+00,41.805E+00,+99999.9E+99,+99999.9E+99,+99999.9E+99,4.288E+00,0.43144E+03,0.42336E+03,0.44669E+03,1.30149E+03,0.50807E+03,0.46591E+03,0.49060E+03,1.46458E+03,0.61455E+03,0.59459E+03,0.61132E+03,1.82046E+03,0.57184E+03,0.53718E+03,0.54211E+03,1.65023E+03,-0.43765E+03,-0.41750E+03,-0.41735E+03,-1.27249E+03,-0.26242E+03,-0.26738E+03,-0.23064E+03,-0.76045E+03,-0.70204E+00,-0.71202E+00,-0.73070E+00,-0.71492E+00,-0.88848E+00,-0.86732E+00,-0.90498E+00,-0.88750E+00,0.000E+00,119.848E+00,-119.668E+00,57.589E+00,179.638E+00,-64.700E+00,-45.409E+00,-44.601E+00,-43.055E+00,-44.363E+00,201.243E+00,201.457E+00,201.811E+00,89.764E+00,+99999.9E+99,+99999.9E+99,0.00013E+06,-0.00074E+06,0.00000E+00,14.737E+00,0.757E+03,0.00117E+06,43.574E+00,F0F08
2021/11/30,17:33:43,00000:00:08,750,38003D00,2D00,3C00,3C00,3800,99.993E+00,0.000E+00,0.000E+00,111.063E+00,0.000E+00,0.000E+00,0.494E+00,0.000E+00,0.000E+00,99.992E+00,0.000E+00,0.000E+00,0.000E+00,0.000E+00,0.000E+00,100.946E+00,0.000E+00,0.000E+00,98.821E+00,0.000E+00,0.000E+00,39.917E+00,+99999.9E+99,418.886E+00,1.063E+00,+99999.9E+99,+99999.9E+99,11.4202E+00,0.00000E+00,0.00000E+00,11.6218E+00,0.00000E+00,0.00000E+00,4.5760E+00,0.00000E+00,0.00000E+00,10.4633E+00,0.00000E+00,0.00000E+00,4.2043E+00,0.00000E+00,0.00000E+00,18.3390E+00,0.0000E+00,0.0000E+00,4.1179E+00,0.0000E+00,0.0000E+00,41.804E+00,+99999.9E+99,+99999.9E+99,67.958E+00,+99999.9E+99,+99999.9E+99,1.04422E+03,0.00000E+03,0.00000E+03,0.00000E+03,0.00000E+03,0.00000E+03,1.14194E+03,0.00000E+03,0.00000E+03,0.00000E+03,0.00000E+03,0.00000E+03,0.46221E+03,0.00000E+03,0.00000E+03,0.00000E+03,0.00000E+03,0.00000E+03,0.91442E+00,0.00000E+00,0.00000E+00,0.93207E+00,0.65898E+00,0.93863E+00,0.000E+00,-94.526E+00,161.173E+00,158.760E+00,-143.304E+00,-39.005E+00,23.876E+00,90.000E+00,90.000E+00,0.00000E+00,0.00000E+00,0.00000E+00,74.859E+00,100.000E+00,100.000E+00,0.26252E+03,0.00000E+03,0.00000E+03,+99999.9E+99,+99999.9E+99,+99999.9E+99,+99999.9E+99,+99999.9E+99,+99999.9E+99,+99999.9E+99,+99999.9E+99,+99999.9E+99,+99999.9E+99,+99999.9E+99,+99999.9E+99,1B00,0,0,0,1B00,76.2667E+00,76.6581E+00,76.4964E+00,76.4737E+00,72.1715E+00,72.8997E+00,72.6071E+00,72.5594E+00,76.2667E+00,76.6581E+00,76.4964E+00,0.0000E+00,0.0000E+00,0.0000E+00,71.8939E+00,71.7463E+00,71.6609E+00,105.711E+00,106.079E+00,105.709E+00,-104.526E+00,-104.621E+00,-104.444E+00,27.203E+00,26.193E+00,26.907E+00,+99999.9E+99,+99999.9E+99,+99999.9E+99,0.192E+00,8.2859E+00,8.2440E+00,8.1830E+00,8.2376E+00,7.3804E+00,7.3596E+00,7.2860E+00,7.3420E+00,8.2851E+00,8.2433E+00,8.1798E+00,-0.1199E+00,-0.1073E+00,0.2284E+00,9.7441E+00,9.9260E+00,10.2872E+00,22.2700E+00,20.8281E+00,20.6119E+00,-18.7314E+00,-19.1862E+00,-19.9648E+00,48.392E+00,45.888E+00,44.343E+00,+99999.9E+99,+99999.9E+99,+99999.9E+99,4.347E+00,0.26208E+03,0.25719E+03,0.26243E+03,0.78169E+03,0.33666E+03,0.36088E+03,0.36514E+03,1.06268E+03,0.36644E+03,0.36516E+03,0.36339E+03,1.09499E+03,0.39148E+03,0.40291E+03,0.42058E+03,1.21435E+03,-0.25611E+03,-0.25923E+03,-0.25136E+03,-0.76670E+03,-0.19979E+03,-0.17918E+03,-0.20871E+03,-0.58768E+03,-0.71521E+00,-0.70430E+00,-0.72217E+00,-0.71388E+00,-0.85997E+00,-0.89567E+00,-0.86818E+00,-0.87510E+00,0.000E+00,120.148E+00,-120.026E+00,60.619E+00,176.512E+00,-60.166E+00,-44.339E+00,-45.227E+00,-43.766E+00,-44.448E+00,202.336E+00,201.925E+00,201.926E+00,94.608E+00,+99999.9E+99,+99999.9E+99,0.00004E+06,-0.00048E+06,0.00000E+00,9.343E+00,0.756E+03,0.00074E+06,43.965E+00,F0F08
2021/11/30,17:33:44,00000:00:08,800,38003F00,2800,3B00,3B00,3F00,99.801E+00,0.000E+00,0.000E+00,110.849E+00,0.000E+00,0.000E+00,0.502E+00,0.000E+00,0.000E+00,99.799E+00,0.000E+00,0.000E+00,0.000E+00,0.000E+00,0.000E+00,100.911E+00,0.000E+00,0.000E+00,98.804E+00,0.000E+00,0.000E+00,39.917E+00,+99999.9E+99,418.886E+00,1.056E+00,+99999.9E+99,+99999.9E+99,12.4062E+00,0.00000E+00,0.00000E+00,12.8765E+00,0.00000E+00,0.00000E+00,4.4179E+00,0.00000E+00,0.00000E+00,11.5930E+00,0.00000E+00,0.00000E+00,4.2043E+00,0.00000E+00,0.00000E+00,18.2960E+00,0.0000E+00,0.0000E+00,3.9890E+00,0.0000E+00,0.0000E+00,41.804E+00,+99999.9E+99,+99999.9E+99,61.705E+00,+99999.9E+99,+99999.9E+99,1.15498E+03,0.00000E+03,0.00000E+03,0.00000E+03,0.00000E+03,0.00000E+03,1.23815E+03,0.00000E+03,0.00000E+03,0.00000E+03,0.00000E+03,0.00000E+03,-0.44613E+03,0.00000E+03,0.00000E+03,0.00000E+03,0.00000E+03,0.00000E+03,-0.93283E+00,0.00000E+00,0.00000E+00,0.93207E+00,0.65898E+00,0.93863E+00,0.000E+00,-94.526E+00,161.173E+00,158.760E+00,-143.304E+00,-39.005E+00,-21.120E+00,90.000E+00,90.000E+00,9.32498E+00,0.00000E+00,0.00000E+00,105.745E+00,100.000E+00,100.000E+00,-0.06636E+03,0.00000E+03,0.00000E+03,+99999.9E+99,+99999.9E+99,+99999.9E+99,+99999.9E+99,+99999.9E+99,+99999.9E+99,+99999.9E+99,+99999.9E+99,+99999.9E+99,+99999.9E+99,+99999.9E+99,+99999.9E+99,1B00,0,0,0,1B00,77.0634E+00,77.1506E+00,77.1037E+00,77.1059E+00,72.0301E+00,72.3949E+00,72.1702E+00,72.1984E+00,77.0634E+00,77.1506E+00,77.1037E+00,0.0000E+00,0.0000E+00,0.0000E+00,73.0137E+00,73.2410E+00,73.1129E+00,105.774E+00,106.216E+00,105.883E+00,-104.546E+00,-104.730E+00,-104.703E+00,14.212E+00,14.491E+00,14.567E+00,+99999.9E+99,+99999.9E+99,+99999.9E+99,0.180E+00,13.2274E+00,12.7804E+00,12.9527E+00,12.9868E+00,11.9659E+00,11.5170E+00,11.5538E+00,11.6789E+00,13.2262E+00,12.7758E+00,12.9426E+00,-0.1710E+00,-0.3407E+00,0.5129E+00,5.2600E+00,4.8025E+00,4.9493E+00,27.5886E+00,27.1757E+00,28.5652E+00,-26.6238E+00,-26.9429E+00,-26.7752E+00,54.378E+00,58.282E+00,56.413E+00,+99999.9E+99,+99999.9E+99,+99999.9E+99,4.162E+00,0.41560E+03,0.39443E+03,0.41130E+03,1.22134E+03,0.19030E+03,0.17600E+03,0.18717E+03,0.55347E+03,0.59520E+03,0.57351E+03,0.58125E+03,1.74996E+03,0.21483E+03,0.20062E+03,0.20576E+03,0.62093E+03,-0.42607E+03,-0.41634E+03,-0.41071E+03,-1.25312E+03,-0.09969E+03,-0.09630E+03,-0.08549E+03,-0.28147E+03,-0.69826E+00,-0.68775E+00,-0.70761E+00,-0.69792E+00,-0.88582E+00,-0.87727E+00,-0.90961E+00,-0.89136E+00,0.000E+00,120.014E+00,-119.839E+00,57.749E+00,178.641E+00,-65.335E+00,-45.713E+00,-46.548E+00,-44.959E+00,-45.740E+00,201.206E+00,201.466E+00,201.724E+00,91.413E+00,+99999.9E+99,+99999.9E+99,0.00010E+06,-0.00072E+06,0.00000E+00,14.085E+00,0.757E+03,0.00112E+06,43.569E+00,F0F08
2021/11/30,17:33:44,00000:00:08,850,38003F00,0,1B00,1B00,3F00,99.944E+00,0.000E+00,0.000E+00,111.008E+00,0.000E+00,0.000E+00,0.528E+00,0.000E+00,0.000E+00,99.942E+00,0.000E+00,0.000E+00,0.000E+00,0.000E+00,0.000E+00,100.957E+00,0.000E+00,0.000E+00,98.818E+00,0.000E+00,0.000E+00,100.406E+00,+99999.9E+99,+99999.9E+99,1.070E+00,+99999.9E+99,+99999.9E+99,11.6670E+00,0.00000E+00,0.00000E+00,11.8392E+00,0.00000E+00,0.00000E+00,4.7438E+00,0.00000E+00,0.00000E+00,10.6590E+00,0.00000E+00,0.00000E+00,3.0441E+00,0.00000E+00,0.00000E+00,18.4021E+00,0.0000E+00,0.0000E+00,3.4288E+00,0.0000E+00,0.0000E+00,101.500E+00,+99999.9E+99,+99999.9E+99,70.238E+00,+99999.9E+99,+99999.9E+99,1.06304E+03,0.00000E+03,0.00000E+03,0.00000E+03,0.00000E+03,0.00000E+03,1.16604E+03,0.00000E+03,0.00000E+03,0.00000E+03,0.00000E+03,0.00000E+03,0.47917E+03,0.00000E+03,0.00000E+03,0.00000E+03,0.00000E+03,0.00000E+03,0.91166E+00,0.00000E+00,0.00000E+00,0.83348E+00,0.19036E+00,0.62860E+00,0.000E+00,145.502E+00,140.579E+00,146.458E+00,-113.525E+00,11.632E+00,24.264E+00,90.000E+00,90.000E+00,12.6179E+00,0.00000E+00,0.00000E+00,102.941E+00,100.000E+00,100.000E+00,-0.03127E+03,0.00000E+03,0.00000E+03,+99999.9E+99,+99999.9E+99,+99999.9E+99,+99999.9E+99,+99999.9E+99,+99999.9E+99,+99999.9E+99,+99999.9E+99,+99999.9E+99,+99999.9E+99,+99999.9E+99,+99999.9E+99,1B00,0,0,0,1B00,76.7231E+00,77.0753E+00,76.8180E+00,76.8721E+00,71.9917E+00,72.6368E+00,72.1666E+00,72.2651E+00,76.7231E+00,77.0753E+00,76.8180E+00,0.0000E+00,0.0000E+00,0.0000E+00,70.1143E+00,70.4845E+00,70.4497E+00,105.369E+00,105.713E+00,105.630E+00,-104.609E+00,-104.236E+00,-104.350E+00,37.295E+00,37.325E+00,37.232E+00,+99999.9E+99,+99999.9E+99,+99999.9E+99,0.337E+00,12.0210E+00,11.8486E+00,12.1426E+00,12.0041E+00,10.4898E+00,10.4066E+00,10.6053E+00,10.5006E+00,12.0202E+00,11.8486E+00,12.1426E+00,-0.1336E+00,0.0000E+00,0.0000E+00,14.9506E+00,14.3336E+00,14.3181E+00,27.7052E+00,27.2243E+00,28.8905E+00,-26.1357E+00,-27.1671E+00,-26.9209E+00,39.451E+00,40.951E+00,40.999E+00,+99999.9E+99,+99999.9E+99,+99999.9E+99,3.043E+00,0.35894E+03,0.36112E+03,0.37424E+03,1.09431E+03,0.53077E+03,0.49844E+03,0.51850E+03,1.54771E+03,0.53680E+03,0.53052E+03,0.54465E+03,1.61197E+03,0.60397E+03,0.57664E+03,0.58163E+03,1.76178E+03,-0.39914E+03,-0.38864E+03,-0.39571E+03,-1.18349E+03,-0.28821E+03,-0.28996E+03,-0.26353E+03,-0.84170E+03,-0.66867E+00,-0.68070E+00,-0.68712E+00,-0.67886E+00,-0.87880E+00,-0.86438E+00,-0.89146E+00,-0.87849E+00,0.000E+00,119.859E+00,-119.808E+00,58.677E+00,-179.971E+00,-63.023E+00,-48.035E+00,-47.102E+00,-46.597E+00,-47.245E+00,201.986E+00,202.076E+00,201.571E+00,90.229E+00,+99999.9E+99,+99999.9E+99,0.00011E+06,-0.00063E+06,0.00000E+00,12.464E+00,0.756E+03,0.00099E+06,43.824E+00,F0F0F
2021/11/30,17:33:44,00000:00:08,900,38003F00,500,1F00,1F00,3F00,99.944E+00,0.000E+00,0.000E+00,111.008E+00,0.000E+00,0.000E+00,0.528E+00,0.000E+00,0.000E+00,99.942E+00,0.000E+00,0.000E+00,0.000E+00,0.000E+00,0.000E+00,100.957E+00,0.000E+00,0.000E+00,98.818E+00,0.000E+00,0.000E+00,19.404E+00,+99999.9E+99,349.900E+00,1.070E+00,+99999.9E+99,+99999.9E+99,11.6670E+00,0.00000E+00,0.00000E+00,11.8392E+00,0.00000E+00,0.00000E+00,4.7438E+00,0.00000E+00,0.00000E+00,10.6590E+00,0.00000E+00,0.00000E+00,4.8574E+00,0.00000E+00,0.00000E+00,18.4021E+00,0.0000E+00,0.0000E+00,3.4288E+00,0.0000E+00,0.0000E+00,9.213E+00,+99999.9E+99,+99999.9E+99,70.238E+00,+99999.9E+99,+99999.9E+99,1.06304E+03,0.00000E+03,0.00000E+03,0.00000E+03,0.00000E+03,0.00000E+03,1.16604E+03,0.00000E+03,0.00000E+03,0.00000E+03,0.00000E+03,0.00000E+03,0.47917E+03,0.00000E+03,0.00000E+03,0.00000E+03,0.00000E+03,0.00000E+03,0.91166E+00,0.00000E+00,0.00000E+00,0.91903E+00,0.80169E+00,0.20389E+00,0.000E+00,-82.935E+00,138.066E+00,156.785E+00,60.356E+00,-143.699E+00,24.264E+00,90.000E+00,90.000E+00,12.6179E+00,0.00000E+00,0.00000E+00,80.633E+00,100.000E+00,100.000E+00,0.20588E+03,0.00000E+03,0.00000E+03,+99999.9E+99,+99999.9E+99,+99999.9E+99,+99999.9E+99,+99999.9E+99,+99999.9E+99,+99999.9E+99,+99999.9E+99,+99999.9E+99,+99999.9E+99,+99999.9E+99,+99999.9E+99,1B00,0,0,0,1B00,76.5191E+00,76.6244E+00,76.5465E+00,76.5634E+00,72.3805E+00,72.7589E+00,72.4764E+00,72.5386E+00,76.5191E+00,76.6244E+00,76.5465E+00,0.0000E+00,0.0000E+00,0.0000E+00,72.4354E+00,72.2151E+00,72.2037E+00,105.844E+00,106.046E+00,105.746E+00,-104.134E+00,-104.610E+00,-104.419E+00,22.659E+00,21.763E+00,22.206E+00,+99999.9E+99,+99999.9E+99,+99999.9E+99,0.205E+00,9.5733E+00,9.0709E+00,9.1972E+00,9.2805E+00,8.2720E+00,7.8587E+00,7.8937E+00,8.0081E+00,9.5724E+00,9.0672E+00,9.1889E+00,-0.1323E+00,-0.2577E+00,0.3912E+00,7.7596E+00,8.1912E+00,8.3826E+00,26.2376E+00,24.2919E+00,24.9533E+00,-26.5433E+00,-25.2624E+00,-22.6005E+00,52.288E+00,48.176E+00,47.023E+00,+99999.9E+99,+99999.9E+99,+99999.9E+99,4.555E+00,0.29314E+03,0.27501E+03,0.28901E+03,0.85716E+03,0.27528E+03,0.29651E+03,0.29872E+03,0.87051E+03,0.42548E+03,0.40223E+03,0.40789E+03,1.23560E+03,0.31829E+03,0.32916E+03,0.34310E+03,0.98998E+03,-0.30839E+03,-0.29353E+03,-0.28784E+03,-0.88975E+03,-0.15977E+03,-0.14292E+03,-0.16877E+03,-0.47146E+03,-0.68896E+00,-0.68372E+00,-0.70855E+00,-0.69372E+00,-0.86488E+00,-0.90081E+00,-0.87065E+00,-0.87932E+00,0.000E+00,120.105E+00,-120.097E+00,60.031E+00,175.837E+00,-60.528E+00,-46.452E+00,-46.865E+00,-44.883E+00,-46.075E+00,201.650E+00,201.338E+00,202.108E+00,94.854E+00,+99999.9E+99,+99999.9E+99,0.00004E+06,-0.00054E+06,0.00000E+00,10.270E+00,0.756E+03,0.00081E+06,43.763E+00,F0F08
2021/11/30,17:33:44,00000:00:08,950,38003F00,700,1C00,1C00,3800,99.944E+00,0.000E+00,0.000E+00,111.008E+00,0.000E+00,0.000E+00,0.528E+00,0.000E+00,0.000E+00,99.942E+00,0.000E+00,0.000E+00,0.000E+00,0.000E+00,0.000E+00,100.957E+00,0.000E+00,0.000E+00,98.818E+00,0.000E+00,0.000E+00,19.404E+00,+99999.9E+99,349.900E+00,1.070E+00,+99999.9E+99,+99999.9E+99,11.6670E+00,0.00000E+00,0.00000E+00,11.8392E+00,0.00000E+00,0.00000E+00,4.7438E+00,0.00000E+00,0.00000E+00,10.6590E+00,0.00000E+00,0.00000E+00,4.8574E+00,0.00000E+00,0.00000E+00,18.4021E+00,0.0000E+00,0.0000E+00,3.4288E+00,0.0000E+00,0.0000E+00,9.213E+00,+99999.9E+99,+99999.9E+99,70.238E+00,+99999.9E+99,+99999.9E+99,1.06304E+03,0.00000E+03,0.00000E+03,0.00000E+03,0.00000E+03,0.00000E+03,1.16604E+03,0.00000E+03,0.00000E+03,0.00000E+03,0.00000E+03,0.00000E+03,0.47917E+03,0.00000E+03,0.00000E+03,0.00000E+03,0.00000E+03,0.00000E+03,0.91166E+00,0.00000E+00,0.00000E+00,0.91903E+00,0.80169E+00,0.20389E+00,0.000E+00,-82.935E+00,138.066E+00,156.785E+00,60.356E+00,-143.699E+00,24.264E+00,90.000E+00,90.000E+00,12.6179E+00,0.00000E+00,0.00000E+00,127.293E+00,100.000E+00,100.000E+00,-0.29014E+03,0.00000E+03,0.00000E+03,+99999.9E+99,+99999.9E+99,+99999.9E+99,+99999.9E+99,+99999.9E+99,+99999.9E+99,+99999.9E+99,+99999.9E+99,+99999.9E+99,+99999.9E+99,+99999.9E+99,+99999.9E+99,1B00,0,0,0,1B00,77.0045E+00,77.4505E+00,77.3147E+00,77.2566E+00,71.7027E+00,72.5250E+00,72.2819E+00,72.1699E+00,77.0045E+00,77.4505E+00,77.3147E+00,0.0000E+00,0.0000E+00,0.0000E+00,72.2986E+00,72.7564E+00,72.6305E+00,105.671E+00,105.969E+00,105.596E+00,-104.447E+00,-104.714E+00,-105.227E+00,20.345E+00,20.511E+00,20.755E+00,+99999.9E+99,+99999.9E+99,+99999.9E+99,0.382E+00,13.9716E+00,13.6451E+00,13.8010E+00,13.8059E+00,13.0329E+00,12.8312E+00,12.8175E+00,12.8939E+00,13.9706E+00,13.6431E+00,13.7952E+00,-0.1629E+00,-0.2376E+00,0.4017E+00,8.1175E+00,7.5461E+00,7.3887E+00,27.7867E+00,27.1629E+00,28.6552E+00,-26.6076E+00,-27.2976E+00,-26.7462E+00,46.616E+00,48.890E+00,50.574E+00,+99999.9E+99,+99999.9E+99,+99999.9E+99,6.798E+00,0.45490E+03,0.44352E+03,0.45476E+03,1.35318E+03,0.29788E+03,0.26086E+03,0.27945E+03,0.83819E+03,0.62910E+03,0.61504E+03,0.62430E+03,1.86844E+03,0.33130E+03,0.30038E+03,0.30245E+03,0.93293E+03,-0.43455E+03,-0.42611E+03,-0.42772E+03,-1.28838E+03,-0.14501E+03,-0.14893E+03,-0.11569E+03,-0.40963E+03,-0.72310E+00,-0.72111E+00,-0.72843E+00,-0.72423E+00,-0.89912E+00,-0.86844E+00,-0.92396E+00,-0.89845E+00,0.000E+00,119.896E+00,-119.735E+00,56.168E+00,179.565E+00,-67.403E+00,-43.689E+00,-43.853E+00,-43.245E+00,-43.595E+00,201.614E+00,201.985E+00,200.819E+00,90.338E+00,+99999.9E+99,+99999.9E+99,0.00013E+06,-0.00078E+06,0.00000E+00,15.424E+00,0.757E+03,0.00122E+06,43.694E+00,F0F08
2021/11/30,17:33:44,00000:00:09,0,38003F00,500,1F00,1F00,3F00,99.944E+00,0.000E+00,0.000E+00,111.008E+00,0.000E+00,0.000E+00,0.528E+00,0.000E+00,0.000E+00,99.942E+00,0.000E+00,0.000E+00,0.000E+00,0.000E+00,0.000E+00,100.957E+00,0.000E+00,0.000E+00,98.818E+00,0.000E+00,0.000E+00,66.222E+00,+99999.9E+99,486.504E+00,1.070E+00,+99999.9E+99,+99999.9E+99,11.6670E+00,0.00000E+00,0.00000E+00,11.8392E+00,0.00000E+00,0.00000E+00,4.7438E+00,0.00000E+00,0.00000E+00,10.6590E+00,0.00000E+00,0.00000E+00,4.1424E+00,0.00000E+00,0.00000E+00,18.4021E+00,0.0000E+00,0.0000E+00,3.4288E+00,0.0000E+00,0.0000E+00,46.990E+00,+99999.9E+99,+99999.9E+99,70.238E+00,+99999.9E+99,+99999.9E+99,1.06304E+03,0.00000E+03,0.00000E+03,0.00000E+03,0.00000E+03,0.00000E+03,1.16604E+03,0.00000E+03,0.00000E+03,0.00000E+03,0.00000E+03,0.00000E+03,0.47917E+03,0.00000E+03,0.00000E+03,0.00000E+03,0.00000E+03,0.00000E+03,0.91166E+00,0.00000E+00,0.00000E+00,0.88419E+00,0.73156E+00,0.44866E+00,0.000E+00,44.056E+00,144.096E+00,152.152E+00,87.039E+00,-99.247E+00,24.264E+00,90.000E+00,90.000E+00,12.6179E+00,0.00000E+00,0.00000E+00,82.386E+00,100.000E+00,100.000E+00,0.18724E+03,0.00000E+03,0.00000E+03,+99999.9E+99,+99999.9E+99,+99999.9E+99,+99999.9E+99,+99999.9E+99,+99999.9E+99,+99999.9E+99,+99999.9E+99,+99999.9E+99,+99999.9E+99,+99999.9E+99,+99999.9E+99,1B00,0,0,0,1B00,76.6982E+00,76.6387E+00,76.3871E+00,76.5747E+00,72.5551E+00,72.6442E+00,72.0422E+00,72.4138E+00,76.6982E+00,76.6387E+00,76.3871E+00,0.0000E+00,0.0000E+00,0.0000E+00,70.2311E+00,70.2513E+00,70.1337E+00,105.750E+00,105.916E+00,105.819E+00,-104.690E+00,-104.626E+00,-105.041E+00,38.299E+00,37.989E+00,38.183E+00,+99999.9E+99,+99999.9E+99,+99999.9E+99,0.095E+00,9.7739E+00,9.3603E+00,9.9504E+00,9.6949E+00,8.4466E+00,8.0912E+00,8.4857E+00,8.3412E+00,9.7732E+00,9.3603E+00,9.9504E+00,-0.1169E+00,0.0000E+00,0.0000E+00,14.7815E+00,14.6926E+00,15.0341E+00,26.3862E+00,24.8752E+00,27.2076E+00,-25.6324E+00,-23.5900E+00,-26.4681E+00,40.744E+00,40.674E+00,39.356E+00,+99999.9E+99,+99999.9E+99,+99999.9E+99,1.480E+00,0.28700E+03,0.28438E+03,0.30441E+03,0.87580E+03,0.51824E+03,0.52160E+03,0.53315E+03,1.57300E+03,0.43475E+03,0.41641E+03,0.44134E+03,1.29249E+03,0.59723E+03,0.59285E+03,0.60724E+03,1.79720E+03,-0.32655E+03,-0.30418E+03,-0.31955E+03,-0.95027E+03,-0.29682E+03,-0.28178E+03,-0.29066E+03,-0.86926E+03,-0.66016E+00,-0.68293E+00,-0.68976E+00,-0.67760E+00,-0.86775E+00,-0.87983E+00,-0.87800E+00,-0.87525E+00,0.000E+00,120.089E+00,-119.943E+00,59.810E+00,178.418E+00,-61.303E+00,-48.688E+00,-46.927E+00,-46.389E+00,-47.343E+00,201.782E+00,201.600E+00,202.491E+00,91.919E+00,+99999.9E+99,+99999.9E+99,0.00007E+06,-0.00052E+06,0.00000E+00,10.167E+00,0.756E+03,0.00081E+06,43.790E+00,F0F08
2021/11/30,17:33:44,00000:00:09,50,38003F00,2A00,3B00,3B00,3F00,99.981E+00,0.000E+00,0.000E+00,111.050E+00,0.000E+00,0.000E+00,0.507E+00,0.000E+00,0.000E+00,99.980E+00,0.000E+00,0.000E+00,0.000E+00,0.000E+00,0.000E+00,101.018E+00,0.000E+00,0.000E+00,98.793E+00,0.000E+00,0.000E+00,66.222E+00,+99999.9E+99,486.504E+00,1.113E+00,+99999.9E+99,+99999.9E+99,11.5894E+00,0.00000E+00,0.00000E+00,11.7765E+00,0.00000E+00,0.00000E+00,4.6797E+00,0.00000E+00,0.00000E+00,10.6026E+00,0.00000E+00,0.00000E+00,4.1424E+00,0.00000E+00,0.00000E+00,18.3945E+00,0.0000E+00,0.0000E+00,4.1583E+00,0.0000E+00,0.0000E+00,46.990E+00,+99999.9E+99,+99999.9E+99,67.135E+00,+99999.9E+99,+99999.9E+99,1.05792E+03,0.00000E+03,0.00000E+03,0.00000E+03,0.00000E+03,0.00000E+03,1.15873E+03,0.00000E+03,0.00000E+03,0.00000E+03,0.00000E+03,0.00000E+03,0.47270E+03,0.00000E+03,0.00000E+03,0.00000E+03,0.00000E+03,0.00000E+03,0.91301E+00,0.00000E+00,0.00000E+00,0.88419E+00,0.73156E+00,0.44866E+00,0.000E+00,44.056E+00,144.096E+00,152.152E+00,87.039E+00,-99.247E+00,24.076E+00,90.000E+00,90.000E+00,0.00000E+00,0.00000E+00,0.00000E+00,100.046E+00,100.000E+00,100.000E+00,-0.00049E+03,0.00000E+03,0.00000E+03,+99999.9E+99,+99999.9E+99,+99999.9E+99,+99999.9E+99,+99999.9E+99,+99999.9E+99,+99999.9E+99,+99999.9E+99,+99999.9E+99,+99999.9E+99,+99999.9E+99,+99999.9E+99,1B00,0,0,0,1B00,76.5305E+00,76.9927E+00,77.0193E+00,76.8475E+00,71.8745E+00,72.7747E+00,72.7968E+00,72.4820E+00,76.5305E+00,76.9927E+00,77.0193E+00,0.0000E+00,0.0000E+00,0.0000E+00,73.0195E+00,73.0102E+00,72.8942E+00,105.801E+00,106.043E+00,105.770E+00,-105.659E+00,-104.657E+00,-105.041E+00,15.526E+00,15.363E+00,15.466E+00,+99999.9E+99,+99999.9E+99,+99999.9E+99,0.113E+00,11.7478E+00,11.5020E+00,11.3020E+00,11.5173E+00,10.1433E+00,10.0012E+00,9.7078E+00,9.9507E+00,11.7466E+00,11.4959E+00,11.2889E+00,-0.1666E+00,-0.3757E+00,0.5434E+00,5.2826E+00,5.2003E+00,5.6129E+00,27.5452E+00,27.1748E+00,28.4995E+00,-26.7110E+00,-27.0681E+00,-26.0905E+00,57.979E+00,57.105E+00,52.953E+00,+99999.9E+99,+99999.9E+99,+99999.9E+99,3.587E+00,0.36405E+03,0.34480E+03,0.34956E+03,1.05841E+03,0.18815E+03,0.19459E+03,0.20199E+03,0.58472E+03,0.52461E+03,0.51274E+03,0.50636E+03,1.54371E+03,0.21733E+03,0.21715E+03,0.22880E+03,0.66305E+03,-0.37773E+03,-0.37950E+03,-0.36634E+03,-1.12358E+03,-0.10877E+03,-0.09638E+03,-0.10748E+03,-0.31264E+03,-0.69395E+00,-0.67246E+00,-0.69034E+00,-0.68563E+00,-0.86573E+00,-0.89610E+00,-0.88280E+00,-0.88186E+00,0.000E+00,120.105E+00,-119.957E+00,60.026E+00,176.405E+00,-61.882E+00,-46.057E+00,-47.743E+00,-46.343E+00,-46.715E+00,201.913E+00,201.518E+00,201.276E+00,92.889E+00,+99999.9E+99,+99999.9E+99,0.00008E+06,-0.00064E+06,0.00000E+00,12.416E+00,0.756E+03,0.00098E+06,43.827E+00,F0F08
2021/11/30,17:33:44,00000:00:09,100,38003F00,2D00,3F00,3F00,3F00,99.981E+00,0.000E+00,0.000E+00,111.050E+00,0.000E+00,0.000E+00,0.507E+00,0.000E+00,0.000E+00,99.980E+00,0.000E+00,0.000E+00,0.000E+00,0.000E+00,0.000E+00,101.018E+00,0.000E+00,0.000E+00,98.793E+00,0.000E+00,0.000E+00,33.744E+00,+99999.9E+99,441.419E+00,1.113E+00,+99999.9E+99,+99999.9E+99,11.5894E+00,0.00000E+00,0.00000E+00,11.7765E+00,0.00000E+00,0.00000E+00,4.6797E+00,0.00000E+00,0.00000E+00,10.6026E+00,0.00000E+00,0.00000E+00,4.3094E+00,0.00000E+00,0.00000E+00,18.3945E+00,0.0000E+00,0.0000E+00,4.1583E+00,0.0000E+00,0.0000E+00,38.532E+00,+99999.9E+99,+99999.9E+99,67.135E+00,+99999.9E+99,+99999.9E+99,1.05792E+03,0.00000E+03,0.00000E+03,0.00000E+03,0.00000E+03,0.00000E+03,1.15873E+03,0.00000E+03,0.00000E+03,0.00000E+03,0.00000E+03,0.00000E+03,0.47270E+03,0.00000E+03,0.00000E+03,0.00000E+03,0.00000E+03,0.00000E+03,0.91301E+00,0.00000E+00,0.00000E+00,0.93438E+00,0.75028E+00,0.95925E+00,0.000E+00,172.433E+00,170.902E+00,159.128E+00,-146.182E+00,7.315E+00,24.076E+00,90.000E+00,90.000E+00,0.00000E+00,0.00000E+00,0.00000E+00,122.367E+00,100.000E+00,100.000E+00,-0.23662E+03,0.00000E+03,0.00000E+03,+99999.9E+99,+99999.9E+99,+99999.9E+99,+99999.9E+99,+99999.9E+99,+99999.9E+99,+99999.9E+99,+99999.9E+99,+99999.9E+99,+99999.9E+99,+99999.9E+99,+99999.9E+99,1B00,0,0,0,1B00,77.2266E+00,77.2078E+00,77.0071E+00,77.1472E+00,72.2457E+00,72.4071E+00,71.8932E+00,72.1820E+00,77.2266E+00,77.2078E+00,77.0071E+00,0.0000E+00,0.0000E+00,0.0000E+00,70.9988E+00,71.6865E+00,71.4900E+00,105.323E+00,105.663E+00,105.474E+00,-104.279E+00,-104.587E+00,-104.500E+00,30.382E+00,30.524E+00,30.444E+00,+99999.9E+99,+99999.9E+99,+99999.9E+99,0.566E+00,13.5932E+00,13.1583E+00,13.5423E+00,13.4313E+00,12.5146E+00,12.0927E+00,12.4506E+00,12.3526E+00,13.5924E+00,13.1583E+00,13.5408E+00,-0.1513E+00,0.0000E+00,0.1982E+00,12.4819E+00,11.3248E+00,11.4794E+00,27.6776E+00,27.1010E+00,28.4676E+00,-26.5986E+00,-27.1152E+00,-26.4448E+00,40.821E+00,44.291E+00,44.101E+00,+99999.9E+99,+99999.9E+99,+99999.9E+99,6.076E+00,0.42938E+03,0.42105E+03,0.44412E+03,1.29455E+03,0.44822E+03,0.39728E+03,0.42530E+03,1.27080E+03,0.61279E+03,0.59283E+03,0.60877E+03,1.81439E+03,0.50262E+03,0.46087E+03,0.46499E+03,1.42694E+03,-0.43721E+03,-0.41732E+03,-0.41636E+03,-1.27090E+03,-0.22743E+03,-0.23361E+03,-0.18797E+03,-0.64901E+03,-0.70069E+00,-0.71025E+00,-0.72953E+00,-0.71349E+00,-0.89177E+00,-0.86202E+00,-0.91465E+00,-0.89058E+00,0.000E+00,119.869E+00,-119.593E+00,57.220E+00,-179.767E+00,-65.973E+00,-45.518E+00,-44.745E+00,-43.153E+00,-44.481E+00,201.355E+00,202.177E+00,201.930E+00,89.495E+00,+99999.9E+99,+99999.9E+99,0.00014E+06,-0.00074E+06,0.00000E+00,14.605E+00,0.758E+03,0.00116E+06,43.568E+00,F0F08
2021/11/30,17:33:44,00000:00:09,150,38003800,2800,3800,3800,3800,99.847E+00,0.000E+00,0.000E+00,110.900E+00,0.000E+00,0.000E+00,0.520E+00,0.000E+00,0.000E+00,99.845E+00,0.000E+00,0.000E+00,0.000E+00,0.000E+00,0.000E+00,100.921E+00,0.000E+00,0.000E+00,98.843E+00,0.000E+00,0.000E+00,33.744E+00,+99999.9E+99,441.419E+00,1.041E+00,+99999.9E+99,+99999.9E+99,12.6812E+00,0.00000E+00,0.00000E+00,13.2480E+00,0.00000E+00,0.00000E+00,4.3069E+00,0.00000E+00,0.00000E+00,11.9274E+00,0.00000E+00,0.00000E+00,4.3094E+00,0.00000E+00,0.00000E+00,18.1857E+00,0.0000E+00,0.0000E+00,4.1810E+00,0.0000E+00,0.0000E+00,38.532E+00,+99999.9E+99,+99999.9E+99,58.708E+00,+99999.9E+99,+99999.9E+99,1.18890E+03,0.00000E+03,0.00000E+03,0.00000E+03,0.00000E+03,0.00000E+03,1.26618E+03,0.00000E+03,0.00000E+03,0.00000E+03,0.00000E+03,0.00000E+03,0.43557E+03,0.00000E+03,0.00000E+03,0.00000E+03,0.00000E+03,0.00000E+03,0.93897E+00,0.00000E+00,0.00000E+00,0.93438E+00,0.75028E+00,0.95925E+00,0.000E+00,172.433E+00,170.902E+00,159.128E+00,-146.182E+00,7.315E+00,20.121E+00,90.000E+00,90.000E+00,15.0422E+00,0.00000E+00,0.00000E+00,65.277E+00,100.000E+00,100.000E+00,0.41283E+03,0.00000E+03,0.00000E+03,+99999.9E+99,+99999.9E+99,+99999.9E+99,+99999.9E+99,+99999.9E+99,+99999.9E+99,+99999.9E+99,+99999.9E+99,+99999.9E+99,+99999.9E+99,+99999.9E+99,+99999.9E+99,1B00,0,0,0,1B00,76.3030E+00,76.6670E+00,76.5309E+00,76.5003E+00,72.2156E+00,72.9185E+00,72.6629E+00,72.5990E+00,76.3030E+00,76.6670E+00,76.5309E+00,0.0000E+00,0.0000E+00,0.0000E+00,71.3066E+00,71.2040E+00,71.0500E+00,105.756E+00,106.137E+00,105.851E+00,-104.759E+00,-104.557E+00,-105.286E+00,31.808E+00,31.111E+00,31.714E+00,+99999.9E+99,+99999.9E+99,+99999.9E+99,0.216E+00,8.2553E+00,8.1995E+00,8.1399E+00,8.1982E+00,7.3513E+00,7.3112E+00,7.2396E+00,7.3007E+00,8.2553E+00,8.1984E+00,8.1366E+00,0.0000E+00,-0.1338E+00,0.2319E+00,11.7324E+00,11.7374E+00,12.3272E+00,22.2952E+00,20.7705E+00,20.3648E+00,-18.8319E+00,-19.1700E+00,-19.9419E+00,45.045E+00,44.016E+00,41.990E+00,+99999.9E+99,+99999.9E+99,+99999.9E+99,3.316E+00,0.26069E+03,0.25468E+03,0.26070E+03,0.77607E+03,0.40455E+03,0.42507E+03,0.43161E+03,1.26123E+03,0.36546E+03,0.36333E+03,0.36159E+03,1.09038E+03,0.47099E+03,0.47871E+03,0.49665E+03,1.44591E+03,-0.25613E+03,-0.25912E+03,-0.25056E+03,-0.76582E+03,-0.24118E+03,-0.22019E+03,-0.24571E+03,-0.70707E+03,-0.71331E+00,-0.70097E+00,-0.72099E+00,-0.71175E+00,-0.85895E+00,-0.88794E+00,-0.86905E+00,-0.87228E+00,0.000E+00,120.193E+00,-119.981E+00,60.749E+00,177.506E+00,-60.206E+00,-44.495E+00,-45.495E+00,-43.864E+00,-44.623E+00,202.378E+00,201.719E+00,202.006E+00,95.123E+00,+99999.9E+99,+99999.9E+99,0.00004E+06,-0.00048E+06,0.00000E+00,9.324E+00,0.756E+03,0.00074E+06,43.961E+00,F0F08
2021/11/30,17:33:44,00000:00:09,200,38003F00,0,1B00,1B00,3F00,99.946E+00,0.000E+00,0.000E+00,111.010E+00,0.000E+00,0.000E+00,0.519E+00,0.000E+00,0.000E+00,99.944E+00,0.000E+00,0.000E+00,0.000E+00,0.000E+00,0.000E+00,100.929E+00,0.000E+00,0.000E+00,98.804E+00,0.000E+00,0.000E+00,21.884E+00,+99999.9E+99,404.248E+00,1.063E+00,+99999.9E+99,+99999.9E+99,11.6798E+00,0.00000E+00,0.00000E+00,11.8865E+00,0.00000E+00,0.00000E+00,4.6792E+00,0.00000E+00,0.00000E+00,10.7016E+00,0.00000E+00,0.00000E+00,4.4163E+00,0.00000E+00,0.00000E+00,18.2426E+00,0.0000E+00,0.0000E+00,3.3371E+00,0.0000E+00,0.0000E+00,8.144E+00,+99999.9E+99,+99999.9E+99,69.641E+00,+99999.9E+99,+99999.9E+99,1.06737E+03,0.00000E+03,0.00000E+03,0.00000E+03,0.00000E+03,0.00000E+03,1.16735E+03,0.00000E+03,0.00000E+03,0.00000E+03,0.00000E+03,0.00000E+03,0.47269E+03,0.00000E+03,0.00000E+03,0.00000E+03,0.00000E+03,0.00000E+03,0.91435E+00,0.00000E+00,0.00000E+00,0.89745E+00,0.30728E+00,0.93212E+00,0.000E+00,-14.411E+00,152.826E+00,153.825E+00,-86.516E+00,131.594E+00,23.886E+00,90.000E+00,90.000E+00,12.2298E+00,0.00000E+00,0.00000E+00,118.304E+00,100.000E+00,100.000E+00,-0.19537E+03,0.00000E+03,0.00000E+03,+99999.9E+99,+99999.9E+99,+99999.9E+99,+99999.9E+99,+99999.9E+99,+99999.9E+99,+99999.9E+99,+99999.9E+99,+99999.9E+99,+99999.9E+99,+99999.9E+99,+99999.9E+99,1B00,0,0,0,1B00,77.0715E+00,77.2036E+00,77.1059E+00,77.1270E+00,72.1583E+00,72.5709E+00,72.2708E+00,72.3333E+00,77.0715E+00,77.2036E+00,77.1059E+00,0.0000E+00,0.0000E+00,0.0000E+00,73.0259E+00,73.2767E+00,73.1495E+00,105.824E+00,106.069E+00,105.786E+00,-104.449E+00,-104.866E+00,-104.617E+00,14.061E+00,14.309E+00,14.370E+00,+99999.9E+99,+99999.9E+99,+99999.9E+99,0.198E+00,13.4222E+00,12.9646E+00,13.1681E+00,13.1849E+00,12.2250E+00,11.7600E+00,11.8310E+00,11.9387E+00,13.4209E+00,12.9609E+00,13.1589E+00,-0.1824E+00,-0.3072E+00,0.4906E+00,5.2295E+00,4.7321E+00,4.8768E+00,27.6543E+00,27.1019E+00,28.5709E+00,-26.4767E+00,-27.2052E+00,-26.7209E+00,54.595E+00,59.113E+00,57.021E+00,+99999.9E+99,+99999.9E+99,+99999.9E+99,4.759E+00,0.42884E+03,0.40820E+03,0.42570E+03,1.26274E+03,0.18859E+03,0.17229E+03,0.18468E+03,0.54555E+03,0.60430E+03,0.58267E+03,0.59190E+03,1.77887E+03,0.21349E+03,0.19750E+03,0.20294E+03,0.61356E+03,-0.42577E+03,-0.41579E+03,-0.41124E+03,-1.25280E+03,-0.10007E+03,-0.09655E+03,-0.08415E+03,-0.28077E+03,-0.70964E+00,-0.70057E+00,-0.71922E+00,-0.70986E+00,-0.88334E+00,-0.87235E+00,-0.90999E+00,-0.88915E+00,0.000E+00,120.003E+00,-119.829E+00,58.065E+00,179.212E+00,-65.387E+00,-44.794E+00,-45.527E+00,-44.010E+00,-44.777E+00,201.311E+00,202.102E+00,201.700E+00,91.107E+00,+99999.9E+99,+99999.9E+99,0.00011E+06,-0.00074E+06,0.00000E+00,14.509E+00,0.757E+03,0.00115E+06,43.582E+00,F0F0F
2021/11/30,17:33:44,00000:00:09,250,38003F00,700,1F00,1F00,3F00,99.946E+00,0.000E+00,0.000E+00,111.010E+00,0.000E+00,0.000E+00,0.519E+00,0.000E+00,0.000E+00,99.944E+00,0.000E+00,0.000E+00,0.000E+00,0.000E+00,0.000E+00,100.929E+00,0.000E+00,0.000E+00,98.804E+00,0.000E+00,0.000E+00,21.884E+00,+99999.9E+99,404.248E+00,1.063E+00,+99999.9E+99,+99999.9E+99,11.6798E+00,0.00000E+00,0.00000E+00,11.8865E+00,0.00000E+00,0.00000E+00,4.6792E+00,0.00000E+00,0.00000E+00,10.7016E+00,0.00000E+00,0.00000E+00,4.4163E+00,0.00000E+00,0.00000E+00,18.2426E+00,0.0000E+00,0.0000E+00,3.3371E+00,0.0000E+00,0.0000E+00,8.144E+00,+99999.9E+99,+99999.9E+99,69.641E+00,+99999.9E+99,+99999.9E+99,1.06737E+03,0.00000E+03,0.00000E+03,0.00000E+03,0.00000E+03,0.00000E+03,1.16735E+03,0.00000E+03,0.00000E+03,0.00000E+03,0.00000E+03,0.00000E+03,0.47269E+03,0.00000E+03,0.00000E+03,0.00000E+03,0.00000E+03,0.00000E+03,0.91435E+00,0.00000E+00,0.00000E+00,0.89745E+00,0.30728E+00,0.93212E+00,0.000E+00,-14.411E+00,152.826E+00,153.825E+00,-86.516E+00,131.594E+00,23.886E+00,90.000E+00,90.000E+00,12.2298E+00,0.00000E+00,0.00000E+00,100.472E+00,100.000E+00,100.000E+00,-0.00504E+03,0.00000E+03,0.00000E+03,+99999.9E+99,+99999.9E+99,+99999.9E+99,+99999.9E+99,+99999.9E+99,+99999.9E+99,+99999.9E+99,+99999.9E+99,+99999.9E+99,+99999.9E+99,+99999.9E+99,+99999.9E+99,1B00,0,0,0,1B00,76.7330E+00,77.0874E+00,76.8143E+00,76.8782E+00,71.9487E+00,72.5938E+00,72.0992E+00,72.2139E+00,76.7330E+00,77.0873E+00,76.8143E+00,0.0000E+00,0.0000E+00,0.0000E+00,70.1436E+00,70.5287E+00,70.4410E+00,105.547E+00,106.063E+00,105.531E+00,-104.554E+00,-104.687E+00,-104.477E+00,37.613E+00,37.568E+00,37.512E+00,+99999.9E+99,+99999.9E+99,+99999.9E+99,0.337E+00,11.9174E+00,11.7530E+00,12.0392E+00,11.9032E+00,10.3531E+00,10.2737E+00,10.4562E+00,10.3610E+00,11.9169E+00,11.7530E+00,12.0392E+00,-0.1110E+00,0.0000E+00,0.0000E+00,15.0841E+00,14.4780E+00,14.5373E+00,27.6724E+00,27.1671E+00,28.8243E+00,-26.1390E+00,-26.9414E+00,-26.9124E+00,39.287E+00,40.734E+00,40.389E+00,+99999.9E+99,+99999.9E+99,+99999.9E+99,2.824E+00,0.35184E+03,0.35410E+03,0.36647E+03,1.07241E+03,0.53676E+03,0.50696E+03,0.52802E+03,1.57173E+03,0.53196E+03,0.52616E+03,0.53981E+03,1.59793E+03,0.60979E+03,0.58348E+03,0.59078E+03,1.78363E+03,-0.39898E+03,-0.38918E+03,-0.39635E+03,-1.18451E+03,-0.28937E+03,-0.28886E+03,-0.26499E+03,-0.84321E+03,-0.66141E+00,-0.67299E+00,-0.67889E+00,-0.67113E+00,-0.88024E+00,-0.86886E+00,-0.89376E+00,-0.88120E+00,0.000E+00,119.901E+00,-119.775E+00,58.513E+00,179.532E+00,-63.265E+00,-48.593E+00,-47.702E+00,-47.243E+00,-47.846E+00,202.023E+00,201.372E+00,201.710E+00,90.747E+00,+99999.9E+99,+99999.9E+99,0.00010E+06,-0.00062E+06,0.00000E+00,12.281E+00,0.757E+03,0.00097E+06,43.816E+00,F0F0F
2021/11/30,17:33:44,00000:00:09,300,38003F00,500,1F00,1F00,3F00,99.946E+00,0.000E+00,0.000E+00,111.010E+00,0.000E+00,0.000E+00,0.519E+00,0.000E+00,0.000E+00,99.944E+00,0.000E+00,0.000E+00,0.000E+00,0.000E+00,0.000E+00,100.929E+00,0.000E+00,0.000E+00,98.804E+00,0.000E+00,0.000E+00,20.731E+00,+99999.9E+99,470.218E+00,1.063E+00,+99999.9E+99,+99999.9E+99,11.6798E+00,0.00000E+00,0.00000E+00,11.8865E+00,0.00000E+00,0.00000E+00,4.6792E+00,0.00000E+00,0.00000E+00,10.7016E+00,0.00000E+00,0.00000E+00,4.6546E+00,0.00000E+00,0.00000E+00,18.2426E+00,0.0000E+00,0.0000E+00,3.3371E+00,0.0000E+00,0.0000E+00,8.822E+00,+99999.9E+99,+99999.9E+99,69.641E+00,+99999.9E+99,+99999.9E+99,1.06737E+03,0.00000E+03,0.00000E+03,0.00000E+03,0.00000E+03,0.00000E+03,1.16735E+03,0.00000E+03,0.00000E+03,0.00000E+03,0.00000E+03,0.00000E+03,0.47269E+03,0.00000E+03,0.00000E+03,0.00000E+03,0.00000E+03,0.00000E+03,0.91435E+00,0.00000E+00,0.00000E+00,0.91209E+00,0.81625E+00,0.85797E+00,0.000E+00,161.173E+00,-167.047E+00,155.796E+00,16.461E+00,-17.958E+00,23.886E+00,90.000E+00,90.000E+00,12.2298E+00,0.00000E+00,0.00000E+00,82.401E+00,100.000E+00,100.000E+00,0.18785E+03,0.00000E+03,0.00000E+03,+99999.9E+99,+99999.9E+99,+99999.9E+99,+99999.9E+99,+99999.9E+99,+99999.9E+99,+99999.9E+99,+99999.9E+99,+99999.9E+99,+99999.9E+99,+99999.9E+99,+99999.9E+99,1B00,0,0,0,1B00,76.4953E+00,76.7654E+00,76.6172E+00,76.6259E+00,72.1737E+00,72.7608E+00,72.4272E+00,72.4539E+00,76.4953E+00,76.7654E+00,76.6172E+00,0.0000E+00,0.0000E+00,0.0000E+00,72.4598E+00,72.2198E+00,72.2226E+00,105.763E+00,106.041E+00,105.751E+00,-104.684E+00,-105.259E+00,-103.931E+00,22.300E+00,21.333E+00,21.879E+00,+99999.9E+99,+99999.9E+99,+99999.9E+99,0.216E+00,9.7137E+00,9.3619E+00,9.4476E+00,9.5077E+00,8.4774E+00,8.2299E+00,8.2357E+00,8.3143E+00,9.7126E+00,9.3603E+00,9.4421E+00,-0.1471E+00,-0.1731E+00,0.3212E+00,7.5212E+00,7.9841E+00,8.1536E+00,26.1886E+00,24.2771E+00,25.0195E+00,-26.5619E+00,-25.3200E+00,-22.4395E+00,53.771E+00,49.155E+00,48.202E+00,+99999.9E+99,+99999.9E+99,+99999.9E+99,4.821E+00,0.29754E+03,0.28557E+03,0.29641E+03,0.87952E+03,0.26199E+03,0.28406E+03,0.28565E+03,0.83171E+03,0.43153E+03,0.41588E+03,0.42022E+03,1.26762E+03,0.30663E+03,0.31786E+03,0.33198E+03,0.95586E+03,-0.31255E+03,-0.30233E+03,-0.29787E+03,-0.91275E+03,-0.15931E+03,-0.14263E+03,-0.16915E+03,-0.47109E+03,-0.68951E+00,-0.68667E+00,-0.70537E+00,-0.69383E+00,-0.85443E+00,-0.89368E+00,-0.86045E+00,-0.87012E+00,0.000E+00,120.102E+00,-120.111E+00,61.195E+00,176.766E+00,-59.372E+00,-46.409E+00,-46.633E+00,-45.141E+00,-46.066E+00,201.718E+00,201.960E+00,202.125E+00,93.891E+00,+99999.9E+99,+99999.9E+99,0.00005E+06,-0.00054E+06,0.00000E+00,10.428E+00,0.756E+03,0.00083E+06,43.768E+00,F0F08
2021/11/30,17:33:44,00000:00:09,350,38003F00,700,1C00,1C00,3800,99.946E+00,0.000E+00,0.000E+00,111.010E+00,0.000E+00,0.000E+00,0.519E+00,0.000E+00,0.000E+00,99.944E+00,0.000E+00,0.000E+00,0.000E+00,0.000E+00,0.000E+00,100.929E+00,0.000E+00,0.000E+00,98.804E+00,0.000E+00,0.000E+00,20.731E+00,+99999.9E+99,470.218E+00,1.063E+00,+99999.9E+99,+99999.9E+99,11.6798E+00,0.00000E+00,0.00000E+00,11.8865E+00,0.00000E+00,0.00000E+00,4.6792E+00,0.00000E+00,0.00000E+00,10.7016E+00,0.00000E+00,0.00000E+00,4.6546E+00,0.00000E+00,0.00000E+00,18.2426E+00,0.0000E+00,0.0000E+00,3.3371E+00,0.0000E+00,0.0000E+00,8.822E+00,+99999.9E+99,+99999.9E+99,69.641E+00,+99999.9E+99,+99999.9E+99,1.06737E+03,0.00000E+03,0.00000E+03,0.00000E+03,0.00000E+03,0.00000E+03,1.16735E+03,0.00000E+03,0.00000E+03,0.00000E+03,0.00000E+03,0.00000E+03,0.47269E+03,0.00000E+03,0.00000E+03,0.00000E+03,0.00000E+03,0.00000E+03,0.91435E+00,0.00000E+00,0.00000E+00,0.91209E+00,0.81625E+00,0.85797E+00,0.000E+00,161.173E+00,-167.047E+00,155.796E+00,16.461E+00,-17.958E+00,23.886E+00,90.000E+00,90.000E+00,12.2298E+00,0.00000E+00,0.00000E+00,116.572E+00,100.000E+00,100.000E+00,-0.17688E+03,0.00000E+03,0.00000E+03,+99999.9E+99,+99999.9E+99,+99999.9E+99,+99999.9E+99,+99999.9E+99,+99999.9E+99,+99999.9E+99,+99999.9E+99,+99999.9E+99,+99999.9E+99,+99999.9E+99,+99999.9E+99,1B00,0,0,0,1B00,77.0430E+00,77.1768E+00,77.0938E+00,77.1046E+00,72.0679E+00,72.4985E+00,72.2179E+00,72.2614E+00,77.0430E+00,77.1768E+00,77.0938E+00,0.0000E+00,0.0000E+00,0.0000E+00,72.3050E+00,72.7782E+00,72.6401E+00,105.784E+00,106.107E+00,105.770E+00,-104.404E+00,-104.933E+00,-105.147E+00,20.303E+00,20.486E+00,20.765E+00,+99999.9E+99,+99999.9E+99,+99999.9E+99,0.393E+00,13.2647E+00,12.8003E+00,12.9928E+00,13.0193E+00,12.1290E+00,11.6550E+00,11.7121E+00,11.8320E+00,13.2636E+00,12.7968E+00,12.9843E+00,-0.1726E+00,-0.2957E+00,0.4693E+00,8.1026E+00,7.5082E+00,7.3688E+00,27.2624E+00,26.7938E+00,28.5029E+00,-26.0000E+00,-26.5848E+00,-26.3586E+00,46.654E+00,49.097E+00,50.677E+00,+99999.9E+99,+99999.9E+99,+99999.9E+99,6.906E+00,0.42318E+03,0.40177E+03,0.41931E+03,1.24425E+03,0.29694E+03,0.25945E+03,0.27895E+03,0.83533E+03,0.59692E+03,0.57479E+03,0.58354E+03,1.75526E+03,0.33062E+03,0.29900E+03,0.30182E+03,0.93019E+03,-0.42099E+03,-0.41106E+03,-0.40584E+03,-1.23789E+03,-0.14537E+03,-0.14862E+03,-0.11525E+03,-0.40924E+03,-0.70894E+00,-0.69898E+00,-0.71855E+00,-0.70887E+00,-0.89815E+00,-0.86772E+00,-0.92422E+00,-0.89802E+00,0.000E+00,119.901E+00,-119.723E+00,56.302E+00,179.647E+00,-67.432E+00,-44.851E+00,-45.655E+00,-44.065E+00,-44.857E+00,201.530E+00,201.235E+00,200.879E+00,90.968E+00,+99999.9E+99,+99999.9E+99,0.00011E+06,-0.00073E+06,0.00000E+00,14.286E+00,0.757E+03,0.00113E+06,43.687E+00,F0F08
2021/11/30,17:33:44,00000:00:09,400,38003F00,500,1F00,1F00,3F00,99.946E+00,0.000E+00,0.000E+00,111.010E+00,0.000E+00,0.000E+00,0.519E+00,0.000E+00,0.000E+00,99.944E+00,0.000E+00,0.000E+00,0.000E+00,0.000E+00,0.000E+00,100.929E+00,0.000E+00,0.000E+00,98.804E+00,0.000E+00,0.000E+00,64.799E+00,491.583E+00,384.323E+00,1.063E+00,+99999.9E+99,+99999.9E+99,11.6798E+00,0.00000E+00,0.00000E+00,11.8865E+00,0.00000E+00,0.00000E+00,4.6792E+00,0.00000E+00,0.00000E+00,10.7016E+00,0.00000E+00,0.00000E+00,4.0845E+00,0.00000E+00,0.00000E+00,18.2426E+00,0.0000E+00,0.0000E+00,3.3371E+00,0.0000E+00,0.0000E+00,49.349E+00,+99999.9E+99,+99999.9E+99,69.641E+00,+99999.9E+99,+99999.9E+99,1.06737E+03,0.00000E+03,0.00000E+03,0.00000E+03,0.00000E+03,0.00000E+03,1.16735E+03,0.00000E+03,0.00000E+03,0.00000E+03,0.00000E+03,0.00000E+03,0.47269E+03,0.00000E+03,0.00000E+03,0.00000E+03,0.00000E+03,0.00000E+03,0.91435E+00,0.00000E+00,0.00000E+00,0.87954E+00,0.63129E+00,0.99894E+00,0.000E+00,-73.400E+00,137.372E+00,151.587E+00,-22.546E+00,134.728E+00,23.886E+00,90.000E+00,90.000E+00,12.2298E+00,0.00000E+00,0.00000E+00,102.562E+00,100.000E+00,100.000E+00,-0.02734E+03,0.00000E+03,0.00000E+03,+99999.9E+99,+99999.9E+99,+99999.9E+99,+99999.9E+99,+99999.9E+99,+99999.9E+99,+99999.9E+99,+99999.9E+99,+99999.9E+99,+99999.9E+99,+99999.9E+99,+99999.9E+99,1B00,0,0,0,1B00,76.7478E+00,77.0773E+00,76.8140E+00,76.8797E+00,72.0348E+00,72.6338E+00,72.1568E+00,72.2751E+00,76.7478E+00,77.0773E+00,76.8140E+00,0.0000E+00,0.0000E+00,0.0000E+00,69.9867E+00,70.2013E+00,70.1257E+00,105.361E+00,106.047E+00,105.467E+00,-104.219E+00,-104.749E+00,-104.519E+00,38.460E+00,38.217E+00,38.285E+00,+99999.9E+99,+99999.9E+99,+99999.9E+99,0.184E+00,11.9488E+00,11.8067E+00,12.0793E+00,11.9449E+00,10.4848E+00,10.4234E+00,10.6121E+00,10.5068E+00,11.9488E+00,11.8067E+00,12.0793E+00,0.0000E+00,0.0000E+00,0.0000E+00,15.0157E+00,14.6151E+00,14.7985E+00,27.3233E+00,27.1205E+00,28.6419E+00,-25.9605E+00,-27.2709E+00,-26.7029E+00,40.095E+00,41.007E+00,40.098E+00,+99999.9E+99,+99999.9E+99,+99999.9E+99,1.655E+00,0.35902E+03,0.36198E+03,0.37371E+03,1.09471E+03,0.52513E+03,0.50920E+03,0.52508E+03,1.55940E+03,0.53365E+03,0.52882E+03,0.54175E+03,1.60423E+03,0.60593E+03,0.58940E+03,0.59816E+03,1.79335E+03,-0.39483E+03,-0.38552E+03,-0.39222E+03,-1.17257E+03,-0.30231E+03,-0.29684E+03,-0.28651E+03,-0.88567E+03,-0.67275E+00,-0.68450E+00,-0.68982E+00,-0.68239E+00,-0.86665E+00,-0.86392E+00,-0.87782E+00,-0.86954E+00,0.000E+00,119.962E+00,-119.865E+00,60.031E+00,-179.830E+00,-61.315E+00,-47.720E+00,-46.804E+00,-46.384E+00,-46.969E+00,201.901E+00,202.250E+00,202.511E+00,90.456E+00,+99999.9E+99,+99999.9E+99,0.00010E+06,-0.00063E+06,0.00000E+00,12.495E+00,0.757E+03,0.00099E+06,43.773E+00,F0F08
2021/11/30,17:33:44,00000:00:09,450,38003F00,2A00,3B00,3B00,3F00,99.868E+00,0.000E+00,0.000E+00,110.924E+00,0.000E+00,0.000E+00,0.495E+00,0.000E+00,0.000E+00,99.867E+00,0.000E+00,0.000E+00,0.000E+00,0.000E+00,0.000E+00,100.918E+00,0.000E+00,0.000E+00,98.829E+00,0.000E+00,0.000E+00,64.799E+00,491.583E+00,384.323E+00,1.046E+00,+99999.9E+99,+99999.9E+99,12.0796E+00,0.00000E+00,0.00000E+00,12.4164E+00,0.00000E+00,0.00000E+00,4.5776E+00,0.00000E+00,0.00000E+00,11.1787E+00,0.00000E+00,0.00000E+00,4.0845E+00,0.00000E+00,0.00000E+00,18.2938E+00,0.0000E+00,0.0000E+00,3.7357E+00,0.0000E+00,0.0000E+00,49.349E+00,+99999.9E+99,+99999.9E+99,65.116E+00,+99999.9E+99,+99999.9E+99,1.11436E+03,0.00000E+03,0.00000E+03,0.00000E+03,0.00000E+03,0.00000E+03,1.20637E+03,0.00000E+03,0.00000E+03,0.00000E+03,0.00000E+03,0.00000E+03,0.46210E+03,0.00000E+03,0.00000E+03,0.00000E+03,0.00000E+03,0.00000E+03,0.92373E+00,0.00000E+00,0.00000E+00,0.87954E+00,0.63129E+00,0.99894E+00,0.000E+00,-73.400E+00,137.372E+00,151.587E+00,-22.546E+00,134.728E+00,22.523E+00,90.000E+00,90.000E+00,0.00000E+00,0.00000E+00,0.00000E+00,75.933E+00,100.000E+00,100.000E+00,0.26819E+03,0.00000E+03,0.00000E+03,+99999.9E+99,+99999.9E+99,+99999.9E+99,+99999.9E+99,+99999.9E+99,+99999.9E+99,+99999.9E+99,+99999.9E+99,+99999.9E+99,+99999.9E+99,+99999.9E+99,+99999.9E+99,1B00,0,0,0,1B00,76.5392E+00,76.6316E+00,76.5587E+00,76.5765E+00,72.3929E+00,72.7530E+00,72.4817E+00,72.5426E+00,76.5392E+00,76.6316E+00,76.5587E+00,0.0000E+00,0.0000E+00,0.0000E+00,72.8519E+00,72.6687E+00,72.6099E+00,105.833E+00,105.949E+00,105.680E+00,-104.234E+00,-105.354E+00,-105.121E+00,18.492E+00,18.062E+00,18.123E+00,+99999.9E+99,+99999.9E+99,+99999.9E+99,0.201E+00,9.4025E+00,8.9132E+00,9.0513E+00,9.1223E+00,8.1986E+00,7.7906E+00,7.8269E+00,7.9387E+00,9.4013E+00,8.9102E+00,9.0430E+00,-0.1521E+00,-0.2340E+00,0.3872E+00,6.1953E+00,6.5028E+00,6.8954E+00,25.7243E+00,23.7710E+00,24.9409E+00,-25.7714E+00,-24.9309E+00,-21.8919E+00,56.424E+00,52.188E+00,49.578E+00,+99999.9E+99,+99999.9E+99,+99999.9E+99,4.794E+00,0.28948E+03,0.27116E+03,0.28553E+03,0.84617E+03,0.22256E+03,0.23947E+03,0.24336E+03,0.70539E+03,0.41801E+03,0.39538E+03,0.40154E+03,1.21493E+03,0.25758E+03,0.26521E+03,0.27854E+03,0.80083E+03,-0.30156E+03,-0.28775E+03,-0.28232E+03,-0.87163E+03,-0.12968E+03,-0.11398E+03,-0.13549E+03,-0.37915E+03,-0.69250E+00,-0.68581E+00,-0.71110E+00,-0.69647E+00,-0.86403E+00,-0.90293E+00,-0.87372E+00,-0.88082E+00,0.000E+00,120.131E+00,-120.062E+00,60.142E+00,175.562E+00,-60.847E+00,-46.171E+00,-46.701E+00,-44.676E+00,-45.855E+00,201.896E+00,201.304E+00,201.705E+00,94.568E+00,+99999.9E+99,+99999.9E+99,0.00005E+06,-0.00053E+06,0.00000E+00,10.110E+00,0.756E+03,0.00080E+06,43.844E+00,F0F08
2021/11/30,17:33:44,00000:00:09,500,38003F00,2D00,3F00,3F00,3F00,99.868E+00,0.000E+00,0.000E+00,110.924E+00,0.000E+00,0.000E+00,0.495E+00,0.000E+00,0.000E+00,99.867E+00,0.000E+00,0.000E+00,0.000E+00,0.000E+00,0.000E+00,100.918E+00,0.000E+00,0.000E+00,98.829E+00,0.000E+00,0.000E+00,32.605E+00,+99999.9E+99,+99999.9E+99,1.046E+00,+99999.9E+99,+99999.9E+99,12.0796E+00,0.00000E+00,0.00000E+00,12.4164E+00,0.00000E+00,0.00000E+00,4.5776E+00,0.00000E+00,0.00000E+00,11.1787E+00,0.00000E+00,0.00000E+00,4.1630E+00,0.00000E+00,0.00000E+00,18.2938E+00,0.0000E+00,0.0000E+00,3.7357E+00,0.0000E+00,0.0000E+00,37.982E+00,+99999.9E+99,+99999.9E+99,65.116E+00,+99999.9E+99,+99999.9E+99,1.11436E+03,0.00000E+03,0.00000E+03,0.00000E+03,0.00000E+03,0.00000E+03,1.20637E+03,0.00000E+03,0.00000E+03,0.00000E+03,0.00000E+03,0.00000E+03,0.46210E+03,0.00000E+03,0.00000E+03,0.00000E+03,0.00000E+03,0.00000E+03,0.92373E+00,0.00000E+00,0.00000E+00,0.93874E+00,0.94155E+00,0.91291E+00,0.000E+00,-154.379E+00,132.519E+00,159.840E+00,5.934E+00,-71.570E+00,22.523E+00,90.000E+00,90.000E+00,0.00000E+00,0.00000E+00,0.00000E+00,119.918E+00,100.000E+00,100.000E+00,-0.22196E+03,0.00000E+03,0.00000E+03,+99999.9E+99,+99999.9E+99,+99999.9E+99,+99999.9E+99,+99999.9E+99,+99999.9E+99,+99999.9E+99,+99999.9E+99,+99999.9E+99,+99999.9E+99,+99999.9E+99,+99999.9E+99,1B00,0,0,0,1B00,76.9840E+00,77.4791E+00,77.3369E+00,77.2667E+00,71.6303E+00,72.5226E+00,72.2810E+00,72.1446E+00,76.9840E+00,77.4791E+00,77.3369E+00,0.0000E+00,0.0000E+00,0.0000E+00,71.7190E+00,72.2853E+00,72.0743E+00,105.667E+00,106.060E+00,105.564E+00,-104.591E+00,-105.184E+00,-104.917E+00,24.712E+00,24.950E+00,24.858E+00,+99999.9E+99,+99999.9E+99,+99999.9E+99,0.452E+00,13.8481E+00,13.5539E+00,13.6732E+00,13.6917E+00,12.9165E+00,12.7493E+00,12.6871E+00,12.7843E+00,13.8470E+00,13.5513E+00,13.6663E+00,-0.1706E+00,-0.2609E+00,0.4325E+00,9.8816E+00,9.0596E+00,9.1842E+00,27.6733E+00,27.0957E+00,28.5557E+00,-26.3938E+00,-27.2719E+00,-26.6629E+00,44.821E+00,47.595E+00,47.821E+00,+99999.9E+99,+99999.9E+99,+99999.9E+99,6.625E+00,0.44953E+03,0.43857E+03,0.44822E+03,1.33631E+03,0.35944E+03,0.31544E+03,0.33916E+03,1.01404E+03,0.62324E+03,0.61078E+03,0.61866E+03,1.85268E+03,0.40413E+03,0.36753E+03,0.37052E+03,1.14075E+03,-0.43169E+03,-0.42510E+03,-0.42644E+03,-1.28322E+03,-0.18472E+03,-0.18861E+03,-0.14920E+03,-0.52252E+03,-0.72127E+00,-0.71805E+00,-0.72449E+00,-0.72128E+00,-0.88943E+00,-0.85828E+00,-0.91535E+00,-0.88893E+00,0.000E+00,119.928E+00,-119.653E+00,57.454E+00,-179.288E+00,-66.071E+00,-43.840E+00,-44.106E+00,-43.574E+00,-43.839E+00,201.355E+00,202.218E+00,201.053E+00,90.263E+00,+99999.9E+99,+99999.9E+99,0.00013E+06,-0.00077E+06,0.00000E+00,15.209E+00,0.757E+03,0.00121E+06,43.583E+00,F0F08
2021/11/30,17:33:44,00000:00:09,550,38003F00,2800,3B00,3B00,3F00,100.059E+00,0.000E+00,0.000E+00,111.136E+00,0.000E+00,0.000E+00,0.512E+00,0.000E+00,0.000E+00,100.057E+00,0.000E+00,0.000E+00,0.000E+00,0.000E+00,0.000E+00,100.986E+00,0.000E+00,0.000E+00,98.821E+00,0.000E+00,0.000E+00,32.605E+00,+99999.9E+99,+99999.9E+99,1.082E+00,+99999.9E+99,+99999.9E+99,10.9961E+00,0.00000E+00,0.00000E+00,11.1705E+00,0.00000E+00,0.00000E+00,4.4464E+00,0.00000E+00,0.00000E+00,10.0570E+00,0.00000E+00,0.00000E+00,4.1630E+00,0.00000E+00,0.00000E+00,18.2540E+00,0.0000E+00,0.0000E+00,3.5407E+00,0.0000E+00,0.0000E+00,37.982E+00,+99999.9E+99,+99999.9E+99,73.150E+00,+99999.9E+99,+99999.9E+99,1.00423E+03,0.00000E+03,0.00000E+03,0.00000E+03,0.00000E+03,0.00000E+03,1.10025E+03,0.00000E+03,0.00000E+03,0.00000E+03,0.00000E+03,0.00000E+03,-0.44952E+03,0.00000E+03,0.00000E+03,0.00000E+03,0.00000E+03,0.00000E+03,-0.91273E+00,0.00000E+00,0.00000E+00,0.93874E+00,0.94155E+00,0.91291E+00,0.000E+00,-154.379E+00,132.519E+00,159.840E+00,5.934E+00,-71.570E+00,-24.114E+00,90.000E+00,90.000E+00,9.54661E+00,0.00000E+00,0.00000E+00,85.892E+00,100.000E+00,100.000E+00,0.14168E+03,0.00000E+03,0.00000E+03,+99999.9E+99,+99999.9E+99,+99999.9E+99,+99999.9E+99,+99999.9E+99,+99999.9E+99,+99999.9E+99,+99999.9E+99,+99999.9E+99,+99999.9E+99,+99999.9E+99,+99999.9E+99,1B00,0,0,0,1B00,76.6851E+00,76.6412E+00,76.3785E+00,76.5683E+00,72.5016E+00,72.6122E+00,72.0013E+00,72.3717E+00,76.6851E+00,76.6412E+00,76.3785E+00,0.0000E+00,0.0000E+00,0.0000E+00,70.7412E+00,70.6365E+00,70.4759E+00,105.753E+00,106.090E+00,105.780E+00,-104.409E+00,-104.419E+00,-104.596E+00,35.731E+00,35.273E+00,35.731E+00,+99999.9E+99,+99999.9E+99,+99999.9E+99,0.218E+00,9.7409E+00,9.3235E+00,9.9166E+00,9.6603E+00,8.3602E+00,8.0084E+00,8.3974E+00,8.2553E+00,9.7402E+00,9.3235E+00,9.9166E+00,-0.1189E+00,0.0000E+00,0.0000E+00,13.4147E+00,13.4608E+00,14.0085E+00,26.3971E+00,24.9029E+00,27.1529E+00,-25.6190E+00,-23.6438E+00,-26.4814E+00,42.802E+00,42.044E+00,40.210E+00,+99999.9E+99,+99999.9E+99,+99999.9E+99,2.510E+00,0.28248E+03,0.27995E+03,0.30012E+03,0.86255E+03,0.46773E+03,0.48293E+03,0.49168E+03,1.44234E+03,0.43310E+03,0.41468E+03,0.43976E+03,1.28754E+03,0.54279E+03,0.54593E+03,0.56338E+03,1.65179E+03,-0.32830E+03,-0.30592E+03,-0.32142E+03,-0.95564E+03,-0.27540E+03,-0.25460E+03,-0.27504E+03,-0.80504E+03,-0.65223E+00,-0.67509E+00,-0.68248E+00,-0.66992E+00,-0.86172E+00,-0.88460E+00,-0.87273E+00,-0.87319E+00,0.000E+00,120.192E+00,-119.986E+00,60.434E+00,177.921E+00,-60.639E+00,-49.290E+00,-47.539E+00,-46.962E+00,-47.939E+00,202.182E+00,201.464E+00,202.391E+00,92.197E+00,+99999.9E+99,+99999.9E+99,0.00007E+06,-0.00052E+06,0.00000E+00,10.047E+00,0.756E+03,0.00080E+06,43.925E+00,F0F08
2021/11/30,17:33:44,00000:00:09,600,38003800,0,1800,1800,3800,99.938E+00,0.000E+00,0.000E+00,111.002E+00,0.000E+00,0.000E+00,0.526E+00,0.000E+00,0.000E+00,99.937E+00,0.000E+00,0.000E+00,0.000E+00,0.000E+00,0.000E+00,100.943E+00,0.000E+00,0.000E+00,98.818E+00,0.000E+00,0.000E+00,95.137E+00,+99999.9E+99,+99999.9E+99,1.063E+00,+99999.9E+99,+99999.9E+99,11.7452E+00,0.00000E+00,0.00000E+00,11.9243E+00,0.00000E+00,0.00000E+00,4.7641E+00,0.00000E+00,0.00000E+00,10.7356E+00,0.00000E+00,0.00000E+00,2.9360E+00,0.00000E+00,0.00000E+00,18.2740E+00,0.0000E+00,0.0000E+00,3.3929E+00,0.0000E+00,0.0000E+00,110.370E+00,+99999.9E+99,+99999.9E+99,69.308E+00,+99999.9E+99,+99999.9E+99,1.07064E+03,0.00000E+03,0.00000E+03,0.00000E+03,0.00000E+03,0.00000E+03,1.17380E+03,0.00000E+03,0.00000E+03,0.00000E+03,0.00000E+03,0.00000E+03,0.48118E+03,0.00000E+03,0.00000E+03,0.00000E+03,0.00000E+03,0.00000E+03,0.91212E+00,0.00000E+00,0.00000E+00,0.83811E+00,0.54812E+00,0.85106E+00,0.000E+00,-78.692E+00,129.194E+00,146.941E+00,-21.930E+00,160.867E+00,24.201E+00,90.000E+00,90.000E+00,12.2257E+00,0.00000E+00,0.00000E+00,97.712E+00,100.000E+00,100.000E+00,0.02449E+03,0.00000E+03,0.00000E+03,+99999.9E+99,+99999.9E+99,+99999.9E+99,+99999.9E+99,+99999.9E+99,+99999.9E+99,+99999.9E+99,+99999.9E+99,+99999.9E+99,+99999.9E+99,+99999.9E+99,+99999.9E+99,1B00,0,0,0,1B00,76.5006E+00,77.0086E+00,77.0015E+00,76.8369E+00,71.8004E+00,72.7575E+00,72.7229E+00,72.4269E+00,76.5006E+00,77.0086E+00,77.0015E+00,0.0000E+00,0.0000E+00,0.0000E+00,73.0805E+00,73.1830E+00,73.0851E+00,105.739E+00,106.134E+00,105.966E+00,-104.463E+00,-104.697E+00,-104.583E+00,13.649E+00,13.479E+00,13.771E+00,+99999.9E+99,+99999.9E+99,+99999.9E+99,0.095E+00,11.7270E+00,11.4783E+00,11.2833E+00,11.4962E+00,10.0560E+00,9.9208E+00,9.6162E+00,9.8643E+00,11.7260E+00,11.4713E+00,11.2697E+00,-0.1536E+00,-0.3997E+00,0.5544E+00,4.6228E+00,4.3683E+00,4.5900E+00,27.6452E+00,27.1786E+00,28.5043E+00,-26.7457E+00,-27.1133E+00,-26.0909E+00,60.496E+00,62.529E+00,58.479E+00,+99999.9E+99,+99999.9E+99,+99999.9E+99,2.518E+00,0.35994E+03,0.34113E+03,0.34508E+03,1.04615E+03,0.16259E+03,0.15937E+03,0.16763E+03,0.48959E+03,0.52316E+03,0.51142E+03,0.50544E+03,1.54002E+03,0.18912E+03,0.18272E+03,0.19026E+03,0.56202E+03,-0.37966E+03,-0.38103E+03,-0.36931E+03,-1.13000E+03,-0.09661E+03,-0.08939E+03,-0.08999E+03,-0.27599E+03,-0.68801E+00,-0.66702E+00,-0.68273E+00,-0.67931E+00,-0.85969E+00,-0.87217E+00,-0.88107E+00,-0.87112E+00,0.000E+00,120.040E+00,-119.914E+00,60.761E+00,179.287E+00,-61.686E+00,-46.527E+00,-48.163E+00,-46.943E+00,-47.211E+00,201.141E+00,201.925E+00,201.297E+00,93.221E+00,+99999.9E+99,+99999.9E+99,0.00007E+06,-0.00063E+06,0.00000E+00,12.318E+00,0.756E+03,0.00098E+06,43.618E+00,F0F0F
2021/11/30,17:33:44,00000:00:09,650,38003F00,500,1F00,1F00,3F00,99.938E+00,0.000E+00,0.000E+00,111.002E+00,0.000E+00,0.000E+00,0.526E+00,0.000E+00,0.000E+00,99.937E+00,0.000E+00,0.000E+00,0.000E+00,0.000E+00,0.000E+00,100.943E+00,0.000E+00,0.000E+00,98.818E+00,0.000E+00,0.000E+00,95.137E+00,+99999.9E+99,+99999.9E+99,1.063E+00,+99999.9E+99,+99999.9E+99,11.7452E+00,0.00000E+00,0.00000E+00,11.9243E+00,0.00000E+00,0.00000E+00,4.7641E+00,0.00000E+00,0.00000E+00,10.7356E+00,0.00000E+00,0.00000E+00,2.9360E+00,0.00000E+00,0.00000E+00,18.2740E+00,0.0000E+00,0.0000E+00,3.3929E+00,0.0000E+00,0.0000E+00,110.370E+00,+99999.9E+99,+99999.9E+99,69.308E+00,+99999.9E+99,+99999.9E+99,1.07064E+03,0.00000E+03,0.00000E+03,0.00000E+03,0.00000E+03,0.00000E+03,1.17380E+03,0.00000E+03,0.00000E+03,0.00000E+03,0.00000E+03,0.00000E+03,0.48118E+03,0.00000E+03,0.00000E+03,0.00000E+03,0.00000E+03,0.00000E+03,0.91212E+00,0.00000E+00,0.00000E+00,0.83811E+00,0.54812E+00,0.85106E+00,0.000E+00,-78.692E+00,129.194E+00,146.941E+00,-21.930E+00,160.867E+00,24.201E+00,90.000E+00,90.000E+00,12.2257E+00,0.00000E+00,0.00000E+00,119.009E+00,100.000E+00,100.000E+00,-0.20351E+03,0.00000E+03,0.00000E+03,+99999.9E+99,+99999.9E+99,+99999.9E+99,+99999.9E+99,+99999.9E+99,+99999.9E+99,+99999.9E+99,+99999.9E+99,+99999.9E+99,+99999.9E+99,+99999.9E+99,+99999.9E+99,1B00,0,0,0,1B00,77.1643E+00,77.1836E+00,76.9555E+00,77.1011E+00,72.1043E+00,72.3207E+00,71.7840E+00,72.0697E+00,77.1642E+00,77.1836E+00,76.9555E+00,0.0000E+00,0.0000E+00,0.0000E+00,70.4184E+00,71.0201E+00,70.9061E+00,105.353E+00,105.581E+00,105.534E+00,-104.686E+00,-105.230E+00,-104.413E+00,34.736E+00,34.716E+00,34.692E+00,+99999.9E+99,+99999.9E+99,+99999.9E+99,0.523E+00,13.5464E+00,13.0943E+00,13.4911E+00,13.3772E+00,12.3958E+00,11.9601E+00,12.3304E+00,12.2288E+00,13.5451E+00,13.0943E+00,13.4894E+00,-0.1826E+00,0.0000E+00,0.2103E+00,14.1738E+00,13.2249E+00,13.2172E+00,27.7543E+00,27.2090E+00,28.6352E+00,-26.8119E+00,-27.2433E+00,-26.6824E+00,39.440E+00,41.807E+00,41.972E+00,+99999.9E+99,+99999.9E+99,+99999.9E+99,4.493E+00,0.42254E+03,0.41392E+03,0.43769E+03,1.27415E+03,0.50694E+03,0.46282E+03,0.48863E+03,1.45839E+03,0.60963E+03,0.58930E+03,0.60578E+03,1.80470E+03,0.57074E+03,0.53448E+03,0.53968E+03,1.64392E+03,-0.43944E+03,-0.41945E+03,-0.41879E+03,-1.27769E+03,-0.26222E+03,-0.26733E+03,-0.22911E+03,-0.75865E+03,-0.69311E+00,-0.70240E+00,-0.72254E+00,-0.70602E+00,-0.88821E+00,-0.86593E+00,-0.90541E+00,-0.88714E+00,0.000E+00,119.830E+00,-119.662E+00,57.633E+00,179.784E+00,-64.767E+00,-46.124E+00,-45.380E+00,-43.736E+00,-45.088E+00,201.844E+00,201.193E+00,201.568E+00,89.828E+00,+99999.9E+99,+99999.9E+99,0.00013E+06,-0.00073E+06,0.00000E+00,14.449E+00,0.756E+03,0.00114E+06,43.786E+00,F0F0F
2021/11/30,17:33:44,00000:00:09,700,38003F00,500,1F00,1F00,3F00,99.938E+00,0.000E+00,0.000E+00,111.002E+00,0.000E+00,0.000E+00,0.526E+00,0.000E+00,0.000E+00,99.937E+00,0.000E+00,0.000E+00,0.000E+00,0.000E+00,0.000E+00,100.943E+00,0.000E+00,0.000E+00,98.818E+00,0.000E+00,0.000E+00,18.750E+00,249.051E+00,302.170E+00,1.063E+00,+99999.9E+99,+99999.9E+99,11.7452E+00,0.00000E+00,0.00000E+00,11.9243E+00,0.00000E+00,0.00000E+00,4.7641E+00,0.00000E+00,0.00000E+00,10.7356E+00,0.00000E+00,0.00000E+00,4.8363E+00,0.00000E+00,0.00000E+00,18.2740E+00,0.0000E+00,0.0000E+00,3.3929E+00,0.0000E+00,0.0000E+00,8.678E+00,+99999.9E+99,+99999.9E+99,69.308E+00,+99999.9E+99,+99999.9E+99,1.07064E+03,0.00000E+03,0.00000E+03,0.00000E+03,0.00000E+03,0.00000E+03,1.17380E+03,0.00000E+03,0.00000E+03,0.00000E+03,0.00000E+03,0.00000E+03,0.48118E+03,0.00000E+03,0.00000E+03,0.00000E+03,0.00000E+03,0.00000E+03,0.91212E+00,0.00000E+00,0.00000E+00,0.91657E+00,0.03165E+00,0.63119E+00,0.000E+00,112.655E+00,156.229E+00,156.430E+00,20.842E+00,-74.633E+00,24.201E+00,90.000E+00,90.000E+00,12.2257E+00,0.00000E+00,0.00000E+00,73.740E+00,100.000E+00,100.000E+00,0.28115E+03,0.00000E+03,0.00000E+03,+99999.9E+99,+99999.9E+99,+99999.9E+99,+99999.9E+99,+99999.9E+99,+99999.9E+99,+99999.9E+99,+99999.9E+99,+99999.9E+99,+99999.9E+99,+99999.9E+99,+99999.9E+99,1B00,0,0,0,1B00,76.2423E+00,76.6435E+00,76.4849E+00,76.4569E+00,72.1553E+00,72.9021E+00,72.6170E+00,72.5581E+00,76.2423E+00,76.6434E+00,76.4849E+00,0.0000E+00,0.0000E+00,0.0000E+00,71.8550E+00,71.6922E+00,71.6224E+00,105.896E+00,106.047E+00,105.624E+00,-104.813E+00,-104.721E+00,-105.624E+00,26.428E+00,25.370E+00,26.231E+00,+99999.9E+99,+99999.9E+99,+99999.9E+99,0.192E+00,8.3296E+00,8.2786E+00,8.2347E+00,8.2810E+00,7.4264E+00,7.3946E+00,7.3344E+00,7.3852E+00,8.3290E+00,8.2776E+00,8.2314E+00,-0.1034E+00,-0.1292E+00,0.2336E+00,9.3378E+00,9.4977E+00,9.8616E+00,22.3209E+00,20.8795E+00,20.3710E+00,-18.8424E+00,-19.1986E+00,-20.0324E+00,50.024E+00,47.566E+00,45.867E+00,+99999.9E+99,+99999.9E+99,+99999.9E+99,4.494E+00,0.26451E+03,0.25964E+03,0.26534E+03,0.78949E+03,0.31575E+03,0.33990E+03,0.34360E+03,0.99925E+03,0.36827E+03,0.36655E+03,0.36561E+03,1.10043E+03,0.37310E+03,0.38407E+03,0.40171E+03,1.15824E+03,-0.25624E+03,-0.25875E+03,-0.25153E+03,-0.76651E+03,-0.19876E+03,-0.17882E+03,-0.20811E+03,-0.58568E+03,-0.71825E+00,-0.70832E+00,-0.72574E+00,-0.71743E+00,-0.84629E+00,-0.88500E+00,-0.85534E+00,-0.86273E+00,0.000E+00,120.139E+00,-120.040E+00,62.115E+00,177.854E+00,-58.731E+00,-44.089E+00,-44.902E+00,-43.470E+00,-44.157E+00,201.496E+00,201.803E+00,201.803E+00,94.706E+00,+99999.9E+99,+99999.9E+99,0.00004E+06,-0.00049E+06,0.00000E+00,9.451E+00,0.755E+03,0.00075E+06,43.759E+00,F0F08
2021/11/30,17:33:44,00000:00:09,750,38003F00,700,1F00,1F00,3F00,99.938E+00,0.000E+00,0.000E+00,111.002E+00,0.000E+00,0.000E+00,0.526E+00,0.000E+00,0.000E+00,99.937E+00,0.000E+00,0.000E+00,0.000E+00,0.000E+00,0.000E+00,100.943E+00,0.000E+00,0.000E+00,98.818E+00,0.000E+00,0.000E+00,18.750E+00,249.051E+00,302.170E+00,1.063E+00,+99999.9E+99,+99999.9E+99,11.7452E+00,0.00000E+00,0.00000E+00,11.9243E+00,0.00000E+00,0.00000E+00,4.7641E+00,0.00000E+00,0.00000E+00,10.7356E+00,0.00000E+00,0.00000E+00,4.8363E+00,0.00000E+00,0.00000E+00,18.2740E+00,0.0000E+00,0.0000E+00,3.3929E+00,0.0000E+00,0.0000E+00,8.678E+00,+99999.9E+99,+99999.9E+99,69.308E+00,+99999.9E+99,+99999.9E+99,1.07064E+03,0.00000E+03,0.00000E+03,0.00000E+03,0.00000E+03,0.00000E+03,1.17380E+03,0.00000E+03,0.00000E+03,0.00000E+03,0.00000E+03,0.00000E+03,0.48118E+03,0.00000E+03,0.00000E+03,0.00000E+03,0.00000E+03,0.00000E+03,0.91212E+00,0.00000E+00,0.00000E+00,0.91657E+00,0.03165E+00,0.63119E+00,0.000E+00,112.655E+00,156.229E+00,156.430E+00,20.842E+00,-74.633E+00,24.201E+00,90.000E+00,90.000E+00,12.2257E+00,0.00000E+00,0.00000E+00,118.794E+00,100.000E+00,100.000E+00,-0.20121E+03,0.00000E+03,0.00000E+03,+99999.9E+99,+99999.9E+99,+99999.9E+99,+99999.9E+99,+99999.9E+99,+99999.9E+99,+99999.9E+99,+99999.9E+99,+99999.9E+99,+99999.9E+99,+99999.9E+99,+99999.9E+99,1B00,0,0,0,1B00,77.0775E+00,77.1557E+00,77.1063E+00,77.1132E+00,72.1621E+00,72.5195E+00,72.2848E+00,72.3221E+00,77.0774E+00,77.1557E+00,77.1063E+00,0.0000E+00,0.0000E+00,0.0000E+00,72.6649E+00,73.0621E+00,72.9359E+00,105.663E+00,106.029E+00,105.704E+00,-104.416E+00,-104.609E+00,-104.924E+00,16.515E+00,16.738E+00,17.085E+00,+99999.9E+99,+99999.9E+99,+99999.9E+99,0.328E+00,13.5102E+00,13.0354E+00,13.2299E+00,13.2585E+00,12.2999E+00,11.8106E+00,11.8771E+00,11.9958E+00,13.5090E+00,13.0310E+00,13.2198E+00,-0.1756E+00,-0.3403E+00,0.5168E+00,6.5447E+00,5.8903E+00,5.7777E+00,27.8157E+00,27.1795E+00,28.6181E+00,-26.6867E+00,-27.2448E+00,-26.6890E+00,48.930E+00,53.295E+00,54.171E+00,+99999.9E+99,+99999.9E+99,+99999.9E+99,6.706E+00,0.43278E+03,0.41047E+03,0.42860E+03,1.27185E+03,0.23665E+03,0.20771E+03,0.22275E+03,0.66711E+03,0.60858E+03,0.58562E+03,0.59428E+03,1.78848E+03,0.26332E+03,0.23868E+03,0.24093E+03,0.74201E+03,-0.42787E+03,-0.41770E+03,-0.41167E+03,-1.25723E+03,-0.11547E+03,-0.11758E+03,-0.09183E+03,-0.32488E+03,-0.71113E+00,-0.70091E+00,-0.72121E+00,-0.71113E+00,-0.89872E+00,-0.87025E+00,-0.92452E+00,-0.89906E+00,0.000E+00,119.933E+00,-119.757E+00,56.194E+00,179.387E+00,-67.478E+00,-44.673E+00,-45.500E+00,-43.845E+00,-44.673E+00,201.609E+00,201.260E+00,201.524E+00,90.733E+00,+99999.9E+99,+99999.9E+99,0.00012E+06,-0.00074E+06,0.00000E+00,14.568E+00,0.756E+03,0.00115E+06,43.719E+00,F0F08
2021/11/30,17:33:45,00000:00:09,800,38003D00,500,1C00,1C00,3800,99.938E+00,0.000E+00,0.000E+00,111.002E+00,0.000E+00,0.000E+00,0.526E+00,0.000E+00,0.000E+00,99.937E+00,0.000E+00,0.000E+00,0.000E+00,0.000E+00,0.000E+00,100.943E+00,0.000E+00,0.000E+00,98.818E+00,0.000E+00,0.000E+00,75.165E+00,326.670E+00,+99999.9E+99,1.063E+00,+99999.9E+99,+99999.9E+99,11.7452E+00,0.00000E+00,0.00000E+00,11.9243E+00,0.00000E+00,0.00000E+00,4.7641E+00,0.00000E+00,0.00000E+00,10.7356E+00,0.00000E+00,0.00000E+00,3.8717E+00,0.00000E+00,0.00000E+00,18.2740E+00,0.0000E+00,0.0000E+00,3.3929E+00,0.0000E+00,0.0000E+00,58.510E+00,+99999.9E+99,+99999.9E+99,69.308E+00,+99999.9E+99,+99999.9E+99,1.07064E+03,0.00000E+03,0.00000E+03,0.00000E+03,0.00000E+03,0.00000E+03,1.17380E+03,0.00000E+03,0.00000E+03,0.00000E+03,0.00000E+03,0.00000E+03,0.48118E+03,0.00000E+03,0.00000E+03,0.00000E+03,0.00000E+03,0.00000E+03,0.91212E+00,0.00000E+00,0.00000E+00,0.87142E+00,0.07370E+00,0.39388E+00,0.000E+00,-137.147E+00,122.465E+00,150.624E+00,137.080E+00,-170.731E+00,24.201E+00,90.000E+00,90.000E+00,12.2257E+00,0.00000E+00,0.00000E+00,101.406E+00,100.000E+00,100.000E+00,-0.01506E+03,0.00000E+03,0.00000E+03,+99999.9E+99,+99999.9E+99,+99999.9E+99,+99999.9E+99,+99999.9E+99,+99999.9E+99,+99999.9E+99,+99999.9E+99,+99999.9E+99,+99999.9E+99,+99999.9E+99,+99999.9E+99,1B00,0,0,0,1B00,76.7495E+00,77.0864E+00,76.8171E+00,76.8843E+00,72.0067E+00,72.6296E+00,72.1370E+00,72.2578E+00,76.7495E+00,77.0864E+00,76.8171E+00,0.0000E+00,0.0000E+00,0.0000E+00,69.9766E+00,70.2001E+00,70.1140E+00,105.470E+00,106.041E+00,105.427E+00,-104.456E+00,-107.341E+00,-104.606E+00,39.116E+00,38.939E+00,38.885E+00,+99999.9E+99,+99999.9E+99,+99999.9E+99,0.191E+00,11.8874E+00,11.7310E+00,12.0052E+00,11.8746E+00,10.4342E+00,10.3713E+00,10.5524E+00,10.4526E+00,11.8869E+00,11.7310E+00,12.0048E+00,-0.1130E+00,0.0000E+00,0.1062E+00,15.4703E+00,15.0663E+00,15.2621E+00,27.4024E+00,26.8000E+00,28.4995E+00,-25.9038E+00,-26.6419E+00,-26.5157E+00,39.295E+00,40.277E+00,39.360E+00,+99999.9E+99,+99999.9E+99,+99999.9E+99,1.620E+00,0.35634E+03,0.35866E+03,0.37070E+03,1.08569E+03,0.54642E+03,0.53081E+03,0.54732E+03,1.62455E+03,0.53088E+03,0.52538E+03,0.53835E+03,1.59461E+03,0.62395E+03,0.60735E+03,0.61718E+03,1.84835E+03,-0.39352E+03,-0.38391E+03,-0.39039E+03,-1.16783E+03,-0.30124E+03,-0.29515E+03,-0.28522E+03,-0.88161E+03,-0.67122E+00,-0.68266E+00,-0.68858E+00,-0.68085E+00,-0.87574E+00,-0.87398E+00,-0.88681E+00,-0.87892E+00,0.000E+00,119.970E+00,-119.854E+00,58.975E+00,179.007E+00,-62.396E+00,-47.839E+00,-46.948E+00,-46.482E+00,-47.090E+00,201.912E+00,202.316E+00,201.803E+00,90.596E+00,+99999.9E+99,+99999.9E+99,0.00010E+06,-0.00062E+06,0.00000E+00,12.410E+00,0.757E+03,0.00098E+06,43.771E+00,F0F08
2021/11/30,17:33:45,00000:00:09,850,38003F00,2A00,3B00,3B00,3F00,99.859E+00,0.000E+00,0.000E+00,110.915E+00,0.000E+00,0.000E+00,0.498E+00,0.000E+00,0.000E+00,99.858E+00,0.000E+00,0.000E+00,0.000E+00,0.000E+00,0.000E+00,100.932E+00,0.000E+00,0.000E+00,98.782E+00,0.000E+00,0.000E+00,75.165E+00,326.670E+00,+99999.9E+99,1.077E+00,+99999.9E+99,+99999.9E+99,12.1765E+00,0.00000E+00,0.00000E+00,12.5190E+00,0.00000E+00,0.00000E+00,4.6076E+00,0.00000E+00,0.00000E+00,11.2711E+00,0.00000E+00,0.00000E+00,3.8717E+00,0.00000E+00,0.00000E+00,18.4036E+00,0.0000E+00,0.0000E+00,3.9017E+00,0.0000E+00,0.0000E+00,58.510E+00,+99999.9E+99,+99999.9E+99,64.332E+00,+99999.9E+99,+99999.9E+99,1.12346E+03,0.00000E+03,0.00000E+03,0.00000E+03,0.00000E+03,0.00000E+03,1.21594E+03,0.00000E+03,0.00000E+03,0.00000E+03,0.00000E+03,0.00000E+03,0.46513E+03,0.00000E+03,0.00000E+03,0.00000E+03,0.00000E+03,0.00000E+03,0.92394E+00,0.00000E+00,0.00000E+00,0.87142E+00,0.07370E+00,0.39388E+00,0.000E+00,-137.147E+00,122.465E+00,150.624E+00,137.080E+00,-170.731E+00,22.490E+00,90.000E+00,90.000E+00,0.00000E+00,0.00000E+00,0.00000E+00,75.647E+00,100.000E+00,100.000E+00,0.27360E+03,0.00000E+03,0.00000E+03,+99999.9E+99,+99999.9E+99,+99999.9E+99,+99999.9E+99,+99999.9E+99,+99999.9E+99,+99999.9E+99,+99999.9E+99,+99999.9E+99,+99999.9E+99,+99999.9E+99,+99999.9E+99,1B00,0,0,0,1B00,76.5607E+00,76.5790E+00,76.5487E+00,76.5628E+00,72.4427E+00,72.7093E+00,72.4834E+00,72.5451E+00,76.5607E+00,76.5789E+00,76.5487E+00,0.0000E+00,0.0000E+00,0.0000E+00,72.8593E+00,72.6845E+00,72.6205E+00,105.690E+00,106.093E+00,105.817E+00,-105.009E+00,-104.751E+00,-104.500E+00,18.462E+00,18.088E+00,18.087E+00,+99999.9E+99,+99999.9E+99,+99999.9E+99,0.197E+00,9.4581E+00,8.9444E+00,9.0967E+00,9.1664E+00,8.2329E+00,7.7957E+00,7.8587E+00,7.9625E+00,9.4570E+00,8.9411E+00,9.0885E+00,-0.1404E+00,-0.2441E+00,0.3855E+00,6.1533E+00,6.4696E+00,6.8616E+00,25.8171E+00,23.7262E+00,24.7043E+00,-26.0648E+00,-24.8914E+00,-21.9362E+00,56.754E+00,52.512E+00,49.844E+00,+99999.9E+99,+99999.9E+99,+99999.9E+99,4.857E+00,0.29074E+03,0.27184E+03,0.28729E+03,0.84986E+03,0.22080E+03,0.23795E+03,0.24175E+03,0.70049E+03,0.42075E+03,0.39662E+03,0.40322E+03,1.22058E+03,0.25600E+03,0.26381E+03,0.27718E+03,0.79648E+03,-0.30414E+03,-0.28881E+03,-0.28293E+03,-0.87588E+03,-0.12956E+03,-0.11390E+03,-0.13559E+03,-0.37905E+03,-0.69099E+00,-0.68539E+00,-0.71250E+00,-0.69628E+00,-0.86248E+00,-0.90198E+00,-0.87219E+00,-0.87949E+00,0.000E+00,120.132E+00,-120.056E+00,60.322E+00,175.687E+00,-60.662E+00,-46.291E+00,-46.734E+00,-44.561E+00,-45.871E+00,201.657E+00,201.214E+00,201.963E+00,94.623E+00,+99999.9E+99,+99999.9E+99,0.00005E+06,-0.00053E+06,0.00000E+00,10.160E+00,0.756E+03,0.00080E+06,43.780E+00,F0F08
2021/11/30,17:33:45,00000:00:09,900,38003F00,2D00,3F00,3F00,3F00,99.859E+00,0.000E+00,0.000E+00,110.915E+00,0.000E+00,0.000E+00,0.498E+00,0.000E+00,0.000E+00,99.858E+00,0.000E+00,0.000E+00,0.000E+00,0.000E+00,0.000E+00,100.932E+00,0.000E+00,0.000E+00,98.782E+00,0.000E+00,0.000E+00,36.418E+00,+99999.9E+99,421.033E+00,1.077E+00,+99999.9E+99,+99999.9E+99,12.1765E+00,0.00000E+00,0.00000E+00,12.5190E+00,0.00000E+00,0.00000E+00,4.6076E+00,0.00000E+00,0.00000E+00,11.2711E+00,0.00000E+00,0.00000E+00,4.2821E+00,0.00000E+00,0.00000E+00,18.4036E+00,0.0000E+00,0.0000E+00,3.9017E+00,0.0000E+00,0.0000E+00,38.818E+00,+99999.9E+99,+99999.9E+99,64.332E+00,+99999.9E+99,+99999.9E+99,1.12346E+03,0.00000E+03,0.00000E+03,0.00000E+03,0.00000E+03,0.00000E+03,1.21594E+03,0.00000E+03,0.00000E+03,0.00000E+03,0.00000E+03,0.00000E+03,0.46513E+03,0.00000E+03,0.00000E+03,0.00000E+03,0.00000E+03,0.00000E+03,0.92394E+00,0.00000E+00,0.00000E+00,0.93645E+00,0.57552E+00,0.49843E+00,0.000E+00,-3.851E+00,-171.760E+00,159.464E+00,121.285E+00,68.344E+00,22.490E+00,90.000E+00,90.000E+00,0.00000E+00,0.00000E+00,0.00000E+00,119.226E+00,100.000E+00,100.000E+00,-0.21600E+03,0.00000E+03,0.00000E+03,+99999.9E+99,+99999.9E+99,+99999.9E+99,+99999.9E+99,+99999.9E+99,+99999.9E+99,+99999.9E+99,+99999.9E+99,+99999.9E+99,+99999.9E+99,+99999.9E+99,+99999.9E+99,1B00,0,0,0,1B00,76.9833E+00,77.4465E+00,77.3178E+00,77.2492E+00,71.6356E+00,72.5146E+00,72.2660E+00,72.1387E+00,76.9832E+00,77.4465E+00,77.3178E+00,0.0000E+00,0.0000E+00,0.0000E+00,71.7184E+00,72.2986E+00,72.0890E+00,105.649E+00,106.090E+00,105.704E+00,-104.856E+00,-104.700E+00,-104.613E+00,24.933E+00,25.184E+00,25.138E+00,+99999.9E+99,+99999.9E+99,+99999.9E+99,0.467E+00,13.8847E+00,13.5583E+00,13.6929E+00,13.7120E+00,12.9398E+00,12.7555E+00,12.6996E+00,12.7983E+00,13.8836E+00,13.5562E+00,13.6867E+00,-0.1710E+00,-0.2393E+00,0.4113E+00,10.0249E+00,9.1909E+00,9.3220E+00,27.6510E+00,27.1867E+00,28.4619E+00,-26.7076E+00,-27.0738E+00,-26.5957E+00,44.279E+00,47.109E+00,47.281E+00,+99999.9E+99,+99999.9E+99,+99999.9E+99,6.692E+00,0.45101E+03,0.43890E+03,0.44955E+03,1.33946E+03,0.36535E+03,0.32033E+03,0.34457E+03,1.03025E+03,0.62510E+03,0.61067E+03,0.61896E+03,1.85473E+03,0.40940E+03,0.37187E+03,0.37522E+03,1.15501E+03,-0.43283E+03,-0.42460E+03,-0.42545E+03,-1.28288E+03,-0.18474E+03,-0.18888E+03,-0.14852E+03,-0.52214E+03,-0.72150E+00,-0.71872E+00,-0.72631E+00,-0.72219E+00,-0.89240E+00,-0.86140E+00,-0.91833E+00,-0.89199E+00,0.000E+00,119.920E+00,-119.645E+00,57.087E+00,-179.646E+00,-66.500E+00,-43.822E+00,-44.051E+00,-43.422E+00,-43.765E+00,201.654E+00,202.154E+00,201.040E+00,90.368E+00,+99999.9E+99,+99999.9E+99,0.00013E+06,-0.00077E+06,0.00000E+00,15.267E+00,0.757E+03,0.00121E+06,43.682E+00,F0F08
2021/11/30,17:33:45,00000:00:09,950,38003F00,2800,3B00,3B00,3F00,100.060E+00,0.000E+00,0.000E+00,111.137E+00,0.000E+00,0.000E+00,0.509E+00,0.000E+00,0.000E+00,100.058E+00,0.000E+00,0.000E+00,0.000E+00,0.000E+00,0.000E+00,100.954E+00,0.000E+00,0.000E+00,98.782E+00,0.000E+00,0.000E+00,36.418E+00,+99999.9E+99,421.033E+00,1.085E+00,+99999.9E+99,+99999.9E+99,10.9726E+00,0.00000E+00,0.00000E+00,11.1396E+00,0.00000E+00,0.00000E+00,4.4514E+00,0.00000E+00,0.00000E+00,10.0291E+00,0.00000E+00,0.00000E+00,4.2821E+00,0.00000E+00,0.00000E+00,18.2233E+00,0.0000E+00,0.0000E+00,3.4543E+00,0.0000E+00,0.0000E+00,38.818E+00,+99999.9E+99,+99999.9E+99,73.631E+00,+99999.9E+99,+99999.9E+99,1.00147E+03,0.00000E+03,0.00000E+03,0.00000E+03,0.00000E+03,0.00000E+03,1.09792E+03,0.00000E+03,0.00000E+03,0.00000E+03,0.00000E+03,0.00000E+03,0.44998E+03,0.00000E+03,0.00000E+03,0.00000E+03,0.00000E+03,0.00000E+03,0.91215E+00,0.00000E+00,0.00000E+00,0.93645E+00,0.57552E+00,0.49843E+00,0.000E+00,-3.851E+00,-171.760E+00,159.464E+00,121.285E+00,68.344E+00,24.195E+00,90.000E+00,90.000E+00,9.30977E+00,0.00000E+00,0.00000E+00,86.025E+00,100.000E+00,100.000E+00,0.13996E+03,0.00000E+03,0.00000E+03,+99999.9E+99,+99999.9E+99,+99999.9E+99,+99999.9E+99,+99999.9E+99,+99999.9E+99,+99999.9E+99,+99999.9E+99,+99999.9E+99,+99999.9E+99,+99999.9E+99,+99999.9E+99,1B00,0,0,0,1B00,76.6810E+00,76.6324E+00,76.3529E+00,76.5554E+00,72.5180E+00,72.6076E+00,71.9622E+00,72.3626E+00,76.6810E+00,76.6324E+00,76.3529E+00,0.0000E+00,0.0000E+00,0.0000E+00,70.7261E+00,70.6353E+00,70.4812E+00,105.856E+00,106.120E+00,105.699E+00,-103.941E+00,-104.967E+00,-104.313E+00,35.794E+00,35.363E+00,35.786E+00,+99999.9E+99,+99999.9E+99,+99999.9E+99,0.205E+00,9.7152E+00,9.3004E+00,9.9116E+00,9.6424E+00,8.3497E+00,7.9899E+00,8.4001E+00,8.2465E+00,9.7145E+00,9.3004E+00,9.9116E+00,-0.1213E+00,0.0000E+00,0.0000E+00,13.4489E+00,13.4881E+00,14.0324E+00,26.4967E+00,24.8862E+00,27.2257E+00,-25.6814E+00,-23.4105E+00,-26.6867E+00,42.671E+00,42.054E+00,40.159E+00,+99999.9E+99,+99999.9E+99,+99999.9E+99,2.454E+00,0.28169E+03,0.27991E+03,0.29992E+03,0.86151E+03,0.46939E+03,0.48416E+03,0.49287E+03,1.44642E+03,0.43175E+03,0.41362E+03,0.43943E+03,1.28479E+03,0.54393E+03,0.54698E+03,0.56419E+03,1.65481E+03,-0.32720E+03,-0.30452E+03,-0.32116E+03,-0.95288E+03,-0.27483E+03,-0.25452E+03,-0.27457E+03,-0.80392E+03,-0.65244E+00,-0.67673E+00,-0.68252E+00,-0.67054E+00,-0.86296E+00,-0.88514E+00,-0.87359E+00,-0.87407E+00,0.000E+00,120.179E+00,-119.984E+00,60.300E+00,177.844E+00,-60.747E+00,-49.275E+00,-47.411E+00,-46.959E+00,-47.891E+00,201.722E+00,201.440E+00,202.318E+00,92.471E+00,+99999.9E+99,+99999.9E+99,0.00006E+06,-0.00052E+06,0.00000E+00,10.067E+00,0.756E+03,0.00080E+06,43.805E+00,F0F08
2021/11/30,17:33:45,00000:00:10,0,38003800,0,1800,1800,3800,99.899E+00,0.000E+00,0.000E+00,110.958E+00,0.000E+00,0.000E+00,0.519E+00,0.000E+00,0.000E+00,99.897E+00,0.000E+00,0.000E+00,0.000E+00,0.000E+00,0.000E+00,100.943E+00,0.000E+00,0.000E+00,98.789E+00,0.000E+00,0.000E+00,98.608E+00,+99999.9E+99,432.823E+00,1.078E+00,+99999.9E+99,+99999.9E+99,12.0664E+00,0.00000E+00,0.00000E+00,12.3520E+00,0.00000E+00,0.00000E+00,4.6828E+00,0.00000E+00,0.00000E+00,11.1207E+00,0.00000E+00,0.00000E+00,2.9455E+00,0.00000E+00,0.00000E+00,18.3486E+00,0.0000E+00,0.0000E+00,3.9148E+00,0.0000E+00,0.0000E+00,108.897E+00,+99999.9E+99,488.990E+00,64.896E+00,+99999.9E+99,+99999.9E+99,1.10877E+03,0.00000E+03,0.00000E+03,0.00000E+03,0.00000E+03,0.00000E+03,1.20542E+03,0.00000E+03,0.00000E+03,0.00000E+03,0.00000E+03,0.00000E+03,0.47294E+03,0.00000E+03,0.00000E+03,0.00000E+03,0.00000E+03,0.00000E+03,0.91982E+00,0.00000E+00,0.00000E+00,0.84383E+00,0.61879E+00,0.78404E+00,0.000E+00,148.115E+00,116.233E+00,147.547E+00,96.342E+00,154.601E+00,23.100E+00,90.000E+00,90.000E+00,13.0038E+00,0.00000E+00,0.00000E+00,96.166E+00,100.000E+00,100.000E+00,0.04251E+03,0.00000E+03,0.00000E+03,+99999.9E+99,+99999.9E+99,+99999.9E+99,+99999.9E+99,+99999.9E+99,+99999.9E+99,+99999.9E+99,+99999.9E+99,+99999.9E+99,+99999.9E+99,+99999.9E+99,+99999.9E+99,1B00,0,0,0,1B00,76.5239E+00,76.9758E+00,77.0126E+00,76.8374E+00,71.8683E+00,72.7473E+00,72.7852E+00,72.4669E+00,76.5239E+00,76.9758E+00,77.0126E+00,0.0000E+00,0.0000E+00,0.0000E+00,72.9839E+00,72.9675E+00,72.8751E+00,105.704E+00,106.021E+00,105.629E+00,-104.776E+00,-104.419E+00,-106.261E+00,14.967E+00,14.809E+00,14.895E+00,+99999.9E+99,+99999.9E+99,+99999.9E+99,0.095E+00,11.8170E+00,11.5708E+00,11.3693E+00,11.5857E+00,10.1993E+00,10.0491E+00,9.7590E+00,10.0025E+00,11.8159E+00,11.5640E+00,11.3557E+00,-0.1597E+00,-0.3948E+00,0.5556E+00,4.9225E+00,4.8364E+00,5.2373E+00,27.8548E+00,27.2810E+00,28.6757E+00,-26.7014E+00,-27.2962E+00,-26.1443E+00,61.559E+00,60.361E+00,55.987E+00,+99999.9E+99,+99999.9E+99,+99999.9E+99,3.597E+00,0.36679E+03,0.34733E+03,0.35214E+03,1.06626E+03,0.17135E+03,0.17700E+03,0.18417E+03,0.53252E+03,0.52760E+03,0.51575E+03,0.50935E+03,1.55269E+03,0.20218E+03,0.20118E+03,0.21242E+03,0.61556E+03,-0.37924E+03,-0.38126E+03,-0.36801E+03,-1.12851E+03,-0.10731E+03,-0.09563E+03,-0.10584E+03,-0.30877E+03,-0.69521E+00,-0.67346E+00,-0.69135E+00,-0.68672E+00,-0.84752E+00,-0.87980E+00,-0.86704E+00,-0.86509E+00,0.000E+00,120.087E+00,-119.970E+00,62.046E+00,178.430E+00,-60.037E+00,-45.956E+00,-47.666E+00,-46.263E+00,-46.629E+00,201.764E+00,201.762E+00,201.182E+00,92.846E+00,+99999.9E+99,+99999.9E+99,0.00008E+06,-0.00064E+06,0.00000E+00,12.507E+00,0.756E+03,0.00099E+06,43.805E+00,F0F0F
2021/11/30,17:33:45,00000:00:10,50,38003F00,700,1F00,1F00,3F00,99.899E+00,0.000E+00,0.000E+00,110.958E+00,0.000E+00,0.000E+00,0.519E+00,0.000E+00,0.000E+00,99.897E+00,0.000E+00,0.000E+00,0.000E+00,0.000E+00,0.000E+00,100.943E+00,0.000E+00,0.000E+00,98.789E+00,0.000E+00,0.000E+00,19.129E+00,+99999.9E+99,485.461E+00,1.078E+00,+99999.9E+99,+99999.9E+99,12.0664E+00,0.00000E+00,0.00000E+00,12.3520E+00,0.00000E+00,0.00000E+00,4.6828E+00,0.00000E+00,0.00000E+00,11.1207E+00,0.00000E+00,0.00000E+00,4.8251E+00,0.00000E+00,0.00000E+00,18.3486E+00,0.0000E+00,0.0000E+00,3.9148E+00,0.0000E+00,0.0000E+00,8.466E+00,+99999.9E+99,+99999.9E+99,64.896E+00,+99999.9E+99,+99999.9E+99,1.10877E+03,0.00000E+03,0.00000E+03,0.00000E+03,0.00000E+03,0.00000E+03,1.20542E+03,0.00000E+03,0.00000E+03,0.00000E+03,0.00000E+03,0.00000E+03,0.47294E+03,0.00000E+03,0.00000E+03,0.00000E+03,0.00000E+03,0.00000E+03,0.91982E+00,0.00000E+00,0.00000E+00,0.91281E+00,0.99639E+00,0.95549E+00,0.000E+00,-58.165E+00,158.448E+00,155.897E+00,116.967E+00,175.607E+00,23.100E+00,90.000E+00,90.000E+00,13.0038E+00,0.00000E+00,0.00000E+00,115.625E+00,100.000E+00,100.000E+00,-0.17325E+03,0.00000E+03,0.00000E+03,+99999.9E+99,+99999.9E+99,+99999.9E+99,+99999.9E+99,+99999.9E+99,+99999.9E+99,+99999.9E+99,+99999.9E+99,+99999.9E+99,+99999.9E+99,+99999.9E+99,+99999.9E+99,1B00,0,0,0,1B00,77.1823E+00,77.2055E+00,76.9740E+00,77.1206E+00,72.1524E+00,72.3579E+00,71.8151E+00,72.1084E+00,77.1823E+00,77.2055E+00,76.9740E+00,0.0000E+00,0.0000E+00,0.0000E+00,70.9667E+00,71.6705E+00,71.4642E+00,105.279E+00,105.683E+00,105.476E+00,-103.783E+00,-104.841E+00,-104.550E+00,30.454E+00,30.608E+00,30.555E+00,+99999.9E+99,+99999.9E+99,+99999.9E+99,0.578E+00,13.5001E+00,13.0816E+00,13.4672E+00,13.3496E+00,12.4418E+00,12.0364E+00,12.3822E+00,12.2868E+00,13.4992E+00,13.0816E+00,13.4657E+00,-0.1545E+00,0.0000E+00,0.2003E+00,12.5594E+00,11.4020E+00,11.5604E+00,27.7343E+00,27.1490E+00,28.6710E+00,-26.4895E+00,-27.0771E+00,-26.3390E+00,40.606E+00,43.957E+00,43.902E+00,+99999.9E+99,+99999.9E+99,+99999.9E+99,6.061E+00,0.42483E+03,0.41750E+03,0.43969E+03,1.28202E+03,0.45178E+03,0.40068E+03,0.42885E+03,1.28131E+03,0.60769E+03,0.58899E+03,0.60521E+03,1.80189E+03,0.50560E+03,0.46368E+03,0.46802E+03,1.43575E+03,-0.43452E+03,-0.41546E+03,-0.41587E+03,-1.26585E+03,-0.22699E+03,-0.23336E+03,-0.18743E+03,-0.64778E+03,-0.69909E+00,-0.70883E+00,-0.72651E+00,-0.71149E+00,-0.89356E+00,-0.86413E+00,-0.91631E+00,-0.89243E+00,0.000E+00,119.871E+00,-119.581E+00,57.000E+00,179.990E+00,-66.200E+00,-45.646E+00,-44.860E+00,-43.405E+00,-44.644E+00,201.224E+00,201.412E+00,201.743E+00,89.711E+00,+99999.9E+99,+99999.9E+99,0.00013E+06,-0.00073E+06,0.00000E+00,14.511E+00,0.757E+03,0.00115E+06,43.582E+00,F0F08
2021/11/30,17:33:45,00000:00:10,100,38003F00,500,1F00,1F00,3F00,99.899E+00,0.000E+00,0.000E+00,110.958E+00,0.000E+00,0.000E+00,0.519E+00,0.000E+00,0.000E+00,99.897E+00,0.000E+00,0.000E+00,0.000E+00,0.000E+00,0.000E+00,100.943E+00,0.000E+00,0.000E+00,98.789E+00,0.000E+00,0.000E+00,19.129E+00,+99999.9E+99,485.461E+00,1.078E+00,+99999.9E+99,+99999.9E+99,12.0664E+00,0.00000E+00,0.00000E+00,12.3520E+00,0.00000E+00,0.00000E+00,4.6828E+00,0.00000E+00,0.00000E+00,11.1207E+00,0.00000E+00,0.00000E+00,4.8251E+00,0.00000E+00,0.00000E+00,18.3486E+00,0.0000E+00,0.0000E+00,3.9148E+00,0.0000E+00,0.0000E+00,8.466E+00,+99999.9E+99,+99999.9E+99,64.896E+00,+99999.9E+99,+99999.9E+99,1.10877E+03,0.00000E+03,0.00000E+03,0.00000E+03,0.00000E+03,0.00000E+03,1.20542E+03,0.00000E+03,0.00000E+03,0.00000E+03,0.00000E+03,0.00000E+03,0.47294E+03,0.00000E+03,0.00000E+03,0.00000E+03,0.00000E+03,0.00000E+03,0.91982E+00,0.00000E+00,0.00000E+00,0.91281E+00,0.99639E+00,0.95549E+00,0.000E+00,-58.165E+00,158.448E+00,155.897E+00,116.967E+00,175.607E+00,23.100E+00,90.000E+00,90.000E+00,13.0038E+00,0.00000E+00,0.00000E+00,70.908E+00,100.000E+00,100.000E+00,0.32256E+03,0.00000E+03,0.00000E+03,+99999.9E+99,+99999.9E+99,+99999.9E+99,+99999.9E+99,+99999.9E+99,+99999.9E+99,+99999.9E+99,+99999.9E+99,+99999.9E+99,+99999.9E+99,+99999.9E+99,+99999.9E+99,1B00,0,0,0,1B00,76.2739E+00,76.6620E+00,76.5057E+00,76.4805E+00,72.1862E+00,72.9229E+00,72.6354E+00,72.5815E+00,76.2739E+00,76.6620E+00,76.5057E+00,0.0000E+00,0.0000E+00,0.0000E+00,71.2219E+00,71.1144E+00,70.9569E+00,105.711E+00,106.090E+00,105.796E+00,-104.749E+00,-105.014E+00,-104.583E+00,31.276E+00,30.556E+00,31.188E+00,+99999.9E+99,+99999.9E+99,+99999.9E+99,0.224E+00,8.3238E+00,8.2641E+00,8.2068E+00,8.2649E+00,7.4200E+00,7.3748E+00,7.3068E+00,7.3672E+00,8.3231E+00,8.2632E+00,8.2036E+00,-0.1098E+00,-0.1192E+00,0.2300E+00,11.4690E+00,11.4518E+00,12.0560E+00,22.1586E+00,21.1067E+00,20.4295E+00,-18.9014E+00,-19.1962E+00,-19.8905E+00,45.791E+00,44.681E+00,42.617E+00,+99999.9E+99,+99999.9E+99,+99999.9E+99,3.373E+00,0.26399E+03,0.25807E+03,0.26415E+03,0.78621E+03,0.39143E+03,0.41126E+03,0.41851E+03,1.22120E+03,0.36827E+03,0.36610E+03,0.36451E+03,1.09888E+03,0.46044E+03,0.46692E+03,0.48555E+03,1.41246E+03,-0.25678E+03,-0.25967E+03,-0.25117E+03,-0.76762E+03,-0.24246E+03,-0.22109E+03,-0.24619E+03,-0.70974E+03,-0.71684E+00,-0.70491E+00,-0.72469E+00,-0.71547E+00,-0.85012E+00,-0.88079E+00,-0.86193E+00,-0.86459E+00,0.000E+00,120.198E+00,-119.982E+00,61.721E+00,178.387E+00,-59.389E+00,-44.206E+00,-45.178E+00,-43.557E+00,-44.319E+00,202.263E+00,201.897E+00,201.876E+00,94.609E+00,+99999.9E+99,+99999.9E+99,0.00004E+06,-0.00049E+06,0.00000E+00,9.400E+00,0.756E+03,0.00074E+06,43.964E+00,F0F08
2021/11/30,17:33:45,00000:00:10,150,38003F00,700,1F00,1F00,3F00,99.899E+00,0.000E+00,0.000E+00,110.958E+00,0.000E+00,0.000E+00,0.519E+00,0.000E+00,0.000E+00,99.897E+00,0.000E+00,0.000E+00,0.000E+00,0.000E+00,0.000E+00,100.943E+00,0.000E+00,0.000E+00,98.789E+00,0.000E+00,0.000E+00,67.541E+00,+99999.9E+99,+99999.9E+99,1.078E+00,+99999.9E+99,+99999.9E+99,12.0664E+00,0.00000E+00,0.00000E+00,12.3520E+00,0.00000E+00,0.00000E+00,4.6828E+00,0.00000E+00,0.00000E+00,11.1207E+00,0.00000E+00,0.00000E+00,3.9179E+00,0.00000E+00,0.00000E+00,18.3486E+00,0.0000E+00,0.0000E+00,3.9148E+00,0.0000E+00,0.0000E+00,48.162E+00,+99999.9E+99,+99999.9E+99,64.896E+00,+99999.9E+99,+99999.9E+99,1.10877E+03,0.00000E+03,0.00000E+03,0.00000E+03,0.00000E+03,0.00000E+03,1.20542E+03,0.00000E+03,0.00000E+03,0.00000E+03,0.00000E+03,0.00000E+03,0.47294E+03,0.00000E+03,0.00000E+03,0.00000E+03,0.00000E+03,0.00000E+03,0.91982E+00,0.00000E+00,0.00000E+00,0.89312E+00,0.48405E+00,0.15085E+00,0.000E+00,59.319E+00,143.903E+00,153.268E+00,120.368E+00,-117.421E+00,23.100E+00,90.000E+00,90.000E+00,13.0038E+00,0.00000E+00,0.00000E+00,111.267E+00,100.000E+00,100.000E+00,-0.12492E+03,0.00000E+03,0.00000E+03,+99999.9E+99,+99999.9E+99,+99999.9E+99,+99999.9E+99,+99999.9E+99,+99999.9E+99,+99999.9E+99,+99999.9E+99,+99999.9E+99,+99999.9E+99,+99999.9E+99,+99999.9E+99,1B00,0,0,0,1B00,77.0810E+00,77.1342E+00,77.0977E+00,77.1043E+00,72.0818E+00,72.4032E+00,72.1904E+00,72.2251E+00,77.0810E+00,77.1342E+00,77.0977E+00,0.0000E+00,0.0000E+00,0.0000E+00,72.9745E+00,73.2303E+00,73.0986E+00,105.836E+00,106.056E+00,105.779E+00,-104.957E+00,-104.721E+00,-104.737E+00,14.196E+00,14.379E+00,14.455E+00,+99999.9E+99,+99999.9E+99,+99999.9E+99,0.203E+00,13.2214E+00,12.7538E+00,12.9385E+00,12.9712E+00,12.0709E+00,11.5929E+00,11.6476E+00,11.7704E+00,13.2205E+00,12.7494E+00,12.9293E+00,-0.1554E+00,-0.3323E+00,0.4888E+00,5.3221E+00,4.8168E+00,4.9733E+00,27.4048E+00,26.7871E+00,28.3114E+00,-26.1386E+00,-26.6957E+00,-26.5809E+00,53.769E+00,58.157E+00,56.007E+00,+99999.9E+99,+99999.9E+99,+99999.9E+99,4.728E+00,0.41998E+03,0.39801E+03,0.41571E+03,1.23369E+03,0.19281E+03,0.17638E+03,0.18902E+03,0.55820E+03,0.59529E+03,0.57257E+03,0.58060E+03,1.74845E+03,0.21727E+03,0.20104E+03,0.20684E+03,0.62478E+03,-0.42188E+03,-0.41161E+03,-0.40532E+03,-1.23881E+03,-0.10016E+03,-0.09648E+03,-0.08401E+03,-0.28065E+03,-0.70551E+00,-0.69513E+00,-0.71599E+00,-0.70559E+00,-0.88740E+00,-0.87732E+00,-0.91381E+00,-0.89343E+00,0.000E+00,120.005E+00,-119.824E+00,57.566E+00,178.624E+00,-65.916E+00,-45.129E+00,-45.963E+00,-44.275E+00,-45.123E+00,201.094E+00,201.275E+00,201.547E+00,91.089E+00,+99999.9E+99,+99999.9E+99,0.00011E+06,-0.00073E+06,0.00000E+00,14.181E+00,0.757E+03,0.00112E+06,43.555E+00,F0F08
2021/11/30,17:33:45,00000:00:10,200,38003800,2800,3800,3800,3800,99.868E+00,0.000E+00,0.000E+00,110.924E+00,0.000E+00,0.000E+00,0.489E+00,0.000E+00,0.000E+00,99.867E+00,0.000E+00,0.000E+00,0.000E+00,0.000E+00,0.000E+00,100.921E+00,0.000E+00,0.000E+00,98.818E+00,0.000E+00,0.000E+00,67.541E+00,+99999.9E+99,+99999.9E+99,1.053E+00,+99999.9E+99,+99999.9E+99,12.0292E+00,0.00000E+00,0.00000E+00,12.3854E+00,0.00000E+00,0.00000E+00,4.5125E+00,0.00000E+00,0.00000E+00,11.1507E+00,0.00000E+00,0.00000E+00,3.9179E+00,0.00000E+00,0.00000E+00,18.3319E+00,0.0000E+00,0.0000E+00,4.2381E+00,0.0000E+00,0.0000E+00,48.162E+00,+99999.9E+99,+99999.9E+99,63.197E+00,+99999.9E+99,+99999.9E+99,1.11160E+03,0.00000E+03,0.00000E+03,0.00000E+03,0.00000E+03,0.00000E+03,1.20133E+03,0.00000E+03,0.00000E+03,0.00000E+03,0.00000E+03,0.00000E+03,0.45558E+03,0.00000E+03,0.00000E+03,0.00000E+03,0.00000E+03,0.00000E+03,0.92530E+00,0.00000E+00,0.00000E+00,0.89312E+00,0.48405E+00,0.15085E+00,0.000E+00,59.319E+00,143.903E+00,153.268E+00,120.368E+00,-117.421E+00,22.286E+00,90.000E+00,90.000E+00,0.00000E+00,0.00000E+00,0.00000E+00,98.900E+00,100.000E+00,100.000E+00,0.01223E+03,0.00000E+03,0.00000E+03,+99999.9E+99,+99999.9E+99,+99999.9E+99,+99999.9E+99,+99999.9E+99,+99999.9E+99,+99999.9E+99,+99999.9E+99,+99999.9E+99,+99999.9E+99,+99999.9E+99,+99999.9E+99,1B00,0,0,0,1B00,76.7307E+00,77.0629E+00,76.8111E+00,76.8682E+00,72.0259E+00,72.6485E+00,72.1656E+00,72.2800E+00,76.7307E+00,77.0629E+00,76.8111E+00,0.0000E+00,0.0000E+00,0.0000E+00,70.0622E+00,70.4507E+00,70.3890E+00,105.414E+00,105.940E+00,105.500E+00,-104.031E+00,-104.663E+00,-104.129E+00,36.886E+00,36.845E+00,36.775E+00,+99999.9E+99,+99999.9E+99,+99999.9E+99,0.346E+00,11.9916E+00,11.8338E+00,12.1195E+00,11.9816E+00,10.5081E+00,10.4326E+00,10.6370E+00,10.5259E+00,11.9910E+00,11.8338E+00,12.1195E+00,-0.1130E+00,0.0000E+00,0.0000E+00,14.6954E+00,14.0655E+00,14.0824E+00,27.6610E+00,27.2638E+00,28.5719E+00,-26.1538E+00,-27.0086E+00,-26.7343E+00,39.960E+00,41.471E+00,41.419E+00,+99999.9E+99,+99999.9E+99,+99999.9E+99,3.112E+00,0.36044E+03,0.36318E+03,0.37575E+03,1.09937E+03,0.51739E+03,0.48514E+03,0.50655E+03,1.50908E+03,0.53562E+03,0.52978E+03,0.54345E+03,1.60885E+03,0.59361E+03,0.56588E+03,0.57188E+03,1.73089E+03,-0.39619E+03,-0.38570E+03,-0.39263E+03,-1.17452E+03,-0.29098E+03,-0.29131E+03,-0.26544E+03,-0.84773E+03,-0.67295E+00,-0.68553E+00,-0.69141E+00,-0.68333E+00,-0.87161E+00,-0.85732E+00,-0.88576E+00,-0.87186E+00,0.000E+00,119.873E+00,-119.787E+00,59.538E+00,-179.174E+00,-62.287E+00,-47.705E+00,-46.723E+00,-46.258E+00,-46.896E+00,202.072E+00,202.210E+00,201.717E+00,90.278E+00,+99999.9E+99,+99999.9E+99,0.00011E+06,-0.00063E+06,0.00000E+00,12.528E+00,0.757E+03,0.00099E+06,43.841E+00,F0F08
2021/11/30,17:33:45,00000:00:10,250,38003F00,2D00,3F00,3F00,3F00,99.868E+00,0.000E+00,0.000E+00,110.924E+00,0.000E+00,0.000E+00,0.489E+00,0.000E+00,0.000E+00,99.867E+00,0.000E+00,0.000E+00,0.000E+00,0.000E+00,0.000E+00,100.921E+00,0.000E+00,0.000E+00,98.818E+00,0.000E+00,0.000E+00,34.238E+00,+99999.9E+99,387.194E+00,1.053E+00,+99999.9E+99,+99999.9E+99,12.0292E+00,0.00000E+00,0.00000E+00,12.3854E+00,0.00000E+00,0.00000E+00,4.5125E+00,0.00000E+00,0.00000E+00,11.1507E+00,0.00000E+00,0.00000E+00,4.0476E+00,0.00000E+00,0.00000E+00,18.3319E+00,0.0000E+00,0.0000E+00,4.2381E+00,0.0000E+00,0.0000E+00,43.046E+00,+99999.9E+99,+99999.9E+99,63.197E+00,+99999.9E+99,+99999.9E+99,1.11160E+03,0.00000E+03,0.00000E+03,0.00000E+03,0.00000E+03,0.00000E+03,1.20133E+03,0.00000E+03,0.00000E+03,0.00000E+03,0.00000E+03,0.00000E+03,0.45558E+03,0.00000E+03,0.00000E+03,0.00000E+03,0.00000E+03,0.00000E+03,0.92530E+00,0.00000E+00,0.00000E+00,0.93272E+00,0.27572E+00,0.98418E+00,0.000E+00,171.719E+00,154.163E+00,158.862E+00,-114.286E+00,-15.632E+00,22.286E+00,90.000E+00,90.000E+00,0.00000E+00,0.00000E+00,0.00000E+00,75.811E+00,100.000E+00,100.000E+00,0.26889E+03,0.00000E+03,0.00000E+03,+99999.9E+99,+99999.9E+99,+99999.9E+99,+99999.9E+99,+99999.9E+99,+99999.9E+99,+99999.9E+99,+99999.9E+99,+99999.9E+99,+99999.9E+99,+99999.9E+99,+99999.9E+99,1B00,0,0,0,1B00,76.5165E+00,76.6167E+00,76.5288E+00,76.5540E+00,72.3535E+00,72.7211E+00,72.4208E+00,72.4985E+00,76.5165E+00,76.6167E+00,76.5288E+00,0.0000E+00,0.0000E+00,0.0000E+00,72.4546E+00,72.2298E+00,72.2065E+00,105.850E+00,106.071E+00,105.773E+00,-105.029E+00,-105.206E+00,-104.361E+00,22.530E+00,21.618E+00,22.199E+00,+99999.9E+99,+99999.9E+99,+99999.9E+99,0.216E+00,9.5111E+00,9.0058E+00,9.1365E+00,9.2178E+00,8.1780E+00,7.7628E+00,7.7946E+00,7.9118E+00,9.5098E+00,9.0029E+00,9.1282E+00,-0.1608E+00,-0.2268E+00,0.3886E+00,7.7274E+00,8.1694E+00,8.3762E+00,26.1705E+00,24.2038E+00,25.0809E+00,-26.7029E+00,-25.3710E+00,-22.4124E+00,52.456E+00,48.156E+00,47.005E+00,+99999.9E+99,+99999.9E+99,+99999.9E+99,4.737E+00,0.28854E+03,0.26995E+03,0.28421E+03,0.84271E+03,0.27410E+03,0.29625E+03,0.29843E+03,0.86878E+03,0.42255E+03,0.39919E+03,0.40502E+03,1.22675E+03,0.31717E+03,0.32862E+03,0.34296E+03,0.98815E+03,-0.30869E+03,-0.29407E+03,-0.28855E+03,-0.89131E+03,-0.15959E+03,-0.14221E+03,-0.16900E+03,-0.47081E+03,-0.68287E+00,-0.67625E+00,-0.70173E+00,-0.68694E+00,-0.86418E+00,-0.90151E+00,-0.87016E+00,-0.87920E+00,0.000E+00,120.118E+00,-120.093E+00,60.108E+00,175.752E+00,-60.459E+00,-46.932E+00,-47.448E+00,-45.434E+00,-46.611E+00,201.561E+00,201.599E+00,201.957E+00,95.034E+00,+99999.9E+99,+99999.9E+99,0.00004E+06,-0.00053E+06,0.00000E+00,10.118E+00,0.756E+03,0.00080E+06,43.752E+00,F0F08
2021/11/30,17:33:45,00000:00:10,300,38003F00,2800,3B00,3B00,3F00,99.999E+00,0.000E+00,0.000E+00,111.069E+00,0.000E+00,0.000E+00,0.526E+00,0.000E+00,0.000E+00,99.997E+00,0.000E+00,0.000E+00,0.000E+00,0.000E+00,0.000E+00,101.007E+00,0.000E+00,0.000E+00,98.811E+00,0.000E+00,0.000E+00,34.238E+00,+99999.9E+99,387.194E+00,1.098E+00,+99999.9E+99,+99999.9E+99,10.8743E+00,0.00000E+00,0.00000E+00,11.0358E+00,0.00000E+00,0.00000E+00,4.4196E+00,0.00000E+00,0.00000E+00,9.9357E+00,0.00000E+00,0.00000E+00,4.0476E+00,0.00000E+00,0.00000E+00,18.3514E+00,0.0000E+00,0.0000E+00,3.6338E+00,0.0000E+00,0.0000E+00,43.046E+00,+99999.9E+99,+99999.9E+99,74.064E+00,+99999.9E+99,+99999.9E+99,0.99147E+03,0.00000E+03,0.00000E+03,0.00000E+03,0.00000E+03,0.00000E+03,1.08742E+03,0.00000E+03,0.00000E+03,0.00000E+03,0.00000E+03,0.00000E+03,0.44662E+03,0.00000E+03,0.00000E+03,0.00000E+03,0.00000E+03,0.00000E+03,0.91176E+00,0.00000E+00,0.00000E+00,0.93272E+00,0.27572E+00,0.98418E+00,0.000E+00,171.719E+00,154.163E+00,158.862E+00,-114.286E+00,-15.632E+00,24.250E+00,90.000E+00,90.000E+00,14.5339E+00,0.00000E+00,0.00000E+00,136.515E+00,100.000E+00,100.000E+00,-0.36203E+03,0.00000E+03,0.00000E+03,+99999.9E+99,+99999.9E+99,+99999.9E+99,+99999.9E+99,+99999.9E+99,+99999.9E+99,+99999.9E+99,+99999.9E+99,+99999.9E+99,+99999.9E+99,+99999.9E+99,+99999.9E+99,1800,0,0,0,1800,77.0002E+00,77.4611E+00,77.3048E+00,77.2554E+00,71.6890E+00,72.5347E+00,72.2619E+00,72.1618E+00,77.0002E+00,77.4611E+00,77.3048E+00,0.0000E+00,0.0000E+00,0.0000E+00,72.2633E+00,72.7299E+00,72.5916E+00,105.584E+00,106.140E+00,105.746E+00,-104.504E+00,-105.129E+00,-105.070E+00,19.880E+00,19.979E+00,20.336E+00,+99999.9E+99,+99999.9E+99,+99999.9E+99,0.389E+00,13.9639E+00,13.6660E+00,13.7966E+00,13.8088E+00,13.0279E+00,12.8489E+00,12.7975E+00,12.8914E+00,13.9632E+00,13.6635E+00,13.7907E+00,-0.1368E+00,-0.2644E+00,0.4023E+00,7.8319E+00,7.2672E+00,7.0884E+00,27.6910E+00,27.1424E+00,28.6595E+00,-26.4167E+00,-27.3157E+00,-26.7710E+00,47.951E+00,50.271E+00,52.558E+00,+99999.9E+99,+99999.9E+99,+99999.9E+99,7.199E+00,0.45531E+03,0.44410E+03,0.45409E+03,1.35350E+03,0.28185E+03,0.24450E+03,0.26378E+03,0.79013E+03,0.62856E+03,0.61599E+03,0.62402E+03,1.86857E+03,0.31674E+03,0.28565E+03,0.28756E+03,0.88867E+03,-0.43333E+03,-0.42687E+03,-0.42802E+03,-1.28823E+03,-0.14452E+03,-0.14770E+03,-0.11451E+03,-0.40673E+03,-0.72437E+00,-0.72095E+00,-0.72768E+00,-0.72435E+00,-0.88983E+00,-0.85595E+00,-0.91730E+00,-0.88912E+00,0.000E+00,119.904E+00,-119.724E+00,57.363E+00,-179.021E+00,-66.414E+00,-43.583E+00,-43.867E+00,-43.308E+00,-43.585E+00,201.677E+00,201.362E+00,200.992E+00,90.342E+00,+99999.9E+99,+99999.9E+99,0.00013E+06,-0.00078E+06,0.00000E+00,15.429E+00,0.757E+03,0.00122E+06,43.711E+00,F0F08
2021/11/30,17:33:45,00000:00:10,350,38003F00,0,1B00,1B00,3F00,99.929E+00,0.000E+00,0.000E+00,110.991E+00,0.000E+00,0.000E+00,0.519E+00,0.000E+00,0.000E+00,99.927E+00,0.000E+00,0.000E+00,0.000E+00,0.000E+00,0.000E+00,100.971E+00,0.000E+00,0.000E+00,98.814E+00,0.000E+00,0.000E+00,23.907E+00,+99999.9E+99,360.559E+00,1.079E+00,+99999.9E+99,+99999.9E+99,11.8132E+00,0.00000E+00,0.00000E+00,12.0505E+00,0.00000E+00,0.00000E+00,4.6740E+00,0.00000E+00,0.00000E+00,10.8492E+00,0.00000E+00,0.00000E+00,4.6235E+00,0.00000E+00,0.00000E+00,18.2633E+00,0.0000E+00,0.0000E+00,4.2686E+00,0.0000E+00,0.0000E+00,11.251E+00,+99999.9E+99,+99999.9E+99,64.496E+00,+99999.9E+99,+99999.9E+99,1.08197E+03,0.00000E+03,0.00000E+03,0.00000E+03,0.00000E+03,0.00000E+03,1.18048E+03,0.00000E+03,0.00000E+03,0.00000E+03,0.00000E+03,0.00000E+03,0.47210E+03,0.00000E+03,0.00000E+03,0.00000E+03,0.00000E+03,0.00000E+03,0.91655E+00,0.00000E+00,0.00000E+00,0.90151E+00,0.34293E+00,0.46887E+00,0.000E+00,-90.319E+00,153.599E+00,154.357E+00,159.626E+00,-144.362E+00,23.574E+00,90.000E+00,90.000E+00,12.6057E+00,0.00000E+00,0.00000E+00,80.859E+00,100.000E+00,100.000E+00,0.20710E+03,0.00000E+03,0.00000E+03,+99999.9E+99,+99999.9E+99,+99999.9E+99,+99999.9E+99,+99999.9E+99,+99999.9E+99,+99999.9E+99,+99999.9E+99,+99999.9E+99,+99999.9E+99,+99999.9E+99,+99999.9E+99,1B00,0,0,0,1B00,76.6905E+00,76.6420E+00,76.3787E+00,76.5704E+00,72.5427E+00,72.6528E+00,72.0327E+00,72.4094E+00,76.6905E+00,76.6420E+00,76.3787E+00,0.0000E+00,0.0000E+00,0.0000E+00,70.2288E+00,70.2552E+00,70.1400E+00,105.871E+00,106.084E+00,105.707E+00,-104.469E+00,-104.709E+00,-104.697E+00,38.371E+00,38.055E+00,38.244E+00,+99999.9E+99,+99999.9E+99,+99999.9E+99,0.091E+00,9.7682E+00,9.3512E+00,9.9464E+00,9.6886E+00,8.4391E+00,8.0785E+00,8.4834E+00,8.3337E+00,9.7672E+00,9.3512E+00,9.9464E+00,-0.1407E+00,0.0000E+00,0.0000E+00,14.8066E+00,14.7128E+00,15.0521E+00,26.3343E+00,24.8971E+00,27.2390E+00,-25.7114E+00,-23.5748E+00,-26.3590E+00,40.688E+00,40.641E+00,39.322E+00,+99999.9E+99,+99999.9E+99,+99999.9E+99,1.456E+00,0.28655E+03,0.28382E+03,0.30450E+03,0.87487E+03,0.51970E+03,0.52267E+03,0.53430E+03,1.57666E+03,0.43443E+03,0.41604E+03,0.44114E+03,1.29161E+03,0.59836E+03,0.59378E+03,0.60806E+03,1.80010E+03,-0.32653E+03,-0.30419E+03,-0.31919E+03,-0.94991E+03,-0.29657E+03,-0.28176E+03,-0.29028E+03,-0.86861E+03,-0.65959E+00,-0.68219E+00,-0.69026E+00,-0.67735E+00,-0.86853E+00,-0.88024E+00,-0.87870E+00,-0.87588E+00,0.000E+00,120.084E+00,-119.941E+00,59.723E+00,178.364E+00,-61.389E+00,-48.731E+00,-46.985E+00,-46.349E+00,-47.363E+00,201.756E+00,202.104E+00,202.388E+00,91.670E+00,+99999.9E+99,+99999.9E+99,0.00007E+06,-0.00052E+06,0.00000E+00,10.129E+00,0.756E+03,0.00080E+06,43.787E+00,F0F0F
2021/11/30,17:33:45,00000:00:10,400,38003F00,700,1C00,1C00,3800,99.929E+00,0.000E+00,0.000E+00,110.991E+00,0.000E+00,0.000E+00,0.519E+00,0.000E+00,0.000E+00,99.927E+00,0.000E+00,0.000E+00,0.000E+00,0.000E+00,0.000E+00,100.971E+00,0.000E+00,0.000E+00,98.814E+00,0.000E+00,0.000E+00,23.907E+00,+99999.9E+99,360.559E+00,1.079E+00,+99999.9E+99,+99999.9E+99,11.8132E+00,0.00000E+00,0.00000E+00,12.0505E+00,0.00000E+00,0.00000E+00,4.6740E+00,0.00000E+00,0.00000E+00,10.8492E+00,0.00000E+00,0.00000E+00,4.6235E+00,0.00000E+00,0.00000E+00,18.2633E+00,0.0000E+00,0.0000E+00,4.2686E+00,0.0000E+00,0.0000E+00,11.251E+00,+99999.9E+99,+99999.9E+99,64.496E+00,+99999.9E+99,+99999.9E+99,1.08197E+03,0.00000E+03,0.00000E+03,0.00000E+03,0.00000E+03,0.00000E+03,1.18048E+03,0.00000E+03,0.00000E+03,0.00000E+03,0.00000E+03,0.00000E+03,0.47210E+03,0.00000E+03,0.00000E+03,0.00000E+03,0.00000E+03,0.00000E+03,0.91655E+00,0.00000E+00,0.00000E+00,0.90151E+00,0.34293E+00,0.46887E+00,0.000E+00,-90.319E+00,153.599E+00,154.357E+00,159.626E+00,-144.362E+00,23.574E+00,90.000E+00,90.000E+00,12.6057E+00,0.00000E+00,0.00000E+00,97.820E+00,100.000E+00,100.000E+00,0.02359E+03,0.00000E+03,0.00000E+03,+99999.9E+99,+99999.9E+99,+99999.9E+99,+99999.9E+99,+99999.9E+99,+99999.9E+99,+99999.9E+99,+99999.9E+99,+99999.9E+99,+99999.9E+99,+99999.9E+99,+99999.9E+99,1B00,0,0,0,1B00,76.5300E+00,76.9969E+00,77.0158E+00,76.8476E+00,71.8740E+00,72.7814E+00,72.7880E+00,72.4812E+00,76.5300E+00,76.9969E+00,77.0158E+00,0.0000E+00,0.0000E+00,0.0000E+00,73.0124E+00,73.0032E+00,72.8910E+00,105.793E+00,106.149E+00,105.856E+00,-104.570E+00,-104.791E+00,-104.504E+00,15.550E+00,15.370E+00,15.479E+00,+99999.9E+99,+99999.9E+99,+99999.9E+99,0.108E+00,11.7493E+00,11.4949E+00,11.3026E+00,11.5156E+00,10.1455E+00,9.9987E+00,9.7106E+00,9.9516E+00,11.7482E+00,11.4889E+00,11.2900E+00,-0.1596E+00,-0.3738E+00,0.5345E+00,5.2971E+00,5.2143E+00,5.6207E+00,27.6310E+00,27.1771E+00,28.4681E+00,-26.7633E+00,-27.0033E+00,-26.0786E+00,57.820E+00,56.959E+00,52.866E+00,+99999.9E+99,+99999.9E+99,+99999.9E+99,3.508E+00,0.36398E+03,0.34465E+03,0.34975E+03,1.05838E+03,0.18886E+03,0.19512E+03,0.20242E+03,0.58640E+03,0.52465E+03,0.51244E+03,0.50639E+03,1.54349E+03,0.21792E+03,0.21770E+03,0.22914E+03,0.66455E+03,-0.37787E+03,-0.37923E+03,-0.36621E+03,-1.12330E+03,-0.10872E+03,-0.09654E+03,-0.10739E+03,-0.31265E+03,-0.69375E+00,-0.67256E+00,-0.69067E+00,-0.68570E+00,-0.86667E+00,-0.89629E+00,-0.88337E+00,-0.88241E+00,0.000E+00,120.102E+00,-119.959E+00,59.919E+00,176.380E+00,-61.956E+00,-46.073E+00,-47.735E+00,-46.317E+00,-46.709E+00,201.899E+00,201.293E+00,201.283E+00,92.896E+00,+99999.9E+99,+99999.9E+99,0.00008E+06,-0.00064E+06,0.00000E+00,12.417E+00,0.756E+03,0.00098E+06,43.822E+00,F0F0F
2021/11/30,17:33:45,00000:00:10,450,38003F00,500,1F00,1F00,3F00,99.929E+00,0.000E+00,0.000E+00,110.991E+00,0.000E+00,0.000E+00,0.519E+00,0.000E+00,0.000E+00,99.927E+00,0.000E+00,0.000E+00,0.000E+00,0.000E+00,0.000E+00,100.971E+00,0.000E+00,0.000E+00,98.814E+00,0.000E+00,0.000E+00,23.424E+00,+99999.9E+99,479.227E+00,1.079E+00,+99999.9E+99,+99999.9E+99,11.8132E+00,0.00000E+00,0.00000E+00,12.0505E+00,0.00000E+00,0.00000E+00,4.6740E+00,0.00000E+00,0.00000E+00,10.8492E+00,0.00000E+00,0.00000E+00,4.6484E+00,0.00000E+00,0.00000E+00,18.2633E+00,0.0000E+00,0.0000E+00,4.2686E+00,0.0000E+00,0.0000E+00,10.726E+00,+99999.9E+99,+99999.9E+99,64.496E+00,+99999.9E+99,+99999.9E+99,1.08197E+03,0.00000E+03,0.00000E+03,0.00000E+03,0.00000E+03,0.00000E+03,1.18048E+03,0.00000E+03,0.00000E+03,0.00000E+03,0.00000E+03,0.00000E+03,0.47210E+03,0.00000E+03,0.00000E+03,0.00000E+03,0.00000E+03,0.00000E+03,0.91655E+00,0.00000E+00,0.00000E+00,0.90445E+00,0.34820E+00,0.86381E+00,0.000E+00,-82.703E+00,116.384E+00,154.749E+00,166.920E+00,-33.364E+00,23.574E+00,90.000E+00,90.000E+00,12.6057E+00,0.00000E+00,0.00000E+00,113.483E+00,100.000E+00,100.000E+00,-0.14588E+03,0.00000E+03,0.00000E+03,+99999.9E+99,+99999.9E+99,+99999.9E+99,+99999.9E+99,+99999.9E+99,+99999.9E+99,+99999.9E+99,+99999.9E+99,+99999.9E+99,+99999.9E+99,+99999.9E+99,+99999.9E+99,1B00,0,0,0,1B00,77.0198E+00,77.2256E+00,77.0772E+00,77.1075E+00,71.9914E+00,72.4878E+00,72.1435E+00,72.2075E+00,77.0198E+00,77.2256E+00,77.0772E+00,0.0000E+00,0.0000E+00,0.0000E+00,71.0047E+00,71.6885E+00,71.4814E+00,105.664E+00,105.940E+00,105.693E+00,-105.146E+00,-104.599E+00,-104.720E+00,30.367E+00,30.524E+00,30.458E+00,+99999.9E+99,+99999.9E+99,+99999.9E+99,0.560E+00,12.9527E+00,12.6128E+00,12.8207E+00,12.7954E+00,11.8917E+00,11.6032E+00,11.7192E+00,11.7380E+00,12.9518E+00,12.6118E+00,12.8169E+00,-0.1502E+00,-0.1604E+00,0.3116E+00,12.4732E+00,11.3244E+00,11.4843E+00,27.6186E+00,27.1067E+00,28.4810E+00,-26.2476E+00,-27.0905E+00,-26.4486E+00,40.864E+00,44.278E+00,44.066E+00,+99999.9E+99,+99999.9E+99,+99999.9E+99,6.011E+00,0.41117E+03,0.40043E+03,0.41625E+03,1.22784E+03,0.44774E+03,0.39742E+03,0.42537E+03,1.27053E+03,0.58222E+03,0.56687E+03,0.57649E+03,1.72557E+03,0.50224E+03,0.46088E+03,0.46518E+03,1.42679E+03,-0.41221E+03,-0.40124E+03,-0.39884E+03,-1.21229E+03,-0.22755E+03,-0.23338E+03,-0.18828E+03,-0.64922E+03,-0.70621E+00,-0.70639E+00,-0.72204E+00,-0.71156E+00,-0.89148E+00,-0.86231E+00,-0.91442E+00,-0.89048E+00,0.000E+00,119.881E+00,-119.590E+00,57.255E+00,-179.794E+00,-65.931E+00,-45.072E+00,-45.058E+00,-43.777E+00,-44.638E+00,201.403E+00,202.214E+00,201.965E+00,90.486E+00,+99999.9E+99,+99999.9E+99,0.00012E+06,-0.00071E+06,0.00000E+00,14.011E+00,0.757E+03,0.00111E+06,43.604E+00,F0F08
2021/11/30,17:33:45,00000:00:10,500,38003F00,500,1F00,1F00,3F00,99.929E+00,0.000E+00,0.000E+00,110.991E+00,0.000E+00,0.000E+00,0.519E+00,0.000E+00,0.000E+00,99.927E+00,0.000E+00,0.000E+00,0.000E+00,0.000E+00,0.000E+00,100.971E+00,0.000E+00,0.000E+00,98.814E+00,0.000E+00,0.000E+00,23.424E+00,+99999.9E+99,479.227E+00,1.079E+00,+99999.9E+99,+99999.9E+99,11.8132E+00,0.00000E+00,0.00000E+00,12.0505E+00,0.00000E+00,0.00000E+00,4.6740E+00,0.00000E+00,0.00000E+00,10.8492E+00,0.00000E+00,0.00000E+00,4.6484E+00,0.00000E+00,0.00000E+00,18.2633E+00,0.0000E+00,0.0000E+00,4.2686E+00,0.0000E+00,0.0000E+00,10.726E+00,+99999.9E+99,+99999.9E+99,64.496E+00,+99999.9E+99,+99999.9E+99,1.08197E+03,0.00000E+03,0.00000E+03,0.00000E+03,0.00000E+03,0.00000E+03,1.18048E+03,0.00000E+03,0.00000E+03,0.00000E+03,0.00000E+03,0.00000E+03,0.47210E+03,0.00000E+03,0.00000E+03,0.00000E+03,0.00000E+03,0.00000E+03,0.91655E+00,0.00000E+00,0.00000E+00,0.90445E+00,0.34820E+00,0.86381E+00,0.000E+00,-82.703E+00,116.384E+00,154.749E+00,166.920E+00,-33.364E+00,23.574E+00,90.000E+00,90.000E+00,12.6057E+00,0.00000E+00,0.00000E+00,81.087E+00,100.000E+00,100.000E+00,0.20463E+03,0.00000E+03,0.00000E+03,+99999.9E+99,+99999.9E+99,+99999.9E+99,+99999.9E+99,+99999.9E+99,+99999.9E+99,+99999.9E+99,+99999.9E+99,+99999.9E+99,+99999.9E+99,+99999.9E+99,+99999.9E+99,1B00,0,0,0,1B00,76.7152E+00,76.6689E+00,76.3858E+00,76.5900E+00,72.5959E+00,72.7065E+00,72.0579E+00,72.4534E+00,76.7152E+00,76.6689E+00,76.3858E+00,0.0000E+00,0.0000E+00,0.0000E+00,71.3064E+00,71.1977E+00,71.0465E+00,105.830E+00,106.060E+00,105.643E+00,-104.214E+00,-104.977E+00,-104.137E+00,31.836E+00,31.128E+00,31.731E+00,+99999.9E+99,+99999.9E+99,+99999.9E+99,0.218E+00,9.7606E+00,9.3393E+00,9.9432E+00,9.6810E+00,8.4602E+00,8.0988E+00,8.4986E+00,8.3525E+00,9.7599E+00,9.3393E+00,9.9432E+00,-0.1149E+00,0.0000E+00,0.0000E+00,11.7400E+00,11.7512E+00,12.3387E+00,26.4157E+00,24.7619E+00,27.1476E+00,-25.5776E+00,-23.1986E+00,-26.6552E+00,45.062E+00,43.987E+00,41.970E+00,+99999.9E+99,+99999.9E+99,+99999.9E+99,3.325E+00,0.28742E+03,0.28486E+03,0.30506E+03,0.87734E+03,0.40478E+03,0.42558E+03,0.43183E+03,1.26219E+03,0.43426E+03,0.41576E+03,0.44120E+03,1.29123E+03,0.47128E+03,0.47928E+03,0.49707E+03,1.44719E+03,-0.32554E+03,-0.30284E+03,-0.31874E+03,-0.94713E+03,-0.24135E+03,-0.22045E+03,-0.24617E+03,-0.70797E+03,-0.66185E+00,-0.68514E+00,-0.69143E+00,-0.67946E+00,-0.85891E+00,-0.88794E+00,-0.86875E+00,-0.87217E+00,0.000E+00,120.193E+00,-119.986E+00,60.750E+00,177.507E+00,-60.175E+00,-48.559E+00,-46.753E+00,-46.256E+00,-47.199E+00,202.301E+00,201.641E+00,201.938E+00,91.589E+00,+99999.9E+99,+99999.9E+99,0.00007E+06,-0.00052E+06,0.00000E+00,10.143E+00,0.756E+03,0.00080E+06,43.909E+00,F0F08
2021/11/30,17:33:45,00000:00:10,550,38003F00,700,1F00,1F00,3F00,99.929E+00,0.000E+00,0.000E+00,110.991E+00,0.000E+00,0.000E+00,0.519E+00,0.000E+00,0.000E+00,99.927E+00,0.000E+00,0.000E+00,0.000E+00,0.000E+00,0.000E+00,100.971E+00,0.000E+00,0.000E+00,98.814E+00,0.000E+00,0.000E+00,76.001E+00,450.348E+00,+99999.9E+99,1.079E+00,+99999.9E+99,+99999.9E+99,11.8132E+00,0.00000E+00,0.00000E+00,12.0505E+00,0.00000E+00,0.00000E+00,4.6740E+00,0.00000E+00,0.00000E+00,10.8492E+00,0.00000E+00,0.00000E+00,3.8635E+00,0.00000E+00,0.00000E+00,18.2633E+00,0.0000E+00,0.0000E+00,4.2686E+00,0.0000E+00,0.0000E+00,56.143E+00,+99999.9E+99,+99999.9E+99,64.496E+00,+99999.9E+99,+99999.9E+99,1.08197E+03,0.00000E+03,0.00000E+03,0.00000E+03,0.00000E+03,0.00000E+03,1.18048E+03,0.00000E+03,0.00000E+03,0.00000E+03,0.00000E+03,0.00000E+03,0.47210E+03,0.00000E+03,0.00000E+03,0.00000E+03,0.00000E+03,0.00000E+03,0.91655E+00,0.00000E+00,0.00000E+00,0.87130E+00,0.52415E+00,0.98119E+00,0.000E+00,-75.946E+00,122.879E+00,150.610E+00,-134.336E+00,111.748E+00,23.574E+00,90.000E+00,90.000E+00,12.6057E+00,0.00000E+00,0.00000E+00,95.641E+00,100.000E+00,100.000E+00,0.04716E+03,0.00000E+03,0.00000E+03,+99999.9E+99,+99999.9E+99,+99999.9E+99,+99999.9E+99,+99999.9E+99,+99999.9E+99,+99999.9E+99,+99999.9E+99,+99999.9E+99,+99999.9E+99,+99999.9E+99,+99999.9E+99,1B00,0,0,0,1B00,76.5114E+00,77.0343E+00,77.0440E+00,76.8632E+00,71.7919E+00,72.7484E+00,72.7638E+00,72.4347E+00,76.5114E+00,77.0343E+00,77.0440E+00,0.0000E+00,0.0000E+00,0.0000E+00,73.1141E+00,73.2273E+00,73.1172E+00,105.751E+00,106.210E+00,105.846E+00,-104.006E+00,-104.713E+00,-104.363E+00,13.958E+00,13.747E+00,14.082E+00,+99999.9E+99,+99999.9E+99,+99999.9E+99,0.099E+00,11.6018E+00,11.4038E+00,11.1924E+00,11.3993E+00,9.9828E+00,9.8659E+00,9.5646E+00,9.8044E+00,11.6009E+00,11.3968E+00,11.1790E+00,-0.1457E+00,-0.3999E+00,0.5467E+00,4.8548E+00,4.6067E+00,4.8430E+00,27.5762E+00,27.0871E+00,28.6005E+00,-26.3576E+00,-27.1924E+00,-26.1252E+00,58.206E+00,59.569E+00,56.076E+00,+99999.9E+99,+99999.9E+99,+99999.9E+99,2.728E+00,0.35574E+03,0.33767E+03,0.34139E+03,1.03481E+03,0.17518E+03,0.17101E+03,0.18055E+03,0.52674E+03,0.51766E+03,0.50839E+03,0.50187E+03,1.52792E+03,0.20079E+03,0.19329E+03,0.20184E+03,0.59580E+03,-0.37606E+03,-0.38005E+03,-0.36786E+03,-1.12397E+03,-0.09813E+03,-0.09008E+03,-0.09022E+03,-0.27843E+03,-0.68721E+00,-0.66419E+00,-0.68025E+00,-0.67726E+00,-0.87244E+00,-0.88476E+00,-0.89453E+00,-0.88409E+00,0.000E+00,120.046E+00,-119.903E+00,59.305E+00,177.776E+00,-63.351E+00,-46.590E+00,-48.380E+00,-47.137E+00,-47.370E+00,201.208E+00,201.933E+00,201.672E+00,93.358E+00,+99999.9E+99,+99999.9E+99,0.00007E+06,-0.00063E+06,0.00000E+00,12.196E+00,0.756E+03,0.00097E+06,43.611E+00,F0F08
2021/11/30,17:33:45,00000:00:10,600,38003F00,2800,3B00,3B00,3F00,99.989E+00,0.000E+00,0.000E+00,111.059E+00,0.000E+00,0.000E+00,0.500E+00,0.000E+00,0.000E+00,99.988E+00,0.000E+00,0.000E+00,0.000E+00,0.000E+00,0.000E+00,100.936E+00,0.000E+00,0.000E+00,98.804E+00,0.000E+00,0.000E+00,76.001E+00,450.348E+00,+99999.9E+99,1.066E+00,+99999.9E+99,+99999.9E+99,11.4766E+00,0.00000E+00,0.00000E+00,11.6751E+00,0.00000E+00,0.00000E+00,4.6073E+00,0.00000E+00,0.00000E+00,10.5112E+00,0.00000E+00,0.00000E+00,3.8635E+00,0.00000E+00,0.00000E+00,18.3057E+00,0.0000E+00,0.0000E+00,4.1793E+00,0.0000E+00,0.0000E+00,56.143E+00,+99999.9E+99,+99999.9E+99,67.197E+00,+99999.9E+99,+99999.9E+99,1.04894E+03,0.00000E+03,0.00000E+03,0.00000E+03,0.00000E+03,0.00000E+03,1.14754E+03,0.00000E+03,0.00000E+03,0.00000E+03,0.00000E+03,0.00000E+03,0.46537E+03,0.00000E+03,0.00000E+03,0.00000E+03,0.00000E+03,0.00000E+03,0.91408E+00,0.00000E+00,0.00000E+00,0.87130E+00,0.52415E+00,0.98119E+00,0.000E+00,-75.946E+00,122.879E+00,150.610E+00,-134.336E+00,111.748E+00,23.925E+00,90.000E+00,90.000E+00,0.00000E+00,0.00000E+00,0.00000E+00,123.468E+00,100.000E+00,100.000E+00,-0.24616E+03,0.00000E+03,0.00000E+03,+99999.9E+99,+99999.9E+99,+99999.9E+99,+99999.9E+99,+99999.9E+99,+99999.9E+99,+99999.9E+99,+99999.9E+99,+99999.9E+99,+99999.9E+99,+99999.9E+99,+99999.9E+99,1B00,0,0,0,1B00,77.2053E+00,77.2314E+00,76.9833E+00,77.1400E+00,72.2177E+00,72.4207E+00,71.8507E+00,72.1630E+00,77.2053E+00,77.2314E+00,76.9833E+00,0.0000E+00,0.0000E+00,0.0000E+00,70.4874E+00,71.0219E+00,70.9197E+00,105.400E+00,105.589E+00,105.539E+00,-104.261E+00,-104.739E+00,-104.459E+00,34.508E+00,34.678E+00,34.549E+00,+99999.9E+99,+99999.9E+99,+99999.9E+99,0.465E+00,13.6031E+00,13.1811E+00,13.5657E+00,13.4500E+00,12.5172E+00,12.1061E+00,12.4644E+00,12.3626E+00,13.6022E+00,13.1811E+00,13.5642E+00,-0.1494E+00,0.0000E+00,0.2003E+00,13.9976E+00,13.1301E+00,13.0821E+00,27.7414E+00,27.1281E+00,28.6286E+00,-26.4629E+00,-27.2224E+00,-26.7214E+00,39.880E+00,41.921E+00,42.501E+00,+99999.9E+99,+99999.9E+99,+99999.9E+99,4.212E+00,0.42910E+03,0.42174E+03,0.44426E+03,1.29510E+03,0.49892E+03,0.45805E+03,0.48064E+03,1.43761E+03,0.61264E+03,0.59385E+03,0.60998E+03,1.81647E+03,0.56346E+03,0.53051E+03,0.53356E+03,1.62668E+03,-0.43727E+03,-0.41809E+03,-0.41798E+03,-1.27333E+03,-0.26185E+03,-0.26764E+03,-0.23167E+03,-0.76116E+03,-0.70041E+00,-0.71017E+00,-0.72833E+00,-0.71298E+00,-0.88545E+00,-0.86342E+00,-0.90082E+00,-0.88377E+00,0.000E+00,119.848E+00,-119.700E+00,57.944E+00,-179.905E+00,-64.168E+00,-45.540E+00,-44.751E+00,-43.254E+00,-44.522E+00,202.103E+00,201.538E+00,201.735E+00,89.668E+00,+99999.9E+99,+99999.9E+99,0.00013E+06,-0.00074E+06,0.00000E+00,14.644E+00,0.757E+03,0.00116E+06,43.797E+00,F0F08
2021/11/30,17:33:45,00000:00:10,650,38003D00,2D00,3C00,3C00,3800,99.989E+00,0.000E+00,0.000E+00,111.059E+00,0.000E+00,0.000E+00,0.500E+00,0.000E+00,0.000E+00,99.988E+00,0.000E+00,0.000E+00,0.000E+00,0.000E+00,0.000E+00,100.936E+00,0.000E+00,0.000E+00,98.804E+00,0.000E+00,0.000E+00,39.738E+00,+99999.9E+99,+99999.9E+99,1.066E+00,+99999.9E+99,+99999.9E+99,11.4766E+00,0.00000E+00,0.00000E+00,11.6751E+00,0.00000E+00,0.00000E+00,4.6073E+00,0.00000E+00,0.00000E+00,10.5112E+00,0.00000E+00,0.00000E+00,4.2534E+00,0.00000E+00,0.00000E+00,18.3057E+00,0.0000E+00,0.0000E+00,4.1793E+00,0.0000E+00,0.0000E+00,41.655E+00,+99999.9E+99,+99999.9E+99,67.197E+00,+99999.9E+99,+99999.9E+99,1.04894E+03,0.00000E+03,0.00000E+03,0.00000E+03,0.00000E+03,0.00000E+03,1.14754E+03,0.00000E+03,0.00000E+03,0.00000E+03,0.00000E+03,0.00000E+03,0.46537E+03,0.00000E+03,0.00000E+03,0.00000E+03,0.00000E+03,0.00000E+03,0.91408E+00,0.00000E+00,0.00000E+00,0.93546E+00,0.41313E+00,0.63842E+00,0.000E+00,170.171E+00,157.206E+00,159.302E+00,-75.427E+00,-152.468E+00,23.925E+00,90.000E+00,90.000E+00,0.00000E+00,0.00000E+00,0.00000E+00,69.657E+00,100.000E+00,100.000E+00,0.31828E+03,0.00000E+03,0.00000E+03,+99999.9E+99,+99999.9E+99,+99999.9E+99,+99999.9E+99,+99999.9E+99,+99999.9E+99,+99999.9E+99,+99999.9E+99,+99999.9E+99,+99999.9E+99,+99999.9E+99,+99999.9E+99,1B00,0,0,0,1B00,76.2261E+00,76.6178E+00,76.4891E+00,76.4443E+00,71.9885E+00,72.7224E+00,72.4743E+00,72.3951E+00,76.2261E+00,76.6178E+00,76.4891E+00,0.0000E+00,0.0000E+00,0.0000E+00,71.9210E+00,71.7500E+00,71.6780E+00,105.917E+00,106.106E+00,105.737E+00,-104.090E+00,-104.714E+00,-105.151E+00,27.080E+00,26.099E+00,26.882E+00,+99999.9E+99,+99999.9E+99,+99999.9E+99,0.203E+00,8.0008E+00,7.9568E+00,7.9022E+00,7.9533E+00,7.0615E+00,7.0186E+00,6.9488E+00,7.0096E+00,8.0001E+00,7.9560E+00,7.8990E+00,-0.1077E+00,-0.1153E+00,0.2240E+00,9.7125E+00,9.8989E+00,10.2469E+00,22.2524E+00,20.9852E+00,20.6614E+00,-18.8219E+00,-18.7567E+00,-19.7729E+00,48.416E+00,45.970E+00,44.514E+00,+99999.9E+99,+99999.9E+99,+99999.9E+99,4.317E+00,0.24520E+03,0.23951E+03,0.24596E+03,0.73066E+03,0.33525E+03,0.35961E+03,0.36310E+03,1.05796E+03,0.35341E+03,0.35179E+03,0.35047E+03,1.05567E+03,0.39013E+03,0.40191E+03,0.41890E+03,1.21032E+03,-0.25452E+03,-0.25766E+03,-0.24967E+03,-0.76184E+03,-0.19952E+03,-0.17947E+03,-0.20888E+03,-0.58787E+03,-0.69380E+00,-0.68084E+00,-0.70180E+00,-0.69214E+00,-0.85933E+00,-0.89476E+00,-0.86681E+00,-0.87412E+00,0.000E+00,120.146E+00,-120.043E+00,60.680E+00,176.634E+00,-60.020E+00,-46.069E+00,-47.091E+00,-45.429E+00,-46.201E+00,201.538E+00,201.768E+00,201.711E+00,96.109E+00,+99999.9E+99,+99999.9E+99,0.00003E+06,-0.00046E+06,0.00000E+00,8.878E+00,0.755E+03,0.00070E+06,43.781E+00,F0F08
2021/11/30,17:33:45,00000:00:10,700,38003F00,2800,3B00,3B00,3F00,99.822E+00,0.000E+00,0.000E+00,110.872E+00,0.000E+00,0.000E+00,0.534E+00,0.000E+00,0.000E+00,99.820E+00,0.000E+00,0.000E+00,0.000E+00,0.000E+00,0.000E+00,100.993E+00,0.000E+00,0.000E+00,98.796E+00,0.000E+00,0.000E+00,39.738E+00,+99999.9E+99,+99999.9E+99,1.100E+00,+99999.9E+99,+99999.9E+99,12.2793E+00,0.00000E+00,0.00000E+00,12.6038E+00,0.00000E+00,0.00000E+00,4.6924E+00,0.00000E+00,0.00000E+00,11.3474E+00,0.00000E+00,0.00000E+00,4.2534E+00,0.00000E+00,0.00000E+00,18.3936E+00,0.0000E+00,0.0000E+00,3.5269E+00,0.0000E+00,0.0000E+00,41.655E+00,+99999.9E+99,+99999.9E+99,65.507E+00,+99999.9E+99,+99999.9E+99,1.13044E+03,0.00000E+03,0.00000E+03,0.00000E+03,0.00000E+03,0.00000E+03,1.22574E+03,0.00000E+03,0.00000E+03,0.00000E+03,0.00000E+03,0.00000E+03,-0.47385E+03,0.00000E+03,0.00000E+03,0.00000E+03,0.00000E+03,0.00000E+03,-0.92225E+00,0.00000E+00,0.00000E+00,0.93546E+00,0.41313E+00,0.63842E+00,0.000E+00,170.171E+00,157.206E+00,159.302E+00,-75.427E+00,-152.468E+00,-22.742E+00,90.000E+00,90.000E+00,9.32437E+00,0.00000E+00,0.00000E+00,113.053E+00,100.000E+00,100.000E+00,-0.14755E+03,0.00000E+03,0.00000E+03,+99999.9E+99,+99999.9E+99,+99999.9E+99,+99999.9E+99,+99999.9E+99,+99999.9E+99,+99999.9E+99,+99999.9E+99,+99999.9E+99,+99999.9E+99,+99999.9E+99,+99999.9E+99,1B00,0,0,0,1B00,77.0448E+00,77.1795E+00,77.0913E+00,77.1052E+00,72.1299E+00,72.5689E+00,72.2803E+00,72.3263E+00,77.0448E+00,77.1795E+00,77.0913E+00,0.0000E+00,0.0000E+00,0.0000E+00,72.6522E+00,73.0785E+00,72.9497E+00,105.664E+00,105.994E+00,105.737E+00,-104.559E+00,-105.150E+00,-104.709E+00,15.666E+00,15.581E+00,15.972E+00,+99999.9E+99,+99999.9E+99,+99999.9E+99,0.353E+00,13.5304E+00,13.0671E+00,13.2743E+00,13.2906E+00,12.3266E+00,11.8502E+00,11.9158E+00,12.0309E+00,13.5293E+00,13.0634E+00,13.2654E+00,-0.1733E+00,-0.3122E+00,0.4866E+00,6.0153E+00,5.3449E+00,5.1955E+00,27.7529E+00,27.2181E+00,28.7176E+00,-26.5419E+00,-27.1238E+00,-26.8467E+00,52.644E+00,57.718E+00,58.760E+00,+99999.9E+99,+99999.9E+99,+99999.9E+99,7.801E+00,0.43412E+03,0.41312E+03,0.43076E+03,1.27800E+03,0.21079E+03,0.18030E+03,0.19662E+03,0.58771E+03,0.60907E+03,0.58705E+03,0.59643E+03,1.79254E+03,0.24028E+03,0.21480E+03,0.21630E+03,0.67025E+03,-0.42721E+03,-0.41709E+03,-0.41252E+03,-1.25681E+03,-0.11533E+03,-0.11675E+03,-0.09015E+03,-0.32222E+03,-0.71276E+00,-0.70372E+00,-0.72224E+00,-0.71295E+00,-0.87727E+00,-0.83940E+00,-0.90901E+00,-0.87686E+00,0.000E+00,119.921E+00,-119.743E+00,58.882E+00,-177.215E+00,-65.250E+00,-44.540E+00,-45.274E+00,-43.760E+00,-44.524E+00,201.468E+00,201.176E+00,201.457E+00,90.621E+00,+99999.9E+99,+99999.9E+99,0.00012E+06,-0.00075E+06,0.00000E+00,14.625E+00,0.756E+03,0.00116E+06,43.698E+00,F0F08
2021/11/30,17:33:45,00000:00:10,750,38003F00,0,1B00,1B00,3F00,99.923E+00,0.000E+00,0.000E+00,110.985E+00,0.000E+00,0.000E+00,0.523E+00,0.000E+00,0.000E+00,99.922E+00,0.000E+00,0.000E+00,0.000E+00,0.000E+00,0.000E+00,100.925E+00,0.000E+00,0.000E+00,98.775E+00,0.000E+00,0.000E+00,98.405E+00,+99999.9E+99,+99999.9E+99,1.076E+00,+99999.9E+99,+99999.9E+99,11.8823E+00,0.00000E+00,0.00000E+00,12.1167E+00,0.00000E+00,0.00000E+00,4.7102E+00,0.00000E+00,0.00000E+00,10.9089E+00,0.00000E+00,0.00000E+00,3.2023E+00,0.00000E+00,0.00000E+00,18.3405E+00,0.0000E+00,0.0000E+00,4.2243E+00,0.0000E+00,0.0000E+00,100.964E+00,+99999.9E+99,+99999.9E+99,64.700E+00,+99999.9E+99,+99999.9E+99,1.08783E+03,0.00000E+03,0.00000E+03,0.00000E+03,0.00000E+03,0.00000E+03,1.18732E+03,0.00000E+03,0.00000E+03,0.00000E+03,0.00000E+03,0.00000E+03,0.47576E+03,0.00000E+03,0.00000E+03,0.00000E+03,0.00000E+03,0.00000E+03,0.91621E+00,0.00000E+00,0.00000E+00,0.84228E+00,0.66211E+00,0.19145E+00,0.000E+00,35.881E+00,149.548E+00,147.381E+00,-95.580E+00,-131.489E+00,23.622E+00,90.000E+00,90.000E+00,12.6006E+00,0.00000E+00,0.00000E+00,99.376E+00,100.000E+00,100.000E+00,0.00679E+03,0.00000E+03,0.00000E+03,+99999.9E+99,+99999.9E+99,+99999.9E+99,+99999.9E+99,+99999.9E+99,+99999.9E+99,+99999.9E+99,+99999.9E+99,+99999.9E+99,+99999.9E+99,+99999.9E+99,+99999.9E+99,1B00,0,0,0,1B00,76.7243E+00,77.0615E+00,76.8090E+00,76.8649E+00,71.9632E+00,72.5850E+00,72.1109E+00,72.2197E+00,76.7243E+00,77.0615E+00,76.8090E+00,0.0000E+00,0.0000E+00,0.0000E+00,69.9519E+00,70.1829E+00,70.0832E+00,105.416E+00,105.929E+00,105.569E+00,-104.551E+00,-104.674E+00,-106.760E+00,39.285E+00,38.982E+00,39.067E+00,+99999.9E+99,+99999.9E+99,+99999.9E+99,0.196E+00,11.9425E+00,11.7780E+00,12.0565E+00,11.9257E+00,10.3999E+00,10.3211E+00,10.5152E+00,10.4121E+00,11.9418E+00,11.7780E+00,12.0561E+00,-0.1367E+00,0.0000E+00,0.1002E+00,15.5053E+00,15.0817E+00,15.3016E+00,27.6995E+00,27.3586E+00,28.5948E+00,-26.2695E+00,-27.0129E+00,-26.8995E+00,39.299E+00,40.246E+00,39.223E+00,+99999.9E+99,+99999.9E+99,+99999.9E+99,1.689E+00,0.35474E+03,0.35686E+03,0.36944E+03,1.08104E+03,0.54797E+03,0.53198E+03,0.54937E+03,1.62932E+03,0.53315E+03,0.52706E+03,0.54042E+03,1.60064E+03,0.62519E+03,0.60794E+03,0.61851E+03,1.85149E+03,-0.39801E+03,-0.38788E+03,-0.39442E+03,-1.18031E+03,-0.30099E+03,-0.29425E+03,-0.28415E+03,-0.87939E+03,-0.66536E+00,-0.67707E+00,-0.68362E+00,-0.67538E+00,-0.87648E+00,-0.87506E+00,-0.88822E+00,-0.88000E+00,0.000E+00,119.979E+00,-119.845E+00,58.890E+00,178.881E+00,-62.560E+00,-48.290E+00,-47.385E+00,-46.873E+00,-47.516E+00,201.777E+00,202.129E+00,201.630E+00,90.407E+00,+99999.9E+99,+99999.9E+99,0.00010E+06,-0.00062E+06,0.00000E+00,12.339E+00,0.756E+03,0.00098E+06,43.772E+00,F0F0F
2021/11/30,17:33:46,00000:00:10,800,38003F00,700,1F00,1F00,3F00,99.923E+00,0.000E+00,0.000E+00,110.985E+00,0.000E+00,0.000E+00,0.523E+00,0.000E+00,0.000E+00,99.922E+00,0.000E+00,0.000E+00,0.000E+00,0.000E+00,0.000E+00,100.925E+00,0.000E+00,0.000E+00,98.775E+00,0.000E+00,0.000E+00,98.405E+00,+99999.9E+99,+99999.9E+99,1.076E+00,+99999.9E+99,+99999.9E+99,11.8823E+00,0.00000E+00,0.00000E+00,12.1167E+00,0.00000E+00,0.00000E+00,4.7102E+00,0.00000E+00,0.00000E+00,10.9089E+00,0.00000E+00,0.00000E+00,3.2023E+00,0.00000E+00,0.00000E+00,18.3405E+00,0.0000E+00,0.0000E+00,4.2243E+00,0.0000E+00,0.0000E+00,100.964E+00,+99999.9E+99,+99999.9E+99,64.700E+00,+99999.9E+99,+99999.9E+99,1.08783E+03,0.00000E+03,0.00000E+03,0.00000E+03,0.00000E+03,0.00000E+03,1.18732E+03,0.00000E+03,0.00000E+03,0.00000E+03,0.00000E+03,0.00000E+03,0.47576E+03,0.00000E+03,0.00000E+03,0.00000E+03,0.00000E+03,0.00000E+03,0.91621E+00,0.00000E+00,0.00000E+00,0.84228E+00,0.66211E+00,0.19145E+00,0.000E+00,35.881E+00,149.548E+00,147.381E+00,-95.580E+00,-131.489E+00,23.622E+00,90.000E+00,90.000E+00,12.6006E+00,0.00000E+00,0.00000E+00,79.779E+00,100.000E+00,100.000E+00,0.21997E+03,0.00000E+03,0.00000E+03,+99999.9E+99,+99999.9E+99,+99999.9E+99,+99999.9E+99,+99999.9E+99,+99999.9E+99,+99999.9E+99,+99999.9E+99,+99999.9E+99,+99999.9E+99,+99999.9E+99,+99999.9E+99,1B00,0,0,0,1B00,76.5131E+00,76.6272E+00,76.5385E+00,76.5596E+00,72.4042E+00,72.8011E+00,72.4975E+00,72.5676E+00,76.5131E+00,76.6272E+00,76.5385E+00,0.0000E+00,0.0000E+00,0.0000E+00,72.7869E+00,72.6296E+00,72.5665E+00,105.757E+00,106.037E+00,105.736E+00,-104.354E+00,-103.739E+00,-104.557E+00,17.730E+00,17.306E+00,17.321E+00,+99999.9E+99,+99999.9E+99,+99999.9E+99,0.180E+00,9.6356E+00,9.1237E+00,9.2689E+00,9.3427E+00,8.3431E+00,7.9174E+00,7.9631E+00,8.0745E+00,9.6343E+00,9.1208E+00,9.2607E+00,-0.1590E+00,-0.2316E+00,0.3915E+00,5.8230E+00,6.0918E+00,6.4911E+00,26.2219E+00,24.2667E+00,25.1376E+00,-26.6881E+00,-25.4057E+00,-22.4100E+00,59.028E+00,54.882E+00,51.831E+00,+99999.9E+99,+99999.9E+99,+99999.9E+99,4.905E+00,0.29689E+03,0.27816E+03,0.29281E+03,0.86786E+03,0.20497E+03,0.22030E+03,0.22539E+03,0.65066E+03,0.42831E+03,0.40462E+03,0.41113E+03,1.24407E+03,0.24222E+03,0.24769E+03,0.26196E+03,0.75138E+03,-0.30873E+03,-0.29384E+03,-0.28860E+03,-0.89117E+03,-0.12907E+03,-0.11322E+03,-0.13350E+03,-0.37579E+03,-0.69315E+00,-0.68746E+00,-0.71221E+00,-0.69760E+00,-0.84620E+00,-0.88943E+00,-0.86039E+00,-0.86595E+00,0.000E+00,120.125E+00,-120.048E+00,62.125E+00,177.297E+00,-59.308E+00,-46.120E+00,-46.570E+00,-44.585E+00,-45.765E+00,201.873E+00,201.272E+00,202.002E+00,94.292E+00,+99999.9E+99,+99999.9E+99,0.00005E+06,-0.00054E+06,0.00000E+00,10.340E+00,0.756E+03,0.00082E+06,43.843E+00,F0F0F
2021/11/30,17:33:46,00000:00:10,850,38003D00,500,1C00,1C00,3800,99.923E+00,0.000E+00,0.000E+00,110.985E+00,0.000E+00,0.000E+00,0.523E+00,0.000E+00,0.000E+00,99.922E+00,0.000E+00,0.000E+00,0.000E+00,0.000E+00,0.000E+00,100.925E+00,0.000E+00,0.000E+00,98.775E+00,0.000E+00,0.000E+00,18.286E+00,+99999.9E+99,418.709E+00,1.076E+00,+99999.9E+99,+99999.9E+99,11.8823E+00,0.00000E+00,0.00000E+00,12.1167E+00,0.00000E+00,0.00000E+00,4.7102E+00,0.00000E+00,0.00000E+00,10.9089E+00,0.00000E+00,0.00000E+00,4.8273E+00,0.00000E+00,0.00000E+00,18.3405E+00,0.0000E+00,0.0000E+00,4.2243E+00,0.0000E+00,0.0000E+00,8.571E+00,+99999.9E+99,+99999.9E+99,64.700E+00,+99999.9E+99,+99999.9E+99,1.08783E+03,0.00000E+03,0.00000E+03,0.00000E+03,0.00000E+03,0.00000E+03,1.18732E+03,0.00000E+03,0.00000E+03,0.00000E+03,0.00000E+03,0.00000E+03,0.47576E+03,0.00000E+03,0.00000E+03,0.00000E+03,0.00000E+03,0.00000E+03,0.91621E+00,0.00000E+00,0.00000E+00,0.91764E+00,0.67159E+00,0.96973E+00,0.000E+00,78.820E+00,147.106E+00,156.584E+00,-53.369E+00,-18.760E+00,23.622E+00,90.000E+00,90.000E+00,12.6006E+00,0.00000E+00,0.00000E+00,124.759E+00,100.000E+00,100.000E+00,-0.26934E+03,0.00000E+03,0.00000E+03,+99999.9E+99,+99999.9E+99,+99999.9E+99,+99999.9E+99,+99999.9E+99,+99999.9E+99,+99999.9E+99,+99999.9E+99,+99999.9E+99,+99999.9E+99,+99999.9E+99,+99999.9E+99,1B00,0,0,0,1B00,77.0070E+00,77.4806E+00,77.3159E+00,77.2678E+00,71.7200E+00,72.6075E+00,72.3076E+00,72.2117E+00,77.0070E+00,77.4806E+00,77.3159E+00,0.0000E+00,0.0000E+00,0.0000E+00,71.7057E+00,72.2620E+00,72.0425E+00,105.653E+00,106.109E+00,105.620E+00,-105.100E+00,-104.649E+00,-104.413E+00,25.273E+00,25.683E+00,25.648E+00,+99999.9E+99,+99999.9E+99,+99999.9E+99,0.444E+00,13.9689E+00,13.6454E+00,13.7886E+00,13.8010E+00,13.0524E+00,12.8566E+00,12.8215E+00,12.9102E+00,13.9678E+00,13.6438E+00,13.7831E+00,-0.1783E+00,-0.2107E+00,0.3900E+00,10.2233E+00,9.3754E+00,9.5385E+00,27.6048E+00,27.1819E+00,28.8209E+00,-26.5671E+00,-26.9233E+00,-26.8757E+00,43.717E+00,46.507E+00,46.809E+00,+99999.9E+99,+99999.9E+99,+99999.9E+99,6.521E+00,0.45647E+03,0.44487E+03,0.45582E+03,1.35716E+03,0.37365E+03,0.32904E+03,0.35358E+03,1.05627E+03,0.62919E+03,0.61524E+03,0.62377E+03,1.86820E+03,0.41680E+03,0.37900E+03,0.38339E+03,1.17776E+03,-0.43304E+03,-0.42498E+03,-0.42581E+03,-1.28383E+03,-0.18470E+03,-0.18808E+03,-0.14820E+03,-0.52099E+03,-0.72548E+00,-0.72309E+00,-0.73075E+00,-0.72645E+00,-0.89646E+00,-0.86817E+00,-0.92226E+00,-0.89684E+00,0.000E+00,119.939E+00,-119.653E+00,56.556E+00,179.596E+00,-67.068E+00,-43.491E+00,-43.690E+00,-43.050E+00,-43.410E+00,201.344E+00,202.152E+00,201.077E+00,90.087E+00,+99999.9E+99,+99999.9E+99,0.00013E+06,-0.00078E+06,0.00000E+00,15.414E+00,0.757E+03,0.00122E+06,43.573E+00,F0F08
2021/11/30,17:33:46,00000:00:10,900,38003F00,500,1F00,1F00,3F00,99.923E+00,0.000E+00,0.000E+00,110.985E+00,0.000E+00,0.000E+00,0.523E+00,0.000E+00,0.000E+00,99.922E+00,0.000E+00,0.000E+00,0.000E+00,0.000E+00,0.000E+00,100.925E+00,0.000E+00,0.000E+00,98.775E+00,0.000E+00,0.000E+00,68.208E+00,+99999.9E+99,+99999.9E+99,1.076E+00,+99999.9E+99,+99999.9E+99,11.8823E+00,0.00000E+00,0.00000E+00,12.1167E+00,0.00000E+00,0.00000E+00,4.7102E+00,0.00000E+00,0.00000E+00,10.9089E+00,0.00000E+00,0.00000E+00,4.0089E+00,0.00000E+00,0.00000E+00,18.3405E+00,0.0000E+00,0.0000E+00,4.2243E+00,0.0000E+00,0.0000E+00,49.748E+00,+99999.9E+99,+99999.9E+99,64.700E+00,+99999.9E+99,+99999.9E+99,1.08783E+03,0.00000E+03,0.00000E+03,0.00000E+03,0.00000E+03,0.00000E+03,1.18732E+03,0.00000E+03,0.00000E+03,0.00000E+03,0.00000E+03,0.00000E+03,0.47576E+03,0.00000E+03,0.00000E+03,0.00000E+03,0.00000E+03,0.00000E+03,0.91621E+00,0.00000E+00,0.00000E+00,0.88019E+00,0.99951E+00,0.29545E+00,0.000E+00,-107.271E+00,167.416E+00,151.665E+00,-105.470E+00,94.601E+00,23.622E+00,90.000E+00,90.000E+00,12.6006E+00,0.00000E+00,0.00000E+00,80.539E+00,100.000E+00,100.000E+00,0.21170E+03,0.00000E+03,0.00000E+03,+99999.9E+99,+99999.9E+99,+99999.9E+99,+99999.9E+99,+99999.9E+99,+99999.9E+99,+99999.9E+99,+99999.9E+99,+99999.9E+99,+99999.9E+99,+99999.9E+99,+99999.9E+99,1B00,0,0,0,1B00,76.7129E+00,76.6539E+00,76.3976E+00,76.5881E+00,72.5922E+00,72.6654E+00,72.0609E+00,72.4395E+00,76.7129E+00,76.6539E+00,76.3976E+00,0.0000E+00,0.0000E+00,0.0000E+00,70.7374E+00,70.6448E+00,70.4825E+00,105.839E+00,105.976E+00,105.820E+00,-103.859E+00,-104.374E+00,-104.116E+00,35.861E+00,35.339E+00,35.808E+00,+99999.9E+99,+99999.9E+99,+99999.9E+99,0.212E+00,9.7419E+00,9.3481E+00,9.9292E+00,9.6731E+00,8.4363E+00,8.1097E+00,8.4921E+00,8.3460E+00,9.7414E+00,9.3481E+00,9.9292E+00,-0.1030E+00,0.0000E+00,0.0000E+00,13.4324E+00,13.4901E+00,14.0491E+00,26.3143E+00,24.8481E+00,27.1543E+00,-25.5448E+00,-23.5014E+00,-26.4752E+00,42.850E+00,42.054E+00,40.152E+00,+99999.9E+99,+99999.9E+99,+99999.9E+99,2.572E+00,0.28664E+03,0.28537E+03,0.30412E+03,0.87612E+03,0.46795E+03,0.48375E+03,0.49257E+03,1.44426E+03,0.43339E+03,0.41609E+03,0.44059E+03,1.29007E+03,0.54339E+03,0.54693E+03,0.56478E+03,1.65479E+03,-0.32506E+03,-0.30281E+03,-0.31880E+03,-0.94667E+03,-0.27622E+03,-0.25518E+03,-0.27633E+03,-0.80773E+03,-0.66139E+00,-0.68583E+00,-0.69025E+00,-0.67913E+00,-0.86116E+00,-0.88448E+00,-0.87214E+00,-0.87278E+00,0.000E+00,120.189E+00,-119.980E+00,60.503E+00,177.931E+00,-60.568E+00,-48.594E+00,-46.699E+00,-46.350E+00,-47.224E+00,202.387E+00,201.731E+00,202.573E+00,91.979E+00,+99999.9E+99,+99999.9E+99,0.00007E+06,-0.00052E+06,0.00000E+00,10.173E+00,0.756E+03,0.00081E+06,43.937E+00,F0F08
2021/11/30,17:33:46,00000:00:10,950,38003F00,700,1F00,1F00,3F00,99.923E+00,0.000E+00,0.000E+00,110.985E+00,0.000E+00,0.000E+00,0.523E+00,0.000E+00,0.000E+00,99.922E+00,0.000E+00,0.000E+00,0.000E+00,0.000E+00,0.000E+00,100.925E+00,0.000E+00,0.000E+00,98.775E+00,0.000E+00,0.000E+00,68.208E+00,+99999.9E+99,+99999.9E+99,1.076E+00,+99999.9E+99,+99999.9E+99,11.8823E+00,0.00000E+00,0.00000E+00,12.1167E+00,0.00000E+00,0.00000E+00,4.7102E+00,0.00000E+00,0.00000E+00,10.9089E+00,0.00000E+00,0.00000E+00,4.0089E+00,0.00000E+00,0.00000E+00,18.3405E+00,0.0000E+00,0.0000E+00,4.2243E+00,0.0000E+00,0.0000E+00,49.748E+00,+99999.9E+99,+99999.9E+99,64.700E+00,+99999.9E+99,+99999.9E+99,1.08783E+03,0.00000E+03,0.00000E+03,0.00000E+03,0.00000E+03,0.00000E+03,1.18732E+03,0.00000E+03,0.00000E+03,0.00000E+03,0.00000E+03,0.00000E+03,0.47576E+03,0.00000E+03,0.00000E+03,0.00000E+03,0.00000E+03,0.00000E+03,0.91621E+00,0.00000E+00,0.00000E+00,0.88019E+00,0.99951E+00,0.29545E+00,0.000E+00,-107.271E+00,167.416E+00,151.665E+00,-105.470E+00,94.601E+00,23.622E+00,90.000E+00,90.000E+00,12.6006E+00,0.00000E+00,0.00000E+00,94.733E+00,100.000E+00,100.000E+00,0.05730E+03,0.00000E+03,0.00000E+03,+99999.9E+99,+99999.9E+99,+99999.9E+99,+99999.9E+99,+99999.9E+99,+99999.9E+99,+99999.9E+99,+99999.9E+99,+99999.9E+99,+99999.9E+99,+99999.9E+99,+99999.9E+99,1B00,0,0,0,1B00,76.5415E+00,77.0135E+00,77.0365E+00,76.8638E+00,71.8085E+00,72.7319E+00,72.7557E+00,72.4320E+00,76.5415E+00,77.0135E+00,77.0365E+00,0.0000E+00,0.0000E+00,0.0000E+00,73.1418E+00,73.2160E+00,73.1305E+00,105.816E+00,106.133E+00,105.714E+00,-105.050E+00,-104.626E+00,-105.153E+00,13.981E+00,13.971E+00,14.126E+00,+99999.9E+99,+99999.9E+99,+99999.9E+99,0.069E+00,11.5775E+00,11.3281E+00,11.1199E+00,11.3419E+00,9.9807E+00,9.8315E+00,9.5240E+00,9.7787E+00,11.5764E+00,11.3210E+00,11.1058E+00,-0.1564E+00,-0.4025E+00,0.5600E+00,4.8204E+00,4.6181E+00,4.8164E+00,27.7186E+00,27.1095E+00,28.4548E+00,-26.5814E+00,-27.0505E+00,-26.0381E+00,58.432E+00,59.547E+00,56.581E+00,+99999.9E+99,+99999.9E+99,+99999.9E+99,2.168E+00,0.35521E+03,0.33513E+03,0.34019E+03,1.03053E+03,0.17406E+03,0.17142E+03,0.17885E+03,0.52433E+03,0.51694E+03,0.50504E+03,0.49816E+03,1.52015E+03,0.19929E+03,0.19376E+03,0.20074E+03,0.59372E+03,-0.37558E+03,-0.37783E+03,-0.36392E+03,-1.11733E+03,-0.09705E+03,-0.09033E+03,-0.09115E+03,-0.27853E+03,-0.68713E+00,-0.66357E+00,-0.68288E+00,-0.67791E+00,-0.87343E+00,-0.88469E+00,-0.89096E+00,-0.88313E+00,0.000E+00,120.042E+00,-119.932E+00,59.171E+00,177.792E+00,-62.920E+00,-46.597E+00,-48.427E+00,-46.931E+00,-47.319E+00,201.211E+00,201.980E+00,201.322E+00,93.063E+00,+99999.9E+99,+99999.9E+99,0.00007E+06,-0.00062E+06,0.00000E+00,12.105E+00,0.757E+03,0.00096E+06,43.599E+00,F0F08
2021/11/30,17:33:46,00000:00:11,0,38003F00,2800,3B00,3B00,3F00,99.985E+00,0.000E+00,0.000E+00,111.053E+00,0.000E+00,0.000E+00,0.500E+00,0.000E+00,0.000E+00,99.983E+00,0.000E+00,0.000E+00,0.000E+00,0.000E+00,0.000E+00,100.911E+00,0.000E+00,0.000E+00,98.811E+00,0.000E+00,0.000E+00,68.208E+00,+99999.9E+99,+99999.9E+99,1.050E+00,+99999.9E+99,+99999.9E+99,11.5325E+00,0.00000E+00,0.00000E+00,11.7381E+00,0.00000E+00,0.00000E+00,4.6170E+00,0.00000E+00,0.00000E+00,10.5680E+00,0.00000E+00,0.00000E+00,4.0089E+00,0.00000E+00,0.00000E+00,18.2874E+00,0.0000E+00,0.0000E+00,4.1060E+00,0.0000E+00,0.0000E+00,49.748E+00,+99999.9E+99,+99999.9E+99,67.096E+00,+99999.9E+99,+99999.9E+99,1.05456E+03,0.00000E+03,0.00000E+03,0.00000E+03,0.00000E+03,0.00000E+03,1.15308E+03,0.00000E+03,0.00000E+03,0.00000E+03,0.00000E+03,0.00000E+03,0.46636E+03,0.00000E+03,0.00000E+03,0.00000E+03,0.00000E+03,0.00000E+03,0.91456E+00,0.00000E+00,0.00000E+00,0.88019E+00,0.99951E+00,0.29545E+00,0.000E+00,-107.271E+00,167.416E+00,151.665E+00,-105.470E+00,94.601E+00,23.856E+00,90.000E+00,90.000E+00,0.00000E+00,0.00000E+00,0.00000E+00,121.150E+00,100.000E+00,100.000E+00,-0.22304E+03,0.00000E+03,0.00000E+03,+99999.9E+99,+99999.9E+99,+99999.9E+99,+99999.9E+99,+99999.9E+99,+99999.9E+99,+99999.9E+99,+99999.9E+99,+99999.9E+99,+99999.9E+99,+99999.9E+99,+99999.9E+99,1B00,0,0,0,1B00,77.1952E+00,77.2139E+00,76.9914E+00,77.1335E+00,72.1511E+00,72.3704E+00,71.8292E+00,72.1169E+00,77.1952E+00,77.2139E+00,76.9914E+00,0.0000E+00,0.0000E+00,0.0000E+00,70.4346E+00,71.0480E+00,70.9358E+00,105.413E+00,105.764E+00,105.554E+00,-104.667E+00,-104.514E+00,-104.467E+00,34.267E+00,34.181E+00,34.189E+00,+99999.9E+99,+99999.9E+99,+99999.9E+99,0.532E+00,13.5238E+00,13.0681E+00,13.4574E+00,13.3498E+00,12.4285E+00,11.9911E+00,12.3456E+00,12.2551E+00,13.5228E+00,13.0681E+00,13.4558E+00,-0.1670E+00,0.0000E+00,0.2040E+00,13.9284E+00,12.9691E+00,12.9364E+00,27.6610E+00,27.1610E+00,28.5276E+00,-26.7424E+00,-27.1514E+00,-26.5052E+00,39.971E+00,42.347E+00,42.724E+00,+99999.9E+99,+99999.9E+99,+99999.9E+99,4.651E+00,0.42419E+03,0.41496E+03,0.43846E+03,1.27760E+03,0.49327E+03,0.44849E+03,0.47453E+03,1.41628E+03,0.60917E+03,0.58840E+03,0.60473E+03,1.80230E+03,0.55943E+03,0.52299E+03,0.52751E+03,1.60889E+03,-0.43721E+03,-0.41716E+03,-0.41648E+03,-1.27085E+03,-0.26391E+03,-0.26903E+03,-0.23040E+03,-0.76334E+03,-0.69634E+00,-0.70523E+00,-0.72504E+00,-0.70887E+00,-0.88173E+00,-0.85755E+00,-0.89957E+00,-0.88028E+00,0.000E+00,119.823E+00,-119.659E+00,58.435E+00,-179.275E+00,-63.992E+00,-45.866E+00,-45.152E+00,-43.528E+00,-44.857E+00,201.701E+00,201.407E+00,201.802E+00,89.949E+00,+99999.9E+99,+99999.9E+99,0.00013E+06,-0.00073E+06,0.00000E+00,14.498E+00,0.757E+03,0.00115E+06,43.711E+00,F0F08
2021/11/30,17:33:46,00000:00:11,50,38003D00,2D00,3C00,3C00,3800,99.985E+00,0.000E+00,0.000E+00,111.053E+00,0.000E+00,0.000E+00,0.500E+00,0.000E+00,0.000E+00,99.983E+00,0.000E+00,0.000E+00,0.000E+00,0.000E+00,0.000E+00,100.911E+00,0.000E+00,0.000E+00,98.811E+00,0.000E+00,0.000E+00,37.723E+00,+99999.9E+99,479.770E+00,1.050E+00,+99999.9E+99,+99999.9E+99,11.5325E+00,0.00000E+00,0.00000E+00,11.7381E+00,0.00000E+00,0.00000E+00,4.6170E+00,0.00000E+00,0.00000E+00,10.5680E+00,0.00000E+00,0.00000E+00,4.1873E+00,0.00000E+00,0.00000E+00,18.2874E+00,0.0000E+00,0.0000E+00,4.1060E+00,0.0000E+00,0.0000E+00,42.066E+00,+99999.9E+99,+99999.9E+99,67.096E+00,+99999.9E+99,+99999.9E+99,1.05456E+03,0.00000E+03,0.00000E+03,0.00000E+03,0.00000E+03,0.00000E+03,1.15308E+03,0.00000E+03,0.00000E+03,0.00000E+03,0.00000E+03,0.00000E+03,0.46636E+03,0.00000E+03,0.00000E+03,0.00000E+03,0.00000E+03,0.00000E+03,0.91456E+00,0.00000E+00,0.00000E+00,0.93564E+00,0.32416E+00,0.80628E+00,0.000E+00,-112.746E+00,145.864E+00,159.332E+00,138.340E+00,-177.870E+00,23.856E+00,90.000E+00,90.000E+00,0.00000E+00,0.00000E+00,0.00000E+00,72.120E+00,100.000E+00,100.000E+00,0.29402E+03,0.00000E+03,0.00000E+03,+99999.9E+99,+99999.9E+99,+99999.9E+99,+99999.9E+99,+99999.9E+99,+99999.9E+99,+99999.9E+99,+99999.9E+99,+99999.9E+99,+99999.9E+99,+99999.9E+99,+99999.9E+99,1B00,0,0,0,1B00,76.2532E+00,76.6364E+00,76.5005E+00,76.4634E+00,72.0974E+00,72.8148E+00,72.5668E+00,72.4930E+00,76.2532E+00,76.6363E+00,76.5005E+00,0.0000E+00,0.0000E+00,0.0000E+00,71.8620E+00,71.7132E+00,71.6510E+00,105.691E+00,106.089E+00,105.710E+00,-104.283E+00,-105.076E+00,-104.811E+00,26.372E+00,25.402E+00,26.101E+00,+99999.9E+99,+99999.9E+99,+99999.9E+99,0.177E+00,8.1390E+00,8.0724E+00,8.0107E+00,8.0740E+00,7.2538E+00,7.2200E+00,7.1521E+00,7.2086E+00,8.1383E+00,8.0713E+00,8.0070E+00,-0.1074E+00,-0.1337E+00,0.2421E+00,9.3768E+00,9.5074E+00,9.8704E+00,22.2690E+00,20.3757E+00,20.1881E+00,-18.8148E+00,-19.2090E+00,-19.4538E+00,49.617E+00,47.398E+00,45.618E+00,+99999.9E+99,+99999.9E+99,+99999.9E+99,4.204E+00,0.25528E+03,0.24992E+03,0.25534E+03,0.76054E+03,0.31865E+03,0.34050E+03,0.34527E+03,1.00442E+03,0.35977E+03,0.35728E+03,0.35550E+03,1.07254E+03,0.37644E+03,0.38549E+03,0.40310E+03,1.16447E+03,-0.25350E+03,-0.25532E+03,-0.24735E+03,-0.75616E+03,-0.20042E+03,-0.18072E+03,-0.20804E+03,-0.58918E+03,-0.70958E+00,-0.69951E+00,-0.71827E+00,-0.70910E+00,-0.84649E+00,-0.88330E+00,-0.85652E+00,-0.86255E+00,0.000E+00,120.126E+00,-120.038E+00,62.101E+00,178.053E+00,-58.868E+00,-44.799E+00,-45.613E+00,-44.088E+00,-44.838E+00,202.232E+00,201.908E+00,201.847E+00,95.083E+00,+99999.9E+99,+99999.9E+99,0.00004E+06,-0.00047E+06,0.00000E+00,9.138E+00,0.756E+03,0.00072E+06,43.950E+00,F0F08
2021/11/30,17:33:46,00000:00:11,100,38003F00,2800,3B00,3B00,3F00,99.818E+00,0.000E+00,0.000E+00,110.869E+00,0.000E+00,0.000E+00,0.515E+00,0.000E+00,0.000E+00,99.817E+00,0.000E+00,0.000E+00,0.000E+00,0.000E+00,0.000E+00,100.900E+00,0.000E+00,0.000E+00,98.746E+00,0.000E+00,0.000E+00,37.723E+00,+99999.9E+99,479.770E+00,1.079E+00,+99999.9E+99,+99999.9E+99,12.2400E+00,0.00000E+00,0.00000E+00,12.6531E+00,0.00000E+00,0.00000E+00,4.4771E+00,0.00000E+00,0.00000E+00,11.3918E+00,0.00000E+00,0.00000E+00,4.1873E+00,0.00000E+00,0.00000E+00,18.3598E+00,0.0000E+00,0.0000E+00,4.2419E+00,0.0000E+00,0.0000E+00,42.066E+00,+99999.9E+99,+99999.9E+99,61.965E+00,+99999.9E+99,+99999.9E+99,1.13503E+03,0.00000E+03,0.00000E+03,0.00000E+03,0.00000E+03,0.00000E+03,1.22178E+03,0.00000E+03,0.00000E+03,0.00000E+03,0.00000E+03,0.00000E+03,-0.45215E+03,0.00000E+03,0.00000E+03,0.00000E+03,0.00000E+03,0.00000E+03,-0.92900E+00,0.00000E+00,0.00000E+00,0.93564E+00,0.32416E+00,0.80628E+00,0.000E+00,-112.746E+00,145.864E+00,159.332E+00,138.340E+00,-177.870E+00,-21.721E+00,90.000E+00,90.000E+00,9.32467E+00,0.00000E+00,0.00000E+00,112.109E+00,100.000E+00,100.000E+00,-0.13744E+03,0.00000E+03,0.00000E+03,+99999.9E+99,+99999.9E+99,+99999.9E+99,+99999.9E+99,+99999.9E+99,+99999.9E+99,+99999.9E+99,+99999.9E+99,+99999.9E+99,+99999.9E+99,+99999.9E+99,+99999.9E+99,1B00,0,0,0,1B00,77.0571E+00,77.1831E+00,77.1018E+00,77.1140E+00,72.1397E+00,72.5485E+00,72.2808E+00,72.3230E+00,77.0571E+00,77.1831E+00,77.1018E+00,0.0000E+00,0.0000E+00,0.0000E+00,72.6916E+00,73.0833E+00,72.9460E+00,105.710E+00,106.113E+00,105.847E+00,-104.490E+00,-104.960E+00,-104.540E+00,16.413E+00,16.629E+00,16.987E+00,+99999.9E+99,+99999.9E+99,+99999.9E+99,0.322E+00,13.4966E+00,13.0462E+00,13.2322E+00,13.2584E+00,12.2933E+00,11.8286E+00,11.8833E+00,12.0017E+00,13.4955E+00,13.0421E+00,13.2227E+00,-0.1751E+00,-0.3270E+00,0.5030E+00,6.5076E+00,5.8468E+00,5.7484E+00,27.7338E+00,27.1714E+00,28.6110E+00,-26.4848E+00,-27.2800E+00,-26.7400E+00,49.192E+00,53.580E+00,54.287E+00,+99999.9E+99,+99999.9E+99,+99999.9E+99,6.681E+00,0.43253E+03,0.41132E+03,0.42862E+03,1.27247E+03,0.23453E+03,0.20593E+03,0.22138E+03,0.66184E+03,0.60766E+03,0.58627E+03,0.59472E+03,1.78864E+03,0.26152E+03,0.23688E+03,0.23970E+03,0.73719E+03,-0.42681E+03,-0.41776E+03,-0.41228E+03,-1.25685E+03,-0.11570E+03,-0.11708E+03,-0.09190E+03,-0.32468E+03,-0.71179E+00,-0.70160E+00,-0.72071E+00,-0.71142E+00,-0.89680E+00,-0.86932E+00,-0.92358E+00,-0.89779E+00,0.000E+00,119.945E+00,-119.755E+00,56.440E+00,179.501E+00,-67.328E+00,-44.619E+00,-45.445E+00,-43.887E+00,-44.650E+00,201.124E+00,201.219E+00,201.538E+00,90.668E+00,+99999.9E+99,+99999.9E+99,0.00012E+06,-0.00074E+06,0.00000E+00,14.563E+00,0.757E+03,0.00115E+06,43.578E+00,F0F08
2021/11/30,17:33:46,00000:00:11,150,38003F00,0,1B00,1B00,3F00,99.918E+00,0.000E+00,0.000E+00,110.980E+00,0.000E+00,0.000E+00,0.508E+00,0.000E+00,0.000E+00,99.917E+00,0.000E+00,0.000E+00,0.000E+00,0.000E+00,0.000E+00,100.921E+00,0.000E+00,0.000E+00,98.814E+00,0.000E+00,0.000E+00,105.277E+00,419.954E+00,+99999.9E+99,1.054E+00,+99999.9E+99,+99999.9E+99,11.8915E+00,0.00000E+00,0.00000E+00,12.1873E+00,0.00000E+00,0.00000E+00,4.5841E+00,0.00000E+00,0.00000E+00,10.9724E+00,0.00000E+00,0.00000E+00,3.0427E+00,0.00000E+00,0.00000E+00,18.3243E+00,0.0000E+00,0.0000E+00,4.2440E+00,0.0000E+00,0.0000E+00,102.126E+00,+99999.9E+99,+99999.9E+99,64.162E+00,+99999.9E+99,+99999.9E+99,1.09424E+03,0.00000E+03,0.00000E+03,0.00000E+03,0.00000E+03,0.00000E+03,1.18817E+03,0.00000E+03,0.00000E+03,0.00000E+03,0.00000E+03,0.00000E+03,0.46303E+03,0.00000E+03,0.00000E+03,0.00000E+03,0.00000E+03,0.00000E+03,0.92094E+00,0.00000E+00,0.00000E+00,0.82753E+00,0.02255E+00,0.44870E+00,0.000E+00,82.735E+00,116.437E+00,145.846E+00,-8.557E+00,-126.903E+00,22.936E+00,90.000E+00,90.000E+00,12.6422E+00,0.00000E+00,0.00000E+00,100.202E+00,100.000E+00,100.000E+00,-0.00221E+03,0.00000E+03,0.00000E+03,+99999.9E+99,+99999.9E+99,+99999.9E+99,+99999.9E+99,+99999.9E+99,+99999.9E+99,+99999.9E+99,+99999.9E+99,+99999.9E+99,+99999.9E+99,+99999.9E+99,+99999.9E+99,1B00,0,0,0,1B00,76.7493E+00,77.0767E+00,76.8223E+00,76.8828E+00,72.0429E+00,72.6400E+00,72.1760E+00,72.2863E+00,76.7493E+00,77.0767E+00,76.8223E+00,0.0000E+00,0.0000E+00,0.0000E+00,70.1070E+00,70.4666E+00,70.4084E+00,105.427E+00,105.879E+00,105.611E+00,-104.396E+00,-104.846E+00,-104.663E+00,37.757E+00,37.760E+00,37.638E+00,+99999.9E+99,+99999.9E+99,+99999.9E+99,0.321E+00,11.9839E+00,11.8204E+00,12.1056E+00,11.9700E+00,10.4974E+00,10.4222E+00,10.6233E+00,10.5143E+00,11.9835E+00,11.8204E+00,12.1056E+00,-0.1038E+00,0.0000E+00,0.0000E+00,15.1671E+00,14.5958E+00,14.6148E+00,27.6824E+00,27.1305E+00,28.5681E+00,-26.2176E+00,-27.2181E+00,-26.7433E+00,39.118E+00,40.481E+00,40.299E+00,+99999.9E+99,+99999.9E+99,+99999.9E+99,2.705E+00,0.35957E+03,0.36208E+03,0.37479E+03,1.09645E+03,0.54112E+03,0.51205E+03,0.53109E+03,1.58426E+03,0.53533E+03,0.52944E+03,0.54303E+03,1.60780E+03,0.61288E+03,0.58787E+03,0.59356E+03,1.79393E+03,-0.39659E+03,-0.38627E+03,-0.39296E+03,-1.17582E+03,-0.28776E+03,-0.28879E+03,-0.26505E+03,-0.84160E+03,-0.67168E+00,-0.68389E+00,-0.69019E+00,-0.68195E+00,-0.88292E+00,-0.87102E+00,-0.89476E+00,-0.88312E+00,0.000E+00,119.885E+00,-119.800E+00,58.175E+00,179.279E+00,-63.420E+00,-47.803E+00,-46.851E+00,-46.355E+00,-47.003E+00,202.160E+00,202.263E+00,201.786E+00,90.332E+00,+99999.9E+99,+99999.9E+99,0.00011E+06,-0.00063E+06,0.00000E+00,12.495E+00,0.757E+03,0.00099E+06,43.834E+00,F0F0F
2021/11/30,17:33:46,00000:00:11,200,38003F00,700,1F00,1F00,3F00,99.918E+00,0.000E+00,0.000E+00,110.980E+00,0.000E+00,0.000E+00,0.508E+00,0.000E+00,0.000E+00,99.917E+00,0.000E+00,0.000E+00,0.000E+00,0.000E+00,0.000E+00,100.921E+00,0.000E+00,0.000E+00,98.814E+00,0.000E+00,0.000E+00,18.042E+00,+99999.9E+99,352.482E+00,1.054E+00,+99999.9E+99,+99999.9E+99,11.8915E+00,0.00000E+00,0.00000E+00,12.1873E+00,0.00000E+00,0.00000E+00,4.5841E+00,0.00000E+00,0.00000E+00,10.9724E+00,0.00000E+00,0.00000E+00,4.7006E+00,0.00000E+00,0.00000E+00,18.3243E+00,0.0000E+00,0.0000E+00,4.2440E+00,0.0000E+00,0.0000E+00,8.209E+00,+99999.9E+99,+99999.9E+99,64.162E+00,+99999.9E+99,+99999.9E+99,1.09424E+03,0.00000E+03,0.00000E+03,0.00000E+03,0.00000E+03,0.00000E+03,1.18817E+03,0.00000E+03,0.00000E+03,0.00000E+03,0.00000E+03,0.00000E+03,0.46303E+03,0.00000E+03,0.00000E+03,0.00000E+03,0.00000E+03,0.00000E+03,0.92094E+00,0.00000E+00,0.00000E+00,0.91765E+00,0.94497E+00,0.91232E+00,0.000E+00,167.095E+00,175.917E+00,156.585E+00,-173.810E+00,-28.256E+00,22.936E+00,90.000E+00,90.000E+00,12.6422E+00,0.00000E+00,0.00000E+00,76.680E+00,100.000E+00,100.000E+00,0.25518E+03,0.00000E+03,0.00000E+03,+99999.9E+99,+99999.9E+99,+99999.9E+99,+99999.9E+99,+99999.9E+99,+99999.9E+99,+99999.9E+99,+99999.9E+99,+99999.9E+99,+99999.9E+99,+99999.9E+99,+99999.9E+99,1B00,0,0,0,1B00,76.5322E+00,76.6253E+00,76.5378E+00,76.5651E+00,72.3758E+00,72.7311E+00,72.4309E+00,72.5126E+00,76.5322E+00,76.6253E+00,76.5378E+00,0.0000E+00,0.0000E+00,0.0000E+00,72.4721E+00,72.2520E+00,72.2185E+00,105.781E+00,106.089E+00,105.807E+00,-104.257E+00,-104.434E+00,-104.129E+00,22.525E+00,21.574E+00,22.162E+00,+99999.9E+99,+99999.9E+99,+99999.9E+99,0.216E+00,9.3625E+00,8.8811E+00,9.0189E+00,9.0875E+00,8.1465E+00,7.7510E+00,7.7876E+00,7.8950E+00,9.3616E+00,8.8777E+00,9.0112E+00,-0.1252E+00,-0.2447E+00,0.3710E+00,7.7012E+00,8.1114E+00,8.3444E+00,25.8167E+00,23.7924E+00,24.9710E+00,-26.0781E+00,-25.1595E+00,-21.9762E+00,52.688E+00,48.502E+00,47.188E+00,+99999.9E+99,+99999.9E+99,+99999.9E+99,4.768E+00,0.28659E+03,0.26936E+03,0.28311E+03,0.83906E+03,0.27268E+03,0.29428E+03,0.29752E+03,0.86447E+03,0.41605E+03,0.39382E+03,0.39990E+03,1.20977E+03,0.31639E+03,0.32684E+03,0.34211E+03,0.98473E+03,-0.30159E+03,-0.28731E+03,-0.28244E+03,-0.87134E+03,-0.16047E+03,-0.14222E+03,-0.16889E+03,-0.47157E+03,-0.68885E+00,-0.68395E+00,-0.70794E+00,-0.69357E+00,-0.86184E+00,-0.90037E+00,-0.86965E+00,-0.87788E+00,0.000E+00,120.125E+00,-120.087E+00,60.376E+00,175.905E+00,-60.392E+00,-46.460E+00,-46.847E+00,-44.932E+00,-46.087E+00,201.595E+00,201.322E+00,202.061E+00,94.812E+00,+99999.9E+99,+99999.9E+99,0.00004E+06,-0.00053E+06,0.00000E+00,10.049E+00,0.756E+03,0.00080E+06,43.751E+00,F0F08
2021/11/30,17:33:46,00000:00:11,250,38003F00,700,1C00,1C00,3800,99.918E+00,0.000E+00,0.000E+00,110.980E+00,0.000E+00,0.000E+00,0.508E+00,0.000E+00,0.000E+00,99.917E+00,0.000E+00,0.000E+00,0.000E+00,0.000E+00,0.000E+00,100.921E+00,0.000E+00,0.000E+00,98.814E+00,0.000E+00,0.000E+00,18.042E+00,+99999.9E+99,352.482E+00,1.054E+00,+99999.9E+99,+99999.9E+99,11.8915E+00,0.00000E+00,0.00000E+00,12.1873E+00,0.00000E+00,0.00000E+00,4.5841E+00,0.00000E+00,0.00000E+00,10.9724E+00,0.00000E+00,0.00000E+00,4.7006E+00,0.00000E+00,0.00000E+00,18.3243E+00,0.0000E+00,0.0000E+00,4.2440E+00,0.0000E+00,0.0000E+00,8.209E+00,+99999.9E+99,+99999.9E+99,64.162E+00,+99999.9E+99,+99999.9E+99,1.09424E+03,0.00000E+03,0.00000E+03,0.00000E+03,0.00000E+03,0.00000E+03,1.18817E+03,0.00000E+03,0.00000E+03,0.00000E+03,0.00000E+03,0.00000E+03,0.46303E+03,0.00000E+03,0.00000E+03,0.00000E+03,0.00000E+03,0.00000E+03,0.92094E+00,0.00000E+00,0.00000E+00,0.91765E+00,0.94497E+00,0.91232E+00,0.000E+00,167.095E+00,175.917E+00,156.585E+00,-173.810E+00,-28.256E+00,22.936E+00,90.000E+00,90.000E+00,12.6422E+00,0.00000E+00,0.00000E+00,124.821E+00,100.000E+00,100.000E+00,-0.27161E+03,0.00000E+03,0.00000E+03,+99999.9E+99,+99999.9E+99,+99999.9E+99,+99999.9E+99,+99999.9E+99,+99999.9E+99,+99999.9E+99,+99999.9E+99,+99999.9E+99,+99999.9E+99,+99999.9E+99,+99999.9E+99,1B00,0,0,0,1B00,76.9972E+00,77.4835E+00,77.3252E+00,77.2686E+00,71.7166E+00,72.5967E+00,72.3254E+00,72.2129E+00,76.9972E+00,77.4835E+00,77.3252E+00,0.0000E+00,0.0000E+00,0.0000E+00,72.3217E+00,72.7613E+00,72.6368E+00,105.726E+00,105.944E+00,105.640E+00,-104.050E+00,-104.627E+00,-104.496E+00,19.714E+00,19.783E+00,20.013E+00,+99999.9E+99,+99999.9E+99,+99999.9E+99,0.367E+00,14.0266E+00,13.7214E+00,13.8504E+00,13.8661E+00,13.1006E+00,12.9255E+00,12.8794E+00,12.9685E+00,14.0258E+00,13.7191E+00,13.8445E+00,-0.1529E+00,-0.2501E+00,0.4041E+00,7.7565E+00,7.2208E+00,7.0492E+00,27.7571E+00,27.1667E+00,28.6538E+00,-26.4424E+00,-27.1790E+00,-26.7771E+00,48.279E+00,50.562E+00,51.998E+00,+99999.9E+99,+99999.9E+99,+99999.9E+99,6.809E+00,0.45926E+03,0.44821E+03,0.45838E+03,1.36584E+03,0.28344E+03,0.24787E+03,0.26504E+03,0.79635E+03,0.63159E+03,0.61874E+03,0.62692E+03,1.87724E+03,0.31810E+03,0.28909E+03,0.28954E+03,0.89557E+03,-0.43357E+03,-0.42655E+03,-0.42769E+03,-1.28781E+03,-0.14440E+03,-0.14876E+03,-0.11655E+03,-0.40971E+03,-0.72715E+00,-0.72440E+00,-0.73116E+00,-0.72758E+00,-0.89103E+00,-0.85743E+00,-0.91540E+00,-0.88921E+00,0.000E+00,119.902E+00,-119.746E+00,57.199E+00,-179.180E+00,-66.158E+00,-43.352E+00,-43.581E+00,-43.016E+00,-43.316E+00,201.673E+00,202.107E+00,200.977E+00,90.164E+00,+99999.9E+99,+99999.9E+99,0.00013E+06,-0.00078E+06,0.00000E+00,15.531E+00,0.757E+03,0.00123E+06,43.683E+00,F0F08
2021/11/30,17:33:46,00000:00:11,300,38003F00,500,1F00,1F00,3F00,99.918E+00,0.000E+00,0.000E+00,110.980E+00,0.000E+00,0.000E+00,0.508E+00,0.000E+00,0.000E+00,99.917E+00,0.000E+00,0.000E+00,0.000E+00,0.000E+00,0.000E+00,100.921E+00,0.000E+00,0.000E+00,98.814E+00,0.000E+00,0.000E+00,61.957E+00,+99999.9E+99,362.991E+00,1.054E+00,+99999.9E+99,+99999.9E+99,11.8915E+00,0.00000E+00,0.00000E+00,12.1873E+00,0.00000E+00,0.00000E+00,4.5841E+00,0.00000E+00,0.00000E+00,10.9724E+00,0.00000E+00,0.00000E+00,4.1070E+00,0.00000E+00,0.00000E+00,18.3243E+00,0.0000E+00,0.0000E+00,4.2440E+00,0.0000E+00,0.0000E+00,44.619E+00,+99999.9E+99,+99999.9E+99,64.162E+00,+99999.9E+99,+99999.9E+99,1.09424E+03,0.00000E+03,0.00000E+03,0.00000E+03,0.00000E+03,0.00000E+03,1.18817E+03,0.00000E+03,0.00000E+03,0.00000E+03,0.00000E+03,0.00000E+03,0.46303E+03,0.00000E+03,0.00000E+03,0.00000E+03,0.00000E+03,0.00000E+03,0.92094E+00,0.00000E+00,0.00000E+00,0.88414E+00,0.85758E+00,0.59237E+00,0.000E+00,109.470E+00,140.053E+00,152.146E+00,-39.576E+00,13.728E+00,22.936E+00,90.000E+00,90.000E+00,12.6422E+00,0.00000E+00,0.00000E+00,78.811E+00,100.000E+00,100.000E+00,0.23186E+03,0.00000E+03,0.00000E+03,+99999.9E+99,+99999.9E+99,+99999.9E+99,+99999.9E+99,+99999.9E+99,+99999.9E+99,+99999.9E+99,+99999.9E+99,+99999.9E+99,+99999.9E+99,+99999.9E+99,+99999.9E+99,1B00,0,0,0,1B00,76.6736E+00,76.6654E+00,76.3771E+00,76.5720E+00,72.4974E+00,72.6617E+00,72.0012E+00,72.3867E+00,76.6736E+00,76.6654E+00,76.3771E+00,0.0000E+00,0.0000E+00,0.0000E+00,70.2325E+00,70.2785E+00,70.1628E+00,105.810E+00,106.030E+00,105.866E+00,-104.250E+00,-104.549E+00,-104.873E+00,38.402E+00,38.026E+00,38.229E+00,+99999.9E+99,+99999.9E+99,+99999.9E+99,0.091E+00,9.7275E+00,9.2989E+00,9.9245E+00,9.6503E+00,8.3560E+00,7.9901E+00,8.4062E+00,8.2507E+00,9.7268E+00,9.2989E+00,9.9245E+00,-0.1137E+00,0.0000E+00,0.0000E+00,14.8085E+00,14.6915E+00,15.0362E+00,26.4733E+00,24.7476E+00,27.1795E+00,-25.6286E+00,-23.2981E+00,-26.6967E+00,40.695E+00,40.711E+00,39.325E+00,+99999.9E+99,+99999.9E+99,+99999.9E+99,1.470E+00,0.28196E+03,0.28004E+03,0.30039E+03,0.86238E+03,0.51942E+03,0.52142E+03,0.53389E+03,1.57473E+03,0.43243E+03,0.41365E+03,0.44025E+03,1.28632E+03,0.59846E+03,0.59297E+03,0.60768E+03,1.79901E+03,-0.32786E+03,-0.30444E+03,-0.32184E+03,-0.95415E+03,-0.29725E+03,-0.28238E+03,-0.29023E+03,-0.86986E+03,-0.65203E+00,-0.67700E+00,-0.68232E+00,-0.67042E+00,-0.86793E+00,-0.87933E+00,-0.87857E+00,-0.87533E+00,0.000E+00,120.075E+00,-119.931E+00,59.801E+00,178.465E+00,-61.374E+00,-49.305E+00,-47.391E+00,-46.975E+00,-47.900E+00,201.851E+00,201.598E+00,202.483E+00,92.212E+00,+99999.9E+99,+99999.9E+99,0.00007E+06,-0.00052E+06,0.00000E+00,10.043E+00,0.756E+03,0.00080E+06,43.812E+00,F0F08
2021/11/30,17:33:46,00000:00:11,350,38003F00,2A00,3B00,3B00,3F00,99.983E+00,0.000E+00,0.000E+00,111.052E+00,0.000E+00,0.000E+00,0.511E+00,0.000E+00,0.000E+00,99.982E+00,0.000E+00,0.000E+00,0.000E+00,0.000E+00,0.000E+00,101.032E+00,0.000E+00,0.000E+00,98.814E+00,0.000E+00,0.000E+00,61.957E+00,+99999.9E+99,362.991E+00,1.109E+00,+99999.9E+99,+99999.9E+99,11.5693E+00,0.00000E+00,0.00000E+00,11.7468E+00,0.00000E+00,0.00000E+00,4.6905E+00,0.00000E+00,0.00000E+00,10.5758E+00,0.00000E+00,0.00000E+00,4.1070E+00,0.00000E+00,0.00000E+00,18.3314E+00,0.0000E+00,0.0000E+00,3.4076E+00,0.0000E+00,0.0000E+00,44.619E+00,+99999.9E+99,+99999.9E+99,70.556E+00,+99999.9E+99,+99999.9E+99,1.05526E+03,0.00000E+03,0.00000E+03,0.00000E+03,0.00000E+03,0.00000E+03,1.15674E+03,0.00000E+03,0.00000E+03,0.00000E+03,0.00000E+03,0.00000E+03,0.47379E+03,0.00000E+03,0.00000E+03,0.00000E+03,0.00000E+03,0.00000E+03,0.91227E+00,0.00000E+00,0.00000E+00,0.88414E+00,0.85758E+00,0.59237E+00,0.000E+00,109.470E+00,140.053E+00,152.146E+00,-39.576E+00,13.728E+00,24.179E+00,90.000E+00,90.000E+00,0.00000E+00,0.00000E+00,0.00000E+00,100.724E+00,100.000E+00,100.000E+00,-0.00764E+03,0.00000E+03,0.00000E+03,+99999.9E+99,+99999.9E+99,+99999.9E+99,+99999.9E+99,+99999.9E+99,+99999.9E+99,+99999.9E+99,+99999.9E+99,+99999.9E+99,+99999.9E+99,+99999.9E+99,+99999.9E+99,1B00,0,0,0,1B00,76.5271E+00,76.9995E+00,77.0214E+00,76.8493E+00,71.8652E+00,72.7709E+00,72.7920E+00,72.4760E+00,76.5271E+00,76.9995E+00,77.0213E+00,0.0000E+00,0.0000E+00,0.0000E+00,73.0387E+00,73.0307E+00,72.9080E+00,105.763E+00,106.069E+00,105.719E+00,-104.531E+00,-105.093E+00,-105.320E+00,15.245E+00,15.107E+00,15.114E+00,+99999.9E+99,+99999.9E+99,+99999.9E+99,0.113E+00,11.7916E+00,11.5469E+00,11.3428E+00,11.5604E+00,10.1803E+00,10.0323E+00,9.7354E+00,9.9827E+00,11.7906E+00,11.5396E+00,11.3289E+00,-0.1521E+00,-0.4083E+00,0.5614E+00,5.0144E+00,4.9286E+00,5.3836E+00,27.9048E+00,27.1033E+00,28.6300E+00,-26.5943E+00,-27.2548E+00,-26.0757E+00,60.747E+00,59.693E+00,54.789E+00,+99999.9E+99,+99999.9E+99,+99999.9E+99,3.922E+00,0.36578E+03,0.34619E+03,0.35094E+03,1.06290E+03,0.17390E+03,0.18107E+03,0.18821E+03,0.54318E+03,0.52646E+03,0.51485E+03,0.50832E+03,1.54963E+03,0.20457E+03,0.20460E+03,0.21652E+03,0.62543E+03,-0.37864E+03,-0.38109E+03,-0.36774E+03,-1.12746E+03,-0.10773E+03,-0.09525E+03,-0.10704E+03,-0.31003E+03,-0.69479E+00,-0.67240E+00,-0.69039E+00,-0.68591E+00,-0.85009E+00,-0.88501E+00,-0.86925E+00,-0.86849E+00,0.000E+00,120.109E+00,-119.955E+00,61.771E+00,177.804E+00,-60.267E+00,-45.990E+00,-47.747E+00,-46.339E+00,-46.693E+00,201.876E+00,201.857E+00,201.248E+00,92.931E+00,+99999.9E+99,+99999.9E+99,0.00008E+06,-0.00064E+06,0.00000E+00,12.476E+00,0.756E+03,0.00099E+06,43.823E+00,F0F08
2021/11/30,17:33:46,00000:00:11,400,38003F00,2D00,3F00,3F00,3F00,99.983E+00,0.000E+00,0.000E+00,111.052E+00,0.000E+00,0.000E+00,0.511E+00,0.000E+00,0.000E+00,99.982E+00,0.000E+00,0.000E+00,0.000E+00,0.000E+00,0.000E+00,101.032E+00,0.000E+00,0.000E+00,98.814E+00,0.000E+00,0.000E+00,35.040E+00,+99999.9E+99,+99999.9E+99,1.109E+00,+99999.9E+99,+99999.9E+99,11.5693E+00,0.00000E+00,0.00000E+00,11.7468E+00,0.00000E+00,0.00000E+00,4.6905E+00,0.00000E+00,0.00000E+00,10.5758E+00,0.00000E+00,0.00000E+00,4.3812E+00,0.00000E+00,0.00000E+00,18.3314E+00,0.0000E+00,0.0000E+00,3.4076E+00,0.0000E+00,0.0000E+00,39.805E+00,+99999.9E+99,+99999.9E+99,70.556E+00,+99999.9E+99,+99999.9E+99,1.05526E+03,0.00000E+03,0.00000E+03,0.00000E+03,0.00000E+03,0.00000E+03,1.15674E+03,0.00000E+03,0.00000E+03,0.00000E+03,0.00000E+03,0.00000E+03,0.47379E+03,0.00000E+03,0.00000E+03,0.00000E+03,0.00000E+03,0.00000E+03,0.91227E+00,0.00000E+00,0.00000E+00,0.93330E+00,0.10113E+00,0.36229E+00,0.000E+00,167.641E+00,174.014E+00,158.955E+00,-108.164E+00,-117.227E+00,24.179E+00,90.000E+00,90.000E+00,0.00000E+00,0.00000E+00,0.00000E+00,123.151E+00,100.000E+00,100.000E+00,-0.24430E+03,0.00000E+03,0.00000E+03,+99999.9E+99,+99999.9E+99,+99999.9E+99,+99999.9E+99,+99999.9E+99,+99999.9E+99,+99999.9E+99,+99999.9E+99,+99999.9E+99,+99999.9E+99,+99999.9E+99,+99999.9E+99,1B00,0,0,0,1B00,77.2142E+00,77.2023E+00,77.0075E+00,77.1413E+00,72.2294E+00,72.4045E+00,71.9010E+00,72.1783E+00,77.2142E+00,77.2023E+00,77.0075E+00,0.0000E+00,0.0000E+00,0.0000E+00,70.9842E+00,71.6870E+00,71.4757E+00,105.350E+00,105.681E+00,105.531E+00,-106.226E+00,-104.497E+00,-104.811E+00,30.467E+00,30.573E+00,30.523E+00,+99999.9E+99,+99999.9E+99,+99999.9E+99,0.577E+00,13.6343E+00,13.1902E+00,13.5788E+00,13.4678E+00,12.5533E+00,12.1233E+00,12.4834E+00,12.3867E+00,13.6333E+00,13.1902E+00,13.5772E+00,-0.1686E+00,0.0000E+00,0.2125E+00,12.5273E+00,11.3787E+00,11.5373E+00,27.6076E+00,27.1419E+00,28.4767E+00,-26.7157E+00,-27.0990E+00,-26.4710E+00,40.745E+00,44.022E+00,43.958E+00,+99999.9E+99,+99999.9E+99,+99999.9E+99,6.018E+00,0.43118E+03,0.42249E+03,0.44589E+03,1.29956E+03,0.45038E+03,0.39977E+03,0.42790E+03,1.27805E+03,0.61463E+03,0.59415E+03,0.61042E+03,1.81919E+03,0.50447E+03,0.46290E+03,0.46734E+03,1.43319E+03,-0.43801E+03,-0.41775E+03,-0.41688E+03,-1.27264E+03,-0.22726E+03,-0.23337E+03,-0.18792E+03,-0.64855E+03,-0.70153E+00,-0.71108E+00,-0.73047E+00,-0.71436E+00,-0.89278E+00,-0.86362E+00,-0.91560E+00,-0.89175E+00,0.000E+00,119.876E+00,-119.579E+00,57.099E+00,-179.949E+00,-66.093E+00,-45.451E+00,-44.677E+00,-43.074E+00,-44.409E+00,201.295E+00,201.708E+00,201.861E+00,89.372E+00,+99999.9E+99,+99999.9E+99,0.00014E+06,-0.00074E+06,0.00000E+00,14.646E+00,0.757E+03,0.00116E+06,43.569E+00,F0F08
2021/11/30,17:33:46,00000:00:11,450,38003800,2800,3800,3800,3800,99.844E+00,0.000E+00,0.000E+00,110.898E+00,0.000E+00,0.000E+00,0.520E+00,0.000E+00,0.000E+00,99.843E+00,0.000E+00,0.000E+00,0.000E+00,0.000E+00,0.000E+00,100.925E+00,0.000E+00,0.000E+00,98.807E+00,0.000E+00,0.000E+00,35.040E+00,+99999.9E+99,+99999.9E+99,1.061E+00,+99999.9E+99,+99999.9E+99,12.7122E+00,0.00000E+00,0.00000E+00,13.2768E+00,0.00000E+00,0.00000E+00,4.3264E+00,0.00000E+00,0.00000E+00,11.9534E+00,0.00000E+00,0.00000E+00,4.3812E+00,0.00000E+00,0.00000E+00,18.2255E+00,0.0000E+00,0.0000E+00,4.1931E+00,0.0000E+00,0.0000E+00,39.805E+00,+99999.9E+99,+99999.9E+99,58.696E+00,+99999.9E+99,+99999.9E+99,1.19144E+03,0.00000E+03,0.00000E+03,0.00000E+03,0.00000E+03,0.00000E+03,1.26924E+03,0.00000E+03,0.00000E+03,0.00000E+03,0.00000E+03,0.00000E+03,0.43755E+03,0.00000E+03,0.00000E+03,0.00000E+03,0.00000E+03,0.00000E+03,0.93870E+00,0.00000E+00,0.00000E+00,0.93330E+00,0.10113E+00,0.36229E+00,0.000E+00,167.641E+00,174.014E+00,158.955E+00,-108.164E+00,-117.227E+00,20.165E+00,90.000E+00,90.000E+00,15.0112E+00,0.00000E+00,0.00000E+00,65.174E+00,100.000E+00,100.000E+00,0.41494E+03,0.00000E+03,0.00000E+03,+99999.9E+99,+99999.9E+99,+99999.9E+99,+99999.9E+99,+99999.9E+99,+99999.9E+99,+99999.9E+99,+99999.9E+99,+99999.9E+99,+99999.9E+99,+99999.9E+99,+99999.9E+99,1B00,0,0,0,1B00,76.2977E+00,76.6586E+00,76.5223E+00,76.4929E+00,72.2083E+00,72.9095E+00,72.6540E+00,72.5906E+00,76.2977E+00,76.6586E+00,76.5223E+00,0.0000E+00,0.0000E+00,0.0000E+00,71.2804E+00,71.1880E+00,71.0336E+00,105.823E+00,106.027E+00,105.750E+00,-104.560E+00,-104.619E+00,-105.134E+00,31.934E+00,31.153E+00,31.798E+00,+99999.9E+99,+99999.9E+99,+99999.9E+99,0.210E+00,8.2680E+00,8.2027E+00,8.1442E+00,8.2050E+00,7.3632E+00,7.3110E+00,7.2425E+00,7.3055E+00,8.2673E+00,8.2015E+00,8.1406E+00,-0.1091E+00,-0.1349E+00,0.2450E+00,11.7853E+00,11.7804E+00,12.3723E+00,22.1771E+00,20.8300E+00,20.3962E+00,-18.8771E+00,-19.2519E+00,-19.9019E+00,44.947E+00,43.914E+00,41.881E+00,+99999.9E+99,+99999.9E+99,+99999.9E+99,3.278E+00,0.26098E+03,0.25465E+03,0.26087E+03,0.77650E+03,0.40673E+03,0.42683E+03,0.43369E+03,1.26726E+03,0.36596E+03,0.36340E+03,0.36170E+03,1.09106E+03,0.47297E+03,0.48038E+03,0.49842E+03,1.45134E+03,-0.25654E+03,-0.25925E+03,-0.25055E+03,-0.76634E+03,-0.24139E+03,-0.22041E+03,-0.24562E+03,-0.70742E+03,-0.71316E+00,-0.70074E+00,-0.72123E+00,-0.71170E+00,-0.85995E+00,-0.88853E+00,-0.87014E+00,-0.87316E+00,0.000E+00,120.188E+00,-119.977E+00,60.641E+00,177.428E+00,-60.333E+00,-44.508E+00,-45.514E+00,-43.843E+00,-44.627E+00,202.364E+00,201.707E+00,201.995E+00,94.721E+00,+99999.9E+99,+99999.9E+99,0.00004E+06,-0.00048E+06,0.00000E+00,9.290E+00,0.756E+03,0.00074E+06,43.959E+00,F0F08
2021/11/30,17:33:46,00000:00:11,500,38003F00,0,1B00,1B00,3F00,99.922E+00,0.000E+00,0.000E+00,110.984E+00,0.000E+00,0.000E+00,0.507E+00,0.000E+00,0.000E+00,99.920E+00,0.000E+00,0.000E+00,0.000E+00,0.000E+00,0.000E+00,100.904E+00,0.000E+00,0.000E+00,98.843E+00,0.000E+00,0.000E+00,21.739E+00,+99999.9E+99,+99999.9E+99,1.031E+00,+99999.9E+99,+99999.9E+99,11.8332E+00,0.00000E+00,0.00000E+00,12.1191E+00,0.00000E+00,0.00000E+00,4.5797E+00,0.00000E+00,0.00000E+00,10.9110E+00,0.00000E+00,0.00000E+00,4.4397E+00,0.00000E+00,0.00000E+00,18.2262E+00,0.0000E+00,0.0000E+00,4.1771E+00,0.0000E+00,0.0000E+00,8.079E+00,+99999.9E+99,+99999.9E+99,64.380E+00,+99999.9E+99,+99999.9E+99,1.08814E+03,0.00000E+03,0.00000E+03,0.00000E+03,0.00000E+03,0.00000E+03,1.18239E+03,0.00000E+03,0.00000E+03,0.00000E+03,0.00000E+03,0.00000E+03,0.46259E+03,0.00000E+03,0.00000E+03,0.00000E+03,0.00000E+03,0.00000E+03,0.92029E+00,0.00000E+00,0.00000E+00,0.89818E+00,0.90704E+00,0.00887E+00,0.000E+00,-52.181E+00,153.300E+00,153.919E+00,-27.281E+00,62.791E+00,23.031E+00,90.000E+00,90.000E+00,12.5993E+00,0.00000E+00,0.00000E+00,115.918E+00,100.000E+00,100.000E+00,-0.17321E+03,0.00000E+03,0.00000E+03,+99999.9E+99,+99999.9E+99,+99999.9E+99,+99999.9E+99,+99999.9E+99,+99999.9E+99,+99999.9E+99,+99999.9E+99,+99999.9E+99,+99999.9E+99,+99999.9E+99,+99999.9E+99,1B00,0,0,0,1B00,77.0700E+00,77.2115E+00,77.1117E+00,77.1311E+00,72.1434E+00,72.5699E+00,72.2651E+00,72.3261E+00,77.0700E+00,77.2115E+00,77.1117E+00,0.0000E+00,0.0000E+00,0.0000E+00,73.0192E+00,73.2707E+00,73.1447E+00,105.697E+00,106.019E+00,105.679E+00,-104.453E+00,-105.199E+00,-104.691E+00,14.081E+00,14.333E+00,14.415E+00,+99999.9E+99,+99999.9E+99,+99999.9E+99,0.199E+00,13.4025E+00,12.9700E+00,13.1627E+00,13.1784E+00,12.2083E+00,11.7652E+00,11.8265E+00,11.9334E+00,13.4013E+00,12.9658E+00,13.1526E+00,-0.1837E+00,-0.3305E+00,0.5151E+00,5.2371E+00,4.7410E+00,4.8804E+00,27.6376E+00,27.2681E+00,28.5405E+00,-26.4329E+00,-27.2619E+00,-26.6448E+00,54.549E+00,58.996E+00,57.010E+00,+99999.9E+99,+99999.9E+99,+99999.9E+99,4.747E+00,0.42816E+03,0.40834E+03,0.42486E+03,1.26136E+03,0.18892E+03,0.17260E+03,0.18487E+03,0.54639E+03,0.60337E+03,0.58295E+03,0.59178E+03,1.77811E+03,0.21376E+03,0.19782E+03,0.20312E+03,0.61433E+03,-0.42513E+03,-0.41604E+03,-0.41195E+03,-1.25312E+03,-0.10001E+03,-0.09665E+03,-0.08415E+03,-0.28081E+03,-0.70962E+00,-0.70047E+00,-0.71793E+00,-0.70938E+00,-0.88381E+00,-0.87252E+00,-0.91015E+00,-0.88942E+00,0.000E+00,120.002E+00,-119.829E+00,58.008E+00,179.191E+00,-65.409E+00,-44.796E+00,-45.536E+00,-44.116E+00,-44.815E+00,201.280E+00,202.036E+00,201.695E+00,90.855E+00,+99999.9E+99,+99999.9E+99,0.00012E+06,-0.00074E+06,0.00000E+00,14.452E+00,0.757E+03,0.00115E+06,43.568E+00,F0F0F
2021/11/30,17:33:46,00000:00:11,550,38003F00,700,1F00,1F00,3F00,99.922E+00,0.000E+00,0.000E+00,110.984E+00,0.000E+00,0.000E+00,0.507E+00,0.000E+00,0.000E+00,99.920E+00,0.000E+00,0.000E+00,0.000E+00,0.000E+00,0.000E+00,100.904E+00,0.000E+00,0.000E+00,98.843E+00,0.000E+00,0.000E+00,21.739E+00,+99999.9E+99,+99999.9E+99,1.031E+00,+99999.9E+99,+99999.9E+99,11.8332E+00,0.00000E+00,0.00000E+00,12.1191E+00,0.00000E+00,0.00000E+00,4.5797E+00,0.00000E+00,0.00000E+00,10.9110E+00,0.00000E+00,0.00000E+00,4.4397E+00,0.00000E+00,0.00000E+00,18.2262E+00,0.0000E+00,0.0000E+00,4.1771E+00,0.0000E+00,0.0000E+00,8.079E+00,+99999.9E+99,+99999.9E+99,64.380E+00,+99999.9E+99,+99999.9E+99,1.08814E+03,0.00000E+03,0.00000E+03,0.00000E+03,0.00000E+03,0.00000E+03,1.18239E+03,0.00000E+03,0.00000E+03,0.00000E+03,0.00000E+03,0.00000E+03,0.46259E+03,0.00000E+03,0.00000E+03,0.00000E+03,0.00000E+03,0.00000E+03,0.92029E+00,0.00000E+00,0.00000E+00,0.89818E+00,0.90704E+00,0.00887E+00,0.000E+00,-52.181E+00,153.300E+00,153.919E+00,-27.281E+00,62.791E+00,23.031E+00,90.000E+00,90.000E+00,12.5993E+00,0.00000E+00,0.00000E+00,97.528E+00,100.000E+00,100.000E+00,0.02690E+03,0.00000E+03,0.00000E+03,+99999.9E+99,+99999.9E+99,+99999.9E+99,+99999.9E+99,+99999.9E+99,+99999.9E+99,+99999.9E+99,+99999.9E+99,+99999.9E+99,+99999.9E+99,+99999.9E+99,+99999.9E+99,1B00,0,0,0,1B00,76.7577E+00,77.1002E+00,76.8274E+00,76.8951E+00,71.9695E+00,72.6010E+00,72.1091E+00,72.2265E+00,76.7577E+00,77.1002E+00,76.8274E+00,0.0000E+00,0.0000E+00,0.0000E+00,70.1653E+00,70.5118E+00,70.4341E+00,105.463E+00,106.034E+00,105.519E+00,-104.594E+00,-104.790E+00,-104.546E+00,37.527E+00,37.576E+00,37.497E+00,+99999.9E+99,+99999.9E+99,+99999.9E+99,0.302E+00,11.6957E+00,11.5309E+00,11.7945E+00,11.6737E+00,10.2894E+00,10.2215E+00,10.3900E+00,10.3003E+00,11.6952E+00,11.5309E+00,11.7945E+00,-0.1064E+00,0.0000E+00,0.0000E+00,15.0484E+00,14.4935E+00,14.5299E+00,27.3095E+00,26.7124E+00,28.0219E+00,-25.7538E+00,-26.5024E+00,-25.7843E+00,39.353E+00,40.634E+00,40.485E+00,+99999.9E+99,+99999.9E+99,+99999.9E+99,2.620E+00,0.34845E+03,0.35046E+03,0.36234E+03,1.06125E+03,0.53555E+03,0.50785E+03,0.52684E+03,1.57024E+03,0.52224E+03,0.51640E+03,0.52885E+03,1.56749E+03,0.60848E+03,0.58425E+03,0.59037E+03,1.78274E+03,-0.38899E+03,-0.37928E+03,-0.38522E+03,-1.15348E+03,-0.28884E+03,-0.28885E+03,-0.26641E+03,-0.84410E+03,-0.66723E+00,-0.67865E+00,-0.68515E+00,-0.67704E+00,-0.88015E+00,-0.86924E+00,-0.89240E+00,-0.88080E+00,0.000E+00,119.909E+00,-119.798E+00,58.505E+00,179.501E+00,-63.101E+00,-48.147E+00,-47.262E+00,-46.753E+00,-47.388E+00,202.235E+00,201.611E+00,201.872E+00,90.792E+00,+99999.9E+99,+99999.9E+99,0.00010E+06,-0.00061E+06,0.00000E+00,12.154E+00,0.757E+03,0.00096E+06,43.848E+00,F0F0F
2021/11/30,17:33:46,00000:00:11,600,38003F00,500,1F00,1F00,3F00,99.922E+00,0.000E+00,0.000E+00,110.984E+00,0.000E+00,0.000E+00,0.507E+00,0.000E+00,0.000E+00,99.920E+00,0.000E+00,0.000E+00,0.000E+00,0.000E+00,0.000E+00,100.904E+00,0.000E+00,0.000E+00,98.843E+00,0.000E+00,0.000E+00,20.844E+00,+99999.9E+99,+99999.9E+99,1.031E+00,+99999.9E+99,+99999.9E+99,11.8332E+00,0.00000E+00,0.00000E+00,12.1191E+00,0.00000E+00,0.00000E+00,4.5797E+00,0.00000E+00,0.00000E+00,10.9110E+00,0.00000E+00,0.00000E+00,4.5647E+00,0.00000E+00,0.00000E+00,18.2262E+00,0.0000E+00,0.0000E+00,4.1771E+00,0.0000E+00,0.0000E+00,7.888E+00,+99999.9E+99,+99999.9E+99,64.380E+00,+99999.9E+99,+99999.9E+99,1.08814E+03,0.00000E+03,0.00000E+03,0.00000E+03,0.00000E+03,0.00000E+03,1.18239E+03,0.00000E+03,0.00000E+03,0.00000E+03,0.00000E+03,0.00000E+03,0.46259E+03,0.00000E+03,0.00000E+03,0.00000E+03,0.00000E+03,0.00000E+03,0.92029E+00,0.00000E+00,0.00000E+00,0.90544E+00,0.99984E+00,0.99756E+00,0.000E+00,-160.262E+00,-174.030E+00,154.882E+00,20.772E+00,-178.037E+00,23.031E+00,90.000E+00,90.000E+00,12.5993E+00,0.00000E+00,0.00000E+00,80.999E+00,100.000E+00,100.000E+00,0.20676E+03,0.00000E+03,0.00000E+03,+99999.9E+99,+99999.9E+99,+99999.9E+99,+99999.9E+99,+99999.9E+99,+99999.9E+99,+99999.9E+99,+99999.9E+99,+99999.9E+99,+99999.9E+99,+99999.9E+99,+99999.9E+99,1B00,0,0,0,1B00,76.5059E+00,76.7023E+00,76.6245E+00,76.6109E+00,72.2058E+00,72.7009E+00,72.4577E+00,72.4548E+00,76.5059E+00,76.7023E+00,76.6245E+00,0.0000E+00,0.0000E+00,0.0000E+00,72.4997E+00,72.2809E+00,72.2679E+00,105.801E+00,106.054E+00,105.761E+00,-104.250E+00,-104.577E+00,-105.066E+00,22.426E+00,21.531E+00,22.077E+00,+99999.9E+99,+99999.9E+99,+99999.9E+99,0.203E+00,9.6365E+00,9.2909E+00,9.3885E+00,9.4386E+00,8.4909E+00,8.2397E+00,8.2593E+00,8.3300E+00,9.6356E+00,9.2893E+00,9.3836E+00,-0.1277E+00,-0.1748E+00,0.3036E+00,7.6773E+00,8.1006E+00,8.3008E+00,25.9200E+00,23.7114E+00,24.6862E+00,-26.0609E+00,-24.7829E+00,-21.9109E+00,52.685E+00,48.496E+00,47.359E+00,+99999.9E+99,+99999.9E+99,+99999.9E+99,4.600E+00,0.29781E+03,0.28603E+03,0.29754E+03,0.88138E+03,0.27157E+03,0.29280E+03,0.29503E+03,0.85940E+03,0.42838E+03,0.41250E+03,0.41738E+03,1.25826E+03,0.31517E+03,0.32591E+03,0.33998E+03,0.98049E+03,-0.30793E+03,-0.29724E+03,-0.29269E+03,-0.89786E+03,-0.15995E+03,-0.14312E+03,-0.16895E+03,-0.47202E+03,-0.69520E+00,-0.69339E+00,-0.71289E+00,-0.70047E+00,-0.86165E+00,-0.89842E+00,-0.86778E+00,-0.87650E+00,0.000E+00,120.106E+00,-120.095E+00,60.399E+00,176.151E+00,-60.194E+00,-45.957E+00,-46.101E+00,-44.529E+00,-45.535E+00,201.570E+00,201.856E+00,201.998E+00,93.646E+00,+99999.9E+99,+99999.9E+99,0.00006E+06,-0.00054E+06,0.00000E+00,10.424E+00,0.756E+03,0.00083E+06,43.734E+00,F0F08
2021/11/30,17:33:46,00000:00:11,650,38003F00,700,1F00,1F00,3F00,99.922E+00,0.000E+00,0.000E+00,110.984E+00,0.000E+00,0.000E+00,0.507E+00,0.000E+00,0.000E+00,99.920E+00,0.000E+00,0.000E+00,0.000E+00,0.000E+00,0.000E+00,100.904E+00,0.000E+00,0.000E+00,98.843E+00,0.000E+00,0.000E+00,20.844E+00,+99999.9E+99,+99999.9E+99,1.031E+00,+99999.9E+99,+99999.9E+99,11.8332E+00,0.00000E+00,0.00000E+00,12.1191E+00,0.00000E+00,0.00000E+00,4.5797E+00,0.00000E+00,0.00000E+00,10.9110E+00,0.00000E+00,0.00000E+00,4.5647E+00,0.00000E+00,0.00000E+00,18.2262E+00,0.0000E+00,0.0000E+00,4.1771E+00,0.0000E+00,0.0000E+00,7.888E+00,+99999.9E+99,+99999.9E+99,64.380E+00,+99999.9E+99,+99999.9E+99,1.08814E+03,0.00000E+03,0.00000E+03,0.00000E+03,0.00000E+03,0.00000E+03,1.18239E+03,0.00000E+03,0.00000E+03,0.00000E+03,0.00000E+03,0.00000E+03,0.46259E+03,0.00000E+03,0.00000E+03,0.00000E+03,0.00000E+03,0.00000E+03,0.92029E+00,0.00000E+00,0.00000E+00,0.90544E+00,0.99984E+00,0.99756E+00,0.000E+00,-160.262E+00,-174.030E+00,154.882E+00,20.772E+00,-178.037E+00,23.031E+00,90.000E+00,90.000E+00,12.5993E+00,0.00000E+00,0.00000E+00,116.083E+00,100.000E+00,100.000E+00,-0.17500E+03,0.00000E+03,0.00000E+03,+99999.9E+99,+99999.9E+99,+99999.9E+99,+99999.9E+99,+99999.9E+99,+99999.9E+99,+99999.9E+99,+99999.9E+99,+99999.9E+99,+99999.9E+99,+99999.9E+99,+99999.9E+99,1B00,0,0,0,1B00,77.0809E+00,77.1620E+00,77.1071E+00,77.1167E+00,72.1555E+00,72.5258E+00,72.2770E+00,72.3194E+00,77.0809E+00,77.1620E+00,77.1071E+00,0.0000E+00,0.0000E+00,0.0000E+00,72.2931E+00,72.7671E+00,72.6225E+00,105.779E+00,106.151E+00,105.839E+00,-104.961E+00,-104.831E+00,-104.619E+00,19.985E+00,20.046E+00,20.334E+00,+99999.9E+99,+99999.9E+99,+99999.9E+99,0.391E+00,13.4422E+00,12.9651E+00,13.1666E+00,13.1913E+00,12.2391E+00,11.7595E+00,11.8253E+00,11.9413E+00,13.4408E+00,12.9615E+00,13.1570E+00,-0.1964E+00,-0.3055E+00,0.5031E+00,7.9200E+00,7.3234E+00,7.1837E+00,27.5919E+00,27.1476E+00,28.4667E+00,-26.7162E+00,-26.9486E+00,-26.6205E+00,47.506E+00,50.080E+00,51.325E+00,+99999.9E+99,+99999.9E+99,+99999.9E+99,7.029E+00,0.42969E+03,0.40766E+03,0.42579E+03,1.26314E+03,0.28915E+03,0.25184E+03,0.27124E+03,0.81223E+03,0.60559E+03,0.58242E+03,0.59133E+03,1.77934E+03,0.32370E+03,0.29244E+03,0.29480E+03,0.90968E+03,-0.42673E+03,-0.41596E+03,-0.41034E+03,-1.25303E+03,-0.14551E+03,-0.14866E+03,-0.11547E+03,-0.40964E+03,-0.70955E+00,-0.69995E+00,-0.72005E+00,-0.70989E+00,-0.89327E+00,-0.86116E+00,-0.92010E+00,-0.89287E+00,0.000E+00,119.907E+00,-119.720E+00,56.931E+00,-179.603E+00,-66.815E+00,-44.802E+00,-45.577E+00,-43.941E+00,-44.774E+00,201.713E+00,201.365E+00,201.002E+00,90.762E+00,+99999.9E+99,+99999.9E+99,0.00012E+06,-0.00074E+06,0.00000E+00,14.462E+00,0.757E+03,0.00115E+06,43.707E+00,F0F08
2021/11/30,17:33:46,00000:00:11,700,38003D00,500,1C00,1C00,3800,99.922E+00,0.000E+00,0.000E+00,110.984E+00,0.000E+00,0.000E+00,0.507E+00,0.000E+00,0.000E+00,99.920E+00,0.000E+00,0.000E+00,0.000E+00,0.000E+00,0.000E+00,100.904E+00,0.000E+00,0.000E+00,98.843E+00,0.000E+00,0.000E+00,67.225E+00,+99999.9E+99,+99999.9E+99,1.031E+00,+99999.9E+99,+99999.9E+99,11.8332E+00,0.00000E+00,0.00000E+00,12.1191E+00,0.00000E+00,0.00000E+00,4.5797E+00,0.00000E+00,0.00000E+00,10.9110E+00,0.00000E+00,0.00000E+00,3.7137E+00,0.00000E+00,0.00000E+00,18.2262E+00,0.0000E+00,0.0000E+00,4.1771E+00,0.0000E+00,0.0000E+00,48.532E+00,+99999.9E+99,+99999.9E+99,64.380E+00,+99999.9E+99,+99999.9E+99,1.08814E+03,0.00000E+03,0.00000E+03,0.00000E+03,0.00000E+03,0.00000E+03,1.18239E+03,0.00000E+03,0.00000E+03,0.00000E+03,0.00000E+03,0.00000E+03,0.46259E+03,0.00000E+03,0.00000E+03,0.00000E+03,0.00000E+03,0.00000E+03,0.92029E+00,0.00000E+00,0.00000E+00,0.88860E+00,0.77359E+00,0.47000E+00,0.000E+00,144.211E+00,137.346E+00,152.698E+00,-176.467E+00,19.312E+00,23.031E+00,90.000E+00,90.000E+00,12.5993E+00,0.00000E+00,0.00000E+00,100.430E+00,100.000E+00,100.000E+00,-0.00468E+03,0.00000E+03,0.00000E+03,+99999.9E+99,+99999.9E+99,+99999.9E+99,+99999.9E+99,+99999.9E+99,+99999.9E+99,+99999.9E+99,+99999.9E+99,+99999.9E+99,+99999.9E+99,+99999.9E+99,+99999.9E+99,1B00,0,0,0,1B00,76.7496E+00,77.0866E+00,76.8296E+00,76.8886E+00,72.0297E+00,72.6568E+00,72.1782E+00,72.2882E+00,76.7496E+00,77.0866E+00,76.8295E+00,0.0000E+00,0.0000E+00,0.0000E+00,70.0135E+00,70.2340E+00,70.1425E+00,105.397E+00,105.814E+00,105.613E+00,-104.499E+00,-104.879E+00,-104.686E+00,39.009E+00,38.833E+00,38.811E+00,+99999.9E+99,+99999.9E+99,+99999.9E+99,0.190E+00,11.9697E+00,11.8058E+00,12.0803E+00,11.9520E+00,10.4793E+00,10.4035E+00,10.5931E+00,10.4920E+00,11.9691E+00,11.8058E+00,12.0803E+00,-0.1208E+00,0.0000E+00,0.0000E+00,15.3925E+00,14.9689E+00,15.1842E+00,27.7319E+00,27.1090E+00,28.5457E+00,-26.4095E+00,-27.1743E+00,-26.5462E+00,39.422E+00,40.482E+00,39.484E+00,+99999.9E+99,+99999.9E+99,+99999.9E+99,1.691E+00,0.35869E+03,0.36079E+03,0.37334E+03,1.09283E+03,0.54292E+03,0.52697E+03,0.54417E+03,1.61405E+03,0.53477E+03,0.52881E+03,0.54191E+03,1.60549E+03,0.62114E+03,0.60391E+03,0.61427E+03,1.83918E+03,-0.39663E+03,-0.38662E+03,-0.39279E+03,-1.17604E+03,-0.30175E+03,-0.29497E+03,-0.28498E+03,-0.88171E+03,-0.67074E+00,-0.68226E+00,-0.68894E+00,-0.68068E+00,-0.87407E+00,-0.87260E+00,-0.88587E+00,-0.87760E+00,0.000E+00,119.976E+00,-119.854E+00,59.170E+00,179.173E+00,-62.276E+00,-47.876E+00,-46.979E+00,-46.454E+00,-47.103E+00,201.924E+00,202.322E+00,202.580E+00,90.216E+00,+99999.9E+99,+99999.9E+99,0.00011E+06,-0.00063E+06,0.00000E+00,12.439E+00,0.757E+03,0.00099E+06,43.773E+00,F0F08
2021/11/30,17:33:46,00000:00:11,750,38003F00,2A00,3B00,3B00,3F00,99.874E+00,0.000E+00,0.000E+00,110.930E+00,0.000E+00,0.000E+00,0.490E+00,0.000E+00,0.000E+00,99.872E+00,0.000E+00,0.000E+00,0.000E+00,0.000E+00,0.000E+00,100.989E+00,0.000E+00,0.000E+00,98.793E+00,0.000E+00,0.000E+00,67.225E+00,+99999.9E+99,+99999.9E+99,1.100E+00,+99999.9E+99,+99999.9E+99,11.9738E+00,0.00000E+00,0.00000E+00,12.3185E+00,0.00000E+00,0.00000E+00,4.5136E+00,0.00000E+00,0.00000E+00,11.0905E+00,0.00000E+00,0.00000E+00,3.7137E+00,0.00000E+00,0.00000E+00,18.2236E+00,0.0000E+00,0.0000E+00,4.0286E+00,0.0000E+00,0.0000E+00,48.532E+00,+99999.9E+99,+99999.9E+99,63.996E+00,+99999.9E+99,+99999.9E+99,1.10565E+03,0.00000E+03,0.00000E+03,0.00000E+03,0.00000E+03,0.00000E+03,1.19587E+03,0.00000E+03,0.00000E+03,0.00000E+03,0.00000E+03,0.00000E+03,0.45568E+03,0.00000E+03,0.00000E+03,0.00000E+03,0.00000E+03,0.00000E+03,0.92456E+00,0.00000E+00,0.00000E+00,0.88860E+00,0.77359E+00,0.47000E+00,0.000E+00,144.211E+00,137.346E+00,152.698E+00,-176.467E+00,19.312E+00,22.398E+00,90.000E+00,90.000E+00,0.00000E+00,0.00000E+00,0.00000E+00,73.515E+00,100.000E+00,100.000E+00,0.29283E+03,0.00000E+03,0.00000E+03,+99999.9E+99,+99999.9E+99,+99999.9E+99,+99999.9E+99,+99999.9E+99,+99999.9E+99,+99999.9E+99,+99999.9E+99,+99999.9E+99,+99999.9E+99,+99999.9E+99,+99999.9E+99,1B00,0,0,0,1B00,76.5287E+00,76.6258E+00,76.5450E+00,76.5665E+00,72.2818E+00,72.6657E+00,72.3689E+00,72.4388E+00,76.5287E+00,76.6258E+00,76.5450E+00,0.0000E+00,0.0000E+00,0.0000E+00,72.8720E+00,72.7131E+00,72.6406E+00,105.819E+00,106.141E+00,105.704E+00,-105.021E+00,-105.013E+00,-104.309E+00,18.415E+00,18.010E+00,18.029E+00,+99999.9E+99,+99999.9E+99,+99999.9E+99,0.189E+00,9.3028E+00,8.7854E+00,8.9286E+00,9.0056E+00,8.0053E+00,7.5729E+00,7.6107E+00,7.7296E+00,9.3017E+00,8.7810E+00,8.9186E+00,-0.1426E+00,-0.2789E+00,0.4226E+00,6.1280E+00,6.4283E+00,6.8348E+00,25.7848E+00,23.9562E+00,25.0824E+00,-26.5652E+00,-25.5129E+00,-22.0714E+00,56.999E+00,52.778E+00,49.968E+00,+99999.9E+99,+99999.9E+99,+99999.9E+99,4.898E+00,0.27861E+03,0.25952E+03,0.27470E+03,0.81282E+03,0.21942E+03,0.23615E+03,0.24071E+03,0.69628E+03,0.41328E+03,0.38938E+03,0.39574E+03,1.19840E+03,0.25499E+03,0.26211E+03,0.27613E+03,0.79272E+03,-0.30526E+03,-0.29029E+03,-0.28487E+03,-0.88041E+03,-0.12990E+03,-0.11374E+03,-0.13531E+03,-0.37895E+03,-0.67413E+00,-0.66649E+00,-0.69414E+00,-0.67826E+00,-0.86050E+00,-0.90095E+00,-0.87172E+00,-0.87834E+00,0.000E+00,120.133E+00,-120.045E+00,60.552E+00,175.820E+00,-60.599E+00,-47.613E+00,-48.203E+00,-46.041E+00,-47.292E+00,201.999E+00,201.279E+00,201.724E+00,95.415E+00,+99999.9E+99,+99999.9E+99,0.00004E+06,-0.00052E+06,0.00000E+00,9.797E+00,0.756E+03,0.00078E+06,43.864E+00,F0F08
2021/11/30,17:33:47,00000:00:11,800,38003F00,2D00,3F00,3F00,3F00,99.874E+00,0.000E+00,0.000E+00,110.930E+00,0.000E+00,0.000E+00,0.490E+00,0.000E+00,0.000E+00,99.872E+00,0.000E+00,0.000E+00,0.000E+00,0.000E+00,0.000E+00,100.989E+00,0.000E+00,0.000E+00,98.793E+00,0.000E+00,0.000E+00,36.269E+00,470.597E+00,476.655E+00,1.100E+00,+99999.9E+99,+99999.9E+99,11.9738E+00,0.00000E+00,0.00000E+00,12.3185E+00,0.00000E+00,0.00000E+00,4.5136E+00,0.00000E+00,0.00000E+00,11.0905E+00,0.00000E+00,0.00000E+00,4.1564E+00,0.00000E+00,0.00000E+00,18.2236E+00,0.0000E+00,0.0000E+00,4.0286E+00,0.0000E+00,0.0000E+00,44.783E+00,+99999.9E+99,+99999.9E+99,63.996E+00,+99999.9E+99,+99999.9E+99,1.10565E+03,0.00000E+03,0.00000E+03,0.00000E+03,0.00000E+03,0.00000E+03,1.19587E+03,0.00000E+03,0.00000E+03,0.00000E+03,0.00000E+03,0.00000E+03,0.45568E+03,0.00000E+03,0.00000E+03,0.00000E+03,0.00000E+03,0.00000E+03,0.92456E+00,0.00000E+00,0.00000E+00,0.93056E+00,0.24906E+00,0.86441E+00,0.000E+00,130.877E+00,176.035E+00,158.522E+00,55.299E+00,145.850E+00,22.398E+00,90.000E+00,90.000E+00,0.00000E+00,0.00000E+00,0.00000E+00,121.166E+00,100.000E+00,100.000E+00,-0.23402E+03,0.00000E+03,0.00000E+03,+99999.9E+99,+99999.9E+99,+99999.9E+99,+99999.9E+99,+99999.9E+99,+99999.9E+99,+99999.9E+99,+99999.9E+99,+99999.9E+99,+99999.9E+99,+99999.9E+99,+99999.9E+99,1B00,0,0,0,1B00,76.9815E+00,77.4288E+00,77.3148E+00,77.2417E+00,71.6441E+00,72.4881E+00,72.2688E+00,72.1337E+00,76.9815E+00,77.4288E+00,77.3148E+00,0.0000E+00,0.0000E+00,0.0000E+00,71.7081E+00,72.3216E+00,72.0826E+00,105.640E+00,106.007E+00,105.631E+00,-105.129E+00,-104.686E+00,-104.367E+00,24.425E+00,24.495E+00,24.461E+00,+99999.9E+99,+99999.9E+99,+99999.9E+99,0.490E+00,13.8496E+00,13.5310E+00,13.6617E+00,13.6808E+00,12.9402E+00,12.7548E+00,12.7152E+00,12.8034E+00,13.8487E+00,13.5288E+00,13.6557E+00,-0.1612E+00,-0.2446E+00,0.4069E+00,9.7214E+00,8.8494E+00,9.0240E+00,27.2743E+00,27.1724E+00,28.5190E+00,-26.2814E+00,-27.0905E+00,-26.4348E+00,45.446E+00,48.468E+00,48.391E+00,+99999.9E+99,+99999.9E+99,+99999.9E+99,7.094E+00,0.45067E+03,0.43901E+03,0.45000E+03,1.33967E+03,0.34953E+03,0.30357E+03,0.32994E+03,0.98304E+03,0.62352E+03,0.60936E+03,0.61750E+03,1.85038E+03,0.39585E+03,0.35714E+03,0.36154E+03,1.11292E+03,-0.43090E+03,-0.42260E+03,-0.42286E+03,-1.27637E+03,-0.18581E+03,-0.18812E+03,-0.14782E+03,-0.52175E+03,-0.72278E+00,-0.72044E+00,-0.72874E+00,-0.72400E+00,-0.88299E+00,-0.85001E+00,-0.91260E+00,-0.88330E+00,0.000E+00,119.930E+00,-119.618E+00,58.273E+00,-178.388E+00,-65.659E+00,-43.716E+00,-43.909E+00,-43.219E+00,-43.615E+00,201.040E+00,202.003E+00,200.910E+00,90.275E+00,+99999.9E+99,+99999.9E+99,0.00013E+06,-0.00077E+06,0.00000E+00,15.261E+00,0.757E+03,0.00121E+06,43.537E+00,F0F08
2021/11/30,17:33:47,00000:00:11,850,38003F00,2800,3B00,3B00,3F00,100.058E+00,0.000E+00,0.000E+00,111.135E+00,0.000E+00,0.000E+00,0.498E+00,0.000E+00,0.000E+00,100.056E+00,0.000E+00,0.000E+00,0.000E+00,0.000E+00,0.000E+00,100.939E+00,0.000E+00,0.000E+00,98.814E+00,0.000E+00,0.000E+00,36.269E+00,470.597E+00,476.655E+00,1.062E+00,+99999.9E+99,+99999.9E+99,11.0045E+00,0.00000E+00,0.00000E+00,11.1968E+00,0.00000E+00,0.00000E+00,4.4136E+00,0.00000E+00,0.00000E+00,10.0806E+00,0.00000E+00,0.00000E+00,4.1564E+00,0.00000E+00,0.00000E+00,18.3036E+00,0.0000E+00,0.0000E+00,3.4443E+00,0.0000E+00,0.0000E+00,44.783E+00,+99999.9E+99,+99999.9E+99,73.702E+00,+99999.9E+99,+99999.9E+99,1.00668E+03,0.00000E+03,0.00000E+03,0.00000E+03,0.00000E+03,0.00000E+03,1.10109E+03,0.00000E+03,0.00000E+03,0.00000E+03,0.00000E+03,0.00000E+03,-0.44609E+03,0.00000E+03,0.00000E+03,0.00000E+03,0.00000E+03,0.00000E+03,-0.91426E+00,0.00000E+00,0.00000E+00,0.93056E+00,0.24906E+00,0.86441E+00,0.000E+00,130.877E+00,176.035E+00,158.522E+00,55.299E+00,145.850E+00,-23.900E+00,90.000E+00,90.000E+00,9.33184E+00,0.00000E+00,0.00000E+00,88.511E+00,100.000E+00,100.000E+00,0.11566E+03,0.00000E+03,0.00000E+03,+99999.9E+99,+99999.9E+99,+99999.9E+99,+99999.9E+99,+99999.9E+99,+99999.9E+99,+99999.9E+99,+99999.9E+99,+99999.9E+99,+99999.9E+99,+99999.9E+99,+99999.9E+99,1B00,0,0,0,1B00,76.6740E+00,76.6446E+00,76.3544E+00,76.5577E+00,72.5673E+00,72.6880E+00,72.0325E+00,72.4293E+00,76.6740E+00,76.6446E+00,76.3544E+00,0.0000E+00,0.0000E+00,0.0000E+00,70.7123E+00,70.6145E+00,70.4688E+00,105.671E+00,106.003E+00,105.741E+00,-104.361E+00,-104.127E+00,-104.531E+00,35.847E+00,35.394E+00,35.803E+00,+99999.9E+99,+99999.9E+99,+99999.9E+99,0.201E+00,9.8239E+00,9.4193E+00,10.0339E+00,9.7590E+00,8.5304E+00,8.1852E+00,8.5978E+00,8.4378E+00,9.8233E+00,9.4193E+00,10.0339E+00,-0.1106E+00,0.0000E+00,0.0000E+00,13.4544E+00,13.4932E+00,14.0238E+00,26.4824E+00,24.8757E+00,27.2067E+00,-25.5957E+00,-23.1910E+00,-26.6767E+00,42.693E+00,42.041E+00,40.184E+00,+99999.9E+99,+99999.9E+99,+99999.9E+99,2.403E+00,0.29122E+03,0.28998E+03,0.30982E+03,0.89102E+03,0.46981E+03,0.48422E+03,0.49274E+03,1.44677E+03,0.43673E+03,0.41909E+03,0.44507E+03,1.30089E+03,0.54419E+03,0.54709E+03,0.56394E+03,1.65494E+03,-0.32545E+03,-0.30257E+03,-0.31953E+03,-0.94756E+03,-0.27463E+03,-0.25464E+03,-0.27428E+03,-0.80355E+03,-0.66683E+00,-0.69192E+00,-0.69611E+00,-0.68493E+00,-0.86332E+00,-0.88508E+00,-0.87376E+00,-0.87421E+00,0.000E+00,120.175E+00,-119.991E+00,60.256E+00,177.852E+00,-60.774E+00,-48.177E+00,-46.218E+00,-45.884E+00,-46.770E+00,202.359E+00,201.507E+00,202.367E+00,91.719E+00,+99999.9E+99,+99999.9E+99,0.00007E+06,-0.00053E+06,0.00000E+00,10.325E+00,0.756E+03,0.00082E+06,43.975E+00,F0F08
2021/11/30,17:33:47,00000:00:11,900,38003800,0,1800,1800,3800,99.913E+00,0.000E+00,0.000E+00,110.974E+00,0.000E+00,0.000E+00,0.512E+00,0.000E+00,0.000E+00,99.912E+00,0.000E+00,0.000E+00,0.000E+00,0.000E+00,0.000E+00,100.925E+00,0.000E+00,0.000E+00,98.829E+00,0.000E+00,0.000E+00,98.873E+00,+99999.9E+99,+99999.9E+99,1.049E+00,+99999.9E+99,+99999.9E+99,11.9416E+00,0.00000E+00,0.00000E+00,12.2435E+00,0.00000E+00,0.00000E+00,4.5929E+00,0.00000E+00,0.00000E+00,11.0230E+00,0.00000E+00,0.00000E+00,3.1842E+00,0.00000E+00,0.00000E+00,18.3645E+00,0.0000E+00,0.0000E+00,4.2064E+00,0.0000E+00,0.0000E+00,99.146E+00,+99999.9E+99,+99999.9E+99,64.221E+00,+99999.9E+99,+99999.9E+99,1.09922E+03,0.00000E+03,0.00000E+03,0.00000E+03,0.00000E+03,0.00000E+03,1.19312E+03,0.00000E+03,0.00000E+03,0.00000E+03,0.00000E+03,0.00000E+03,0.46395E+03,0.00000E+03,0.00000E+03,0.00000E+03,0.00000E+03,0.00000E+03,0.92130E+00,0.00000E+00,0.00000E+00,0.83059E+00,0.29707E+00,0.48942E+00,0.000E+00,-173.781E+00,157.525E+00,146.159E+00,-101.063E+00,96.827E+00,22.883E+00,90.000E+00,90.000E+00,12.6016E+00,0.00000E+00,0.00000E+00,96.583E+00,100.000E+00,100.000E+00,0.03756E+03,0.00000E+03,0.00000E+03,+99999.9E+99,+99999.9E+99,+99999.9E+99,+99999.9E+99,+99999.9E+99,+99999.9E+99,+99999.9E+99,+99999.9E+99,+99999.9E+99,+99999.9E+99,+99999.9E+99,+99999.9E+99,1B00,0,0,0,1B00,76.5344E+00,76.9886E+00,77.0219E+00,76.8483E+00,71.8803E+00,72.7669E+00,72.8030E+00,72.4834E+00,76.5344E+00,76.9886E+00,77.0219E+00,0.0000E+00,0.0000E+00,0.0000E+00,73.0548E+00,73.1640E+00,73.0502E+00,105.860E+00,106.077E+00,105.784E+00,-104.500E+00,-104.026E+00,-105.049E+00,14.167E+00,14.033E+00,14.333E+00,+99999.9E+99,+99999.9E+99,+99999.9E+99,0.101E+00,11.7895E+00,11.5403E+00,11.3381E+00,11.5560E+00,10.1693E+00,10.0200E+00,9.7259E+00,9.9717E+00,11.7885E+00,11.5334E+00,11.3246E+00,-0.1551E+00,-0.3979E+00,0.5540E+00,4.9571E+00,4.7140E+00,4.9611E+00,27.8338E+00,27.1852E+00,28.5814E+00,-26.7152E+00,-27.2457E+00,-26.1400E+00,57.127E+00,58.415E+00,55.087E+00,+99999.9E+99,+99999.9E+99,+99999.9E+99,2.670E+00,0.36544E+03,0.34574E+03,0.35048E+03,1.06166E+03,0.17979E+03,0.17614E+03,0.18562E+03,0.54155E+03,0.52651E+03,0.51453E+03,0.50800E+03,1.54904E+03,0.20489E+03,0.19779E+03,0.20658E+03,0.60915E+03,-0.37904E+03,-0.38105E+03,-0.36773E+03,-1.12783E+03,-0.09828E+03,-0.08998E+03,-0.09065E+03,-0.27891E+03,-0.69407E+00,-0.67196E+00,-0.68992E+00,-0.68537E+00,-0.87745E+00,-0.89053E+00,-0.89857E+00,-0.88902E+00,0.000E+00,120.051E+00,-119.903E+00,58.710E+00,177.062E+00,-63.871E+00,-46.047E+00,-47.781E+00,-46.376E+00,-46.736E+00,201.123E+00,201.876E+00,201.262E+00,92.928E+00,+99999.9E+99,+99999.9E+99,0.00008E+06,-0.00064E+06,0.00000E+00,12.460E+00,0.756E+03,0.00099E+06,43.609E+00,F0F0F
2021/11/30,17:33:47,00000:00:11,950,38003F00,500,1F00,1F00,3F00,99.913E+00,0.000E+00,0.000E+00,110.974E+00,0.000E+00,0.000E+00,0.512E+00,0.000E+00,0.000E+00,99.912E+00,0.000E+00,0.000E+00,0.000E+00,0.000E+00,0.000E+00,100.925E+00,0.000E+00,0.000E+00,98.829E+00,0.000E+00,0.000E+00,98.873E+00,+99999.9E+99,+99999.9E+99,1.049E+00,+99999.9E+99,+99999.9E+99,11.9416E+00,0.00000E+00,0.00000E+00,12.2435E+00,0.00000E+00,0.00000E+00,4.5929E+00,0.00000E+00,0.00000E+00,11.0230E+00,0.00000E+00,0.00000E+00,3.1842E+00,0.00000E+00,0.00000E+00,18.3645E+00,0.0000E+00,0.0000E+00,4.2064E+00,0.0000E+00,0.0000E+00,99.146E+00,+99999.9E+99,+99999.9E+99,64.221E+00,+99999.9E+99,+99999.9E+99,1.09922E+03,0.00000E+03,0.00000E+03,0.00000E+03,0.00000E+03,0.00000E+03,1.19312E+03,0.00000E+03,0.00000E+03,0.00000E+03,0.00000E+03,0.00000E+03,0.46395E+03,0.00000E+03,0.00000E+03,0.00000E+03,0.00000E+03,0.00000E+03,0.92130E+00,0.00000E+00,0.00000E+00,0.83059E+00,0.29707E+00,0.48942E+00,0.000E+00,-173.781E+00,157.525E+00,146.159E+00,-101.063E+00,96.827E+00,22.883E+00,90.000E+00,90.000E+00,12.6016E+00,0.00000E+00,0.00000E+00,115.741E+00,100.000E+00,100.000E+00,-0.17303E+03,0.00000E+03,0.00000E+03,+99999.9E+99,+99999.9E+99,+99999.9E+99,+99999.9E+99,+99999.9E+99,+99999.9E+99,+99999.9E+99,+99999.9E+99,+99999.9E+99,+99999.9E+99,+99999.9E+99,+99999.9E+99,1B00,0,0,0,1B00,77.2128E+00,77.2052E+00,77.0100E+00,77.1427E+00,72.1590E+00,72.3362E+00,71.8439E+00,72.1131E+00,77.2128E+00,77.2052E+00,77.0100E+00,0.0000E+00,0.0000E+00,0.0000E+00,70.4149E+00,71.0195E+00,70.9107E+00,105.466E+00,105.800E+00,105.601E+00,-104.596E+00,-104.659E+00,-104.860E+00,34.835E+00,34.803E+00,34.728E+00,+99999.9E+99,+99999.9E+99,+99999.9E+99,0.526E+00,13.4357E+00,12.9965E+00,13.3735E+00,13.2686E+00,12.3949E+00,11.9683E+00,12.3134E+00,12.2255E+00,13.4348E+00,12.9965E+00,13.3716E+00,-0.1584E+00,0.0000E+00,0.2275E+00,14.2111E+00,13.2709E+00,13.2513E+00,27.3486E+00,26.9424E+00,28.4629E+00,-26.0481E+00,-26.5581E+00,-26.4857E+00,39.400E+00,41.738E+00,41.969E+00,+99999.9E+99,+99999.9E+99,+99999.9E+99,4.459E+00,0.42238E+03,0.41329E+03,0.43658E+03,1.27225E+03,0.50824E+03,0.46427E+03,0.48967E+03,1.46218E+03,0.60533E+03,0.58523E+03,0.60093E+03,1.79149E+03,0.57216E+03,0.53625E+03,0.54107E+03,1.64852E+03,-0.43361E+03,-0.41436E+03,-0.41293E+03,-1.26090E+03,-0.26280E+03,-0.26837E+03,-0.23017E+03,-0.76134E+03,-0.69777E+00,-0.70619E+00,-0.72651E+00,-0.71016E+00,-0.88827E+00,-0.86576E+00,-0.90501E+00,-0.88697E+00,0.000E+00,119.824E+00,-119.664E+00,57.627E+00,179.799E+00,-64.717E+00,-45.752E+00,-45.074E+00,-43.405E+00,-44.752E+00,202.171E+00,201.546E+00,201.906E+00,89.683E+00,+99999.9E+99,+99999.9E+99,0.00013E+06,-0.00073E+06,0.00000E+00,14.388E+00,0.757E+03,0.00114E+06,43.813E+00,F0F0F
2021/11/30,17:33:47,00000:00:12,0,38003F00,500,1F00,1F00,3F00,99.913E+00,0.000E+00,0.000E+00,110.974E+00,0.000E+00,0.000E+00,0.512E+00,0.000E+00,0.000E+00,99.912E+00,0.000E+00,0.000E+00,0.000E+00,0.000E+00,0.000E+00,100.925E+00,0.000E+00,0.000E+00,98.829E+00,0.000E+00,0.000E+00,20.323E+00,+99999.9E+99,412.235E+00,1.049E+00,+99999.9E+99,+99999.9E+99,11.9416E+00,0.00000E+00,0.00000E+00,12.2435E+00,0.00000E+00,0.00000E+00,4.5929E+00,0.00000E+00,0.00000E+00,11.0230E+00,0.00000E+00,0.00000E+00,4.6481E+00,0.00000E+00,0.00000E+00,18.3645E+00,0.0000E+00,0.0000E+00,4.2064E+00,0.0000E+00,0.0000E+00,12.028E+00,+99999.9E+99,+99999.9E+99,64.221E+00,+99999.9E+99,+99999.9E+99,1.09922E+03,0.00000E+03,0.00000E+03,0.00000E+03,0.00000E+03,0.00000E+03,1.19312E+03,0.00000E+03,0.00000E+03,0.00000E+03,0.00000E+03,0.00000E+03,0.46395E+03,0.00000E+03,0.00000E+03,0.00000E+03,0.00000E+03,0.00000E+03,0.92130E+00,0.00000E+00,0.00000E+00,0.91751E+00,0.94734E+00,0.26228E+00,0.000E+00,148.892E+00,161.088E+00,156.565E+00,130.215E+00,-124.118E+00,22.883E+00,90.000E+00,90.000E+00,12.6016E+00,0.00000E+00,0.00000E+00,67.801E+00,100.000E+00,100.000E+00,0.35394E+03,0.00000E+03,0.00000E+03,+99999.9E+99,+99999.9E+99,+99999.9E+99,+99999.9E+99,+99999.9E+99,+99999.9E+99,+99999.9E+99,+99999.9E+99,+99999.9E+99,+99999.9E+99,+99999.9E+99,+99999.9E+99,1B00,0,0,0,1B00,76.2560E+00,76.6081E+00,76.4766E+00,76.4469E+00,72.0745E+00,72.7535E+00,72.5040E+00,72.4440E+00,76.2560E+00,76.6081E+00,76.4766E+00,0.0000E+00,0.0000E+00,0.0000E+00,71.9159E+00,71.7557E+00,71.6874E+00,105.724E+00,106.114E+00,105.767E+00,-104.727E+00,-104.530E+00,-105.366E+00,27.177E+00,26.164E+00,26.844E+00,+99999.9E+99,+99999.9E+99,+99999.9E+99,0.190E+00,8.0859E+00,8.0326E+00,7.9843E+00,8.0343E+00,7.1551E+00,7.1132E+00,7.0449E+00,7.1044E+00,8.0849E+00,8.0326E+00,7.9812E+00,-0.1263E+00,0.0000E+00,0.2214E+00,9.7272E+00,9.8987E+00,10.2514E+00,22.4452E+00,20.8681E+00,20.5471E+00,-18.7824E+00,-18.7376E+00,-20.0829E+00,48.476E+00,46.055E+00,44.450E+00,+99999.9E+99,+99999.9E+99,+99999.9E+99,4.250E+00,0.25035E+03,0.24429E+03,0.25064E+03,0.74528E+03,0.33568E+03,0.35917E+03,0.36339E+03,1.05824E+03,0.35736E+03,0.35537E+03,0.35407E+03,1.06680E+03,0.39078E+03,0.40166E+03,0.41904E+03,1.21089E+03,-0.25502E+03,-0.25808E+03,-0.25009E+03,-0.76319E+03,-0.20007E+03,-0.17981E+03,-0.20867E+03,-0.58854E+03,-0.70055E+00,-0.68744E+00,-0.70789E+00,-0.69862E+00,-0.85901E+00,-0.89420E+00,-0.86720E+00,-0.87394E+00,0.000E+00,120.138E+00,-120.039E+00,60.722E+00,176.698E+00,-60.068E+00,-45.529E+00,-46.572E+00,-44.937E+00,-45.684E+00,201.463E+00,201.756E+00,201.733E+00,95.557E+00,+99999.9E+99,+99999.9E+99,0.00003E+06,-0.00047E+06,0.00000E+00,9.003E+00,0.755E+03,0.00071E+06,43.756E+00,F0F08
2021/11/30,17:33:47,00000:00:12,50,38003F00,700,1F00,1F00,3F00,99.913E+00,0.000E+00,0.000E+00,110.974E+00,0.000E+00,0.000E+00,0.512E+00,0.000E+00,0.000E+00,99.912E+00,0.000E+00,0.000E+00,0.000E+00,0.000E+00,0.000E+00,100.925E+00,0.000E+00,0.000E+00,98.829E+00,0.000E+00,0.000E+00,69.949E+00,470.319E+00,457.398E+00,1.049E+00,+99999.9E+99,+99999.9E+99,11.9416E+00,0.00000E+00,0.00000E+00,12.2435E+00,0.00000E+00,0.00000E+00,4.5929E+00,0.00000E+00,0.00000E+00,11.0230E+00,0.00000E+00,0.00000E+00,3.9327E+00,0.00000E+00,0.00000E+00,18.3645E+00,0.0000E+00,0.0000E+00,4.2064E+00,0.0000E+00,0.0000E+00,51.358E+00,+99999.9E+99,+99999.9E+99,64.221E+00,+99999.9E+99,+99999.9E+99,1.09922E+03,0.00000E+03,0.00000E+03,0.00000E+03,0.00000E+03,0.00000E+03,1.19312E+03,0.00000E+03,0.00000E+03,0.00000E+03,0.00000E+03,0.00000E+03,0.46395E+03,0.00000E+03,0.00000E+03,0.00000E+03,0.00000E+03,0.00000E+03,0.92130E+00,0.00000E+00,0.00000E+00,0.88979E+00,0.38444E+00,0.10260E+00,0.000E+00,-177.685E+00,143.915E+00,152.847E+00,69.706E+00,-131.974E+00,22.883E+00,90.000E+00,90.000E+00,12.6016E+00,0.00000E+00,0.00000E+00,114.585E+00,100.000E+00,100.000E+00,-0.16032E+03,0.00000E+03,0.00000E+03,+99999.9E+99,+99999.9E+99,+99999.9E+99,+99999.9E+99,+99999.9E+99,+99999.9E+99,+99999.9E+99,+99999.9E+99,+99999.9E+99,+99999.9E+99,+99999.9E+99,+99999.9E+99,1B00,0,0,0,1B00,77.0761E+00,77.1479E+00,77.0792E+00,77.1011E+00,72.1269E+00,72.4587E+00,72.1992E+00,72.2616E+00,77.0761E+00,77.1479E+00,77.0792E+00,0.0000E+00,0.0000E+00,0.0000E+00,72.6472E+00,73.0612E+00,72.9294E+00,105.786E+00,106.053E+00,105.837E+00,-105.013E+00,-104.914E+00,-104.223E+00,15.604E+00,15.587E+00,15.987E+00,+99999.9E+99,+99999.9E+99,+99999.9E+99,0.343E+00,13.4822E+00,13.0278E+00,13.2173E+00,13.2424E+00,12.2104E+00,11.7391E+00,11.7972E+00,11.9156E+00,13.4811E+00,13.0228E+00,13.2068E+00,-0.1674E+00,-0.3593E+00,0.5277E+00,5.9886E+00,5.3047E+00,5.1547E+00,27.8862E+00,27.1690E+00,28.7967E+00,-26.7448E+00,-27.3290E+00,-26.8343E+00,52.765E+00,58.009E+00,59.080E+00,+99999.9E+99,+99999.9E+99,+99999.9E+99,7.961E+00,0.42837E+03,0.40690E+03,0.42427E+03,1.25954E+03,0.20934E+03,0.17850E+03,0.19504E+03,0.58288E+03,0.60683E+03,0.58509E+03,0.59339E+03,1.78532E+03,0.23883E+03,0.21300E+03,0.21453E+03,0.66519E+03,-0.42981E+03,-0.42044E+03,-0.41486E+03,-1.26511E+03,-0.11496E+03,-0.11622E+03,-0.08933E+03,-0.32052E+03,-0.70592E+00,-0.69544E+00,-0.71499E+00,-0.70550E+00,-0.87653E+00,-0.83802E+00,-0.90917E+00,-0.87626E+00,0.000E+00,119.930E+00,-119.747E+00,58.965E+00,-177.063E+00,-65.269E+00,-45.096E+00,-45.938E+00,-44.358E+00,-45.130E+00,201.625E+00,201.287E+00,201.595E+00,90.720E+00,+99999.9E+99,+99999.9E+99,0.00012E+06,-0.00074E+06,0.00000E+00,14.428E+00,0.756E+03,0.00114E+06,43.738E+00,F0F08
2021/11/30,17:33:47,00000:00:12,100,38003D00,500,1C00,1C00,3800,99.913E+00,0.000E+00,0.000E+00,110.974E+00,0.000E+00,0.000E+00,0.512E+00,0.000E+00,0.000E+00,99.912E+00,0.000E+00,0.000E+00,0.000E+00,0.000E+00,0.000E+00,100.925E+00,0.000E+00,0.000E+00,98.829E+00,0.000E+00,0.000E+00,69.949E+00,470.319E+00,457.398E+00,1.049E+00,+99999.9E+99,+99999.9E+99,11.9416E+00,0.00000E+00,0.00000E+00,12.2435E+00,0.00000E+00,0.00000E+00,4.5929E+00,0.00000E+00,0.00000E+00,11.0230E+00,0.00000E+00,0.00000E+00,3.9327E+00,0.00000E+00,0.00000E+00,18.3645E+00,0.0000E+00,0.0000E+00,4.2064E+00,0.0000E+00,0.0000E+00,51.358E+00,+99999.9E+99,+99999.9E+99,64.221E+00,+99999.9E+99,+99999.9E+99,1.09922E+03,0.00000E+03,0.00000E+03,0.00000E+03,0.00000E+03,0.00000E+03,1.19312E+03,0.00000E+03,0.00000E+03,0.00000E+03,0.00000E+03,0.00000E+03,0.46395E+03,0.00000E+03,0.00000E+03,0.00000E+03,0.00000E+03,0.00000E+03,0.92130E+00,0.00000E+00,0.00000E+00,0.88979E+00,0.38444E+00,0.10260E+00,0.000E+00,-177.685E+00,143.915E+00,152.847E+00,69.706E+00,-131.974E+00,22.883E+00,90.000E+00,90.000E+00,12.6016E+00,0.00000E+00,0.00000E+00,99.950E+00,100.000E+00,100.000E+00,0.00055E+03,0.00000E+03,0.00000E+03,+99999.9E+99,+99999.9E+99,+99999.9E+99,+99999.9E+99,+99999.9E+99,+99999.9E+99,+99999.9E+99,+99999.9E+99,+99999.9E+99,+99999.9E+99,+99999.9E+99,+99999.9E+99,1B00,0,0,0,1B00,76.7182E+00,77.0645E+00,76.8000E+00,76.8609E+00,71.9974E+00,72.6369E+00,72.1506E+00,72.2616E+00,76.7182E+00,77.0645E+00,76.8000E+00,0.0000E+00,0.0000E+00,0.0000E+00,69.9595E+00,70.1747E+00,70.0768E+00,105.237E+00,105.830E+00,105.560E+00,-104.340E+00,-104.614E+00,-104.163E+00,39.188E+00,39.026E+00,39.010E+00,+99999.9E+99,+99999.9E+99,+99999.9E+99,0.182E+00,12.0251E+00,11.8509E+00,12.1509E+00,12.0090E+00,10.5161E+00,10.4315E+00,10.6375E+00,10.5284E+00,12.0246E+00,11.8509E+00,12.1509E+00,-0.1014E+00,0.0000E+00,0.0000E+00,15.5175E+00,15.1195E+00,15.3285E+00,27.6686E+00,27.1995E+00,28.7548E+00,-26.1876E+00,-27.0610E+00,-26.9005E+00,39.218E+00,40.164E+00,39.265E+00,+99999.9E+99,+99999.9E+99,+99999.9E+99,1.589E+00,0.36016E+03,0.36270E+03,0.37581E+03,1.09867E+03,0.54834E+03,0.53347E+03,0.54994E+03,1.63175E+03,0.53692E+03,0.53058E+03,0.54487E+03,1.61238E+03,0.62564E+03,0.60942E+03,0.61955E+03,1.85448E+03,-0.39821E+03,-0.38726E+03,-0.39452E+03,-1.17999E+03,-0.30124E+03,-0.29463E+03,-0.28531E+03,-0.88119E+03,-0.67078E+00,-0.68359E+00,-0.68973E+00,-0.68140E+00,-0.87645E+00,-0.87537E+00,-0.88765E+00,-0.87990E+00,0.000E+00,119.985E+00,-119.853E+00,58.886E+00,178.852E+00,-62.490E+00,-47.873E+00,-46.875E+00,-46.391E+00,-47.047E+00,201.705E+00,202.057E+00,201.531E+00,90.156E+00,+99999.9E+99,+99999.9E+99,0.00011E+06,-0.00063E+06,0.00000E+00,12.504E+00,0.756E+03,0.00099E+06,43.745E+00,F0F08
2021/11/30,17:33:47,00000:00:12,150,38003F00,2A00,3B00,3B00,3F00,99.873E+00,0.000E+00,0.000E+00,110.929E+00,0.000E+00,0.000E+00,0.515E+00,0.000E+00,0.000E+00,99.871E+00,0.000E+00,0.000E+00,0.000E+00,0.000E+00,0.000E+00,101.046E+00,0.000E+00,0.000E+00,98.782E+00,0.000E+00,0.000E+00,38.725E+00,+99999.9E+99,+99999.9E+99,1.134E+00,+99999.9E+99,+99999.9E+99,12.0616E+00,0.00000E+00,0.00000E+00,12.3176E+00,0.00000E+00,0.00000E+00,4.7435E+00,0.00000E+00,0.00000E+00,11.0897E+00,0.00000E+00,0.00000E+00,4.3005E+00,0.00000E+00,0.00000E+00,18.3876E+00,0.0000E+00,0.0000E+00,3.4071E+00,0.0000E+00,0.0000E+00,45.810E+00,+99999.9E+99,+99999.9E+99,67.542E+00,+99999.9E+99,+99999.9E+99,1.10534E+03,0.00000E+03,0.00000E+03,0.00000E+03,0.00000E+03,0.00000E+03,1.20463E+03,0.00000E+03,0.00000E+03,0.00000E+03,0.00000E+03,0.00000E+03,0.47890E+03,0.00000E+03,0.00000E+03,0.00000E+03,0.00000E+03,0.00000E+03,0.91758E+00,0.00000E+00,0.00000E+00,0.93069E+00,0.72377E+00,0.78989E+00,0.000E+00,109.959E+00,167.104E+00,158.543E+00,66.325E+00,24.929E+00,23.425E+00,90.000E+00,90.000E+00,0.00000E+00,0.00000E+00,0.00000E+00,78.509E+00,100.000E+00,100.000E+00,0.23755E+03,0.00000E+03,0.00000E+03,+99999.9E+99,+99999.9E+99,+99999.9E+99,+99999.9E+99,+99999.9E+99,+99999.9E+99,+99999.9E+99,+99999.9E+99,+99999.9E+99,+99999.9E+99,+99999.9E+99,+99999.9E+99,1B00,0,0,0,1B00,76.5170E+00,76.6262E+00,76.5574E+00,76.5669E+00,72.4104E+00,72.8015E+00,72.5252E+00,72.5790E+00,76.5170E+00,76.6262E+00,76.5574E+00,0.0000E+00,0.0000E+00,0.0000E+00,72.8170E+00,72.6355E+00,72.5717E+00,105.807E+00,106.081E+00,105.736E+00,-104.506E+00,-105.186E+00,-104.667E+00,18.599E+00,18.229E+00,18.212E+00,+99999.9E+99,+99999.9E+99,+99999.9E+99,0.204E+00,9.6282E+00,9.1273E+00,9.2688E+00,9.3414E+00,8.3385E+00,7.9213E+00,7.9642E+00,8.0747E+00,9.6272E+00,9.1243E+00,9.2611E+00,-0.1418E+00,-0.2339E+00,0.3767E+00,6.2153E+00,6.5419E+00,6.9227E+00,26.2414E+00,24.3738E+00,25.0419E+00,-26.5767E+00,-25.2876E+00,-22.6943E+00,56.341E+00,52.065E+00,49.512E+00,+99999.9E+99,+99999.9E+99,+99999.9E+99,4.776E+00,0.29669E+03,0.27848E+03,0.29263E+03,0.86779E+03,0.22366E+03,0.24098E+03,0.24430E+03,0.70894E+03,0.42812E+03,0.40481E+03,0.41124E+03,1.24417E+03,0.25845E+03,0.26668E+03,0.27953E+03,0.80415E+03,-0.30864E+03,-0.29381E+03,-0.28894E+03,-0.89139E+03,-0.12950E+03,-0.11422E+03,-0.13583E+03,-0.37956E+03,-0.69301E+00,-0.68791E+00,-0.71157E+00,-0.69749E+00,-0.86540E+00,-0.90362E+00,-0.87400E+00,-0.88160E+00,0.000E+00,120.135E+00,-120.059E+00,59.987E+00,175.471E+00,-60.875E+00,-46.131E+00,-46.535E+00,-44.637E+00,-45.774E+00,201.687E+00,201.273E+00,202.008E+00,94.147E+00,+99999.9E+99,+99999.9E+99,0.00005E+06,-0.00054E+06,0.00000E+00,10.322E+00,0.756E+03,0.00082E+06,43.788E+00,F0F08
2021/11/30,17:33:47,00000:00:12,200,38003F00,2D00,3F00,3F00,3F00,99.873E+00,0.000E+00,0.000E+00,110.929E+00,0.000E+00,0.000E+00,0.515E+00,0.000E+00,0.000E+00,99.871E+00,0.000E+00,0.000E+00,0.000E+00,0.000E+00,0.000E+00,101.046E+00,0.000E+00,0.000E+00,98.782E+00,0.000E+00,0.000E+00,38.725E+00,+99999.9E+99,+99999.9E+99,1.134E+00,+99999.9E+99,+99999.9E+99,12.0616E+00,0.00000E+00,0.00000E+00,12.3176E+00,0.00000E+00,0.00000E+00,4.7435E+00,0.00000E+00,0.00000E+00,11.0897E+00,0.00000E+00,0.00000E+00,4.3005E+00,0.00000E+00,0.00000E+00,18.3876E+00,0.0000E+00,0.0000E+00,3.4071E+00,0.0000E+00,0.0000E+00,45.810E+00,+99999.9E+99,+99999.9E+99,67.542E+00,+99999.9E+99,+99999.9E+99,1.10534E+03,0.00000E+03,0.00000E+03,0.00000E+03,0.00000E+03,0.00000E+03,1.20463E+03,0.00000E+03,0.00000E+03,0.00000E+03,0.00000E+03,0.00000E+03,0.47890E+03,0.00000E+03,0.00000E+03,0.00000E+03,0.00000E+03,0.00000E+03,0.91758E+00,0.00000E+00,0.00000E+00,0.93069E+00,0.72377E+00,0.78989E+00,0.000E+00,109.959E+00,167.104E+00,158.543E+00,66.325E+00,24.929E+00,23.425E+00,90.000E+00,90.000E+00,0.00000E+00,0.00000E+00,0.00000E+00,120.553E+00,100.000E+00,100.000E+00,-0.22718E+03,0.00000E+03,0.00000E+03,+99999.9E+99,+99999.9E+99,+99999.9E+99,+99999.9E+99,+99999.9E+99,+99999.9E+99,+99999.9E+99,+99999.9E+99,+99999.9E+99,+99999.9E+99,+99999.9E+99,+99999.9E+99,1B00,0,0,0,1B00,76.9946E+00,77.4670E+00,77.3126E+00,77.2580E+00,71.6415E+00,72.5065E+00,72.2441E+00,72.1307E+00,76.9946E+00,77.4670E+00,77.3126E+00,0.0000E+00,0.0000E+00,0.0000E+00,71.7135E+00,72.2603E+00,72.0543E+00,105.640E+00,106.040E+00,105.564E+00,-104.606E+00,-105.149E+00,-104.679E+00,25.280E+00,25.715E+00,25.607E+00,+99999.9E+99,+99999.9E+99,+99999.9E+99,0.438E+00,13.8133E+00,13.4994E+00,13.6276E+00,13.6468E+00,12.9073E+00,12.7215E+00,12.6754E+00,12.7681E+00,13.8124E+00,13.4970E+00,13.6215E+00,-0.1517E+00,-0.2533E+00,0.4061E+00,10.2154E+00,9.3794E+00,9.5185E+00,27.6610E+00,27.0605E+00,28.4586E+00,-26.3824E+00,-27.2138E+00,-26.2400E+00,43.734E+00,46.454E+00,46.923E+00,+99999.9E+99,+99999.9E+99,+99999.9E+99,6.552E+00,0.44823E+03,0.43689E+03,0.44740E+03,1.33252E+03,0.37357E+03,0.32876E+03,0.35271E+03,1.05504E+03,0.62164E+03,0.60839E+03,0.61632E+03,1.84634E+03,0.41658E+03,0.37892E+03,0.38255E+03,1.17661E+03,-0.43073E+03,-0.42339E+03,-0.42388E+03,-1.27800E+03,-0.18433E+03,-0.18842E+03,-0.14811E+03,-0.52087E+03,-0.72104E+00,-0.71812E+00,-0.72593E+00,-0.72171E+00,-0.89677E+00,-0.86760E+00,-0.92201E+00,-0.89668E+00,0.000E+00,119.931E+00,-119.664E+00,56.511E+00,179.660E+00,-67.043E+00,-43.859E+00,-44.100E+00,-43.454E+00,-43.804E+00,201.573E+00,202.089E+00,200.965E+00,90.413E+00,+99999.9E+99,+99999.9E+99,0.00013E+06,-0.00077E+06,0.00000E+00,15.195E+00,0.757E+03,0.00120E+06,43.659E+00,F0F08
2021/11/30,17:33:47,00000:00:12,250,38003F00,2800,3B00,3B00,3F00,100.042E+00,0.000E+00,0.000E+00,111.117E+00,0.000E+00,0.000E+00,0.489E+00,0.000E+00,0.000E+00,100.041E+00,0.000E+00,0.000E+00,0.000E+00,0.000E+00,0.000E+00,100.950E+00,0.000E+00,0.000E+00,98.850E+00,0.000E+00,0.000E+00,38.725E+00,+99999.9E+99,+99999.9E+99,1.050E+00,+99999.9E+99,+99999.9E+99,11.1544E+00,0.00000E+00,0.00000E+00,11.4281E+00,0.00000E+00,0.00000E+00,4.3082E+00,0.00000E+00,0.00000E+00,10.2889E+00,0.00000E+00,0.00000E+00,4.3005E+00,0.00000E+00,0.00000E+00,18.2179E+00,0.0000E+00,0.0000E+00,4.1988E+00,0.0000E+00,0.0000E+00,45.810E+00,+99999.9E+99,+99999.9E+99,68.127E+00,+99999.9E+99,+99999.9E+99,1.02744E+03,0.00000E+03,0.00000E+03,0.00000E+03,0.00000E+03,0.00000E+03,1.11591E+03,0.00000E+03,0.00000E+03,0.00000E+03,0.00000E+03,0.00000E+03,0.43547E+03,0.00000E+03,0.00000E+03,0.00000E+03,0.00000E+03,0.00000E+03,0.92072E+00,0.00000E+00,0.00000E+00,0.93069E+00,0.72377E+00,0.78989E+00,0.000E+00,109.959E+00,167.104E+00,158.543E+00,66.325E+00,24.929E+00,22.969E+00,90.000E+00,90.000E+00,9.31610E+00,0.00000E+00,0.00000E+00,84.865E+00,100.000E+00,100.000E+00,0.15550E+03,0.00000E+03,0.00000E+03,+99999.9E+99,+99999.9E+99,+99999.9E+99,+99999.9E+99,+99999.9E+99,+99999.9E+99,+99999.9E+99,+99999.9E+99,+99999.9E+99,+99999.9E+99,+99999.9E+99,+99999.9E+99,1B00,0,0,0,1B00,76.7015E+00,76.6750E+00,76.3863E+00,76.5876E+00,72.5517E+00,72.6858E+00,72.0392E+00,72.4255E+00,76.7015E+00,76.6750E+00,76.3863E+00,0.0000E+00,0.0000E+00,0.0000E+00,70.7240E+00,70.6165E+00,70.4746E+00,105.700E+00,105.999E+00,105.841E+00,-104.754E+00,-104.577E+00,-104.676E+00,35.017E+00,34.523E+00,34.875E+00,+99999.9E+99,+99999.9E+99,+99999.9E+99,0.207E+00,9.6671E+00,9.2595E+00,9.8381E+00,9.5882E+00,8.4248E+00,8.0798E+00,8.4629E+00,8.3225E+00,9.6665E+00,9.2595E+00,9.8381E+00,-0.1035E+00,0.0000E+00,0.0000E+00,12.9939E+00,13.0625E+00,13.6025E+00,26.0062E+00,24.3843E+00,26.7776E+00,-25.0338E+00,-22.6724E+00,-26.0805E+00,43.815E+00,42.991E+00,41.027E+00,+99999.9E+99,+99999.9E+99,+99999.9E+99,2.607E+00,0.28567E+03,0.28349E+03,0.30278E+03,0.87194E+03,0.44704E+03,0.46282E+03,0.47101E+03,1.38086E+03,0.42992E+03,0.41214E+03,0.43649E+03,1.27854E+03,0.52535E+03,0.52867E+03,0.54621E+03,1.59992E+03,-0.32128E+03,-0.29915E+03,-0.31440E+03,-0.93483E+03,-0.27594E+03,-0.25553E+03,-0.27658E+03,-0.80805E+03,-0.66448E+00,-0.68784E+00,-0.69367E+00,-0.68198E+00,-0.85095E+00,-0.87543E+00,-0.86232E+00,-0.86308E+00,0.000E+00,120.178E+00,-119.996E+00,61.628E+00,179.021E+00,-59.456E+00,-48.358E+00,-46.540E+00,-46.079E+00,-47.002E+00,201.929E+00,201.649E+00,202.555E+00,92.090E+00,+99999.9E+99,+99999.9E+99,0.00007E+06,-0.00052E+06,0.00000E+00,10.141E+00,0.756E+03,0.00080E+06,43.835E+00,F0F08
2021/11/30,17:33:47,00000:00:12,300,38003800,0,1800,1800,3800,99.939E+00,0.000E+00,0.000E+00,111.003E+00,0.000E+00,0.000E+00,0.502E+00,0.000E+00,0.000E+00,99.938E+00,0.000E+00,0.000E+00,0.000E+00,0.000E+00,0.000E+00,100.971E+00,0.000E+00,0.000E+00,98.946E+00,0.000E+00,0.000E+00,107.557E+00,480.513E+00,+99999.9E+99,1.013E+00,+99999.9E+99,+99999.9E+99,11.6577E+00,0.00000E+00,0.00000E+00,11.9720E+00,0.00000E+00,0.00000E+00,4.4413E+00,0.00000E+00,0.00000E+00,10.7786E+00,0.00000E+00,0.00000E+00,3.0431E+00,0.00000E+00,0.00000E+00,17.4274E+00,0.0000E+00,0.0000E+00,3.5321E+00,0.0000E+00,0.0000E+00,102.121E+00,+99999.9E+99,+99999.9E+99,64.458E+00,+99999.9E+99,+99999.9E+99,1.07518E+03,0.00000E+03,0.00000E+03,0.00000E+03,0.00000E+03,0.00000E+03,1.16506E+03,0.00000E+03,0.00000E+03,0.00000E+03,0.00000E+03,0.00000E+03,0.44871E+03,0.00000E+03,0.00000E+03,0.00000E+03,0.00000E+03,0.00000E+03,0.92286E+00,0.00000E+00,0.00000E+00,0.81638E+00,0.69640E+00,0.88539E+00,0.000E+00,90.831E+00,142.868E+00,144.724E+00,-43.308E+00,-64.832E+00,22.652E+00,90.000E+00,90.000E+00,12.6039E+00,0.00000E+00,0.00000E+00,95.999E+00,100.000E+00,100.000E+00,0.04302E+03,0.00000E+03,0.00000E+03,+99999.9E+99,+99999.9E+99,+99999.9E+99,+99999.9E+99,+99999.9E+99,+99999.9E+99,+99999.9E+99,+99999.9E+99,+99999.9E+99,+99999.9E+99,+99999.9E+99,+99999.9E+99,1B00,0,0,0,1B00,76.5166E+00,76.9838E+00,77.0205E+00,76.8403E+00,71.7821E+00,72.6813E+00,72.7240E+00,72.3958E+00,76.5166E+00,76.9838E+00,77.0205E+00,0.0000E+00,0.0000E+00,0.0000E+00,73.0333E+00,73.0242E+00,72.9256E+00,105.769E+00,106.100E+00,105.796E+00,-105.127E+00,-104.707E+00,-104.656E+00,15.511E+00,15.397E+00,15.381E+00,+99999.9E+99,+99999.9E+99,+99999.9E+99,0.099E+00,11.6122E+00,11.3496E+00,11.1664E+00,11.3761E+00,9.9901E+00,9.8318E+00,9.5433E+00,9.7884E+00,11.6110E+00,11.3424E+00,11.1519E+00,-0.1617E+00,-0.4060E+00,0.5687E+00,5.3052E+00,5.2204E+00,5.6043E+00,27.7614E+00,26.8186E+00,28.1795E+00,-26.5833E+00,-26.6886E+00,-25.5076E+00,57.582E+00,56.980E+00,52.946E+00,+99999.9E+99,+99999.9E+99,+99999.9E+99,3.234E+00,0.35557E+03,0.33576E+03,0.34083E+03,1.03216E+03,0.18964E+03,0.19518E+03,0.20211E+03,0.58692E+03,0.51820E+03,0.50565E+03,0.50010E+03,1.52395E+03,0.21850E+03,0.21804E+03,0.22873E+03,0.66510E+03,-0.37697E+03,-0.37808E+03,-0.36598E+03,-1.12102E+03,-0.10854E+03,-0.09721E+03,-0.10710E+03,-0.31285E+03,-0.68616E+00,-0.66402E+00,-0.68152E+00,-0.67729E+00,-0.86789E+00,-0.89513E+00,-0.88361E+00,-0.88246E+00,0.000E+00,120.089E+00,-119.965E+00,59.779E+00,176.523E+00,-61.996E+00,-46.673E+00,-48.393E+00,-47.037E+00,-47.368E+00,201.957E+00,201.952E+00,201.241E+00,93.140E+00,+99999.9E+99,+99999.9E+99,0.00007E+06,-0.00063E+06,0.00000E+00,12.140E+00,0.756E+03,0.00096E+06,43.836E+00,F0F0F
2021/11/30,17:33:47,00000:00:12,350,38003F00,700,1F00,1F00,3F00,99.939E+00,0.000E+00,0.000E+00,111.003E+00,0.000E+00,0.000E+00,0.502E+00,0.000E+00,0.000E+00,99.938E+00,0.000E+00,0.000E+00,0.000E+00,0.000E+00,0.000E+00,100.971E+00,0.000E+00,0.000E+00,98.946E+00,0.000E+00,0.000E+00,20.139E+00,377.583E+00,344.344E+00,1.013E+00,+99999.9E+99,+99999.9E+99,11.6577E+00,0.00000E+00,0.00000E+00,11.9720E+00,0.00000E+00,0.00000E+00,4.4413E+00,0.00000E+00,0.00000E+00,10.7786E+00,0.00000E+00,0.00000E+00,4.4962E+00,0.00000E+00,0.00000E+00,17.4274E+00,0.0000E+00,0.0000E+00,3.5321E+00,0.0000E+00,0.0000E+00,12.109E+00,+99999.9E+99,+99999.9E+99,64.458E+00,+99999.9E+99,+99999.9E+99,1.07518E+03,0.00000E+03,0.00000E+03,0.00000E+03,0.00000E+03,0.00000E+03,1.16506E+03,0.00000E+03,0.00000E+03,0.00000E+03,0.00000E+03,0.00000E+03,0.44871E+03,0.00000E+03,0.00000E+03,0.00000E+03,0.00000E+03,0.00000E+03,0.92286E+00,0.00000E+00,0.00000E+00,0.91845E+00,0.42156E+00,0.85421E+00,0.000E+00,-69.151E+00,159.505E+00,156.701E+00,175.916E+00,10.832E+00,22.652E+00,90.000E+00,90.000E+00,12.6039E+00,0.00000E+00,0.00000E+00,120.484E+00,100.000E+00,100.000E+00,-0.22024E+03,0.00000E+03,0.00000E+03,+99999.9E+99,+99999.9E+99,+99999.9E+99,+99999.9E+99,+99999.9E+99,+99999.9E+99,+99999.9E+99,+99999.9E+99,+99999.9E+99,+99999.9E+99,+99999.9E+99,+99999.9E+99,1B00,0,0,0,1B00,77.1759E+00,77.1951E+00,76.9752E+00,77.1154E+00,72.1843E+00,72.4057E+00,71.8559E+00,72.1486E+00,77.1759E+00,77.1951E+00,76.9752E+00,0.0000E+00,0.0000E+00,0.0000E+00,70.9857E+00,71.6943E+00,71.4723E+00,105.439E+00,105.633E+00,105.574E+00,-103.853E+00,-104.961E+00,-104.261E+00,30.408E+00,30.504E+00,30.463E+00,+99999.9E+99,+99999.9E+99,+99999.9E+99,0.580E+00,13.6328E+00,13.1946E+00,13.6094E+00,13.4789E+00,12.5159E+00,12.0759E+00,12.4707E+00,12.3542E+00,13.6317E+00,13.1946E+00,13.6081E+00,-0.1736E+00,0.0000E+00,0.1828E+00,12.5031E+00,11.3531E+00,11.5190E+00,27.6843E+00,27.2514E+00,28.6514E+00,-26.6024E+00,-26.8305E+00,-26.8490E+00,40.802E+00,44.083E+00,43.949E+00,+99999.9E+99,+99999.9E+99,+99999.9E+99,6.018E+00,0.42880E+03,0.42125E+03,0.44538E+03,1.29543E+03,0.44914E+03,0.39866E+03,0.42709E+03,1.27489E+03,0.61395E+03,0.59401E+03,0.61155E+03,1.81951E+03,0.50357E+03,0.46198E+03,0.46672E+03,1.43074E+03,-0.43940E+03,-0.41880E+03,-0.41908E+03,-1.27728E+03,-0.22772E+03,-0.23346E+03,-0.18820E+03,-0.64938E+03,-0.69842E+00,-0.70917E+00,-0.72829E+00,-0.71196E+00,-0.89191E+00,-0.86292E+00,-0.91509E+00,-0.89107E+00,0.000E+00,119.883E+00,-119.571E+00,57.212E+00,-179.868E+00,-66.011E+00,-45.700E+00,-44.833E+00,-43.257E+00,-44.605E+00,201.035E+00,201.251E+00,201.704E+00,89.655E+00,+99999.9E+99,+99999.9E+99,0.00013E+06,-0.00074E+06,0.00000E+00,14.657E+00,0.757E+03,0.00116E+06,43.541E+00,F0F08
2021/11/30,17:33:47,00000:00:12,400,38003F00,500,1F00,1F00,3F00,99.939E+00,0.000E+00,0.000E+00,111.003E+00,0.000E+00,0.000E+00,0.502E+00,0.000E+00,0.000E+00,99.938E+00,0.000E+00,0.000E+00,0.000E+00,0.000E+00,0.000E+00,100.971E+00,0.000E+00,0.000E+00,98.946E+00,0.000E+00,0.000E+00,20.139E+00,377.583E+00,344.344E+00,1.013E+00,+99999.9E+99,+99999.9E+99,11.6577E+00,0.00000E+00,0.00000E+00,11.9720E+00,0.00000E+00,0.00000E+00,4.4413E+00,0.00000E+00,0.00000E+00,10.7786E+00,0.00000E+00,0.00000E+00,4.4962E+00,0.00000E+00,0.00000E+00,17.4274E+00,0.0000E+00,0.0000E+00,3.5321E+00,0.0000E+00,0.0000E+00,12.109E+00,+99999.9E+99,+99999.9E+99,64.458E+00,+99999.9E+99,+99999.9E+99,1.07518E+03,0.00000E+03,0.00000E+03,0.00000E+03,0.00000E+03,0.00000E+03,1.16506E+03,0.00000E+03,0.00000E+03,0.00000E+03,0.00000E+03,0.00000E+03,0.44871E+03,0.00000E+03,0.00000E+03,0.00000E+03,0.00000E+03,0.00000E+03,0.92286E+00,0.00000E+00,0.00000E+00,0.91845E+00,0.42156E+00,0.85421E+00,0.000E+00,-69.151E+00,159.505E+00,156.701E+00,175.916E+00,10.832E+00,22.652E+00,90.000E+00,90.000E+00,12.6039E+00,0.00000E+00,0.00000E+00,71.387E+00,100.000E+00,100.000E+00,0.30765E+03,0.00000E+03,0.00000E+03,+99999.9E+99,+99999.9E+99,+99999.9E+99,+99999.9E+99,+99999.9E+99,+99999.9E+99,+99999.9E+99,+99999.9E+99,+99999.9E+99,+99999.9E+99,+99999.9E+99,+99999.9E+99,1800,0,0,0,1800,76.2339E+00,76.6212E+00,76.4951E+00,76.4501E+00,72.0792E+00,72.8088E+00,72.5735E+00,72.4871E+00,76.2339E+00,76.6212E+00,76.4951E+00,0.0000E+00,0.0000E+00,0.0000E+00,71.2622E+00,71.1496E+00,70.9669E+00,105.741E+00,106.101E+00,105.754E+00,-104.333E+00,-105.020E+00,-105.130E+00,31.929E+00,31.200E+00,31.904E+00,+99999.9E+99,+99999.9E+99,+99999.9E+99,0.251E+00,8.2275E+00,8.1800E+00,8.1094E+00,8.1723E+00,7.2968E+00,7.2612E+00,7.1870E+00,7.2484E+00,8.2265E+00,8.1790E+00,8.1054E+00,-0.1286E+00,-0.1243E+00,0.2541E+00,11.7920E+00,11.8203E+00,12.4404E+00,22.2167E+00,21.0114E+00,20.4814E+00,-18.7924E+00,-19.3790E+00,-19.8595E+00,44.969E+00,43.711E+00,41.757E+00,+99999.9E+99,+99999.9E+99,+99999.9E+99,3.536E+00,0.25761E+03,0.25211E+03,0.25782E+03,0.76754E+03,0.40687E+03,0.42936E+03,0.43586E+03,1.27208E+03,0.36368E+03,0.36193E+03,0.35985E+03,1.08546E+03,0.47291E+03,0.48188E+03,0.50057E+03,1.45486E+03,-0.25670E+03,-0.25968E+03,-0.25105E+03,-0.76743E+03,-0.24103E+03,-0.21878E+03,-0.24617E+03,-0.70599E+03,-0.70835E+00,-0.69657E+00,-0.71645E+00,-0.70711E+00,-0.86036E+00,-0.89099E+00,-0.87072E+00,-0.87437E+00,0.000E+00,120.224E+00,-119.973E+00,60.586E+00,177.141E+00,-60.374E+00,-44.899E+00,-45.848E+00,-44.238E+00,-45.000E+00,202.157E+00,201.789E+00,201.729E+00,95.527E+00,+99999.9E+99,+99999.9E+99,0.00003E+06,-0.00048E+06,0.00000E+00,9.269E+00,0.755E+03,0.00073E+06,43.951E+00,F0F08
2021/11/30,17:33:47,00000:00:12,450,38003F00,700,1F00,1F00,3F00,99.939E+00,0.000E+00,0.000E+00,111.003E+00,0.000E+00,0.000E+00,0.502E+00,0.000E+00,0.000E+00,99.938E+00,0.000E+00,0.000E+00,0.000E+00,0.000E+00,0.000E+00,100.971E+00,0.000E+00,0.000E+00,98.946E+00,0.000E+00,0.000E+00,62.608E+00,+99999.9E+99,409.606E+00,1.013E+00,+99999.9E+99,+99999.9E+99,11.6577E+00,0.00000E+00,0.00000E+00,11.9720E+00,0.00000E+00,0.00000E+00,4.4413E+00,0.00000E+00,0.00000E+00,10.7786E+00,0.00000E+00,0.00000E+00,4.2611E+00,0.00000E+00,0.00000E+00,17.4274E+00,0.0000E+00,0.0000E+00,3.5321E+00,0.0000E+00,0.0000E+00,44.017E+00,+99999.9E+99,+99999.9E+99,64.458E+00,+99999.9E+99,+99999.9E+99,1.07518E+03,0.00000E+03,0.00000E+03,0.00000E+03,0.00000E+03,0.00000E+03,1.16506E+03,0.00000E+03,0.00000E+03,0.00000E+03,0.00000E+03,0.00000E+03,0.44871E+03,0.00000E+03,0.00000E+03,0.00000E+03,0.00000E+03,0.00000E+03,0.92286E+00,0.00000E+00,0.00000E+00,0.89243E+00,0.02908E+00,0.75330E+00,0.000E+00,174.908E+00,161.794E+00,153.180E+00,83.241E+00,120.671E+00,22.652E+00,90.000E+00,90.000E+00,12.6039E+00,0.00000E+00,0.00000E+00,118.231E+00,100.000E+00,100.000E+00,-0.19601E+03,0.00000E+03,0.00000E+03,+99999.9E+99,+99999.9E+99,+99999.9E+99,+99999.9E+99,+99999.9E+99,+99999.9E+99,+99999.9E+99,+99999.9E+99,+99999.9E+99,+99999.9E+99,+99999.9E+99,+99999.9E+99,1B00,0,0,0,1B00,77.0381E+00,77.1757E+00,77.0842E+00,77.0993E+00,72.1019E+00,72.5429E+00,72.2486E+00,72.2978E+00,77.0381E+00,77.1756E+00,77.0841E+00,0.0000E+00,0.0000E+00,0.0000E+00,72.9410E+00,73.1961E+00,73.0656E+00,105.719E+00,106.104E+00,105.859E+00,-104.609E+00,-105.104E+00,-104.653E+00,14.098E+00,14.316E+00,14.315E+00,+99999.9E+99,+99999.9E+99,+99999.9E+99,0.204E+00,13.5230E+00,13.0567E+00,13.2691E+00,13.2829E+00,12.2796E+00,11.7985E+00,11.8685E+00,11.9822E+00,13.5218E+00,13.0524E+00,13.2590E+00,-0.1817E+00,-0.3342E+00,0.5170E+00,5.2574E+00,4.7425E+00,4.9119E+00,27.7462E+00,27.2476E+00,28.6648E+00,-26.5952E+00,-27.0329E+00,-26.8833E+00,54.357E+00,58.883E+00,56.814E+00,+99999.9E+99,+99999.9E+99,+99999.9E+99,4.908E+00,0.43183E+03,0.41074E+03,0.42863E+03,1.27120E+03,0.18982E+03,0.17291E+03,0.18553E+03,0.54827E+03,0.60854E+03,0.58640E+03,0.59602E+03,1.79095E+03,0.21443E+03,0.19794E+03,0.20339E+03,0.61536E+03,-0.42876E+03,-0.41852E+03,-0.41414E+03,-1.26142E+03,-0.09974E+03,-0.09634E+03,-0.08334E+03,-0.27942E+03,-0.70963E+00,-0.70044E+00,-0.71915E+00,-0.70979E+00,-0.88523E+00,-0.87355E+00,-0.91221E+00,-0.89096E+00,0.000E+00,120.003E+00,-119.824E+00,57.836E+00,179.069E+00,-65.692E+00,-44.795E+00,-45.538E+00,-44.015E+00,-44.782E+00,201.053E+00,201.211E+00,201.522E+00,90.700E+00,+99999.9E+99,+99999.9E+99,0.00012E+06,-0.00074E+06,0.00000E+00,14.563E+00,0.756E+03,0.00115E+06,43.595E+00,F0F08
2021/11/30,17:33:47,00000:00:12,500,38003800,2800,3800,3800,3800,99.867E+00,0.000E+00,0.000E+00,110.923E+00,0.000E+00,0.000E+00,0.524E+00,0.000E+00,0.000E+00,99.865E+00,0.000E+00,0.000E+00,0.000E+00,0.000E+00,0.000E+00,101.071E+00,0.000E+00,0.000E+00,98.750E+00,0.000E+00,0.000E+00,62.608E+00,+99999.9E+99,409.606E+00,1.162E+00,+99999.9E+99,+99999.9E+99,12.1497E+00,0.00000E+00,0.00000E+00,12.3748E+00,0.00000E+00,0.00000E+00,4.8463E+00,0.00000E+00,0.00000E+00,11.1413E+00,0.00000E+00,0.00000E+00,4.2611E+00,0.00000E+00,0.00000E+00,18.5455E+00,0.0000E+00,0.0000E+00,3.4490E+00,0.0000E+00,0.0000E+00,44.017E+00,+99999.9E+99,+99999.9E+99,67.750E+00,+99999.9E+99,+99999.9E+99,1.11034E+03,0.00000E+03,0.00000E+03,0.00000E+03,0.00000E+03,0.00000E+03,1.21335E+03,0.00000E+03,0.00000E+03,0.00000E+03,0.00000E+03,0.00000E+03,0.48925E+03,0.00000E+03,0.00000E+03,0.00000E+03,0.00000E+03,0.00000E+03,0.91510E+00,0.00000E+00,0.00000E+00,0.89243E+00,0.02908E+00,0.75330E+00,0.000E+00,174.908E+00,161.794E+00,153.180E+00,83.241E+00,120.671E+00,23.780E+00,90.000E+00,90.000E+00,0.00000E+00,0.00000E+00,0.00000E+00,96.481E+00,100.000E+00,100.000E+00,0.03908E+03,0.00000E+03,0.00000E+03,+99999.9E+99,+99999.9E+99,+99999.9E+99,+99999.9E+99,+99999.9E+99,+99999.9E+99,+99999.9E+99,+99999.9E+99,+99999.9E+99,+99999.9E+99,+99999.9E+99,+99999.9E+99,1B00,0,0,0,1B00,76.6875E+00,77.0469E+00,76.8024E+00,76.8456E+00,71.8850E+00,72.5461E+00,72.0892E+00,72.1734E+00,76.6875E+00,77.0469E+00,76.8024E+00,0.0000E+00,0.0000E+00,0.0000E+00,70.0649E+00,70.4497E+00,70.3707E+00,105.434E+00,106.031E+00,105.674E+00,-104.210E+00,-104.604E+00,-104.164E+00,37.821E+00,37.764E+00,37.676E+00,+99999.9E+99,+99999.9E+99,+99999.9E+99,0.340E+00,11.9063E+00,11.7124E+00,12.0243E+00,11.8810E+00,10.3507E+00,10.2451E+00,10.4622E+00,10.3527E+00,11.9063E+00,11.7124E+00,12.0243E+00,0.0000E+00,0.0000E+00,0.0000E+00,15.2128E+00,14.5981E+00,14.6630E+00,27.7571E+00,27.1709E+00,28.7819E+00,-26.1752E+00,-27.1386E+00,-26.7667E+00,39.049E+00,40.478E+00,40.114E+00,+99999.9E+99,+99999.9E+99,+99999.9E+99,2.808E+00,0.35119E+03,0.35319E+03,0.36689E+03,1.07126E+03,0.54311E+03,0.51314E+03,0.53416E+03,1.59041E+03,0.53117E+03,0.52381E+03,0.53884E+03,1.59383E+03,0.61450E+03,0.58804E+03,0.59548E+03,1.79761E+03,-0.39852E+03,-0.38683E+03,-0.39465E+03,-1.17999E+03,-0.28747E+03,-0.28718E+03,-0.26320E+03,-0.83785E+03,-0.66115E+00,-0.67427E+00,-0.68088E+00,-0.67213E+00,-0.88383E+00,-0.87264E+00,-0.89702E+00,-0.88474E+00,0.000E+00,119.892E+00,-119.779E+00,58.076E+00,179.087E+00,-63.693E+00,-48.612E+00,-47.603E+00,-47.088E+00,-47.768E+00,201.852E+00,202.015E+00,201.492E+00,90.363E+00,+99999.9E+99,+99999.9E+99,0.00010E+06,-0.00061E+06,0.00000E+00,12.224E+00,0.756E+03,0.00097E+06,43.804E+00,F0F08
2021/11/30,17:33:47,00000:00:12,550,38003F00,2D00,3F00,3F00,3F00,99.867E+00,0.000E+00,0.000E+00,110.923E+00,0.000E+00,0.000E+00,0.524E+00,0.000E+00,0.000E+00,99.865E+00,0.000E+00,0.000E+00,0.000E+00,0.000E+00,0.000E+00,101.071E+00,0.000E+00,0.000E+00,98.750E+00,0.000E+00,0.000E+00,36.552E+00,+99999.9E+99,+99999.9E+99,1.162E+00,+99999.9E+99,+99999.9E+99,12.1497E+00,0.00000E+00,0.00000E+00,12.3748E+00,0.00000E+00,0.00000E+00,4.8463E+00,0.00000E+00,0.00000E+00,11.1413E+00,0.00000E+00,0.00000E+00,4.3784E+00,0.00000E+00,0.00000E+00,18.5455E+00,0.0000E+00,0.0000E+00,3.4490E+00,0.0000E+00,0.0000E+00,44.002E+00,+99999.9E+99,+99999.9E+99,67.750E+00,+99999.9E+99,+99999.9E+99,1.11034E+03,0.00000E+03,0.00000E+03,0.00000E+03,0.00000E+03,0.00000E+03,1.21335E+03,0.00000E+03,0.00000E+03,0.00000E+03,0.00000E+03,0.00000E+03,0.48925E+03,0.00000E+03,0.00000E+03,0.00000E+03,0.00000E+03,0.00000E+03,0.91510E+00,0.00000E+00,0.00000E+00,0.92873E+00,0.77629E+00,0.07632E+00,0.000E+00,42.583E+00,175.594E+00,158.238E+00,3.506E+00,89.972E+00,23.780E+00,90.000E+00,90.000E+00,0.00000E+00,0.00000E+00,0.00000E+00,78.610E+00,100.000E+00,100.000E+00,0.23750E+03,0.00000E+03,0.00000E+03,+99999.9E+99,+99999.9E+99,+99999.9E+99,+99999.9E+99,+99999.9E+99,+99999.9E+99,+99999.9E+99,+99999.9E+99,+99999.9E+99,+99999.9E+99,+99999.9E+99,+99999.9E+99,1B00,0,0,0,1B00,76.5340E+00,76.6300E+00,76.5554E+00,76.5731E+00,72.4404E+00,72.8069E+00,72.5286E+00,72.5920E+00,76.5340E+00,76.6300E+00,76.5554E+00,0.0000E+00,0.0000E+00,0.0000E+00,72.3955E+00,72.1852E+00,72.1540E+00,105.844E+00,106.061E+00,105.740E+00,-104.479E+00,-104.304E+00,-105.141E+00,21.824E+00,20.869E+00,21.556E+00,+99999.9E+99,+99999.9E+99,+99999.9E+99,0.207E+00,9.6618E+00,9.1619E+00,9.2920E+00,9.3719E+00,8.3725E+00,7.9580E+00,7.9821E+00,8.1042E+00,9.6607E+00,9.1586E+00,9.2838E+00,-0.1451E+00,-0.2436E+00,0.3897E+00,7.4091E+00,7.8104E+00,8.0461E+00,26.2519E+00,24.2405E+00,25.0238E+00,-26.5533E+00,-25.2910E+00,-22.5619E+00,54.223E+00,49.821E+00,48.413E+00,+99999.9E+99,+99999.9E+99,+99999.9E+99,4.930E+00,0.29889E+03,0.27998E+03,0.29397E+03,0.87284E+03,0.25871E+03,0.28030E+03,0.28338E+03,0.82239E+03,0.42971E+03,0.40651E+03,0.41231E+03,1.24853E+03,0.30403E+03,0.31414E+03,0.32963E+03,0.94717E+03,-0.30873E+03,-0.29472E+03,-0.28911E+03,-0.89256E+03,-0.15970E+03,-0.14182E+03,-0.16838E+03,-0.46990E+03,-0.69556E+00,-0.68876E+00,-0.71298E+00,-0.69909E+00,-0.85094E+00,-0.89229E+00,-0.85968E+00,-0.86826E+00,0.000E+00,120.117E+00,-120.086E+00,61.589E+00,176.943E+00,-59.259E+00,-45.929E+00,-46.468E+00,-44.522E+00,-45.646E+00,201.578E+00,201.609E+00,201.961E+00,94.146E+00,+99999.9E+99,+99999.9E+99,0.00005E+06,-0.00054E+06,0.00000E+00,10.384E+00,0.756E+03,0.00082E+06,43.769E+00,F0F08
2021/11/30,17:33:47,00000:00:12,600,38003F00,2800,3B00,3B00,3F00,99.980E+00,0.000E+00,0.000E+00,111.048E+00,0.000E+00,0.000E+00,0.507E+00,0.000E+00,0.000E+00,99.979E+00,0.000E+00,0.000E+00,0.000E+00,0.000E+00,0.000E+00,100.914E+00,0.000E+00,0.000E+00,98.829E+00,0.000E+00,0.000E+00,36.552E+00,+99999.9E+99,+99999.9E+99,1.043E+00,+99999.9E+99,+99999.9E+99,11.0097E+00,0.00000E+00,0.00000E+00,11.2798E+00,0.00000E+00,0.00000E+00,4.2523E+00,0.00000E+00,0.00000E+00,10.1554E+00,0.00000E+00,0.00000E+00,4.3784E+00,0.00000E+00,0.00000E+00,18.2512E+00,0.0000E+00,0.0000E+00,4.2710E+00,0.0000E+00,0.0000E+00,44.002E+00,+99999.9E+99,+99999.9E+99,68.832E+00,+99999.9E+99,+99999.9E+99,1.01340E+03,0.00000E+03,0.00000E+03,0.00000E+03,0.00000E+03,0.00000E+03,1.10075E+03,0.00000E+03,0.00000E+03,0.00000E+03,0.00000E+03,0.00000E+03,0.42972E+03,0.00000E+03,0.00000E+03,0.00000E+03,0.00000E+03,0.00000E+03,0.92065E+00,0.00000E+00,0.00000E+00,0.92873E+00,0.77629E+00,0.07632E+00,0.000E+00,42.583E+00,175.594E+00,158.238E+00,3.506E+00,89.972E+00,22.979E+00,90.000E+00,90.000E+00,14.5205E+00,0.00000E+00,0.00000E+00,134.721E+00,100.000E+00,100.000E+00,-0.35186E+03,0.00000E+03,0.00000E+03,+99999.9E+99,+99999.9E+99,+99999.9E+99,+99999.9E+99,+99999.9E+99,+99999.9E+99,+99999.9E+99,+99999.9E+99,+99999.9E+99,+99999.9E+99,+99999.9E+99,+99999.9E+99,1B00,0,0,0,1B00,77.0137E+00,77.4503E+00,77.3323E+00,77.2654E+00,71.7290E+00,72.5569E+00,72.3324E+00,72.2061E+00,77.0137E+00,77.4503E+00,77.3323E+00,0.0000E+00,0.0000E+00,0.0000E+00,72.2655E+00,72.7277E+00,72.6044E+00,105.654E+00,106.084E+00,105.589E+00,-104.630E+00,-104.043E+00,-105.280E+00,20.437E+00,20.477E+00,20.693E+00,+99999.9E+99,+99999.9E+99,+99999.9E+99,0.388E+00,14.0276E+00,13.7077E+00,13.8391E+00,13.8581E+00,13.1079E+00,12.9157E+00,12.8699E+00,12.9645E+00,14.0269E+00,13.7055E+00,13.8337E+00,-0.1385E+00,-0.2471E+00,0.3868E+00,8.1576E+00,7.5590E+00,7.4056E+00,27.7695E+00,27.0981E+00,28.5752E+00,-26.6038E+00,-27.1243E+00,-26.6486E+00,46.453E+00,48.834E+00,50.417E+00,+99999.9E+99,+99999.9E+99,+99999.9E+99,7.026E+00,0.45945E+03,0.44753E+03,0.45829E+03,1.36527E+03,0.29965E+03,0.26127E+03,0.28059E+03,0.84151E+03,0.63207E+03,0.61792E+03,0.62605E+03,1.87604E+03,0.33288E+03,0.30072E+03,0.30306E+03,0.93538E+03,-0.43407E+03,-0.42608E+03,-0.42651E+03,-1.28665E+03,-0.14499E+03,-0.14889E+03,-0.11452E+03,-0.40839E+03,-0.72690E+00,-0.72425E+00,-0.73204E+00,-0.72774E+00,-0.90017E+00,-0.86883E+00,-0.92586E+00,-0.89965E+00,0.000E+00,119.892E+00,-119.735E+00,56.033E+00,179.516E+00,-67.693E+00,-43.373E+00,-43.593E+00,-42.943E+00,-43.303E+00,201.652E+00,201.336E+00,201.006E+00,90.138E+00,+99999.9E+99,+99999.9E+99,0.00013E+06,-0.00078E+06,0.00000E+00,15.520E+00,0.757E+03,0.00123E+06,43.677E+00,F0F08
2021/11/30,17:33:47,00000:00:12,650,38003F00,0,1B00,1B00,3F00,99.918E+00,0.000E+00,0.000E+00,110.979E+00,0.000E+00,0.000E+00,0.507E+00,0.000E+00,0.000E+00,99.916E+00,0.000E+00,0.000E+00,0.000E+00,0.000E+00,0.000E+00,100.946E+00,0.000E+00,0.000E+00,98.814E+00,0.000E+00,0.000E+00,22.002E+00,+99999.9E+99,+99999.9E+99,1.067E+00,+99999.9E+99,+99999.9E+99,11.8791E+00,0.00000E+00,0.00000E+00,12.1721E+00,0.00000E+00,0.00000E+00,4.5848E+00,0.00000E+00,0.00000E+00,10.9587E+00,0.00000E+00,0.00000E+00,4.4763E+00,0.00000E+00,0.00000E+00,18.2433E+00,0.0000E+00,0.0000E+00,4.1702E+00,0.0000E+00,0.0000E+00,9.225E+00,+99999.9E+99,+99999.9E+99,64.210E+00,+99999.9E+99,+99999.9E+99,1.09286E+03,0.00000E+03,0.00000E+03,0.00000E+03,0.00000E+03,0.00000E+03,1.18694E+03,0.00000E+03,0.00000E+03,0.00000E+03,0.00000E+03,0.00000E+03,0.46311E+03,0.00000E+03,0.00000E+03,0.00000E+03,0.00000E+03,0.00000E+03,0.92074E+00,0.00000E+00,0.00000E+00,0.90026E+00,0.37393E+00,0.35931E+00,0.000E+00,14.790E+00,160.126E+00,154.193E+00,-97.169E+00,91.184E+00,22.965E+00,90.000E+00,90.000E+00,12.6120E+00,0.00000E+00,0.00000E+00,80.545E+00,100.000E+00,100.000E+00,0.21262E+03,0.00000E+03,0.00000E+03,+99999.9E+99,+99999.9E+99,+99999.9E+99,+99999.9E+99,+99999.9E+99,+99999.9E+99,+99999.9E+99,+99999.9E+99,+99999.9E+99,+99999.9E+99,+99999.9E+99,+99999.9E+99,1B00,0,0,0,1B00,76.7157E+00,76.6847E+00,76.3902E+00,76.5969E+00,72.5968E+00,72.7266E+00,72.0668E+00,72.4634E+00,76.7157E+00,76.6847E+00,76.3902E+00,0.0000E+00,0.0000E+00,0.0000E+00,70.2486E+00,70.2609E+00,70.1511E+00,105.734E+00,106.034E+00,105.729E+00,-104.511E+00,-104.710E+00,-105.129E+00,38.341E+00,38.007E+00,38.166E+00,+99999.9E+99,+99999.9E+99,+99999.9E+99,0.091E+00,9.7748E+00,9.3569E+00,9.9649E+00,9.6989E+00,8.4716E+00,8.1199E+00,8.5194E+00,8.3703E+00,9.7741E+00,9.3569E+00,9.9649E+00,-0.1119E+00,0.0000E+00,0.0000E+00,14.7754E+00,14.6777E+00,15.0229E+00,26.4286E+00,24.7881E+00,27.1671E+00,-25.5824E+00,-23.1814E+00,-26.6748E+00,40.780E+00,40.726E+00,39.330E+00,+99999.9E+99,+99999.9E+99,+99999.9E+99,1.474E+00,0.28828E+03,0.28598E+03,0.30599E+03,0.88024E+03,0.51838E+03,0.52138E+03,0.53303E+03,1.57280E+03,0.43490E+03,0.41666E+03,0.44230E+03,1.29386E+03,0.59736E+03,0.59263E+03,0.60701E+03,1.79689E+03,-0.32563E+03,-0.30303E+03,-0.31937E+03,-0.94803E+03,-0.29683E+03,-0.28173E+03,-0.29040E+03,-0.86897E+03,-0.66285E+00,-0.68635E+00,-0.69182E+00,-0.68032E+00,-0.86780E+00,-0.87978E+00,-0.87813E+00,-0.87529E+00,0.000E+00,120.085E+00,-119.951E+00,59.800E+00,178.425E+00,-61.327E+00,-48.482E+00,-46.658E+00,-46.225E+00,-47.131E+00,201.956E+00,202.286E+00,202.568E+00,91.903E+00,+99999.9E+99,+99999.9E+99,0.00007E+06,-0.00052E+06,0.00000E+00,10.213E+00,0.756E+03,0.00081E+06,43.819E+00,F0F0F
2021/11/30,17:33:47,00000:00:12,700,38003F00,700,1F00,1F00,3F00,99.918E+00,0.000E+00,0.000E+00,110.979E+00,0.000E+00,0.000E+00,0.507E+00,0.000E+00,0.000E+00,99.916E+00,0.000E+00,0.000E+00,0.000E+00,0.000E+00,0.000E+00,100.946E+00,0.000E+00,0.000E+00,98.814E+00,0.000E+00,0.000E+00,22.002E+00,+99999.9E+99,+99999.9E+99,1.067E+00,+99999.9E+99,+99999.9E+99,11.8791E+00,0.00000E+00,0.00000E+00,12.1721E+00,0.00000E+00,0.00000E+00,4.5848E+00,0.00000E+00,0.00000E+00,10.9587E+00,0.00000E+00,0.00000E+00,4.4763E+00,0.00000E+00,0.00000E+00,18.2433E+00,0.0000E+00,0.0000E+00,4.1702E+00,0.0000E+00,0.0000E+00,9.225E+00,+99999.9E+99,+99999.9E+99,64.210E+00,+99999.9E+99,+99999.9E+99,1.09286E+03,0.00000E+03,0.00000E+03,0.00000E+03,0.00000E+03,0.00000E+03,1.18694E+03,0.00000E+03,0.00000E+03,0.00000E+03,0.00000E+03,0.00000E+03,0.46311E+03,0.00000E+03,0.00000E+03,0.00000E+03,0.00000E+03,0.00000E+03,0.92074E+00,0.00000E+00,0.00000E+00,0.90026E+00,0.37393E+00,0.35931E+00,0.000E+00,14.790E+00,160.126E+00,154.193E+00,-97.169E+00,91.184E+00,22.965E+00,90.000E+00,90.000E+00,12.6120E+00,0.00000E+00,0.00000E+00,92.961E+00,100.000E+00,100.000E+00,0.07692E+03,0.00000E+03,0.00000E+03,+99999.9E+99,+99999.9E+99,+99999.9E+99,+99999.9E+99,+99999.9E+99,+99999.9E+99,+99999.9E+99,+99999.9E+99,+99999.9E+99,+99999.9E+99,+99999.9E+99,+99999.9E+99,1B00,0,0,0,1B00,76.4959E+00,77.0401E+00,77.0370E+00,76.8577E+00,71.7224E+00,72.7120E+00,72.7052E+00,72.3799E+00,76.4959E+00,77.0401E+00,77.0370E+00,0.0000E+00,0.0000E+00,0.0000E+00,73.0481E+00,73.0431E+00,72.9434E+00,105.946E+00,106.119E+00,105.776E+00,-104.357E+00,-104.751E+00,-104.557E+00,15.471E+00,15.318E+00,15.320E+00,+99999.9E+99,+99999.9E+99,+99999.9E+99,0.091E+00,11.5462E+00,11.3463E+00,11.1274E+00,11.3400E+00,9.8611E+00,9.7514E+00,9.4351E+00,9.6826E+00,11.5449E+00,11.3396E+00,11.1132E+00,-0.1716E+00,-0.3898E+00,0.5626E+00,5.2732E+00,5.1860E+00,5.5746E+00,27.6333E+00,27.0824E+00,28.5752E+00,-26.3876E+00,-27.2429E+00,-26.1171E+00,57.925E+00,57.283E+00,53.133E+00,+99999.9E+99,+99999.9E+99,+99999.9E+99,3.274E+00,0.34959E+03,0.33155E+03,0.33481E+03,1.01594E+03,0.18809E+03,0.19357E+03,0.20065E+03,0.58232E+03,0.51485E+03,0.50558E+03,0.49880E+03,1.51923E+03,0.21717E+03,0.21657E+03,0.22740E+03,0.66094E+03,-0.37797E+03,-0.38169E+03,-0.36974E+03,-1.12940E+03,-0.10855E+03,-0.09711E+03,-0.10701E+03,-0.31266E+03,-0.67900E+00,-0.65578E+00,-0.67123E+00,-0.66872E+00,-0.86613E+00,-0.89383E+00,-0.88237E+00,-0.88103E+00,0.000E+00,120.088E+00,-119.963E+00,59.983E+00,176.688E+00,-61.844E+00,-47.234E+00,-49.021E+00,-47.838E+00,-48.032E+00,201.951E+00,201.329E+00,201.317E+00,93.175E+00,+99999.9E+99,+99999.9E+99,0.00007E+06,-0.00062E+06,0.00000E+00,11.951E+00,0.756E+03,0.00095E+06,43.821E+00,F0F0F
2021/11/30,17:33:47,00000:00:12,750,38003D00,500,1C00,1C00,3800,99.918E+00,0.000E+00,0.000E+00,110.979E+00,0.000E+00,0.000E+00,0.507E+00,0.000E+00,0.000E+00,99.916E+00,0.000E+00,0.000E+00,0.000E+00,0.000E+00,0.000E+00,100.946E+00,0.000E+00,0.000E+00,98.814E+00,0.000E+00,0.000E+00,20.952E+00,+99999.9E+99,376.949E+00,1.067E+00,+99999.9E+99,+99999.9E+99,11.8791E+00,0.00000E+00,0.00000E+00,12.1721E+00,0.00000E+00,0.00000E+00,4.5848E+00,0.00000E+00,0.00000E+00,10.9587E+00,0.00000E+00,0.00000E+00,4.5698E+00,0.00000E+00,0.00000E+00,18.2433E+00,0.0000E+00,0.0000E+00,4.1702E+00,0.0000E+00,0.0000E+00,7.981E+00,+99999.9E+99,+99999.9E+99,64.210E+00,+99999.9E+99,+99999.9E+99,1.09286E+03,0.00000E+03,0.00000E+03,0.00000E+03,0.00000E+03,0.00000E+03,1.18694E+03,0.00000E+03,0.00000E+03,0.00000E+03,0.00000E+03,0.00000E+03,0.46311E+03,0.00000E+03,0.00000E+03,0.00000E+03,0.00000E+03,0.00000E+03,0.92074E+00,0.00000E+00,0.00000E+00,0.90509E+00,0.28181E+00,0.46357E+00,0.000E+00,-53.344E+00,170.016E+00,154.835E+00,-126.975E+00,107.634E+00,22.965E+00,90.000E+00,90.000E+00,12.6120E+00,0.00000E+00,0.00000E+00,119.214E+00,100.000E+00,100.000E+00,-0.20999E+03,0.00000E+03,0.00000E+03,+99999.9E+99,+99999.9E+99,+99999.9E+99,+99999.9E+99,+99999.9E+99,+99999.9E+99,+99999.9E+99,+99999.9E+99,+99999.9E+99,+99999.9E+99,+99999.9E+99,+99999.9E+99,1B00,0,0,0,1B00,77.1947E+00,77.2224E+00,76.9827E+00,77.1333E+00,72.2212E+00,72.4332E+00,71.8664E+00,72.1736E+00,77.1947E+00,77.2224E+00,76.9826E+00,0.0000E+00,0.0000E+00,0.0000E+00,71.0471E+00,71.6764E+00,71.4856E+00,105.366E+00,105.706E+00,105.604E+00,-104.449E+00,-105.389E+00,-104.330E+00,29.815E+00,30.155E+00,30.006E+00,+99999.9E+99,+99999.9E+99,+99999.9E+99,0.514E+00,13.6469E+00,13.2189E+00,13.6151E+00,13.4936E+00,12.5692E+00,12.1437E+00,12.5190E+00,12.4106E+00,13.6461E+00,13.2189E+00,13.6137E+00,-0.1479E+00,0.0000E+00,0.1952E+00,12.1885E+00,11.1109E+00,11.2335E+00,27.7886E+00,27.1505E+00,28.6024E+00,-26.6119E+00,-27.3476E+00,-26.6729E+00,41.597E+00,44.691E+00,44.983E+00,+99999.9E+99,+99999.9E+99,+99999.9E+99,5.850E+00,0.43176E+03,0.42398E+03,0.44711E+03,1.30285E+03,0.43345E+03,0.38577E+03,0.41061E+03,1.22983E+03,0.61468E+03,0.59554E+03,0.61228E+03,1.82249E+03,0.48885E+03,0.45066E+03,0.45227E+03,1.39039E+03,-0.43751E+03,-0.41821E+03,-0.41830E+03,-1.27403E+03,-0.22606E+03,-0.23298E+03,-0.18960E+03,-0.64863E+03,-0.70242E+00,-0.71193E+00,-0.73024E+00,-0.71487E+00,-0.88666E+00,-0.85601E+00,-0.90789E+00,-0.88452E+00,0.000E+00,119.888E+00,-119.625E+00,57.831E+00,-179.071E+00,-65.039E+00,-45.379E+00,-44.607E+00,-43.094E+00,-44.367E+00,201.255E+00,202.072E+00,201.826E+00,89.700E+00,+99999.9E+99,+99999.9E+99,0.00013E+06,-0.00074E+06,0.00000E+00,14.739E+00,0.757E+03,0.00117E+06,43.566E+00,F0F08
2021/11/30,17:33:48,00000:00:12,800,38003F00,500,1F00,1F00,3F00,99.918E+00,0.000E+00,0.000E+00,110.979E+00,0.000E+00,0.000E+00,0.507E+00,0.000E+00,0.000E+00,99.916E+00,0.000E+00,0.000E+00,0.000E+00,0.000E+00,0.000E+00,100.946E+00,0.000E+00,0.000E+00,98.814E+00,0.000E+00,0.000E+00,20.952E+00,+99999.9E+99,376.949E+00,1.067E+00,+99999.9E+99,+99999.9E+99,11.8791E+00,0.00000E+00,0.00000E+00,12.1721E+00,0.00000E+00,0.00000E+00,4.5848E+00,0.00000E+00,0.00000E+00,10.9587E+00,0.00000E+00,0.00000E+00,4.5698E+00,0.00000E+00,0.00000E+00,18.2433E+00,0.0000E+00,0.0000E+00,4.1702E+00,0.0000E+00,0.0000E+00,7.981E+00,+99999.9E+99,+99999.9E+99,64.210E+00,+99999.9E+99,+99999.9E+99,1.09286E+03,0.00000E+03,0.00000E+03,0.00000E+03,0.00000E+03,0.00000E+03,1.18694E+03,0.00000E+03,0.00000E+03,0.00000E+03,0.00000E+03,0.00000E+03,0.46311E+03,0.00000E+03,0.00000E+03,0.00000E+03,0.00000E+03,0.00000E+03,0.92074E+00,0.00000E+00,0.00000E+00,0.90509E+00,0.28181E+00,0.46357E+00,0.000E+00,-53.344E+00,170.016E+00,154.835E+00,-126.975E+00,107.634E+00,22.965E+00,90.000E+00,90.000E+00,12.6120E+00,0.00000E+00,0.00000E+00,82.842E+00,100.000E+00,100.000E+00,0.18751E+03,0.00000E+03,0.00000E+03,+99999.9E+99,+99999.9E+99,+99999.9E+99,+99999.9E+99,+99999.9E+99,+99999.9E+99,+99999.9E+99,+99999.9E+99,+99999.9E+99,+99999.9E+99,+99999.9E+99,+99999.9E+99,1B00,0,0,0,1B00,76.5865E+00,76.7774E+00,76.5692E+00,76.6444E+00,72.3234E+00,72.7832E+00,72.3366E+00,72.4811E+00,76.5865E+00,76.7774E+00,76.5692E+00,0.0000E+00,0.0000E+00,0.0000E+00,71.2817E+00,71.1839E+00,71.0139E+00,105.743E+00,105.996E+00,105.693E+00,-104.460E+00,-104.400E+00,-105.239E+00,31.961E+00,31.198E+00,31.883E+00,+99999.9E+99,+99999.9E+99,+99999.9E+99,0.228E+00,9.8713E+00,9.5607E+00,9.9041E+00,9.7787E+00,8.6740E+00,8.4271E+00,8.5898E+00,8.5637E+00,9.8708E+00,9.5607E+00,9.9025E+00,-0.1061E+00,0.0000E+00,0.1766E+00,11.7774E+00,11.7831E+00,12.3976E+00,26.4081E+00,24.8367E+00,27.1938E+00,-25.6348E+00,-23.3881E+00,-26.6719E+00,45.011E+00,43.828E+00,41.820E+00,+99999.9E+99,+99999.9E+99,+99999.9E+99,3.449E+00,0.30126E+03,0.29530E+03,0.30879E+03,0.90535E+03,0.40653E+03,0.42773E+03,0.43495E+03,1.26920E+03,0.43904E+03,0.42556E+03,0.44080E+03,1.30541E+03,0.47278E+03,0.48065E+03,0.49957E+03,1.45253E+03,-0.31937E+03,-0.30643E+03,-0.31457E+03,-0.94038E+03,-0.24137E+03,-0.21925E+03,-0.24575E+03,-0.70636E+03,-0.68618E+00,-0.69391E+00,-0.70052E+00,-0.69354E+00,-0.85986E+00,-0.88990E+00,-0.87064E+00,-0.87379E+00,0.000E+00,120.205E+00,-119.972E+00,60.649E+00,177.266E+00,-60.377E+00,-46.671E+00,-46.060E+00,-45.532E+00,-46.089E+00,202.332E+00,201.688E+00,201.972E+00,92.375E+00,+99999.9E+99,+99999.9E+99,0.00007E+06,-0.00054E+06,0.00000E+00,10.559E+00,0.756E+03,0.00084E+06,43.928E+00,F0F08
2021/11/30,17:33:48,00000:00:12,850,38003F00,700,1F00,1F00,3F00,99.918E+00,0.000E+00,0.000E+00,110.979E+00,0.000E+00,0.000E+00,0.507E+00,0.000E+00,0.000E+00,99.916E+00,0.000E+00,0.000E+00,0.000E+00,0.000E+00,0.000E+00,100.946E+00,0.000E+00,0.000E+00,98.814E+00,0.000E+00,0.000E+00,63.518E+00,+99999.9E+99,351.245E+00,1.067E+00,+99999.9E+99,+99999.9E+99,11.8791E+00,0.00000E+00,0.00000E+00,12.1721E+00,0.00000E+00,0.00000E+00,4.5848E+00,0.00000E+00,0.00000E+00,10.9587E+00,0.00000E+00,0.00000E+00,4.2603E+00,0.00000E+00,0.00000E+00,18.2433E+00,0.0000E+00,0.0000E+00,4.1702E+00,0.0000E+00,0.0000E+00,46.715E+00,+99999.9E+99,+99999.9E+99,64.210E+00,+99999.9E+99,+99999.9E+99,1.09286E+03,0.00000E+03,0.00000E+03,0.00000E+03,0.00000E+03,0.00000E+03,1.18694E+03,0.00000E+03,0.00000E+03,0.00000E+03,0.00000E+03,0.00000E+03,0.46311E+03,0.00000E+03,0.00000E+03,0.00000E+03,0.00000E+03,0.00000E+03,0.92074E+00,0.00000E+00,0.00000E+00,0.88577E+00,0.32635E+00,0.89327E+00,0.000E+00,-173.513E+00,131.111E+00,152.347E+00,77.440E+00,-75.602E+00,22.965E+00,90.000E+00,90.000E+00,12.6120E+00,0.00000E+00,0.00000E+00,96.423E+00,100.000E+00,100.000E+00,0.03909E+03,0.00000E+03,0.00000E+03,+99999.9E+99,+99999.9E+99,+99999.9E+99,+99999.9E+99,+99999.9E+99,+99999.9E+99,+99999.9E+99,+99999.9E+99,+99999.9E+99,+99999.9E+99,+99999.9E+99,+99999.9E+99,1B00,0,0,0,1B00,76.5233E+00,77.0390E+00,77.0251E+00,76.8625E+00,71.8647E+00,72.8135E+00,72.7866E+00,72.4883E+00,76.5233E+00,77.0390E+00,77.0251E+00,0.0000E+00,0.0000E+00,0.0000E+00,73.0151E+00,73.2620E+00,73.1379E+00,105.733E+00,106.063E+00,105.701E+00,-104.421E+00,-105.081E+00,-104.567E+00,14.149E+00,14.316E+00,14.381E+00,+99999.9E+99,+99999.9E+99,+99999.9E+99,0.194E+00,11.7130E+00,11.4843E+00,11.2914E+00,11.4962E+00,10.1026E+00,9.9778E+00,9.6842E+00,9.9215E+00,11.7119E+00,11.4782E+00,11.2785E+00,-0.1621E+00,-0.3755E+00,0.5387E+00,5.2824E+00,4.7842E+00,4.9269E+00,27.6576E+00,27.1410E+00,28.5729E+00,-26.4286E+00,-27.2200E+00,-26.1733E+00,54.129E+00,58.517E+00,56.461E+00,+99999.9E+99,+99999.9E+99,+99999.9E+99,4.717E+00,0.36191E+03,0.34383E+03,0.34804E+03,1.05378E+03,0.19106E+03,0.17468E+03,0.18693E+03,0.55267E+03,0.52273E+03,0.51219E+03,0.50629E+03,1.54121E+03,0.21568E+03,0.19969E+03,0.20501E+03,0.62002E+03,-0.37718E+03,-0.37964E+03,-0.36770E+03,-1.12452E+03,-0.10008E+03,-0.09676E+03,-0.08419E+03,-0.28104E+03,-0.69234E+00,-0.67129E+00,-0.68743E+00,-0.68373E+00,-0.88582E+00,-0.87476E+00,-0.91179E+00,-0.89137E+00,0.000E+00,120.002E+00,-119.832E+00,57.758E+00,178.928E+00,-65.640E+00,-46.184E+00,-47.833E+00,-46.573E+00,-46.864E+00,201.266E+00,202.004E+00,201.711E+00,93.125E+00,+99999.9E+99,+99999.9E+99,0.00007E+06,-0.00064E+06,0.00000E+00,12.387E+00,0.757E+03,0.00098E+06,43.618E+00,F0F08
2021/11/30,17:33:48,00000:00:12,900,38003F00,2800,3B00,3B00,3F00,99.986E+00,0.000E+00,0.000E+00,111.055E+00,0.000E+00,0.000E+00,0.509E+00,0.000E+00,0.000E+00,99.985E+00,0.000E+00,0.000E+00,0.000E+00,0.000E+00,0.000E+00,100.968E+00,0.000E+00,0.000E+00,98.818E+00,0.000E+00,0.000E+00,63.518E+00,+99999.9E+99,351.245E+00,1.075E+00,+99999.9E+99,+99999.9E+99,11.5500E+00,0.00000E+00,0.00000E+00,11.7140E+00,0.00000E+00,0.00000E+00,4.7094E+00,0.00000E+00,0.00000E+00,10.5463E+00,0.00000E+00,0.00000E+00,4.2603E+00,0.00000E+00,0.00000E+00,18.3010E+00,0.0000E+00,0.0000E+00,3.4598E+00,0.0000E+00,0.0000E+00,46.715E+00,+99999.9E+99,+99999.9E+99,70.362E+00,+99999.9E+99,+99999.9E+99,1.05232E+03,0.00000E+03,0.00000E+03,0.00000E+03,0.00000E+03,0.00000E+03,1.15484E+03,0.00000E+03,0.00000E+03,0.00000E+03,0.00000E+03,0.00000E+03,0.47569E+03,0.00000E+03,0.00000E+03,0.00000E+03,0.00000E+03,0.00000E+03,0.91122E+00,0.00000E+00,0.00000E+00,0.88577E+00,0.32635E+00,0.89327E+00,0.000E+00,-173.513E+00,131.111E+00,152.347E+00,77.440E+00,-75.602E+00,24.325E+00,90.000E+00,90.000E+00,0.00000E+00,0.00000E+00,0.00000E+00,122.894E+00,100.000E+00,100.000E+00,-0.24091E+03,0.00000E+03,0.00000E+03,+99999.9E+99,+99999.9E+99,+99999.9E+99,+99999.9E+99,+99999.9E+99,+99999.9E+99,+99999.9E+99,+99999.9E+99,+99999.9E+99,+99999.9E+99,+99999.9E+99,+99999.9E+99,1B00,0,0,0,1B00,77.2391E+00,77.2360E+00,77.0055E+00,77.1602E+00,72.2577E+00,72.4346E+00,71.8841E+00,72.1921E+00,77.2391E+00,77.2360E+00,77.0055E+00,0.0000E+00,0.0000E+00,0.0000E+00,70.4883E+00,71.0622E+00,70.9304E+00,105.207E+00,105.624E+00,105.456E+00,-104.553E+00,-104.510E+00,-104.783E+00,34.683E+00,34.742E+00,34.696E+00,+99999.9E+99,+99999.9E+99,+99999.9E+99,0.493E+00,13.5831E+00,13.1497E+00,13.5425E+00,13.4251E+00,12.5059E+00,12.0875E+00,12.4515E+00,12.3483E+00,13.5823E+00,13.1497E+00,13.5409E+00,-0.1532E+00,0.0000E+00,0.2092E+00,14.0914E+00,13.1765E+00,13.1743E+00,27.6829E+00,27.0981E+00,28.4505E+00,-26.5800E+00,-27.0838E+00,-26.4129E+00,39.668E+00,41.879E+00,42.054E+00,+99999.9E+99,+99999.9E+99,+99999.9E+99,4.316E+00,0.42878E+03,0.42073E+03,0.44372E+03,1.29323E+03,0.50330E+03,0.46127E+03,0.48617E+03,1.45074E+03,0.61231E+03,0.59277E+03,0.60900E+03,1.81408E+03,0.56778E+03,0.53310E+03,0.53814E+03,1.63813E+03,-0.43712E+03,-0.41756E+03,-0.41713E+03,-1.27181E+03,-0.26280E+03,-0.26727E+03,-0.23072E+03,-0.76079E+03,-0.70026E+00,-0.70978E+00,-0.72860E+00,-0.71289E+00,-0.88643E+00,-0.86525E+00,-0.90343E+00,-0.88561E+00,0.000E+00,119.859E+00,-119.666E+00,57.842E+00,179.883E+00,-64.483E+00,-45.552E+00,-44.783E+00,-43.231E+00,-44.530E+00,202.213E+00,201.604E+00,201.821E+00,89.377E+00,+99999.9E+99,+99999.9E+99,0.00014E+06,-0.00074E+06,0.00000E+00,14.566E+00,0.758E+03,0.00116E+06,43.789E+00,F0F08
2021/11/30,17:33:48,00000:00:12,950,38003D00,2D00,3C00,3C00,3800,99.986E+00,0.000E+00,0.000E+00,111.055E+00,0.000E+00,0.000E+00,0.509E+00,0.000E+00,0.000E+00,99.985E+00,0.000E+00,0.000E+00,0.000E+00,0.000E+00,0.000E+00,100.968E+00,0.000E+00,0.000E+00,98.818E+00,0.000E+00,0.000E+00,34.607E+00,265.798E+00,426.921E+00,1.075E+00,+99999.9E+99,+99999.9E+99,11.5500E+00,0.00000E+00,0.00000E+00,11.7140E+00,0.00000E+00,0.00000E+00,4.7094E+00,0.00000E+00,0.00000E+00,10.5463E+00,0.00000E+00,0.00000E+00,4.2492E+00,0.00000E+00,0.00000E+00,18.3010E+00,0.0000E+00,0.0000E+00,3.4598E+00,0.0000E+00,0.0000E+00,40.195E+00,+99999.9E+99,+99999.9E+99,70.362E+00,+99999.9E+99,+99999.9E+99,1.05232E+03,0.00000E+03,0.00000E+03,0.00000E+03,0.00000E+03,0.00000E+03,1.15484E+03,0.00000E+03,0.00000E+03,0.00000E+03,0.00000E+03,0.00000E+03,0.47569E+03,0.00000E+03,0.00000E+03,0.00000E+03,0.00000E+03,0.00000E+03,0.91122E+00,0.00000E+00,0.00000E+00,0.93447E+00,0.81950E+00,0.99395E+00,0.000E+00,-110.753E+00,147.243E+00,159.142E+00,-145.718E+00,-39.065E+00,24.325E+00,90.000E+00,90.000E+00,0.00000E+00,0.00000E+00,0.00000E+00,73.526E+00,100.000E+00,100.000E+00,0.27859E+03,0.00000E+03,0.00000E+03,+99999.9E+99,+99999.9E+99,+99999.9E+99,+99999.9E+99,+99999.9E+99,+99999.9E+99,+99999.9E+99,+99999.9E+99,+99999.9E+99,+99999.9E+99,+99999.9E+99,+99999.9E+99,1B00,0,0,0,1B00,76.2974E+00,76.6809E+00,76.5490E+00,76.5091E+00,72.1870E+00,72.9293E+00,72.6806E+00,72.5990E+00,76.2974E+00,76.6809E+00,76.5490E+00,0.0000E+00,0.0000E+00,0.0000E+00,71.9607E+00,71.7954E+00,71.7128E+00,105.899E+00,106.087E+00,105.721E+00,-104.130E+00,-104.614E+00,-105.090E+00,27.005E+00,26.057E+00,26.777E+00,+99999.9E+99,+99999.9E+99,+99999.9E+99,0.205E+00,8.2499E+00,8.1797E+00,8.1316E+00,8.1871E+00,7.3449E+00,7.2939E+00,7.2315E+00,7.2901E+00,8.2491E+00,8.1787E+00,8.1281E+00,-0.1120E+00,-0.1245E+00,0.2375E+00,9.6743E+00,9.8764E+00,10.2355E+00,22.5481E+00,20.7295E+00,20.4971E+00,-18.6857E+00,-19.1743E+00,-19.9414E+00,48.614E+00,46.065E+00,44.595E+00,+99999.9E+99,+99999.9E+99,+99999.9E+99,4.486E+00,0.25968E+03,0.25374E+03,0.26031E+03,0.77373E+03,0.33355E+03,0.35896E+03,0.36245E+03,1.05495E+03,0.36527E+03,0.36249E+03,0.36131E+03,1.08907E+03,0.38883E+03,0.40123E+03,0.41877E+03,1.20817E+03,-0.25688E+03,-0.25888E+03,-0.25056E+03,-0.76632E+03,-0.19983E+03,-0.17926E+03,-0.20976E+03,-0.58885E+03,-0.71093E+00,-0.69998E+00,-0.72047E+00,-0.71045E+00,-0.85783E+00,-0.89464E+00,-0.86551E+00,-0.87318E+00,0.000E+00,120.153E+00,-120.035E+00,60.851E+00,176.651E+00,-59.861E+00,-44.689E+00,-45.574E+00,-43.907E+00,-44.728E+00,201.764E+00,202.090E+00,201.997E+00,95.122E+00,+99999.9E+99,+99999.9E+99,0.00004E+06,-0.00048E+06,0.00000E+00,9.293E+00,0.756E+03,0.00074E+06,43.774E+00,F0F08
2021/11/30,17:33:48,00000:00:13,0,38003F00,2800,3B00,3B00,3F00,99.806E+00,0.000E+00,0.000E+00,110.856E+00,0.000E+00,0.000E+00,0.505E+00,0.000E+00,0.000E+00,99.805E+00,0.000E+00,0.000E+00,0.000E+00,0.000E+00,0.000E+00,100.925E+00,0.000E+00,0.000E+00,98.811E+00,0.000E+00,0.000E+00,34.607E+00,265.798E+00,426.921E+00,1.059E+00,+99999.9E+99,+99999.9E+99,12.3378E+00,0.00000E+00,0.00000E+00,12.7936E+00,0.00000E+00,0.00000E+00,4.4213E+00,0.00000E+00,0.00000E+00,11.5183E+00,0.00000E+00,0.00000E+00,4.2492E+00,0.00000E+00,0.00000E+00,18.1788E+00,0.0000E+00,0.0000E+00,4.1374E+00,0.0000E+00,0.0000E+00,40.195E+00,+99999.9E+99,+99999.9E+99,60.953E+00,+99999.9E+99,+99999.9E+99,1.14759E+03,0.00000E+03,0.00000E+03,0.00000E+03,0.00000E+03,0.00000E+03,1.23139E+03,0.00000E+03,0.00000E+03,0.00000E+03,0.00000E+03,0.00000E+03,-0.44649E+03,0.00000E+03,0.00000E+03,0.00000E+03,0.00000E+03,0.00000E+03,-0.93195E+00,0.00000E+00,0.00000E+00,0.93447E+00,0.81950E+00,0.99395E+00,0.000E+00,-110.753E+00,147.243E+00,159.142E+00,-145.718E+00,-39.065E+00,-21.259E+00,90.000E+00,90.000E+00,9.33369E+00,0.00000E+00,0.00000E+00,109.736E+00,100.000E+00,100.000E+00,-0.11173E+03,0.00000E+03,0.00000E+03,+99999.9E+99,+99999.9E+99,+99999.9E+99,+99999.9E+99,+99999.9E+99,+99999.9E+99,+99999.9E+99,+99999.9E+99,+99999.9E+99,+99999.9E+99,+99999.9E+99,+99999.9E+99,1B00,0,0,0,1B00,77.0937E+00,77.1632E+00,77.1273E+00,77.1281E+00,72.1641E+00,72.5143E+00,72.2969E+00,72.3251E+00,77.0937E+00,77.1632E+00,77.1273E+00,0.0000E+00,0.0000E+00,0.0000E+00,72.7396E+00,73.1785E+00,73.0331E+00,105.687E+00,105.970E+00,105.619E+00,-104.499E+00,-104.480E+00,-105.991E+00,16.340E+00,16.299E+00,16.729E+00,+99999.9E+99,+99999.9E+99,+99999.9E+99,0.362E+00,13.4162E+00,12.9478E+00,13.1388E+00,13.1676E+00,12.2180E+00,11.7418E+00,11.8028E+00,11.9209E+00,13.4152E+00,12.9438E+00,13.1295E+00,-0.1701E+00,-0.3218E+00,0.4930E+00,6.4521E+00,5.7541E+00,5.6607E+00,27.6090E+00,27.2152E+00,28.5381E+00,-26.6519E+00,-26.9276E+00,-26.7267E+00,49.709E+00,54.397E+00,54.889E+00,+99999.9E+99,+99999.9E+99,+99999.9E+99,7.258E+00,0.42846E+03,0.40655E+03,0.42432E+03,1.25932E+03,0.23186E+03,0.20113E+03,0.21821E+03,0.65119E+03,0.60459E+03,0.58167E+03,0.59021E+03,1.77647E+03,0.25959E+03,0.23306E+03,0.23643E+03,0.72803E+03,-0.42656E+03,-0.41600E+03,-0.41024E+03,-1.25280E+03,-0.11676E+03,-0.11775E+03,-0.09102E+03,-0.32553E+03,-0.70867E+00,-0.69894E+00,-0.71893E+00,-0.70889E+00,-0.89315E+00,-0.86298E+00,-0.92292E+00,-0.89446E+00,0.000E+00,119.931E+00,-119.730E+00,56.932E+00,-179.789E+00,-67.223E+00,-44.873E+00,-45.658E+00,-44.034E+00,-44.855E+00,201.795E+00,201.407E+00,201.704E+00,91.153E+00,+99999.9E+99,+99999.9E+99,0.00011E+06,-0.00074E+06,0.00000E+00,14.475E+00,0.757E+03,0.00115E+06,43.710E+00,F0F08
2021/11/30,17:33:48,00000:00:13,50,38003F00,0,1B00,1B00,3F00,99.922E+00,0.000E+00,0.000E+00,110.984E+00,0.000E+00,0.000E+00,0.512E+00,0.000E+00,0.000E+00,99.921E+00,0.000E+00,0.000E+00,0.000E+00,0.000E+00,0.000E+00,100.939E+00,0.000E+00,0.000E+00,98.821E+00,0.000E+00,0.000E+00,100.403E+00,465.984E+00,+99999.9E+99,1.060E+00,+99999.9E+99,+99999.9E+99,11.8333E+00,0.00000E+00,0.00000E+00,12.1180E+00,0.00000E+00,0.00000E+00,4.5823E+00,0.00000E+00,0.00000E+00,10.9101E+00,0.00000E+00,0.00000E+00,3.0270E+00,0.00000E+00,0.00000E+00,18.2276E+00,0.0000E+00,0.0000E+00,4.1660E+00,0.0000E+00,0.0000E+00,102.449E+00,411.890E+00,459.935E+00,64.444E+00,+99999.9E+99,+99999.9E+99,1.08805E+03,0.00000E+03,0.00000E+03,0.00000E+03,0.00000E+03,0.00000E+03,1.18240E+03,0.00000E+03,0.00000E+03,0.00000E+03,0.00000E+03,0.00000E+03,0.46285E+03,0.00000E+03,0.00000E+03,0.00000E+03,0.00000E+03,0.00000E+03,0.92020E+00,0.00000E+00,0.00000E+00,0.83147E+00,0.65784E+00,0.66459E+00,0.000E+00,20.656E+00,106.845E+00,146.250E+00,-110.479E+00,-24.806E+00,23.045E+00,90.000E+00,90.000E+00,12.6115E+00,0.00000E+00,0.00000E+00,100.556E+00,100.000E+00,100.000E+00,-0.00605E+03,0.00000E+03,0.00000E+03,+99999.9E+99,+99999.9E+99,+99999.9E+99,+99999.9E+99,+99999.9E+99,+99999.9E+99,+99999.9E+99,+99999.9E+99,+99999.9E+99,+99999.9E+99,+99999.9E+99,+99999.9E+99,1B00,0,0,0,1B00,76.7478E+00,77.0924E+00,76.8246E+00,76.8883E+00,72.0224E+00,72.6652E+00,72.1711E+00,72.2862E+00,76.7477E+00,77.0924E+00,76.8246E+00,0.0000E+00,0.0000E+00,0.0000E+00,70.0405E+00,70.2500E+00,70.1681E+00,105.439E+00,105.980E+00,105.457E+00,-104.609E+00,-104.556E+00,-104.673E+00,38.943E+00,38.780E+00,38.765E+00,+99999.9E+99,+99999.9E+99,+99999.9E+99,0.180E+00,11.9859E+00,11.8071E+00,12.0993E+00,11.9641E+00,10.4932E+00,10.4072E+00,10.6063E+00,10.5022E+00,11.9854E+00,11.8071E+00,12.0993E+00,-0.1118E+00,0.0000E+00,0.0000E+00,15.3657E+00,14.9601E+00,15.1549E+00,27.9029E+00,27.0281E+00,28.5495E+00,-26.4586E+00,-27.2043E+00,-26.6143E+00,39.483E+00,40.458E+00,39.537E+00,+99999.9E+99,+99999.9E+99,+99999.9E+99,1.636E+00,0.35902E+03,0.36093E+03,0.37414E+03,1.09409E+03,0.54189E+03,0.52617E+03,0.54251E+03,1.61057E+03,0.53545E+03,0.52887E+03,0.54280E+03,1.60713E+03,0.62032E+03,0.60362E+03,0.61316E+03,1.83696E+03,-0.39726E+03,-0.38657E+03,-0.39326E+03,-1.17709E+03,-0.30190E+03,-0.29580E+03,-0.28575E+03,-0.88345E+03,-0.67050E+00,-0.68245E+00,-0.68927E+00,-0.68077E+00,-0.87358E+00,-0.87169E+00,-0.88477E+00,-0.87676E+00,0.000E+00,119.972E+00,-119.863E+00,59.223E+00,179.279E+00,-62.150E+00,-47.894E+00,-46.964E+00,-46.427E+00,-47.096E+00,201.924E+00,202.322E+00,201.806E+00,90.390E+00,+99999.9E+99,+99999.9E+99,0.00011E+06,-0.00063E+06,0.00000E+00,12.477E+00,0.757E+03,0.00099E+06,43.774E+00,F0F0F
2021/11/30,17:33:48,00000:00:13,100,38003F00,700,1F00,1F00,3F00,99.922E+00,0.000E+00,0.000E+00,110.984E+00,0.000E+00,0.000E+00,0.512E+00,0.000E+00,0.000E+00,99.921E+00,0.000E+00,0.000E+00,0.000E+00,0.000E+00,0.000E+00,100.939E+00,0.000E+00,0.000E+00,98.821E+00,0.000E+00,0.000E+00,100.403E+00,465.984E+00,+99999.9E+99,1.060E+00,+99999.9E+99,+99999.9E+99,11.8333E+00,0.00000E+00,0.00000E+00,12.1180E+00,0.00000E+00,0.00000E+00,4.5823E+00,0.00000E+00,0.00000E+00,10.9101E+00,0.00000E+00,0.00000E+00,3.0270E+00,0.00000E+00,0.00000E+00,18.2276E+00,0.0000E+00,0.0000E+00,4.1660E+00,0.0000E+00,0.0000E+00,102.449E+00,411.890E+00,459.935E+00,64.444E+00,+99999.9E+99,+99999.9E+99,1.08805E+03,0.00000E+03,0.00000E+03,0.00000E+03,0.00000E+03,0.00000E+03,1.18240E+03,0.00000E+03,0.00000E+03,0.00000E+03,0.00000E+03,0.00000E+03,0.46285E+03,0.00000E+03,0.00000E+03,0.00000E+03,0.00000E+03,0.00000E+03,0.92020E+00,0.00000E+00,0.00000E+00,0.83147E+00,0.65784E+00,0.66459E+00,0.000E+00,20.656E+00,106.845E+00,146.250E+00,-110.479E+00,-24.806E+00,23.045E+00,90.000E+00,90.000E+00,12.6115E+00,0.00000E+00,0.00000E+00,77.141E+00,100.000E+00,100.000E+00,0.24871E+03,0.00000E+03,0.00000E+03,+99999.9E+99,+99999.9E+99,+99999.9E+99,+99999.9E+99,+99999.9E+99,+99999.9E+99,+99999.9E+99,+99999.9E+99,+99999.9E+99,+99999.9E+99,+99999.9E+99,+99999.9E+99,1B00,0,0,0,1B00,76.5409E+00,76.6352E+00,76.5638E+00,76.5800E+00,72.3629E+00,72.7271E+00,72.4514E+00,72.5138E+00,76.5409E+00,76.6352E+00,76.5638E+00,0.0000E+00,0.0000E+00,0.0000E+00,72.8693E+00,72.7085E+00,72.6407E+00,105.661E+00,106.137E+00,105.710E+00,-104.031E+00,-105.170E+00,-104.773E+00,18.440E+00,17.994E+00,18.048E+00,+99999.9E+99,+99999.9E+99,+99999.9E+99,0.188E+00,9.5165E+00,8.9958E+00,9.1435E+00,9.2186E+00,8.1749E+00,7.7325E+00,7.7878E+00,7.8984E+00,9.5156E+00,8.9917E+00,9.1347E+00,-0.1305E+00,-0.2702E+00,0.4019E+00,6.1399E+00,6.4378E+00,6.8361E+00,26.0881E+00,24.1738E+00,25.1019E+00,-26.6986E+00,-25.5214E+00,-22.5552E+00,56.925E+00,52.746E+00,49.949E+00,+99999.9E+99,+99999.9E+99,+99999.9E+99,4.816E+00,0.28723E+03,0.26849E+03,0.28362E+03,0.83933E+03,0.21995E+03,0.23645E+03,0.24088E+03,0.69728E+03,0.42304E+03,0.39892E+03,0.40556E+03,1.22752E+03,0.25548E+03,0.26252E+03,0.27630E+03,0.79381E+03,-0.31058E+03,-0.29504E+03,-0.28990E+03,-0.89552E+03,-0.12998E+03,-0.11407E+03,-0.13534E+03,-0.37939E+03,-0.67897E+00,-0.67304E+00,-0.69932E+00,-0.68377E+00,-0.86091E+00,-0.90066E+00,-0.87182E+00,-0.87840E+00,0.000E+00,120.129E+00,-120.048E+00,60.505E+00,175.856E+00,-60.616E+00,-47.237E+00,-47.698E+00,-45.628E+00,-46.861E+00,202.139E+00,201.425E+00,202.106E+00,95.032E+00,+99999.9E+99,+99999.9E+99,0.00004E+06,-0.00053E+06,0.00000E+00,10.071E+00,0.756E+03,0.00080E+06,43.879E+00,F0F0F
2021/11/30,17:33:48,00000:00:13,150,38003D00,500,1C00,1C00,3800,99.922E+00,0.000E+00,0.000E+00,110.984E+00,0.000E+00,0.000E+00,0.512E+00,0.000E+00,0.000E+00,99.921E+00,0.000E+00,0.000E+00,0.000E+00,0.000E+00,0.000E+00,100.939E+00,0.000E+00,0.000E+00,98.821E+00,0.000E+00,0.000E+00,18.153E+00,+99999.9E+99,337.790E+00,1.060E+00,+99999.9E+99,+99999.9E+99,11.8333E+00,0.00000E+00,0.00000E+00,12.1180E+00,0.00000E+00,0.00000E+00,4.5823E+00,0.00000E+00,0.00000E+00,10.9101E+00,0.00000E+00,0.00000E+00,4.6919E+00,0.00000E+00,0.00000E+00,18.2276E+00,0.0000E+00,0.0000E+00,4.1660E+00,0.0000E+00,0.0000E+00,8.471E+00,+99999.9E+99,+99999.9E+99,64.444E+00,+99999.9E+99,+99999.9E+99,1.08805E+03,0.00000E+03,0.00000E+03,0.00000E+03,0.00000E+03,0.00000E+03,1.18240E+03,0.00000E+03,0.00000E+03,0.00000E+03,0.00000E+03,0.00000E+03,0.46285E+03,0.00000E+03,0.00000E+03,0.00000E+03,0.00000E+03,0.00000E+03,0.92020E+00,0.00000E+00,0.00000E+00,0.91811E+00,0.99552E+00,0.97993E+00,0.000E+00,158.130E+00,156.699E+00,156.651E+00,163.556E+00,-34.799E+00,23.045E+00,90.000E+00,90.000E+00,12.6115E+00,0.00000E+00,0.00000E+00,124.978E+00,100.000E+00,100.000E+00,-0.27177E+03,0.00000E+03,0.00000E+03,+99999.9E+99,+99999.9E+99,+99999.9E+99,+99999.9E+99,+99999.9E+99,+99999.9E+99,+99999.9E+99,+99999.9E+99,+99999.9E+99,+99999.9E+99,+99999.9E+99,+99999.9E+99,1B00,0,0,0,1B00,76.9964E+00,77.4708E+00,77.3145E+00,77.2605E+00,71.7210E+00,72.5824E+00,72.3090E+00,72.2041E+00,76.9964E+00,77.4708E+00,77.3145E+00,0.0000E+00,0.0000E+00,0.0000E+00,71.7244E+00,72.3216E+00,72.1015E+00,105.507E+00,106.119E+00,105.531E+00,-104.403E+00,-104.964E+00,-104.610E+00,25.317E+00,25.513E+00,25.470E+00,+99999.9E+99,+99999.9E+99,+99999.9E+99,0.478E+00,13.9854E+00,13.6758E+00,13.8119E+00,13.8243E+00,13.0575E+00,12.8805E+00,12.8382E+00,12.9254E+00,13.9845E+00,13.6736E+00,13.8061E+00,-0.1571E+00,-0.2418E+00,0.3999E+00,10.1863E+00,9.3070E+00,9.4734E+00,27.7109E+00,27.1448E+00,28.4924E+00,-26.4643E+00,-27.2386E+00,-26.7457E+00,43.939E+00,46.850E+00,47.063E+00,+99999.9E+99,+99999.9E+99,+99999.9E+99,6.817E+00,0.45712E+03,0.44621E+03,0.45648E+03,1.35982E+03,0.37172E+03,0.32523E+03,0.35114E+03,1.04809E+03,0.62973E+03,0.61657E+03,0.62503E+03,1.87134E+03,0.41561E+03,0.37627E+03,0.38103E+03,1.17134E+03,-0.43313E+03,-0.42551E+03,-0.42695E+03,-1.28559E+03,-0.18588E+03,-0.18920E+03,-0.14793E+03,-0.52302E+03,-0.72590E+00,-0.72370E+00,-0.73034E+00,-0.72665E+00,-0.89441E+00,-0.86437E+00,-0.92155E+00,-0.89478E+00,0.000E+00,119.921E+00,-119.634E+00,56.837E+00,-179.986E+00,-66.963E+00,-43.456E+00,-43.640E+00,-43.085E+00,-43.393E+00,201.149E+00,202.040E+00,201.026E+00,89.908E+00,+99999.9E+99,+99999.9E+99,0.00014E+06,-0.00078E+06,0.00000E+00,15.418E+00,0.757E+03,0.00122E+06,43.532E+00,F0F08
2021/11/30,17:33:48,00000:00:13,200,38003F00,500,1F00,1F00,3F00,99.922E+00,0.000E+00,0.000E+00,110.984E+00,0.000E+00,0.000E+00,0.512E+00,0.000E+00,0.000E+00,99.921E+00,0.000E+00,0.000E+00,0.000E+00,0.000E+00,0.000E+00,100.939E+00,0.000E+00,0.000E+00,98.821E+00,0.000E+00,0.000E+00,66.879E+00,+99999.9E+99,+99999.9E+99,1.060E+00,+99999.9E+99,+99999.9E+99,11.8333E+00,0.00000E+00,0.00000E+00,12.1180E+00,0.00000E+00,0.00000E+00,4.5823E+00,0.00000E+00,0.00000E+00,10.9101E+00,0.00000E+00,0.00000E+00,4.1996E+00,0.00000E+00,0.00000E+00,18.2276E+00,0.0000E+00,0.0000E+00,4.1660E+00,0.0000E+00,0.0000E+00,48.348E+00,+99999.9E+99,+99999.9E+99,64.444E+00,+99999.9E+99,+99999.9E+99,1.08805E+03,0.00000E+03,0.00000E+03,0.00000E+03,0.00000E+03,0.00000E+03,1.18240E+03,0.00000E+03,0.00000E+03,0.00000E+03,0.00000E+03,0.00000E+03,0.46285E+03,0.00000E+03,0.00000E+03,0.00000E+03,0.00000E+03,0.00000E+03,0.92020E+00,0.00000E+00,0.00000E+00,0.88483E+00,0.18819E+00,0.96496E+00,0.000E+00,101.123E+00,142.171E+00,152.231E+00,0.276E+00,157.383E+00,23.045E+00,90.000E+00,90.000E+00,12.6115E+00,0.00000E+00,0.00000E+00,80.741E+00,100.000E+00,100.000E+00,0.20955E+03,0.00000E+03,0.00000E+03,+99999.9E+99,+99999.9E+99,+99999.9E+99,+99999.9E+99,+99999.9E+99,+99999.9E+99,+99999.9E+99,+99999.9E+99,+99999.9E+99,+99999.9E+99,+99999.9E+99,+99999.9E+99,1B00,0,0,0,1B00,76.7096E+00,76.6791E+00,76.3724E+00,76.5870E+00,72.5734E+00,72.7043E+00,72.0155E+00,72.4311E+00,76.7095E+00,76.6791E+00,76.3724E+00,0.0000E+00,0.0000E+00,0.0000E+00,70.7419E+00,70.6498E+00,70.4916E+00,105.747E+00,105.923E+00,105.830E+00,-103.686E+00,-104.556E+00,-104.070E+00,35.736E+00,35.231E+00,35.669E+00,+99999.9E+99,+99999.9E+99,+99999.9E+99,0.207E+00,9.7625E+00,9.3602E+00,9.9635E+00,9.6954E+00,8.4698E+00,8.1227E+00,8.5216E+00,8.3714E+00,9.7618E+00,9.3602E+00,9.9635E+00,-0.1115E+00,0.0000E+00,0.0000E+00,13.4039E+00,13.4515E+00,14.0061E+00,26.2833E+00,24.8809E+00,27.2138E+00,-25.6667E+00,-23.4538E+00,-26.8286E+00,42.855E+00,42.122E+00,40.204E+00,+99999.9E+99,+99999.9E+99,+99999.9E+99,2.547E+00,0.28730E+03,0.28584E+03,0.30536E+03,0.87850E+03,0.46712E+03,0.48240E+03,0.49145E+03,1.44097E+03,0.43421E+03,0.41673E+03,0.44209E+03,1.29303E+03,0.54224E+03,0.54535E+03,0.56321E+03,1.65049E+03,-0.32557E+03,-0.30325E+03,-0.31968E+03,-0.94850E+03,-0.27536E+03,-0.25435E+03,-0.27510E+03,-0.80481E+03,-0.66165E+00,-0.68592E+00,-0.69072E+00,-0.67941E+00,-0.86147E+00,-0.88457E+00,-0.87259E+00,-0.87306E+00,0.000E+00,120.184E+00,-119.982E+00,60.468E+00,177.917E+00,-60.625E+00,-48.574E+00,-46.692E+00,-46.313E+00,-47.202E+00,202.425E+00,201.760E+00,202.579E+00,92.167E+00,+99999.9E+99,+99999.9E+99,0.00007E+06,-0.00052E+06,0.00000E+00,10.219E+00,0.757E+03,0.00081E+06,43.935E+00,F0F08
2021/11/30,17:33:48,00000:00:13,250,38003F00,700,1F00,1F00,3F00,99.922E+00,0.000E+00,0.000E+00,110.984E+00,0.000E+00,0.000E+00,0.512E+00,0.000E+00,0.000E+00,99.921E+00,0.000E+00,0.000E+00,0.000E+00,0.000E+00,0.000E+00,100.939E+00,0.000E+00,0.000E+00,98.821E+00,0.000E+00,0.000E+00,66.879E+00,+99999.9E+99,+99999.9E+99,1.060E+00,+99999.9E+99,+99999.9E+99,11.8333E+00,0.00000E+00,0.00000E+00,12.1180E+00,0.00000E+00,0.00000E+00,4.5823E+00,0.00000E+00,0.00000E+00,10.9101E+00,0.00000E+00,0.00000E+00,4.1996E+00,0.00000E+00,0.00000E+00,18.2276E+00,0.0000E+00,0.0000E+00,4.1660E+00,0.0000E+00,0.0000E+00,48.348E+00,+99999.9E+99,+99999.9E+99,64.444E+00,+99999.9E+99,+99999.9E+99,1.08805E+03,0.00000E+03,0.00000E+03,0.00000E+03,0.00000E+03,0.00000E+03,1.18240E+03,0.00000E+03,0.00000E+03,0.00000E+03,0.00000E+03,0.00000E+03,0.46285E+03,0.00000E+03,0.00000E+03,0.00000E+03,0.00000E+03,0.00000E+03,0.92020E+00,0.00000E+00,0.00000E+00,0.88483E+00,0.18819E+00,0.96496E+00,0.000E+00,101.123E+00,142.171E+00,152.231E+00,0.276E+00,157.383E+00,23.045E+00,90.000E+00,90.000E+00,12.6115E+00,0.00000E+00,0.00000E+00,94.349E+00,100.000E+00,100.000E+00,0.06148E+03,0.00000E+03,0.00000E+03,+99999.9E+99,+99999.9E+99,+99999.9E+99,+99999.9E+99,+99999.9E+99,+99999.9E+99,+99999.9E+99,+99999.9E+99,+99999.9E+99,+99999.9E+99,+99999.9E+99,+99999.9E+99,1B00,0,0,0,1B00,76.5358E+00,76.9977E+00,77.0166E+00,76.8500E+00,71.8201E+00,72.7240E+00,72.7346E+00,72.4263E+00,76.5358E+00,76.9977E+00,77.0166E+00,0.0000E+00,0.0000E+00,0.0000E+00,73.1158E+00,73.2251E+00,73.1204E+00,105.756E+00,106.093E+00,105.819E+00,-104.656E+00,-104.811E+00,-104.779E+00,14.063E+00,13.922E+00,14.223E+00,+99999.9E+99,+99999.9E+99,+99999.9E+99,0.095E+00,11.4732E+00,11.2212E+00,11.0205E+00,11.2383E+00,9.9545E+00,9.8071E+00,9.5119E+00,9.7578E+00,11.4718E+00,11.2151E+00,11.0067E+00,-0.1784E+00,-0.3715E+00,0.5510E+00,4.8830E+00,4.6257E+00,4.8549E+00,27.1814E+00,26.8281E+00,28.0357E+00,-26.1862E+00,-26.4638E+00,-25.4829E+00,57.981E+00,59.482E+00,56.254E+00,+99999.9E+99,+99999.9E+99,+99999.9E+99,2.635E+00,0.35360E+03,0.33380E+03,0.33916E+03,1.02656E+03,0.17617E+03,0.17155E+03,0.18080E+03,0.52851E+03,0.51215E+03,0.50009E+03,0.49349E+03,1.50573E+03,0.20178E+03,0.19414E+03,0.20213E+03,0.59794E+03,-0.37049E+03,-0.37239E+03,-0.35848E+03,-1.10135E+03,-0.09838E+03,-0.09090E+03,-0.09038E+03,-0.27966E+03,-0.69043E+00,-0.66747E+00,-0.68727E+00,-0.68177E+00,-0.87309E+00,-0.88361E+00,-0.89447E+00,-0.88389E+00,0.000E+00,120.043E+00,-119.908E+00,59.226E+00,177.917E+00,-63.349E+00,-46.336E+00,-48.128E+00,-46.586E+00,-47.018E+00,201.213E+00,201.945E+00,201.373E+00,92.756E+00,+99999.9E+99,+99999.9E+99,0.00007E+06,-0.00062E+06,0.00000E+00,12.020E+00,0.756E+03,0.00095E+06,43.605E+00,F0F08
2021/11/30,17:33:48,00000:00:13,300,38003F00,2800,3B00,3B00,3F00,99.990E+00,0.000E+00,0.000E+00,111.060E+00,0.000E+00,0.000E+00,0.498E+00,0.000E+00,0.000E+00,99.989E+00,0.000E+00,0.000E+00,0.000E+00,0.000E+00,0.000E+00,100.950E+00,0.000E+00,0.000E+00,98.814E+00,0.000E+00,0.000E+00,66.879E+00,+99999.9E+99,+99999.9E+99,1.068E+00,+99999.9E+99,+99999.9E+99,11.4681E+00,0.00000E+00,0.00000E+00,11.6604E+00,0.00000E+00,0.00000E+00,4.6162E+00,0.00000E+00,0.00000E+00,10.4980E+00,0.00000E+00,0.00000E+00,4.1996E+00,0.00000E+00,0.00000E+00,18.3105E+00,0.0000E+00,0.0000E+00,3.5276E+00,0.0000E+00,0.0000E+00,48.348E+00,+99999.9E+99,+99999.9E+99,70.408E+00,+99999.9E+99,+99999.9E+99,1.04762E+03,0.00000E+03,0.00000E+03,0.00000E+03,0.00000E+03,0.00000E+03,1.14670E+03,0.00000E+03,0.00000E+03,0.00000E+03,0.00000E+03,0.00000E+03,0.46628E+03,0.00000E+03,0.00000E+03,0.00000E+03,0.00000E+03,0.00000E+03,0.91360E+00,0.00000E+00,0.00000E+00,0.88483E+00,0.18819E+00,0.96496E+00,0.000E+00,101.123E+00,142.171E+00,152.231E+00,0.276E+00,157.383E+00,23.993E+00,90.000E+00,90.000E+00,0.00000E+00,0.00000E+00,0.00000E+00,121.127E+00,100.000E+00,100.000E+00,-0.22133E+03,0.00000E+03,0.00000E+03,+99999.9E+99,+99999.9E+99,+99999.9E+99,+99999.9E+99,+99999.9E+99,+99999.9E+99,+99999.9E+99,+99999.9E+99,+99999.9E+99,+99999.9E+99,+99999.9E+99,+99999.9E+99,1B00,0,0,0,1B00,77.2231E+00,77.2266E+00,76.9949E+00,77.1482E+00,72.1845E+00,72.3633E+00,71.8039E+00,72.1172E+00,77.2231E+00,77.2266E+00,76.9949E+00,0.0000E+00,0.0000E+00,0.0000E+00,70.4634E+00,71.0585E+00,70.9449E+00,105.313E+00,105.604E+00,105.581E+00,-104.543E+00,-104.639E+00,-104.577E+00,34.031E+00,33.986E+00,33.904E+00,+99999.9E+99,+99999.9E+99,+99999.9E+99,0.518E+00,13.3887E+00,12.9613E+00,13.3651E+00,13.2384E+00,12.3674E+00,11.9516E+00,12.3248E+00,12.2146E+00,13.3874E+00,12.9613E+00,13.3632E+00,-0.1828E+00,0.0000E+00,0.2222E+00,13.7309E+00,12.8134E+00,12.7794E+00,27.3705E+00,26.6581E+00,28.1052E+00,-26.5519E+00,-26.6738E+00,-26.0862E+00,40.356E+00,42.734E+00,42.814E+00,+99999.9E+99,+99999.9E+99,+99999.9E+99,4.578E+00,0.42013E+03,0.41301E+03,0.43581E+03,1.26895E+03,0.48688E+03,0.44323E+03,0.46859E+03,1.39871E+03,0.60302E+03,0.58379E+03,0.60076E+03,1.78757E+03,0.55401E+03,0.51862E+03,0.52270E+03,1.59434E+03,-0.43258E+03,-0.41260E+03,-0.41350E+03,-1.25868E+03,-0.26433E+03,-0.26927E+03,-0.23160E+03,-0.76520E+03,-0.69671E+00,-0.70746E+00,-0.72543E+00,-0.70987E+00,-0.87884E+00,-0.85465E+00,-0.89648E+00,-0.87730E+00,0.000E+00,119.832E+00,-119.664E+00,58.778E+00,-178.946E+00,-63.587E+00,-45.836E+00,-44.972E+00,-43.496E+00,-44.776E+00,201.824E+00,201.579E+00,201.821E+00,89.868E+00,+99999.9E+99,+99999.9E+99,0.00013E+06,-0.00073E+06,0.00000E+00,14.377E+00,0.757E+03,0.00114E+06,43.706E+00,F0F08
2021/11/30,17:33:48,00000:00:13,350,38003D00,2D00,3C00,3C00,3800,99.990E+00,0.000E+00,0.000E+00,111.060E+00,0.000E+00,0.000E+00,0.498E+00,0.000E+00,0.000E+00,99.989E+00,0.000E+00,0.000E+00,0.000E+00,0.000E+00,0.000E+00,100.950E+00,0.000E+00,0.000E+00,98.814E+00,0.000E+00,0.000E+00,34.710E+00,+99999.9E+99,+99999.9E+99,1.068E+00,+99999.9E+99,+99999.9E+99,11.4681E+00,0.00000E+00,0.00000E+00,11.6604E+00,0.00000E+00,0.00000E+00,4.6162E+00,0.00000E+00,0.00000E+00,10.4980E+00,0.00000E+00,0.00000E+00,4.0709E+00,0.00000E+00,0.00000E+00,18.3105E+00,0.0000E+00,0.0000E+00,3.5276E+00,0.0000E+00,0.0000E+00,39.555E+00,+99999.9E+99,+99999.9E+99,70.408E+00,+99999.9E+99,+99999.9E+99,1.04762E+03,0.00000E+03,0.00000E+03,0.00000E+03,0.00000E+03,0.00000E+03,1.14670E+03,0.00000E+03,0.00000E+03,0.00000E+03,0.00000E+03,0.00000E+03,0.46628E+03,0.00000E+03,0.00000E+03,0.00000E+03,0.00000E+03,0.00000E+03,0.91360E+00,0.00000E+00,0.00000E+00,0.93499E+00,0.05492E+00,0.71490E+00,0.000E+00,101.510E+00,-153.821E+00,159.227E+00,-165.341E+00,-109.457E+00,23.993E+00,90.000E+00,90.000E+00,0.00000E+00,0.00000E+00,0.00000E+00,74.633E+00,100.000E+00,100.000E+00,0.26575E+03,0.00000E+03,0.00000E+03,+99999.9E+99,+99999.9E+99,+99999.9E+99,+99999.9E+99,+99999.9E+99,+99999.9E+99,+99999.9E+99,+99999.9E+99,+99999.9E+99,+99999.9E+99,+99999.9E+99,+99999.9E+99,1B00,0,0,0,1B00,76.2766E+00,76.6690E+00,76.5222E+00,76.4892E+00,72.1780E+00,72.9201E+00,72.6546E+00,72.5842E+00,76.2766E+00,76.6690E+00,76.5222E+00,0.0000E+00,0.0000E+00,0.0000E+00,71.9262E+00,71.7394E+00,71.6793E+00,105.773E+00,106.089E+00,105.674E+00,-105.000E+00,-104.959E+00,-104.643E+00,27.154E+00,26.197E+00,26.870E+00,+99999.9E+99,+99999.9E+99,+99999.9E+99,0.209E+00,8.2910E+00,8.2287E+00,8.1796E+00,8.2331E+00,7.3912E+00,7.3470E+00,7.2812E+00,7.3398E+00,8.2903E+00,8.2277E+00,8.1763E+00,-0.1063E+00,-0.1245E+00,0.2318E+00,9.7115E+00,9.8955E+00,10.2339E+00,22.1724E+00,20.7857E+00,20.3686E+00,-18.6795E+00,-19.2076E+00,-19.9548E+00,48.522E+00,46.124E+00,44.653E+00,+99999.9E+99,+99999.9E+99,+99999.9E+99,4.257E+00,0.26253E+03,0.25658E+03,0.26276E+03,0.78187E+03,0.33454E+03,0.35862E+03,0.36183E+03,1.05499E+03,0.36688E+03,0.36456E+03,0.36337E+03,1.09482E+03,0.39001E+03,0.40159E+03,0.41825E+03,1.20925E+03,-0.25629E+03,-0.25899E+03,-0.25099E+03,-0.76626E+03,-0.20048E+03,-0.18074E+03,-0.20980E+03,-0.59101E+03,-0.71556E+00,-0.70380E+00,-0.72312E+00,-0.71415E+00,-0.85777E+00,-0.89300E+00,-0.86510E+00,-0.87243E+00,0.000E+00,120.143E+00,-120.056E+00,60.847E+00,176.861E+00,-59.835E+00,-44.311E+00,-45.267E+00,-43.687E+00,-44.426E+00,202.291E+00,201.929E+00,202.006E+00,94.991E+00,+99999.9E+99,+99999.9E+99,0.00004E+06,-0.00049E+06,0.00000E+00,9.381E+00,0.756E+03,0.00074E+06,43.943E+00,F0F08
2021/11/30,17:33:48,00000:00:13,400,38003F00,2800,3B00,3B00,3F00,99.812E+00,0.000E+00,0.000E+00,110.862E+00,0.000E+00,0.000E+00,0.487E+00,0.000E+00,0.000E+00,99.811E+00,0.000E+00,0.000E+00,0.000E+00,0.000E+00,0.000E+00,100.911E+00,0.000E+00,0.000E+00,98.786E+00,0.000E+00,0.000E+00,34.710E+00,+99999.9E+99,+99999.9E+99,1.065E+00,+99999.9E+99,+99999.9E+99,12.2119E+00,0.00000E+00,0.00000E+00,12.7164E+00,0.00000E+00,0.00000E+00,4.2492E+00,0.00000E+00,0.00000E+00,11.4488E+00,0.00000E+00,0.00000E+00,4.0709E+00,0.00000E+00,0.00000E+00,18.2821E+00,0.0000E+00,0.0000E+00,4.1736E+00,0.0000E+00,0.0000E+00,39.555E+00,+99999.9E+99,+99999.9E+99,61.616E+00,+99999.9E+99,+99999.9E+99,1.14086E+03,0.00000E+03,0.00000E+03,0.00000E+03,0.00000E+03,0.00000E+03,1.21890E+03,0.00000E+03,0.00000E+03,0.00000E+03,0.00000E+03,0.00000E+03,-0.42913E+03,0.00000E+03,0.00000E+03,0.00000E+03,0.00000E+03,0.00000E+03,-0.93598E+00,0.00000E+00,0.00000E+00,0.93499E+00,0.05492E+00,0.71490E+00,0.000E+00,101.510E+00,-153.821E+00,159.227E+00,-165.341E+00,-109.457E+00,-20.614E+00,90.000E+00,90.000E+00,9.33156E+00,0.00000E+00,0.00000E+00,111.052E+00,100.000E+00,100.000E+00,-0.12608E+03,0.00000E+03,0.00000E+03,+99999.9E+99,+99999.9E+99,+99999.9E+99,+99999.9E+99,+99999.9E+99,+99999.9E+99,+99999.9E+99,+99999.9E+99,+99999.9E+99,+99999.9E+99,+99999.9E+99,+99999.9E+99,1B00,0,0,0,1B00,77.0679E+00,77.1934E+00,77.1104E+00,77.1239E+00,72.1412E+00,72.5552E+00,72.2802E+00,72.3255E+00,77.0679E+00,77.1934E+00,77.1104E+00,0.0000E+00,0.0000E+00,0.0000E+00,72.6951E+00,73.1298E+00,72.9870E+00,105.714E+00,106.154E+00,105.854E+00,-104.874E+00,-104.749E+00,-104.710E+00,16.420E+00,16.427E+00,16.838E+00,+99999.9E+99,+99999.9E+99,+99999.9E+99,0.358E+00,13.4507E+00,13.0003E+00,13.1960E+00,13.2157E+00,12.2614E+00,11.7878E+00,11.8570E+00,11.9687E+00,13.4496E+00,12.9960E+00,13.1861E+00,-0.1766E+00,-0.3333E+00,0.5111E+00,6.5274E+00,5.8223E+00,5.7319E+00,27.6895E+00,27.1100E+00,28.5690E+00,-26.3976E+00,-27.2633E+00,-26.6852E+00,49.193E+00,53.862E+00,54.366E+00,+99999.9E+99,+99999.9E+99,+99999.9E+99,7.234E+00,0.43044E+03,0.40945E+03,0.42704E+03,1.26694E+03,0.23510E+03,0.20413E+03,0.22125E+03,0.66048E+03,0.60566E+03,0.58428E+03,0.59313E+03,1.78307E+03,0.26248E+03,0.23570E+03,0.23917E+03,0.73629E+03,-0.42608E+03,-0.41680E+03,-0.41163E+03,-1.25452E+03,-0.11673E+03,-0.11783E+03,-0.09083E+03,-0.32540E+03,-0.71070E+00,-0.70079E+00,-0.71998E+00,-0.71054E+00,-0.89567E+00,-0.86607E+00,-0.92508E+00,-0.89704E+00,0.000E+00,119.931E+00,-119.733E+00,56.606E+00,179.860E+00,-67.547E+00,-44.708E+00,-45.510E+00,-43.947E+00,-44.721E+00,201.191E+00,201.367E+00,201.605E+00,90.834E+00,+99999.9E+99,+99999.9E+99,0.00012E+06,-0.00074E+06,0.00000E+00,14.521E+00,0.757E+03,0.00115E+06,43.575E+00,F0F08
2021/11/30,17:33:48,00000:00:13,450,38003F00,0,1B00,1B00,3F00,99.918E+00,0.000E+00,0.000E+00,110.980E+00,0.000E+00,0.000E+00,0.508E+00,0.000E+00,0.000E+00,99.917E+00,0.000E+00,0.000E+00,0.000E+00,0.000E+00,0.000E+00,100.946E+00,0.000E+00,0.000E+00,98.829E+00,0.000E+00,0.000E+00,103.338E+00,+99999.9E+99,440.643E+00,1.060E+00,+99999.9E+99,+99999.9E+99,11.8735E+00,0.00000E+00,0.00000E+00,12.1658E+00,0.00000E+00,0.00000E+00,4.5837E+00,0.00000E+00,0.00000E+00,10.9530E+00,0.00000E+00,0.00000E+00,2.8439E+00,0.00000E+00,0.00000E+00,18.2645E+00,0.0000E+00,0.0000E+00,4.2079E+00,0.0000E+00,0.0000E+00,106.081E+00,+99999.9E+99,+99999.9E+99,64.168E+00,+99999.9E+99,+99999.9E+99,1.09230E+03,0.00000E+03,0.00000E+03,0.00000E+03,0.00000E+03,0.00000E+03,1.18638E+03,0.00000E+03,0.00000E+03,0.00000E+03,0.00000E+03,0.00000E+03,0.46300E+03,0.00000E+03,0.00000E+03,0.00000E+03,0.00000E+03,0.00000E+03,0.92070E+00,0.00000E+00,0.00000E+00,0.82565E+00,0.04379E+00,0.85137E+00,0.000E+00,127.756E+00,116.578E+00,145.654E+00,35.246E+00,-95.062E+00,22.971E+00,90.000E+00,90.000E+00,12.6173E+00,0.00000E+00,0.00000E+00,100.128E+00,100.000E+00,100.000E+00,-0.00140E+03,0.00000E+03,0.00000E+03,+99999.9E+99,+99999.9E+99,+99999.9E+99,+99999.9E+99,+99999.9E+99,+99999.9E+99,+99999.9E+99,+99999.9E+99,+99999.9E+99,+99999.9E+99,+99999.9E+99,+99999.9E+99,1B00,0,0,0,1B00,76.7532E+00,77.0868E+00,76.8328E+00,76.8909E+00,72.0482E+00,72.6553E+00,72.1953E+00,72.2996E+00,76.7532E+00,77.0868E+00,76.8328E+00,0.0000E+00,0.0000E+00,0.0000E+00,70.1396E+00,70.4814E+00,70.4183E+00,105.253E+00,105.900E+00,105.633E+00,-104.230E+00,-104.709E+00,-104.374E+00,37.644E+00,37.640E+00,37.542E+00,+99999.9E+99,+99999.9E+99,+99999.9E+99,0.302E+00,11.9550E+00,11.8051E+00,12.0921E+00,11.9507E+00,10.4682E+00,10.4079E+00,10.6056E+00,10.4939E+00,11.9545E+00,11.8051E+00,12.0921E+00,-0.1031E+00,0.0000E+00,0.0000E+00,15.0896E+00,14.5383E+00,14.5592E+00,27.6805E+00,27.1671E+00,28.6924E+00,-26.0009E+00,-27.0414E+00,-26.7486E+00,39.289E+00,40.559E+00,40.446E+00,+99999.9E+99,+99999.9E+99,+99999.9E+99,2.619E+00,0.35832E+03,0.36163E+03,0.37375E+03,1.09370E+03,0.53764E+03,0.50972E+03,0.52819E+03,1.57555E+03,0.53409E+03,0.52881E+03,0.54252E+03,1.60543E+03,0.60998E+03,0.58585E+03,0.59140E+03,1.78687E+03,-0.39606E+03,-0.38584E+03,-0.39324E+03,-1.17514E+03,-0.28812E+03,-0.28881E+03,-0.26602E+03,-0.84294E+03,-0.67090E+00,-0.68384E+00,-0.68892E+00,-0.68125E+00,-0.88142E+00,-0.87005E+00,-0.89312E+00,-0.88174E+00,0.000E+00,119.898E+00,-119.806E+00,58.349E+00,179.403E+00,-63.206E+00,-47.864E+00,-46.855E+00,-46.456E+00,-47.059E+00,202.148E+00,202.280E+00,201.790E+00,90.547E+00,+99999.9E+99,+99999.9E+99,0.00010E+06,-0.00063E+06,0.00000E+00,12.492E+00,0.757E+03,0.00099E+06,43.826E+00,F0F0F
2021/11/30,17:33:48,00000:00:13,500,38003F00,700,1F00,1F00,3F00,99.918E+00,0.000E+00,0.000E+00,110.980E+00,0.000E+00,0.000E+00,0.508E+00,0.000E+00,0.000E+00,99.917E+00,0.000E+00,0.000E+00,0.000E+00,0.000E+00,0.000E+00,100.946E+00,0.000E+00,0.000E+00,98.829E+00,0.000E+00,0.000E+00,103.338E+00,+99999.9E+99,440.643E+00,1.060E+00,+99999.9E+99,+99999.9E+99,11.8735E+00,0.00000E+00,0.00000E+00,12.1658E+00,0.00000E+00,0.00000E+00,4.5837E+00,0.00000E+00,0.00000E+00,10.9530E+00,0.00000E+00,0.00000E+00,2.8439E+00,0.00000E+00,0.00000E+00,18.2645E+00,0.0000E+00,0.0000E+00,4.2079E+00,0.0000E+00,0.0000E+00,106.081E+00,+99999.9E+99,+99999.9E+99,64.168E+00,+99999.9E+99,+99999.9E+99,1.09230E+03,0.00000E+03,0.00000E+03,0.00000E+03,0.00000E+03,0.00000E+03,1.18638E+03,0.00000E+03,0.00000E+03,0.00000E+03,0.00000E+03,0.00000E+03,0.46300E+03,0.00000E+03,0.00000E+03,0.00000E+03,0.00000E+03,0.00000E+03,0.92070E+00,0.00000E+00,0.00000E+00,0.82565E+00,0.04379E+00,0.85137E+00,0.000E+00,127.756E+00,116.578E+00,145.654E+00,35.246E+00,-95.062E+00,22.971E+00,90.000E+00,90.000E+00,12.6173E+00,0.00000E+00,0.00000E+00,76.662E+00,100.000E+00,100.000E+00,0.25492E+03,0.00000E+03,0.00000E+03,+99999.9E+99,+99999.9E+99,+99999.9E+99,+99999.9E+99,+99999.9E+99,+99999.9E+99,+99999.9E+99,+99999.9E+99,+99999.9E+99,+99999.9E+99,+99999.9E+99,+99999.9E+99,1B00,0,0,0,1B00,76.5509E+00,76.6430E+00,76.5468E+00,76.5802E+00,72.3990E+00,72.7442E+00,72.4292E+00,72.5241E+00,76.5509E+00,76.6430E+00,76.5468E+00,0.0000E+00,0.0000E+00,0.0000E+00,72.4890E+00,72.2425E+00,72.2261E+00,105.866E+00,106.070E+00,105.753E+00,-104.230E+00,-105.127E+00,-104.529E+00,22.438E+00,21.565E+00,22.069E+00,+99999.9E+99,+99999.9E+99,+99999.9E+99,0.232E+00,9.4788E+00,8.9806E+00,9.1211E+00,9.1935E+00,8.1383E+00,7.7283E+00,7.7654E+00,7.8773E+00,9.4776E+00,8.9777E+00,9.1131E+00,-0.1477E+00,-0.2318E+00,0.3807E+00,7.6697E+00,8.1158E+00,8.3149E+00,26.0805E+00,24.2310E+00,24.8833E+00,-26.4762E+00,-25.1586E+00,-22.5138E+00,52.746E+00,48.440E+00,47.366E+00,+99999.9E+99,+99999.9E+99,+99999.9E+99,4.797E+00,0.28630E+03,0.26857E+03,0.28250E+03,0.83738E+03,0.27145E+03,0.29401E+03,0.29569E+03,0.86115E+03,0.42131E+03,0.39835E+03,0.40453E+03,1.22418E+03,0.31480E+03,0.32659E+03,0.34069E+03,0.98145E+03,-0.30908E+03,-0.29419E+03,-0.28955E+03,-0.89282E+03,-0.15941E+03,-0.14219E+03,-0.16922E+03,-0.47082E+03,-0.67955E+00,-0.67423E+00,-0.69835E+00,-0.68403E+00,-0.86230E+00,-0.90025E+00,-0.86792E+00,-0.87742E+00,0.000E+00,120.121E+00,-120.107E+00,60.312E+00,175.925E+00,-60.207E+00,-47.191E+00,-47.606E+00,-45.705E+00,-46.841E+00,201.708E+00,201.435E+00,202.148E+00,94.316E+00,+99999.9E+99,+99999.9E+99,0.00005E+06,-0.00052E+06,0.00000E+00,9.974E+00,0.756E+03,0.00079E+06,43.771E+00,F0F0F
2021/11/30,17:33:48,00000:00:13,550,38003F00,700,1C00,1C00,3800,99.918E+00,0.000E+00,0.000E+00,110.980E+00,0.000E+00,0.000E+00,0.508E+00,0.000E+00,0.000E+00,99.917E+00,0.000E+00,0.000E+00,0.000E+00,0.000E+00,0.000E+00,100.946E+00,0.000E+00,0.000E+00,98.829E+00,0.000E+00,0.000E+00,17.955E+00,+99999.9E+99,+99999.9E+99,1.060E+00,+99999.9E+99,+99999.9E+99,11.8735E+00,0.00000E+00,0.00000E+00,12.1658E+00,0.00000E+00,0.00000E+00,4.5837E+00,0.00000E+00,0.00000E+00,10.9530E+00,0.00000E+00,0.00000E+00,4.6911E+00,0.00000E+00,0.00000E+00,18.2645E+00,0.0000E+00,0.0000E+00,4.2079E+00,0.0000E+00,0.0000E+00,8.406E+00,+99999.9E+99,+99999.9E+99,64.168E+00,+99999.9E+99,+99999.9E+99,1.09230E+03,0.00000E+03,0.00000E+03,0.00000E+03,0.00000E+03,0.00000E+03,1.18638E+03,0.00000E+03,0.00000E+03,0.00000E+03,0.00000E+03,0.00000E+03,0.46300E+03,0.00000E+03,0.00000E+03,0.00000E+03,0.00000E+03,0.00000E+03,0.92070E+00,0.00000E+00,0.00000E+00,0.91802E+00,0.99965E+00,0.98212E+00,0.000E+00,-15.935E+00,163.305E+00,156.638E+00,165.571E+00,-5.845E+00,22.971E+00,90.000E+00,90.000E+00,12.6173E+00,0.00000E+00,0.00000E+00,122.013E+00,100.000E+00,100.000E+00,-0.24044E+03,0.00000E+03,0.00000E+03,+99999.9E+99,+99999.9E+99,+99999.9E+99,+99999.9E+99,+99999.9E+99,+99999.9E+99,+99999.9E+99,+99999.9E+99,+99999.9E+99,+99999.9E+99,+99999.9E+99,+99999.9E+99,1B00,0,0,0,1B00,76.9965E+00,77.4501E+00,77.3070E+00,77.2512E+00,71.6513E+00,72.5149E+00,72.2444E+00,72.1368E+00,76.9965E+00,77.4500E+00,77.3070E+00,0.0000E+00,0.0000E+00,0.0000E+00,72.3311E+00,72.7838E+00,72.6479E+00,105.720E+00,105.943E+00,105.631E+00,-105.021E+00,-105.156E+00,-104.884E+00,20.289E+00,20.487E+00,20.729E+00,+99999.9E+99,+99999.9E+99,+99999.9E+99,0.376E+00,13.7710E+00,13.4509E+00,13.5920E+00,13.6046E+00,12.9017E+00,12.7169E+00,12.6793E+00,12.7660E+00,13.7700E+00,13.4490E+00,13.5863E+00,-0.1647E+00,-0.2272E+00,0.3930E+00,8.0700E+00,7.5074E+00,7.3530E+00,27.1733E+00,26.7114E+00,28.1643E+00,-26.5714E+00,-26.2681E+00,-26.2390E+00,46.866E+00,49.095E+00,50.883E+00,+99999.9E+99,+99999.9E+99,+99999.9E+99,6.706E+00,0.44814E+03,0.43703E+03,0.44757E+03,1.33275E+03,0.29559E+03,0.25930E+03,0.27768E+03,0.83256E+03,0.62003E+03,0.60599E+03,0.61439E+03,1.84041E+03,0.32925E+03,0.29891E+03,0.30098E+03,0.92798E+03,-0.42849E+03,-0.41980E+03,-0.42089E+03,-1.26918E+03,-0.14504E+03,-0.14870E+03,-0.11612E+03,-0.40986E+03,-0.72278E+00,-0.72118E+00,-0.72849E+00,-0.72416E+00,-0.89774E+00,-0.86748E+00,-0.92258E+00,-0.89718E+00,0.000E+00,119.908E+00,-119.733E+00,56.346E+00,179.682E+00,-67.189E+00,-43.716E+00,-43.848E+00,-43.240E+00,-43.601E+00,201.673E+00,202.018E+00,200.990E+00,90.313E+00,+99999.9E+99,+99999.9E+99,0.00013E+06,-0.00077E+06,0.00000E+00,15.178E+00,0.757E+03,0.00120E+06,43.674E+00,F0F08
2021/11/30,17:33:48,00000:00:13,600,38003F00,500,1F00,1F00,3F00,99.918E+00,0.000E+00,0.000E+00,110.980E+00,0.000E+00,0.000E+00,0.508E+00,0.000E+00,0.000E+00,99.917E+00,0.000E+00,0.000E+00,0.000E+00,0.000E+00,0.000E+00,100.946E+00,0.000E+00,0.000E+00,98.829E+00,0.000E+00,0.000E+00,66.916E+00,+99999.9E+99,+99999.9E+99,1.060E+00,+99999.9E+99,+99999.9E+99,11.8735E+00,0.00000E+00,0.00000E+00,12.1658E+00,0.00000E+00,0.00000E+00,4.5837E+00,0.00000E+00,0.00000E+00,10.9530E+00,0.00000E+00,0.00000E+00,4.0362E+00,0.00000E+00,0.00000E+00,18.2645E+00,0.0000E+00,0.0000E+00,4.2079E+00,0.0000E+00,0.0000E+00,48.964E+00,+99999.9E+99,+99999.9E+99,64.168E+00,+99999.9E+99,+99999.9E+99,1.09230E+03,0.00000E+03,0.00000E+03,0.00000E+03,0.00000E+03,0.00000E+03,1.18638E+03,0.00000E+03,0.00000E+03,0.00000E+03,0.00000E+03,0.00000E+03,0.46300E+03,0.00000E+03,0.00000E+03,0.00000E+03,0.00000E+03,0.00000E+03,0.92070E+00,0.00000E+00,0.00000E+00,0.88264E+00,0.99978E+00,0.30032E+00,0.000E+00,78.693E+00,135.506E+00,151.963E+00,77.487E+00,-151.971E+00,22.971E+00,90.000E+00,90.000E+00,12.6173E+00,0.00000E+00,0.00000E+00,78.747E+00,100.000E+00,100.000E+00,0.23214E+03,0.00000E+03,0.00000E+03,+99999.9E+99,+99999.9E+99,+99999.9E+99,+99999.9E+99,+99999.9E+99,+99999.9E+99,+99999.9E+99,+99999.9E+99,+99999.9E+99,+99999.9E+99,+99999.9E+99,+99999.9E+99,1B00,0,0,0,1B00,76.7021E+00,76.6680E+00,76.3724E+00,76.5808E+00,72.5267E+00,72.6384E+00,71.9695E+00,72.3782E+00,76.7021E+00,76.6680E+00,76.3724E+00,0.0000E+00,0.0000E+00,0.0000E+00,70.2364E+00,70.2772E+00,70.1503E+00,105.814E+00,105.986E+00,105.706E+00,-104.347E+00,-104.846E+00,-104.220E+00,37.650E+00,37.377E+00,37.626E+00,+99999.9E+99,+99999.9E+99,+99999.9E+99,0.096E+00,9.5851E+00,9.1801E+00,9.7879E+00,9.5177E+00,8.3516E+00,8.0116E+00,8.4078E+00,8.2570E+00,9.5851E+00,9.1801E+00,9.7879E+00,0.0000E+00,0.0000E+00,0.0000E+00,14.3635E+00,14.2277E+00,14.5924E+00,26.3229E+00,24.8138E+00,26.8276E+00,-25.2733E+00,-22.8438E+00,-26.6976E+00,41.469E+00,41.519E+00,40.075E+00,+99999.9E+99,+99999.9E+99,+99999.9E+99,1.534E+00,0.28114E+03,0.28010E+03,0.29892E+03,0.86016E+03,0.49846E+03,0.50056E+03,0.51310E+03,1.51212E+03,0.42611E+03,0.40851E+03,0.43419E+03,1.26881E+03,0.58076E+03,0.57496E+03,0.58976E+03,1.74537E+03,-0.32020E+03,-0.29736E+03,-0.31491E+03,-0.93248E+03,-0.29801E+03,-0.28288E+03,-0.29078E+03,-0.87167E+03,-0.65979E+00,-0.68565E+00,-0.68845E+00,-0.67792E+00,-0.85830E+00,-0.87059E+00,-0.87001E+00,-0.86636E+00,0.000E+00,120.088E+00,-119.930E+00,60.890E+00,179.507E+00,-60.353E+00,-48.716E+00,-46.713E+00,-46.493E+00,-47.318E+00,201.863E+00,201.732E+00,202.494E+00,92.267E+00,+99999.9E+99,+99999.9E+99,0.00007E+06,-0.00051E+06,0.00000E+00,10.023E+00,0.756E+03,0.00079E+06,43.816E+00,F0F08
2021/11/30,17:33:48,00000:00:13,650,38003F00,2A00,3B00,3B00,3F00,99.992E+00,0.000E+00,0.000E+00,111.061E+00,0.000E+00,0.000E+00,0.491E+00,0.000E+00,0.000E+00,99.990E+00,0.000E+00,0.000E+00,0.000E+00,0.000E+00,0.000E+00,100.932E+00,0.000E+00,0.000E+00,98.836E+00,0.000E+00,0.000E+00,66.916E+00,+99999.9E+99,+99999.9E+99,1.048E+00,+99999.9E+99,+99999.9E+99,11.4245E+00,0.00000E+00,0.00000E+00,11.6371E+00,0.00000E+00,0.00000E+00,4.5554E+00,0.00000E+00,0.00000E+00,10.4770E+00,0.00000E+00,0.00000E+00,4.0362E+00,0.00000E+00,0.00000E+00,18.3679E+00,0.0000E+00,0.0000E+00,3.3914E+00,0.0000E+00,0.0000E+00,48.964E+00,+99999.9E+99,+99999.9E+99,71.473E+00,+99999.9E+99,+99999.9E+99,1.04559E+03,0.00000E+03,0.00000E+03,0.00000E+03,0.00000E+03,0.00000E+03,1.14236E+03,0.00000E+03,0.00000E+03,0.00000E+03,0.00000E+03,0.00000E+03,0.46013E+03,0.00000E+03,0.00000E+03,0.00000E+03,0.00000E+03,0.00000E+03,0.91529E+00,0.00000E+00,0.00000E+00,0.88264E+00,0.99978E+00,0.30032E+00,0.000E+00,78.693E+00,135.506E+00,151.963E+00,77.487E+00,-151.971E+00,23.752E+00,90.000E+00,90.000E+00,0.00000E+00,0.00000E+00,0.00000E+00,101.745E+00,100.000E+00,100.000E+00,-0.01824E+03,0.00000E+03,0.00000E+03,+99999.9E+99,+99999.9E+99,+99999.9E+99,+99999.9E+99,+99999.9E+99,+99999.9E+99,+99999.9E+99,+99999.9E+99,+99999.9E+99,+99999.9E+99,+99999.9E+99,+99999.9E+99,1B00,0,0,0,1B00,76.4900E+00,77.0080E+00,77.0139E+00,76.8373E+00,71.8392E+00,72.8088E+00,72.8054E+00,72.4844E+00,76.4900E+00,77.0080E+00,77.0139E+00,0.0000E+00,0.0000E+00,0.0000E+00,73.0421E+00,73.0165E+00,72.9274E+00,105.730E+00,106.061E+00,105.716E+00,-104.539E+00,-105.033E+00,-104.079E+00,15.524E+00,15.409E+00,15.391E+00,+99999.9E+99,+99999.9E+99,+99999.9E+99,0.096E+00,11.7696E+00,11.5277E+00,11.3352E+00,11.5442E+00,10.1725E+00,10.0313E+00,9.7443E+00,9.9827E+00,11.7684E+00,11.5218E+00,11.3224E+00,-0.1694E+00,-0.3669E+00,0.5373E+00,5.2895E+00,5.2157E+00,5.5980E+00,27.6809E+00,27.2224E+00,28.6110E+00,-26.5233E+00,-26.6957E+00,-26.2429E+00,57.844E+00,57.025E+00,53.075E+00,+99999.9E+99,+99999.9E+99,+99999.9E+99,3.286E+00,0.36561E+03,0.34683E+03,0.35139E+03,1.06384E+03,0.18879E+03,0.19497E+03,0.20144E+03,0.58520E+03,0.52524E+03,0.51383E+03,0.50800E+03,1.54707E+03,0.21768E+03,0.21780E+03,0.22833E+03,0.66362E+03,-0.37710E+03,-0.37912E+03,-0.36686E+03,-1.12308E+03,-0.10836E+03,-0.09709E+03,-0.10750E+03,-0.31295E+03,-0.69608E+00,-0.67499E+00,-0.69172E+00,-0.68764E+00,-0.86730E+00,-0.89515E+00,-0.88222E+00,-0.88182E+00,0.000E+00,120.089E+00,-119.977E+00,59.839E+00,176.524E+00,-61.836E+00,-45.887E+00,-47.547E+00,-46.233E+00,-46.556E+00,201.858E+00,201.693E+00,201.209E+00,92.835E+00,+99999.9E+99,+99999.9E+99,0.00008E+06,-0.00064E+06,0.00000E+00,12.473E+00,0.756E+03,0.00099E+06,43.813E+00,F0F08
2021/11/30,17:33:48,00000:00:13,700,38003F00,2D00,3F00,3F00,3F00,99.992E+00,0.000E+00,0.000E+00,111.061E+00,0.000E+00,0.000E+00,0.491E+00,0.000E+00,0.000E+00,99.990E+00,0.000E+00,0.000E+00,0.000E+00,0.000E+00,0.000E+00,100.932E+00,0.000E+00,0.000E+00,98.836E+00,0.000E+00,0.000E+00,36.340E+00,+99999.9E+99,451.287E+00,1.048E+00,+99999.9E+99,+99999.9E+99,11.4245E+00,0.00000E+00,0.00000E+00,11.6371E+00,0.00000E+00,0.00000E+00,4.5554E+00,0.00000E+00,0.00000E+00,10.4770E+00,0.00000E+00,0.00000E+00,4.1512E+00,0.00000E+00,0.00000E+00,18.3679E+00,0.0000E+00,0.0000E+00,3.3914E+00,0.0000E+00,0.0000E+00,40.851E+00,+99999.9E+99,+99999.9E+99,71.473E+00,+99999.9E+99,+99999.9E+99,1.04559E+03,0.00000E+03,0.00000E+03,0.00000E+03,0.00000E+03,0.00000E+03,1.14236E+03,0.00000E+03,0.00000E+03,0.00000E+03,0.00000E+03,0.00000E+03,0.46013E+03,0.00000E+03,0.00000E+03,0.00000E+03,0.00000E+03,0.00000E+03,0.91529E+00,0.00000E+00,0.00000E+00,0.93315E+00,0.99935E+00,0.21670E+00,0.000E+00,59.917E+00,133.959E+00,158.931E+00,57.857E+00,31.444E+00,23.752E+00,90.000E+00,90.000E+00,0.00000E+00,0.00000E+00,0.00000E+00,122.901E+00,100.000E+00,100.000E+00,-0.23945E+03,0.00000E+03,0.00000E+03,+99999.9E+99,+99999.9E+99,+99999.9E+99,+99999.9E+99,+99999.9E+99,+99999.9E+99,+99999.9E+99,+99999.9E+99,+99999.9E+99,+99999.9E+99,+99999.9E+99,+99999.9E+99,1B00,0,0,0,1B00,77.1910E+00,77.2376E+00,76.9910E+00,77.1399E+00,72.1770E+00,72.4150E+00,71.8440E+00,72.1453E+00,77.1910E+00,77.2376E+00,76.9910E+00,0.0000E+00,0.0000E+00,0.0000E+00,71.0094E+00,71.6575E+00,71.4518E+00,105.319E+00,105.683E+00,105.594E+00,-104.389E+00,-105.354E+00,-104.463E+00,30.344E+00,30.681E+00,30.559E+00,+99999.9E+99,+99999.9E+99,+99999.9E+99,0.530E+00,13.4996E+00,13.0940E+00,13.4750E+00,13.3562E+00,12.4533E+00,12.0433E+00,12.4009E+00,12.2992E+00,13.4989E+00,13.0940E+00,13.4732E+00,-0.1427E+00,0.0000E+00,0.2219E+00,12.4854E+00,11.3825E+00,11.5354E+00,27.3243E+00,27.0948E+00,28.6143E+00,-26.3376E+00,-27.2790E+00,-26.7200E+00,40.796E+00,43.988E+00,43.924E+00,+99999.9E+99,+99999.9E+99,+99999.9E+99,5.732E+00,0.42567E+03,0.41846E+03,0.44091E+03,1.28505E+03,0.44901E+03,0.40095E+03,0.42727E+03,1.27723E+03,0.60781E+03,0.58980E+03,0.60595E+03,1.80357E+03,0.50286E+03,0.46342E+03,0.46718E+03,1.43208E+03,-0.43387E+03,-0.41564E+03,-0.41566E+03,-1.26517E+03,-0.22639E+03,-0.23238E+03,-0.18895E+03,-0.64771E+03,-0.70033E+00,-0.70950E+00,-0.72764E+00,-0.71250E+00,-0.89292E+00,-0.86520E+00,-0.91457E+00,-0.89187E+00,0.000E+00,119.895E+00,-119.606E+00,57.055E+00,179.893E+00,-65.952E+00,-45.546E+00,-44.806E+00,-43.311E+00,-44.561E+00,201.310E+00,201.816E+00,201.871E+00,89.883E+00,+99999.9E+99,+99999.9E+99,0.00013E+06,-0.00074E+06,0.00000E+00,14.569E+00,0.757E+03,0.00116E+06,43.589E+00,F0F08
2021/11/30,17:33:48,00000:00:13,750,38003F00,2800,3B00,3B00,3F00,99.858E+00,0.000E+00,0.000E+00,110.912E+00,0.000E+00,0.000E+00,0.529E+00,0.000E+00,0.000E+00,99.856E+00,0.000E+00,0.000E+00,0.000E+00,0.000E+00,0.000E+00,100.986E+00,0.000E+00,0.000E+00,98.793E+00,0.000E+00,0.000E+00,36.340E+00,+99999.9E+99,451.287E+00,1.098E+00,+99999.9E+99,+99999.9E+99,12.6231E+00,0.00000E+00,0.00000E+00,13.1824E+00,0.00000E+00,0.00000E+00,4.2995E+00,0.00000E+00,0.00000E+00,11.8683E+00,0.00000E+00,0.00000E+00,4.1512E+00,0.00000E+00,0.00000E+00,18.3176E+00,0.0000E+00,0.0000E+00,3.7500E+00,0.0000E+00,0.0000E+00,40.851E+00,+99999.9E+99,+99999.9E+99,61.372E+00,+99999.9E+99,+99999.9E+99,1.18309E+03,0.00000E+03,0.00000E+03,0.00000E+03,0.00000E+03,0.00000E+03,1.26051E+03,0.00000E+03,0.00000E+03,0.00000E+03,0.00000E+03,0.00000E+03,0.43496E+03,0.00000E+03,0.00000E+03,0.00000E+03,0.00000E+03,0.00000E+03,0.93858E+00,0.00000E+00,0.00000E+00,0.93315E+00,0.99935E+00,0.21670E+00,0.000E+00,59.917E+00,133.959E+00,158.931E+00,57.857E+00,31.444E+00,20.186E+00,90.000E+00,90.000E+00,15.5475E+00,0.00000E+00,0.00000E+00,63.895E+00,100.000E+00,100.000E+00,0.42715E+03,0.00000E+03,0.00000E+03,+99999.9E+99,+99999.9E+99,+99999.9E+99,+99999.9E+99,+99999.9E+99,+99999.9E+99,+99999.9E+99,+99999.9E+99,+99999.9E+99,+99999.9E+99,+99999.9E+99,+99999.9E+99,1B00,0,0,0,1B00,76.2394E+00,76.6294E+00,76.4904E+00,76.4531E+00,72.0712E+00,72.8137E+00,72.5483E+00,72.4777E+00,76.2394E+00,76.6294E+00,76.4904E+00,0.0000E+00,0.0000E+00,0.0000E+00,71.2882E+00,71.1888E+00,71.0177E+00,105.916E+00,106.009E+00,105.740E+00,-103.867E+00,-104.453E+00,-105.200E+00,31.969E+00,31.202E+00,31.887E+00,+99999.9E+99,+99999.9E+99,+99999.9E+99,0.230E+00,8.1265E+00,8.0676E+00,8.0372E+00,8.0771E+00,7.2235E+00,7.1744E+00,7.1246E+00,7.1742E+00,8.1258E+00,8.0665E+00,8.0336E+00,-0.1043E+00,-0.1338E+00,0.2392E+00,11.7697E+00,11.7763E+00,12.3910E+00,22.4033E+00,20.9300E+00,20.5871E+00,-18.7319E+00,-18.7148E+00,-20.0352E+00,45.057E+00,43.855E+00,41.842E+00,+99999.9E+99,+99999.9E+99,+99999.9E+99,3.444E+00,0.25350E+03,0.24779E+03,0.25465E+03,0.75594E+03,0.40618E+03,0.42737E+03,0.43455E+03,1.26809E+03,0.35920E+03,0.35697E+03,0.35664E+03,1.07280E+03,0.47255E+03,0.48042E+03,0.49928E+03,1.45178E+03,-0.25448E+03,-0.25695E+03,-0.24968E+03,-0.76112E+03,-0.24151E+03,-0.21944E+03,-0.24588E+03,-0.70683E+03,-0.70573E+00,-0.69416E+00,-0.71404E+00,-0.70464E+00,-0.85954E+00,-0.88958E+00,-0.87034E+00,-0.87348E+00,0.000E+00,120.207E+00,-119.972E+00,60.685E+00,177.307E+00,-60.340E+00,-45.111E+00,-46.040E+00,-44.435E+00,-45.199E+00,202.121E+00,201.406E+00,201.737E+00,95.219E+00,+99999.9E+99,+99999.9E+99,0.00004E+06,-0.00047E+06,0.00000E+00,9.099E+00,0.755E+03,0.00072E+06,43.936E+00,F0F08
2021/11/30,17:33:49,00000:00:13,800,38003800,0,1800,1800,3800,99.925E+00,0.000E+00,0.000E+00,110.987E+00,0.000E+00,0.000E+00,0.523E+00,0.000E+00,0.000E+00,99.924E+00,0.000E+00,0.000E+00,0.000E+00,0.000E+00,0.000E+00,101.021E+00,0.000E+00,0.000E+00,98.775E+00,0.000E+00,0.000E+00,23.163E+00,+99999.9E+99,+99999.9E+99,1.124E+00,+99999.9E+99,+99999.9E+99,11.8373E+00,0.00000E+00,0.00000E+00,12.0602E+00,0.00000E+00,0.00000E+00,4.7143E+00,0.00000E+00,0.00000E+00,10.8580E+00,0.00000E+00,0.00000E+00,4.3866E+00,0.00000E+00,0.00000E+00,18.3752E+00,0.0000E+00,0.0000E+00,4.0133E+00,0.0000E+00,0.0000E+00,9.618E+00,+99999.9E+99,+99999.9E+99,66.135E+00,+99999.9E+99,+99999.9E+99,1.08277E+03,0.00000E+03,0.00000E+03,0.00000E+03,0.00000E+03,0.00000E+03,1.18284E+03,0.00000E+03,0.00000E+03,0.00000E+03,0.00000E+03,0.00000E+03,0.47614E+03,0.00000E+03,0.00000E+03,0.00000E+03,0.00000E+03,0.00000E+03,0.91540E+00,0.00000E+00,0.00000E+00,0.89600E+00,0.98053E+00,0.65136E+00,0.000E+00,151.443E+00,176.937E+00,153.638E+00,-39.880E+00,-133.708E+00,23.737E+00,90.000E+00,90.000E+00,12.5263E+00,0.00000E+00,0.00000E+00,115.516E+00,100.000E+00,100.000E+00,-0.16801E+03,0.00000E+03,0.00000E+03,+99999.9E+99,+99999.9E+99,+99999.9E+99,+99999.9E+99,+99999.9E+99,+99999.9E+99,+99999.9E+99,+99999.9E+99,+99999.9E+99,+99999.9E+99,+99999.9E+99,+99999.9E+99,1B00,0,0,0,1B00,77.0304E+00,77.1780E+00,77.0920E+00,77.1002E+00,72.0421E+00,72.4939E+00,72.2163E+00,72.2508E+00,77.0304E+00,77.1780E+00,77.0920E+00,0.0000E+00,0.0000E+00,0.0000E+00,72.9611E+00,73.2005E+00,73.0735E+00,105.821E+00,106.131E+00,105.680E+00,-104.343E+00,-104.877E+00,-104.659E+00,13.783E+00,13.781E+00,14.025E+00,+99999.9E+99,+99999.9E+99,+99999.9E+99,0.192E+00,13.4153E+00,12.9564E+00,13.1564E+00,13.1760E+00,12.1541E+00,11.6810E+00,11.7462E+00,11.8604E+00,13.4143E+00,12.9524E+00,13.1477E+00,-0.1588E+00,-0.3199E+00,0.4797E+00,4.9890E+00,4.5355E+00,4.6308E+00,27.6490E+00,27.1948E+00,28.7110E+00,-26.5457E+00,-27.0090E+00,-26.7762E+00,56.804E+00,61.019E+00,59.118E+00,+99999.9E+99,+99999.9E+99,+99999.9E+99,4.699E+00,0.42515E+03,0.40381E+03,0.42182E+03,1.25078E+03,0.17790E+03,0.16258E+03,0.17430E+03,0.51479E+03,0.60352E+03,0.58169E+03,0.59084E+03,1.77605E+03,0.20359E+03,0.18859E+03,0.19346E+03,0.58530E+03,-0.42835E+03,-0.41869E+03,-0.41371E+03,-1.26075E+03,-0.09900E+03,-0.09556E+03,-0.08395E+03,-0.27851E+03,-0.70445E+00,-0.69420E+00,-0.71394E+00,-0.70425E+00,-0.87382E+00,-0.86211E+00,-0.90094E+00,-0.87953E+00,0.000E+00,120.010E+00,-119.833E+00,59.202E+00,-179.603E+00,-64.163E+00,-45.215E+00,-46.037E+00,-44.444E+00,-45.231E+00,201.046E+00,201.816E+00,201.531E+00,91.018E+00,+99999.9E+99,+99999.9E+99,0.00011E+06,-0.00073E+06,0.00000E+00,14.373E+00,0.756E+03,0.00114E+06,43.569E+00,F0F0F
2021/11/30,17:33:49,00000:00:13,850,38003F00,700,1F00,1F00,3F00,99.925E+00,0.000E+00,0.000E+00,110.987E+00,0.000E+00,0.000E+00,0.523E+00,0.000E+00,0.000E+00,99.924E+00,0.000E+00,0.000E+00,0.000E+00,0.000E+00,0.000E+00,101.021E+00,0.000E+00,0.000E+00,98.775E+00,0.000E+00,0.000E+00,23.075E+00,+99999.9E+99,483.782E+00,1.124E+00,+99999.9E+99,+99999.9E+99,11.8373E+00,0.00000E+00,0.00000E+00,12.0602E+00,0.00000E+00,0.00000E+00,4.7143E+00,0.00000E+00,0.00000E+00,10.8580E+00,0.00000E+00,0.00000E+00,4.6946E+00,0.00000E+00,0.00000E+00,18.3752E+00,0.0000E+00,0.0000E+00,4.0133E+00,0.0000E+00,0.0000E+00,10.516E+00,+99999.9E+99,+99999.9E+99,66.135E+00,+99999.9E+99,+99999.9E+99,1.08277E+03,0.00000E+03,0.00000E+03,0.00000E+03,0.00000E+03,0.00000E+03,1.18284E+03,0.00000E+03,0.00000E+03,0.00000E+03,0.00000E+03,0.00000E+03,0.47614E+03,0.00000E+03,0.00000E+03,0.00000E+03,0.00000E+03,0.00000E+03,0.91540E+00,0.00000E+00,0.00000E+00,0.90548E+00,0.62187E+00,0.27301E+00,0.000E+00,-138.516E+00,166.786E+00,154.887E+00,93.031E+00,60.942E+00,23.737E+00,90.000E+00,90.000E+00,12.5263E+00,0.00000E+00,0.00000E+00,101.962E+00,100.000E+00,100.000E+00,-0.02124E+03,0.00000E+03,0.00000E+03,+99999.9E+99,+99999.9E+99,+99999.9E+99,+99999.9E+99,+99999.9E+99,+99999.9E+99,+99999.9E+99,+99999.9E+99,+99999.9E+99,+99999.9E+99,+99999.9E+99,+99999.9E+99,1B00,0,0,0,1B00,76.7414E+00,77.0698E+00,76.8125E+00,76.8745E+00,72.0327E+00,72.6463E+00,72.1763E+00,72.2851E+00,76.7413E+00,77.0698E+00,76.8124E+00,0.0000E+00,0.0000E+00,0.0000E+00,70.0824E+00,70.4761E+00,70.4037E+00,105.427E+00,105.940E+00,105.504E+00,-104.106E+00,-104.986E+00,-104.267E+00,37.737E+00,37.674E+00,37.570E+00,+99999.9E+99,+99999.9E+99,+99999.9E+99,0.350E+00,12.0304E+00,11.8667E+00,12.1411E+00,12.0128E+00,10.5481E+00,10.4739E+00,10.6572E+00,10.5597E+00,12.0298E+00,11.8667E+00,12.1411E+00,-0.1228E+00,0.0000E+00,0.0000E+00,15.1600E+00,14.5354E+00,14.5876E+00,27.6643E+00,27.1848E+00,28.5505E+00,-26.3586E+00,-27.1486E+00,-26.5348E+00,39.149E+00,40.654E+00,40.289E+00,+99999.9E+99,+99999.9E+99,+99999.9E+99,2.896E+00,0.36262E+03,0.36448E+03,0.37691E+03,1.10401E+03,0.54046E+03,0.50954E+03,0.53077E+03,1.58077E+03,0.53744E+03,0.53150E+03,0.54451E+03,1.61345E+03,0.61255E+03,0.58551E+03,0.59263E+03,1.79026E+03,-0.39667E+03,-0.38683E+03,-0.39298E+03,-1.17649E+03,-0.28831E+03,-0.28843E+03,-0.26361E+03,-0.84035E+03,-0.67472E+00,-0.68577E+00,-0.69219E+00,-0.68425E+00,-0.88231E+00,-0.87025E+00,-0.89563E+00,-0.88298E+00,0.000E+00,119.882E+00,-119.778E+00,58.265E+00,179.359E+00,-63.519E+00,-47.568E+00,-46.704E+00,-46.196E+00,-46.823E+00,202.035E+00,201.425E+00,201.656E+00,89.947E+00,+99999.9E+99,+99999.9E+99,0.00011E+06,-0.00063E+06,0.00000E+00,12.535E+00,0.756E+03,0.00099E+06,43.835E+00,F0F08
2021/11/30,17:33:49,00000:00:13,900,38003F00,500,1F00,1F00,3F00,99.925E+00,0.000E+00,0.000E+00,110.987E+00,0.000E+00,0.000E+00,0.523E+00,0.000E+00,0.000E+00,99.924E+00,0.000E+00,0.000E+00,0.000E+00,0.000E+00,0.000E+00,101.021E+00,0.000E+00,0.000E+00,98.775E+00,0.000E+00,0.000E+00,23.075E+00,+99999.9E+99,483.782E+00,1.124E+00,+99999.9E+99,+99999.9E+99,11.8373E+00,0.00000E+00,0.00000E+00,12.0602E+00,0.00000E+00,0.00000E+00,4.7143E+00,0.00000E+00,0.00000E+00,10.8580E+00,0.00000E+00,0.00000E+00,4.6946E+00,0.00000E+00,0.00000E+00,18.3752E+00,0.0000E+00,0.0000E+00,4.0133E+00,0.0000E+00,0.0000E+00,10.516E+00,+99999.9E+99,+99999.9E+99,66.135E+00,+99999.9E+99,+99999.9E+99,1.08277E+03,0.00000E+03,0.00000E+03,0.00000E+03,0.00000E+03,0.00000E+03,1.18284E+03,0.00000E+03,0.00000E+03,0.00000E+03,0.00000E+03,0.00000E+03,0.47614E+03,0.00000E+03,0.00000E+03,0.00000E+03,0.00000E+03,0.00000E+03,0.91540E+00,0.00000E+00,0.00000E+00,0.90548E+00,0.62187E+00,0.27301E+00,0.000E+00,-138.516E+00,166.786E+00,154.887E+00,93.031E+00,60.942E+00,23.737E+00,90.000E+00,90.000E+00,12.5263E+00,0.00000E+00,0.00000E+00,77.858E+00,100.000E+00,100.000E+00,0.23975E+03,0.00000E+03,0.00000E+03,+99999.9E+99,+99999.9E+99,+99999.9E+99,+99999.9E+99,+99999.9E+99,+99999.9E+99,+99999.9E+99,+99999.9E+99,+99999.9E+99,+99999.9E+99,+99999.9E+99,+99999.9E+99,1B00,0,0,0,1B00,76.5367E+00,76.5755E+00,76.5377E+00,76.5500E+00,72.3745E+00,72.6671E+00,72.4298E+00,72.4905E+00,76.5367E+00,76.5755E+00,76.5377E+00,0.0000E+00,0.0000E+00,0.0000E+00,72.4240E+00,72.2111E+00,72.1983E+00,105.739E+00,106.103E+00,105.840E+00,-105.083E+00,-103.667E+00,-104.130E+00,22.682E+00,21.702E+00,22.250E+00,+99999.9E+99,+99999.9E+99,+99999.9E+99,0.198E+00,9.5593E+00,9.0312E+00,9.1750E+00,9.2552E+00,8.1958E+00,7.7531E+00,7.8044E+00,7.9178E+00,9.5583E+00,9.0275E+00,9.1664E+00,-0.1372E+00,-0.2577E+00,0.3959E+00,7.7878E+00,8.2013E+00,8.3985E+00,26.3557E+00,24.2086E+00,25.1705E+00,-26.7090E+00,-25.3552E+00,-22.5233E+00,52.172E+00,48.137E+00,46.923E+00,+99999.9E+99,+99999.9E+99,+99999.9E+99,4.480E+00,0.28884E+03,0.26950E+03,0.28468E+03,0.84302E+03,0.27665E+03,0.29742E+03,0.29989E+03,0.87396E+03,0.42497E+03,0.40025E+03,0.40656E+03,1.23178E+03,0.31957E+03,0.33008E+03,0.34404E+03,0.99314E+03,-0.31173E+03,-0.29592E+03,-0.29025E+03,-0.89789E+03,-0.15998E+03,-0.14314E+03,-0.16860E+03,-0.47173E+03,-0.67967E+00,-0.67334E+00,-0.70022E+00,-0.68440E+00,-0.86568E+00,-0.90107E+00,-0.87168E+00,-0.87999E+00,0.000E+00,120.103E+00,-120.093E+00,59.943E+00,175.800E+00,-60.646E+00,-47.182E+00,-47.675E+00,-45.555E+00,-46.812E+00,201.604E+00,201.883E+00,202.021E+00,94.843E+00,+99999.9E+99,+99999.9E+99,0.00004E+06,-0.00053E+06,0.00000E+00,10.101E+00,0.756E+03,0.00080E+06,43.760E+00,F0F08
2021/11/30,17:33:49,00000:00:13,950,38003F00,700,1F00,1F00,3F00,99.925E+00,0.000E+00,0.000E+00,110.987E+00,0.000E+00,0.000E+00,0.523E+00,0.000E+00,0.000E+00,99.924E+00,0.000E+00,0.000E+00,0.000E+00,0.000E+00,0.000E+00,101.021E+00,0.000E+00,0.000E+00,98.775E+00,0.000E+00,0.000E+00,23.075E+00,+99999.9E+99,483.782E+00,1.124E+00,+99999.9E+99,+99999.9E+99,11.8373E+00,0.00000E+00,0.00000E+00,12.0602E+00,0.00000E+00,0.00000E+00,4.7143E+00,0.00000E+00,0.00000E+00,10.8580E+00,0.00000E+00,0.00000E+00,4.6946E+00,0.00000E+00,0.00000E+00,18.3752E+00,0.0000E+00,0.0000E+00,4.0133E+00,0.0000E+00,0.0000E+00,10.516E+00,+99999.9E+99,+99999.9E+99,66.135E+00,+99999.9E+99,+99999.9E+99,1.08277E+03,0.00000E+03,0.00000E+03,0.00000E+03,0.00000E+03,0.00000E+03,1.18284E+03,0.00000E+03,0.00000E+03,0.00000E+03,0.00000E+03,0.00000E+03,0.47614E+03,0.00000E+03,0.00000E+03,0.00000E+03,0.00000E+03,0.00000E+03,0.91540E+00,0.00000E+00,0.00000E+00,0.90548E+00,0.62187E+00,0.27301E+00,0.000E+00,-138.516E+00,166.786E+00,154.887E+00,93.031E+00,60.942E+00,23.737E+00,90.000E+00,90.000E+00,12.5263E+00,0.00000E+00,0.00000E+00,114.129E+00,100.000E+00,100.000E+00,-0.15298E+03,0.00000E+03,0.00000E+03,+99999.9E+99,+99999.9E+99,+99999.9E+99,+99999.9E+99,+99999.9E+99,+99999.9E+99,+99999.9E+99,+99999.9E+99,+99999.9E+99,+99999.9E+99,+99999.9E+99,+99999.9E+99,1B00,0,0,0,1B00,76.9419E+00,77.1975E+00,77.0838E+00,77.0744E+00,72.0035E+00,72.5842E+00,72.3005E+00,72.2961E+00,76.9419E+00,77.1975E+00,77.0838E+00,0.0000E+00,0.0000E+00,0.0000E+00,72.2630E+00,72.7399E+00,72.6067E+00,105.856E+00,106.047E+00,105.639E+00,-104.781E+00,-105.230E+00,-104.549E+00,20.274E+00,20.393E+00,20.718E+00,+99999.9E+99,+99999.9E+99,+99999.9E+99,0.397E+00,13.0423E+00,12.6968E+00,12.8491E+00,12.8627E+00,11.8767E+00,11.5940E+00,11.6237E+00,11.6981E+00,13.0414E+00,12.6945E+00,12.8430E+00,-0.1516E+00,-0.2426E+00,0.3952E+00,8.0945E+00,7.4559E+00,7.3038E+00,27.6300E+00,27.2590E+00,28.5386E+00,-26.6562E+00,-26.9438E+00,-26.7081E+00,46.786E+00,49.439E+00,51.459E+00,+99999.9E+99,+99999.9E+99,+99999.9E+99,7.365E+00,0.41663E+03,0.40291E+03,0.41621E+03,1.23575E+03,0.29561E+03,0.25592E+03,0.27646E+03,0.82799E+03,0.58592E+03,0.56997E+03,0.57764E+03,1.73353E+03,0.32948E+03,0.29604E+03,0.29887E+03,0.92300E+03,-0.41197E+03,-0.40315E+03,-0.40055E+03,-1.21566E+03,-0.14549E+03,-0.14880E+03,-0.11356E+03,-0.40786E+03,-0.71108E+00,-0.70690E+00,-0.72053E+00,-0.71285E+00,-0.89723E+00,-0.86449E+00,-0.92500E+00,-0.89707E+00,0.000E+00,119.894E+00,-119.724E+00,56.423E+00,-179.988E+00,-67.554E+00,-44.677E+00,-45.017E+00,-43.901E+00,-44.532E+00,201.658E+00,201.322E+00,200.981E+00,90.592E+00,+99999.9E+99,+99999.9E+99,0.00012E+06,-0.00072E+06,0.00000E+00,14.126E+00,0.757E+03,0.00112E+06,43.707E+00,F0F08
2021/11/30,17:33:49,00000:00:14,0,38003D00,500,1C00,1C00,3800,99.925E+00,0.000E+00,0.000E+00,110.987E+00,0.000E+00,0.000E+00,0.523E+00,0.000E+00,0.000E+00,99.924E+00,0.000E+00,0.000E+00,0.000E+00,0.000E+00,0.000E+00,101.021E+00,0.000E+00,0.000E+00,98.775E+00,0.000E+00,0.000E+00,59.744E+00,+99999.9E+99,+99999.9E+99,1.124E+00,+99999.9E+99,+99999.9E+99,11.8373E+00,0.00000E+00,0.00000E+00,12.0602E+00,0.00000E+00,0.00000E+00,4.7143E+00,0.00000E+00,0.00000E+00,10.8580E+00,0.00000E+00,0.00000E+00,4.2928E+00,0.00000E+00,0.00000E+00,18.3752E+00,0.0000E+00,0.0000E+00,4.0133E+00,0.0000E+00,0.0000E+00,41.219E+00,+99999.9E+99,+99999.9E+99,66.135E+00,+99999.9E+99,+99999.9E+99,1.08277E+03,0.00000E+03,0.00000E+03,0.00000E+03,0.00000E+03,0.00000E+03,1.18284E+03,0.00000E+03,0.00000E+03,0.00000E+03,0.00000E+03,0.00000E+03,0.47614E+03,0.00000E+03,0.00000E+03,0.00000E+03,0.00000E+03,0.00000E+03,0.91540E+00,0.00000E+00,0.00000E+00,0.90305E+00,0.85471E+00,0.71609E+00,0.000E+00,138.205E+00,141.225E+00,154.562E+00,169.478E+00,-174.508E+00,23.737E+00,90.000E+00,90.000E+00,12.5263E+00,0.00000E+00,0.00000E+00,100.991E+00,100.000E+00,100.000E+00,-0.01073E+03,0.00000E+03,0.00000E+03,+99999.9E+99,+99999.9E+99,+99999.9E+99,+99999.9E+99,+99999.9E+99,+99999.9E+99,+99999.9E+99,+99999.9E+99,+99999.9E+99,+99999.9E+99,+99999.9E+99,+99999.9E+99,1B00,0,0,0,1B00,76.7429E+00,77.0802E+00,76.8341E+00,76.8857E+00,72.0341E+00,72.6585E+00,72.1975E+00,72.2967E+00,76.7429E+00,77.0802E+00,76.8341E+00,0.0000E+00,0.0000E+00,0.0000E+00,70.2457E+00,70.2915E+00,70.1717E+00,105.429E+00,106.041E+00,105.400E+00,-104.343E+00,-104.254E+00,-104.454E+00,38.284E+00,37.967E+00,38.212E+00,+99999.9E+99,+99999.9E+99,+99999.9E+99,0.091E+00,11.9561E+00,11.8036E+00,12.0807E+00,11.9468E+00,10.4645E+00,10.4040E+00,10.5919E+00,10.4868E+00,11.9554E+00,11.8036E+00,12.0807E+00,-0.1328E+00,0.0000E+00,0.0000E+00,14.7545E+00,14.6409E+00,14.9883E+00,27.5819E+00,27.1252E+00,28.4795E+00,-26.3181E+00,-27.0800E+00,-26.4348E+00,40.761E+00,40.760E+00,39.389E+00,+99999.9E+99,+99999.9E+99,+99999.9E+99,1.477E+00,0.35864E+03,0.36143E+03,0.37344E+03,1.09350E+03,0.51758E+03,0.51980E+03,0.53216E+03,1.56955E+03,0.53418E+03,0.52863E+03,0.54196E+03,1.60476E+03,0.59642E+03,0.59111E+03,0.60579E+03,1.79321E+03,-0.39588E+03,-0.38577E+03,-0.39276E+03,-1.17442E+03,-0.29635E+03,-0.28146E+03,-0.28945E+03,-0.86726E+03,-0.67138E+00,-0.68370E+00,-0.68905E+00,-0.68141E+00,-0.86782E+00,-0.87936E+00,-0.87846E+00,-0.87527E+00,0.000E+00,120.079E+00,-119.930E+00,59.814E+00,178.463E+00,-61.357E+00,-47.826E+00,-46.866E+00,-46.445E+00,-47.046E+00,201.933E+00,202.312E+00,202.533E+00,90.406E+00,+99999.9E+99,+99999.9E+99,0.00010E+06,-0.00063E+06,0.00000E+00,12.473E+00,0.757E+03,0.00099E+06,43.778E+00,F0F08
2021/11/30,17:33:49,00000:00:14,50,38003F00,2A00,3B00,3B00,3F00,99.868E+00,0.000E+00,0.000E+00,110.924E+00,0.000E+00,0.000E+00,0.512E+00,0.000E+00,0.000E+00,99.867E+00,0.000E+00,0.000E+00,0.000E+00,0.000E+00,0.000E+00,100.979E+00,0.000E+00,0.000E+00,98.789E+00,0.000E+00,0.000E+00,59.744E+00,+99999.9E+99,+99999.9E+99,1.096E+00,+99999.9E+99,+99999.9E+99,12.0834E+00,0.00000E+00,0.00000E+00,12.3557E+00,0.00000E+00,0.00000E+00,4.7184E+00,0.00000E+00,0.00000E+00,11.1240E+00,0.00000E+00,0.00000E+00,4.2928E+00,0.00000E+00,0.00000E+00,18.2888E+00,0.0000E+00,0.0000E+00,3.3924E+00,0.0000E+00,0.0000E+00,41.219E+00,+99999.9E+99,+99999.9E+99,66.956E+00,+99999.9E+99,+99999.9E+99,1.10874E+03,0.00000E+03,0.00000E+03,0.00000E+03,0.00000E+03,0.00000E+03,1.20675E+03,0.00000E+03,0.00000E+03,0.00000E+03,0.00000E+03,0.00000E+03,0.47637E+03,0.00000E+03,0.00000E+03,0.00000E+03,0.00000E+03,0.00000E+03,0.91879E+00,0.00000E+00,0.00000E+00,0.90305E+00,0.85471E+00,0.71609E+00,0.000E+00,138.205E+00,141.225E+00,154.562E+00,169.478E+00,-174.508E+00,23.251E+00,90.000E+00,90.000E+00,0.00000E+00,0.00000E+00,0.00000E+00,77.612E+00,100.000E+00,100.000E+00,0.24822E+03,0.00000E+03,0.00000E+03,+99999.9E+99,+99999.9E+99,+99999.9E+99,+99999.9E+99,+99999.9E+99,+99999.9E+99,+99999.9E+99,+99999.9E+99,+99999.9E+99,+99999.9E+99,+99999.9E+99,+99999.9E+99,1B00,0,0,0,1B00,76.5596E+00,76.5995E+00,76.5520E+00,76.5704E+00,72.4584E+00,72.7595E+00,72.5056E+00,72.5745E+00,76.5596E+00,76.5995E+00,76.5520E+00,0.0000E+00,0.0000E+00,0.0000E+00,72.8773E+00,72.6912E+00,72.6375E+00,105.691E+00,105.993E+00,105.611E+00,-104.486E+00,-104.819E+00,-104.951E+00,18.465E+00,18.057E+00,18.042E+00,+99999.9E+99,+99999.9E+99,+99999.9E+99,0.203E+00,9.6016E+00,9.0852E+00,9.2159E+00,9.3009E+00,8.3032E+00,7.8752E+00,7.9126E+00,8.0303E+00,9.6004E+00,9.0814E+00,9.2066E+00,-0.1519E+00,-0.2610E+00,0.4140E+00,6.1263E+00,6.4573E+00,6.8372E+00,26.3295E+00,24.1667E+00,25.1081E+00,-26.7162E+00,-25.3448E+00,-22.4976E+00,56.968E+00,52.592E+00,49.972E+00,+99999.9E+99,+99999.9E+99,+99999.9E+99,4.859E+00,0.29479E+03,0.27552E+03,0.29022E+03,0.86052E+03,0.21982E+03,0.23746E+03,0.24039E+03,0.69767E+03,0.42718E+03,0.40296E+03,0.40865E+03,1.23878E+03,0.25493E+03,0.26346E+03,0.27617E+03,0.79405E+03,-0.30916E+03,-0.29405E+03,-0.28769E+03,-0.89090E+03,-0.12912E+03,-0.11411E+03,-0.13594E+03,-0.37917E+03,-0.69008E+00,-0.68373E+00,-0.71020E+00,-0.69465E+00,-0.86225E+00,-0.90133E+00,-0.87046E+00,-0.87862E+00,0.000E+00,120.128E+00,-120.066E+00,60.343E+00,175.773E+00,-60.470E+00,-46.364E+00,-46.864E+00,-44.749E+00,-46.001E+00,201.966E+00,201.326E+00,201.343E+00,94.691E+00,+99999.9E+99,+99999.9E+99,0.00005E+06,-0.00054E+06,0.00000E+00,10.289E+00,0.756E+03,0.00081E+06,43.835E+00,F0F08
2021/11/30,17:33:49,00000:00:14,100,38003F00,2D00,3F00,3F00,3F00,99.868E+00,0.000E+00,0.000E+00,110.924E+00,0.000E+00,0.000E+00,0.512E+00,0.000E+00,0.000E+00,99.867E+00,0.000E+00,0.000E+00,0.000E+00,0.000E+00,0.000E+00,100.979E+00,0.000E+00,0.000E+00,98.789E+00,0.000E+00,0.000E+00,39.643E+00,+99999.9E+99,373.330E+00,1.096E+00,+99999.9E+99,+99999.9E+99,12.0834E+00,0.00000E+00,0.00000E+00,12.3557E+00,0.00000E+00,0.00000E+00,4.7184E+00,0.00000E+00,0.00000E+00,11.1240E+00,0.00000E+00,0.00000E+00,4.0145E+00,0.00000E+00,0.00000E+00,18.2888E+00,0.0000E+00,0.0000E+00,3.3924E+00,0.0000E+00,0.0000E+00,50.006E+00,+99999.9E+99,+99999.9E+99,66.956E+00,+99999.9E+99,+99999.9E+99,1.10874E+03,0.00000E+03,0.00000E+03,0.00000E+03,0.00000E+03,0.00000E+03,1.20675E+03,0.00000E+03,0.00000E+03,0.00000E+03,0.00000E+03,0.00000E+03,0.47637E+03,0.00000E+03,0.00000E+03,0.00000E+03,0.00000E+03,0.00000E+03,0.91879E+00,0.00000E+00,0.00000E+00,0.92283E+00,0.19516E+00,0.73681E+00,0.000E+00,-178.457E+00,-166.756E+00,157.344E+00,-99.712E+00,-124.217E+00,23.251E+00,90.000E+00,90.000E+00,0.00000E+00,0.00000E+00,0.00000E+00,121.341E+00,100.000E+00,100.000E+00,-0.23662E+03,0.00000E+03,0.00000E+03,+99999.9E+99,+99999.9E+99,+99999.9E+99,+99999.9E+99,+99999.9E+99,+99999.9E+99,+99999.9E+99,+99999.9E+99,+99999.9E+99,+99999.9E+99,+99999.9E+99,+99999.9E+99,1B00,0,0,0,1B00,77.0149E+00,77.4522E+00,77.3424E+00,77.2698E+00,71.6821E+00,72.5128E+00,72.2991E+00,72.1646E+00,77.0149E+00,77.4522E+00,77.3424E+00,0.0000E+00,0.0000E+00,0.0000E+00,71.7196E+00,72.3048E+00,72.1032E+00,105.616E+00,106.139E+00,105.690E+00,-104.621E+00,-104.599E+00,-105.033E+00,25.210E+00,25.542E+00,25.499E+00,+99999.9E+99,+99999.9E+99,+99999.9E+99,0.471E+00,13.9178E+00,13.6023E+00,13.7332E+00,13.7511E+00,12.9863E+00,12.7971E+00,12.7453E+00,12.8429E+00,13.9169E+00,13.6001E+00,13.7271E+00,-0.1614E+00,-0.2455E+00,0.4081E+00,10.1855E+00,9.3194E+00,9.4528E+00,27.7119E+00,27.0824E+00,28.5257E+00,-26.6395E+00,-27.1557E+00,-26.5719E+00,43.887E+00,46.800E+00,47.192E+00,+99999.9E+99,+99999.9E+99,+99999.9E+99,6.803E+00,0.45287E+03,0.44090E+03,0.45158E+03,1.34536E+03,0.37188E+03,0.32547E+03,0.35006E+03,1.04741E+03,0.62698E+03,0.61298E+03,0.62113E+03,1.86109E+03,0.41523E+03,0.37657E+03,0.37993E+03,1.17019E+03,-0.43360E+03,-0.42585E+03,-0.42646E+03,-1.28592E+03,-0.18472E+03,-0.18940E+03,-0.14767E+03,-0.52179E+03,-0.72231E+00,-0.71928E+00,-0.72704E+00,-0.72289E+00,-0.89560E+00,-0.86431E+00,-0.92138E+00,-0.89508E+00,0.000E+00,119.909E+00,-119.649E+00,56.680E+00,-179.982E+00,-66.954E+00,-43.755E+00,-44.005E+00,-43.361E+00,-43.707E+00,201.359E+00,202.236E+00,201.542E+00,90.466E+00,+99999.9E+99,+99999.9E+99,0.00013E+06,-0.00078E+06,0.00000E+00,15.349E+00,0.757E+03,0.00122E+06,43.592E+00,F0F08
2021/11/30,17:33:49,00000:00:14,150,38003F00,2800,3B00,3B00,3F00,100.035E+00,0.000E+00,0.000E+00,111.110E+00,0.000E+00,0.000E+00,0.500E+00,0.000E+00,0.000E+00,100.034E+00,0.000E+00,0.000E+00,0.000E+00,0.000E+00,0.000E+00,100.950E+00,0.000E+00,0.000E+00,98.864E+00,0.000E+00,0.000E+00,39.643E+00,+99999.9E+99,373.330E+00,1.043E+00,+99999.9E+99,+99999.9E+99,11.2996E+00,0.00000E+00,0.00000E+00,11.5353E+00,0.00000E+00,0.00000E+00,4.4523E+00,0.00000E+00,0.00000E+00,10.3854E+00,0.00000E+00,0.00000E+00,4.0145E+00,0.00000E+00,0.00000E+00,18.2167E+00,0.0000E+00,0.0000E+00,4.1562E+00,0.0000E+00,0.0000E+00,50.006E+00,+99999.9E+99,+99999.9E+99,67.693E+00,+99999.9E+99,+99999.9E+99,1.03691E+03,0.00000E+03,0.00000E+03,0.00000E+03,0.00000E+03,0.00000E+03,1.13035E+03,0.00000E+03,0.00000E+03,0.00000E+03,0.00000E+03,0.00000E+03,-0.45002E+03,0.00000E+03,0.00000E+03,0.00000E+03,0.00000E+03,0.00000E+03,-0.91733E+00,0.00000E+00,0.00000E+00,0.92283E+00,0.19516E+00,0.73681E+00,0.000E+00,-178.457E+00,-166.756E+00,157.344E+00,-99.712E+00,-124.217E+00,-23.461E+00,90.000E+00,90.000E+00,9.18557E+00,0.00000E+00,0.00000E+00,84.735E+00,100.000E+00,100.000E+00,0.15828E+03,0.00000E+03,0.00000E+03,+99999.9E+99,+99999.9E+99,+99999.9E+99,+99999.9E+99,+99999.9E+99,+99999.9E+99,+99999.9E+99,+99999.9E+99,+99999.9E+99,+99999.9E+99,+99999.9E+99,+99999.9E+99,1B00,0,0,0,1B00,76.7085E+00,76.6814E+00,76.3883E+00,76.5927E+00,72.5882E+00,72.7241E+00,72.0662E+00,72.4595E+00,76.7085E+00,76.6814E+00,76.3882E+00,0.0000E+00,0.0000E+00,0.0000E+00,70.7490E+00,70.6306E+00,70.4838E+00,105.646E+00,106.059E+00,105.690E+00,-104.836E+00,-104.504E+00,-104.181E+00,35.754E+00,35.312E+00,35.717E+00,+99999.9E+99,+99999.9E+99,+99999.9E+99,0.218E+00,9.7618E+00,9.3479E+00,9.9553E+00,9.6883E+00,8.4588E+00,8.1084E+00,8.5102E+00,8.3591E+00,9.7611E+00,9.3479E+00,9.9553E+00,-0.1155E+00,0.0000E+00,0.0000E+00,13.4006E+00,13.4672E+00,13.9892E+00,26.3905E+00,24.7686E+00,27.1795E+00,-25.5800E+00,-23.3009E+00,-26.6319E+00,42.823E+00,42.058E+00,40.262E+00,+99999.9E+99,+99999.9E+99,+99999.9E+99,2.447E+00,0.28764E+03,0.28546E+03,0.30553E+03,0.87863E+03,0.46750E+03,0.48291E+03,0.49064E+03,1.44105E+03,0.43429E+03,0.41623E+03,0.44187E+03,1.29239E+03,0.54239E+03,0.54612E+03,0.56263E+03,1.65086E+03,-0.32539E+03,-0.30293E+03,-0.31921E+03,-0.94752E+03,-0.27501E+03,-0.25505E+03,-0.27537E+03,-0.80543E+03,-0.66231E+00,-0.68581E+00,-0.69146E+00,-0.67985E+00,-0.86193E+00,-0.88425E+00,-0.87204E+00,-0.87291E+00,0.000E+00,120.186E+00,-120.000E+00,60.404E+00,177.964E+00,-60.572E+00,-48.524E+00,-46.701E+00,-46.254E+00,-47.168E+00,202.283E+00,201.579E+00,202.523E+00,91.384E+00,+99999.9E+99,+99999.9E+99,0.00008E+06,-0.00052E+06,0.00000E+00,10.136E+00,0.756E+03,0.00080E+06,43.907E+00,F0F08
2021/11/30,17:33:49,00000:00:14,200,38003800,0,1800,1800,3800,99.954E+00,0.000E+00,0.000E+00,111.019E+00,0.000E+00,0.000E+00,0.517E+00,0.000E+00,0.000E+00,99.952E+00,0.000E+00,0.000E+00,0.000E+00,0.000E+00,0.000E+00,100.936E+00,0.000E+00,0.000E+00,98.829E+00,0.000E+00,0.000E+00,114.245E+00,+99999.9E+99,+99999.9E+99,1.054E+00,+99999.9E+99,+99999.9E+99,11.6053E+00,0.00000E+00,0.00000E+00,11.7847E+00,0.00000E+00,0.00000E+00,4.7023E+00,0.00000E+00,0.00000E+00,10.6099E+00,0.00000E+00,0.00000E+00,3.1086E+00,0.00000E+00,0.00000E+00,18.2743E+00,0.0000E+00,0.0000E+00,3.4440E+00,0.0000E+00,0.0000E+00,103.481E+00,+99999.9E+99,+99999.9E+99,69.889E+00,+99999.9E+99,+99999.9E+99,1.05828E+03,0.00000E+03,0.00000E+03,0.00000E+03,0.00000E+03,0.00000E+03,1.15999E+03,0.00000E+03,0.00000E+03,0.00000E+03,0.00000E+03,0.00000E+03,0.47500E+03,0.00000E+03,0.00000E+03,0.00000E+03,0.00000E+03,0.00000E+03,0.91232E+00,0.00000E+00,0.00000E+00,0.82400E+00,0.76394E+00,0.65712E+00,0.000E+00,24.294E+00,145.760E+00,145.487E+00,-15.894E+00,-165.321E+00,24.172E+00,90.000E+00,90.000E+00,11.9883E+00,0.00000E+00,0.00000E+00,98.951E+00,100.000E+00,100.000E+00,0.01110E+03,0.00000E+03,0.00000E+03,+99999.9E+99,+99999.9E+99,+99999.9E+99,+99999.9E+99,+99999.9E+99,+99999.9E+99,+99999.9E+99,+99999.9E+99,+99999.9E+99,+99999.9E+99,+99999.9E+99,+99999.9E+99,1B00,0,0,0,1B00,76.5085E+00,77.0482E+00,77.0407E+00,76.8658E+00,71.8034E+00,72.7952E+00,72.7844E+00,72.4610E+00,76.5085E+00,77.0482E+00,77.0407E+00,0.0000E+00,0.0000E+00,0.0000E+00,73.1061E+00,73.2143E+00,73.1077E+00,105.757E+00,106.144E+00,105.843E+00,-104.494E+00,-104.957E+00,-104.511E+00,13.979E+00,13.784E+00,14.083E+00,+99999.9E+99,+99999.9E+99,+99999.9E+99,0.096E+00,11.6988E+00,11.4819E+00,11.2828E+00,11.4878E+00,10.0648E+00,9.9363E+00,9.6387E+00,9.8799E+00,11.6977E+00,11.4746E+00,11.2686E+00,-0.1547E+00,-0.4117E+00,0.5674E+00,4.8630E+00,4.6218E+00,4.8510E+00,27.6652E+00,27.1162E+00,28.5395E+00,-26.4038E+00,-27.2733E+00,-26.1233E+00,58.101E+00,59.509E+00,56.040E+00,+99999.9E+99,+99999.9E+99,+99999.9E+99,2.624E+00,0.35990E+03,0.34160E+03,0.34568E+03,1.04717E+03,0.17553E+03,0.17156E+03,0.18075E+03,0.52784E+03,0.52201E+03,0.51202E+03,0.50602E+03,1.54006E+03,0.20108E+03,0.19388E+03,0.20214E+03,0.59698E+03,-0.37811E+03,-0.38141E+03,-0.36955E+03,-1.12907E+03,-0.09809E+03,-0.09030E+03,-0.09049E+03,-0.27888E+03,-0.68944E+00,-0.66716E+00,-0.68312E+00,-0.67996E+00,-0.87294E+00,-0.88491E+00,-0.89419E+00,-0.88418E+00,0.000E+00,120.046E+00,-119.907E+00,59.243E+00,177.759E+00,-63.311E+00,-46.414E+00,-48.151E+00,-46.912E+00,-47.160E+00,201.293E+00,202.122E+00,201.436E+00,93.161E+00,+99999.9E+99,+99999.9E+99,0.00007E+06,-0.00063E+06,0.00000E+00,12.315E+00,0.756E+03,0.00098E+06,43.629E+00,F0F0F
2021/11/30,17:33:49,00000:00:14,250,38003F00,500,1F00,1F00,3F00,99.954E+00,0.000E+00,0.000E+00,111.019E+00,0.000E+00,0.000E+00,0.517E+00,0.000E+00,0.000E+00,99.952E+00,0.000E+00,0.000E+00,0.000E+00,0.000E+00,0.000E+00,100.936E+00,0.000E+00,0.000E+00,98.829E+00,0.000E+00,0.000E+00,114.245E+00,+99999.9E+99,+99999.9E+99,1.054E+00,+99999.9E+99,+99999.9E+99,11.6053E+00,0.00000E+00,0.00000E+00,11.7847E+00,0.00000E+00,0.00000E+00,4.7023E+00,0.00000E+00,0.00000E+00,10.6099E+00,0.00000E+00,0.00000E+00,3.1086E+00,0.00000E+00,0.00000E+00,18.2743E+00,0.0000E+00,0.0000E+00,3.4440E+00,0.0000E+00,0.0000E+00,103.481E+00,+99999.9E+99,+99999.9E+99,69.889E+00,+99999.9E+99,+99999.9E+99,1.05828E+03,0.00000E+03,0.00000E+03,0.00000E+03,0.00000E+03,0.00000E+03,1.15999E+03,0.00000E+03,0.00000E+03,0.00000E+03,0.00000E+03,0.00000E+03,0.47500E+03,0.00000E+03,0.00000E+03,0.00000E+03,0.00000E+03,0.00000E+03,0.91232E+00,0.00000E+00,0.00000E+00,0.82400E+00,0.76394E+00,0.65712E+00,0.000E+00,24.294E+00,145.760E+00,145.487E+00,-15.894E+00,-165.321E+00,24.172E+00,90.000E+00,90.000E+00,11.9883E+00,0.00000E+00,0.00000E+00,120.887E+00,100.000E+00,100.000E+00,-0.22104E+03,0.00000E+03,0.00000E+03,+99999.9E+99,+99999.9E+99,+99999.9E+99,+99999.9E+99,+99999.9E+99,+99999.9E+99,+99999.9E+99,+99999.9E+99,+99999.9E+99,+99999.9E+99,+99999.9E+99,+99999.9E+99,1B00,0,0,0,1B00,77.2108E+00,77.2379E+00,76.9821E+00,77.1436E+00,72.1852E+00,72.4142E+00,71.8249E+00,72.1414E+00,77.2108E+00,77.2379E+00,76.9821E+00,0.0000E+00,0.0000E+00,0.0000E+00,70.4923E+00,71.0263E+00,70.9221E+00,105.490E+00,105.747E+00,105.526E+00,-104.206E+00,-104.834E+00,-108.329E+00,34.708E+00,34.813E+00,34.704E+00,+99999.9E+99,+99999.9E+99,+99999.9E+99,0.463E+00,13.5548E+00,13.1147E+00,13.5010E+00,13.3902E+00,12.4378E+00,12.0013E+00,12.3638E+00,12.2676E+00,13.5538E+00,13.1147E+00,13.4996E+00,-0.1619E+00,0.0000E+00,0.1954E+00,14.0919E+00,13.2312E+00,13.1895E+00,27.6419E+00,27.1762E+00,28.8029E+00,-26.5538E+00,-26.8881E+00,-26.8648E+00,39.684E+00,41.732E+00,42.138E+00,+99999.9E+99,+99999.9E+99,+99999.9E+99,4.131E+00,0.42409E+03,0.41585E+03,0.43937E+03,1.27931E+03,0.50361E+03,0.46321E+03,0.48582E+03,1.45263E+03,0.61056E+03,0.59085E+03,0.60683E+03,1.80824E+03,0.56776E+03,0.53501E+03,0.53846E+03,1.64040E+03,-0.43923E+03,-0.41973E+03,-0.41856E+03,-1.27753E+03,-0.26216E+03,-0.26773E+03,-0.23220E+03,-0.76210E+03,-0.69460E+00,-0.70382E+00,-0.72404E+00,-0.70749E+00,-0.88701E+00,-0.86578E+00,-0.90224E+00,-0.88553E+00,0.000E+00,119.852E+00,-119.698E+00,57.751E+00,179.828E+00,-64.352E+00,-46.005E+00,-45.266E+00,-43.611E+00,-44.969E+00,202.079E+00,201.410E+00,201.833E+00,89.537E+00,+99999.9E+99,+99999.9E+99,0.00013E+06,-0.00073E+06,0.00000E+00,14.441E+00,0.757E+03,0.00115E+06,43.776E+00,F0F0F
2021/11/30,17:33:49,00000:00:14,300,38003F00,500,1F00,1F00,3F00,99.954E+00,0.000E+00,0.000E+00,111.019E+00,0.000E+00,0.000E+00,0.517E+00,0.000E+00,0.000E+00,99.952E+00,0.000E+00,0.000E+00,0.000E+00,0.000E+00,0.000E+00,100.936E+00,0.000E+00,0.000E+00,98.829E+00,0.000E+00,0.000E+00,22.257E+00,+99999.9E+99,293.106E+00,1.054E+00,+99999.9E+99,+99999.9E+99,11.6053E+00,0.00000E+00,0.00000E+00,11.7847E+00,0.00000E+00,0.00000E+00,4.7023E+00,0.00000E+00,0.00000E+00,10.6099E+00,0.00000E+00,0.00000E+00,4.6924E+00,0.00000E+00,0.00000E+00,18.2743E+00,0.0000E+00,0.0000E+00,3.4440E+00,0.0000E+00,0.0000E+00,16.540E+00,+99999.9E+99,+99999.9E+99,69.889E+00,+99999.9E+99,+99999.9E+99,1.05828E+03,0.00000E+03,0.00000E+03,0.00000E+03,0.00000E+03,0.00000E+03,1.15999E+03,0.00000E+03,0.00000E+03,0.00000E+03,0.00000E+03,0.00000E+03,0.47500E+03,0.00000E+03,0.00000E+03,0.00000E+03,0.00000E+03,0.00000E+03,0.91232E+00,0.00000E+00,0.00000E+00,0.92765E+00,0.91269E+00,0.01104E+00,0.000E+00,58.983E+00,157.739E+00,158.071E+00,34.862E+00,-112.893E+00,24.172E+00,90.000E+00,90.000E+00,11.9883E+00,0.00000E+00,0.00000E+00,70.773E+00,100.000E+00,100.000E+00,0.30930E+03,0.00000E+03,0.00000E+03,+99999.9E+99,+99999.9E+99,+99999.9E+99,+99999.9E+99,+99999.9E+99,+99999.9E+99,+99999.9E+99,+99999.9E+99,+99999.9E+99,+99999.9E+99,+99999.9E+99,+99999.9E+99,1B00,0,0,0,1B00,76.2638E+00,76.6723E+00,76.4879E+00,76.4747E+00,72.0908E+00,72.8396E+00,72.5156E+00,72.4820E+00,76.2638E+00,76.6723E+00,76.4879E+00,0.0000E+00,0.0000E+00,0.0000E+00,71.9264E+00,71.7710E+00,71.6921E+00,105.830E+00,106.134E+00,105.820E+00,-105.233E+00,-106.870E+00,-104.597E+00,27.002E+00,25.970E+00,26.735E+00,+99999.9E+99,+99999.9E+99,+99999.9E+99,0.195E+00,8.0350E+00,7.9984E+00,7.9486E+00,7.9940E+00,7.1757E+00,7.1514E+00,7.0806E+00,7.1359E+00,8.0343E+00,7.9976E+00,7.9456E+00,-0.1116E+00,-0.1082E+00,0.2209E+00,9.5961E+00,9.7848E+00,10.1333E+00,22.0386E+00,20.4143E+00,20.2109E+00,-18.2119E+00,-18.6933E+00,-19.4581E+00,49.104E+00,46.551E+00,45.072E+00,+99999.9E+99,+99999.9E+99,+99999.9E+99,4.561E+00,0.25117E+03,0.24604E+03,0.25176E+03,0.74897E+03,0.32751E+03,0.35295E+03,0.35658E+03,1.03703E+03,0.35508E+03,0.35414E+03,0.35281E+03,1.06203E+03,0.38376E+03,0.39595E+03,0.41385E+03,1.19289E+03,-0.25098E+03,-0.25472E+03,-0.24717E+03,-0.75287E+03,-0.20003E+03,-0.17945E+03,-0.21006E+03,-0.58954E+03,-0.70738E+00,-0.69474E+00,-0.71359E+00,-0.70523E+00,-0.85342E+00,-0.89140E+00,-0.86161E+00,-0.86934E+00,0.000E+00,120.147E+00,-120.031E+00,61.345E+00,177.058E+00,-59.419E+00,-44.978E+00,-45.993E+00,-44.472E+00,-45.152E+00,201.661E+00,201.975E+00,201.942E+00,95.220E+00,+99999.9E+99,+99999.9E+99,0.00004E+06,-0.00047E+06,0.00000E+00,9.010E+00,0.756E+03,0.00071E+06,43.780E+00,F0F08
2021/11/30,17:33:49,00000:00:14,350,38003F00,700,1F00,1F00,3F00,99.954E+00,0.000E+00,0.000E+00,111.019E+00,0.000E+00,0.000E+00,0.517E+00,0.000E+00,0.000E+00,99.952E+00,0.000E+00,0.000E+00,0.000E+00,0.000E+00,0.000E+00,100.936E+00,0.000E+00,0.000E+00,98.829E+00,0.000E+00,0.000E+00,22.257E+00,+99999.9E+99,293.106E+00,1.054E+00,+99999.9E+99,+99999.9E+99,11.6053E+00,0.00000E+00,0.00000E+00,11.7847E+00,0.00000E+00,0.00000E+00,4.7023E+00,0.00000E+00,0.00000E+00,10.6099E+00,0.00000E+00,0.00000E+00,4.6924E+00,0.00000E+00,0.00000E+00,18.2743E+00,0.0000E+00,0.0000E+00,3.4440E+00,0.0000E+00,0.0000E+00,16.540E+00,+99999.9E+99,+99999.9E+99,69.889E+00,+99999.9E+99,+99999.9E+99,1.05828E+03,0.00000E+03,0.00000E+03,0.00000E+03,0.00000E+03,0.00000E+03,1.15999E+03,0.00000E+03,0.00000E+03,0.00000E+03,0.00000E+03,0.00000E+03,0.47500E+03,0.00000E+03,0.00000E+03,0.00000E+03,0.00000E+03,0.00000E+03,0.91232E+00,0.00000E+00,0.00000E+00,0.92765E+00,0.91269E+00,0.01104E+00,0.000E+00,58.983E+00,157.739E+00,158.071E+00,34.862E+00,-112.893E+00,24.172E+00,90.000E+00,90.000E+00,11.9883E+00,0.00000E+00,0.00000E+00,117.996E+00,100.000E+00,100.000E+00,-0.19045E+03,0.00000E+03,0.00000E+03,+99999.9E+99,+99999.9E+99,+99999.9E+99,+99999.9E+99,+99999.9E+99,+99999.9E+99,+99999.9E+99,+99999.9E+99,+99999.9E+99,+99999.9E+99,+99999.9E+99,+99999.9E+99,1B00,0,0,0,1B00,77.0492E+00,77.1905E+00,77.1008E+00,77.1135E+00,72.0974E+00,72.5375E+00,72.2481E+00,72.2943E+00,77.0492E+00,77.1905E+00,77.1008E+00,0.0000E+00,0.0000E+00,0.0000E+00,72.7239E+00,73.1108E+00,72.9802E+00,105.813E+00,106.079E+00,105.660E+00,-104.354E+00,-105.339E+00,-103.951E+00,15.822E+00,15.910E+00,16.205E+00,+99999.9E+99,+99999.9E+99,+99999.9E+99,0.321E+00,13.3149E+00,12.8322E+00,13.0379E+00,13.0616E+00,12.1524E+00,11.6628E+00,11.7453E+00,11.8535E+00,13.3131E+00,12.8295E+00,13.0290E+00,-0.2186E+00,-0.2608E+00,0.4806E+00,6.0704E+00,5.4751E+00,5.3412E+00,27.6505E+00,27.1576E+00,28.2952E+00,-26.5843E+00,-26.6890E+00,-26.1881E+00,52.091E+00,56.472E+00,57.250E+00,+99999.9E+99,+99999.9E+99,+99999.9E+99,6.904E+00,0.42437E+03,0.40299E+03,0.42137E+03,1.24873E+03,0.21700E+03,0.18925E+03,0.20402E+03,0.61027E+03,0.59933E+03,0.57634E+03,0.58574E+03,1.76141E+03,0.24558E+03,0.22221E+03,0.22383E+03,0.69071E+03,-0.42321E+03,-0.41203E+03,-0.40687E+03,-1.24210E+03,-0.11499E+03,-0.11645E+03,-0.09206E+03,-0.32350E+03,-0.70808E+00,-0.69922E+00,-0.71938E+00,-0.70894E+00,-0.88360E+00,-0.85167E+00,-0.91151E+00,-0.88354E+00,0.000E+00,119.941E+00,-119.759E+00,58.100E+00,-178.514E+00,-65.593E+00,-44.921E+00,-45.636E+00,-43.997E+00,-44.851E+00,201.675E+00,201.254E+00,201.556E+00,90.877E+00,+99999.9E+99,+99999.9E+99,0.00011E+06,-0.00073E+06,0.00000E+00,14.319E+00,0.757E+03,0.00113E+06,43.711E+00,F0F08
2021/11/30,17:33:49,00000:00:14,400,38003D00,500,1C00,1C00,3800,99.954E+00,0.000E+00,0.000E+00,111.019E+00,0.000E+00,0.000E+00,0.517E+00,0.000E+00,0.000E+00,99.952E+00,0.000E+00,0.000E+00,0.000E+00,0.000E+00,0.000E+00,100.936E+00,0.000E+00,0.000E+00,98.829E+00,0.000E+00,0.000E+00,73.948E+00,354.779E+00,+99999.9E+99,1.054E+00,+99999.9E+99,+99999.9E+99,11.6053E+00,0.00000E+00,0.00000E+00,11.7847E+00,0.00000E+00,0.00000E+00,4.7023E+00,0.00000E+00,0.00000E+00,10.6099E+00,0.00000E+00,0.00000E+00,3.7875E+00,0.00000E+00,0.00000E+00,18.2743E+00,0.0000E+00,0.0000E+00,3.4440E+00,0.0000E+00,0.0000E+00,62.265E+00,+99999.9E+99,474.036E+00,69.889E+00,+99999.9E+99,+99999.9E+99,1.05828E+03,0.00000E+03,0.00000E+03,0.00000E+03,0.00000E+03,0.00000E+03,1.15999E+03,0.00000E+03,0.00000E+03,0.00000E+03,0.00000E+03,0.00000E+03,0.47500E+03,0.00000E+03,0.00000E+03,0.00000E+03,0.00000E+03,0.00000E+03,0.91232E+00,0.00000E+00,0.00000E+00,0.86637E+00,0.98323E+00,0.95346E+00,0.000E+00,-152.431E+00,132.898E+00,150.039E+00,38.075E+00,-64.651E+00,24.172E+00,90.000E+00,90.000E+00,11.9883E+00,0.00000E+00,0.00000E+00,101.413E+00,100.000E+00,100.000E+00,-0.01495E+03,0.00000E+03,0.00000E+03,+99999.9E+99,+99999.9E+99,+99999.9E+99,+99999.9E+99,+99999.9E+99,+99999.9E+99,+99999.9E+99,+99999.9E+99,+99999.9E+99,+99999.9E+99,+99999.9E+99,+99999.9E+99,1B00,0,0,0,1B00,76.7400E+00,77.0818E+00,76.8112E+00,76.8777E+00,71.9619E+00,72.5911E+00,72.1058E+00,72.2196E+00,76.7400E+00,77.0818E+00,76.8112E+00,0.0000E+00,0.0000E+00,0.0000E+00,70.0050E+00,70.2463E+00,70.1539E+00,105.394E+00,105.870E+00,105.510E+00,-104.500E+00,-104.396E+00,-104.390E+00,38.729E+00,38.429E+00,38.485E+00,+99999.9E+99,+99999.9E+99,+99999.9E+99,0.206E+00,11.7731E+00,11.6185E+00,11.9011E+00,11.7642E+00,10.3628E+00,10.2924E+00,10.4775E+00,10.3776E+00,11.7727E+00,11.6185E+00,11.9011E+00,-0.1034E+00,0.0000E+00,0.0000E+00,15.2006E+00,14.7704E+00,14.9712E+00,27.6424E+00,26.7214E+00,28.3914E+00,-25.4962E+00,-26.6129E+00,-26.2914E+00,39.728E+00,40.803E+00,39.765E+00,+99999.9E+99,+99999.9E+99,+99999.9E+99,1.704E+00,0.35184E+03,0.35463E+03,0.36675E+03,1.07322E+03,0.53317E+03,0.51713E+03,0.53432E+03,1.58462E+03,0.52552E+03,0.52021E+03,0.53353E+03,1.57926E+03,0.61279E+03,0.59569E+03,0.60584E+03,1.81418E+03,-0.39036E+03,-0.38059E+03,-0.38749E+03,-1.15844E+03,-0.30207E+03,-0.29567E+03,-0.28557E+03,-0.88331E+03,-0.66951E+00,-0.68171E+00,-0.68740E+00,-0.67957E+00,-0.87006E+00,-0.86812E+00,-0.88194E+00,-0.87346E+00,0.000E+00,119.969E+00,-119.842E+00,59.649E+00,179.685E+00,-61.792E+00,-47.971E+00,-47.022E+00,-46.575E+00,-47.190E+00,201.896E+00,202.302E+00,201.734E+00,90.458E+00,+99999.9E+99,+99999.9E+99,0.00010E+06,-0.00062E+06,0.00000E+00,12.252E+00,0.757E+03,0.00097E+06,43.783E+00,F0F08
2021/11/30,17:33:49,00000:00:14,450,38003F00,2A00,3B00,3B00,3F00,99.866E+00,0.000E+00,0.000E+00,110.922E+00,0.000E+00,0.000E+00,0.492E+00,0.000E+00,0.000E+00,99.864E+00,0.000E+00,0.000E+00,0.000E+00,0.000E+00,0.000E+00,100.957E+00,0.000E+00,0.000E+00,98.814E+00,0.000E+00,0.000E+00,73.948E+00,354.779E+00,+99999.9E+99,1.073E+00,+99999.9E+99,+99999.9E+99,12.0811E+00,0.00000E+00,0.00000E+00,12.4416E+00,0.00000E+00,0.00000E+00,4.5257E+00,0.00000E+00,0.00000E+00,11.2013E+00,0.00000E+00,0.00000E+00,3.7875E+00,0.00000E+00,0.00000E+00,18.2276E+00,0.0000E+00,0.0000E+00,4.1481E+00,0.0000E+00,0.0000E+00,62.265E+00,+99999.9E+99,474.036E+00,62.847E+00,+99999.9E+99,+99999.9E+99,1.11663E+03,0.00000E+03,0.00000E+03,0.00000E+03,0.00000E+03,0.00000E+03,1.20649E+03,0.00000E+03,0.00000E+03,0.00000E+03,0.00000E+03,0.00000E+03,0.45688E+03,0.00000E+03,0.00000E+03,0.00000E+03,0.00000E+03,0.00000E+03,0.92553E+00,0.00000E+00,0.00000E+00,0.86637E+00,0.98323E+00,0.95346E+00,0.000E+00,-152.431E+00,132.898E+00,150.039E+00,38.075E+00,-64.651E+00,22.252E+00,90.000E+00,90.000E+00,0.00000E+00,0.00000E+00,0.00000E+00,77.666E+00,100.000E+00,100.000E+00,0.24939E+03,0.00000E+03,0.00000E+03,+99999.9E+99,+99999.9E+99,+99999.9E+99,+99999.9E+99,+99999.9E+99,+99999.9E+99,+99999.9E+99,+99999.9E+99,+99999.9E+99,+99999.9E+99,+99999.9E+99,+99999.9E+99,1B00,0,0,0,1B00,76.5187E+00,76.6241E+00,76.5476E+00,76.5635E+00,72.4194E+00,72.7992E+00,72.5119E+00,72.5769E+00,76.5187E+00,76.6241E+00,76.5476E+00,0.0000E+00,0.0000E+00,0.0000E+00,72.8450E+00,72.6785E+00,72.6070E+00,105.709E+00,106.111E+00,105.761E+00,-104.221E+00,-105.069E+00,-105.096E+00,18.467E+00,18.034E+00,18.131E+00,+99999.9E+99,+99999.9E+99,+99999.9E+99,0.195E+00,9.6090E+00,9.1043E+00,9.2553E+00,9.3229E+00,8.3335E+00,7.9137E+00,7.9635E+00,8.0702E+00,9.6077E+00,9.1013E+00,9.2470E+00,-0.1553E+00,-0.2337E+00,0.3900E+00,6.1716E+00,6.4600E+00,6.8569E+00,26.1619E+00,24.1881E+00,24.9262E+00,-26.4600E+00,-25.1695E+00,-22.4429E+00,56.588E+00,52.572E+00,49.812E+00,+99999.9E+99,+99999.9E+99,+99999.9E+99,4.744E+00,0.29641E+03,0.27822E+03,0.29261E+03,0.86724E+03,0.22146E+03,0.23762E+03,0.24222E+03,0.70130E+03,0.42726E+03,0.40384E+03,0.41063E+03,1.24173E+03,0.25671E+03,0.26351E+03,0.27722E+03,0.79695E+03,-0.30772E+03,-0.29271E+03,-0.28809E+03,-0.88852E+03,-0.12983E+03,-0.11389E+03,-0.13484E+03,-0.37856E+03,-0.69375E+00,-0.68894E+00,-0.71259E+00,-0.69841E+00,-0.86268E+00,-0.90178E+00,-0.87374E+00,-0.87998E+00,0.000E+00,120.135E+00,-120.049E+00,60.303E+00,175.713E+00,-60.838E+00,-46.073E+00,-46.454E+00,-44.554E+00,-45.700E+00,201.626E+00,201.235E+00,201.991E+00,94.578E+00,+99999.9E+99,+99999.9E+99,0.00005E+06,-0.00054E+06,0.00000E+00,10.362E+00,0.756E+03,0.00082E+06,43.766E+00,F0F08
2021/11/30,17:33:49,00000:00:14,500,38003F00,2D00,3F00,3F00,3F00,99.866E+00,0.000E+00,0.000E+00,110.922E+00,0.000E+00,0.000E+00,0.492E+00,0.000E+00,0.000E+00,99.864E+00,0.000E+00,0.000E+00,0.000E+00,0.000E+00,0.000E+00,100.957E+00,0.000E+00,0.000E+00,98.814E+00,0.000E+00,0.000E+00,37.502E+00,+99999.9E+99,480.859E+00,1.073E+00,+99999.9E+99,+99999.9E+99,12.0811E+00,0.00000E+00,0.00000E+00,12.4416E+00,0.00000E+00,0.00000E+00,4.5257E+00,0.00000E+00,0.00000E+00,11.2013E+00,0.00000E+00,0.00000E+00,4.1471E+00,0.00000E+00,0.00000E+00,18.2276E+00,0.0000E+00,0.0000E+00,4.1481E+00,0.0000E+00,0.0000E+00,38.521E+00,+99999.9E+99,+99999.9E+99,62.847E+00,+99999.9E+99,+99999.9E+99,1.11663E+03,0.00000E+03,0.00000E+03,0.00000E+03,0.00000E+03,0.00000E+03,1.20649E+03,0.00000E+03,0.00000E+03,0.00000E+03,0.00000E+03,0.00000E+03,0.45688E+03,0.00000E+03,0.00000E+03,0.00000E+03,0.00000E+03,0.00000E+03,0.92553E+00,0.00000E+00,0.00000E+00,0.93966E+00,0.77631E+00,0.02500E+00,0.000E+00,142.697E+00,151.741E+00,159.994E+00,103.621E+00,-119.691E+00,22.252E+00,90.000E+00,90.000E+00,0.00000E+00,0.00000E+00,0.00000E+00,119.943E+00,100.000E+00,100.000E+00,-0.22269E+03,0.00000E+03,0.00000E+03,+99999.9E+99,+99999.9E+99,+99999.9E+99,+99999.9E+99,+99999.9E+99,+99999.9E+99,+99999.9E+99,+99999.9E+99,+99999.9E+99,+99999.9E+99,+99999.9E+99,+99999.9E+99,1800,0,0,0,1800,76.9862E+00,77.4631E+00,77.3276E+00,77.2590E+00,71.6459E+00,72.5229E+00,72.2845E+00,72.1511E+00,76.9862E+00,77.4631E+00,77.3276E+00,0.0000E+00,0.0000E+00,0.0000E+00,71.7172E+00,72.2642E+00,72.0495E+00,105.519E+00,105.957E+00,105.569E+00,-104.359E+00,-105.360E+00,-105.091E+00,25.228E+00,25.657E+00,25.581E+00,+99999.9E+99,+99999.9E+99,+99999.9E+99,0.437E+00,13.8273E+00,13.5138E+00,13.6501E+00,13.6637E+00,12.9516E+00,12.7527E+00,12.7175E+00,12.8073E+00,13.8265E+00,13.5112E+00,13.6439E+00,-0.1448E+00,-0.2649E+00,0.4108E+00,10.1885E+00,9.3615E+00,9.5075E+00,27.2933E+00,26.9424E+00,28.5633E+00,-25.9438E+00,-26.8286E+00,-26.7167E+00,43.835E+00,46.491E+00,46.963E+00,+99999.9E+99,+99999.9E+99,+99999.9E+99,6.490E+00,0.45054E+03,0.43876E+03,0.45003E+03,1.33933E+03,0.37247E+03,0.32820E+03,0.35222E+03,1.05289E+03,0.62241E+03,0.60898E+03,0.61749E+03,1.84887E+03,0.41562E+03,0.37828E+03,0.38219E+03,1.17468E+03,-0.42942E+03,-0.42231E+03,-0.42281E+03,-1.27454E+03,-0.18441E+03,-0.18810E+03,-0.14836E+03,-0.52087E+03,-0.72387E+00,-0.72049E+00,-0.72880E+00,-0.72440E+00,-0.89617E+00,-0.86761E+00,-0.92158E+00,-0.89632E+00,0.000E+00,119.939E+00,-119.660E+00,56.588E+00,179.664E+00,-66.972E+00,-43.625E+00,-43.905E+00,-43.214E+00,-43.581E+00,201.609E+00,202.059E+00,200.947E+00,90.390E+00,+99999.9E+99,+99999.9E+99,0.00013E+06,-0.00077E+06,0.00000E+00,15.272E+00,0.757E+03,0.00121E+06,43.679E+00,F0F08
2021/11/30,17:33:49,00000:00:14,550,38003F00,2800,3B00,3B00,3F00,100.046E+00,0.000E+00,0.000E+00,111.121E+00,0.000E+00,0.000E+00,0.493E+00,0.000E+00,0.000E+00,100.045E+00,0.000E+00,0.000E+00,0.000E+00,0.000E+00,0.000E+00,100.943E+00,0.000E+00,0.000E+00,98.814E+00,0.000E+00,0.000E+00,37.502E+00,+99999.9E+99,480.859E+00,1.064E+00,+99999.9E+99,+99999.9E+99,11.0180E+00,0.00000E+00,0.00000E+00,11.2858E+00,0.00000E+00,0.00000E+00,4.2609E+00,0.00000E+00,0.00000E+00,10.1607E+00,0.00000E+00,0.00000E+00,4.1471E+00,0.00000E+00,0.00000E+00,18.0976E+00,0.0000E+00,0.0000E+00,4.2502E+00,0.0000E+00,0.0000E+00,38.521E+00,+99999.9E+99,+99999.9E+99,68.142E+00,+99999.9E+99,+99999.9E+99,1.01466E+03,0.00000E+03,0.00000E+03,0.00000E+03,0.00000E+03,0.00000E+03,1.10230E+03,0.00000E+03,0.00000E+03,0.00000E+03,0.00000E+03,0.00000E+03,0.43075E+03,0.00000E+03,0.00000E+03,0.00000E+03,0.00000E+03,0.00000E+03,0.92049E+00,0.00000E+00,0.00000E+00,0.93966E+00,0.77631E+00,0.02500E+00,0.000E+00,142.697E+00,151.741E+00,159.994E+00,103.621E+00,-119.691E+00,23.002E+00,90.000E+00,90.000E+00,9.69462E+00,0.00000E+00,0.00000E+00,84.947E+00,100.000E+00,100.000E+00,0.15273E+03,0.00000E+03,0.00000E+03,+99999.9E+99,+99999.9E+99,+99999.9E+99,+99999.9E+99,+99999.9E+99,+99999.9E+99,+99999.9E+99,+99999.9E+99,+99999.9E+99,+99999.9E+99,+99999.9E+99,+99999.9E+99,1B00,0,0,0,1B00,76.6879E+00,76.6368E+00,76.3638E+00,76.5628E+00,72.5081E+00,72.6169E+00,71.9715E+00,72.3655E+00,76.6879E+00,76.6368E+00,76.3638E+00,0.0000E+00,0.0000E+00,0.0000E+00,70.7095E+00,70.6131E+00,70.4594E+00,105.850E+00,105.957E+00,105.740E+00,-104.253E+00,-104.679E+00,-104.687E+00,35.641E+00,35.206E+00,35.648E+00,+99999.9E+99,+99999.9E+99,+99999.9E+99,0.205E+00,9.6959E+00,9.2739E+00,9.8980E+00,9.6226E+00,8.3570E+00,7.9952E+00,8.4164E+00,8.2562E+00,9.6954E+00,9.2739E+00,9.8980E+00,-0.1004E+00,0.0000E+00,0.0000E+00,13.4132E+00,13.4380E+00,13.9848E+00,26.4295E+00,24.8876E+00,27.4067E+00,-25.7167E+00,-23.5438E+00,-26.8662E+00,42.714E+00,42.096E+00,40.207E+00,+99999.9E+99,+99999.9E+99,+99999.9E+99,2.424E+00,0.28159E+03,0.27993E+03,0.30040E+03,0.86192E+03,0.46743E+03,0.48144E+03,0.49057E+03,1.43944E+03,0.43104E+03,0.41244E+03,0.43884E+03,1.28231E+03,0.54251E+03,0.54479E+03,0.56209E+03,1.64911E+03,-0.32634E+03,-0.30289E+03,-0.31990E+03,-0.94913E+03,-0.27536E+03,-0.25497E+03,-0.27440E+03,-0.80473E+03,-0.65329E+00,-0.67873E+00,-0.68454E+00,-0.67216E+00,-0.86161E+00,-0.88372E+00,-0.87275E+00,-0.87286E+00,0.000E+00,120.180E+00,-119.986E+00,60.451E+00,178.020E+00,-60.649E+00,-49.210E+00,-47.256E+00,-46.800E+00,-47.766E+00,201.782E+00,201.548E+00,202.428E+00,92.068E+00,+99999.9E+99,+99999.9E+99,0.00007E+06,-0.00051E+06,0.00000E+00,10.025E+00,0.756E+03,0.00079E+06,43.809E+00,F0F08
2021/11/30,17:33:49,00000:00:14,600,38003800,0,1800,1800,3800,99.927E+00,0.000E+00,0.000E+00,110.990E+00,0.000E+00,0.000E+00,0.522E+00,0.000E+00,0.000E+00,99.926E+00,0.000E+00,0.000E+00,0.000E+00,0.000E+00,0.000E+00,100.893E+00,0.000E+00,0.000E+00,98.768E+00,0.000E+00,0.000E+00,93.395E+00,+99999.9E+99,+99999.9E+99,1.063E+00,+99999.9E+99,+99999.9E+99,11.8240E+00,0.00000E+00,0.00000E+00,12.0505E+00,0.00000E+00,0.00000E+00,4.7011E+00,0.00000E+00,0.00000E+00,10.8493E+00,0.00000E+00,0.00000E+00,2.8796E+00,0.00000E+00,0.00000E+00,18.4631E+00,0.0000E+00,0.0000E+00,4.2550E+00,0.0000E+00,0.0000E+00,109.449E+00,+99999.9E+99,+99999.9E+99,65.480E+00,+99999.9E+99,+99999.9E+99,1.08192E+03,0.00000E+03,0.00000E+03,0.00000E+03,0.00000E+03,0.00000E+03,1.18154E+03,0.00000E+03,0.00000E+03,0.00000E+03,0.00000E+03,0.00000E+03,0.47484E+03,0.00000E+03,0.00000E+03,0.00000E+03,0.00000E+03,0.00000E+03,0.91569E+00,0.00000E+00,0.00000E+00,0.85167E+00,0.59880E+00,0.86474E+00,0.000E+00,72.295E+00,106.575E+00,148.393E+00,-160.921E+00,-103.572E+00,23.696E+00,90.000E+00,90.000E+00,12.5944E+00,0.00000E+00,0.00000E+00,98.114E+00,100.000E+00,100.000E+00,0.02041E+03,0.00000E+03,0.00000E+03,+99999.9E+99,+99999.9E+99,+99999.9E+99,+99999.9E+99,+99999.9E+99,+99999.9E+99,+99999.9E+99,+99999.9E+99,+99999.9E+99,+99999.9E+99,+99999.9E+99,+99999.9E+99,1B00,0,0,0,1B00,76.5024E+00,77.0204E+00,77.0055E+00,76.8428E+00,71.8530E+00,72.8254E+00,72.7914E+00,72.4900E+00,76.5024E+00,77.0204E+00,77.0055E+00,0.0000E+00,0.0000E+00,0.0000E+00,72.9873E+00,72.9887E+00,72.8701E+00,105.739E+00,106.094E+00,105.676E+00,-105.106E+00,-104.866E+00,-104.760E+00,14.976E+00,14.708E+00,14.948E+00,+99999.9E+99,+99999.9E+99,+99999.9E+99,0.109E+00,11.7577E+00,11.5197E+00,11.3144E+00,11.5306E+00,10.1522E+00,10.0156E+00,9.7160E+00,9.9613E+00,11.7566E+00,11.5134E+00,11.3015E+00,-0.1586E+00,-0.3802E+00,0.5398E+00,4.9996E+00,4.8945E+00,5.3014E+00,27.7043E+00,27.2981E+00,28.5633E+00,-26.5762E+00,-26.9943E+00,-26.0467E+00,60.627E+00,59.729E+00,55.404E+00,+99999.9E+99,+99999.9E+99,+99999.9E+99,3.845E+00,0.36506E+03,0.34613E+03,0.35033E+03,1.06152E+03,0.17536E+03,0.18061E+03,0.18927E+03,0.54524E+03,0.52471E+03,0.51356E+03,0.50702E+03,1.54529E+03,0.20635E+03,0.20439E+03,0.21699E+03,0.62749E+03,-0.37690E+03,-0.37939E+03,-0.36652E+03,-1.12281E+03,-0.10875E+03,-0.09569E+03,-0.10613E+03,-0.31057E+03,-0.69573E+00,-0.67399E+00,-0.69096E+00,-0.68694E+00,-0.84984E+00,-0.88365E+00,-0.87224E+00,-0.86893E+00,0.000E+00,120.104E+00,-119.950E+00,61.804E+00,177.967E+00,-60.616E+00,-45.915E+00,-47.625E+00,-46.294E+00,-46.612E+00,201.856E+00,201.830E+00,201.266E+00,92.682E+00,+99999.9E+99,+99999.9E+99,0.00008E+06,-0.00064E+06,0.00000E+00,12.425E+00,0.756E+03,0.00098E+06,43.813E+00,F0F0F
2021/11/30,17:33:49,00000:00:14,650,38003F00,700,1F00,1F00,3F00,99.927E+00,0.000E+00,0.000E+00,110.990E+00,0.000E+00,0.000E+00,0.522E+00,0.000E+00,0.000E+00,99.926E+00,0.000E+00,0.000E+00,0.000E+00,0.000E+00,0.000E+00,100.893E+00,0.000E+00,0.000E+00,98.768E+00,0.000E+00,0.000E+00,93.395E+00,+99999.9E+99,+99999.9E+99,1.063E+00,+99999.9E+99,+99999.9E+99,11.8240E+00,0.00000E+00,0.00000E+00,12.0505E+00,0.00000E+00,0.00000E+00,4.7011E+00,0.00000E+00,0.00000E+00,10.8493E+00,0.00000E+00,0.00000E+00,2.8796E+00,0.00000E+00,0.00000E+00,18.4631E+00,0.0000E+00,0.0000E+00,4.2550E+00,0.0000E+00,0.0000E+00,109.449E+00,+99999.9E+99,+99999.9E+99,65.480E+00,+99999.9E+99,+99999.9E+99,1.08192E+03,0.00000E+03,0.00000E+03,0.00000E+03,0.00000E+03,0.00000E+03,1.18154E+03,0.00000E+03,0.00000E+03,0.00000E+03,0.00000E+03,0.00000E+03,0.47484E+03,0.00000E+03,0.00000E+03,0.00000E+03,0.00000E+03,0.00000E+03,0.91569E+00,0.00000E+00,0.00000E+00,0.85167E+00,0.59880E+00,0.86474E+00,0.000E+00,72.295E+00,106.575E+00,148.393E+00,-160.921E+00,-103.572E+00,23.696E+00,90.000E+00,90.000E+00,12.5944E+00,0.00000E+00,0.00000E+00,118.176E+00,100.000E+00,100.000E+00,-0.19665E+03,0.00000E+03,0.00000E+03,+99999.9E+99,+99999.9E+99,+99999.9E+99,+99999.9E+99,+99999.9E+99,+99999.9E+99,+99999.9E+99,+99999.9E+99,+99999.9E+99,+99999.9E+99,+99999.9E+99,+99999.9E+99,1B00,0,0,0,1B00,77.1993E+00,77.2210E+00,76.9810E+00,77.1338E+00,72.1584E+00,72.3642E+00,71.8093E+00,72.1106E+00,77.1993E+00,77.2209E+00,76.9810E+00,0.0000E+00,0.0000E+00,0.0000E+00,71.0023E+00,71.6778E+00,71.4555E+00,105.137E+00,105.650E+00,105.584E+00,-104.481E+00,-107.089E+00,-104.614E+00,30.280E+00,30.559E+00,30.539E+00,+99999.9E+99,+99999.9E+99,+99999.9E+99,0.551E+00,13.5437E+00,13.1183E+00,13.4971E+00,13.3864E+00,12.4188E+00,12.0122E+00,12.3532E+00,12.2614E+00,13.5425E+00,13.1183E+00,13.4953E+00,-0.1770E+00,0.0000E+00,0.2216E+00,12.4758E+00,11.3344E+00,11.5046E+00,27.7252E+00,27.1800E+00,28.6938E+00,-26.4838E+00,-27.2262E+00,-26.8010E+00,40.801E+00,44.107E+00,43.999E+00,+99999.9E+99,+99999.9E+99,+99999.9E+99,5.915E+00,0.42397E+03,0.41628E+03,0.43833E+03,1.27858E+03,0.44821E+03,0.39878E+03,0.42670E+03,1.27369E+03,0.60977E+03,0.59084E+03,0.60659E+03,1.80719E+03,0.50230E+03,0.46136E+03,0.46615E+03,1.42835E+03,-0.43826E+03,-0.41929E+03,-0.41930E+03,-1.27685E+03,-0.22675E+03,-0.23201E+03,-0.18769E+03,-0.64644E+03,-0.69529E+00,-0.70455E+00,-0.72262E+00,-0.70749E+00,-0.89231E+00,-0.86436E+00,-0.91536E+00,-0.89173E+00,0.000E+00,119.899E+00,-119.586E+00,57.145E+00,179.984E+00,-66.049E+00,-45.950E+00,-45.206E+00,-43.729E+00,-44.969E+00,201.283E+00,201.469E+00,201.808E+00,89.642E+00,+99999.9E+99,+99999.9E+99,0.00013E+06,-0.00073E+06,0.00000E+00,14.458E+00,0.757E+03,0.00115E+06,43.585E+00,F0F0F
2021/11/30,17:33:49,00000:00:14,700,38003F00,500,1F00,1F00,3F00,99.927E+00,0.000E+00,0.000E+00,110.990E+00,0.000E+00,0.000E+00,0.522E+00,0.000E+00,0.000E+00,99.926E+00,0.000E+00,0.000E+00,0.000E+00,0.000E+00,0.000E+00,100.893E+00,0.000E+00,0.000E+00,98.768E+00,0.000E+00,0.000E+00,21.346E+00,+99999.9E+99,+99999.9E+99,1.063E+00,+99999.9E+99,+99999.9E+99,11.8240E+00,0.00000E+00,0.00000E+00,12.0505E+00,0.00000E+00,0.00000E+00,4.7011E+00,0.00000E+00,0.00000E+00,10.8493E+00,0.00000E+00,0.00000E+00,4.7208E+00,0.00000E+00,0.00000E+00,18.4631E+00,0.0000E+00,0.0000E+00,4.2550E+00,0.0000E+00,0.0000E+00,9.497E+00,+99999.9E+99,+99999.9E+99,65.480E+00,+99999.9E+99,+99999.9E+99,1.08192E+03,0.00000E+03,0.00000E+03,0.00000E+03,0.00000E+03,0.00000E+03,1.18154E+03,0.00000E+03,0.00000E+03,0.00000E+03,0.00000E+03,0.00000E+03,0.47484E+03,0.00000E+03,0.00000E+03,0.00000E+03,0.00000E+03,0.00000E+03,0.91569E+00,0.00000E+00,0.00000E+00,0.90973E+00,0.94555E+00,0.88394E+00,0.000E+00,-56.707E+00,154.221E+00,155.468E+00,142.287E+00,2.099E+00,23.696E+00,90.000E+00,90.000E+00,12.5944E+00,0.00000E+00,0.00000E+00,72.319E+00,100.000E+00,100.000E+00,0.29948E+03,0.00000E+03,0.00000E+03,+99999.9E+99,+99999.9E+99,+99999.9E+99,+99999.9E+99,+99999.9E+99,+99999.9E+99,+99999.9E+99,+99999.9E+99,+99999.9E+99,+99999.9E+99,+99999.9E+99,+99999.9E+99,1B00,0,0,0,1B00,76.2609E+00,76.6609E+00,76.5232E+00,76.4817E+00,72.1675E+00,72.9097E+00,72.6597E+00,72.5790E+00,76.2609E+00,76.6609E+00,76.5232E+00,0.0000E+00,0.0000E+00,0.0000E+00,71.2743E+00,71.1558E+00,71.0046E+00,105.711E+00,106.104E+00,105.810E+00,-104.466E+00,-104.647E+00,-104.710E+00,31.490E+00,30.757E+00,31.306E+00,+99999.9E+99,+99999.9E+99,+99999.9E+99,0.226E+00,8.2868E+00,8.2373E+00,8.1863E+00,8.2368E+00,7.3871E+00,7.3526E+00,7.2920E+00,7.3439E+00,8.2862E+00,8.2362E+00,8.1830E+00,-0.1000E+00,-0.1344E+00,0.2353E+00,11.5303E+00,11.5330E+00,12.1368E+00,22.3329E+00,20.8167E+00,20.3843E+00,-18.6752E+00,-19.4000E+00,-20.0333E+00,45.739E+00,44.662E+00,42.584E+00,+99999.9E+99,+99999.9E+99,+99999.9E+99,3.396E+00,0.26225E+03,0.25725E+03,0.26293E+03,0.78244E+03,0.39215E+03,0.41337E+03,0.41897E+03,1.22450E+03,0.36661E+03,0.36485E+03,0.36369E+03,1.09514E+03,0.46037E+03,0.46860E+03,0.48614E+03,1.41466E+03,-0.25618E+03,-0.25872E+03,-0.25126E+03,-0.76616E+03,-0.24116E+03,-0.22070E+03,-0.24657E+03,-0.70843E+03,-0.71534E+00,-0.70510E+00,-0.72297E+00,-0.71446E+00,-0.85182E+00,-0.88214E+00,-0.86183E+00,-0.86557E+00,0.000E+00,120.195E+00,-119.992E+00,61.530E+00,178.225E+00,-59.386E+00,-44.329E+00,-45.163E+00,-43.700E+00,-44.401E+00,202.299E+00,201.949E+00,201.933E+00,94.560E+00,+99999.9E+99,+99999.9E+99,0.00004E+06,-0.00048E+06,0.00000E+00,9.346E+00,0.756E+03,0.00074E+06,43.947E+00,F0F08
2021/11/30,17:33:49,00000:00:14,750,38003F00,700,1F00,1F00,3F00,99.927E+00,0.000E+00,0.000E+00,110.990E+00,0.000E+00,0.000E+00,0.522E+00,0.000E+00,0.000E+00,99.926E+00,0.000E+00,0.000E+00,0.000E+00,0.000E+00,0.000E+00,100.893E+00,0.000E+00,0.000E+00,98.768E+00,0.000E+00,0.000E+00,71.149E+00,+99999.9E+99,419.621E+00,1.063E+00,+99999.9E+99,+99999.9E+99,11.8240E+00,0.00000E+00,0.00000E+00,12.0505E+00,0.00000E+00,0.00000E+00,4.7011E+00,0.00000E+00,0.00000E+00,10.8493E+00,0.00000E+00,0.00000E+00,4.0080E+00,0.00000E+00,0.00000E+00,18.4631E+00,0.0000E+00,0.0000E+00,4.2550E+00,0.0000E+00,0.0000E+00,50.924E+00,+99999.9E+99,415.565E+00,65.480E+00,+99999.9E+99,+99999.9E+99,1.08192E+03,0.00000E+03,0.00000E+03,0.00000E+03,0.00000E+03,0.00000E+03,1.18154E+03,0.00000E+03,0.00000E+03,0.00000E+03,0.00000E+03,0.00000E+03,0.47484E+03,0.00000E+03,0.00000E+03,0.00000E+03,0.00000E+03,0.00000E+03,0.91569E+00,0.00000E+00,0.00000E+00,0.89470E+00,0.47424E+00,0.95949E+00,0.000E+00,84.003E+00,163.331E+00,153.470E+00,22.313E+00,-33.034E+00,23.696E+00,90.000E+00,90.000E+00,12.5944E+00,0.00000E+00,0.00000E+00,117.301E+00,100.000E+00,100.000E+00,-0.18718E+03,0.00000E+03,0.00000E+03,+99999.9E+99,+99999.9E+99,+99999.9E+99,+99999.9E+99,+99999.9E+99,+99999.9E+99,+99999.9E+99,+99999.9E+99,+99999.9E+99,+99999.9E+99,+99999.9E+99,+99999.9E+99,1B00,0,0,0,1B00,77.0621E+00,77.1894E+00,77.1095E+00,77.1203E+00,72.1395E+00,72.5461E+00,72.2805E+00,72.3220E+00,77.0621E+00,77.1894E+00,77.1095E+00,0.0000E+00,0.0000E+00,0.0000E+00,73.0113E+00,73.2542E+00,73.1204E+00,105.837E+00,106.053E+00,105.731E+00,-104.293E+00,-104.816E+00,-105.141E+00,14.173E+00,14.342E+00,14.447E+00,+99999.9E+99,+99999.9E+99,+99999.9E+99,0.195E+00,13.4695E+00,13.0234E+00,13.2089E+00,13.2339E+00,12.2718E+00,11.8121E+00,11.8706E+00,11.9849E+00,13.4684E+00,13.0194E+00,13.1996E+00,-0.1704E+00,-0.3229E+00,0.4945E+00,5.2741E+00,4.7976E+00,4.9529E+00,27.6862E+00,27.1038E+00,28.6448E+00,-26.4595E+00,-27.2090E+00,-26.7695E+00,54.223E+00,58.178E+00,56.259E+00,+99999.9E+99,+99999.9E+99,+99999.9E+99,4.360E+00,0.43127E+03,0.41041E+03,0.42742E+03,1.26910E+03,0.19080E+03,0.17585E+03,0.18768E+03,0.55433E+03,0.60640E+03,0.58525E+03,0.59372E+03,1.78538E+03,0.21532E+03,0.20039E+03,0.20597E+03,0.62137E+03,-0.42629E+03,-0.41723E+03,-0.41209E+03,-1.25562E+03,-0.09978E+03,-0.09610E+03,-0.08487E+03,-0.28075E+03,-0.71120E+00,-0.70126E+00,-0.71989E+00,-0.71083E+00,-0.88614E+00,-0.87751E+00,-0.91117E+00,-0.89211E+00,0.000E+00,120.013E+00,-119.829E+00,57.717E+00,178.608E+00,-65.544E+00,-44.667E+00,-45.472E+00,-43.954E+00,-44.697E+00,201.172E+00,201.338E+00,201.604E+00,91.162E+00,+99999.9E+99,+99999.9E+99,0.00011E+06,-0.00075E+06,0.00000E+00,14.600E+00,0.757E+03,0.00116E+06,43.576E+00,F0F08
2021/11/30,17:33:50,00000:00:14,800,38003F00,2800,3B00,3B00,3F00,99.861E+00,0.000E+00,0.000E+00,110.917E+00,0.000E+00,0.000E+00,0.509E+00,0.000E+00,0.000E+00,99.860E+00,0.000E+00,0.000E+00,0.000E+00,0.000E+00,0.000E+00,100.907E+00,0.000E+00,0.000E+00,98.779E+00,0.000E+00,0.000E+00,71.149E+00,+99999.9E+99,419.621E+00,1.066E+00,+99999.9E+99,+99999.9E+99,12.1483E+00,0.00000E+00,0.00000E+00,12.4608E+00,0.00000E+00,0.00000E+00,4.6609E+00,0.00000E+00,0.00000E+00,11.2186E+00,0.00000E+00,0.00000E+00,4.0080E+00,0.00000E+00,0.00000E+00,18.4071E+00,0.0000E+00,0.0000E+00,4.0676E+00,0.0000E+00,0.0000E+00,50.924E+00,+99999.9E+99,415.565E+00,63.909E+00,+99999.9E+99,+99999.9E+99,1.11817E+03,0.00000E+03,0.00000E+03,0.00000E+03,0.00000E+03,0.00000E+03,1.21315E+03,0.00000E+03,0.00000E+03,0.00000E+03,0.00000E+03,0.00000E+03,0.47057E+03,0.00000E+03,0.00000E+03,0.00000E+03,0.00000E+03,0.00000E+03,0.92171E+00,0.00000E+00,0.00000E+00,0.89470E+00,0.47424E+00,0.95949E+00,0.000E+00,84.003E+00,163.331E+00,153.470E+00,22.313E+00,-33.034E+00,22.823E+00,90.000E+00,90.000E+00,0.00000E+00,0.00000E+00,0.00000E+00,98.216E+00,100.000E+00,100.000E+00,0.01995E+03,0.00000E+03,0.00000E+03,+99999.9E+99,+99999.9E+99,+99999.9E+99,+99999.9E+99,+99999.9E+99,+99999.9E+99,+99999.9E+99,+99999.9E+99,+99999.9E+99,+99999.9E+99,+99999.9E+99,+99999.9E+99,1B00,0,0,0,1B00,76.7474E+00,77.0804E+00,76.8201E+00,76.8826E+00,72.0448E+00,72.6526E+00,72.1799E+00,72.2924E+00,76.7474E+00,77.0804E+00,76.8201E+00,0.0000E+00,0.0000E+00,0.0000E+00,70.1209E+00,70.4782E+00,70.4219E+00,105.396E+00,106.029E+00,105.474E+00,-104.293E+00,-104.736E+00,-104.740E+00,37.692E+00,37.721E+00,37.580E+00,+99999.9E+99,+99999.9E+99,+99999.9E+99,0.319E+00,11.9937E+00,11.8343E+00,12.1230E+00,11.9837E+00,10.5079E+00,10.4335E+00,10.6404E+00,10.5272E+00,11.9931E+00,11.8343E+00,12.1230E+00,-0.1202E+00,0.0000E+00,0.0000E+00,15.1348E+00,14.5577E+00,14.5743E+00,27.6862E+00,27.1400E+00,28.6524E+00,-26.2767E+00,-27.2943E+00,-26.7400E+00,39.198E+00,40.586E+00,40.406E+00,+99999.9E+99,+99999.9E+99,+99999.9E+99,2.738E+00,0.36004E+03,0.36281E+03,0.37537E+03,1.09822E+03,0.53940E+03,0.51003E+03,0.52911E+03,1.57855E+03,0.53574E+03,0.53010E+03,0.54384E+03,1.60968E+03,0.61174E+03,0.58654E+03,0.59206E+03,1.78995E+03,-0.39673E+03,-0.38648E+03,-0.39351E+03,-1.17673E+03,-0.28855E+03,-0.28965E+03,-0.26565E+03,-0.84386E+03,-0.67203E+00,-0.68443E+00,-0.69023E+00,-0.68226E+00,-0.88176E+00,-0.86956E+00,-0.89368E+00,-0.88190E+00,0.000E+00,119.885E+00,-119.802E+00,58.315E+00,179.449E+00,-63.285E+00,-47.776E+00,-46.810E+00,-46.352E+00,-46.979E+00,202.100E+00,202.237E+00,201.755E+00,90.382E+00,+99999.9E+99,+99999.9E+99,0.00011E+06,-0.00063E+06,0.00000E+00,12.524E+00,0.757E+03,0.00099E+06,43.826E+00,F0F08
2021/11/30,17:33:50,00000:00:14,850,38003D00,2D00,3C00,3C00,3800,99.861E+00,0.000E+00,0.000E+00,110.917E+00,0.000E+00,0.000E+00,0.509E+00,0.000E+00,0.000E+00,99.860E+00,0.000E+00,0.000E+00,0.000E+00,0.000E+00,0.000E+00,100.907E+00,0.000E+00,0.000E+00,98.779E+00,0.000E+00,0.000E+00,36.848E+00,283.895E+00,340.037E+00,1.066E+00,+99999.9E+99,+99999.9E+99,12.1483E+00,0.00000E+00,0.00000E+00,12.4608E+00,0.00000E+00,0.00000E+00,4.6609E+00,0.00000E+00,0.00000E+00,11.2186E+00,0.00000E+00,0.00000E+00,4.1329E+00,0.00000E+00,0.00000E+00,18.4071E+00,0.0000E+00,0.0000E+00,4.0676E+00,0.0000E+00,0.0000E+00,45.581E+00,+99999.9E+99,495.994E+00,63.909E+00,+99999.9E+99,+99999.9E+99,1.11817E+03,0.00000E+03,0.00000E+03,0.00000E+03,0.00000E+03,0.00000E+03,1.21315E+03,0.00000E+03,0.00000E+03,0.00000E+03,0.00000E+03,0.00000E+03,0.47057E+03,0.00000E+03,0.00000E+03,0.00000E+03,0.00000E+03,0.00000E+03,0.92171E+00,0.00000E+00,0.00000E+00,0.92995E+00,0.43506E+00,0.97995E+00,0.000E+00,45.242E+00,154.379E+00,158.428E+00,-70.547E+00,-14.130E+00,22.823E+00,90.000E+00,90.000E+00,0.00000E+00,0.00000E+00,0.00000E+00,77.280E+00,100.000E+00,100.000E+00,0.25405E+03,0.00000E+03,0.00000E+03,+99999.9E+99,+99999.9E+99,+99999.9E+99,+99999.9E+99,+99999.9E+99,+99999.9E+99,+99999.9E+99,+99999.9E+99,+99999.9E+99,+99999.9E+99,+99999.9E+99,+99999.9E+99,1B00,0,0,0,1B00,76.5305E+00,76.6420E+00,76.5802E+00,76.5842E+00,72.4216E+00,72.8082E+00,72.5517E+00,72.5938E+00,76.5305E+00,76.6420E+00,76.5802E+00,0.0000E+00,0.0000E+00,0.0000E+00,72.4614E+00,72.2355E+00,72.2076E+00,105.837E+00,105.994E+00,105.729E+00,-103.847E+00,-105.369E+00,-105.114E+00,22.547E+00,21.616E+00,22.205E+00,+99999.9E+99,+99999.9E+99,+99999.9E+99,0.220E+00,9.5972E+00,9.1146E+00,9.2465E+00,9.3194E+00,8.3125E+00,7.9061E+00,7.9401E+00,8.0529E+00,9.5962E+00,9.1107E+00,9.2376E+00,-0.1383E+00,-0.2658E+00,0.4053E+00,7.7081E+00,8.1298E+00,8.3483E+00,26.1262E+00,24.1681E+00,25.2838E+00,-26.4071E+00,-25.4329E+00,-22.4400E+00,52.603E+00,48.392E+00,47.221E+00,+99999.9E+99,+99999.9E+99,+99999.9E+99,4.747E+00,0.29537E+03,0.27745E+03,0.29130E+03,0.86412E+03,0.27303E+03,0.29486E+03,0.29756E+03,0.86545E+03,0.42683E+03,0.40438E+03,0.41047E+03,1.24168E+03,0.31645E+03,0.32734E+03,0.34213E+03,0.98532E+03,-0.30813E+03,-0.29419E+03,-0.28919E+03,-0.89151E+03,-0.15999E+03,-0.14218E+03,-0.16885E+03,-0.47101E+03,-0.69200E+00,-0.68611E+00,-0.70967E+00,-0.69592E+00,-0.86279E+00,-0.90075E+00,-0.86973E+00,-0.87834E+00,0.000E+00,120.123E+00,-120.092E+00,60.266E+00,175.855E+00,-60.406E+00,-46.211E+00,-46.677E+00,-44.792E+00,-45.899E+00,201.672E+00,201.725E+00,202.053E+00,94.290E+00,+99999.9E+99,+99999.9E+99,0.00005E+06,-0.00054E+06,0.00000E+00,10.291E+00,0.756E+03,0.00081E+06,43.766E+00,F0F08
2021/11/30,17:33:50,00000:00:14,900,38003F00,2800,3B00,3B00,3F00,99.989E+00,0.000E+00,0.000E+00,111.058E+00,0.000E+00,0.000E+00,0.509E+00,0.000E+00,0.000E+00,99.987E+00,0.000E+00,0.000E+00,0.000E+00,0.000E+00,0.000E+00,100.900E+00,0.000E+00,0.000E+00,98.818E+00,0.000E+00,0.000E+00,36.848E+00,283.895E+00,340.037E+00,1.041E+00,+99999.9E+99,+99999.9E+99,10.9082E+00,0.00000E+00,0.00000E+00,11.1596E+00,0.00000E+00,0.00000E+00,4.2478E+00,0.00000E+00,0.00000E+00,10.0471E+00,0.00000E+00,0.00000E+00,4.1329E+00,0.00000E+00,0.00000E+00,18.2240E+00,0.0000E+00,0.0000E+00,4.1783E+00,0.0000E+00,0.0000E+00,45.581E+00,+99999.9E+99,495.994E+00,69.899E+00,+99999.9E+99,+99999.9E+99,1.00267E+03,0.00000E+03,0.00000E+03,0.00000E+03,0.00000E+03,0.00000E+03,1.09069E+03,0.00000E+03,0.00000E+03,0.00000E+03,0.00000E+03,0.00000E+03,0.42927E+03,0.00000E+03,0.00000E+03,0.00000E+03,0.00000E+03,0.00000E+03,0.91929E+00,0.00000E+00,0.00000E+00,0.92995E+00,0.43506E+00,0.97995E+00,0.000E+00,45.242E+00,154.379E+00,158.428E+00,-70.547E+00,-14.130E+00,23.177E+00,90.000E+00,90.000E+00,14.5660E+00,0.00000E+00,0.00000E+00,134.985E+00,100.000E+00,100.000E+00,-0.35078E+03,0.00000E+03,0.00000E+03,+99999.9E+99,+99999.9E+99,+99999.9E+99,+99999.9E+99,+99999.9E+99,+99999.9E+99,+99999.9E+99,+99999.9E+99,+99999.9E+99,+99999.9E+99,+99999.9E+99,+99999.9E+99,1B00,0,0,0,1B00,77.0119E+00,77.4841E+00,77.3390E+00,77.2783E+00,71.7139E+00,72.6056E+00,72.3404E+00,72.2200E+00,77.0119E+00,77.4841E+00,77.3390E+00,0.0000E+00,0.0000E+00,0.0000E+00,72.2996E+00,72.7678E+00,72.6391E+00,105.701E+00,106.076E+00,105.507E+00,-104.693E+00,-105.069E+00,-105.199E+00,20.386E+00,20.378E+00,20.640E+00,+99999.9E+99,+99999.9E+99,+99999.9E+99,0.392E+00,13.9490E+00,13.6190E+00,13.7563E+00,13.7748E+00,13.0336E+00,12.8357E+00,12.7901E+00,12.8865E+00,13.9480E+00,13.6172E+00,13.7506E+00,-0.1740E+00,-0.2209E+00,0.3961E+00,8.1085E+00,7.5085E+00,7.3580E+00,27.6219E+00,27.1271E+00,28.7043E+00,-26.5533E+00,-26.6843E+00,-26.8571E+00,46.712E+00,49.122E+00,50.661E+00,+99999.9E+99,+99999.9E+99,+99999.9E+99,7.052E+00,0.45561E+03,0.44340E+03,0.45444E+03,1.35345E+03,0.29708E+03,0.25881E+03,0.27838E+03,0.83427E+03,0.62850E+03,0.61409E+03,0.62245E+03,1.86503E+03,0.33078E+03,0.29865E+03,0.30116E+03,0.92931E+03,-0.43292E+03,-0.42485E+03,-0.42536E+03,-1.28313E+03,-0.14546E+03,-0.14903E+03,-0.11490E+03,-0.40940E+03,-0.72493E+00,-0.72205E+00,-0.73008E+00,-0.72570E+00,-0.89812E+00,-0.86659E+00,-0.92436E+00,-0.89773E+00,0.000E+00,119.894E+00,-119.730E+00,56.304E+00,179.774E+00,-67.462E+00,-43.537E+00,-43.776E+00,-43.107E+00,-43.473E+00,201.820E+00,201.430E+00,201.124E+00,90.105E+00,+99999.9E+99,+99999.9E+99,0.00013E+06,-0.00078E+06,0.00000E+00,15.370E+00,0.758E+03,0.00122E+06,43.687E+00,F0F08
2021/11/30,17:33:50,00000:00:14,950,38003F00,0,1B00,1B00,3F00,99.929E+00,0.000E+00,0.000E+00,110.992E+00,0.000E+00,0.000E+00,0.509E+00,0.000E+00,0.000E+00,99.928E+00,0.000E+00,0.000E+00,0.000E+00,0.000E+00,0.000E+00,101.007E+00,0.000E+00,0.000E+00,98.811E+00,0.000E+00,0.000E+00,22.050E+00,+99999.9E+99,+99999.9E+99,1.099E+00,+99999.9E+99,+99999.9E+99,11.7568E+00,0.00000E+00,0.00000E+00,12.0326E+00,0.00000E+00,0.00000E+00,4.5677E+00,0.00000E+00,0.00000E+00,10.8332E+00,0.00000E+00,0.00000E+00,4.4756E+00,0.00000E+00,0.00000E+00,18.1833E+00,0.0000E+00,0.0000E+00,4.1212E+00,0.0000E+00,0.0000E+00,9.413E+00,+99999.9E+99,+99999.9E+99,64.903E+00,+99999.9E+99,+99999.9E+99,1.08046E+03,0.00000E+03,0.00000E+03,0.00000E+03,0.00000E+03,0.00000E+03,1.17484E+03,0.00000E+03,0.00000E+03,0.00000E+03,0.00000E+03,0.00000E+03,0.46138E+03,0.00000E+03,0.00000E+03,0.00000E+03,0.00000E+03,0.00000E+03,0.91966E+00,0.00000E+00,0.00000E+00,0.90027E+00,0.22856E+00,0.82539E+00,0.000E+00,-57.055E+00,161.438E+00,154.194E+00,-160.267E+00,-164.190E+00,23.123E+00,90.000E+00,90.000E+00,12.6506E+00,0.00000E+00,0.00000E+00,80.617E+00,100.000E+00,100.000E+00,0.20943E+03,0.00000E+03,0.00000E+03,+99999.9E+99,+99999.9E+99,+99999.9E+99,+99999.9E+99,+99999.9E+99,+99999.9E+99,+99999.9E+99,+99999.9E+99,+99999.9E+99,+99999.9E+99,+99999.9E+99,+99999.9E+99,1B00,0,0,0,1B00,76.7279E+00,76.6763E+00,76.3950E+00,76.5998E+00,72.6066E+00,72.7025E+00,72.0519E+00,72.4536E+00,76.7279E+00,76.6763E+00,76.3950E+00,0.0000E+00,0.0000E+00,0.0000E+00,70.2705E+00,70.3281E+00,70.2045E+00,105.674E+00,106.017E+00,105.701E+00,-104.513E+00,-104.874E+00,-104.306E+00,38.317E+00,37.960E+00,38.121E+00,+99999.9E+99,+99999.9E+99,+99999.9E+99,0.096E+00,9.7121E+00,9.2998E+00,9.9093E+00,9.6404E+00,8.4137E+00,8.0588E+00,8.4674E+00,8.3133E+00,9.7114E+00,9.2998E+00,9.9093E+00,-0.1148E+00,0.0000E+00,0.0000E+00,14.7306E+00,14.6013E+00,14.9606E+00,26.3581E+00,24.7995E+00,27.1329E+00,-25.5905E+00,-23.3162E+00,-26.6629E+00,40.845E+00,40.910E+00,39.431E+00,+99999.9E+99,+99999.9E+99,+99999.9E+99,1.503E+00,0.28487E+03,0.28309E+03,0.30308E+03,0.87103E+03,0.51596E+03,0.51772E+03,0.53064E+03,1.56432E+03,0.43216E+03,0.41406E+03,0.43980E+03,1.28602E+03,0.59570E+03,0.58985E+03,0.60490E+03,1.79035E+03,-0.32498E+03,-0.30217E+03,-0.31871E+03,-0.94586E+03,-0.29773E+03,-0.28266E+03,-0.29039E+03,-0.87078E+03,-0.65917E+00,-0.68369E+00,-0.68911E+00,-0.67730E+00,-0.86614E+00,-0.87771E+00,-0.87723E+00,-0.87375E+00,0.000E+00,120.077E+00,-119.923E+00,60.012E+00,178.658E+00,-61.207E+00,-48.763E+00,-46.868E+00,-46.440E+00,-47.367E+00,202.020E+00,202.413E+00,202.678E+00,91.615E+00,+99999.9E+99,+99999.9E+99,0.00007E+06,-0.00051E+06,0.00000E+00,10.070E+00,0.757E+03,0.00080E+06,43.814E+00,F0F0F
2021/11/30,17:33:50,00000:00:15,0,38003F00,700,1F00,1F00,3F00,99.929E+00,0.000E+00,0.000E+00,110.992E+00,0.000E+00,0.000E+00,0.509E+00,0.000E+00,0.000E+00,99.928E+00,0.000E+00,0.000E+00,0.000E+00,0.000E+00,0.000E+00,101.007E+00,0.000E+00,0.000E+00,98.811E+00,0.000E+00,0.000E+00,22.050E+00,+99999.9E+99,+99999.9E+99,1.099E+00,+99999.9E+99,+99999.9E+99,11.7568E+00,0.00000E+00,0.00000E+00,12.0326E+00,0.00000E+00,0.00000E+00,4.5677E+00,0.00000E+00,0.00000E+00,10.8332E+00,0.00000E+00,0.00000E+00,4.4756E+00,0.00000E+00,0.00000E+00,18.1833E+00,0.0000E+00,0.0000E+00,4.1212E+00,0.0000E+00,0.0000E+00,9.413E+00,+99999.9E+99,+99999.9E+99,64.903E+00,+99999.9E+99,+99999.9E+99,1.08046E+03,0.00000E+03,0.00000E+03,0.00000E+03,0.00000E+03,0.00000E+03,1.17484E+03,0.00000E+03,0.00000E+03,0.00000E+03,0.00000E+03,0.00000E+03,0.46138E+03,0.00000E+03,0.00000E+03,0.00000E+03,0.00000E+03,0.00000E+03,0.91966E+00,0.00000E+00,0.00000E+00,0.90027E+00,0.22856E+00,0.82539E+00,0.000E+00,-57.055E+00,161.438E+00,154.194E+00,-160.267E+00,-164.190E+00,23.123E+00,90.000E+00,90.000E+00,12.6506E+00,0.00000E+00,0.00000E+00,95.792E+00,100.000E+00,100.000E+00,0.04547E+03,0.00000E+03,0.00000E+03,+99999.9E+99,+99999.9E+99,+99999.9E+99,+99999.9E+99,+99999.9E+99,+99999.9E+99,+99999.9E+99,+99999.9E+99,+99999.9E+99,+99999.9E+99,+99999.9E+99,+99999.9E+99,1B00,0,0,0,1B00,76.5384E+00,77.0154E+00,77.0223E+00,76.8587E+00,71.8402E+00,72.7456E+00,72.7439E+00,72.4433E+00,76.5384E+00,77.0154E+00,77.0223E+00,0.0000E+00,0.0000E+00,0.0000E+00,73.0851E+00,73.0855E+00,72.9796E+00,105.871E+00,106.076E+00,105.660E+00,-104.824E+00,-105.233E+00,-104.321E+00,15.363E+00,15.192E+00,15.266E+00,+99999.9E+99,+99999.9E+99,+99999.9E+99,0.096E+00,11.6369E+00,11.4083E+00,11.1997E+00,11.4150E+00,9.9868E+00,9.8572E+00,9.5476E+00,9.7972E+00,11.6357E+00,11.4022E+00,11.1866E+00,-0.1681E+00,-0.3722E+00,0.5414E+00,5.2107E+00,5.1111E+00,5.5084E+00,27.6181E+00,27.1281E+00,28.5557E+00,-26.5295E+00,-27.0109E+00,-26.1267E+00,58.567E+00,57.982E+00,53.694E+00,+99999.9E+99,+99999.9E+99,+99999.9E+99,3.424E+00,0.35617E+03,0.33753E+03,0.34129E+03,1.03499E+03,0.18502E+03,0.19040E+03,0.19797E+03,0.57339E+03,0.51936E+03,0.50857E+03,0.50177E+03,1.52970E+03,0.21460E+03,0.21360E+03,0.22496E+03,0.65296E+03,-0.37800E+03,-0.38042E+03,-0.36782E+03,-1.12624E+03,-0.10872E+03,-0.09681E+03,-0.10684E+03,-0.31237E+03,-0.68578E+00,-0.66368E+00,-0.68018E+00,-0.67659E+00,-0.86217E+00,-0.89140E+00,-0.88002E+00,-0.87814E+00,0.000E+00,120.092E+00,-119.957E+00,60.436E+00,176.997E+00,-61.554E+00,-46.703E+00,-48.419E+00,-47.142E+00,-47.422E+00,202.236E+00,201.452E+00,201.483E+00,93.613E+00,+99999.9E+99,+99999.9E+99,0.00007E+06,-0.00063E+06,0.00000E+00,12.224E+00,0.757E+03,0.00097E+06,43.861E+00,F0F0F
2021/11/30,17:33:50,00000:00:15,50,38003D00,500,1C00,1C00,3800,99.929E+00,0.000E+00,0.000E+00,110.992E+00,0.000E+00,0.000E+00,0.509E+00,0.000E+00,0.000E+00,99.928E+00,0.000E+00,0.000E+00,0.000E+00,0.000E+00,0.000E+00,101.007E+00,0.000E+00,0.000E+00,98.811E+00,0.000E+00,0.000E+00,21.216E+00,+99999.9E+99,420.829E+00,1.099E+00,+99999.9E+99,+99999.9E+99,11.7568E+00,0.00000E+00,0.00000E+00,12.0326E+00,0.00000E+00,0.00000E+00,4.5677E+00,0.00000E+00,0.00000E+00,10.8332E+00,0.00000E+00,0.00000E+00,4.5515E+00,0.00000E+00,0.00000E+00,18.1833E+00,0.0000E+00,0.0000E+00,4.1212E+00,0.0000E+00,0.0000E+00,8.190E+00,471.323E+00,+99999.9E+99,64.903E+00,+99999.9E+99,+99999.9E+99,1.08046E+03,0.00000E+03,0.00000E+03,0.00000E+03,0.00000E+03,0.00000E+03,1.17484E+03,0.00000E+03,0.00000E+03,0.00000E+03,0.00000E+03,0.00000E+03,0.46138E+03,0.00000E+03,0.00000E+03,0.00000E+03,0.00000E+03,0.00000E+03,0.91966E+00,0.00000E+00,0.00000E+00,0.90436E+00,0.53624E+00,0.82632E+00,0.000E+00,-162.792E+00,156.014E+00,154.737E+00,139.636E+00,-169.709E+00,23.123E+00,90.000E+00,90.000E+00,12.6506E+00,0.00000E+00,0.00000E+00,114.815E+00,100.000E+00,100.000E+00,-0.16007E+03,0.00000E+03,0.00000E+03,+99999.9E+99,+99999.9E+99,+99999.9E+99,+99999.9E+99,+99999.9E+99,+99999.9E+99,+99999.9E+99,+99999.9E+99,+99999.9E+99,+99999.9E+99,+99999.9E+99,+99999.9E+99,1B00,0,0,0,1B00,77.0160E+00,77.2253E+00,77.0848E+00,77.1087E+00,72.0160E+00,72.5108E+00,72.1749E+00,72.2339E+00,77.0160E+00,77.2253E+00,77.0848E+00,0.0000E+00,0.0000E+00,0.0000E+00,71.0738E+00,71.7400E+00,71.5170E+00,105.654E+00,105.900E+00,105.619E+00,-104.450E+00,-103.854E+00,-105.196E+00,30.143E+00,30.412E+00,30.396E+00,+99999.9E+99,+99999.9E+99,+99999.9E+99,0.542E+00,13.0786E+00,12.7273E+00,12.9499E+00,12.9186E+00,11.9788E+00,11.6701E+00,11.8103E+00,11.8197E+00,13.0776E+00,12.7263E+00,12.9460E+00,-0.1611E+00,-0.1552E+00,0.3175E+00,12.3810E+00,11.2505E+00,11.4212E+00,27.7362E+00,27.0957E+00,28.5129E+00,-26.6814E+00,-27.1405E+00,-26.5305E+00,41.061E+00,44.358E+00,44.225E+00,+99999.9E+99,+99999.9E+99,+99999.9E+99,5.881E+00,0.41516E+03,0.40435E+03,0.42101E+03,1.24052E+03,0.44373E+03,0.39492E+03,0.42263E+03,1.26127E+03,0.58800E+03,0.57206E+03,0.58258E+03,1.74264E+03,0.49879E+03,0.45840E+03,0.46301E+03,1.41875E+03,-0.41639E+03,-0.40466E+03,-0.40268E+03,-1.22373E+03,-0.22781E+03,-0.23274E+03,-0.18910E+03,-0.64964E+03,-0.70606E+00,-0.70684E+00,-0.72266E+00,-0.71187E+00,-0.88961E+00,-0.86152E+00,-0.91280E+00,-0.88901E+00,0.000E+00,119.904E+00,-119.591E+00,57.482E+00,-179.689E+00,-65.687E+00,-45.084E+00,-45.022E+00,-43.725E+00,-44.613E+00,201.171E+00,202.140E+00,201.837E+00,90.377E+00,+99999.9E+99,+99999.9E+99,0.00012E+06,-0.00072E+06,0.00000E+00,14.138E+00,0.757E+03,0.00112E+06,43.538E+00,F0F08
2021/11/30,17:33:50,00000:00:15,100,38003F00,500,1F00,1F00,3F00,99.929E+00,0.000E+00,0.000E+00,110.992E+00,0.000E+00,0.000E+00,0.509E+00,0.000E+00,0.000E+00,99.928E+00,0.000E+00,0.000E+00,0.000E+00,0.000E+00,0.000E+00,101.007E+00,0.000E+00,0.000E+00,98.811E+00,0.000E+00,0.000E+00,21.216E+00,+99999.9E+99,420.829E+00,1.099E+00,+99999.9E+99,+99999.9E+99,11.7568E+00,0.00000E+00,0.00000E+00,12.0326E+00,0.00000E+00,0.00000E+00,4.5677E+00,0.00000E+00,0.00000E+00,10.8332E+00,0.00000E+00,0.00000E+00,4.5515E+00,0.00000E+00,0.00000E+00,18.1833E+00,0.0000E+00,0.0000E+00,4.1212E+00,0.0000E+00,0.0000E+00,8.190E+00,471.323E+00,+99999.9E+99,64.903E+00,+99999.9E+99,+99999.9E+99,1.08046E+03,0.00000E+03,0.00000E+03,0.00000E+03,0.00000E+03,0.00000E+03,1.17484E+03,0.00000E+03,0.00000E+03,0.00000E+03,0.00000E+03,0.00000E+03,0.46138E+03,0.00000E+03,0.00000E+03,0.00000E+03,0.00000E+03,0.00000E+03,0.91966E+00,0.00000E+00,0.00000E+00,0.90436E+00,0.53624E+00,0.82632E+00,0.000E+00,-162.792E+00,156.014E+00,154.737E+00,139.636E+00,-169.709E+00,23.123E+00,90.000E+00,90.000E+00,12.6506E+00,0.00000E+00,0.00000E+00,81.419E+00,100.000E+00,100.000E+00,0.20076E+03,0.00000E+03,0.00000E+03,+99999.9E+99,+99999.9E+99,+99999.9E+99,+99999.9E+99,+99999.9E+99,+99999.9E+99,+99999.9E+99,+99999.9E+99,+99999.9E+99,+99999.9E+99,+99999.9E+99,+99999.9E+99,1B00,0,0,0,1B00,76.7116E+00,76.6705E+00,76.3883E+00,76.5901E+00,72.5915E+00,72.7076E+00,72.0613E+00,72.4534E+00,76.7116E+00,76.6705E+00,76.3883E+00,0.0000E+00,0.0000E+00,0.0000E+00,71.3093E+00,71.2142E+00,71.0485E+00,105.841E+00,105.969E+00,105.693E+00,-104.560E+00,-104.256E+00,-104.543E+00,31.886E+00,31.121E+00,31.764E+00,+99999.9E+99,+99999.9E+99,+99999.9E+99,0.220E+00,9.7714E+00,9.3521E+00,9.9641E+00,9.6959E+00,8.4718E+00,8.1132E+00,8.5224E+00,8.3691E+00,9.7708E+00,9.3521E+00,9.9641E+00,-0.1077E+00,0.0000E+00,0.0000E+00,11.7176E+00,11.7349E+00,12.3427E+00,26.4405E+00,24.8119E+00,27.1400E+00,-25.6271E+00,-23.3729E+00,-26.7557E+00,45.212E+00,44.052E+00,42.004E+00,+99999.9E+99,+99999.9E+99,+99999.9E+99,3.461E+00,0.28797E+03,0.28582E+03,0.30590E+03,0.87969E+03,0.40333E+03,0.42499E+03,0.43154E+03,1.25986E+03,0.43476E+03,0.41637E+03,0.44218E+03,1.29330E+03,0.47017E+03,0.47859E+03,0.49711E+03,1.44539E+03,-0.32571E+03,-0.30277E+03,-0.31929E+03,-0.94777E+03,-0.24163E+03,-0.22007E+03,-0.24676E+03,-0.70846E+03,-0.66237E+00,-0.68646E+00,-0.69181E+00,-0.68019E+00,-0.85784E+00,-0.88801E+00,-0.86810E+00,-0.87164E+00,0.000E+00,120.200E+00,-119.973E+00,60.876E+00,177.500E+00,-60.086E+00,-48.519E+00,-46.650E+00,-46.226E+00,-47.141E+00,202.352E+00,201.700E+00,202.003E+00,92.024E+00,+99999.9E+99,+99999.9E+99,0.00007E+06,-0.00052E+06,0.00000E+00,10.220E+00,0.756E+03,0.00081E+06,43.929E+00,F0F08
2021/11/30,17:33:50,00000:00:15,150,38003F00,700,1F00,1F00,3F00,99.929E+00,0.000E+00,0.000E+00,110.992E+00,0.000E+00,0.000E+00,0.509E+00,0.000E+00,0.000E+00,99.928E+00,0.000E+00,0.000E+00,0.000E+00,0.000E+00,0.000E+00,101.007E+00,0.000E+00,0.000E+00,98.811E+00,0.000E+00,0.000E+00,65.474E+00,+99999.9E+99,463.865E+00,1.099E+00,+99999.9E+99,+99999.9E+99,11.7568E+00,0.00000E+00,0.00000E+00,12.0326E+00,0.00000E+00,0.00000E+00,4.5677E+00,0.00000E+00,0.00000E+00,10.8332E+00,0.00000E+00,0.00000E+00,4.2208E+00,0.00000E+00,0.00000E+00,18.1833E+00,0.0000E+00,0.0000E+00,4.1212E+00,0.0000E+00,0.0000E+00,47.476E+00,+99999.9E+99,+99999.9E+99,64.903E+00,+99999.9E+99,+99999.9E+99,1.08046E+03,0.00000E+03,0.00000E+03,0.00000E+03,0.00000E+03,0.00000E+03,1.17484E+03,0.00000E+03,0.00000E+03,0.00000E+03,0.00000E+03,0.00000E+03,0.46138E+03,0.00000E+03,0.00000E+03,0.00000E+03,0.00000E+03,0.00000E+03,0.91966E+00,0.00000E+00,0.00000E+00,0.88697E+00,0.97578E+00,0.74263E+00,0.000E+00,177.551E+00,160.866E+00,152.495E+00,10.185E+00,22.909E+00,23.123E+00,90.000E+00,90.000E+00,12.6506E+00,0.00000E+00,0.00000E+00,95.781E+00,100.000E+00,100.000E+00,0.04558E+03,0.00000E+03,0.00000E+03,+99999.9E+99,+99999.9E+99,+99999.9E+99,+99999.9E+99,+99999.9E+99,+99999.9E+99,+99999.9E+99,+99999.9E+99,+99999.9E+99,+99999.9E+99,+99999.9E+99,+99999.9E+99,1B00,0,0,0,1B00,76.4977E+00,77.0224E+00,77.0267E+00,76.8489E+00,71.7753E+00,72.7388E+00,72.7450E+00,72.4197E+00,76.4977E+00,77.0224E+00,77.0267E+00,0.0000E+00,0.0000E+00,0.0000E+00,73.1209E+00,73.2227E+00,73.1194E+00,105.607E+00,106.050E+00,105.654E+00,-104.751E+00,-105.176E+00,-104.689E+00,14.002E+00,13.815E+00,14.105E+00,+99999.9E+99,+99999.9E+99,+99999.9E+99,0.091E+00,11.5492E+00,11.3362E+00,11.1163E+00,11.3339E+00,9.9904E+00,9.8715E+00,9.5658E+00,9.8092E+00,11.5480E+00,11.3292E+00,11.1020E+00,-0.1660E+00,-0.3970E+00,0.5641E+00,4.8684E+00,4.6301E+00,4.8567E+00,27.3586E+00,27.0767E+00,28.5857E+00,-26.2814E+00,-27.2476E+00,-26.2014E+00,58.067E+00,59.430E+00,56.069E+00,+99999.9E+99,+99999.9E+99,+99999.9E+99,2.554E+00,0.35580E+03,0.33753E+03,0.34155E+03,1.03488E+03,0.17575E+03,0.17188E+03,0.18082E+03,0.52846E+03,0.51516E+03,0.50522E+03,0.49821E+03,1.51859E+03,0.20131E+03,0.19428E+03,0.20231E+03,0.59780E+03,-0.37256E+03,-0.37593E+03,-0.36270E+03,-1.11119E+03,-0.09816E+03,-0.09057E+03,-0.09074E+03,-0.27946E+03,-0.69065E+00,-0.66808E+00,-0.68556E+00,-0.68147E+00,-0.87307E+00,-0.88470E+00,-0.89378E+00,-0.88400E+00,0.000E+00,120.045E+00,-119.911E+00,59.226E+00,177.786E+00,-63.262E+00,-46.318E+00,-48.081E+00,-46.720E+00,-47.041E+00,201.172E+00,201.881E+00,201.597E+00,93.307E+00,+99999.9E+99,+99999.9E+99,0.00007E+06,-0.00063E+06,0.00000E+00,12.192E+00,0.756E+03,0.00097E+06,43.606E+00,F0F08
2021/11/30,17:33:50,00000:00:15,200,38003F00,2800,3B00,3B00,3F00,99.989E+00,0.000E+00,0.000E+00,111.058E+00,0.000E+00,0.000E+00,0.504E+00,0.000E+00,0.000E+00,99.987E+00,0.000E+00,0.000E+00,0.000E+00,0.000E+00,0.000E+00,100.961E+00,0.000E+00,0.000E+00,98.807E+00,0.000E+00,0.000E+00,65.474E+00,+99999.9E+99,463.865E+00,1.077E+00,+99999.9E+99,+99999.9E+99,11.4910E+00,0.00000E+00,0.00000E+00,11.6716E+00,0.00000E+00,0.00000E+00,4.6499E+00,0.00000E+00,0.00000E+00,10.5081E+00,0.00000E+00,0.00000E+00,4.2208E+00,0.00000E+00,0.00000E+00,18.2640E+00,0.0000E+00,0.0000E+00,3.3798E+00,0.0000E+00,0.0000E+00,47.476E+00,+99999.9E+99,+99999.9E+99,70.823E+00,+99999.9E+99,+99999.9E+99,1.04858E+03,0.00000E+03,0.00000E+03,0.00000E+03,0.00000E+03,0.00000E+03,1.14897E+03,0.00000E+03,0.00000E+03,0.00000E+03,0.00000E+03,0.00000E+03,0.46968E+03,0.00000E+03,0.00000E+03,0.00000E+03,0.00000E+03,0.00000E+03,0.91263E+00,0.00000E+00,0.00000E+00,0.88697E+00,0.97578E+00,0.74263E+00,0.000E+00,177.551E+00,160.866E+00,152.495E+00,10.185E+00,22.909E+00,24.129E+00,90.000E+00,90.000E+00,0.00000E+00,0.00000E+00,0.00000E+00,123.989E+00,100.000E+00,100.000E+00,-0.25155E+03,0.00000E+03,0.00000E+03,+99999.9E+99,+99999.9E+99,+99999.9E+99,+99999.9E+99,+99999.9E+99,+99999.9E+99,+99999.9E+99,+99999.9E+99,+99999.9E+99,+99999.9E+99,+99999.9E+99,+99999.9E+99,1B00,0,0,0,1B00,77.2131E+00,77.2319E+00,76.9863E+00,77.1437E+00,72.2490E+00,72.4441E+00,71.8747E+00,72.1893E+00,77.2130E+00,77.2319E+00,76.9863E+00,0.0000E+00,0.0000E+00,0.0000E+00,70.4506E+00,71.0048E+00,70.8942E+00,105.227E+00,105.573E+00,105.451E+00,-104.287E+00,-104.901E+00,-104.574E+00,33.982E+00,34.124E+00,34.070E+00,+99999.9E+99,+99999.9E+99,+99999.9E+99,0.481E+00,13.6237E+00,13.2043E+00,13.5974E+00,13.4751E+00,12.5410E+00,12.1310E+00,12.4943E+00,12.3887E+00,13.6229E+00,13.2043E+00,13.5960E+00,-0.1525E+00,0.0000E+00,0.1991E+00,13.7529E+00,12.8470E+00,12.7900E+00,27.6752E+00,27.1424E+00,28.6229E+00,-26.4705E+00,-27.2395E+00,-26.7719E+00,40.300E+00,42.526E+00,43.063E+00,+99999.9E+99,+99999.9E+99,+99999.9E+99,4.465E+00,0.43065E+03,0.42342E+03,0.44606E+03,1.30013E+03,0.48625E+03,0.44387E+03,0.46780E+03,1.39791E+03,0.61377E+03,0.59502E+03,0.61148E+03,1.82027E+03,0.55274E+03,0.51853E+03,0.52175E+03,1.59208E+03,-0.43733E+03,-0.41805E+03,-0.41825E+03,-1.27363E+03,-0.26283E+03,-0.26806E+03,-0.23107E+03,-0.76196E+03,-0.70164E+00,-0.71161E+00,-0.72948E+00,-0.71425E+00,-0.87971E+00,-0.85601E+00,-0.89659E+00,-0.87804E+00,0.000E+00,119.849E+00,-119.684E+00,58.654E+00,-179.078E+00,-63.603E+00,-45.441E+00,-44.634E+00,-43.157E+00,-44.418E+00,202.109E+00,201.545E+00,201.755E+00,89.493E+00,+99999.9E+99,+99999.9E+99,0.00014E+06,-0.00074E+06,0.00000E+00,14.671E+00,0.757E+03,0.00116E+06,43.794E+00,F0F08
2021/11/30,17:33:50,00000:00:15,250,38003D00,2D00,3C00,3C00,3800,99.989E+00,0.000E+00,0.000E+00,111.058E+00,0.000E+00,0.000E+00,0.504E+00,0.000E+00,0.000E+00,99.987E+00,0.000E+00,0.000E+00,0.000E+00,0.000E+00,0.000E+00,100.961E+00,0.000E+00,0.000E+00,98.807E+00,0.000E+00,0.000E+00,36.084E+00,433.469E+00,329.496E+00,1.077E+00,+99999.9E+99,+99999.9E+99,11.4910E+00,0.00000E+00,0.00000E+00,11.6716E+00,0.00000E+00,0.00000E+00,4.6499E+00,0.00000E+00,0.00000E+00,10.5081E+00,0.00000E+00,0.00000E+00,4.1285E+00,0.00000E+00,0.00000E+00,18.2640E+00,0.0000E+00,0.0000E+00,3.3798E+00,0.0000E+00,0.0000E+00,41.204E+00,+99999.9E+99,+99999.9E+99,70.823E+00,+99999.9E+99,+99999.9E+99,1.04858E+03,0.00000E+03,0.00000E+03,0.00000E+03,0.00000E+03,0.00000E+03,1.14897E+03,0.00000E+03,0.00000E+03,0.00000E+03,0.00000E+03,0.00000E+03,0.46968E+03,0.00000E+03,0.00000E+03,0.00000E+03,0.00000E+03,0.00000E+03,0.91263E+00,0.00000E+00,0.00000E+00,0.93532E+00,0.93910E+00,0.34421E+00,0.000E+00,131.704E+00,-179.144E+00,159.280E+00,111.605E+00,70.722E+00,24.129E+00,90.000E+00,90.000E+00,0.00000E+00,0.00000E+00,0.00000E+00,72.084E+00,100.000E+00,100.000E+00,0.29272E+03,0.00000E+03,0.00000E+03,+99999.9E+99,+99999.9E+99,+99999.9E+99,+99999.9E+99,+99999.9E+99,+99999.9E+99,+99999.9E+99,+99999.9E+99,+99999.9E+99,+99999.9E+99,+99999.9E+99,+99999.9E+99,1B00,0,0,0,1B00,76.2518E+00,76.6667E+00,76.5115E+00,76.4767E+00,72.0804E+00,72.8403E+00,72.5647E+00,72.4951E+00,76.2518E+00,76.6667E+00,76.5115E+00,0.0000E+00,0.0000E+00,0.0000E+00,71.9243E+00,71.7411E+00,71.6755E+00,105.807E+00,106.114E+00,105.926E+00,-104.241E+00,-104.961E+00,-104.613E+00,27.060E+00,26.117E+00,26.868E+00,+99999.9E+99,+99999.9E+99,+99999.9E+99,0.208E+00,8.1738E+00,8.1405E+00,8.0628E+00,8.1257E+00,7.2186E+00,7.1982E+00,7.1090E+00,7.1752E+00,8.1731E+00,8.1395E+00,8.0593E+00,-0.1083E+00,-0.1260E+00,0.2353E+00,9.7121E+00,9.9090E+00,10.2497E+00,22.3319E+00,20.7867E+00,20.5157E+00,-18.7119E+00,-19.2195E+00,-19.9324E+00,48.428E+00,45.922E+00,44.501E+00,+99999.9E+99,+99999.9E+99,+99999.9E+99,4.327E+00,0.25377E+03,0.24866E+03,0.25344E+03,0.75586E+03,0.33544E+03,0.36013E+03,0.36316E+03,1.05873E+03,0.36130E+03,0.36039E+03,0.35799E+03,1.07969E+03,0.39016E+03,0.40236E+03,0.41901E+03,1.21091E+03,-0.25718E+03,-0.26087E+03,-0.25284E+03,-0.77089E+03,-0.19926E+03,-0.17943E+03,-0.20902E+03,-0.58771E+03,-0.70237E+00,-0.68997E+00,-0.70794E+00,-0.70007E+00,-0.85975E+00,-0.89506E+00,-0.86669E+00,-0.87432E+00,0.000E+00,120.146E+00,-120.051E+00,60.628E+00,176.598E+00,-60.012E+00,-45.383E+00,-46.373E+00,-44.933E+00,-45.567E+00,201.678E+00,201.973E+00,201.928E+00,95.204E+00,+99999.9E+99,+99999.9E+99,0.00004E+06,-0.00047E+06,0.00000E+00,9.090E+00,0.756E+03,0.00072E+06,43.775E+00,F0F08
2021/11/30,17:33:50,00000:00:15,300,38003F00,2800,3B00,3B00,3F00,99.811E+00,0.000E+00,0.000E+00,110.860E+00,0.000E+00,0.000E+00,0.521E+00,0.000E+00,0.000E+00,99.809E+00,0.000E+00,0.000E+00,0.000E+00,0.000E+00,0.000E+00,101.029E+00,0.000E+00,0.000E+00,98.800E+00,0.000E+00,0.000E+00,36.084E+00,433.469E+00,329.496E+00,1.116E+00,+99999.9E+99,+99999.9E+99,12.3514E+00,0.00000E+00,0.00000E+00,12.7345E+00,0.00000E+00,0.00000E+00,4.5945E+00,0.00000E+00,0.00000E+00,11.4651E+00,0.00000E+00,0.00000E+00,4.1285E+00,0.00000E+00,0.00000E+00,18.4850E+00,0.0000E+00,0.0000E+00,3.3536E+00,0.0000E+00,0.0000E+00,41.204E+00,+99999.9E+99,+99999.9E+99,65.989E+00,+99999.9E+99,+99999.9E+99,1.14217E+03,0.00000E+03,0.00000E+03,0.00000E+03,0.00000E+03,0.00000E+03,1.23281E+03,0.00000E+03,0.00000E+03,0.00000E+03,0.00000E+03,0.00000E+03,-0.46397E+03,0.00000E+03,0.00000E+03,0.00000E+03,0.00000E+03,0.00000E+03,-0.92648E+00,0.00000E+00,0.00000E+00,0.93532E+00,0.93910E+00,0.34421E+00,0.000E+00,131.704E+00,-179.144E+00,159.280E+00,111.605E+00,70.722E+00,-22.108E+00,90.000E+00,90.000E+00,9.31496E+00,0.00000E+00,0.00000E+00,110.261E+00,100.000E+00,100.000E+00,-0.11720E+03,0.00000E+03,0.00000E+03,+99999.9E+99,+99999.9E+99,+99999.9E+99,+99999.9E+99,+99999.9E+99,+99999.9E+99,+99999.9E+99,+99999.9E+99,+99999.9E+99,+99999.9E+99,+99999.9E+99,+99999.9E+99,1B00,0,0,0,1B00,77.0700E+00,77.1976E+00,77.0852E+00,77.1176E+00,72.1443E+00,72.5611E+00,72.2277E+00,72.3110E+00,77.0700E+00,77.1975E+00,77.0852E+00,0.0000E+00,0.0000E+00,0.0000E+00,72.6913E+00,73.0934E+00,72.9980E+00,105.817E+00,106.106E+00,105.870E+00,-104.131E+00,-104.816E+00,-104.736E+00,16.087E+00,16.184E+00,16.587E+00,+99999.9E+99,+99999.9E+99,+99999.9E+99,0.340E+00,13.4146E+00,12.9530E+00,13.1546E+00,13.1741E+00,12.2074E+00,11.7424E+00,11.8012E+00,11.9170E+00,13.4134E+00,12.9492E+00,13.1452E+00,-0.1820E+00,-0.3142E+00,0.4973E+00,6.2586E+00,5.5863E+00,5.3923E+00,27.6133E+00,27.1667E+00,28.8114E+00,-26.5419E+00,-26.8590E+00,-26.8862E+00,50.894E+00,55.701E+00,57.930E+00,+99999.9E+99,+99999.9E+99,+99999.9E+99,7.562E+00,0.42793E+03,0.40706E+03,0.42437E+03,1.25936E+03,0.22029E+03,0.18969E+03,0.20428E+03,0.61426E+03,0.60388E+03,0.58198E+03,0.59098E+03,1.77684E+03,0.24842E+03,0.22353E+03,0.22349E+03,0.69434E+03,-0.42608E+03,-0.41594E+03,-0.41130E+03,-1.25332E+03,-0.11483E+03,-0.11825E+03,-0.09066E+03,-0.32373E+03,-0.70864E+00,-0.69943E+00,-0.71808E+00,-0.70876E+00,-0.88676E+00,-0.84861E+00,-0.91404E+00,-0.88466E+00,0.000E+00,119.903E+00,-119.769E+00,57.717E+00,-178.202E+00,-65.979E+00,-44.876E+00,-45.618E+00,-44.104E+00,-44.866E+00,201.741E+00,201.337E+00,201.780E+00,90.995E+00,+99999.9E+99,+99999.9E+99,0.00011E+06,-0.00074E+06,0.00000E+00,14.455E+00,0.757E+03,0.00115E+06,43.711E+00,F0F08
2021/11/30,17:33:50,00000:00:15,350,38003F00,0,1B00,1B00,3F00,99.935E+00,0.000E+00,0.000E+00,110.998E+00,0.000E+00,0.000E+00,0.526E+00,0.000E+00,0.000E+00,99.933E+00,0.000E+00,0.000E+00,0.000E+00,0.000E+00,0.000E+00,100.993E+00,0.000E+00,0.000E+00,98.768E+00,0.000E+00,0.000E+00,100.621E+00,+99999.9E+99,+99999.9E+99,1.113E+00,+99999.9E+99,+99999.9E+99,11.7744E+00,0.00000E+00,0.00000E+00,11.9622E+00,0.00000E+00,0.00000E+00,4.7590E+00,0.00000E+00,0.00000E+00,10.7697E+00,0.00000E+00,0.00000E+00,3.1503E+00,0.00000E+00,0.00000E+00,18.2648E+00,0.0000E+00,0.0000E+00,3.3526E+00,0.0000E+00,0.0000E+00,101.416E+00,+99999.9E+99,+99999.9E+99,69.232E+00,+99999.9E+99,+99999.9E+99,1.07401E+03,0.00000E+03,0.00000E+03,0.00000E+03,0.00000E+03,0.00000E+03,1.17667E+03,0.00000E+03,0.00000E+03,0.00000E+03,0.00000E+03,0.00000E+03,0.48068E+03,0.00000E+03,0.00000E+03,0.00000E+03,0.00000E+03,0.00000E+03,0.91275E+00,0.00000E+00,0.00000E+00,0.83764E+00,0.24173E+00,0.69051E+00,0.000E+00,138.166E+00,152.977E+00,146.892E+00,34.178E+00,19.307E+00,24.111E+00,90.000E+00,90.000E+00,12.6123E+00,0.00000E+00,0.00000E+00,99.939E+00,100.000E+00,100.000E+00,0.00066E+03,0.00000E+03,0.00000E+03,+99999.9E+99,+99999.9E+99,+99999.9E+99,+99999.9E+99,+99999.9E+99,+99999.9E+99,+99999.9E+99,+99999.9E+99,+99999.9E+99,+99999.9E+99,+99999.9E+99,+99999.9E+99,1B00,0,0,0,1B00,76.7411E+00,77.0761E+00,76.8129E+00,76.8767E+00,71.9817E+00,72.6028E+00,72.1013E+00,72.2286E+00,76.7411E+00,77.0761E+00,76.8129E+00,0.0000E+00,0.0000E+00,0.0000E+00,70.0254E+00,70.2515E+00,70.1553E+00,105.421E+00,106.067E+00,105.506E+00,-104.516E+00,-104.596E+00,-104.726E+00,39.045E+00,38.822E+00,38.898E+00,+99999.9E+99,+99999.9E+99,+99999.9E+99,0.192E+00,11.9091E+00,11.7384E+00,12.0404E+00,11.8960E+00,10.3495E+00,10.2586E+00,10.4714E+00,10.3598E+00,11.9085E+00,11.7384E+00,12.0404E+00,-0.1158E+00,0.0000E+00,0.0000E+00,15.3759E+00,14.9677E+00,15.1791E+00,27.5848E+00,27.2376E+00,28.5105E+00,-26.2867E+00,-27.0205E+00,-26.8048E+00,39.492E+00,40.447E+00,39.490E+00,+99999.9E+99,+99999.9E+99,+99999.9E+99,1.651E+00,0.35175E+03,0.35428E+03,0.36732E+03,1.07335E+03,0.54236E+03,0.52680E+03,0.54367E+03,1.61282E+03,0.53177E+03,0.52544E+03,0.53982E+03,1.59703E+03,0.62059E+03,0.60383E+03,0.61399E+03,1.83828E+03,-0.39880E+03,-0.38804E+03,-0.39558E+03,-1.18243E+03,-0.30164E+03,-0.29512E+03,-0.28532E+03,-0.88208E+03,-0.66148E+00,-0.67425E+00,-0.68045E+00,-0.67209E+00,-0.87393E+00,-0.87242E+00,-0.88547E+00,-0.87735E+00,0.000E+00,119.978E+00,-119.849E+00,59.189E+00,179.192E+00,-62.222E+00,-48.587E+00,-47.604E+00,-47.121E+00,-47.771E+00,201.885E+00,202.317E+00,201.659E+00,90.037E+00,+99999.9E+99,+99999.9E+99,0.00011E+06,-0.00061E+06,0.00000E+00,12.195E+00,0.757E+03,0.00097E+06,43.772E+00,F0F0F
2021/11/30,17:33:50,00000:00:15,400,38003F00,700,1F00,1F00,3F00,99.935E+00,0.000E+00,0.000E+00,110.998E+00,0.000E+00,0.000E+00,0.526E+00,0.000E+00,0.000E+00,99.933E+00,0.000E+00,0.000E+00,0.000E+00,0.000E+00,0.000E+00,100.993E+00,0.000E+00,0.000E+00,98.768E+00,0.000E+00,0.000E+00,100.621E+00,+99999.9E+99,+99999.9E+99,1.113E+00,+99999.9E+99,+99999.9E+99,11.7744E+00,0.00000E+00,0.00000E+00,11.9622E+00,0.00000E+00,0.00000E+00,4.7590E+00,0.00000E+00,0.00000E+00,10.7697E+00,0.00000E+00,0.00000E+00,3.1503E+00,0.00000E+00,0.00000E+00,18.2648E+00,0.0000E+00,0.0000E+00,3.3526E+00,0.0000E+00,0.0000E+00,101.416E+00,+99999.9E+99,+99999.9E+99,69.232E+00,+99999.9E+99,+99999.9E+99,1.07401E+03,0.00000E+03,0.00000E+03,0.00000E+03,0.00000E+03,0.00000E+03,1.17667E+03,0.00000E+03,0.00000E+03,0.00000E+03,0.00000E+03,0.00000E+03,0.48068E+03,0.00000E+03,0.00000E+03,0.00000E+03,0.00000E+03,0.00000E+03,0.91275E+00,0.00000E+00,0.00000E+00,0.83764E+00,0.24173E+00,0.69051E+00,0.000E+00,138.166E+00,152.977E+00,146.892E+00,34.178E+00,19.307E+00,24.111E+00,90.000E+00,90.000E+00,12.6123E+00,0.00000E+00,0.00000E+00,80.350E+00,100.000E+00,100.000E+00,0.21104E+03,0.00000E+03,0.00000E+03,+99999.9E+99,+99999.9E+99,+99999.9E+99,+99999.9E+99,+99999.9E+99,+99999.9E+99,+99999.9E+99,+99999.9E+99,+99999.9E+99,+99999.9E+99,+99999.9E+99,+99999.9E+99,1B00,0,0,0,1B00,76.5380E+00,76.5997E+00,76.5535E+00,76.5637E+00,72.4355E+00,72.7583E+00,72.5127E+00,72.5688E+00,76.5380E+00,76.5997E+00,76.5535E+00,0.0000E+00,0.0000E+00,0.0000E+00,72.8720E+00,72.7032E+00,72.6218E+00,105.824E+00,106.077E+00,105.616E+00,-104.551E+00,-104.260E+00,-103.994E+00,18.176E+00,17.650E+00,17.781E+00,+99999.9E+99,+99999.9E+99,+99999.9E+99,0.203E+00,9.6028E+00,9.0927E+00,9.2282E+00,9.3079E+00,8.3105E+00,7.8908E+00,7.9273E+00,8.0429E+00,9.6016E+00,9.0896E+00,9.2199E+00,-0.1532E+00,-0.2371E+00,0.3914E+00,5.8782E+00,6.2262E+00,6.6417E+00,26.2000E+00,24.2143E+00,25.1305E+00,-26.6800E+00,-25.3548E+00,-22.4895E+00,59.336E+00,54.089E+00,51.368E+00,+99999.9E+99,+99999.9E+99,+99999.9E+99,5.354E+00,0.29535E+03,0.27664E+03,0.29097E+03,0.86296E+03,0.20614E+03,0.22414E+03,0.22826E+03,0.65854E+03,0.42709E+03,0.40322E+03,0.40926E+03,1.23956E+03,0.24319E+03,0.25086E+03,0.26537E+03,0.75884E+03,-0.30850E+03,-0.29335E+03,-0.28779E+03,-0.88965E+03,-0.12902E+03,-0.11266E+03,-0.13536E+03,-0.37703E+03,-0.69154E+00,-0.68609E+00,-0.71098E+00,-0.69618E+00,-0.84767E+00,-0.89349E+00,-0.86014E+00,-0.86783E+00,0.000E+00,120.144E+00,-120.045E+00,61.963E+00,176.795E+00,-59.265E+00,-46.248E+00,-46.679E+00,-44.685E+00,-45.878E+00,201.902E+00,201.300E+00,202.046E+00,94.828E+00,+99999.9E+99,+99999.9E+99,0.00004E+06,-0.00054E+06,0.00000E+00,10.335E+00,0.756E+03,0.00082E+06,43.826E+00,F0F0F
2021/11/30,17:33:50,00000:00:15,450,38003D00,500,1C00,1C00,3800,99.935E+00,0.000E+00,0.000E+00,110.998E+00,0.000E+00,0.000E+00,0.526E+00,0.000E+00,0.000E+00,99.933E+00,0.000E+00,0.000E+00,0.000E+00,0.000E+00,0.000E+00,100.993E+00,0.000E+00,0.000E+00,98.768E+00,0.000E+00,0.000E+00,17.511E+00,+99999.9E+99,395.751E+00,1.113E+00,+99999.9E+99,+99999.9E+99,11.7744E+00,0.00000E+00,0.00000E+00,11.9622E+00,0.00000E+00,0.00000E+00,4.7590E+00,0.00000E+00,0.00000E+00,10.7697E+00,0.00000E+00,0.00000E+00,4.8700E+00,0.00000E+00,0.00000E+00,18.2648E+00,0.0000E+00,0.0000E+00,3.3526E+00,0.0000E+00,0.0000E+00,8.725E+00,+99999.9E+99,+99999.9E+99,69.232E+00,+99999.9E+99,+99999.9E+99,1.07401E+03,0.00000E+03,0.00000E+03,0.00000E+03,0.00000E+03,0.00000E+03,1.17667E+03,0.00000E+03,0.00000E+03,0.00000E+03,0.00000E+03,0.00000E+03,0.48068E+03,0.00000E+03,0.00000E+03,0.00000E+03,0.00000E+03,0.00000E+03,0.91275E+00,0.00000E+00,0.00000E+00,0.91801E+00,0.99885E+00,0.44208E+00,0.000E+00,86.972E+00,-176.269E+00,156.637E+00,-95.780E+00,67.495E+00,24.111E+00,90.000E+00,90.000E+00,12.6123E+00,0.00000E+00,0.00000E+00,126.524E+00,100.000E+00,100.000E+00,-0.28487E+03,0.00000E+03,0.00000E+03,+99999.9E+99,+99999.9E+99,+99999.9E+99,+99999.9E+99,+99999.9E+99,+99999.9E+99,+99999.9E+99,+99999.9E+99,+99999.9E+99,+99999.9E+99,+99999.9E+99,+99999.9E+99,1B00,0,0,0,1B00,77.0059E+00,77.4510E+00,77.3155E+00,77.2574E+00,71.7181E+00,72.5684E+00,72.3107E+00,72.1991E+00,77.0059E+00,77.4510E+00,77.3155E+00,0.0000E+00,0.0000E+00,0.0000E+00,71.7181E+00,72.2903E+00,72.0812E+00,105.713E+00,106.114E+00,105.564E+00,-105.123E+00,-105.131E+00,-104.424E+00,25.164E+00,25.516E+00,25.512E+00,+99999.9E+99,+99999.9E+99,+99999.9E+99,0.459E+00,13.9829E+00,13.6547E+00,13.7937E+00,13.8105E+00,13.0656E+00,12.8714E+00,12.8309E+00,12.9226E+00,13.9819E+00,13.6528E+00,13.7878E+00,-0.1710E+00,-0.2311E+00,0.4031E+00,10.1792E+00,9.3077E+00,9.4572E+00,27.5924E+00,27.1910E+00,28.4614E+00,-26.7162E+00,-26.9710E+00,-26.7524E+00,43.853E+00,46.779E+00,47.178E+00,+99999.9E+99,+99999.9E+99,+99999.9E+99,6.760E+00,0.45726E+03,0.44535E+03,0.45627E+03,1.35888E+03,0.37163E+03,0.32558E+03,0.35064E+03,1.04786E+03,0.62993E+03,0.61546E+03,0.62374E+03,1.86912E+03,0.41501E+03,0.37621E+03,0.38035E+03,1.17005E+03,-0.43327E+03,-0.42480E+03,-0.42528E+03,-1.28335E+03,-0.18473E+03,-0.18849E+03,-0.14738E+03,-0.52059E+03,-0.72589E+00,-0.72361E+00,-0.73151E+00,-0.72701E+00,-0.89547E+00,-0.86544E+00,-0.92188E+00,-0.89556E+00,0.000E+00,119.922E+00,-119.651E+00,56.689E+00,179.899E+00,-67.022E+00,-43.457E+00,-43.647E+00,-42.987E+00,-43.363E+00,201.348E+00,202.141E+00,201.017E+00,90.158E+00,+99999.9E+99,+99999.9E+99,0.00013E+06,-0.00078E+06,0.00000E+00,15.451E+00,0.757E+03,0.00123E+06,43.593E+00,F0F08
2021/11/30,17:33:50,00000:00:15,500,38003F00,500,1F00,1F00,3F00,99.935E+00,0.000E+00,0.000E+00,110.998E+00,0.000E+00,0.000E+00,0.526E+00,0.000E+00,0.000E+00,99.933E+00,0.000E+00,0.000E+00,0.000E+00,0.000E+00,0.000E+00,100.993E+00,0.000E+00,0.000E+00,98.768E+00,0.000E+00,0.000E+00,67.524E+00,+99999.9E+99,454.563E+00,1.113E+00,+99999.9E+99,+99999.9E+99,11.7744E+00,0.00000E+00,0.00000E+00,11.9622E+00,0.00000E+00,0.00000E+00,4.7590E+00,0.00000E+00,0.00000E+00,10.7697E+00,0.00000E+00,0.00000E+00,4.0294E+00,0.00000E+00,0.00000E+00,18.2648E+00,0.0000E+00,0.0000E+00,3.3526E+00,0.0000E+00,0.0000E+00,48.925E+00,+99999.9E+99,+99999.9E+99,69.232E+00,+99999.9E+99,+99999.9E+99,1.07401E+03,0.00000E+03,0.00000E+03,0.00000E+03,0.00000E+03,0.00000E+03,1.17667E+03,0.00000E+03,0.00000E+03,0.00000E+03,0.00000E+03,0.00000E+03,0.48068E+03,0.00000E+03,0.00000E+03,0.00000E+03,0.00000E+03,0.00000E+03,0.91275E+00,0.00000E+00,0.00000E+00,0.88189E+00,0.81417E+00,0.86100E+00,0.000E+00,-145.083E+00,154.266E+00,151.871E+00,179.422E+00,-175.163E+00,24.111E+00,90.000E+00,90.000E+00,12.6123E+00,0.00000E+00,0.00000E+00,81.782E+00,100.000E+00,100.000E+00,0.19566E+03,0.00000E+03,0.00000E+03,+99999.9E+99,+99999.9E+99,+99999.9E+99,+99999.9E+99,+99999.9E+99,+99999.9E+99,+99999.9E+99,+99999.9E+99,+99999.9E+99,+99999.9E+99,+99999.9E+99,+99999.9E+99,1B00,0,0,0,1B00,76.7039E+00,76.6434E+00,76.3844E+00,76.5772E+00,72.5856E+00,72.6727E+00,72.0507E+00,72.4363E+00,76.7038E+00,76.6434E+00,76.3843E+00,0.0000E+00,0.0000E+00,0.0000E+00,70.7472E+00,70.6487E+00,70.4819E+00,105.714E+00,105.971E+00,105.809E+00,-104.293E+00,-104.821E+00,-104.194E+00,35.774E+00,35.316E+00,35.806E+00,+99999.9E+99,+99999.9E+99,+99999.9E+99,0.220E+00,9.7750E+00,9.3482E+00,9.9536E+00,9.6923E+00,8.4660E+00,8.0988E+00,8.5085E+00,8.3578E+00,9.7742E+00,9.3482E+00,9.9536E+00,-0.1254E+00,0.0000E+00,0.0000E+00,13.4119E+00,13.4599E+00,14.0240E+00,26.4362E+00,24.8109E+00,27.1981E+00,-25.5876E+00,-23.5386E+00,-26.4076E+00,42.798E+00,42.073E+00,40.160E+00,+99999.9E+99,+99999.9E+99,+99999.9E+99,2.585E+00,0.28762E+03,0.28515E+03,0.30557E+03,0.87835E+03,0.46745E+03,0.48317E+03,0.49215E+03,1.44276E+03,0.43485E+03,0.41599E+03,0.44155E+03,1.29239E+03,0.54251E+03,0.54588E+03,0.56383E+03,1.65190E+03,-0.32614E+03,-0.30287E+03,-0.31873E+03,-0.94775E+03,-0.27533E+03,-0.25404E+03,-0.27513E+03,-0.80450E+03,-0.66142E+00,-0.68549E+00,-0.69205E+00,-0.67963E+00,-0.86165E+00,-0.88511E+00,-0.87286E+00,-0.87339E+00,0.000E+00,120.195E+00,-119.981E+00,60.445E+00,177.858E+00,-60.649E+00,-48.592E+00,-46.726E+00,-46.207E+00,-47.185E+00,202.354E+00,201.674E+00,202.558E+00,92.054E+00,+99999.9E+99,+99999.9E+99,0.00007E+06,-0.00052E+06,0.00000E+00,10.206E+00,0.757E+03,0.00081E+06,43.923E+00,F0F08
2021/11/30,17:33:50,00000:00:15,550,38003F00,700,1F00,1F00,3F00,99.935E+00,0.000E+00,0.000E+00,110.998E+00,0.000E+00,0.000E+00,0.526E+00,0.000E+00,0.000E+00,99.933E+00,0.000E+00,0.000E+00,0.000E+00,0.000E+00,0.000E+00,100.993E+00,0.000E+00,0.000E+00,98.768E+00,0.000E+00,0.000E+00,67.524E+00,+99999.9E+99,454.563E+00,1.113E+00,+99999.9E+99,+99999.9E+99,11.7744E+00,0.00000E+00,0.00000E+00,11.9622E+00,0.00000E+00,0.00000E+00,4.7590E+00,0.00000E+00,0.00000E+00,10.7697E+00,0.00000E+00,0.00000E+00,4.0294E+00,0.00000E+00,0.00000E+00,18.2648E+00,0.0000E+00,0.0000E+00,3.3526E+00,0.0000E+00,0.0000E+00,48.925E+00,+99999.9E+99,+99999.9E+99,69.232E+00,+99999.9E+99,+99999.9E+99,1.07401E+03,0.00000E+03,0.00000E+03,0.00000E+03,0.00000E+03,0.00000E+03,1.17667E+03,0.00000E+03,0.00000E+03,0.00000E+03,0.00000E+03,0.00000E+03,0.48068E+03,0.00000E+03,0.00000E+03,0.00000E+03,0.00000E+03,0.00000E+03,0.91275E+00,0.00000E+00,0.00000E+00,0.88189E+00,0.81417E+00,0.86100E+00,0.000E+00,-145.083E+00,154.266E+00,151.871E+00,179.422E+00,-175.163E+00,24.111E+00,90.000E+00,90.000E+00,12.6123E+00,0.00000E+00,0.00000E+00,98.521E+00,100.000E+00,100.000E+00,0.01589E+03,0.00000E+03,0.00000E+03,+99999.9E+99,+99999.9E+99,+99999.9E+99,+99999.9E+99,+99999.9E+99,+99999.9E+99,+99999.9E+99,+99999.9E+99,+99999.9E+99,+99999.9E+99,+99999.9E+99,+99999.9E+99,1B00,0,0,0,1B00,76.5466E+00,77.0249E+00,77.0521E+00,76.8745E+00,71.8775E+00,72.8037E+00,72.8366E+00,72.5059E+00,76.5466E+00,77.0248E+00,77.0521E+00,0.0000E+00,0.0000E+00,0.0000E+00,73.1131E+00,73.2278E+00,73.1117E+00,105.870E+00,106.089E+00,105.664E+00,-104.784E+00,-104.721E+00,-105.249E+00,13.937E+00,13.835E+00,14.172E+00,+99999.9E+99,+99999.9E+99,+99999.9E+99,0.105E+00,11.7619E+00,11.5023E+00,11.3065E+00,11.5236E+00,10.1514E+00,9.9984E+00,9.7004E+00,9.9501E+00,11.7609E+00,11.4955E+00,11.2930E+00,-0.1569E+00,-0.3944E+00,0.5524E+00,4.8372E+00,4.5875E+00,4.8333E+00,27.7995E+00,27.0971E+00,28.5529E+00,-26.6352E+00,-27.1533E+00,-26.0629E+00,58.403E+00,59.742E+00,56.318E+00,+99999.9E+99,+99999.9E+99,+99999.9E+99,2.807E+00,0.36440E+03,0.34425E+03,0.34947E+03,1.05812E+03,0.17432E+03,0.17033E+03,0.18008E+03,0.52473E+03,0.52551E+03,0.51310E+03,0.50692E+03,1.54553E+03,0.20005E+03,0.19252E+03,0.20140E+03,0.59385E+03,-0.37865E+03,-0.38048E+03,-0.36720E+03,-1.12633E+03,-0.09814E+03,-0.08974E+03,-0.09018E+03,-0.27806E+03,-0.69342E+00,-0.67092E+00,-0.68940E+00,-0.68463E+00,-0.87140E+00,-0.88471E+00,-0.89415E+00,-0.88361E+00,0.000E+00,120.052E+00,-119.899E+00,59.427E+00,177.785E+00,-63.297E+00,-46.099E+00,-47.862E+00,-46.417E+00,-46.793E+00,201.215E+00,202.019E+00,201.343E+00,93.023E+00,+99999.9E+99,+99999.9E+99,0.00007E+06,-0.00064E+06,0.00000E+00,12.426E+00,0.756E+03,0.00098E+06,43.613E+00,F0F08
2021/11/30,17:33:50,00000:00:15,600,38003F00,2800,3B00,3B00,3F00,99.978E+00,0.000E+00,0.000E+00,111.046E+00,0.000E+00,0.000E+00,0.502E+00,0.000E+00,0.000E+00,99.977E+00,0.000E+00,0.000E+00,0.000E+00,0.000E+00,0.000E+00,100.929E+00,0.000E+00,0.000E+00,98.796E+00,0.000E+00,0.000E+00,67.524E+00,+99999.9E+99,454.563E+00,1.066E+00,+99999.9E+99,+99999.9E+99,11.5955E+00,0.00000E+00,0.00000E+00,11.8067E+00,0.00000E+00,0.00000E+00,4.6328E+00,0.00000E+00,0.00000E+00,10.6298E+00,0.00000E+00,0.00000E+00,4.0294E+00,0.00000E+00,0.00000E+00,18.2150E+00,0.0000E+00,0.0000E+00,4.0326E+00,0.0000E+00,0.0000E+00,48.925E+00,+99999.9E+99,+99999.9E+99,66.711E+00,+99999.9E+99,+99999.9E+99,1.06065E+03,0.00000E+03,0.00000E+03,0.00000E+03,0.00000E+03,0.00000E+03,1.15929E+03,0.00000E+03,0.00000E+03,0.00000E+03,0.00000E+03,0.00000E+03,0.46796E+03,0.00000E+03,0.00000E+03,0.00000E+03,0.00000E+03,0.00000E+03,0.91491E+00,0.00000E+00,0.00000E+00,0.88189E+00,0.81417E+00,0.86100E+00,0.000E+00,-145.083E+00,154.266E+00,151.871E+00,179.422E+00,-175.163E+00,23.807E+00,90.000E+00,90.000E+00,0.00000E+00,0.00000E+00,0.00000E+00,121.942E+00,100.000E+00,100.000E+00,-0.23273E+03,0.00000E+03,0.00000E+03,+99999.9E+99,+99999.9E+99,+99999.9E+99,+99999.9E+99,+99999.9E+99,+99999.9E+99,+99999.9E+99,+99999.9E+99,+99999.9E+99,+99999.9E+99,+99999.9E+99,+99999.9E+99,1B00,0,0,0,1B00,77.2316E+00,77.2351E+00,76.9993E+00,77.1553E+00,72.2573E+00,72.4403E+00,71.8837E+00,72.1938E+00,77.2316E+00,77.2351E+00,76.9993E+00,0.0000E+00,0.0000E+00,0.0000E+00,70.4464E+00,71.0589E+00,70.9439E+00,105.414E+00,105.767E+00,105.640E+00,-104.729E+00,-105.280E+00,-104.303E+00,34.771E+00,34.680E+00,34.627E+00,+99999.9E+99,+99999.9E+99,+99999.9E+99,0.531E+00,13.5781E+00,13.1551E+00,13.5440E+00,13.4257E+00,12.5100E+00,12.0915E+00,12.4525E+00,12.3513E+00,13.5772E+00,13.1551E+00,13.5429E+00,-0.1477E+00,0.0000E+00,0.1739E+00,14.1718E+00,13.2228E+00,13.2091E+00,27.6762E+00,27.1295E+00,28.6838E+00,-26.4938E+00,-26.9933E+00,-26.7548E+00,39.483E+00,41.832E+00,42.003E+00,+99999.9E+99,+99999.9E+99,+99999.9E+99,4.514E+00,0.42865E+03,0.42100E+03,0.44373E+03,1.29337E+03,0.50637E+03,0.46199E+03,0.48796E+03,1.45633E+03,0.61194E+03,0.59293E+03,0.60902E+03,1.81390E+03,0.57092E+03,0.53456E+03,0.53967E+03,1.64416E+03,-0.43674E+03,-0.41753E+03,-0.41715E+03,-1.27141E+03,-0.26370E+03,-0.26892E+03,-0.23052E+03,-0.76314E+03,-0.70047E+00,-0.71003E+00,-0.72859E+00,-0.71304E+00,-0.88694E+00,-0.86424E+00,-0.90418E+00,-0.88575E+00,0.000E+00,119.826E+00,-119.657E+00,57.797E+00,179.972E+00,-64.601E+00,-45.536E+00,-44.763E+00,-43.231E+00,-44.517E+00,201.863E+00,201.558E+00,201.971E+00,89.489E+00,+99999.9E+99,+99999.9E+99,0.00014E+06,-0.00074E+06,0.00000E+00,14.587E+00,0.758E+03,0.00116E+06,43.696E+00,F0F08
2021/11/30,17:33:50,00000:00:15,650,38003D00,2D00,3C00,3C00,3800,99.978E+00,0.000E+00,0.000E+00,111.046E+00,0.000E+00,0.000E+00,0.502E+00,0.000E+00,0.000E+00,99.977E+00,0.000E+00,0.000E+00,0.000E+00,0.000E+00,0.000E+00,100.929E+00,0.000E+00,0.000E+00,98.796E+00,0.000E+00,0.000E+00,35.244E+00,+99999.9E+99,+99999.9E+99,1.066E+00,+99999.9E+99,+99999.9E+99,11.5955E+00,0.00000E+00,0.00000E+00,11.8067E+00,0.00000E+00,0.00000E+00,4.6328E+00,0.00000E+00,0.00000E+00,10.6298E+00,0.00000E+00,0.00000E+00,4.2705E+00,0.00000E+00,0.00000E+00,18.2150E+00,0.0000E+00,0.0000E+00,4.0326E+00,0.0000E+00,0.0000E+00,39.938E+00,+99999.9E+99,+99999.9E+99,66.711E+00,+99999.9E+99,+99999.9E+99,1.06065E+03,0.00000E+03,0.00000E+03,0.00000E+03,0.00000E+03,0.00000E+03,1.15929E+03,0.00000E+03,0.00000E+03,0.00000E+03,0.00000E+03,0.00000E+03,0.46796E+03,0.00000E+03,0.00000E+03,0.00000E+03,0.00000E+03,0.00000E+03,0.91491E+00,0.00000E+00,0.00000E+00,0.93456E+00,0.53681E+00,0.99230E+00,0.000E+00,79.602E+00,160.877E+00,159.157E+00,22.069E+00,-12.009E+00,23.807E+00,90.000E+00,90.000E+00,0.00000E+00,0.00000E+00,0.00000E+00,70.109E+00,100.000E+00,100.000E+00,0.31704E+03,0.00000E+03,0.00000E+03,+99999.9E+99,+99999.9E+99,+99999.9E+99,+99999.9E+99,+99999.9E+99,+99999.9E+99,+99999.9E+99,+99999.9E+99,+99999.9E+99,+99999.9E+99,+99999.9E+99,+99999.9E+99,1B00,0,0,0,1B00,76.2611E+00,76.6573E+00,76.5016E+00,76.4733E+00,72.0832E+00,72.8290E+00,72.5278E+00,72.4800E+00,76.2611E+00,76.6573E+00,76.5016E+00,0.0000E+00,0.0000E+00,0.0000E+00,71.9340E+00,71.7615E+00,71.6979E+00,105.884E+00,106.034E+00,105.679E+00,-104.086E+00,-105.144E+00,-104.376E+00,27.095E+00,26.145E+00,26.869E+00,+99999.9E+99,+99999.9E+99,+99999.9E+99,0.196E+00,8.0910E+00,8.0297E+00,7.9818E+00,8.0342E+00,7.1441E+00,7.0962E+00,7.0422E+00,7.0942E+00,8.0902E+00,8.0290E+00,7.9789E+00,-0.1114E+00,-0.1020E+00,0.2146E+00,9.7046E+00,9.8867E+00,10.2286E+00,22.1110E+00,20.9105E+00,20.3662E+00,-18.6857E+00,-19.0324E+00,-19.7452E+00,48.541E+00,46.094E+00,44.604E+00,+99999.9E+99,+99999.9E+99,+99999.9E+99,4.241E+00,0.24916E+03,0.24409E+03,0.25035E+03,0.74360E+03,0.33488E+03,0.35873E+03,0.36221E+03,1.05582E+03,0.35765E+03,0.35539E+03,0.35429E+03,1.06733E+03,0.39015E+03,0.40154E+03,0.41834E+03,1.20944E+03,-0.25657E+03,-0.25831E+03,-0.25068E+03,-0.76557E+03,-0.20017E+03,-0.18042E+03,-0.20932E+03,-0.58991E+03,-0.69668E+00,-0.68681E+00,-0.70664E+00,-0.69670E+00,-0.85835E+00,-0.89337E+00,-0.86582E+00,-0.87298E+00,0.000E+00,120.139E+00,-120.048E+00,60.790E+00,176.808E+00,-59.914E+00,-45.839E+00,-46.622E+00,-45.038E+00,-45.837E+00,202.392E+00,202.035E+00,202.013E+00,95.251E+00,+99999.9E+99,+99999.9E+99,0.00004E+06,-0.00046E+06,0.00000E+00,8.945E+00,0.756E+03,0.00071E+06,43.960E+00,F0F08
2021/11/30,17:33:50,00000:00:15,700,38003F00,2800,3B00,3B00,3F00,99.819E+00,0.000E+00,0.000E+00,110.869E+00,0.000E+00,0.000E+00,0.524E+00,0.000E+00,0.000E+00,99.817E+00,0.000E+00,0.000E+00,0.000E+00,0.000E+00,0.000E+00,100.975E+00,0.000E+00,0.000E+00,98.818E+00,0.000E+00,0.000E+00,35.244E+00,+99999.9E+99,+99999.9E+99,1.081E+00,+99999.9E+99,+99999.9E+99,12.2693E+00,0.00000E+00,0.00000E+00,12.6368E+00,0.00000E+00,0.00000E+00,4.5931E+00,0.00000E+00,0.00000E+00,11.3771E+00,0.00000E+00,0.00000E+00,4.2705E+00,0.00000E+00,0.00000E+00,18.1969E+00,0.0000E+00,0.0000E+00,3.3707E+00,0.0000E+00,0.0000E+00,39.938E+00,+99999.9E+99,+99999.9E+99,65.158E+00,+99999.9E+99,+99999.9E+99,1.13348E+03,0.00000E+03,0.00000E+03,0.00000E+03,0.00000E+03,0.00000E+03,1.22471E+03,0.00000E+03,0.00000E+03,0.00000E+03,0.00000E+03,0.00000E+03,-0.46382E+03,0.00000E+03,0.00000E+03,0.00000E+03,0.00000E+03,0.00000E+03,-0.92551E+00,0.00000E+00,0.00000E+00,0.93456E+00,0.53681E+00,0.99230E+00,0.000E+00,79.602E+00,160.877E+00,159.157E+00,22.069E+00,-12.009E+00,-22.255E+00,90.000E+00,90.000E+00,9.33156E+00,0.00000E+00,0.00000E+00,111.343E+00,100.000E+00,100.000E+00,-0.12857E+03,0.00000E+03,0.00000E+03,+99999.9E+99,+99999.9E+99,+99999.9E+99,+99999.9E+99,+99999.9E+99,+99999.9E+99,+99999.9E+99,+99999.9E+99,+99999.9E+99,+99999.9E+99,+99999.9E+99,+99999.9E+99,1B00,0,0,0,1B00,77.1056E+00,77.1663E+00,77.1243E+00,77.1321E+00,72.1859E+00,72.5198E+00,72.2998E+00,72.3352E+00,77.1056E+00,77.1663E+00,77.1243E+00,0.0000E+00,0.0000E+00,0.0000E+00,72.7412E+00,73.1308E+00,72.9975E+00,105.737E+00,106.060E+00,105.751E+00,-104.673E+00,-104.810E+00,-105.401E+00,16.120E+00,16.415E+00,16.730E+00,+99999.9E+99,+99999.9E+99,+99999.9E+99,0.320E+00,13.4317E+00,12.9609E+00,13.1545E+00,13.1824E+00,12.2305E+00,11.7484E+00,11.8126E+00,11.9305E+00,13.4305E+00,12.9567E+00,13.1445E+00,-0.1812E+00,-0.3315E+00,0.5139E+00,6.3272E+00,5.6397E+00,5.5401E+00,27.6705E+00,27.1010E+00,28.4781E+00,-26.6005E+00,-27.0948E+00,-26.4748E+00,50.423E+00,55.257E+00,56.304E+00,+99999.9E+99,+99999.9E+99,+99999.9E+99,7.092E+00,0.42935E+03,0.40733E+03,0.42536E+03,1.26205E+03,0.22497E+03,0.19569E+03,0.21151E+03,0.63216E+03,0.60539E+03,0.58247E+03,0.59096E+03,1.77882E+03,0.25296E+03,0.22793E+03,0.23035E+03,0.71025E+03,-0.42679E+03,-0.41636E+03,-0.41025E+03,-1.25340E+03,-0.11566E+03,-0.11686E+03,-0.09124E+03,-0.32376E+03,-0.70922E+00,-0.69932E+00,-0.71977E+00,-0.70948E+00,-0.88935E+00,-0.85855E+00,-0.91821E+00,-0.89006E+00,0.000E+00,119.941E+00,-119.759E+00,57.387E+00,-179.274E+00,-66.544E+00,-44.828E+00,-45.627E+00,-43.964E+00,-44.807E+00,201.225E+00,201.382E+00,201.637E+00,90.941E+00,+99999.9E+99,+99999.9E+99,0.00011E+06,-0.00074E+06,0.00000E+00,14.477E+00,0.757E+03,0.00115E+06,43.567E+00,F0F08
2021/11/30,17:33:50,00000:00:15,750,38003F00,0,1B00,1B00,3F00,99.920E+00,0.000E+00,0.000E+00,110.982E+00,0.000E+00,0.000E+00,0.510E+00,0.000E+00,0.000E+00,99.919E+00,0.000E+00,0.000E+00,0.000E+00,0.000E+00,0.000E+00,100.914E+00,0.000E+00,0.000E+00,98.818E+00,0.000E+00,0.000E+00,97.695E+00,+99999.9E+99,+99999.9E+99,1.049E+00,+99999.9E+99,+99999.9E+99,11.8502E+00,0.00000E+00,0.00000E+00,12.1371E+00,0.00000E+00,0.00000E+00,4.5849E+00,0.00000E+00,0.00000E+00,10.9273E+00,0.00000E+00,0.00000E+00,3.1985E+00,0.00000E+00,0.00000E+00,18.2452E+00,0.0000E+00,0.0000E+00,4.2183E+00,0.0000E+00,0.0000E+00,98.092E+00,+99999.9E+99,+99999.9E+99,64.183E+00,+99999.9E+99,+99999.9E+99,1.08974E+03,0.00000E+03,0.00000E+03,0.00000E+03,0.00000E+03,0.00000E+03,1.18407E+03,0.00000E+03,0.00000E+03,0.00000E+03,0.00000E+03,0.00000E+03,0.46312E+03,0.00000E+03,0.00000E+03,0.00000E+03,0.00000E+03,0.00000E+03,0.92034E+00,0.00000E+00,0.00000E+00,0.83950E+00,0.75437E+00,0.22423E+00,0.000E+00,94.002E+00,154.774E+00,147.088E+00,135.032E+00,-102.268E+00,23.025E+00,90.000E+00,90.000E+00,12.6129E+00,0.00000E+00,0.00000E+00,100.389E+00,100.000E+00,100.000E+00,-0.00424E+03,0.00000E+03,0.00000E+03,+99999.9E+99,+99999.9E+99,+99999.9E+99,+99999.9E+99,+99999.9E+99,+99999.9E+99,+99999.9E+99,+99999.9E+99,+99999.9E+99,+99999.9E+99,+99999.9E+99,+99999.9E+99,1B00,0,0,0,1B00,76.7517E+00,77.1042E+00,76.8352E+00,76.8970E+00,72.0355E+00,72.6795E+00,72.1952E+00,72.3034E+00,76.7517E+00,77.1042E+00,76.8352E+00,0.0000E+00,0.0000E+00,0.0000E+00,70.1276E+00,70.5139E+00,70.4427E+00,105.384E+00,105.979E+00,105.450E+00,-104.433E+00,-104.660E+00,-104.399E+00,37.510E+00,37.486E+00,37.375E+00,+99999.9E+99,+99999.9E+99,+99999.9E+99,0.342E+00,11.9695E+00,11.8065E+00,12.0884E+00,11.9548E+00,10.4842E+00,10.4087E+00,10.5987E+00,10.4972E+00,11.9688E+00,11.8065E+00,12.0884E+00,-0.1291E+00,0.0000E+00,0.0000E+00,15.0888E+00,14.4783E+00,14.5133E+00,27.6176E+00,27.0833E+00,28.6110E+00,-26.2895E+00,-27.2905E+00,-26.6748E+00,39.228E+00,40.719E+00,40.480E+00,+99999.9E+99,+99999.9E+99,+99999.9E+99,2.870E+00,0.35912E+03,0.36112E+03,0.37374E+03,1.09398E+03,0.53732E+03,0.50676E+03,0.52729E+03,1.57136E+03,0.53475E+03,0.52902E+03,0.54247E+03,1.60624E+03,0.60998E+03,0.58352E+03,0.58992E+03,1.78300E+03,-0.39622E+03,-0.38660E+03,-0.39318E+03,-1.17600E+03,-0.28873E+03,-0.28930E+03,-0.26453E+03,-0.84256E+03,-0.67156E+00,-0.68262E+00,-0.68896E+00,-0.68108E+00,-0.88087E+00,-0.86845E+00,-0.89383E+00,-0.88130E+00,0.000E+00,119.884E+00,-119.783E+00,58.435E+00,179.571E+00,-63.290E+00,-47.812E+00,-46.951E+00,-46.452E+00,-47.072E+00,202.152E+00,202.292E+00,201.829E+00,90.419E+00,+99999.9E+99,+99999.9E+99,0.00010E+06,-0.00063E+06,0.00000E+00,12.478E+00,0.757E+03,0.00099E+06,43.831E+00,F0F0F
2021/11/30,17:33:51,00000:00:15,800,38003F00,700,1F00,1F00,3F00,99.920E+00,0.000E+00,0.000E+00,110.982E+00,0.000E+00,0.000E+00,0.510E+00,0.000E+00,0.000E+00,99.919E+00,0.000E+00,0.000E+00,0.000E+00,0.000E+00,0.000E+00,100.914E+00,0.000E+00,0.000E+00,98.818E+00,0.000E+00,0.000E+00,18.456E+00,+99999.9E+99,483.086E+00,1.049E+00,+99999.9E+99,+99999.9E+99,11.8502E+00,0.00000E+00,0.00000E+00,12.1371E+00,0.00000E+00,0.00000E+00,4.5849E+00,0.00000E+00,0.00000E+00,10.9273E+00,0.00000E+00,0.00000E+00,4.6877E+00,0.00000E+00,0.00000E+00,18.2452E+00,0.0000E+00,0.0000E+00,4.2183E+00,0.0000E+00,0.0000E+00,8.826E+00,+99999.9E+99,+99999.9E+99,64.183E+00,+99999.9E+99,+99999.9E+99,1.08974E+03,0.00000E+03,0.00000E+03,0.00000E+03,0.00000E+03,0.00000E+03,1.18407E+03,0.00000E+03,0.00000E+03,0.00000E+03,0.00000E+03,0.00000E+03,0.46312E+03,0.00000E+03,0.00000E+03,0.00000E+03,0.00000E+03,0.00000E+03,0.92034E+00,0.00000E+00,0.00000E+00,0.91828E+00,0.40583E+00,0.15800E+00,0.000E+00,71.001E+00,137.249E+00,156.677E+00,137.058E+00,38.158E+00,23.025E+00,90.000E+00,90.000E+00,12.6129E+00,0.00000E+00,0.00000E+00,78.988E+00,100.000E+00,100.000E+00,0.22897E+03,0.00000E+03,0.00000E+03,+99999.9E+99,+99999.9E+99,+99999.9E+99,+99999.9E+99,+99999.9E+99,+99999.9E+99,+99999.9E+99,+99999.9E+99,+99999.9E+99,+99999.9E+99,+99999.9E+99,+99999.9E+99,1B00,0,0,0,1B00,76.5255E+00,76.6531E+00,76.5629E+00,76.5805E+00,72.3995E+00,72.8135E+00,72.5107E+00,72.5746E+00,76.5255E+00,76.6531E+00,76.5629E+00,0.0000E+00,0.0000E+00,0.0000E+00,72.4789E+00,72.2616E+00,72.2442E+00,105.840E+00,106.034E+00,105.713E+00,-104.279E+00,-105.213E+00,-104.453E+00,22.520E+00,21.530E+00,22.112E+00,+99999.9E+99,+99999.9E+99,+99999.9E+99,0.204E+00,9.5713E+00,9.0809E+00,9.2257E+00,9.2926E+00,8.2920E+00,7.8786E+00,7.9230E+00,8.0312E+00,9.5701E+00,9.0774E+00,9.2168E+00,-0.1492E+00,-0.2537E+00,0.4040E+00,7.6904E+00,8.1155E+00,8.3178E+00,26.0919E+00,24.0990E+00,25.2343E+00,-26.4057E+00,-25.2995E+00,-22.3876E+00,52.638E+00,48.455E+00,47.274E+00,+99999.9E+99,+99999.9E+99,+99999.9E+99,4.588E+00,0.29416E+03,0.27608E+03,0.29052E+03,0.86077E+03,0.27252E+03,0.29369E+03,0.29603E+03,0.86225E+03,0.42551E+03,0.40289E+03,0.40948E+03,1.23788E+03,0.31590E+03,0.32659E+03,0.34070E+03,0.98263E+03,-0.30745E+03,-0.29342E+03,-0.28857E+03,-0.88944E+03,-0.15977E+03,-0.14285E+03,-0.16865E+03,-0.47128E+03,-0.69132E+00,-0.68526E+00,-0.70949E+00,-0.69536E+00,-0.86267E+00,-0.89926E+00,-0.86889E+00,-0.87749E+00,0.000E+00,120.109E+00,-120.092E+00,60.284E+00,176.042E+00,-60.318E+00,-46.265E+00,-46.744E+00,-44.806E+00,-45.944E+00,201.706E+00,201.384E+00,202.088E+00,94.413E+00,+99999.9E+99,+99999.9E+99,0.00005E+06,-0.00054E+06,0.00000E+00,10.262E+00,0.756E+03,0.00081E+06,43.760E+00,F0F08
2021/11/30,17:33:51,00000:00:15,850,38003F00,700,1F00,1F00,3F00,99.920E+00,0.000E+00,0.000E+00,110.982E+00,0.000E+00,0.000E+00,0.510E+00,0.000E+00,0.000E+00,99.919E+00,0.000E+00,0.000E+00,0.000E+00,0.000E+00,0.000E+00,100.914E+00,0.000E+00,0.000E+00,98.818E+00,0.000E+00,0.000E+00,18.456E+00,+99999.9E+99,483.086E+00,1.049E+00,+99999.9E+99,+99999.9E+99,11.8502E+00,0.00000E+00,0.00000E+00,12.1371E+00,0.00000E+00,0.00000E+00,4.5849E+00,0.00000E+00,0.00000E+00,10.9273E+00,0.00000E+00,0.00000E+00,4.6877E+00,0.00000E+00,0.00000E+00,18.2452E+00,0.0000E+00,0.0000E+00,4.2183E+00,0.0000E+00,0.0000E+00,8.826E+00,+99999.9E+99,+99999.9E+99,64.183E+00,+99999.9E+99,+99999.9E+99,1.08974E+03,0.00000E+03,0.00000E+03,0.00000E+03,0.00000E+03,0.00000E+03,1.18407E+03,0.00000E+03,0.00000E+03,0.00000E+03,0.00000E+03,0.00000E+03,0.46312E+03,0.00000E+03,0.00000E+03,0.00000E+03,0.00000E+03,0.00000E+03,0.92034E+00,0.00000E+00,0.00000E+00,0.91828E+00,0.40583E+00,0.15800E+00,0.000E+00,71.001E+00,137.249E+00,156.677E+00,137.058E+00,38.158E+00,23.025E+00,90.000E+00,90.000E+00,12.6129E+00,0.00000E+00,0.00000E+00,121.635E+00,100.000E+00,100.000E+00,-0.23576E+03,0.00000E+03,0.00000E+03,+99999.9E+99,+99999.9E+99,+99999.9E+99,+99999.9E+99,+99999.9E+99,+99999.9E+99,+99999.9E+99,+99999.9E+99,+99999.9E+99,+99999.9E+99,+99999.9E+99,+99999.9E+99,1B00,0,0,0,1B00,76.9983E+00,77.4676E+00,77.3239E+00,77.2633E+00,71.6257E+00,72.5117E+00,72.2485E+00,72.1286E+00,76.9983E+00,77.4676E+00,77.3239E+00,0.0000E+00,0.0000E+00,0.0000E+00,72.3189E+00,72.7873E+00,72.6523E+00,105.707E+00,106.046E+00,105.669E+00,-104.626E+00,-105.159E+00,-104.729E+00,20.322E+00,20.373E+00,20.661E+00,+99999.9E+99,+99999.9E+99,+99999.9E+99,0.390E+00,13.7801E+00,13.4674E+00,13.5885E+00,13.6120E+00,12.8598E+00,12.6769E+00,12.6157E+00,12.7174E+00,13.7790E+00,13.4653E+00,13.5821E+00,-0.1781E+00,-0.2390E+00,0.4182E+00,8.0749E+00,7.4893E+00,7.3443E+00,27.3357E+00,27.3005E+00,28.5705E+00,-26.1548E+00,-26.8748E+00,-26.6514E+00,46.899E+00,49.207E+00,50.799E+00,+99999.9E+99,+99999.9E+99,+99999.9E+99,6.945E+00,0.44633E+03,0.43440E+03,0.44478E+03,1.32550E+03,0.29594E+03,0.25834E+03,0.27773E+03,0.83201E+03,0.62042E+03,0.60674E+03,0.61430E+03,1.84146E+03,0.32980E+03,0.29820E+03,0.30076E+03,0.92752E+03,-0.43094E+03,-0.42360E+03,-0.42372E+03,-1.27826E+03,-0.14556E+03,-0.14894E+03,-0.11543E+03,-0.40993E+03,-0.71940E+00,-0.71595E+00,-0.72404E+00,-0.71981E+00,-0.89733E+00,-0.86633E+00,-0.92342E+00,-0.89703E+00,0.000E+00,119.900E+00,-119.727E+00,56.406E+00,179.807E+00,-67.315E+00,-43.995E+00,-44.279E+00,-43.611E+00,-43.961E+00,201.829E+00,202.212E+00,201.109E+00,90.385E+00,+99999.9E+99,+99999.9E+99,0.00013E+06,-0.00076E+06,0.00000E+00,15.106E+00,0.757E+03,0.00120E+06,43.712E+00,F0F08
2021/11/30,17:33:51,00000:00:15,900,38003D00,500,1C00,1C00,3800,99.920E+00,0.000E+00,0.000E+00,110.982E+00,0.000E+00,0.000E+00,0.510E+00,0.000E+00,0.000E+00,99.919E+00,0.000E+00,0.000E+00,0.000E+00,0.000E+00,0.000E+00,100.914E+00,0.000E+00,0.000E+00,98.818E+00,0.000E+00,0.000E+00,76.779E+00,+99999.9E+99,+99999.9E+99,1.049E+00,+99999.9E+99,+99999.9E+99,11.8502E+00,0.00000E+00,0.00000E+00,12.1371E+00,0.00000E+00,0.00000E+00,4.5849E+00,0.00000E+00,0.00000E+00,10.9273E+00,0.00000E+00,0.00000E+00,3.8553E+00,0.00000E+00,0.00000E+00,18.2452E+00,0.0000E+00,0.0000E+00,4.2183E+00,0.0000E+00,0.0000E+00,56.934E+00,+99999.9E+99,+99999.9E+99,64.183E+00,+99999.9E+99,+99999.9E+99,1.08974E+03,0.00000E+03,0.00000E+03,0.00000E+03,0.00000E+03,0.00000E+03,1.18407E+03,0.00000E+03,0.00000E+03,0.00000E+03,0.00000E+03,0.00000E+03,0.46312E+03,0.00000E+03,0.00000E+03,0.00000E+03,0.00000E+03,0.00000E+03,0.92034E+00,0.00000E+00,0.00000E+00,0.86977E+00,0.21555E+00,0.53170E+00,0.000E+00,65.915E+00,146.166E+00,150.432E+00,-36.532E+00,24.045E+00,23.025E+00,90.000E+00,90.000E+00,12.6129E+00,0.00000E+00,0.00000E+00,79.923E+00,100.000E+00,100.000E+00,0.21878E+03,0.00000E+03,0.00000E+03,+99999.9E+99,+99999.9E+99,+99999.9E+99,+99999.9E+99,+99999.9E+99,+99999.9E+99,+99999.9E+99,+99999.9E+99,+99999.9E+99,+99999.9E+99,+99999.9E+99,+99999.9E+99,1B00,0,0,0,1B00,76.6982E+00,76.6529E+00,76.3819E+00,76.5777E+00,72.5492E+00,72.6437E+00,72.0141E+00,72.4023E+00,76.6982E+00,76.6529E+00,76.3819E+00,0.0000E+00,0.0000E+00,0.0000E+00,70.2540E+00,70.2912E+00,70.1930E+00,105.684E+00,105.921E+00,105.734E+00,-104.136E+00,-104.753E+00,-104.301E+00,38.266E+00,37.978E+00,38.210E+00,+99999.9E+99,+99999.9E+99,+99999.9E+99,0.075E+00,9.7328E+00,9.3374E+00,9.9435E+00,9.6712E+00,8.4071E+00,8.0644E+00,8.4727E+00,8.3148E+00,9.7321E+00,9.3374E+00,9.9435E+00,-0.1166E+00,0.0000E+00,0.0000E+00,14.7473E+00,14.6244E+00,14.9474E+00,26.3148E+00,24.8948E+00,27.2448E+00,-25.6105E+00,-23.4410E+00,-26.7257E+00,40.758E+00,40.779E+00,39.537E+00,+99999.9E+99,+99999.9E+99,+99999.9E+99,1.369E+00,0.28455E+03,0.28339E+03,0.30302E+03,0.87096E+03,0.51713E+03,0.51816E+03,0.53013E+03,1.56542E+03,0.43282E+03,0.41549E+03,0.44117E+03,1.28948E+03,0.59632E+03,0.59044E+03,0.60418E+03,1.79085E+03,-0.32614E+03,-0.30384E+03,-0.32064E+03,-0.95062E+03,-0.29694E+03,-0.28306E+03,-0.28982E+03,-0.86982E+03,-0.65743E+00,-0.68207E+00,-0.68685E+00,-0.67543E+00,-0.86720E+00,-0.87759E+00,-0.87744E+00,-0.87412E+00,0.000E+00,120.063E+00,-119.943E+00,59.881E+00,178.670E+00,-61.254E+00,-48.896E+00,-46.995E+00,-46.619E+00,-47.512E+00,201.746E+00,201.568E+00,202.448E+00,91.859E+00,+99999.9E+99,+99999.9E+99,0.00007E+06,-0.00052E+06,0.00000E+00,10.104E+00,0.756E+03,0.00080E+06,43.780E+00,F0F08
2021/11/30,17:33:51,00000:00:15,950,38003F00,2A00,3B00,3B00,3F00,99.993E+00,0.000E+00,0.000E+00,111.063E+00,0.000E+00,0.000E+00,0.502E+00,0.000E+00,0.000E+00,99.992E+00,0.000E+00,0.000E+00,0.000E+00,0.000E+00,0.000E+00,100.986E+00,0.000E+00,0.000E+00,98.807E+00,0.000E+00,0.000E+00,76.779E+00,+99999.9E+99,+99999.9E+99,1.089E+00,+99999.9E+99,+99999.9E+99,11.4342E+00,0.00000E+00,0.00000E+00,11.6194E+00,0.00000E+00,0.00000E+00,4.6159E+00,0.00000E+00,0.00000E+00,10.4611E+00,0.00000E+00,0.00000E+00,3.8553E+00,0.00000E+00,0.00000E+00,18.2417E+00,0.0000E+00,0.0000E+00,4.1331E+00,0.0000E+00,0.0000E+00,56.934E+00,+99999.9E+99,+99999.9E+99,67.433E+00,+99999.9E+99,+99999.9E+99,1.04396E+03,0.00000E+03,0.00000E+03,0.00000E+03,0.00000E+03,0.00000E+03,1.14334E+03,0.00000E+03,0.00000E+03,0.00000E+03,0.00000E+03,0.00000E+03,0.46624E+03,0.00000E+03,0.00000E+03,0.00000E+03,0.00000E+03,0.00000E+03,0.91308E+00,0.00000E+00,0.00000E+00,0.86977E+00,0.21555E+00,0.53170E+00,0.000E+00,65.915E+00,146.166E+00,150.432E+00,-36.532E+00,24.045E+00,24.066E+00,90.000E+00,90.000E+00,0.00000E+00,0.00000E+00,0.00000E+00,98.756E+00,100.000E+00,100.000E+00,0.01299E+03,0.00000E+03,0.00000E+03,+99999.9E+99,+99999.9E+99,+99999.9E+99,+99999.9E+99,+99999.9E+99,+99999.9E+99,+99999.9E+99,+99999.9E+99,+99999.9E+99,+99999.9E+99,+99999.9E+99,+99999.9E+99,1B00,0,0,0,1B00,76.5145E+00,77.0149E+00,77.0041E+00,76.8445E+00,71.8023E+00,72.7438E+00,72.7184E+00,72.4215E+00,76.5145E+00,77.0149E+00,77.0041E+00,0.0000E+00,0.0000E+00,0.0000E+00,73.0342E+00,73.0141E+00,72.9168E+00,105.834E+00,106.077E+00,105.646E+00,-105.467E+00,-104.840E+00,-105.049E+00,15.505E+00,15.431E+00,15.379E+00,+99999.9E+99,+99999.9E+99,+99999.9E+99,0.101E+00,11.5761E+00,11.3409E+00,11.1288E+00,11.3486E+00,9.9685E+00,9.8332E+00,9.5319E+00,9.7779E+00,11.5748E+00,11.3355E+00,11.1165E+00,-0.1721E+00,-0.3504E+00,0.5236E+00,5.2674E+00,5.1906E+00,5.5801E+00,27.6748E+00,27.3076E+00,28.5619E+00,-26.6490E+00,-26.8890E+00,-26.0376E+00,58.028E+00,57.343E+00,53.244E+00,+99999.9E+99,+99999.9E+99,+99999.9E+99,3.388E+00,0.35489E+03,0.33578E+03,0.34030E+03,1.03097E+03,0.18758E+03,0.19395E+03,0.20058E+03,0.58211E+03,0.51638E+03,0.50542E+03,0.49842E+03,1.52022E+03,0.21658E+03,0.21673E+03,0.22753E+03,0.66063E+03,-0.37510E+03,-0.37776E+03,-0.36417E+03,-1.11703E+03,-0.10825E+03,-0.09672E+03,-0.10741E+03,-0.31238E+03,-0.68727E+00,-0.66436E+00,-0.68275E+00,-0.67817E+00,-0.86613E+00,-0.89490E+00,-0.88156E+00,-0.88114E+00,0.000E+00,120.094E+00,-119.970E+00,59.976E+00,176.557E+00,-61.748E+00,-46.585E+00,-48.367E+00,-46.941E+00,-47.299E+00,201.918E+00,201.524E+00,201.287E+00,93.079E+00,+99999.9E+99,+99999.9E+99,0.00007E+06,-0.00062E+06,0.00000E+00,12.116E+00,0.756E+03,0.00096E+06,43.814E+00,F0F08
2021/11/30,17:33:51,00000:00:16,0,38003F00,2D00,3F00,3F00,3F00,99.993E+00,0.000E+00,0.000E+00,111.063E+00,0.000E+00,0.000E+00,0.502E+00,0.000E+00,0.000E+00,99.992E+00,0.000E+00,0.000E+00,0.000E+00,0.000E+00,0.000E+00,100.986E+00,0.000E+00,0.000E+00,98.807E+00,0.000E+00,0.000E+00,36.264E+00,284.524E+00,+99999.9E+99,1.089E+00,+99999.9E+99,+99999.9E+99,11.4342E+00,0.00000E+00,0.00000E+00,11.6194E+00,0.00000E+00,0.00000E+00,4.6159E+00,0.00000E+00,0.00000E+00,10.4611E+00,0.00000E+00,0.00000E+00,4.3222E+00,0.00000E+00,0.00000E+00,18.2417E+00,0.0000E+00,0.0000E+00,4.1331E+00,0.0000E+00,0.0000E+00,37.534E+00,+99999.9E+99,+99999.9E+99,67.433E+00,+99999.9E+99,+99999.9E+99,1.04396E+03,0.00000E+03,0.00000E+03,0.00000E+03,0.00000E+03,0.00000E+03,1.14334E+03,0.00000E+03,0.00000E+03,0.00000E+03,0.00000E+03,0.00000E+03,0.46624E+03,0.00000E+03,0.00000E+03,0.00000E+03,0.00000E+03,0.00000E+03,0.91308E+00,0.00000E+00,0.00000E+00,0.93574E+00,0.42453E+00,0.96814E+00,0.000E+00,79.640E+00,156.194E+00,159.349E+00,-35.481E+00,141.692E+00,24.066E+00,90.000E+00,90.000E+00,0.00000E+00,0.00000E+00,0.00000E+00,124.256E+00,100.000E+00,100.000E+00,-0.25322E+03,0.00000E+03,0.00000E+03,+99999.9E+99,+99999.9E+99,+99999.9E+99,+99999.9E+99,+99999.9E+99,+99999.9E+99,+99999.9E+99,+99999.9E+99,+99999.9E+99,+99999.9E+99,+99999.9E+99,+99999.9E+99,1B00,0,0,0,1B00,77.2020E+00,77.2387E+00,77.0018E+00,77.1475E+00,72.2129E+00,72.4594E+00,71.8949E+00,72.1891E+00,77.2020E+00,77.2387E+00,77.0018E+00,0.0000E+00,0.0000E+00,0.0000E+00,70.9896E+00,71.6693E+00,71.4569E+00,105.249E+00,105.653E+00,105.480E+00,-104.430E+00,-104.724E+00,-104.587E+00,29.569E+00,29.910E+00,29.845E+00,+99999.9E+99,+99999.9E+99,+99999.9E+99,0.556E+00,13.6130E+00,13.1717E+00,13.5628E+00,13.4492E+00,12.5387E+00,12.1061E+00,12.4683E+00,12.3710E+00,13.6120E+00,13.1716E+00,13.5614E+00,-0.1662E+00,0.0000E+00,0.1995E+00,12.1475E+00,10.9683E+00,11.1346E+00,27.6305E+00,27.2843E+00,28.5743E+00,-26.6262E+00,-26.8224E+00,-26.6819E+00,41.587E+00,45.143E+00,45.247E+00,+99999.9E+99,+99999.9E+99,+99999.9E+99,6.313E+00,0.43038E+03,0.42178E+03,0.44502E+03,1.29718E+03,0.43058E+03,0.37951E+03,0.40791E+03,1.21801E+03,0.61344E+03,0.59345E+03,0.60989E+03,1.81678E+03,0.48693E+03,0.44519E+03,0.44882E+03,1.37932E+03,-0.43712E+03,-0.41748E+03,-0.41704E+03,-1.27165E+03,-0.22738E+03,-0.23273E+03,-0.18720E+03,-0.64730E+03,-0.70159E+00,-0.71071E+00,-0.72968E+00,-0.71400E+00,-0.88428E+00,-0.85248E+00,-0.90887E+00,-0.88305E+00,0.000E+00,119.888E+00,-119.590E+00,58.149E+00,-178.695E+00,-65.151E+00,-45.445E+00,-44.707E+00,-43.141E+00,-44.439E+00,201.334E+00,202.104E+00,201.886E+00,89.418E+00,+99999.9E+99,+99999.9E+99,0.00014E+06,-0.00074E+06,0.00000E+00,14.627E+00,0.757E+03,0.00116E+06,43.582E+00,F0F08
2021/11/30,17:33:51,00000:00:16,50,38003F00,2800,3B00,3B00,3F00,99.844E+00,0.000E+00,0.000E+00,110.897E+00,0.000E+00,0.000E+00,0.519E+00,0.000E+00,0.000E+00,99.843E+00,0.000E+00,0.000E+00,0.000E+00,0.000E+00,0.000E+00,100.989E+00,0.000E+00,0.000E+00,98.829E+00,0.000E+00,0.000E+00,36.264E+00,284.524E+00,+99999.9E+99,1.082E+00,+99999.9E+99,+99999.9E+99,12.7106E+00,0.00000E+00,0.00000E+00,13.2840E+00,0.00000E+00,0.00000E+00,4.3036E+00,0.00000E+00,0.00000E+00,11.9598E+00,0.00000E+00,0.00000E+00,4.3222E+00,0.00000E+00,0.00000E+00,18.3779E+00,0.0000E+00,0.0000E+00,4.1769E+00,0.0000E+00,0.0000E+00,37.534E+00,+99999.9E+99,+99999.9E+99,59.369E+00,+99999.9E+99,+99999.9E+99,1.19210E+03,0.00000E+03,0.00000E+03,0.00000E+03,0.00000E+03,0.00000E+03,1.26907E+03,0.00000E+03,0.00000E+03,0.00000E+03,0.00000E+03,0.00000E+03,0.43525E+03,0.00000E+03,0.00000E+03,0.00000E+03,0.00000E+03,0.00000E+03,0.93935E+00,0.00000E+00,0.00000E+00,0.93574E+00,0.42453E+00,0.96814E+00,0.000E+00,79.640E+00,156.194E+00,159.349E+00,-35.481E+00,141.692E+00,20.058E+00,90.000E+00,90.000E+00,15.0624E+00,0.00000E+00,0.00000E+00,65.193E+00,100.000E+00,100.000E+00,0.41493E+03,0.00000E+03,0.00000E+03,+99999.9E+99,+99999.9E+99,+99999.9E+99,+99999.9E+99,+99999.9E+99,+99999.9E+99,+99999.9E+99,+99999.9E+99,+99999.9E+99,+99999.9E+99,+99999.9E+99,+99999.9E+99,1B00,0,0,0,1B00,76.2762E+00,76.6439E+00,76.5037E+00,76.4746E+00,72.1870E+00,72.8925E+00,72.6175E+00,72.5657E+00,76.2762E+00,76.6439E+00,76.5037E+00,0.0000E+00,0.0000E+00,0.0000E+00,71.2946E+00,71.1843E+00,71.0081E+00,105.744E+00,106.116E+00,105.859E+00,-104.560E+00,-103.829E+00,-104.170E+00,31.949E+00,31.220E+00,31.837E+00,+99999.9E+99,+99999.9E+99,+99999.9E+99,0.243E+00,8.2573E+00,8.2054E+00,8.1516E+00,8.2047E+00,7.3548E+00,7.3201E+00,7.2569E+00,7.3106E+00,8.2566E+00,8.2045E+00,8.1486E+00,-0.1025E+00,-0.1182E+00,0.2217E+00,11.7706E+00,11.7742E+00,12.3903E+00,22.1076E+00,20.9129E+00,20.3962E+00,-18.7048E+00,-19.1410E+00,-19.7405E+00,45.040E+00,43.881E+00,41.869E+00,+99999.9E+99,+99999.9E+99,+99999.9E+99,3.431E+00,0.26047E+03,0.25543E+03,0.26126E+03,0.77716E+03,0.40567E+03,0.42694E+03,0.43388E+03,1.26648E+03,0.36529E+03,0.36338E+03,0.36194E+03,1.09062E+03,0.47242E+03,0.48033E+03,0.49897E+03,1.45124E+03,-0.25610E+03,-0.25847E+03,-0.25049E+03,-0.76506E+03,-0.24209E+03,-0.22010E+03,-0.24642E+03,-0.70861E+03,-0.71306E+00,-0.70291E+00,-0.72183E+00,-0.71259E+00,-0.85871E+00,-0.88884E+00,-0.86955E+00,-0.87269E+00,0.000E+00,120.217E+00,-119.975E+00,60.771E+00,177.408E+00,-60.244E+00,-44.515E+00,-45.339E+00,-43.794E+00,-44.554E+00,202.374E+00,201.762E+00,201.996E+00,94.905E+00,+99999.9E+99,+99999.9E+99,0.00004E+06,-0.00048E+06,0.00000E+00,9.314E+00,0.756E+03,0.00074E+06,43.948E+00,F0F08
2021/11/30,17:33:51,00000:00:16,100,38003800,0,1800,1800,3800,99.919E+00,0.000E+00,0.000E+00,110.981E+00,0.000E+00,0.000E+00,0.510E+00,0.000E+00,0.000E+00,99.918E+00,0.000E+00,0.000E+00,0.000E+00,0.000E+00,0.000E+00,100.911E+00,0.000E+00,0.000E+00,98.807E+00,0.000E+00,0.000E+00,21.807E+00,+99999.9E+99,492.149E+00,1.053E+00,+99999.9E+99,+99999.9E+99,11.8553E+00,0.00000E+00,0.00000E+00,12.1421E+00,0.00000E+00,0.00000E+00,4.5875E+00,0.00000E+00,0.00000E+00,10.9317E+00,0.00000E+00,0.00000E+00,4.4117E+00,0.00000E+00,0.00000E+00,18.1683E+00,0.0000E+00,0.0000E+00,4.1181E+00,0.0000E+00,0.0000E+00,8.009E+00,+99999.9E+99,+99999.9E+99,64.264E+00,+99999.9E+99,+99999.9E+99,1.09018E+03,0.00000E+03,0.00000E+03,0.00000E+03,0.00000E+03,0.00000E+03,1.18457E+03,0.00000E+03,0.00000E+03,0.00000E+03,0.00000E+03,0.00000E+03,0.46337E+03,0.00000E+03,0.00000E+03,0.00000E+03,0.00000E+03,0.00000E+03,0.92032E+00,0.00000E+00,0.00000E+00,0.89781E+00,0.99754E+00,0.80995E+00,0.000E+00,2.500E+00,130.803E+00,153.871E+00,-1.520E+00,-85.105E+00,23.027E+00,90.000E+00,90.000E+00,12.6213E+00,0.00000E+00,0.00000E+00,115.891E+00,100.000E+00,100.000E+00,-0.17324E+03,0.00000E+03,0.00000E+03,+99999.9E+99,+99999.9E+99,+99999.9E+99,+99999.9E+99,+99999.9E+99,+99999.9E+99,+99999.9E+99,+99999.9E+99,+99999.9E+99,+99999.9E+99,+99999.9E+99,+99999.9E+99,1B00,0,0,0,1B00,77.0854E+00,77.1854E+00,77.1408E+00,77.1372E+00,72.1388E+00,72.5358E+00,72.3189E+00,72.3312E+00,77.0854E+00,77.1854E+00,77.1408E+00,0.0000E+00,0.0000E+00,0.0000E+00,73.0350E+00,73.2741E+00,73.1368E+00,105.883E+00,106.071E+00,105.781E+00,-105.049E+00,-104.626E+00,-104.663E+00,14.106E+00,14.420E+00,14.499E+00,+99999.9E+99,+99999.9E+99,+99999.9E+99,0.191E+00,13.4558E+00,12.9697E+00,13.1646E+00,13.1967E+00,12.2560E+00,11.7612E+00,11.8219E+00,11.9464E+00,13.4547E+00,12.9656E+00,13.1549E+00,-0.1774E+00,-0.3266E+00,0.5051E+00,5.2276E+00,4.7562E+00,4.9080E+00,27.7548E+00,27.1281E+00,28.4248E+00,-26.6890E+00,-27.1519E+00,-26.4995E+00,54.653E+00,58.744E+00,56.712E+00,+99999.9E+99,+99999.9E+99,+99999.9E+99,4.322E+00,0.43009E+03,0.40741E+03,0.42592E+03,1.26341E+03,0.18842E+03,0.17383E+03,0.18563E+03,0.54787E+03,0.60637E+03,0.58291E+03,0.59167E+03,1.78095E+03,0.21321E+03,0.19852E+03,0.20418E+03,0.61560E+03,-0.42745E+03,-0.41690E+03,-0.41069E+03,-1.25503E+03,-0.09977E+03,-0.09588E+03,-0.08505E+03,-0.28070E+03,-0.70928E+00,-0.69892E+00,-0.71986E+00,-0.70941E+00,-0.88374E+00,-0.87563E+00,-0.90912E+00,-0.88999E+00,0.000E+00,120.018E+00,-119.830E+00,58.009E+00,178.836E+00,-65.258E+00,-44.824E+00,-45.659E+00,-43.957E+00,-44.813E+00,201.256E+00,201.962E+00,201.671E+00,90.955E+00,+99999.9E+99,+99999.9E+99,0.00011E+06,-0.00074E+06,0.00000E+00,14.496E+00,0.757E+03,0.00115E+06,43.578E+00,F0F0F
2021/11/30,17:33:51,00000:00:16,150,38003F00,700,1F00,1F00,3F00,99.919E+00,0.000E+00,0.000E+00,110.981E+00,0.000E+00,0.000E+00,0.510E+00,0.000E+00,0.000E+00,99.918E+00,0.000E+00,0.000E+00,0.000E+00,0.000E+00,0.000E+00,100.911E+00,0.000E+00,0.000E+00,98.807E+00,0.000E+00,0.000E+00,21.807E+00,+99999.9E+99,492.149E+00,1.053E+00,+99999.9E+99,+99999.9E+99,11.8553E+00,0.00000E+00,0.00000E+00,12.1421E+00,0.00000E+00,0.00000E+00,4.5875E+00,0.00000E+00,0.00000E+00,10.9317E+00,0.00000E+00,0.00000E+00,4.4117E+00,0.00000E+00,0.00000E+00,18.1683E+00,0.0000E+00,0.0000E+00,4.1181E+00,0.0000E+00,0.0000E+00,8.009E+00,+99999.9E+99,+99999.9E+99,64.264E+00,+99999.9E+99,+99999.9E+99,1.09018E+03,0.00000E+03,0.00000E+03,0.00000E+03,0.00000E+03,0.00000E+03,1.18457E+03,0.00000E+03,0.00000E+03,0.00000E+03,0.00000E+03,0.00000E+03,0.46337E+03,0.00000E+03,0.00000E+03,0.00000E+03,0.00000E+03,0.00000E+03,0.92032E+00,0.00000E+00,0.00000E+00,0.89781E+00,0.99754E+00,0.80995E+00,0.000E+00,2.500E+00,130.803E+00,153.871E+00,-1.520E+00,-85.105E+00,23.027E+00,90.000E+00,90.000E+00,12.6213E+00,0.00000E+00,0.00000E+00,100.141E+00,100.000E+00,100.000E+00,-0.00154E+03,0.00000E+03,0.00000E+03,+99999.9E+99,+99999.9E+99,+99999.9E+99,+99999.9E+99,+99999.9E+99,+99999.9E+99,+99999.9E+99,+99999.9E+99,+99999.9E+99,+99999.9E+99,+99999.9E+99,+99999.9E+99,1B00,0,0,0,1B00,76.7541E+00,77.0948E+00,76.8349E+00,76.8946E+00,72.0409E+00,72.6651E+00,72.1886E+00,72.2982E+00,76.7541E+00,77.0948E+00,76.8349E+00,0.0000E+00,0.0000E+00,0.0000E+00,70.1228E+00,70.5173E+00,70.4541E+00,105.440E+00,105.946E+00,105.576E+00,-103.879E+00,-104.630E+00,-104.423E+00,37.632E+00,37.520E+00,37.428E+00,+99999.9E+99,+99999.9E+99,+99999.9E+99,0.352E+00,11.9622E+00,11.8006E+00,12.0786E+00,11.9471E+00,10.4692E+00,10.3989E+00,10.5876E+00,10.4852E+00,11.9616E+00,11.8006E+00,12.0786E+00,-0.1244E+00,0.0000E+00,0.0000E+00,15.1092E+00,14.4874E+00,14.5224E+00,27.5871E+00,27.1890E+00,28.7976E+00,-26.1224E+00,-26.8952E+00,-26.8081E+00,39.225E+00,40.748E+00,40.491E+00,+99999.9E+99,+99999.9E+99,+99999.9E+99,2.919E+00,0.35818E+03,0.36063E+03,0.37291E+03,1.09171E+03,0.53773E+03,0.50653E+03,0.52746E+03,1.57172E+03,0.53446E+03,0.52864E+03,0.54194E+03,1.60504E+03,0.61081E+03,0.58384E+03,0.59037E+03,1.78459E+03,-0.39669E+03,-0.38653E+03,-0.39324E+03,-1.17646E+03,-0.28973E+03,-0.29034E+03,-0.26519E+03,-0.84525E+03,-0.67017E+00,-0.68218E+00,-0.68810E+00,-0.68018E+00,-0.88035E+00,-0.86758E+00,-0.89344E+00,-0.88072E+00,0.000E+00,119.873E+00,-119.782E+00,58.503E+00,179.663E+00,-63.247E+00,-47.920E+00,-46.986E+00,-46.520E+00,-47.142E+00,202.179E+00,201.621E+00,201.850E+00,90.335E+00,+99999.9E+99,+99999.9E+99,0.00011E+06,-0.00063E+06,0.00000E+00,12.437E+00,0.757E+03,0.00099E+06,43.821E+00,F0F0F
2021/11/30,17:33:51,00000:00:16,200,38003F00,500,1F00,1F00,3F00,99.919E+00,0.000E+00,0.000E+00,110.981E+00,0.000E+00,0.000E+00,0.510E+00,0.000E+00,0.000E+00,99.918E+00,0.000E+00,0.000E+00,0.000E+00,0.000E+00,0.000E+00,100.911E+00,0.000E+00,0.000E+00,98.807E+00,0.000E+00,0.000E+00,21.132E+00,471.468E+00,460.677E+00,1.053E+00,+99999.9E+99,+99999.9E+99,11.8553E+00,0.00000E+00,0.00000E+00,12.1421E+00,0.00000E+00,0.00000E+00,4.5875E+00,0.00000E+00,0.00000E+00,10.9317E+00,0.00000E+00,0.00000E+00,4.5721E+00,0.00000E+00,0.00000E+00,18.1683E+00,0.0000E+00,0.0000E+00,4.1181E+00,0.0000E+00,0.0000E+00,8.147E+00,+99999.9E+99,+99999.9E+99,64.264E+00,+99999.9E+99,+99999.9E+99,1.09018E+03,0.00000E+03,0.00000E+03,0.00000E+03,0.00000E+03,0.00000E+03,1.18457E+03,0.00000E+03,0.00000E+03,0.00000E+03,0.00000E+03,0.00000E+03,0.46337E+03,0.00000E+03,0.00000E+03,0.00000E+03,0.00000E+03,0.00000E+03,0.92032E+00,0.00000E+00,0.00000E+00,0.90519E+00,0.08258E+00,0.80583E+00,0.000E+00,36.416E+00,175.966E+00,154.849E+00,-48.848E+00,139.656E+00,23.027E+00,90.000E+00,90.000E+00,12.6213E+00,0.00000E+00,0.00000E+00,81.887E+00,100.000E+00,100.000E+00,0.19747E+03,0.00000E+03,0.00000E+03,+99999.9E+99,+99999.9E+99,+99999.9E+99,+99999.9E+99,+99999.9E+99,+99999.9E+99,+99999.9E+99,+99999.9E+99,+99999.9E+99,+99999.9E+99,+99999.9E+99,+99999.9E+99,1B00,0,0,0,1B00,76.5218E+00,76.7444E+00,76.6383E+00,76.6348E+00,72.2634E+00,72.7941E+00,72.5086E+00,72.5220E+00,76.5218E+00,76.7444E+00,76.6383E+00,0.0000E+00,0.0000E+00,0.0000E+00,72.5000E+00,72.2572E+00,72.2417E+00,105.789E+00,106.113E+00,105.654E+00,-104.614E+00,-104.521E+00,-104.190E+00,22.408E+00,21.547E+00,22.024E+00,+99999.9E+99,+99999.9E+99,+99999.9E+99,0.228E+00,9.7632E+00,9.4149E+00,9.5036E+00,9.5606E+00,8.5514E+00,8.3018E+00,8.3141E+00,8.3891E+00,9.7622E+00,9.4134E+00,9.4988E+00,-0.1365E+00,-0.1668E+00,0.3042E+00,7.6594E+00,8.0967E+00,8.2926E+00,26.1195E+00,24.1524E+00,24.9990E+00,-26.5629E+00,-25.2595E+00,-22.1648E+00,52.808E+00,48.584E+00,47.468E+00,+99999.9E+99,+99999.9E+99,+99999.9E+99,4.744E+00,0.30177E+03,0.28988E+03,0.30106E+03,0.89271E+03,0.27082E+03,0.29297E+03,0.29480E+03,0.85859E+03,0.43418E+03,0.41832E+03,0.42282E+03,1.27532E+03,0.31436E+03,0.32578E+03,0.33988E+03,0.97941E+03,-0.31217E+03,-0.30159E+03,-0.29688E+03,-0.91065E+03,-0.15962E+03,-0.14249E+03,-0.16914E+03,-0.47125E+03,-0.69503E+00,-0.69297E+00,-0.71203E+00,-0.69999E+00,-0.86150E+00,-0.89928E+00,-0.86737E+00,-0.87664E+00,0.000E+00,120.119E+00,-120.106E+00,60.404E+00,176.050E+00,-60.145E+00,-45.971E+00,-46.134E+00,-44.600E+00,-45.574E+00,201.741E+00,202.045E+00,202.147E+00,93.949E+00,+99999.9E+99,+99999.9E+99,0.00005E+06,-0.00055E+06,0.00000E+00,10.587E+00,0.757E+03,0.00084E+06,43.751E+00,F0F08
2021/11/30,17:33:51,00000:00:16,250,38003F00,700,1F00,1F00,3F00,99.919E+00,0.000E+00,0.000E+00,110.981E+00,0.000E+00,0.000E+00,0.510E+00,0.000E+00,0.000E+00,99.918E+00,0.000E+00,0.000E+00,0.000E+00,0.000E+00,0.000E+00,100.911E+00,0.000E+00,0.000E+00,98.807E+00,0.000E+00,0.000E+00,21.132E+00,471.468E+00,460.677E+00,1.053E+00,+99999.9E+99,+99999.9E+99,11.8553E+00,0.00000E+00,0.00000E+00,12.1421E+00,0.00000E+00,0.00000E+00,4.5875E+00,0.00000E+00,0.00000E+00,10.9317E+00,0.00000E+00,0.00000E+00,4.5721E+00,0.00000E+00,0.00000E+00,18.1683E+00,0.0000E+00,0.0000E+00,4.1181E+00,0.0000E+00,0.0000E+00,8.147E+00,+99999.9E+99,+99999.9E+99,64.264E+00,+99999.9E+99,+99999.9E+99,1.09018E+03,0.00000E+03,0.00000E+03,0.00000E+03,0.00000E+03,0.00000E+03,1.18457E+03,0.00000E+03,0.00000E+03,0.00000E+03,0.00000E+03,0.00000E+03,0.46337E+03,0.00000E+03,0.00000E+03,0.00000E+03,0.00000E+03,0.00000E+03,0.92032E+00,0.00000E+00,0.00000E+00,0.90519E+00,0.08258E+00,0.80583E+00,0.000E+00,36.416E+00,175.966E+00,154.849E+00,-48.848E+00,139.656E+00,23.027E+00,90.000E+00,90.000E+00,12.6213E+00,0.00000E+00,0.00000E+00,115.798E+00,100.000E+00,100.000E+00,-0.17222E+03,0.00000E+03,0.00000E+03,+99999.9E+99,+99999.9E+99,+99999.9E+99,+99999.9E+99,+99999.9E+99,+99999.9E+99,+99999.9E+99,+99999.9E+99,+99999.9E+99,+99999.9E+99,+99999.9E+99,+99999.9E+99,1B00,0,0,0,1B00,77.0884E+00,77.1893E+00,77.1259E+00,77.1345E+00,72.1493E+00,72.5422E+00,72.2900E+00,72.3271E+00,77.0884E+00,77.1893E+00,77.1259E+00,0.0000E+00,0.0000E+00,0.0000E+00,72.3408E+00,72.7933E+00,72.6548E+00,105.661E+00,106.099E+00,105.843E+00,-104.857E+00,-104.763E+00,-104.826E+00,20.222E+00,20.396E+00,20.695E+00,+99999.9E+99,+99999.9E+99,+99999.9E+99,0.375E+00,13.4348E+00,12.9676E+00,13.1624E+00,13.1883E+00,12.2424E+00,11.7602E+00,11.8246E+00,11.9424E+00,13.4336E+00,12.9635E+00,13.1528E+00,-0.1760E+00,-0.3256E+00,0.5027E+00,8.0477E+00,7.4739E+00,7.3331E+00,27.7305E+00,27.1248E+00,28.5033E+00,-26.6143E+00,-27.1790E+00,-26.5262E+00,46.930E+00,49.303E+00,50.869E+00,+99999.9E+99,+99999.9E+99,+99999.9E+99,6.758E+00,0.42928E+03,0.40754E+03,0.42558E+03,1.26240E+03,0.29428E+03,0.25784E+03,0.27678E+03,0.82890E+03,0.60529E+03,0.58285E+03,0.59154E+03,1.77968E+03,0.32820E+03,0.29749E+03,0.30008E+03,0.92459E+03,-0.42673E+03,-0.41668E+03,-0.41086E+03,-1.25427E+03,-0.14530E+03,-0.14838E+03,-0.11593E+03,-0.40962E+03,-0.70921E+00,-0.69922E+00,-0.71944E+00,-0.70934E+00,-0.89666E+00,-0.86673E+00,-0.92235E+00,-0.89651E+00,0.000E+00,119.911E+00,-119.732E+00,56.486E+00,179.770E+00,-67.152E+00,-44.829E+00,-45.635E+00,-43.992E+00,-44.819E+00,201.738E+00,201.404E+00,201.067E+00,90.772E+00,+99999.9E+99,+99999.9E+99,0.00012E+06,-0.00074E+06,0.00000E+00,14.455E+00,0.757E+03,0.00115E+06,43.711E+00,F0F08
2021/11/30,17:33:51,00000:00:16,300,38003D00,500,1C00,1C00,3800,99.919E+00,0.000E+00,0.000E+00,110.981E+00,0.000E+00,0.000E+00,0.510E+00,0.000E+00,0.000E+00,99.918E+00,0.000E+00,0.000E+00,0.000E+00,0.000E+00,0.000E+00,100.911E+00,0.000E+00,0.000E+00,98.807E+00,0.000E+00,0.000E+00,65.205E+00,+99999.9E+99,+99999.9E+99,1.053E+00,+99999.9E+99,+99999.9E+99,11.8553E+00,0.00000E+00,0.00000E+00,12.1421E+00,0.00000E+00,0.00000E+00,4.5875E+00,0.00000E+00,0.00000E+00,10.9317E+00,0.00000E+00,0.00000E+00,4.0413E+00,0.00000E+00,0.00000E+00,18.1683E+00,0.0000E+00,0.0000E+00,4.1181E+00,0.0000E+00,0.0000E+00,47.128E+00,+99999.9E+99,+99999.9E+99,64.264E+00,+99999.9E+99,+99999.9E+99,1.09018E+03,0.00000E+03,0.00000E+03,0.00000E+03,0.00000E+03,0.00000E+03,1.18457E+03,0.00000E+03,0.00000E+03,0.00000E+03,0.00000E+03,0.00000E+03,0.46337E+03,0.00000E+03,0.00000E+03,0.00000E+03,0.00000E+03,0.00000E+03,0.92032E+00,0.00000E+00,0.00000E+00,0.89412E+00,0.91950E+00,0.00340E+00,0.000E+00,32.715E+00,140.026E+00,153.396E+00,9.567E+00,49.831E+00,23.027E+00,90.000E+00,90.000E+00,12.6213E+00,0.00000E+00,0.00000E+00,99.949E+00,100.000E+00,100.000E+00,0.00056E+03,0.00000E+03,0.00000E+03,+99999.9E+99,+99999.9E+99,+99999.9E+99,+99999.9E+99,+99999.9E+99,+99999.9E+99,+99999.9E+99,+99999.9E+99,+99999.9E+99,+99999.9E+99,+99999.9E+99,+99999.9E+99,1B00,0,0,0,1B00,76.7630E+00,77.1013E+00,76.8523E+00,76.9055E+00,72.0360E+00,72.6727E+00,72.2031E+00,72.3039E+00,76.7630E+00,77.1013E+00,76.8523E+00,0.0000E+00,0.0000E+00,0.0000E+00,70.0274E+00,70.2422E+00,70.1567E+00,105.319E+00,105.899E+00,105.613E+00,-104.720E+00,-104.376E+00,-104.630E+00,39.004E+00,38.829E+00,38.787E+00,+99999.9E+99,+99999.9E+99,+99999.9E+99,0.182E+00,11.9440E+00,11.7774E+00,12.0624E+00,11.9280E+00,10.4584E+00,10.3799E+00,10.5790E+00,10.4724E+00,11.9435E+00,11.7774E+00,12.0624E+00,-0.1122E+00,0.0000E+00,0.0000E+00,15.3787E+00,14.9779E+00,15.1651E+00,27.6152E+00,27.2767E+00,28.4948E+00,-26.1910E+00,-26.9505E+00,-26.7229E+00,39.463E+00,40.432E+00,39.547E+00,+99999.9E+99,+99999.9E+99,+99999.9E+99,1.618E+00,0.35738E+03,0.35977E+03,0.37246E+03,1.08962E+03,0.54245E+03,0.52685E+03,0.54300E+03,1.61230E+03,0.53386E+03,0.52761E+03,0.54127E+03,1.60275E+03,0.62071E+03,0.60423E+03,0.61360E+03,1.83841E+03,-0.39660E+03,-0.38592E+03,-0.39275E+03,-1.17527E+03,-0.30171E+03,-0.29584E+03,-0.28576E+03,-0.88331E+03,-0.66943E+00,-0.68189E+00,-0.68812E+00,-0.67984E+00,-0.87392E+00,-0.87194E+00,-0.88494E+00,-0.87701E+00,0.000E+00,119.974E+00,-119.859E+00,59.186E+00,179.251E+00,-62.167E+00,-47.977E+00,-47.008E+00,-46.519E+00,-47.169E+00,202.014E+00,202.383E+00,202.650E+00,90.589E+00,+99999.9E+99,+99999.9E+99,0.00010E+06,-0.00063E+06,0.00000E+00,12.446E+00,0.757E+03,0.00099E+06,43.766E+00,F0F08
2021/11/30,17:33:51,00000:00:16,350,38003F00,2A00,3B00,3B00,3F00,99.864E+00,0.000E+00,0.000E+00,110.919E+00,0.000E+00,0.000E+00,0.504E+00,0.000E+00,0.000E+00,99.863E+00,0.000E+00,0.000E+00,0.000E+00,0.000E+00,0.000E+00,100.950E+00,0.000E+00,0.000E+00,98.811E+00,0.000E+00,0.000E+00,65.205E+00,+99999.9E+99,+99999.9E+99,1.071E+00,+99999.9E+99,+99999.9E+99,12.1097E+00,0.00000E+00,0.00000E+00,12.4263E+00,0.00000E+00,0.00000E+00,4.6349E+00,0.00000E+00,0.00000E+00,11.1876E+00,0.00000E+00,0.00000E+00,4.0413E+00,0.00000E+00,0.00000E+00,18.2743E+00,0.0000E+00,0.0000E+00,4.0914E+00,0.0000E+00,0.0000E+00,47.128E+00,+99999.9E+99,+99999.9E+99,63.386E+00,+99999.9E+99,+99999.9E+99,1.11513E+03,0.00000E+03,0.00000E+03,0.00000E+03,0.00000E+03,0.00000E+03,1.20932E+03,0.00000E+03,0.00000E+03,0.00000E+03,0.00000E+03,0.00000E+03,0.46792E+03,0.00000E+03,0.00000E+03,0.00000E+03,0.00000E+03,0.00000E+03,0.92211E+00,0.00000E+00,0.00000E+00,0.89412E+00,0.91950E+00,0.00340E+00,0.000E+00,32.715E+00,140.026E+00,153.396E+00,9.567E+00,49.831E+00,22.764E+00,90.000E+00,90.000E+00,0.00000E+00,0.00000E+00,0.00000E+00,76.494E+00,100.000E+00,100.000E+00,0.26212E+03,0.00000E+03,0.00000E+03,+99999.9E+99,+99999.9E+99,+99999.9E+99,+99999.9E+99,+99999.9E+99,+99999.9E+99,+99999.9E+99,+99999.9E+99,+99999.9E+99,+99999.9E+99,+99999.9E+99,+99999.9E+99,1B00,0,0,0,1B00,76.5706E+00,76.6209E+00,76.5850E+00,76.5922E+00,72.4592E+00,72.7690E+00,72.5454E+00,72.5912E+00,76.5706E+00,76.6209E+00,76.5850E+00,0.0000E+00,0.0000E+00,0.0000E+00,72.8939E+00,72.7127E+00,72.6431E+00,105.887E+00,106.113E+00,105.807E+00,-105.003E+00,-104.804E+00,-104.943E+00,18.312E+00,17.901E+00,17.996E+00,+99999.9E+99,+99999.9E+99,+99999.9E+99,0.207E+00,9.5486E+00,9.0321E+00,9.1588E+00,9.2465E+00,8.2545E+00,7.8343E+00,7.8597E+00,7.9828E+00,9.5477E+00,9.0283E+00,9.1505E+00,-0.1297E+00,-0.2609E+00,0.3917E+00,6.1111E+00,6.4037E+00,6.8060E+00,26.1938E+00,24.0609E+00,25.0762E+00,-26.6410E+00,-25.2862E+00,-22.4057E+00,57.105E+00,52.862E+00,50.125E+00,+99999.9E+99,+99999.9E+99,+99999.9E+99,4.871E+00,0.29239E+03,0.27303E+03,0.28760E+03,0.85301E+03,0.21846E+03,0.23505E+03,0.23952E+03,0.69302E+03,0.42502E+03,0.40073E+03,0.40633E+03,1.23208E+03,0.25421E+03,0.26118E+03,0.27507E+03,0.78995E+03,-0.30847E+03,-0.29332E+03,-0.28704E+03,-0.88883E+03,-0.13001E+03,-0.11388E+03,-0.13525E+03,-0.37913E+03,-0.68793E+00,-0.68134E+00,-0.70779E+00,-0.69234E+00,-0.85934E+00,-0.89994E+00,-0.87076E+00,-0.87730E+00,0.000E+00,120.140E+00,-120.056E+00,60.672E+00,175.961E+00,-60.491E+00,-46.534E+00,-47.052E+00,-44.944E+00,-46.185E+00,202.124E+00,201.453E+00,201.900E+00,94.310E+00,+99999.9E+99,+99999.9E+99,0.00005E+06,-0.00053E+06,0.00000E+00,10.154E+00,0.757E+03,0.00080E+06,43.855E+00,F0F08
2021/11/30,17:33:51,00000:00:16,400,38003F00,2D00,3F00,3F00,3F00,99.864E+00,0.000E+00,0.000E+00,110.919E+00,0.000E+00,0.000E+00,0.504E+00,0.000E+00,0.000E+00,99.863E+00,0.000E+00,0.000E+00,0.000E+00,0.000E+00,0.000E+00,100.950E+00,0.000E+00,0.000E+00,98.811E+00,0.000E+00,0.000E+00,36.702E+00,+99999.9E+99,493.827E+00,1.071E+00,+99999.9E+99,+99999.9E+99,12.1097E+00,0.00000E+00,0.00000E+00,12.4263E+00,0.00000E+00,0.00000E+00,4.6349E+00,0.00000E+00,0.00000E+00,11.1876E+00,0.00000E+00,0.00000E+00,4.1413E+00,0.00000E+00,0.00000E+00,18.2743E+00,0.0000E+00,0.0000E+00,4.0914E+00,0.0000E+00,0.0000E+00,45.341E+00,+99999.9E+99,+99999.9E+99,63.386E+00,+99999.9E+99,+99999.9E+99,1.11513E+03,0.00000E+03,0.00000E+03,0.00000E+03,0.00000E+03,0.00000E+03,1.20932E+03,0.00000E+03,0.00000E+03,0.00000E+03,0.00000E+03,0.00000E+03,0.46792E+03,0.00000E+03,0.00000E+03,0.00000E+03,0.00000E+03,0.00000E+03,0.92211E+00,0.00000E+00,0.00000E+00,0.93000E+00,0.79818E+00,0.21066E+00,0.000E+00,12.235E+00,-171.987E+00,158.435E+00,49.278E+00,-94.148E+00,22.764E+00,90.000E+00,90.000E+00,0.00000E+00,0.00000E+00,0.00000E+00,120.950E+00,100.000E+00,100.000E+00,-0.23362E+03,0.00000E+03,0.00000E+03,+99999.9E+99,+99999.9E+99,+99999.9E+99,+99999.9E+99,+99999.9E+99,+99999.9E+99,+99999.9E+99,+99999.9E+99,+99999.9E+99,+99999.9E+99,+99999.9E+99,+99999.9E+99,1B00,0,0,0,1B00,77.0287E+00,77.4788E+00,77.3652E+00,77.2909E+00,71.7265E+00,72.5887E+00,72.3669E+00,72.2274E+00,77.0287E+00,77.4787E+00,77.3652E+00,0.0000E+00,0.0000E+00,0.0000E+00,71.7562E+00,72.3500E+00,72.1500E+00,105.709E+00,105.906E+00,105.649E+00,-105.116E+00,-104.641E+00,-104.760E+00,25.083E+00,25.378E+00,25.280E+00,+99999.9E+99,+99999.9E+99,+99999.9E+99,0.479E+00,13.9143E+00,13.5914E+00,13.7170E+00,13.7409E+00,13.0039E+00,12.8117E+00,12.7599E+00,12.8585E+00,13.9134E+00,13.5892E+00,13.7111E+00,-0.1530E+00,-0.2458E+00,0.4000E+00,10.1220E+00,9.2480E+00,9.3769E+00,27.5986E+00,27.1114E+00,28.5081E+00,-26.5790E+00,-26.8819E+00,-26.6590E+00,44.049E+00,47.080E+00,47.438E+00,+99999.9E+99,+99999.9E+99,+99999.9E+99,6.973E+00,0.45418E+03,0.44192E+03,0.45265E+03,1.34875E+03,0.36921E+03,0.32195E+03,0.34702E+03,1.03818E+03,0.62733E+03,0.61283E+03,0.62078E+03,1.86094E+03,0.41296E+03,0.37365E+03,0.37697E+03,1.16196E+03,-0.43274E+03,-0.42457E+03,-0.42483E+03,-1.28214E+03,-0.18498E+03,-0.18963E+03,-0.14724E+03,-0.52186E+03,-0.72398E+00,-0.72112E+00,-0.72916E+00,-0.72477E+00,-0.89406E+00,-0.86164E+00,-0.92056E+00,-0.89347E+00,0.000E+00,119.904E+00,-119.645E+00,56.881E+00,-179.684E+00,-66.836E+00,-43.616E+00,-43.853E+00,-43.184E+00,-43.551E+00,201.430E+00,202.286E+00,201.162E+00,90.338E+00,+99999.9E+99,+99999.9E+99,0.00013E+06,-0.00078E+06,0.00000E+00,15.354E+00,0.758E+03,0.00122E+06,43.568E+00,F0F08
2021/11/30,17:33:51,00000:00:16,450,38003F00,2800,3B00,3B00,3F00,100.042E+00,0.000E+00,0.000E+00,111.117E+00,0.000E+00,0.000E+00,0.500E+00,0.000E+00,0.000E+00,100.041E+00,0.000E+00,0.000E+00,0.000E+00,0.000E+00,0.000E+00,100.936E+00,0.000E+00,0.000E+00,98.811E+00,0.000E+00,0.000E+00,36.702E+00,+99999.9E+99,493.827E+00,1.062E+00,+99999.9E+99,+99999.9E+99,11.1845E+00,0.00000E+00,0.00000E+00,11.4156E+00,0.00000E+00,0.00000E+00,4.4118E+00,0.00000E+00,0.00000E+00,10.2776E+00,0.00000E+00,0.00000E+00,4.1413E+00,0.00000E+00,0.00000E+00,18.0462E+00,0.0000E+00,0.0000E+00,4.1869E+00,0.0000E+00,0.0000E+00,45.341E+00,+99999.9E+99,+99999.9E+99,67.425E+00,+99999.9E+99,+99999.9E+99,1.02621E+03,0.00000E+03,0.00000E+03,0.00000E+03,0.00000E+03,0.00000E+03,1.11892E+03,0.00000E+03,0.00000E+03,0.00000E+03,0.00000E+03,0.00000E+03,-0.44595E+03,0.00000E+03,0.00000E+03,0.00000E+03,0.00000E+03,0.00000E+03,-0.91715E+00,0.00000E+00,0.00000E+00,0.93000E+00,0.79818E+00,0.21066E+00,0.000E+00,12.235E+00,-171.987E+00,158.435E+00,49.278E+00,-94.148E+00,-23.488E+00,90.000E+00,90.000E+00,9.34068E+00,0.00000E+00,0.00000E+00,84.868E+00,100.000E+00,100.000E+00,0.15529E+03,0.00000E+03,0.00000E+03,+99999.9E+99,+99999.9E+99,+99999.9E+99,+99999.9E+99,+99999.9E+99,+99999.9E+99,+99999.9E+99,+99999.9E+99,+99999.9E+99,+99999.9E+99,+99999.9E+99,+99999.9E+99,1B00,0,0,0,1B00,76.7262E+00,76.6803E+00,76.4175E+00,76.6080E+00,72.5907E+00,72.7056E+00,72.0836E+00,72.4600E+00,76.7261E+00,76.6803E+00,76.4175E+00,0.0000E+00,0.0000E+00,0.0000E+00,70.7902E+00,70.6844E+00,70.5411E+00,105.863E+00,106.133E+00,105.686E+00,-104.497E+00,-104.719E+00,-105.097E+00,35.635E+00,35.181E+00,35.584E+00,+99999.9E+99,+99999.9E+99,+99999.9E+99,0.206E+00,9.7311E+00,9.3081E+00,9.9173E+00,9.6522E+00,8.4210E+00,8.0650E+00,8.4646E+00,8.3169E+00,9.7311E+00,9.3081E+00,9.9173E+00,0.0000E+00,0.0000E+00,0.0000E+00,13.3375E+00,13.4022E+00,13.9322E+00,26.3524E+00,24.8738E+00,27.1695E+00,-25.5810E+00,-23.2929E+00,-26.6938E+00,42.964E+00,42.175E+00,40.356E+00,+99999.9E+99,+99999.9E+99,+99999.9E+99,2.479E+00,0.28513E+03,0.28292E+03,0.30288E+03,0.87092E+03,0.46448E+03,0.48003E+03,0.48785E+03,1.43236E+03,0.43316E+03,0.41442E+03,0.44026E+03,1.28783E+03,0.53993E+03,0.54373E+03,0.56049E+03,1.64386E+03,-0.32608E+03,-0.30282E+03,-0.31952E+03,-0.94842E+03,-0.27530E+03,-0.25536E+03,-0.27596E+03,-0.80662E+03,-0.65824E+00,-0.68269E+00,-0.68796E+00,-0.67627E+00,-0.86025E+00,-0.88285E+00,-0.87040E+00,-0.87134E+00,0.000E+00,120.177E+00,-119.996E+00,60.599E+00,178.127E+00,-60.383E+00,-48.834E+00,-46.945E+00,-46.531E+00,-47.447E+00,202.490E+00,201.813E+00,202.676E+00,92.134E+00,+99999.9E+99,+99999.9E+99,0.00007E+06,-0.00052E+06,0.00000E+00,10.124E+00,0.757E+03,0.00080E+06,43.931E+00,F0F08
2021/11/30,17:33:51,00000:00:16,500,38003800,0,1800,1800,3800,99.927E+00,0.000E+00,0.000E+00,110.989E+00,0.000E+00,0.000E+00,0.507E+00,0.000E+00,0.000E+00,99.925E+00,0.000E+00,0.000E+00,0.000E+00,0.000E+00,0.000E+00,100.925E+00,0.000E+00,0.000E+00,98.814E+00,0.000E+00,0.000E+00,106.035E+00,+99999.9E+99,+99999.9E+99,1.056E+00,+99999.9E+99,+99999.9E+99,11.7741E+00,0.00000E+00,0.00000E+00,12.0492E+00,0.00000E+00,0.00000E+00,4.5770E+00,0.00000E+00,0.00000E+00,10.8480E+00,0.00000E+00,0.00000E+00,3.0650E+00,0.00000E+00,0.00000E+00,18.0481E+00,0.0000E+00,0.0000E+00,4.1519E+00,0.0000E+00,0.0000E+00,104.202E+00,+99999.9E+99,+99999.9E+99,64.049E+00,+99999.9E+99,+99999.9E+99,1.08191E+03,0.00000E+03,0.00000E+03,0.00000E+03,0.00000E+03,0.00000E+03,1.17654E+03,0.00000E+03,0.00000E+03,0.00000E+03,0.00000E+03,0.00000E+03,0.46231E+03,0.00000E+03,0.00000E+03,0.00000E+03,0.00000E+03,0.00000E+03,0.91957E+00,0.00000E+00,0.00000E+00,0.82115E+00,0.44296E+00,0.42836E+00,0.000E+00,148.116E+00,99.194E+00,145.200E+00,-95.590E+00,163.830E+00,23.137E+00,90.000E+00,90.000E+00,12.6205E+00,0.00000E+00,0.00000E+00,96.727E+00,100.000E+00,100.000E+00,0.03541E+03,0.00000E+03,0.00000E+03,+99999.9E+99,+99999.9E+99,+99999.9E+99,+99999.9E+99,+99999.9E+99,+99999.9E+99,+99999.9E+99,+99999.9E+99,+99999.9E+99,+99999.9E+99,+99999.9E+99,+99999.9E+99,1B00,0,0,0,1B00,76.5554E+00,77.0066E+00,77.0557E+00,76.8726E+00,71.8911E+00,72.7737E+00,72.8377E+00,72.5008E+00,76.5554E+00,77.0066E+00,77.0557E+00,0.0000E+00,0.0000E+00,0.0000E+00,73.1571E+00,73.2560E+00,73.1585E+00,105.696E+00,106.064E+00,105.757E+00,-105.120E+00,-104.746E+00,-104.710E+00,13.920E+00,13.726E+00,14.015E+00,+99999.9E+99,+99999.9E+99,+99999.9E+99,0.090E+00,11.6736E+00,11.4315E+00,11.2112E+00,11.4388E+00,10.0730E+00,9.9319E+00,9.6185E+00,9.8745E+00,11.6726E+00,11.4246E+00,11.1975E+00,-0.1550E+00,-0.3977E+00,0.5538E+00,4.8123E+00,4.5696E+00,4.7868E+00,27.6005E+00,27.1371E+00,28.5143E+00,-26.6300E+00,-26.8933E+00,-25.8533E+00,58.665E+00,60.143E+00,56.738E+00,+99999.9E+99,+99999.9E+99,+99999.9E+99,2.538E+00,0.36074E+03,0.34062E+03,0.34514E+03,1.04650E+03,0.17319E+03,0.16895E+03,0.17774E+03,0.51988E+03,0.52160E+03,0.50976E+03,0.50243E+03,1.53379E+03,0.19898E+03,0.19179E+03,0.19944E+03,0.59011E+03,-0.37674E+03,-0.37925E+03,-0.36513E+03,-1.12112E+03,-0.09798E+03,-0.09076E+03,-0.09047E+03,-0.27921E+03,-0.69160E+00,-0.66820E+00,-0.68693E+00,-0.68229E+00,-0.87036E+00,-0.88094E+00,-0.89120E+00,-0.88098E+00,0.000E+00,120.041E+00,-119.915E+00,59.541E+00,178.244E+00,-62.939E+00,-46.243E+00,-48.071E+00,-46.613E+00,-46.977E+00,201.306E+00,202.113E+00,201.433E+00,93.078E+00,+99999.9E+99,+99999.9E+99,0.00007E+06,-0.00063E+06,0.00000E+00,12.291E+00,0.757E+03,0.00097E+06,43.612E+00,F0F0F
2021/11/30,17:33:51,00000:00:16,550,38003F00,700,1F00,1F00,3F00,99.927E+00,0.000E+00,0.000E+00,110.989E+00,0.000E+00,0.000E+00,0.507E+00,0.000E+00,0.000E+00,99.925E+00,0.000E+00,0.000E+00,0.000E+00,0.000E+00,0.000E+00,100.925E+00,0.000E+00,0.000E+00,98.814E+00,0.000E+00,0.000E+00,106.035E+00,+99999.9E+99,+99999.9E+99,1.056E+00,+99999.9E+99,+99999.9E+99,11.7741E+00,0.00000E+00,0.00000E+00,12.0492E+00,0.00000E+00,0.00000E+00,4.5770E+00,0.00000E+00,0.00000E+00,10.8480E+00,0.00000E+00,0.00000E+00,3.0650E+00,0.00000E+00,0.00000E+00,18.0481E+00,0.0000E+00,0.0000E+00,4.1519E+00,0.0000E+00,0.0000E+00,104.202E+00,+99999.9E+99,+99999.9E+99,64.049E+00,+99999.9E+99,+99999.9E+99,1.08191E+03,0.00000E+03,0.00000E+03,0.00000E+03,0.00000E+03,0.00000E+03,1.17654E+03,0.00000E+03,0.00000E+03,0.00000E+03,0.00000E+03,0.00000E+03,0.46231E+03,0.00000E+03,0.00000E+03,0.00000E+03,0.00000E+03,0.00000E+03,0.91957E+00,0.00000E+00,0.00000E+00,0.82115E+00,0.44296E+00,0.42836E+00,0.000E+00,148.116E+00,99.194E+00,145.200E+00,-95.590E+00,163.830E+00,23.137E+00,90.000E+00,90.000E+00,12.6205E+00,0.00000E+00,0.00000E+00,117.875E+00,100.000E+00,100.000E+00,-0.19339E+03,0.00000E+03,0.00000E+03,+99999.9E+99,+99999.9E+99,+99999.9E+99,+99999.9E+99,+99999.9E+99,+99999.9E+99,+99999.9E+99,+99999.9E+99,+99999.9E+99,+99999.9E+99,+99999.9E+99,+99999.9E+99,1B00,0,0,0,1B00,77.2233E+00,77.2407E+00,76.9973E+00,77.1538E+00,72.2083E+00,72.4170E+00,71.8452E+00,72.1568E+00,77.2233E+00,77.2407E+00,76.9972E+00,0.0000E+00,0.0000E+00,0.0000E+00,70.4850E+00,71.0837E+00,70.9805E+00,105.359E+00,105.680E+00,105.564E+00,-104.356E+00,-104.799E+00,-104.649E+00,34.569E+00,34.569E+00,34.488E+00,+99999.9E+99,+99999.9E+99,+99999.9E+99,0.522E+00,13.4549E+00,13.0334E+00,13.4130E+00,13.3004E+00,12.4028E+00,11.9822E+00,12.3342E+00,12.2397E+00,13.4540E+00,13.0334E+00,13.4116E+00,-0.1602E+00,0.0000E+00,0.1923E+00,14.0642E+00,13.1246E+00,13.0929E+00,27.4100E+00,27.1214E+00,28.6305E+00,-26.0757E+00,-27.1143E+00,-26.8086E+00,39.687E+00,42.062E+00,42.257E+00,+99999.9E+99,+99999.9E+99,+99999.9E+99,4.540E+00,0.42270E+03,0.41492E+03,0.43768E+03,1.27530E+03,0.50202E+03,0.45768E+03,0.48300E+03,1.44270E+03,0.60618E+03,0.58720E+03,0.60296E+03,1.79635E+03,0.56684E+03,0.53081E+03,0.53513E+03,1.63179E+03,-0.43450E+03,-0.41551E+03,-0.41472E+03,-1.26473E+03,-0.26322E+03,-0.26887E+03,-0.23037E+03,-0.76247E+03,-0.69731E+00,-0.70660E+00,-0.72589E+00,-0.70994E+00,-0.88564E+00,-0.86222E+00,-0.90259E+00,-0.88412E+00,0.000E+00,119.821E+00,-119.670E+00,57.950E+00,-179.798E+00,-64.399E+00,-45.789E+00,-45.041E+00,-43.457E+00,-44.770E+00,202.226E+00,201.583E+00,202.011E+00,89.905E+00,+99999.9E+99,+99999.9E+99,0.00013E+06,-0.00073E+06,0.00000E+00,14.449E+00,0.758E+03,0.00115E+06,43.795E+00,F0F0F
2021/11/30,17:33:51,00000:00:16,600,38003F00,500,1F00,1F00,3F00,99.927E+00,0.000E+00,0.000E+00,110.989E+00,0.000E+00,0.000E+00,0.507E+00,0.000E+00,0.000E+00,99.925E+00,0.000E+00,0.000E+00,0.000E+00,0.000E+00,0.000E+00,100.925E+00,0.000E+00,0.000E+00,98.814E+00,0.000E+00,0.000E+00,20.351E+00,+99999.9E+99,385.382E+00,1.056E+00,+99999.9E+99,+99999.9E+99,11.7741E+00,0.00000E+00,0.00000E+00,12.0492E+00,0.00000E+00,0.00000E+00,4.5770E+00,0.00000E+00,0.00000E+00,10.8480E+00,0.00000E+00,0.00000E+00,4.6445E+00,0.00000E+00,0.00000E+00,18.0481E+00,0.0000E+00,0.0000E+00,4.1519E+00,0.0000E+00,0.0000E+00,11.618E+00,+99999.9E+99,+99999.9E+99,64.049E+00,+99999.9E+99,+99999.9E+99,1.08191E+03,0.00000E+03,0.00000E+03,0.00000E+03,0.00000E+03,0.00000E+03,1.17654E+03,0.00000E+03,0.00000E+03,0.00000E+03,0.00000E+03,0.00000E+03,0.46231E+03,0.00000E+03,0.00000E+03,0.00000E+03,0.00000E+03,0.00000E+03,0.91957E+00,0.00000E+00,0.00000E+00,0.91640E+00,0.96590E+00,0.92161E+00,0.000E+00,12.132E+00,159.055E+00,156.406E+00,27.139E+00,-178.108E+00,23.137E+00,90.000E+00,90.000E+00,12.6205E+00,0.00000E+00,0.00000E+00,68.869E+00,100.000E+00,100.000E+00,0.33681E+03,0.00000E+03,0.00000E+03,+99999.9E+99,+99999.9E+99,+99999.9E+99,+99999.9E+99,+99999.9E+99,+99999.9E+99,+99999.9E+99,+99999.9E+99,+99999.9E+99,+99999.9E+99,+99999.9E+99,+99999.9E+99,1800,0,0,0,1800,76.2551E+00,76.6639E+00,76.4918E+00,76.4702E+00,72.0705E+00,72.8156E+00,72.5172E+00,72.4678E+00,76.2551E+00,76.6639E+00,76.4918E+00,0.0000E+00,0.0000E+00,0.0000E+00,71.9533E+00,71.7799E+00,71.7206E+00,105.889E+00,106.196E+00,105.944E+00,-104.703E+00,-104.610E+00,-104.267E+00,26.998E+00,26.023E+00,26.758E+00,+99999.9E+99,+99999.9E+99,+99999.9E+99,0.195E+00,8.0597E+00,8.0231E+00,7.9734E+00,8.0187E+00,7.1421E+00,7.1302E+00,7.0590E+00,7.1104E+00,8.0589E+00,8.0224E+00,7.9701E+00,-0.1181E+00,-0.1082E+00,0.2273E+00,9.6706E+00,9.8463E+00,10.1858E+00,22.3467E+00,20.7919E+00,20.5767E+00,-18.7238E+00,-18.6800E+00,-19.9662E+00,48.600E+00,46.204E+00,44.707E+00,+99999.9E+99,+99999.9E+99,+99999.9E+99,4.209E+00,0.24960E+03,0.24496E+03,0.25053E+03,0.74510E+03,0.33346E+03,0.35704E+03,0.36045E+03,1.05095E+03,0.35614E+03,0.35519E+03,0.35390E+03,1.06523E+03,0.38871E+03,0.39995E+03,0.41657E+03,1.20465E+03,-0.25404E+03,-0.25720E+03,-0.24996E+03,-0.76119E+03,-0.19974E+03,-0.18024E+03,-0.20883E+03,-0.58880E+03,-0.70086E+00,-0.68966E+00,-0.70792E+00,-0.69947E+00,-0.85787E+00,-0.89270E+00,-0.86528E+00,-0.87241E+00,0.000E+00,120.136E+00,-120.050E+00,60.842E+00,176.891E+00,-59.856E+00,-45.504E+00,-46.397E+00,-44.934E+00,-45.615E+00,201.609E+00,201.884E+00,201.860E+00,95.170E+00,+99999.9E+99,+99999.9E+99,0.00004E+06,-0.00046E+06,0.00000E+00,8.960E+00,0.756E+03,0.00071E+06,43.771E+00,F0F08
2021/11/30,17:33:51,00000:00:16,650,38003F00,700,1F00,1F00,3F00,99.927E+00,0.000E+00,0.000E+00,110.989E+00,0.000E+00,0.000E+00,0.507E+00,0.000E+00,0.000E+00,99.925E+00,0.000E+00,0.000E+00,0.000E+00,0.000E+00,0.000E+00,100.925E+00,0.000E+00,0.000E+00,98.814E+00,0.000E+00,0.000E+00,20.351E+00,+99999.9E+99,385.382E+00,1.056E+00,+99999.9E+99,+99999.9E+99,11.7741E+00,0.00000E+00,0.00000E+00,12.0492E+00,0.00000E+00,0.00000E+00,4.5770E+00,0.00000E+00,0.00000E+00,10.8480E+00,0.00000E+00,0.00000E+00,4.6445E+00,0.00000E+00,0.00000E+00,18.0481E+00,0.0000E+00,0.0000E+00,4.1519E+00,0.0000E+00,0.0000E+00,11.618E+00,+99999.9E+99,+99999.9E+99,64.049E+00,+99999.9E+99,+99999.9E+99,1.08191E+03,0.00000E+03,0.00000E+03,0.00000E+03,0.00000E+03,0.00000E+03,1.17654E+03,0.00000E+03,0.00000E+03,0.00000E+03,0.00000E+03,0.00000E+03,0.46231E+03,0.00000E+03,0.00000E+03,0.00000E+03,0.00000E+03,0.00000E+03,0.91957E+00,0.00000E+00,0.00000E+00,0.91640E+00,0.96590E+00,0.92161E+00,0.000E+00,12.132E+00,159.055E+00,156.406E+00,27.139E+00,-178.108E+00,23.137E+00,90.000E+00,90.000E+00,12.6205E+00,0.00000E+00,0.00000E+00,117.062E+00,100.000E+00,100.000E+00,-0.18460E+03,0.00000E+03,0.00000E+03,+99999.9E+99,+99999.9E+99,+99999.9E+99,+99999.9E+99,+99999.9E+99,+99999.9E+99,+99999.9E+99,+99999.9E+99,+99999.9E+99,+99999.9E+99,+99999.9E+99,+99999.9E+99,1B00,0,0,0,1B00,77.0669E+00,77.1979E+00,77.0889E+00,77.1179E+00,72.1575E+00,72.5763E+00,72.2478E+00,72.3272E+00,77.0669E+00,77.1979E+00,77.0889E+00,0.0000E+00,0.0000E+00,0.0000E+00,72.7169E+00,73.1021E+00,72.9755E+00,105.906E+00,106.086E+00,105.729E+00,-104.370E+00,-105.106E+00,-104.311E+00,15.776E+00,15.829E+00,16.122E+00,+99999.9E+99,+99999.9E+99,+99999.9E+99,0.318E+00,13.4535E+00,12.9952E+00,13.1960E+00,13.2149E+00,12.2558E+00,11.7874E+00,11.8550E+00,11.9661E+00,13.4522E+00,12.9918E+00,13.1869E+00,-0.1902E+00,-0.2979E+00,0.4894E+00,5.9975E+00,5.3892E+00,5.2247E+00,27.6419E+00,27.2105E+00,28.8467E+00,-26.5357E+00,-27.0514E+00,-26.9076E+00,52.663E+00,57.496E+00,58.545E+00,+99999.9E+99,+99999.9E+99,+99999.9E+99,6.996E+00,0.43017E+03,0.40948E+03,0.42686E+03,1.26651E+03,0.21006E+03,0.18268E+03,0.19685E+03,0.58958E+03,0.60567E+03,0.58394E+03,0.59296E+03,1.78256E+03,0.23929E+03,0.21663E+03,0.21737E+03,0.67238E+03,-0.42637E+03,-0.41630E+03,-0.41157E+03,-1.25424E+03,-0.11460E+03,-0.11644E+03,-0.09220E+03,-0.32325E+03,-0.71024E+00,-0.70125E+00,-0.71988E+00,-0.71050E+00,-0.87785E+00,-0.84325E+00,-0.90559E+00,-0.87686E+00,0.000E+00,119.940E+00,-119.763E+00,58.794E+00,-177.604E+00,-64.784E+00,-44.745E+00,-45.473E+00,-43.956E+00,-44.724E+00,201.699E+00,201.349E+00,201.682E+00,90.828E+00,+99999.9E+99,+99999.9E+99,0.00012E+06,-0.00074E+06,0.00000E+00,14.512E+00,0.757E+03,0.00115E+06,43.705E+00,F0F08
2021/11/30,17:33:51,00000:00:16,700,38003D00,500,1C00,1C00,3800,99.927E+00,0.000E+00,0.000E+00,110.989E+00,0.000E+00,0.000E+00,0.507E+00,0.000E+00,0.000E+00,99.925E+00,0.000E+00,0.000E+00,0.000E+00,0.000E+00,0.000E+00,100.925E+00,0.000E+00,0.000E+00,98.814E+00,0.000E+00,0.000E+00,69.385E+00,404.948E+00,346.171E+00,1.056E+00,+99999.9E+99,+99999.9E+99,11.7741E+00,0.00000E+00,0.00000E+00,12.0492E+00,0.00000E+00,0.00000E+00,4.5770E+00,0.00000E+00,0.00000E+00,10.8480E+00,0.00000E+00,0.00000E+00,3.9698E+00,0.00000E+00,0.00000E+00,18.0481E+00,0.0000E+00,0.0000E+00,4.1519E+00,0.0000E+00,0.0000E+00,51.138E+00,+99999.9E+99,+99999.9E+99,64.049E+00,+99999.9E+99,+99999.9E+99,1.08191E+03,0.00000E+03,0.00000E+03,0.00000E+03,0.00000E+03,0.00000E+03,1.17654E+03,0.00000E+03,0.00000E+03,0.00000E+03,0.00000E+03,0.00000E+03,0.46231E+03,0.00000E+03,0.00000E+03,0.00000E+03,0.00000E+03,0.00000E+03,0.91957E+00,0.00000E+00,0.00000E+00,0.89132E+00,0.34377E+00,0.23295E+00,0.000E+00,124.517E+00,162.240E+00,153.039E+00,-125.376E+00,-94.289E+00,23.137E+00,90.000E+00,90.000E+00,12.6205E+00,0.00000E+00,0.00000E+00,100.868E+00,100.000E+00,100.000E+00,-0.00939E+03,0.00000E+03,0.00000E+03,+99999.9E+99,+99999.9E+99,+99999.9E+99,+99999.9E+99,+99999.9E+99,+99999.9E+99,+99999.9E+99,+99999.9E+99,+99999.9E+99,+99999.9E+99,+99999.9E+99,+99999.9E+99,1B00,0,0,0,1B00,76.7623E+00,77.0976E+00,76.8299E+00,76.8966E+00,72.0479E+00,72.6669E+00,72.1800E+00,72.2983E+00,76.7623E+00,77.0976E+00,76.8299E+00,0.0000E+00,0.0000E+00,0.0000E+00,70.0038E+00,70.2358E+00,70.1412E+00,105.453E+00,105.947E+00,105.524E+00,-104.293E+00,-104.639E+00,-104.383E+00,39.132E+00,38.890E+00,38.975E+00,+99999.9E+99,+99999.9E+99,+99999.9E+99,0.198E+00,11.9489E+00,11.7825E+00,12.0610E+00,11.9308E+00,10.4622E+00,10.3925E+00,10.5779E+00,10.4775E+00,11.9483E+00,11.7825E+00,12.0610E+00,-0.1216E+00,0.0000E+00,0.0000E+00,15.4148E+00,15.0013E+00,15.2151E+00,27.6562E+00,27.0962E+00,28.4081E+00,-26.3233E+00,-27.0938E+00,-26.3805E+00,39.448E+00,40.409E+00,39.446E+00,+99999.9E+99,+99999.9E+99,+99999.9E+99,1.665E+00,0.35828E+03,0.36034E+03,0.37268E+03,1.09130E+03,0.54380E+03,0.52803E+03,0.54513E+03,1.61696E+03,0.53389E+03,0.52796E+03,0.54109E+03,1.60294E+03,0.62199E+03,0.60503E+03,0.61535E+03,1.84223E+03,-0.39582E+03,-0.38587E+03,-0.39228E+03,-1.17397E+03,-0.30192E+03,-0.29537E+03,-0.28548E+03,-0.88276E+03,-0.67107E+00,-0.68251E+00,-0.68876E+00,-0.68081E+00,-0.87429E+00,-0.87274E+00,-0.88588E+00,-0.87772E+00,0.000E+00,119.973E+00,-119.847E+00,59.150E+00,179.152E+00,-62.274E+00,-47.850E+00,-46.960E+00,-46.468E+00,-47.093E+00,201.989E+00,202.354E+00,201.800E+00,90.142E+00,+99999.9E+99,+99999.9E+99,0.00011E+06,-0.00062E+06,0.00000E+00,12.409E+00,0.757E+03,0.00098E+06,43.782E+00,F0F08
2021/11/30,17:33:51,00000:00:16,750,38003F00,2800,3B00,3B00,3F00,99.872E+00,0.000E+00,0.000E+00,110.929E+00,0.000E+00,0.000E+00,0.507E+00,0.000E+00,0.000E+00,99.871E+00,0.000E+00,0.000E+00,0.000E+00,0.000E+00,0.000E+00,100.993E+00,0.000E+00,0.000E+00,98.793E+00,0.000E+00,0.000E+00,69.385E+00,404.948E+00,346.171E+00,1.101E+00,+99999.9E+99,+99999.9E+99,12.0321E+00,0.00000E+00,0.00000E+00,12.3192E+00,0.00000E+00,0.00000E+00,4.6644E+00,0.00000E+00,0.00000E+00,11.0912E+00,0.00000E+00,0.00000E+00,3.9698E+00,0.00000E+00,0.00000E+00,18.3586E+00,0.0000E+00,0.0000E+00,3.4957E+00,0.0000E+00,0.0000E+00,51.138E+00,+99999.9E+99,+99999.9E+99,67.003E+00,+99999.9E+99,+99999.9E+99,1.10556E+03,0.00000E+03,0.00000E+03,0.00000E+03,0.00000E+03,0.00000E+03,1.20167E+03,0.00000E+03,0.00000E+03,0.00000E+03,0.00000E+03,0.00000E+03,0.47091E+03,0.00000E+03,0.00000E+03,0.00000E+03,0.00000E+03,0.00000E+03,0.92002E+00,0.00000E+00,0.00000E+00,0.89132E+00,0.34377E+00,0.23295E+00,0.000E+00,124.517E+00,162.240E+00,153.039E+00,-125.376E+00,-94.289E+00,23.071E+00,90.000E+00,90.000E+00,0.00000E+00,0.00000E+00,0.00000E+00,77.763E+00,100.000E+00,100.000E+00,0.24585E+03,0.00000E+03,0.00000E+03,+99999.9E+99,+99999.9E+99,+99999.9E+99,+99999.9E+99,+99999.9E+99,+99999.9E+99,+99999.9E+99,+99999.9E+99,+99999.9E+99,+99999.9E+99,+99999.9E+99,+99999.9E+99,1B00,0,0,0,1B00,76.5713E+00,76.6335E+00,76.5768E+00,76.5938E+00,72.4698E+00,72.8021E+00,72.5456E+00,72.6059E+00,76.5713E+00,76.6335E+00,76.5768E+00,0.0000E+00,0.0000E+00,0.0000E+00,72.8791E+00,72.7201E+00,72.6459E+00,105.770E+00,106.036E+00,105.741E+00,-105.033E+00,-104.500E+00,-105.333E+00,18.409E+00,17.991E+00,18.049E+00,+99999.9E+99,+99999.9E+99,+99999.9E+99,0.189E+00,9.5892E+00,9.0696E+00,9.2032E+00,9.2873E+00,8.2967E+00,7.8644E+00,7.8981E+00,8.0197E+00,9.5883E+00,9.0657E+00,9.1946E+00,-0.1334E+00,-0.2653E+00,0.3997E+00,6.1321E+00,6.4285E+00,6.8356E+00,26.1505E+00,24.1367E+00,25.0805E+00,-26.5829E+00,-25.3390E+00,-22.4933E+00,56.898E+00,52.743E+00,49.943E+00,+99999.9E+99,+99999.9E+99,+99999.9E+99,4.837E+00,0.29471E+03,0.27507E+03,0.28993E+03,0.85971E+03,0.21966E+03,0.23625E+03,0.24069E+03,0.69660E+03,0.42680E+03,0.40254E+03,0.40836E+03,1.23771E+03,0.25520E+03,0.26231E+03,0.27611E+03,0.79312E+03,-0.30872E+03,-0.29389E+03,-0.28758E+03,-0.89019E+03,-0.12991E+03,-0.11398E+03,-0.13530E+03,-0.37920E+03,-0.69051E+00,-0.68334E+00,-0.70999E+00,-0.69460E+00,-0.86073E+00,-0.90066E+00,-0.87170E+00,-0.87830E+00,0.000E+00,120.134E+00,-120.044E+00,60.526E+00,175.859E+00,-60.596E+00,-46.330E+00,-46.895E+00,-44.766E+00,-46.004E+00,201.730E+00,201.405E+00,202.147E+00,94.704E+00,+99999.9E+99,+99999.9E+99,0.00005E+06,-0.00054E+06,0.00000E+00,10.277E+00,0.757E+03,0.00081E+06,43.749E+00,F0F08
2021/11/30,17:33:52,00000:00:16,800,38003F00,2D00,3F00,3F00,3F00,99.872E+00,0.000E+00,0.000E+00,110.929E+00,0.000E+00,0.000E+00,0.507E+00,0.000E+00,0.000E+00,99.871E+00,0.000E+00,0.000E+00,0.000E+00,0.000E+00,0.000E+00,100.993E+00,0.000E+00,0.000E+00,98.793E+00,0.000E+00,0.000E+00,36.608E+00,+99999.9E+99,423.485E+00,1.101E+00,+99999.9E+99,+99999.9E+99,12.0321E+00,0.00000E+00,0.00000E+00,12.3192E+00,0.00000E+00,0.00000E+00,4.6644E+00,0.00000E+00,0.00000E+00,11.0912E+00,0.00000E+00,0.00000E+00,4.1462E+00,0.00000E+00,0.00000E+00,18.3586E+00,0.0000E+00,0.0000E+00,3.4957E+00,0.0000E+00,0.0000E+00,44.763E+00,+99999.9E+99,+99999.9E+99,67.003E+00,+99999.9E+99,+99999.9E+99,1.10556E+03,0.00000E+03,0.00000E+03,0.00000E+03,0.00000E+03,0.00000E+03,1.20167E+03,0.00000E+03,0.00000E+03,0.00000E+03,0.00000E+03,0.00000E+03,0.47091E+03,0.00000E+03,0.00000E+03,0.00000E+03,0.00000E+03,0.00000E+03,0.92002E+00,0.00000E+00,0.00000E+00,0.93018E+00,0.55222E+00,0.36899E+00,0.000E+00,94.330E+00,168.328E+00,158.463E+00,150.811E+00,56.675E+00,23.071E+00,90.000E+00,90.000E+00,0.00000E+00,0.00000E+00,0.00000E+00,120.264E+00,100.000E+00,100.000E+00,-0.22404E+03,0.00000E+03,0.00000E+03,+99999.9E+99,+99999.9E+99,+99999.9E+99,+99999.9E+99,+99999.9E+99,+99999.9E+99,+99999.9E+99,+99999.9E+99,+99999.9E+99,+99999.9E+99,+99999.9E+99,+99999.9E+99,1B00,0,0,0,1B00,77.0241E+00,77.4644E+00,77.3303E+00,77.2729E+00,71.6874E+00,72.5153E+00,72.2701E+00,72.1576E+00,77.0241E+00,77.4644E+00,77.3303E+00,0.0000E+00,0.0000E+00,0.0000E+00,72.3130E+00,72.8035E+00,72.6662E+00,105.661E+00,106.159E+00,105.654E+00,-105.170E+00,-104.761E+00,-104.280E+00,20.229E+00,20.144E+00,20.481E+00,+99999.9E+99,+99999.9E+99,+99999.9E+99,0.408E+00,13.7981E+00,13.4902E+00,13.6108E+00,13.6330E+00,12.8780E+00,12.6998E+00,12.6439E+00,12.7406E+00,13.7972E+00,13.4882E+00,13.6051E+00,-0.1616E+00,-0.2319E+00,0.3946E+00,8.0875E+00,7.4392E+00,7.3047E+00,27.6167E+00,27.1538E+00,28.6829E+00,-26.1438E+00,-26.8533E+00,-26.7586E+00,46.708E+00,49.416E+00,50.795E+00,+99999.9E+99,+99999.9E+99,+99999.9E+99,7.441E+00,0.44742E+03,0.43602E+03,0.44616E+03,1.32960E+03,0.29582E+03,0.25571E+03,0.27667E+03,0.82820E+03,0.62143E+03,0.60796E+03,0.61544E+03,1.84482E+03,0.32972E+03,0.29585E+03,0.29896E+03,0.92310E+03,-0.43127E+03,-0.42368E+03,-0.42391E+03,-1.27886E+03,-0.14561E+03,-0.14880E+03,-0.11327E+03,-0.40768E+03,-0.71998E+00,-0.71718E+00,-0.72495E+00,-0.72072E+00,-0.89720E+00,-0.86431E+00,-0.92545E+00,-0.89719E+00,0.000E+00,119.892E+00,-119.715E+00,56.433E+00,-179.971E+00,-67.617E+00,-43.947E+00,-44.178E+00,-43.535E+00,-43.886E+00,201.776E+00,202.252E+00,201.121E+00,90.353E+00,+99999.9E+99,+99999.9E+99,0.00013E+06,-0.00077E+06,0.00000E+00,15.146E+00,0.757E+03,0.00120E+06,43.695E+00,F0F08
2021/11/30,17:33:52,00000:00:16,850,38003F00,2800,3B00,3B00,3F00,100.047E+00,0.000E+00,0.000E+00,111.123E+00,0.000E+00,0.000E+00,0.493E+00,0.000E+00,0.000E+00,100.046E+00,0.000E+00,0.000E+00,0.000E+00,0.000E+00,0.000E+00,100.936E+00,0.000E+00,0.000E+00,98.829E+00,0.000E+00,0.000E+00,36.608E+00,+99999.9E+99,423.485E+00,1.053E+00,+99999.9E+99,+99999.9E+99,11.1156E+00,0.00000E+00,0.00000E+00,11.3609E+00,0.00000E+00,0.00000E+00,4.3515E+00,0.00000E+00,0.00000E+00,10.2284E+00,0.00000E+00,0.00000E+00,4.1462E+00,0.00000E+00,0.00000E+00,18.2217E+00,0.0000E+00,0.0000E+00,4.1695E+00,0.0000E+00,0.0000E+00,44.763E+00,+99999.9E+99,+99999.9E+99,68.692E+00,+99999.9E+99,+99999.9E+99,1.02140E+03,0.00000E+03,0.00000E+03,0.00000E+03,0.00000E+03,0.00000E+03,1.11208E+03,0.00000E+03,0.00000E+03,0.00000E+03,0.00000E+03,0.00000E+03,0.43984E+03,0.00000E+03,0.00000E+03,0.00000E+03,0.00000E+03,0.00000E+03,0.91846E+00,0.00000E+00,0.00000E+00,0.93018E+00,0.55222E+00,0.36899E+00,0.000E+00,94.330E+00,168.328E+00,158.463E+00,150.811E+00,56.675E+00,23.298E+00,90.000E+00,90.000E+00,9.33780E+00,0.00000E+00,0.00000E+00,86.255E+00,100.000E+00,100.000E+00,0.14039E+03,0.00000E+03,0.00000E+03,+99999.9E+99,+99999.9E+99,+99999.9E+99,+99999.9E+99,+99999.9E+99,+99999.9E+99,+99999.9E+99,+99999.9E+99,+99999.9E+99,+99999.9E+99,+99999.9E+99,+99999.9E+99,1B00,0,0,0,1B00,76.6974E+00,76.6593E+00,76.3737E+00,76.5768E+00,72.5780E+00,72.6900E+00,72.0294E+00,72.4325E+00,76.6974E+00,76.6593E+00,76.3737E+00,0.0000E+00,0.0000E+00,0.0000E+00,70.2741E+00,70.3148E+00,70.2140E+00,105.684E+00,105.981E+00,105.771E+00,-104.147E+00,-104.886E+00,-104.277E+00,38.327E+00,37.967E+00,38.140E+00,+99999.9E+99,+99999.9E+99,+99999.9E+99,0.079E+00,9.7842E+00,9.3670E+00,9.9809E+00,9.7107E+00,8.4760E+00,8.1278E+00,8.5366E+00,8.3801E+00,9.7842E+00,9.3670E+00,9.9809E+00,0.0000E+00,0.0000E+00,0.0000E+00,14.7276E+00,14.6168E+00,14.9451E+00,26.4110E+00,24.9248E+00,27.2595E+00,-25.7329E+00,-23.3957E+00,-26.6052E+00,40.870E+00,40.871E+00,39.513E+00,+99999.9E+99,+99999.9E+99,+99999.9E+99,1.387E+00,0.28806E+03,0.28656E+03,0.30639E+03,0.88101E+03,0.51616E+03,0.51799E+03,0.52969E+03,1.56384E+03,0.43517E+03,0.41690E+03,0.44287E+03,1.29493E+03,0.59565E+03,0.59039E+03,0.60427E+03,1.79022E+03,-0.32618E+03,-0.30280E+03,-0.31977E+03,-0.94875E+03,-0.29728E+03,-0.28329E+03,-0.29080E+03,-0.87138E+03,-0.66195E+00,-0.68736E+00,-0.69184E+00,-0.68035E+00,-0.86655E+00,-0.87736E+00,-0.87659E+00,-0.87354E+00,0.000E+00,120.063E+00,-119.942E+00,59.958E+00,178.697E+00,-61.152E+00,-48.551E+00,-46.578E+00,-46.224E+00,-47.129E+00,201.874E+00,201.615E+00,202.494E+00,92.008E+00,+99999.9E+99,+99999.9E+99,0.00007E+06,-0.00052E+06,0.00000E+00,10.234E+00,0.756E+03,0.00081E+06,43.797E+00,F0F08
2021/11/30,17:33:52,00000:00:16,900,38003F00,0,1B00,1B00,3F00,99.919E+00,0.000E+00,0.000E+00,110.980E+00,0.000E+00,0.000E+00,0.509E+00,0.000E+00,0.000E+00,99.917E+00,0.000E+00,0.000E+00,0.000E+00,0.000E+00,0.000E+00,100.921E+00,0.000E+00,0.000E+00,98.804E+00,0.000E+00,0.000E+00,112.114E+00,+99999.9E+99,+99999.9E+99,1.060E+00,+99999.9E+99,+99999.9E+99,11.8616E+00,0.00000E+00,0.00000E+00,12.1522E+00,0.00000E+00,0.00000E+00,4.5820E+00,0.00000E+00,0.00000E+00,10.9409E+00,0.00000E+00,0.00000E+00,2.9183E+00,0.00000E+00,0.00000E+00,18.2445E+00,0.0000E+00,0.0000E+00,3.9960E+00,0.0000E+00,0.0000E+00,112.478E+00,+99999.9E+99,+99999.9E+99,65.116E+00,+99999.9E+99,+99999.9E+99,1.09109E+03,0.00000E+03,0.00000E+03,0.00000E+03,0.00000E+03,0.00000E+03,1.18519E+03,0.00000E+03,0.00000E+03,0.00000E+03,0.00000E+03,0.00000E+03,0.46283E+03,0.00000E+03,0.00000E+03,0.00000E+03,0.00000E+03,0.00000E+03,0.92060E+00,0.00000E+00,0.00000E+00,0.81797E+00,0.38001E+00,0.66066E+00,0.000E+00,-79.130E+00,111.621E+00,144.882E+00,-146.796E+00,160.271E+00,22.986E+00,90.000E+00,90.000E+00,12.6056E+00,0.00000E+00,0.00000E+00,96.649E+00,100.000E+00,100.000E+00,0.03656E+03,0.00000E+03,0.00000E+03,+99999.9E+99,+99999.9E+99,+99999.9E+99,+99999.9E+99,+99999.9E+99,+99999.9E+99,+99999.9E+99,+99999.9E+99,+99999.9E+99,+99999.9E+99,+99999.9E+99,+99999.9E+99,1B00,0,0,0,1B00,76.5304E+00,77.0028E+00,77.0210E+00,76.8514E+00,71.8742E+00,72.7855E+00,72.7933E+00,72.4843E+00,76.5304E+00,77.0028E+00,77.0210E+00,0.0000E+00,0.0000E+00,0.0000E+00,73.0508E+00,73.0307E+00,72.9276E+00,105.880E+00,106.070E+00,105.624E+00,-104.840E+00,-105.209E+00,-104.237E+00,15.464E+00,15.357E+00,15.370E+00,+99999.9E+99,+99999.9E+99,+99999.9E+99,0.108E+00,11.7226E+00,11.4850E+00,11.2743E+00,11.4940E+00,10.1172E+00,9.9777E+00,9.6766E+00,9.9238E+00,11.7214E+00,11.4787E+00,11.2609E+00,-0.1676E+00,-0.3800E+00,0.5488E+00,5.2664E+00,5.1910E+00,5.5901E+00,27.6405E+00,27.3571E+00,28.5662E+00,-26.6567E+00,-26.9719E+00,-26.0533E+00,58.043E+00,57.231E+00,53.104E+00,+99999.9E+99,+99999.9E+99,+99999.9E+99,3.502E+00,0.36288E+03,0.34366E+03,0.34799E+03,1.05453E+03,0.18764E+03,0.19412E+03,0.20109E+03,0.58285E+03,0.52343E+03,0.51202E+03,0.50515E+03,1.54060E+03,0.21676E+03,0.21680E+03,0.22802E+03,0.66136E+03,-0.37722E+03,-0.37956E+03,-0.36617E+03,-1.12295E+03,-0.10852E+03,-0.09653E+03,-0.10751E+03,-0.31255E+03,-0.69327E+00,-0.67118E+00,-0.68889E+00,-0.68449E+00,-0.86566E+00,-0.89541E+00,-0.88188E+00,-0.88128E+00,0.000E+00,120.099E+00,-119.968E+00,60.030E+00,176.494E+00,-61.782E+00,-46.110E+00,-47.842E+00,-46.458E+00,-46.804E+00,201.997E+00,201.941E+00,201.344E+00,92.757E+00,+99999.9E+99,+99999.9E+99,0.00008E+06,-0.00063E+06,0.00000E+00,12.349E+00,0.756E+03,0.00098E+06,43.831E+00,F0F0F
2021/11/30,17:33:52,00000:00:16,950,38003F00,700,1C00,1C00,3800,99.919E+00,0.000E+00,0.000E+00,110.980E+00,0.000E+00,0.000E+00,0.509E+00,0.000E+00,0.000E+00,99.917E+00,0.000E+00,0.000E+00,0.000E+00,0.000E+00,0.000E+00,100.921E+00,0.000E+00,0.000E+00,98.804E+00,0.000E+00,0.000E+00,19.886E+00,+99999.9E+99,343.638E+00,1.060E+00,+99999.9E+99,+99999.9E+99,11.8616E+00,0.00000E+00,0.00000E+00,12.1522E+00,0.00000E+00,0.00000E+00,4.5820E+00,0.00000E+00,0.00000E+00,10.9409E+00,0.00000E+00,0.00000E+00,4.6490E+00,0.00000E+00,0.00000E+00,18.2445E+00,0.0000E+00,0.0000E+00,3.9960E+00,0.0000E+00,0.0000E+00,11.567E+00,+99999.9E+99,+99999.9E+99,65.116E+00,+99999.9E+99,+99999.9E+99,1.09109E+03,0.00000E+03,0.00000E+03,0.00000E+03,0.00000E+03,0.00000E+03,1.18519E+03,0.00000E+03,0.00000E+03,0.00000E+03,0.00000E+03,0.00000E+03,0.46283E+03,0.00000E+03,0.00000E+03,0.00000E+03,0.00000E+03,0.00000E+03,0.92060E+00,0.00000E+00,0.00000E+00,0.91684E+00,0.65015E+00,0.36009E+00,0.000E+00,-71.110E+00,172.264E+00,156.469E+00,158.337E+00,-118.842E+00,22.986E+00,90.000E+00,90.000E+00,12.6056E+00,0.00000E+00,0.00000E+00,118.473E+00,100.000E+00,100.000E+00,-0.20155E+03,0.00000E+03,0.00000E+03,+99999.9E+99,+99999.9E+99,+99999.9E+99,+99999.9E+99,+99999.9E+99,+99999.9E+99,+99999.9E+99,+99999.9E+99,+99999.9E+99,+99999.9E+99,+99999.9E+99,+99999.9E+99,1B00,0,0,0,1B00,77.2249E+00,77.2202E+00,77.0090E+00,77.1514E+00,72.2387E+00,72.4124E+00,71.8848E+00,72.1786E+00,77.2249E+00,77.2201E+00,77.0090E+00,0.0000E+00,0.0000E+00,0.0000E+00,71.0240E+00,71.7049E+00,71.4993E+00,105.466E+00,105.814E+00,105.617E+00,-104.486E+00,-105.479E+00,-104.423E+00,30.243E+00,30.431E+00,30.416E+00,+99999.9E+99,+99999.9E+99,+99999.9E+99,0.558E+00,13.5834E+00,13.1613E+00,13.5418E+00,13.4288E+00,12.5069E+00,12.0895E+00,12.4475E+00,12.3479E+00,13.5825E+00,13.1613E+00,13.5403E+00,-0.1590E+00,0.0000E+00,0.2033E+00,12.4350E+00,11.2900E+00,11.4464E+00,27.7181E+00,27.0990E+00,28.5295E+00,-26.5719E+00,-27.1800E+00,-26.5386E+00,40.919E+00,44.263E+00,44.185E+00,+99999.9E+99,+99999.9E+99,+99999.9E+99,6.041E+00,0.42856E+03,0.42066E+03,0.44342E+03,1.29264E+03,0.44629E+03,0.39589E+03,0.42369E+03,1.26587E+03,0.61219E+03,0.59299E+03,0.60893E+03,1.81411E+03,0.50079E+03,0.45946E+03,0.46350E+03,1.42223E+03,-0.43717E+03,-0.41796E+03,-0.41733E+03,-1.27246E+03,-0.22720E+03,-0.23318E+03,-0.18794E+03,-0.64832E+03,-0.70004E+00,-0.70938E+00,-0.72820E+00,-0.71255E+00,-0.89117E+00,-0.86164E+00,-0.91411E+00,-0.89006E+00,0.000E+00,119.881E+00,-119.592E+00,57.292E+00,-179.718E+00,-65.887E+00,-45.569E+00,-44.815E+00,-43.264E+00,-44.557E+00,201.403E+00,201.585E+00,201.934E+00,89.661E+00,+99999.9E+99,+99999.9E+99,0.00013E+06,-0.00074E+06,0.00000E+00,14.609E+00,0.758E+03,0.00116E+06,43.578E+00,F0F08
2021/11/30,17:33:52,00000:00:17,0,38003F00,500,1F00,1F00,3F00,99.919E+00,0.000E+00,0.000E+00,110.980E+00,0.000E+00,0.000E+00,0.509E+00,0.000E+00,0.000E+00,99.917E+00,0.000E+00,0.000E+00,0.000E+00,0.000E+00,0.000E+00,100.921E+00,0.000E+00,0.000E+00,98.804E+00,0.000E+00,0.000E+00,19.886E+00,+99999.9E+99,343.638E+00,1.060E+00,+99999.9E+99,+99999.9E+99,11.8616E+00,0.00000E+00,0.00000E+00,12.1522E+00,0.00000E+00,0.00000E+00,4.5820E+00,0.00000E+00,0.00000E+00,10.9409E+00,0.00000E+00,0.00000E+00,4.6490E+00,0.00000E+00,0.00000E+00,18.2445E+00,0.0000E+00,0.0000E+00,3.9960E+00,0.0000E+00,0.0000E+00,11.567E+00,+99999.9E+99,+99999.9E+99,65.116E+00,+99999.9E+99,+99999.9E+99,1.09109E+03,0.00000E+03,0.00000E+03,0.00000E+03,0.00000E+03,0.00000E+03,1.18519E+03,0.00000E+03,0.00000E+03,0.00000E+03,0.00000E+03,0.00000E+03,0.46283E+03,0.00000E+03,0.00000E+03,0.00000E+03,0.00000E+03,0.00000E+03,0.92060E+00,0.00000E+00,0.00000E+00,0.91684E+00,0.65015E+00,0.36009E+00,0.000E+00,-71.110E+00,172.264E+00,156.469E+00,158.337E+00,-118.842E+00,22.986E+00,90.000E+00,90.000E+00,12.6056E+00,0.00000E+00,0.00000E+00,68.907E+00,100.000E+00,100.000E+00,0.33925E+03,0.00000E+03,0.00000E+03,+99999.9E+99,+99999.9E+99,+99999.9E+99,+99999.9E+99,+99999.9E+99,+99999.9E+99,+99999.9E+99,+99999.9E+99,+99999.9E+99,+99999.9E+99,+99999.9E+99,+99999.9E+99,1B00,0,0,0,1B00,76.2729E+00,76.6629E+00,76.5282E+00,76.4880E+00,72.1078E+00,72.8449E+00,72.5960E+00,72.5162E+00,76.2729E+00,76.6629E+00,76.5281E+00,0.0000E+00,0.0000E+00,0.0000E+00,71.3215E+00,71.2153E+00,71.0541E+00,105.816E+00,106.160E+00,105.729E+00,-104.386E+00,-104.757E+00,-106.141E+00,31.858E+00,31.104E+00,31.743E+00,+99999.9E+99,+99999.9E+99,+99999.9E+99,0.228E+00,8.0917E+00,8.0458E+00,7.9920E+00,8.0431E+00,7.1967E+00,7.1576E+00,7.0908E+00,7.1483E+00,8.0917E+00,8.0447E+00,7.9887E+00,0.0000E+00,-0.1317E+00,0.2277E+00,11.7077E+00,11.7292E+00,12.3308E+00,22.2662E+00,20.6962E+00,20.3019E+00,-18.6243E+00,-19.1724E+00,-19.8943E+00,45.228E+00,44.046E+00,41.997E+00,+99999.9E+99,+99999.9E+99,+99999.9E+99,3.444E+00,0.25226E+03,0.24663E+03,0.25296E+03,0.75184E+03,0.40324E+03,0.42494E+03,0.43121E+03,1.25939E+03,0.35792E+03,0.35627E+03,0.35487E+03,1.06906E+03,0.46998E+03,0.47851E+03,0.49676E+03,1.44477E+03,-0.25392E+03,-0.25710E+03,-0.24890E+03,-0.75991E+03,-0.24140E+03,-0.22000E+03,-0.24663E+03,-0.70803E+03,-0.70478E+00,-0.69226E+00,-0.71280E+00,-0.70327E+00,-0.85800E+00,-0.88804E+00,-0.86805E+00,-0.87169E+00,0.000E+00,120.201E+00,-119.980E+00,60.853E+00,177.499E+00,-60.084E+00,-45.188E+00,-46.190E+00,-44.536E+00,-45.310E+00,202.322E+00,201.994E+00,201.982E+00,95.044E+00,+99999.9E+99,+99999.9E+99,0.00004E+06,-0.00047E+06,0.00000E+00,9.025E+00,0.756E+03,0.00071E+06,43.942E+00,F0F08
2021/11/30,17:33:52,00000:00:17,50,38003F00,700,1F00,1F00,3F00,99.919E+00,0.000E+00,0.000E+00,110.980E+00,0.000E+00,0.000E+00,0.509E+00,0.000E+00,0.000E+00,99.917E+00,0.000E+00,0.000E+00,0.000E+00,0.000E+00,0.000E+00,100.921E+00,0.000E+00,0.000E+00,98.804E+00,0.000E+00,0.000E+00,68.370E+00,495.728E+00,353.424E+00,1.060E+00,+99999.9E+99,+99999.9E+99,11.8616E+00,0.00000E+00,0.00000E+00,12.1522E+00,0.00000E+00,0.00000E+00,4.5820E+00,0.00000E+00,0.00000E+00,10.9409E+00,0.00000E+00,0.00000E+00,4.0385E+00,0.00000E+00,0.00000E+00,18.2445E+00,0.0000E+00,0.0000E+00,3.9960E+00,0.0000E+00,0.0000E+00,50.177E+00,+99999.9E+99,+99999.9E+99,65.116E+00,+99999.9E+99,+99999.9E+99,1.09109E+03,0.00000E+03,0.00000E+03,0.00000E+03,0.00000E+03,0.00000E+03,1.18519E+03,0.00000E+03,0.00000E+03,0.00000E+03,0.00000E+03,0.00000E+03,0.46283E+03,0.00000E+03,0.00000E+03,0.00000E+03,0.00000E+03,0.00000E+03,0.92060E+00,0.00000E+00,0.00000E+00,0.89315E+00,0.95268E+00,0.98739E+00,0.000E+00,112.176E+00,176.029E+00,153.272E+00,94.480E+00,-13.080E+00,22.986E+00,90.000E+00,90.000E+00,12.6056E+00,0.00000E+00,0.00000E+00,115.465E+00,100.000E+00,100.000E+00,-0.16873E+03,0.00000E+03,0.00000E+03,+99999.9E+99,+99999.9E+99,+99999.9E+99,+99999.9E+99,+99999.9E+99,+99999.9E+99,+99999.9E+99,+99999.9E+99,+99999.9E+99,+99999.9E+99,+99999.9E+99,+99999.9E+99,1B00,0,0,0,1B00,77.0831E+00,77.1908E+00,77.0976E+00,77.1239E+00,72.1635E+00,72.5591E+00,72.2520E+00,72.3249E+00,77.0831E+00,77.1908E+00,77.0976E+00,0.0000E+00,0.0000E+00,0.0000E+00,73.0306E+00,73.2785E+00,73.1408E+00,105.703E+00,106.014E+00,105.683E+00,-104.726E+00,-105.076E+00,-104.463E+00,13.795E+00,13.766E+00,14.011E+00,+99999.9E+99,+99999.9E+99,+99999.9E+99,0.198E+00,13.4111E+00,12.9472E+00,13.1432E+00,13.1672E+00,12.2153E+00,11.7416E+00,11.8079E+00,11.9216E+00,13.4098E+00,12.9436E+00,13.1341E+00,-0.1819E+00,-0.3067E+00,0.4897E+00,4.9689E+00,4.5247E+00,4.6430E+00,27.5771E+00,27.1843E+00,28.7138E+00,-26.5190E+00,-27.0990E+00,-26.7876E+00,57.185E+00,61.088E+00,59.005E+00,+99999.9E+99,+99999.9E+99,+99999.9E+99,4.657E+00,0.42815E+03,0.40708E+03,0.42459E+03,1.25982E+03,0.17765E+03,0.16268E+03,0.17487E+03,0.51520E+03,0.60395E+03,0.58180E+03,0.59049E+03,1.77624E+03,0.20364E+03,0.18861E+03,0.19419E+03,0.58610E+03,-0.42596E+03,-0.41566E+03,-0.41037E+03,-1.25198E+03,-0.09956E+03,-0.09543E+03,-0.08444E+03,-0.27943E+03,-0.70892E+00,-0.69970E+00,-0.71905E+00,-0.70927E+00,-0.87234E+00,-0.86254E+00,-0.90051E+00,-0.87903E+00,0.000E+00,120.015E+00,-119.823E+00,59.380E+00,-179.653E+00,-64.097E+00,-44.853E+00,-45.597E+00,-44.024E+00,-44.825E+00,201.243E+00,201.963E+00,201.684E+00,90.909E+00,+99999.9E+99,+99999.9E+99,0.00011E+06,-0.00074E+06,0.00000E+00,14.445E+00,0.757E+03,0.00115E+06,43.565E+00,F0F08
2021/11/30,17:33:52,00000:00:17,100,38003F00,2800,3B00,3B00,3F00,99.873E+00,0.000E+00,0.000E+00,110.930E+00,0.000E+00,0.000E+00,0.514E+00,0.000E+00,0.000E+00,99.872E+00,0.000E+00,0.000E+00,0.000E+00,0.000E+00,0.000E+00,101.000E+00,0.000E+00,0.000E+00,98.814E+00,0.000E+00,0.000E+00,68.370E+00,495.728E+00,353.424E+00,1.094E+00,+99999.9E+99,+99999.9E+99,12.0483E+00,0.00000E+00,0.00000E+00,12.3059E+00,0.00000E+00,0.00000E+00,4.7342E+00,0.00000E+00,0.00000E+00,11.0792E+00,0.00000E+00,0.00000E+00,4.0385E+00,0.00000E+00,0.00000E+00,18.2812E+00,0.0000E+00,0.0000E+00,3.7095E+00,0.0000E+00,0.0000E+00,50.177E+00,+99999.9E+99,+99999.9E+99,65.761E+00,+99999.9E+99,+99999.9E+99,1.10431E+03,0.00000E+03,0.00000E+03,0.00000E+03,0.00000E+03,0.00000E+03,1.20330E+03,0.00000E+03,0.00000E+03,0.00000E+03,0.00000E+03,0.00000E+03,0.47796E+03,0.00000E+03,0.00000E+03,0.00000E+03,0.00000E+03,0.00000E+03,0.91773E+00,0.00000E+00,0.00000E+00,0.89315E+00,0.95268E+00,0.98739E+00,0.000E+00,112.176E+00,176.029E+00,153.272E+00,94.480E+00,-13.080E+00,23.404E+00,90.000E+00,90.000E+00,0.00000E+00,0.00000E+00,0.00000E+00,96.637E+00,100.000E+00,100.000E+00,0.03714E+03,0.00000E+03,0.00000E+03,+99999.9E+99,+99999.9E+99,+99999.9E+99,+99999.9E+99,+99999.9E+99,+99999.9E+99,+99999.9E+99,+99999.9E+99,+99999.9E+99,+99999.9E+99,+99999.9E+99,+99999.9E+99,1B00,0,0,0,1B00,76.7417E+00,77.0694E+00,76.8352E+00,76.8821E+00,71.9548E+00,72.5760E+00,72.1291E+00,72.2200E+00,76.7417E+00,77.0694E+00,76.8352E+00,0.0000E+00,0.0000E+00,0.0000E+00,70.1386E+00,70.5172E+00,70.4575E+00,105.419E+00,106.129E+00,105.490E+00,-104.514E+00,-104.331E+00,-104.484E+00,37.584E+00,37.567E+00,37.525E+00,+99999.9E+99,+99999.9E+99,+99999.9E+99,0.339E+00,11.8796E+00,11.6985E+00,11.9811E+00,11.8531E+00,10.3206E+00,10.2255E+00,10.4246E+00,10.3235E+00,11.8789E+00,11.6985E+00,11.9811E+00,-0.1290E+00,0.0000E+00,0.0000E+00,15.0607E+00,14.4539E+00,14.4791E+00,27.7105E+00,27.1271E+00,28.5595E+00,-26.3300E+00,-27.1005E+00,-26.4314E+00,39.335E+00,40.792E+00,40.581E+00,+99999.9E+99,+99999.9E+99,+99999.9E+99,2.899E+00,0.35006E+03,0.35185E+03,0.36525E+03,1.06716E+03,0.53613E+03,0.50521E+03,0.52555E+03,1.56689E+03,0.53058E+03,0.52364E+03,0.53714E+03,1.59136E+03,0.60902E+03,0.58242E+03,0.58844E+03,1.77946E+03,-0.39871E+03,-0.38782E+03,-0.39384E+03,-1.18036E+03,-0.28892E+03,-0.28978E+03,-0.26470E+03,-0.84340E+03,-0.65978E+00,-0.67192E+00,-0.68000E+00,-0.67060E+00,-0.88031E+00,-0.86744E+00,-0.89312E+00,-0.88054E+00,0.000E+00,119.877E+00,-119.791E+00,58.500E+00,179.686E+00,-63.210E+00,-48.717E+00,-47.784E+00,-47.156E+00,-47.887E+00,202.179E+00,201.460E+00,201.826E+00,90.470E+00,+99999.9E+99,+99999.9E+99,0.00010E+06,-0.00061E+06,0.00000E+00,12.179E+00,0.757E+03,0.00097E+06,43.836E+00,F0F08
2021/11/30,17:33:52,00000:00:17,150,38003D00,2D00,3C00,3C00,3800,99.873E+00,0.000E+00,0.000E+00,110.930E+00,0.000E+00,0.000E+00,0.514E+00,0.000E+00,0.000E+00,99.872E+00,0.000E+00,0.000E+00,0.000E+00,0.000E+00,0.000E+00,101.000E+00,0.000E+00,0.000E+00,98.814E+00,0.000E+00,0.000E+00,36.630E+00,+99999.9E+99,+99999.9E+99,1.094E+00,+99999.9E+99,+99999.9E+99,12.0483E+00,0.00000E+00,0.00000E+00,12.3059E+00,0.00000E+00,0.00000E+00,4.7342E+00,0.00000E+00,0.00000E+00,11.0792E+00,0.00000E+00,0.00000E+00,4.2814E+00,0.00000E+00,0.00000E+00,18.2812E+00,0.0000E+00,0.0000E+00,3.7095E+00,0.0000E+00,0.0000E+00,44.695E+00,+99999.9E+99,+99999.9E+99,65.761E+00,+99999.9E+99,+99999.9E+99,1.10431E+03,0.00000E+03,0.00000E+03,0.00000E+03,0.00000E+03,0.00000E+03,1.20330E+03,0.00000E+03,0.00000E+03,0.00000E+03,0.00000E+03,0.00000E+03,0.47796E+03,0.00000E+03,0.00000E+03,0.00000E+03,0.00000E+03,0.00000E+03,0.91773E+00,0.00000E+00,0.00000E+00,0.92947E+00,0.60417E+00,0.98589E+00,0.000E+00,81.767E+00,164.115E+00,158.352E+00,134.598E+00,173.750E+00,23.404E+00,90.000E+00,90.000E+00,0.00000E+00,0.00000E+00,0.00000E+00,78.054E+00,100.000E+00,100.000E+00,0.24235E+03,0.00000E+03,0.00000E+03,+99999.9E+99,+99999.9E+99,+99999.9E+99,+99999.9E+99,+99999.9E+99,+99999.9E+99,+99999.9E+99,+99999.9E+99,+99999.9E+99,+99999.9E+99,+99999.9E+99,+99999.9E+99,1B00,0,0,0,1B00,76.5758E+00,76.6156E+00,76.5697E+00,76.5870E+00,72.4754E+00,72.7816E+00,72.5397E+00,72.5989E+00,76.5758E+00,76.6156E+00,76.5697E+00,0.0000E+00,0.0000E+00,0.0000E+00,72.4797E+00,72.2655E+00,72.2426E+00,105.867E+00,106.054E+00,105.783E+00,-104.370E+00,-104.457E+00,-105.014E+00,22.023E+00,20.977E+00,21.697E+00,+99999.9E+99,+99999.9E+99,+99999.9E+99,0.207E+00,9.6054E+00,9.0883E+00,9.2176E+00,9.3037E+00,8.3142E+00,7.8796E+00,7.9103E+00,8.0347E+00,9.6042E+00,9.0845E+00,9.2083E+00,-0.1482E+00,-0.2631E+00,0.4125E+00,7.4159E+00,7.8549E+00,8.0423E+00,26.2300E+00,24.1509E+00,25.1362E+00,-26.6057E+00,-25.3395E+00,-22.4671E+00,54.355E+00,49.747E+00,48.678E+00,+99999.9E+99,+99999.9E+99,+99999.9E+99,5.012E+00,0.29557E+03,0.27583E+03,0.29056E+03,0.86196E+03,0.25626E+03,0.27839E+03,0.28098E+03,0.81563E+03,0.42753E+03,0.40331E+03,0.40886E+03,1.23971E+03,0.30184E+03,0.31245E+03,0.32778E+03,0.94143E+03,-0.30890E+03,-0.29424E+03,-0.28765E+03,-0.89080E+03,-0.15949E+03,-0.14186E+03,-0.16879E+03,-0.47014E+03,-0.69134E+00,-0.68391E+00,-0.71065E+00,-0.69529E+00,-0.84900E+00,-0.89099E+00,-0.85722E+00,-0.86638E+00,0.000E+00,120.114E+00,-120.088E+00,61.800E+00,177.107E+00,-58.987E+00,-46.264E+00,-46.850E+00,-44.712E+00,-45.950E+00,201.686E+00,201.987E+00,202.075E+00,94.801E+00,+99999.9E+99,+99999.9E+99,0.00004E+06,-0.00054E+06,0.00000E+00,10.320E+00,0.756E+03,0.00082E+06,43.766E+00,F0F08
2021/11/30,17:33:52,00000:00:17,200,38003F00,2800,3B00,3B00,3F00,99.988E+00,0.000E+00,0.000E+00,111.058E+00,0.000E+00,0.000E+00,0.509E+00,0.000E+00,0.000E+00,99.987E+00,0.000E+00,0.000E+00,0.000E+00,0.000E+00,0.000E+00,100.936E+00,0.000E+00,0.000E+00,98.843E+00,0.000E+00,0.000E+00,36.630E+00,+99999.9E+99,+99999.9E+99,1.047E+00,+99999.9E+99,+99999.9E+99,10.9078E+00,0.00000E+00,0.00000E+00,11.1547E+00,0.00000E+00,0.00000E+00,4.2573E+00,0.00000E+00,0.00000E+00,10.0427E+00,0.00000E+00,0.00000E+00,4.2814E+00,0.00000E+00,0.00000E+00,18.2945E+00,0.0000E+00,0.0000E+00,4.2495E+00,0.0000E+00,0.0000E+00,44.695E+00,+99999.9E+99,+99999.9E+99,69.926E+00,+99999.9E+99,+99999.9E+99,1.00222E+03,0.00000E+03,0.00000E+03,0.00000E+03,0.00000E+03,0.00000E+03,1.09066E+03,0.00000E+03,0.00000E+03,0.00000E+03,0.00000E+03,0.00000E+03,0.43023E+03,0.00000E+03,0.00000E+03,0.00000E+03,0.00000E+03,0.00000E+03,0.91891E+00,0.00000E+00,0.00000E+00,0.92947E+00,0.60417E+00,0.98589E+00,0.000E+00,81.767E+00,164.115E+00,158.352E+00,134.598E+00,173.750E+00,23.233E+00,90.000E+00,90.000E+00,14.5658E+00,0.00000E+00,0.00000E+00,135.923E+00,100.000E+00,100.000E+00,-0.36003E+03,0.00000E+03,0.00000E+03,+99999.9E+99,+99999.9E+99,+99999.9E+99,+99999.9E+99,+99999.9E+99,+99999.9E+99,+99999.9E+99,+99999.9E+99,+99999.9E+99,+99999.9E+99,+99999.9E+99,+99999.9E+99,1B00,0,0,0,1B00,77.0039E+00,77.4645E+00,77.3329E+00,77.2671E+00,71.7060E+00,72.5661E+00,72.3260E+00,72.1994E+00,77.0039E+00,77.4645E+00,77.3329E+00,0.0000E+00,0.0000E+00,0.0000E+00,72.2975E+00,72.7845E+00,72.6450E+00,105.676E+00,105.976E+00,105.530E+00,-104.519E+00,-105.333E+00,-104.807E+00,20.250E+00,20.211E+00,20.552E+00,+99999.9E+99,+99999.9E+99,+99999.9E+99,0.404E+00,14.0112E+00,13.6883E+00,13.8239E+00,13.8411E+00,13.0938E+00,12.8986E+00,12.8571E+00,12.9498E+00,14.0103E+00,13.6862E+00,13.8183E+00,-0.1553E+00,-0.2372E+00,0.3936E+00,8.0980E+00,7.4533E+00,7.3230E+00,27.8686E+00,27.1233E+00,28.5848E+00,-26.5829E+00,-27.2238E+00,-26.6143E+00,46.700E+00,49.355E+00,50.730E+00,+99999.9E+99,+99999.9E+99,+99999.9E+99,7.399E+00,0.45832E+03,0.44645E+03,0.45748E+03,1.36224E+03,0.29609E+03,0.25615E+03,0.27727E+03,0.82952E+03,0.63115E+03,0.61708E+03,0.62551E+03,1.87374E+03,0.33007E+03,0.29621E+03,0.29960E+03,0.92447E+03,-0.43392E+03,-0.42600E+03,-0.42659E+03,-1.28651E+03,-0.14586E+03,-0.14875E+03,-0.11349E+03,-0.40811E+03,-0.72617E+00,-0.72348E+00,-0.73137E+00,-0.72702E+00,-0.89706E+00,-0.86476E+00,-0.92547E+00,-0.89729E+00,0.000E+00,119.896E+00,-119.716E+00,56.451E+00,179.979E+00,-67.619E+00,-43.434E+00,-43.658E+00,-42.999E+00,-43.363E+00,201.654E+00,201.323E+00,201.015E+00,90.418E+00,+99999.9E+99,+99999.9E+99,0.00013E+06,-0.00079E+06,0.00000E+00,15.532E+00,0.757E+03,0.00123E+06,43.669E+00,F0F08
2021/11/30,17:33:52,00000:00:17,250,38003F00,0,1B00,1B00,3F00,99.917E+00,0.000E+00,0.000E+00,110.978E+00,0.000E+00,0.000E+00,0.509E+00,0.000E+00,0.000E+00,99.916E+00,0.000E+00,0.000E+00,0.000E+00,0.000E+00,0.000E+00,100.907E+00,0.000E+00,0.000E+00,98.807E+00,0.000E+00,0.000E+00,22.339E+00,+99999.9E+99,+99999.9E+99,1.051E+00,+99999.9E+99,+99999.9E+99,11.8811E+00,0.00000E+00,0.00000E+00,12.1762E+00,0.00000E+00,0.00000E+00,4.5809E+00,0.00000E+00,0.00000E+00,10.9624E+00,0.00000E+00,0.00000E+00,4.4770E+00,0.00000E+00,0.00000E+00,18.2950E+00,0.0000E+00,0.0000E+00,4.2250E+00,0.0000E+00,0.0000E+00,9.501E+00,+99999.9E+99,+99999.9E+99,64.174E+00,+99999.9E+99,+99999.9E+99,1.09323E+03,0.00000E+03,0.00000E+03,0.00000E+03,0.00000E+03,0.00000E+03,1.18712E+03,0.00000E+03,0.00000E+03,0.00000E+03,0.00000E+03,0.00000E+03,0.46271E+03,0.00000E+03,0.00000E+03,0.00000E+03,0.00000E+03,0.00000E+03,0.92091E+00,0.00000E+00,0.00000E+00,0.90106E+00,0.99928E+00,0.71567E+00,0.000E+00,172.077E+00,-170.619E+00,154.298E+00,169.903E+00,145.080E+00,22.941E+00,90.000E+00,90.000E+00,12.6077E+00,0.00000E+00,0.00000E+00,92.657E+00,100.000E+00,100.000E+00,0.08027E+03,0.00000E+03,0.00000E+03,+99999.9E+99,+99999.9E+99,+99999.9E+99,+99999.9E+99,+99999.9E+99,+99999.9E+99,+99999.9E+99,+99999.9E+99,+99999.9E+99,+99999.9E+99,+99999.9E+99,+99999.9E+99,1B00,0,0,0,1B00,76.7478E+00,76.9090E+00,76.6813E+00,76.7793E+00,72.2808E+00,72.6727E+00,72.1991E+00,72.3842E+00,76.7477E+00,76.9090E+00,76.6813E+00,0.0000E+00,0.0000E+00,0.0000E+00,70.2474E+00,70.2794E+00,70.1611E+00,105.644E+00,106.037E+00,105.736E+00,-104.761E+00,-104.904E+00,-104.554E+00,38.319E+00,37.942E+00,38.129E+00,+99999.9E+99,+99999.9E+99,+99999.9E+99,0.090E+00,11.2392E+00,11.0298E+00,11.3121E+00,11.1937E+00,9.7207E+00,9.5334E+00,9.7520E+00,9.6687E+00,11.2386E+00,11.0298E+00,11.3113E+00,-0.1191E+00,0.0000E+00,0.1389E+00,14.7562E+00,14.6414E+00,14.9999E+00,27.6633E+00,27.1095E+00,28.6019E+00,-26.2509E+00,-27.3062E+00,-26.6995E+00,40.797E+00,40.791E+00,39.365E+00,+99999.9E+99,+99999.9E+99,+99999.9E+99,1.540E+00,0.33440E+03,0.33175E+03,0.34681E+03,1.01296E+03,0.51706E+03,0.51955E+03,0.53223E+03,1.56884E+03,0.50156E+03,0.49284E+03,0.50522E+03,1.49963E+03,0.59643E+03,0.59098E+03,0.60618E+03,1.79347E+03,-0.37382E+03,-0.36446E+03,-0.36739E+03,-1.10567E+03,-0.29728E+03,-0.28164E+03,-0.29015E+03,-0.86908E+03,-0.66671E+00,-0.67314E+00,-0.68645E+00,-0.67547E+00,-0.86693E+00,-0.87914E+00,-0.87800E+00,-0.87475E+00,0.000E+00,120.084E+00,-119.937E+00,59.910E+00,178.496E+00,-61.303E+00,-48.186E+00,-47.690E+00,-46.650E+00,-47.509E+00,201.950E+00,202.302E+00,202.564E+00,79.801E+00,+99999.9E+99,+99999.9E+99,0.00020E+06,-0.00048E+06,0.00000E+00,10.202E+00,0.757E+03,0.00081E+06,43.799E+00,F0F0F
2021/11/30,17:33:52,00000:00:17,300,38003F00,700,1F00,1F00,3F00,99.917E+00,0.000E+00,0.000E+00,110.978E+00,0.000E+00,0.000E+00,0.509E+00,0.000E+00,0.000E+00,99.916E+00,0.000E+00,0.000E+00,0.000E+00,0.000E+00,0.000E+00,100.907E+00,0.000E+00,0.000E+00,98.807E+00,0.000E+00,0.000E+00,22.339E+00,+99999.9E+99,+99999.9E+99,1.051E+00,+99999.9E+99,+99999.9E+99,11.8811E+00,0.00000E+00,0.00000E+00,12.1762E+00,0.00000E+00,0.00000E+00,4.5809E+00,0.00000E+00,0.00000E+00,10.9624E+00,0.00000E+00,0.00000E+00,4.4770E+00,0.00000E+00,0.00000E+00,18.2950E+00,0.0000E+00,0.0000E+00,4.2250E+00,0.0000E+00,0.0000E+00,9.501E+00,+99999.9E+99,+99999.9E+99,64.174E+00,+99999.9E+99,+99999.9E+99,1.09323E+03,0.00000E+03,0.00000E+03,0.00000E+03,0.00000E+03,0.00000E+03,1.18712E+03,0.00000E+03,0.00000E+03,0.00000E+03,0.00000E+03,0.00000E+03,0.46271E+03,0.00000E+03,0.00000E+03,0.00000E+03,0.00000E+03,0.00000E+03,0.92091E+00,0.00000E+00,0.00000E+00,0.90106E+00,0.99928E+00,0.71567E+00,0.000E+00,172.077E+00,-170.619E+00,154.298E+00,169.903E+00,145.080E+00,22.941E+00,90.000E+00,90.000E+00,12.6077E+00,0.00000E+00,0.00000E+00,78.882E+00,100.000E+00,100.000E+00,0.23087E+03,0.00000E+03,0.00000E+03,+99999.9E+99,+99999.9E+99,+99999.9E+99,+99999.9E+99,+99999.9E+99,+99999.9E+99,+99999.9E+99,+99999.9E+99,+99999.9E+99,+99999.9E+99,+99999.9E+99,+99999.9E+99,1B00,0,0,0,1B00,76.5281E+00,76.6519E+00,76.5619E+00,76.5806E+00,72.4054E+00,72.8085E+00,72.5048E+00,72.5729E+00,76.5281E+00,76.6519E+00,76.5619E+00,0.0000E+00,0.0000E+00,0.0000E+00,73.0461E+00,73.0415E+00,72.9367E+00,105.754E+00,106.036E+00,105.697E+00,-104.517E+00,-104.673E+00,-104.461E+00,15.484E+00,15.380E+00,15.366E+00,+99999.9E+99,+99999.9E+99,+99999.9E+99,0.099E+00,9.5912E+00,9.1037E+00,9.2400E+00,9.3116E+00,8.3061E+00,7.8949E+00,7.9338E+00,8.0449E+00,9.5899E+00,9.0999E+00,9.2304E+00,-0.1582E+00,-0.2624E+00,0.4217E+00,5.2841E+00,5.1939E+00,5.5914E+00,26.1167E+00,24.1614E+00,25.2519E+00,-26.4519E+00,-25.4614E+00,-22.4014E+00,57.826E+00,57.275E+00,53.081E+00,+99999.9E+99,+99999.9E+99,+99999.9E+99,3.368E+00,0.29482E+03,0.27667E+03,0.29086E+03,0.86236E+03,0.18840E+03,0.19403E+03,0.20134E+03,0.58377E+03,0.42641E+03,0.40389E+03,0.41011E+03,1.24041E+03,0.21755E+03,0.21692E+03,0.22809E+03,0.66236E+03,-0.30806E+03,-0.29424E+03,-0.28912E+03,-0.89143E+03,-0.10878E+03,-0.09698E+03,-0.10717E+03,-0.31293E+03,-0.69141E+00,-0.68502E+00,-0.70922E+00,-0.69522E+00,-0.86601E+00,-0.89449E+00,-0.88274E+00,-0.88136E+00,0.000E+00,120.093E+00,-119.960E+00,59.997E+00,176.606E+00,-61.886E+00,-46.258E+00,-46.763E+00,-44.828E+00,-45.955E+00,201.982E+00,201.386E+00,201.364E+00,107.641E+00,+99999.9E+99,+99999.9E+99,-0.00007E+06,-0.00065E+06,0.00000E+00,11.722E+00,0.756E+03,0.00093E+06,43.843E+00,F0F0F
2021/11/30,17:33:52,00000:00:17,350,38003D00,500,1C00,1C00,3800,99.917E+00,0.000E+00,0.000E+00,110.978E+00,0.000E+00,0.000E+00,0.509E+00,0.000E+00,0.000E+00,99.916E+00,0.000E+00,0.000E+00,0.000E+00,0.000E+00,0.000E+00,100.907E+00,0.000E+00,0.000E+00,98.807E+00,0.000E+00,0.000E+00,21.080E+00,+99999.9E+99,+99999.9E+99,1.051E+00,+99999.9E+99,+99999.9E+99,11.8811E+00,0.00000E+00,0.00000E+00,12.1762E+00,0.00000E+00,0.00000E+00,4.5809E+00,0.00000E+00,0.00000E+00,10.9624E+00,0.00000E+00,0.00000E+00,4.5662E+00,0.00000E+00,0.00000E+00,18.2950E+00,0.0000E+00,0.0000E+00,4.2250E+00,0.0000E+00,0.0000E+00,8.179E+00,+99999.9E+99,+99999.9E+99,64.174E+00,+99999.9E+99,+99999.9E+99,1.09323E+03,0.00000E+03,0.00000E+03,0.00000E+03,0.00000E+03,0.00000E+03,1.18712E+03,0.00000E+03,0.00000E+03,0.00000E+03,0.00000E+03,0.00000E+03,0.46271E+03,0.00000E+03,0.00000E+03,0.00000E+03,0.00000E+03,0.00000E+03,0.92091E+00,0.00000E+00,0.00000E+00,0.90523E+00,0.75087E+00,0.96178E+00,0.000E+00,19.443E+00,173.474E+00,154.854E+00,-119.223E+00,-22.418E+00,22.941E+00,90.000E+00,90.000E+00,12.6077E+00,0.00000E+00,0.00000E+00,123.907E+00,100.000E+00,100.000E+00,-0.26135E+03,0.00000E+03,0.00000E+03,+99999.9E+99,+99999.9E+99,+99999.9E+99,+99999.9E+99,+99999.9E+99,+99999.9E+99,+99999.9E+99,+99999.9E+99,+99999.9E+99,+99999.9E+99,+99999.9E+99,+99999.9E+99,1B00,0,0,0,1B00,77.0226E+00,77.4630E+00,77.3474E+00,77.2777E+00,71.7210E+00,72.5694E+00,72.3394E+00,72.2099E+00,77.0226E+00,77.4630E+00,77.3474E+00,0.0000E+00,0.0000E+00,0.0000E+00,71.7470E+00,72.2884E+00,72.0858E+00,105.514E+00,106.131E+00,105.549E+00,-104.904E+00,-104.697E+00,-104.479E+00,25.222E+00,25.639E+00,25.517E+00,+99999.9E+99,+99999.9E+99,+99999.9E+99,0.433E+00,13.9578E+00,13.6334E+00,13.7606E+00,13.7839E+00,13.0461E+00,12.8521E+00,12.8021E+00,12.9001E+00,13.9570E+00,13.6312E+00,13.7548E+00,-0.1513E+00,-0.2447E+00,0.3971E+00,10.1652E+00,9.3506E+00,9.4748E+00,27.5709E+00,27.2005E+00,28.4614E+00,-26.6229E+00,-27.0195E+00,-26.6271E+00,43.966E+00,46.593E+00,47.135E+00,+99999.9E+99,+99999.9E+99,+99999.9E+99,6.495E+00,0.45609E+03,0.44389E+03,0.45461E+03,1.35458E+03,0.37138E+03,0.32712E+03,0.35044E+03,1.04894E+03,0.62917E+03,0.61463E+03,0.62256E+03,1.86636E+03,0.41474E+03,0.37781E+03,0.38083E+03,1.17198E+03,-0.43340E+03,-0.42513E+03,-0.42533E+03,-1.28386E+03,-0.18462E+03,-0.18904E+03,-0.14907E+03,-0.52273E+03,-0.72491E+00,-0.72220E+00,-0.73023E+00,-0.72579E+00,-0.89545E+00,-0.86583E+00,-0.92021E+00,-0.89502E+00,0.000E+00,119.930E+00,-119.668E+00,56.678E+00,179.865E+00,-66.781E+00,-43.539E+00,-43.764E+00,-43.094E+00,-43.465E+00,201.411E+00,202.214E+00,201.975E+00,90.344E+00,+99999.9E+99,+99999.9E+99,0.00013E+06,-0.00078E+06,0.00000E+00,15.423E+00,0.758E+03,0.00122E+06,43.569E+00,F0F08
2021/11/30,17:33:52,00000:00:17,400,38003F00,500,1F00,1F00,3F00,99.917E+00,0.000E+00,0.000E+00,110.978E+00,0.000E+00,0.000E+00,0.509E+00,0.000E+00,0.000E+00,99.916E+00,0.000E+00,0.000E+00,0.000E+00,0.000E+00,0.000E+00,100.907E+00,0.000E+00,0.000E+00,98.807E+00,0.000E+00,0.000E+00,21.080E+00,+99999.9E+99,+99999.9E+99,1.051E+00,+99999.9E+99,+99999.9E+99,11.8811E+00,0.00000E+00,0.00000E+00,12.1762E+00,0.00000E+00,0.00000E+00,4.5809E+00,0.00000E+00,0.00000E+00,10.9624E+00,0.00000E+00,0.00000E+00,4.5662E+00,0.00000E+00,0.00000E+00,18.2950E+00,0.0000E+00,0.0000E+00,4.2250E+00,0.0000E+00,0.0000E+00,8.179E+00,+99999.9E+99,+99999.9E+99,64.174E+00,+99999.9E+99,+99999.9E+99,1.09323E+03,0.00000E+03,0.00000E+03,0.00000E+03,0.00000E+03,0.00000E+03,1.18712E+03,0.00000E+03,0.00000E+03,0.00000E+03,0.00000E+03,0.00000E+03,0.46271E+03,0.00000E+03,0.00000E+03,0.00000E+03,0.00000E+03,0.00000E+03,0.92091E+00,0.00000E+00,0.00000E+00,0.90523E+00,0.75087E+00,0.96178E+00,0.000E+00,19.443E+00,173.474E+00,154.854E+00,-119.223E+00,-22.418E+00,22.941E+00,90.000E+00,90.000E+00,12.6077E+00,0.00000E+00,0.00000E+00,78.102E+00,100.000E+00,100.000E+00,0.23940E+03,0.00000E+03,0.00000E+03,+99999.9E+99,+99999.9E+99,+99999.9E+99,+99999.9E+99,+99999.9E+99,+99999.9E+99,+99999.9E+99,+99999.9E+99,+99999.9E+99,+99999.9E+99,+99999.9E+99,+99999.9E+99,1B00,0,0,0,1B00,76.7119E+00,76.6744E+00,76.3933E+00,76.5932E+00,72.5387E+00,72.6513E+00,72.0028E+00,72.3976E+00,76.7119E+00,76.6744E+00,76.3933E+00,0.0000E+00,0.0000E+00,0.0000E+00,70.7713E+00,70.6718E+00,70.5178E+00,105.759E+00,106.000E+00,105.931E+00,-104.644E+00,-104.873E+00,-104.696E+00,35.756E+00,35.282E+00,35.712E+00,+99999.9E+99,+99999.9E+99,+99999.9E+99,0.210E+00,9.6764E+00,9.2531E+00,9.8685E+00,9.5994E+00,8.3026E+00,7.9410E+00,8.3476E+00,8.1971E+00,9.6759E+00,9.2531E+00,9.8685E+00,-0.1029E+00,0.0000E+00,0.0000E+00,13.3830E+00,13.4367E+00,13.9823E+00,26.4333E+00,24.7876E+00,27.1333E+00,-25.6033E+00,-23.2638E+00,-26.6867E+00,42.913E+00,42.148E+00,40.273E+00,+99999.9E+99,+99999.9E+99,+99999.9E+99,2.524E+00,0.27956E+03,0.27705E+03,0.29722E+03,0.85383E+03,0.46614E+03,0.48175E+03,0.49013E+03,1.43802E+03,0.43036E+03,0.41173E+03,0.43786E+03,1.27995E+03,0.54159E+03,0.54517E+03,0.56251E+03,1.64897E+03,-0.32719E+03,-0.30458E+03,-0.32153E+03,-0.95330E+03,-0.27574E+03,-0.25521E+03,-0.27602E+03,-0.80696E+03,-0.64960E+00,-0.67289E+00,-0.67880E+00,-0.66708E+00,-0.86069E+00,-0.88366E+00,-0.87133E+00,-0.87207E+00,0.000E+00,120.184E+00,-119.988E+00,60.552E+00,178.030E+00,-60.482E+00,-49.488E+00,-47.709E+00,-47.250E+00,-48.158E+00,202.374E+00,201.713E+00,202.102E+00,92.134E+00,+99999.9E+99,+99999.9E+99,0.00007E+06,-0.00051E+06,0.00000E+00,9.932E+00,0.756E+03,0.00079E+06,43.936E+00,F0F08
2021/11/30,17:33:52,00000:00:17,450,38003F00,700,1F00,1F00,3F00,99.917E+00,0.000E+00,0.000E+00,110.978E+00,0.000E+00,0.000E+00,0.509E+00,0.000E+00,0.000E+00,99.916E+00,0.000E+00,0.000E+00,0.000E+00,0.000E+00,0.000E+00,100.907E+00,0.000E+00,0.000E+00,98.807E+00,0.000E+00,0.000E+00,67.840E+00,493.136E+00,+99999.9E+99,1.051E+00,+99999.9E+99,+99999.9E+99,11.8811E+00,0.00000E+00,0.00000E+00,12.1762E+00,0.00000E+00,0.00000E+00,4.5809E+00,0.00000E+00,0.00000E+00,10.9624E+00,0.00000E+00,0.00000E+00,4.0155E+00,0.00000E+00,0.00000E+00,18.2950E+00,0.0000E+00,0.0000E+00,4.2250E+00,0.0000E+00,0.0000E+00,49.309E+00,+99999.9E+99,+99999.9E+99,64.174E+00,+99999.9E+99,+99999.9E+99,1.09323E+03,0.00000E+03,0.00000E+03,0.00000E+03,0.00000E+03,0.00000E+03,1.18712E+03,0.00000E+03,0.00000E+03,0.00000E+03,0.00000E+03,0.00000E+03,0.46271E+03,0.00000E+03,0.00000E+03,0.00000E+03,0.00000E+03,0.00000E+03,0.92091E+00,0.00000E+00,0.00000E+00,0.88130E+00,0.48485E+00,0.42106E+00,0.000E+00,-167.553E+00,167.247E+00,151.800E+00,-106.555E+00,-127.654E+00,22.941E+00,90.000E+00,90.000E+00,12.6077E+00,0.00000E+00,0.00000E+00,95.330E+00,100.000E+00,100.000E+00,0.05106E+03,0.00000E+03,0.00000E+03,+99999.9E+99,+99999.9E+99,+99999.9E+99,+99999.9E+99,+99999.9E+99,+99999.9E+99,+99999.9E+99,+99999.9E+99,+99999.9E+99,+99999.9E+99,+99999.9E+99,+99999.9E+99,1B00,0,0,0,1B00,76.5112E+00,77.0332E+00,77.0269E+00,76.8571E+00,71.8036E+00,72.7583E+00,72.7444E+00,72.4354E+00,76.5112E+00,77.0332E+00,77.0269E+00,0.0000E+00,0.0000E+00,0.0000E+00,73.1218E+00,73.2367E+00,73.1338E+00,105.834E+00,106.099E+00,105.793E+00,-104.466E+00,-104.820E+00,-104.649E+00,13.458E+00,13.344E+00,13.599E+00,+99999.9E+99,+99999.9E+99,+99999.9E+99,0.099E+00,11.6822E+00,11.4713E+00,11.2591E+00,11.4709E+00,10.0293E+00,9.9172E+00,9.5983E+00,9.8483E+00,11.6811E+00,11.4645E+00,11.2453E+00,-0.1601E+00,-0.3968E+00,0.5580E+00,4.5128E+00,4.2446E+00,4.4820E+00,27.6467E+00,27.0252E+00,28.5890E+00,-26.4138E+00,-27.2405E+00,-26.1043E+00,61.809E+00,63.929E+00,59.731E+00,+99999.9E+99,+99999.9E+99,+99999.9E+99,2.719E+00,0.35839E+03,0.34033E+03,0.34346E+03,1.04217E+03,0.15761E+03,0.15370E+03,0.16247E+03,0.47377E+03,0.52114E+03,0.51138E+03,0.50473E+03,1.53725E+03,0.18491E+03,0.17778E+03,0.18546E+03,0.54805E+03,-0.37835E+03,-0.38169E+03,-0.36984E+03,-1.12988E+03,-0.09670E+03,-0.08936E+03,-0.08945E+03,-0.27550E+03,-0.68770E+00,-0.66551E+00,-0.68049E+00,-0.67795E+00,-0.85236E+00,-0.86452E+00,-0.87600E+00,-0.86446E+00,0.000E+00,120.038E+00,-119.906E+00,61.579E+00,-179.833E+00,-61.075E+00,-46.552E+00,-48.279E+00,-47.118E+00,-47.316E+00,201.314E+00,202.088E+00,201.444E+00,93.189E+00,+99999.9E+99,+99999.9E+99,0.00007E+06,-0.00063E+06,0.00000E+00,12.257E+00,0.757E+03,0.00097E+06,43.622E+00,F0F08
2021/11/30,17:33:52,00000:00:17,500,38003F00,2800,3B00,3B00,3F00,99.992E+00,0.000E+00,0.000E+00,111.062E+00,0.000E+00,0.000E+00,0.514E+00,0.000E+00,0.000E+00,99.991E+00,0.000E+00,0.000E+00,0.000E+00,0.000E+00,0.000E+00,101.057E+00,0.000E+00,0.000E+00,98.779E+00,0.000E+00,0.000E+00,67.840E+00,493.136E+00,+99999.9E+99,1.139E+00,+99999.9E+99,+99999.9E+99,11.5232E+00,0.00000E+00,0.00000E+00,11.6588E+00,0.00000E+00,0.00000E+00,4.7545E+00,0.00000E+00,0.00000E+00,10.4966E+00,0.00000E+00,0.00000E+00,4.0155E+00,0.00000E+00,0.00000E+00,18.3817E+00,0.0000E+00,0.0000E+00,3.3095E+00,0.0000E+00,0.0000E+00,49.309E+00,+99999.9E+99,+99999.9E+99,71.795E+00,+99999.9E+99,+99999.9E+99,1.04737E+03,0.00000E+03,0.00000E+03,0.00000E+03,0.00000E+03,0.00000E+03,1.15223E+03,0.00000E+03,0.00000E+03,0.00000E+03,0.00000E+03,0.00000E+03,0.48027E+03,0.00000E+03,0.00000E+03,0.00000E+03,0.00000E+03,0.00000E+03,0.90899E+00,0.00000E+00,0.00000E+00,0.88130E+00,0.48485E+00,0.42106E+00,0.000E+00,-167.553E+00,167.247E+00,151.800E+00,-106.555E+00,-127.654E+00,24.634E+00,90.000E+00,90.000E+00,0.00000E+00,0.00000E+00,0.00000E+00,121.487E+00,100.000E+00,100.000E+00,-0.22505E+03,0.00000E+03,0.00000E+03,+99999.9E+99,+99999.9E+99,+99999.9E+99,+99999.9E+99,+99999.9E+99,+99999.9E+99,+99999.9E+99,+99999.9E+99,+99999.9E+99,+99999.9E+99,+99999.9E+99,+99999.9E+99,1B00,0,0,0,1B00,77.2010E+00,77.2268E+00,76.9718E+00,77.1332E+00,72.1495E+00,72.3701E+00,71.7834E+00,72.1010E+00,77.2010E+00,77.2268E+00,76.9718E+00,0.0000E+00,0.0000E+00,0.0000E+00,70.4881E+00,71.0360E+00,70.9231E+00,105.199E+00,105.690E+00,105.611E+00,-104.561E+00,-104.667E+00,-104.551E+00,34.706E+00,34.859E+00,34.772E+00,+99999.9E+99,+99999.9E+99,+99999.9E+99,0.473E+00,13.5264E+00,13.0932E+00,13.4873E+00,13.3690E+00,12.3844E+00,11.9587E+00,12.3248E+00,12.2226E+00,13.5255E+00,13.0932E+00,13.4861E+00,-0.1576E+00,0.0000E+00,0.1792E+00,14.0978E+00,13.2244E+00,13.1852E+00,27.6971E+00,27.2062E+00,28.7138E+00,-26.4338E+00,-27.1314E+00,-26.8300E+00,39.664E+00,41.780E+00,42.126E+00,+99999.9E+99,+99999.9E+99,+99999.9E+99,4.193E+00,0.42158E+03,0.41390E+03,0.43694E+03,1.27241E+03,0.50364E+03,0.46268E+03,0.48579E+03,1.45211E+03,0.60897E+03,0.58975E+03,0.60608E+03,1.80480E+03,0.56795E+03,0.53472E+03,0.53835E+03,1.64017E+03,-0.43945E+03,-0.42011E+03,-0.42002E+03,-1.27958E+03,-0.26252E+03,-0.26805E+03,-0.23202E+03,-0.76258E+03,-0.69228E+00,-0.70182E+00,-0.72093E+00,-0.70502E+00,-0.88677E+00,-0.86528E+00,-0.90236E+00,-0.88534E+00,0.000E+00,119.853E+00,-119.688E+00,57.788E+00,179.883E+00,-64.360E+00,-46.189E+00,-45.427E+00,-43.869E+00,-45.169E+00,201.992E+00,201.338E+00,201.738E+00,89.649E+00,+99999.9E+99,+99999.9E+99,0.00013E+06,-0.00073E+06,0.00000E+00,14.389E+00,0.757E+03,0.00114E+06,43.784E+00,F0F08
2021/11/30,17:33:52,00000:00:17,550,38003D00,2D00,3C00,3C00,3800,99.992E+00,0.000E+00,0.000E+00,111.062E+00,0.000E+00,0.000E+00,0.514E+00,0.000E+00,0.000E+00,99.991E+00,0.000E+00,0.000E+00,0.000E+00,0.000E+00,0.000E+00,101.057E+00,0.000E+00,0.000E+00,98.779E+00,0.000E+00,0.000E+00,31.706E+00,+99999.9E+99,411.820E+00,1.139E+00,+99999.9E+99,+99999.9E+99,11.5232E+00,0.00000E+00,0.00000E+00,11.6588E+00,0.00000E+00,0.00000E+00,4.7545E+00,0.00000E+00,0.00000E+00,10.4966E+00,0.00000E+00,0.00000E+00,4.4604E+00,0.00000E+00,0.00000E+00,18.3817E+00,0.0000E+00,0.0000E+00,3.3095E+00,0.0000E+00,0.0000E+00,37.794E+00,+99999.9E+99,+99999.9E+99,71.795E+00,+99999.9E+99,+99999.9E+99,1.04737E+03,0.00000E+03,0.00000E+03,0.00000E+03,0.00000E+03,0.00000E+03,1.15223E+03,0.00000E+03,0.00000E+03,0.00000E+03,0.00000E+03,0.00000E+03,0.48027E+03,0.00000E+03,0.00000E+03,0.00000E+03,0.00000E+03,0.00000E+03,0.90899E+00,0.00000E+00,0.00000E+00,0.93436E+00,0.39773E+00,0.86446E+00,0.000E+00,114.669E+00,173.435E+00,159.125E+00,-178.768E+00,143.256E+00,24.634E+00,90.000E+00,90.000E+00,0.00000E+00,0.00000E+00,0.00000E+00,74.665E+00,100.000E+00,100.000E+00,0.26535E+03,0.00000E+03,0.00000E+03,+99999.9E+99,+99999.9E+99,+99999.9E+99,+99999.9E+99,+99999.9E+99,+99999.9E+99,+99999.9E+99,+99999.9E+99,+99999.9E+99,+99999.9E+99,+99999.9E+99,+99999.9E+99,1B00,0,0,0,1B00,76.2596E+00,76.6633E+00,76.5195E+00,76.4808E+00,72.1661E+00,72.9156E+00,72.6543E+00,72.5787E+00,76.2596E+00,76.6633E+00,76.5195E+00,0.0000E+00,0.0000E+00,0.0000E+00,71.8971E+00,71.7402E+00,71.6816E+00,105.860E+00,106.021E+00,105.717E+00,-104.433E+00,-104.449E+00,-104.891E+00,26.553E+00,25.487E+00,26.300E+00,+99999.9E+99,+99999.9E+99,+99999.9E+99,0.179E+00,8.2852E+00,8.2311E+00,8.1842E+00,8.2335E+00,7.3850E+00,7.3466E+00,7.2889E+00,7.3402E+00,8.2845E+00,8.2300E+00,8.1809E+00,-0.1008E+00,-0.1329E+00,0.2348E+00,9.3956E+00,9.5654E+00,9.9103E+00,22.3343E+00,20.8114E+00,20.3805E+00,-18.6809E+00,-19.3757E+00,-20.0605E+00,49.878E+00,47.320E+00,45.739E+00,+99999.9E+99,+99999.9E+99,+99999.9E+99,4.466E+00,0.26214E+03,0.25700E+03,0.26288E+03,0.78201E+03,0.31737E+03,0.34186E+03,0.34487E+03,1.00409E+03,0.36651E+03,0.36457E+03,0.36358E+03,1.09467E+03,0.37465E+03,0.38626E+03,0.40337E+03,1.16365E+03,-0.25615E+03,-0.25858E+03,-0.25117E+03,-0.76591E+03,-0.19910E+03,-0.17980E+03,-0.20922E+03,-0.58812E+03,-0.71523E+00,-0.70493E+00,-0.72302E+00,-0.71439E+00,-0.84710E+00,-0.88505E+00,-0.85497E+00,-0.86288E+00,0.000E+00,120.126E+00,-120.044E+00,62.030E+00,177.841E+00,-58.700E+00,-44.338E+00,-45.176E+00,-43.696E+00,-44.407E+00,201.632E+00,201.950E+00,201.919E+00,94.688E+00,+99999.9E+99,+99999.9E+99,0.00004E+06,-0.00048E+06,0.00000E+00,9.354E+00,0.756E+03,0.00074E+06,43.764E+00,F0F08
2021/11/30,17:33:52,00000:00:17,600,38003F00,2800,3B00,3B00,3F00,99.827E+00,0.000E+00,0.000E+00,110.878E+00,0.000E+00,0.000E+00,0.500E+00,0.000E+00,0.000E+00,99.826E+00,0.000E+00,0.000E+00,0.000E+00,0.000E+00,0.000E+00,100.939E+00,0.000E+00,0.000E+00,98.800E+00,0.000E+00,0.000E+00,31.706E+00,+99999.9E+99,411.820E+00,1.072E+00,+99999.9E+99,+99999.9E+99,12.0909E+00,0.00000E+00,0.00000E+00,12.5188E+00,0.00000E+00,0.00000E+00,4.3768E+00,0.00000E+00,0.00000E+00,11.2709E+00,0.00000E+00,0.00000E+00,4.4604E+00,0.00000E+00,0.00000E+00,18.3524E+00,0.0000E+00,0.0000E+00,4.0500E+00,0.0000E+00,0.0000E+00,37.794E+00,+99999.9E+99,+99999.9E+99,63.448E+00,+99999.9E+99,+99999.9E+99,1.12319E+03,0.00000E+03,0.00000E+03,0.00000E+03,0.00000E+03,0.00000E+03,1.20700E+03,0.00000E+03,0.00000E+03,0.00000E+03,0.00000E+03,0.00000E+03,-0.44193E+03,0.00000E+03,0.00000E+03,0.00000E+03,0.00000E+03,0.00000E+03,-0.93056E+00,0.00000E+00,0.00000E+00,0.93436E+00,0.39773E+00,0.86446E+00,0.000E+00,114.669E+00,173.435E+00,159.125E+00,-178.768E+00,143.256E+00,-21.478E+00,90.000E+00,90.000E+00,9.69870E+00,0.00000E+00,0.00000E+00,110.822E+00,100.000E+00,100.000E+00,-0.12155E+03,0.00000E+03,0.00000E+03,+99999.9E+99,+99999.9E+99,+99999.9E+99,+99999.9E+99,+99999.9E+99,+99999.9E+99,+99999.9E+99,+99999.9E+99,+99999.9E+99,+99999.9E+99,+99999.9E+99,+99999.9E+99,1B00,0,0,0,1B00,77.0616E+00,77.1868E+00,77.1021E+00,77.1168E+00,72.0865E+00,72.4915E+00,72.2219E+00,72.2666E+00,77.0616E+00,77.1868E+00,77.1021E+00,0.0000E+00,0.0000E+00,0.0000E+00,72.6913E+00,73.1305E+00,72.9842E+00,105.714E+00,106.123E+00,105.767E+00,-104.229E+00,-105.267E+00,-105.104E+00,16.482E+00,16.518E+00,16.923E+00,+99999.9E+99,+99999.9E+99,+99999.9E+99,0.362E+00,13.2711E+00,12.8191E+00,13.0019E+00,13.0307E+00,12.1278E+00,11.6664E+00,11.7130E+00,11.8357E+00,13.2698E+00,12.8148E+00,12.9917E+00,-0.1822E+00,-0.3316E+00,0.5150E+00,6.5272E+00,5.8348E+00,5.7503E+00,27.2986E+00,26.7700E+00,28.2667E+00,-25.8714E+00,-26.6224E+00,-26.4400E+00,49.203E+00,53.773E+00,54.303E+00,+99999.9E+99,+99999.9E+99,+99999.9E+99,7.037E+00,0.42343E+03,0.40203E+03,0.41927E+03,1.24473E+03,0.23523E+03,0.20504E+03,0.22190E+03,0.66217E+03,0.59723E+03,0.57589E+03,0.58412E+03,1.75725E+03,0.26257E+03,0.23640E+03,0.23997E+03,0.73792E+03,-0.42118E+03,-0.41234E+03,-0.40671E+03,-1.24023E+03,-0.11665E+03,-0.11764E+03,-0.09137E+03,-0.32566E+03,-0.70899E+00,-0.69810E+00,-0.71778E+00,-0.70834E+00,-0.89589E+00,-0.86737E+00,-0.92469E+00,-0.89735E+00,0.000E+00,119.932E+00,-119.729E+00,56.580E+00,179.709E+00,-67.485E+00,-44.847E+00,-45.726E+00,-44.128E+00,-44.900E+00,201.643E+00,201.314E+00,201.559E+00,91.238E+00,+99999.9E+99,+99999.9E+99,0.00011E+06,-0.00073E+06,0.00000E+00,14.332E+00,0.757E+03,0.00114E+06,43.711E+00,F0F08
2021/11/30,17:33:52,00000:00:17,650,38003F00,0,1B00,1B00,3F00,99.892E+00,0.000E+00,0.000E+00,110.951E+00,0.000E+00,0.000E+00,0.501E+00,0.000E+00,0.000E+00,99.891E+00,0.000E+00,0.000E+00,0.000E+00,0.000E+00,0.000E+00,100.907E+00,0.000E+00,0.000E+00,98.818E+00,0.000E+00,0.000E+00,109.312E+00,+99999.9E+99,+99999.9E+99,1.046E+00,+99999.9E+99,+99999.9E+99,12.0375E+00,0.00000E+00,0.00000E+00,12.3990E+00,0.00000E+00,0.00000E+00,4.5043E+00,0.00000E+00,0.00000E+00,11.1630E+00,0.00000E+00,0.00000E+00,2.9590E+00,0.00000E+00,0.00000E+00,18.2371E+00,0.0000E+00,0.0000E+00,4.2926E+00,0.0000E+00,0.0000E+00,111.682E+00,+99999.9E+99,+99999.9E+99,62.459E+00,+99999.9E+99,+99999.9E+99,1.11303E+03,0.00000E+03,0.00000E+03,0.00000E+03,0.00000E+03,0.00000E+03,1.20245E+03,0.00000E+03,0.00000E+03,0.00000E+03,0.00000E+03,0.00000E+03,0.45502E+03,0.00000E+03,0.00000E+03,0.00000E+03,0.00000E+03,0.00000E+03,0.92564E+00,0.00000E+00,0.00000E+00,0.81531E+00,0.40181E+00,0.85635E+00,0.000E+00,81.837E+00,128.989E+00,144.618E+00,-164.471E+00,-82.102E+00,22.235E+00,90.000E+00,90.000E+00,11.9961E+00,0.00000E+00,0.00000E+00,98.627E+00,100.000E+00,100.000E+00,0.01528E+03,0.00000E+03,0.00000E+03,+99999.9E+99,+99999.9E+99,+99999.9E+99,+99999.9E+99,+99999.9E+99,+99999.9E+99,+99999.9E+99,+99999.9E+99,+99999.9E+99,+99999.9E+99,+99999.9E+99,+99999.9E+99,1B00,0,0,0,1B00,76.7472E+00,77.0822E+00,76.8232E+00,76.8842E+00,72.0376E+00,72.6478E+00,72.1804E+00,72.2886E+00,76.7472E+00,77.0822E+00,76.8232E+00,0.0000E+00,0.0000E+00,0.0000E+00,69.9856E+00,70.2021E+00,70.1167E+00,105.313E+00,106.047E+00,105.439E+00,-104.256E+00,-104.730E+00,-104.300E+00,38.459E+00,38.271E+00,38.303E+00,+99999.9E+99,+99999.9E+99,+99999.9E+99,0.187E+00,11.9882E+00,11.8284E+00,12.1099E+00,11.9755E+00,10.5078E+00,10.4377E+00,10.6281E+00,10.5245E+00,11.9877E+00,11.8284E+00,12.1099E+00,-0.1023E+00,0.0000E+00,0.0000E+00,15.0514E+00,14.6439E+00,14.8381E+00,27.7105E+00,27.0914E+00,28.6190E+00,-26.3309E+00,-27.2195E+00,-26.7338E+00,40.005E+00,40.951E+00,40.066E+00,+99999.9E+99,+99999.9E+99,+99999.9E+99,1.707E+00,0.36019E+03,0.36262E+03,0.37494E+03,1.09775E+03,0.52655E+03,0.51042E+03,0.52702E+03,1.56400E+03,0.53550E+03,0.52983E+03,0.54327E+03,1.60860E+03,0.60744E+03,0.59041E+03,0.59981E+03,1.79752E+03,-0.39626E+03,-0.38630E+03,-0.39315E+03,-1.17571E+03,-0.30287E+03,-0.29674E+03,-0.28639E+03,-0.88600E+03,-0.67263E+00,-0.68441E+00,-0.69015E+00,-0.68243E+00,-0.86684E+00,-0.86452E+00,-0.87865E+00,-0.87009E+00,0.000E+00,119.972E+00,-119.858E+00,60.011E+00,-179.895E+00,-61.403E+00,-47.730E+00,-46.811E+00,-46.358E+00,-46.966E+00,201.935E+00,202.282E+00,201.802E+00,90.141E+00,+99999.9E+99,+99999.9E+99,0.00011E+06,-0.00063E+06,0.00000E+00,12.484E+00,0.757E+03,0.00099E+06,43.777E+00,F0F0F
2021/11/30,17:33:52,00000:00:17,700,38003F00,700,1F00,1F00,3F00,99.892E+00,0.000E+00,0.000E+00,110.951E+00,0.000E+00,0.000E+00,0.501E+00,0.000E+00,0.000E+00,99.891E+00,0.000E+00,0.000E+00,0.000E+00,0.000E+00,0.000E+00,100.907E+00,0.000E+00,0.000E+00,98.818E+00,0.000E+00,0.000E+00,109.312E+00,+99999.9E+99,+99999.9E+99,1.046E+00,+99999.9E+99,+99999.9E+99,12.0375E+00,0.00000E+00,0.00000E+00,12.3990E+00,0.00000E+00,0.00000E+00,4.5043E+00,0.00000E+00,0.00000E+00,11.1630E+00,0.00000E+00,0.00000E+00,2.9590E+00,0.00000E+00,0.00000E+00,18.2371E+00,0.0000E+00,0.0000E+00,4.2926E+00,0.0000E+00,0.0000E+00,111.682E+00,+99999.9E+99,+99999.9E+99,62.459E+00,+99999.9E+99,+99999.9E+99,1.11303E+03,0.00000E+03,0.00000E+03,0.00000E+03,0.00000E+03,0.00000E+03,1.20245E+03,0.00000E+03,0.00000E+03,0.00000E+03,0.00000E+03,0.00000E+03,0.45502E+03,0.00000E+03,0.00000E+03,0.00000E+03,0.00000E+03,0.00000E+03,0.92564E+00,0.00000E+00,0.00000E+00,0.81531E+00,0.40181E+00,0.85635E+00,0.000E+00,81.837E+00,128.989E+00,144.618E+00,-164.471E+00,-82.102E+00,22.235E+00,90.000E+00,90.000E+00,11.9961E+00,0.00000E+00,0.00000E+00,77.364E+00,100.000E+00,100.000E+00,0.25195E+03,0.00000E+03,0.00000E+03,+99999.9E+99,+99999.9E+99,+99999.9E+99,+99999.9E+99,+99999.9E+99,+99999.9E+99,+99999.9E+99,+99999.9E+99,+99999.9E+99,+99999.9E+99,+99999.9E+99,+99999.9E+99,1B00,0,0,0,1B00,76.5309E+00,76.6513E+00,76.5656E+00,76.5826E+00,72.4137E+00,72.8048E+00,72.5141E+00,72.5776E+00,76.5309E+00,76.6512E+00,76.5655E+00,0.0000E+00,0.0000E+00,0.0000E+00,72.8569E+00,72.6681E+00,72.6181E+00,105.874E+00,106.026E+00,105.621E+00,-104.073E+00,-105.320E+00,-104.554E+00,18.464E+00,18.083E+00,18.044E+00,+99999.9E+99,+99999.9E+99,+99999.9E+99,0.199E+00,9.5837E+00,9.1077E+00,9.2251E+00,9.3055E+00,8.2914E+00,7.8953E+00,7.9156E+00,8.0341E+00,9.5826E+00,9.1041E+00,9.2163E+00,-0.1460E+00,-0.2554E+00,0.4026E+00,6.1851E+00,6.5042E+00,6.8790E+00,26.0433E+00,24.2262E+00,25.1567E+00,-26.4343E+00,-25.5119E+00,-22.3614E+00,56.450E+00,52.287E+00,49.678E+00,+99999.9E+99,+99999.9E+99,+99999.9E+99,4.683E+00,0.29458E+03,0.27657E+03,0.28993E+03,0.86108E+03,0.22243E+03,0.23922E+03,0.24256E+03,0.70421E+03,0.42608E+03,0.40411E+03,0.40946E+03,1.23965E+03,0.25736E+03,0.26518E+03,0.27786E+03,0.79992E+03,-0.30784E+03,-0.29464E+03,-0.28914E+03,-0.89162E+03,-0.12945E+03,-0.11444E+03,-0.13554E+03,-0.37943E+03,-0.69138E+00,-0.68440E+00,-0.70807E+00,-0.69462E+00,-0.86428E+00,-0.90209E+00,-0.87296E+00,-0.88035E+00,0.000E+00,120.126E+00,-120.068E+00,60.111E+00,175.671E+00,-60.765E+00,-46.261E+00,-46.812E+00,-44.922E+00,-46.003E+00,201.960E+00,201.398E+00,202.129E+00,94.716E+00,+99999.9E+99,+99999.9E+99,0.00005E+06,-0.00054E+06,0.00000E+00,10.297E+00,0.756E+03,0.00082E+06,43.824E+00,F0F0F
2021/11/30,17:33:52,00000:00:17,750,38003D00,500,1C00,1C00,3800,99.892E+00,0.000E+00,0.000E+00,110.951E+00,0.000E+00,0.000E+00,0.501E+00,0.000E+00,0.000E+00,99.891E+00,0.000E+00,0.000E+00,0.000E+00,0.000E+00,0.000E+00,100.907E+00,0.000E+00,0.000E+00,98.818E+00,0.000E+00,0.000E+00,19.642E+00,+99999.9E+99,375.171E+00,1.046E+00,+99999.9E+99,+99999.9E+99,12.0375E+00,0.00000E+00,0.00000E+00,12.3990E+00,0.00000E+00,0.00000E+00,4.5043E+00,0.00000E+00,0.00000E+00,11.1630E+00,0.00000E+00,0.00000E+00,4.4983E+00,0.00000E+00,0.00000E+00,18.2371E+00,0.0000E+00,0.0000E+00,4.2926E+00,0.0000E+00,0.0000E+00,10.117E+00,+99999.9E+99,+99999.9E+99,62.459E+00,+99999.9E+99,+99999.9E+99,1.11303E+03,0.00000E+03,0.00000E+03,0.00000E+03,0.00000E+03,0.00000E+03,1.20245E+03,0.00000E+03,0.00000E+03,0.00000E+03,0.00000E+03,0.00000E+03,0.45502E+03,0.00000E+03,0.00000E+03,0.00000E+03,0.00000E+03,0.00000E+03,0.92564E+00,0.00000E+00,0.00000E+00,0.91840E+00,0.00632E+00,0.92746E+00,0.000E+00,137.714E+00,161.398E+00,156.694E+00,-132.649E+00,3.355E+00,22.235E+00,90.000E+00,90.000E+00,11.9961E+00,0.00000E+00,0.00000E+00,121.532E+00,100.000E+00,100.000E+00,-0.23966E+03,0.00000E+03,0.00000E+03,+99999.9E+99,+99999.9E+99,+99999.9E+99,+99999.9E+99,+99999.9E+99,+99999.9E+99,+99999.9E+99,+99999.9E+99,+99999.9E+99,+99999.9E+99,+99999.9E+99,+99999.9E+99,1B00,0,0,0,1B00,77.0114E+00,77.4579E+00,77.3266E+00,77.2653E+00,71.7094E+00,72.5631E+00,72.3095E+00,72.1940E+00,77.0114E+00,77.4579E+00,77.3266E+00,0.0000E+00,0.0000E+00,0.0000E+00,71.7621E+00,72.2868E+00,72.0934E+00,105.720E+00,105.999E+00,105.611E+00,-104.556E+00,-104.176E+00,-104.781E+00,25.198E+00,25.650E+00,25.504E+00,+99999.9E+99,+99999.9E+99,+99999.9E+99,0.420E+00,13.9534E+00,13.6251E+00,13.7604E+00,13.7796E+00,13.0338E+00,12.8378E+00,12.7866E+00,12.8861E+00,13.9524E+00,13.6228E+00,13.7540E+00,-0.1683E+00,-0.2496E+00,0.4190E+00,10.1527E+00,9.3545E+00,9.4746E+00,27.6048E+00,27.1500E+00,28.4371E+00,-26.6157E+00,-27.0271E+00,-26.6624E+00,43.988E+00,46.594E+00,47.141E+00,+99999.9E+99,+99999.9E+99,+99999.9E+99,6.387E+00,0.45555E+03,0.44320E+03,0.45394E+03,1.35269E+03,0.37093E+03,0.32743E+03,0.34989E+03,1.04825E+03,0.62871E+03,0.61414E+03,0.62232E+03,1.86517E+03,0.41415E+03,0.37806E+03,0.38050E+03,1.17136E+03,-0.43330E+03,-0.42514E+03,-0.42570E+03,-1.28413E+03,-0.18421E+03,-0.18900E+03,-0.14953E+03,-0.52274E+03,-0.72458E+00,-0.72166E+00,-0.72944E+00,-0.72524E+00,-0.89564E+00,-0.86607E+00,-0.91955E+00,-0.89490E+00,0.000E+00,119.929E+00,-119.680E+00,56.646E+00,179.841E+00,-66.694E+00,-43.566E+00,-43.808E+00,-43.161E+00,-43.511E+00,201.408E+00,202.165E+00,201.086E+00,90.629E+00,+99999.9E+99,+99999.9E+99,0.00013E+06,-0.00078E+06,0.00000E+00,15.456E+00,0.757E+03,0.00123E+06,43.590E+00,F0F08
2021/11/30,17:33:53,00000:00:17,800,38003F00,500,1F00,1F00,3F00,99.892E+00,0.000E+00,0.000E+00,110.951E+00,0.000E+00,0.000E+00,0.501E+00,0.000E+00,0.000E+00,99.891E+00,0.000E+00,0.000E+00,0.000E+00,0.000E+00,0.000E+00,100.907E+00,0.000E+00,0.000E+00,98.818E+00,0.000E+00,0.000E+00,19.642E+00,+99999.9E+99,375.171E+00,1.046E+00,+99999.9E+99,+99999.9E+99,12.0375E+00,0.00000E+00,0.00000E+00,12.3990E+00,0.00000E+00,0.00000E+00,4.5043E+00,0.00000E+00,0.00000E+00,11.1630E+00,0.00000E+00,0.00000E+00,4.4983E+00,0.00000E+00,0.00000E+00,18.2371E+00,0.0000E+00,0.0000E+00,4.2926E+00,0.0000E+00,0.0000E+00,10.117E+00,+99999.9E+99,+99999.9E+99,62.459E+00,+99999.9E+99,+99999.9E+99,1.11303E+03,0.00000E+03,0.00000E+03,0.00000E+03,0.00000E+03,0.00000E+03,1.20245E+03,0.00000E+03,0.00000E+03,0.00000E+03,0.00000E+03,0.00000E+03,0.45502E+03,0.00000E+03,0.00000E+03,0.00000E+03,0.00000E+03,0.00000E+03,0.92564E+00,0.00000E+00,0.00000E+00,0.91840E+00,0.00632E+00,0.92746E+00,0.000E+00,137.714E+00,161.398E+00,156.694E+00,-132.649E+00,3.355E+00,22.235E+00,90.000E+00,90.000E+00,11.9961E+00,0.00000E+00,0.00000E+00,75.215E+00,100.000E+00,100.000E+00,0.27587E+03,0.00000E+03,0.00000E+03,+99999.9E+99,+99999.9E+99,+99999.9E+99,+99999.9E+99,+99999.9E+99,+99999.9E+99,+99999.9E+99,+99999.9E+99,+99999.9E+99,+99999.9E+99,+99999.9E+99,+99999.9E+99,1B00,0,0,0,1B00,76.6818E+00,76.6188E+00,76.3772E+00,76.5593E+00,72.4448E+00,72.5242E+00,71.9260E+00,72.2983E+00,76.6818E+00,76.6188E+00,76.3772E+00,0.0000E+00,0.0000E+00,0.0000E+00,70.7596E+00,70.6797E+00,70.5011E+00,105.719E+00,106.057E+00,105.784E+00,-104.234E+00,-104.721E+00,-104.379E+00,35.734E+00,35.240E+00,35.751E+00,+99999.9E+99,+99999.9E+99,+99999.9E+99,0.216E+00,9.6258E+00,9.1970E+00,9.8159E+00,9.5462E+00,8.2037E+00,7.8316E+00,8.2528E+00,8.0960E+00,9.6249E+00,9.1970E+00,9.8159E+00,-0.1302E+00,0.0000E+00,0.0000E+00,13.3820E+00,13.4090E+00,13.9933E+00,26.4362E+00,24.9824E+00,27.3409E+00,-25.7490E+00,-23.5190E+00,-26.6500E+00,42.900E+00,42.209E+00,40.219E+00,+99999.9E+99,+99999.9E+99,+99999.9E+99,2.645E+00,0.27355E+03,0.27144E+03,0.29217E+03,0.83716E+03,0.46562E+03,0.48092E+03,0.49101E+03,1.43755E+03,0.42778E+03,0.40867E+03,0.43505E+03,1.27150E+03,0.54136E+03,0.54393E+03,0.56287E+03,1.64783E+03,-0.32889E+03,-0.30550E+03,-0.32234E+03,-0.95673E+03,-0.27616E+03,-0.25412E+03,-0.27519E+03,-0.80548E+03,-0.63946E+00,-0.66420E+00,-0.67158E+00,-0.65841E+00,-0.86010E+00,-0.88415E+00,-0.87233E+00,-0.87239E+00,0.000E+00,120.197E+00,-119.968E+00,60.628E+00,177.973E+00,-60.577E+00,-50.248E+00,-48.379E+00,-47.811E+00,-48.822E+00,201.923E+00,201.605E+00,202.428E+00,92.131E+00,+99999.9E+99,+99999.9E+99,0.00007E+06,-0.00050E+06,0.00000E+00,9.741E+00,0.756E+03,0.00077E+06,43.833E+00,F0F08
2021/11/30,17:33:53,00000:00:17,850,38003F00,700,1F00,1F00,3F00,99.892E+00,0.000E+00,0.000E+00,110.951E+00,0.000E+00,0.000E+00,0.501E+00,0.000E+00,0.000E+00,99.891E+00,0.000E+00,0.000E+00,0.000E+00,0.000E+00,0.000E+00,100.907E+00,0.000E+00,0.000E+00,98.818E+00,0.000E+00,0.000E+00,67.551E+00,+99999.9E+99,+99999.9E+99,1.046E+00,+99999.9E+99,+99999.9E+99,12.0375E+00,0.00000E+00,0.00000E+00,12.3990E+00,0.00000E+00,0.00000E+00,4.5043E+00,0.00000E+00,0.00000E+00,11.1630E+00,0.00000E+00,0.00000E+00,4.0351E+00,0.00000E+00,0.00000E+00,18.2371E+00,0.0000E+00,0.0000E+00,4.2926E+00,0.0000E+00,0.0000E+00,49.161E+00,+99999.9E+99,+99999.9E+99,62.459E+00,+99999.9E+99,+99999.9E+99,1.11303E+03,0.00000E+03,0.00000E+03,0.00000E+03,0.00000E+03,0.00000E+03,1.20245E+03,0.00000E+03,0.00000E+03,0.00000E+03,0.00000E+03,0.00000E+03,0.45502E+03,0.00000E+03,0.00000E+03,0.00000E+03,0.00000E+03,0.00000E+03,0.92564E+00,0.00000E+00,0.00000E+00,0.88221E+00,0.49607E+00,0.31706E+00,0.000E+00,171.645E+00,152.176E+00,151.910E+00,-68.614E+00,80.661E+00,22.235E+00,90.000E+00,90.000E+00,11.9961E+00,0.00000E+00,0.00000E+00,95.704E+00,100.000E+00,100.000E+00,0.04781E+03,0.00000E+03,0.00000E+03,+99999.9E+99,+99999.9E+99,+99999.9E+99,+99999.9E+99,+99999.9E+99,+99999.9E+99,+99999.9E+99,+99999.9E+99,+99999.9E+99,+99999.9E+99,+99999.9E+99,+99999.9E+99,1B00,0,0,0,1B00,76.4990E+00,77.0123E+00,77.0031E+00,76.8381E+00,71.8540E+00,72.8183E+00,72.7874E+00,72.4865E+00,76.4989E+00,77.0123E+00,77.0031E+00,0.0000E+00,0.0000E+00,0.0000E+00,73.0835E+00,73.1933E+00,73.0824E+00,105.804E+00,106.056E+00,105.759E+00,-104.551E+00,-104.907E+00,-104.811E+00,13.241E+00,13.150E+00,13.516E+00,+99999.9E+99,+99999.9E+99,+99999.9E+99,0.104E+00,11.7758E+00,11.5437E+00,11.3377E+00,11.5524E+00,10.1751E+00,10.0430E+00,9.7502E+00,9.9894E+00,11.7747E+00,11.5377E+00,11.3250E+00,-0.1644E+00,-0.3704E+00,0.5360E+00,4.3690E+00,4.1058E+00,4.3408E+00,27.7005E+00,27.3286E+00,28.5529E+00,-26.6633E+00,-26.9100E+00,-26.0533E+00,63.645E+00,65.436E+00,61.696E+00,+99999.9E+99,+99999.9E+99,+99999.9E+99,3.068E+00,0.36606E+03,0.34752E+03,0.35164E+03,1.06522E+03,0.15161E+03,0.14749E+03,0.15704E+03,0.45614E+03,0.52552E+03,0.51456E+03,0.50802E+03,1.54810E+03,0.17974E+03,0.17194E+03,0.18034E+03,0.53189E+03,-0.37705E+03,-0.37948E+03,-0.36665E+03,-1.12318E+03,-0.09654E+03,-0.08839E+03,-0.08866E+03,-0.27359E+03,-0.69657E+00,-0.67537E+00,-0.69218E+00,-0.68808E+00,-0.84350E+00,-0.85776E+00,-0.87082E+00,-0.85757E+00,0.000E+00,120.050E+00,-119.903E+00,62.535E+00,-179.065E+00,-60.455E+00,-45.847E+00,-47.517E+00,-46.197E+00,-46.521E+00,201.849E+00,201.750E+00,201.214E+00,93.165E+00,+99999.9E+99,+99999.9E+99,0.00007E+06,-0.00064E+06,0.00000E+00,12.537E+00,0.756E+03,0.00099E+06,43.828E+00,F0F08
2021/11/30,17:33:53,00000:00:17,900,38003F00,2800,3B00,3B00,3F00,99.986E+00,0.000E+00,0.000E+00,111.056E+00,0.000E+00,0.000E+00,0.512E+00,0.000E+00,0.000E+00,99.985E+00,0.000E+00,0.000E+00,0.000E+00,0.000E+00,0.000E+00,101.004E+00,0.000E+00,0.000E+00,98.771E+00,0.000E+00,0.000E+00,33.431E+00,+99999.9E+99,354.794E+00,1.116E+00,+99999.9E+99,+99999.9E+99,11.5515E+00,0.00000E+00,0.00000E+00,11.6985E+00,0.00000E+00,0.00000E+00,4.7440E+00,0.00000E+00,0.00000E+00,10.5323E+00,0.00000E+00,0.00000E+00,4.5015E+00,0.00000E+00,0.00000E+00,18.3117E+00,0.0000E+00,0.0000E+00,3.4100E+00,0.0000E+00,0.0000E+00,36.967E+00,+99999.9E+99,+99999.9E+99,70.742E+00,+99999.9E+99,+99999.9E+99,1.05089E+03,0.00000E+03,0.00000E+03,0.00000E+03,0.00000E+03,0.00000E+03,1.15499E+03,0.00000E+03,0.00000E+03,0.00000E+03,0.00000E+03,0.00000E+03,0.47919E+03,0.00000E+03,0.00000E+03,0.00000E+03,0.00000E+03,0.00000E+03,0.90987E+00,0.00000E+00,0.00000E+00,0.93250E+00,0.82344E+00,0.67618E+00,0.000E+00,152.848E+00,155.746E+00,158.829E+00,118.279E+00,108.292E+00,24.512E+00,90.000E+00,90.000E+00,0.00000E+00,0.00000E+00,0.00000E+00,121.745E+00,100.000E+00,100.000E+00,-0.22852E+03,0.00000E+03,0.00000E+03,+99999.9E+99,+99999.9E+99,+99999.9E+99,+99999.9E+99,+99999.9E+99,+99999.9E+99,+99999.9E+99,+99999.9E+99,+99999.9E+99,+99999.9E+99,+99999.9E+99,+99999.9E+99,1B00,0,0,0,1B00,77.1851E+00,77.2060E+00,76.9834E+00,77.1248E+00,72.1505E+00,72.3623E+00,71.8206E+00,72.1111E+00,77.1851E+00,77.2060E+00,76.9834E+00,0.0000E+00,0.0000E+00,0.0000E+00,70.4236E+00,71.0115E+00,70.8846E+00,105.351E+00,105.706E+00,105.481E+00,-104.440E+00,-104.729E+00,-104.693E+00,34.707E+00,34.790E+00,34.728E+00,+99999.9E+99,+99999.9E+99,+99999.9E+99,0.507E+00,13.4655E+00,13.0218E+00,13.4181E+00,13.3018E+00,12.4329E+00,12.0044E+00,12.3737E+00,12.2703E+00,13.4646E+00,13.0218E+00,13.4165E+00,-0.1513E+00,0.0000E+00,0.2077E+00,14.1655E+00,13.2298E+00,13.2254E+00,27.6314E+00,26.7281E+00,28.2200E+00,-26.6071E+00,-26.7052E+00,-26.1676E+00,39.467E+00,41.771E+00,41.933E+00,+99999.9E+99,+99999.9E+99,+99999.9E+99,4.408E+00,0.42424E+03,0.41599E+03,0.43918E+03,1.27942E+03,0.50651E+03,0.46336E+03,0.48887E+03,1.45875E+03,0.60633E+03,0.58629E+03,0.60302E+03,1.79564E+03,0.57035E+03,0.53472E+03,0.54003E+03,1.64416E+03,-0.43320E+03,-0.41315E+03,-0.41321E+03,-1.25956E+03,-0.26219E+03,-0.26687E+03,-0.22942E+03,-0.75849E+03,-0.69968E+00,-0.70953E+00,-0.72831E+00,-0.71251E+00,-0.88807E+00,-0.86655E+00,-0.90527E+00,-0.88723E+00,0.000E+00,119.848E+00,-119.663E+00,57.645E+00,179.725E+00,-64.736E+00,-45.599E+00,-44.803E+00,-43.255E+00,-44.560E+00,201.195E+00,201.486E+00,201.763E+00,89.735E+00,+99999.9E+99,+99999.9E+99,0.00013E+06,-0.00073E+06,0.00000E+00,14.482E+00,0.757E+03,0.00115E+06,43.560E+00,F0F08
2021/11/30,17:33:53,00000:00:17,950,38003F00,2D00,3F00,3F00,3F00,99.986E+00,0.000E+00,0.000E+00,111.056E+00,0.000E+00,0.000E+00,0.512E+00,0.000E+00,0.000E+00,99.985E+00,0.000E+00,0.000E+00,0.000E+00,0.000E+00,0.000E+00,101.004E+00,0.000E+00,0.000E+00,98.771E+00,0.000E+00,0.000E+00,33.431E+00,+99999.9E+99,354.794E+00,1.116E+00,+99999.9E+99,+99999.9E+99,11.5515E+00,0.00000E+00,0.00000E+00,11.6985E+00,0.00000E+00,0.00000E+00,4.7440E+00,0.00000E+00,0.00000E+00,10.5323E+00,0.00000E+00,0.00000E+00,4.5015E+00,0.00000E+00,0.00000E+00,18.3117E+00,0.0000E+00,0.0000E+00,3.4100E+00,0.0000E+00,0.0000E+00,36.967E+00,+99999.9E+99,+99999.9E+99,70.742E+00,+99999.9E+99,+99999.9E+99,1.05089E+03,0.00000E+03,0.00000E+03,0.00000E+03,0.00000E+03,0.00000E+03,1.15499E+03,0.00000E+03,0.00000E+03,0.00000E+03,0.00000E+03,0.00000E+03,0.47919E+03,0.00000E+03,0.00000E+03,0.00000E+03,0.00000E+03,0.00000E+03,0.90987E+00,0.00000E+00,0.00000E+00,0.93250E+00,0.82344E+00,0.67618E+00,0.000E+00,152.848E+00,155.746E+00,158.829E+00,118.279E+00,108.292E+00,24.512E+00,90.000E+00,90.000E+00,0.00000E+00,0.00000E+00,0.00000E+00,74.908E+00,100.000E+00,100.000E+00,0.26369E+03,0.00000E+03,0.00000E+03,+99999.9E+99,+99999.9E+99,+99999.9E+99,+99999.9E+99,+99999.9E+99,+99999.9E+99,+99999.9E+99,+99999.9E+99,+99999.9E+99,+99999.9E+99,+99999.9E+99,+99999.9E+99,1B00,0,0,0,1B00,76.2712E+00,76.6203E+00,76.4902E+00,76.4605E+00,72.2004E+00,72.8793E+00,72.6232E+00,72.5676E+00,76.2712E+00,76.6203E+00,76.4902E+00,0.0000E+00,0.0000E+00,0.0000E+00,71.2586E+00,71.1631E+00,71.0023E+00,105.840E+00,106.127E+00,105.829E+00,-104.936E+00,-103.999E+00,-104.656E+00,31.642E+00,30.936E+00,31.587E+00,+99999.9E+99,+99999.9E+99,+99999.9E+99,0.220E+00,8.3301E+00,8.2659E+00,8.2235E+00,8.2732E+00,7.4224E+00,7.3727E+00,7.3173E+00,7.3708E+00,8.3295E+00,8.2649E+00,8.2203E+00,-0.1024E+00,-0.1266E+00,0.2302E+00,11.6406E+00,11.6146E+00,12.2182E+00,22.4205E+00,20.9533E+00,20.5948E+00,-18.7486E+00,-19.2019E+00,-20.0238E+00,45.209E+00,44.244E+00,42.179E+00,+99999.9E+99,+99999.9E+99,+99999.9E+99,3.378E+00,0.26404E+03,0.25845E+03,0.26472E+03,0.78720E+03,0.40042E+03,0.42032E+03,0.42806E+03,1.24880E+03,0.36853E+03,0.36599E+03,0.36503E+03,1.09955E+03,0.46757E+03,0.47419E+03,0.49318E+03,1.43449E+03,-0.25710E+03,-0.25914E+03,-0.25134E+03,-0.76758E+03,-0.24143E+03,-0.21952E+03,-0.24493E+03,-0.70589E+03,-0.71645E+00,-0.70616E+00,-0.72520E+00,-0.71593E+00,-0.85638E+00,-0.88639E+00,-0.86796E+00,-0.87055E+00,0.000E+00,120.197E+00,-119.975E+00,61.038E+00,177.700E+00,-60.073E+00,-44.237E+00,-45.076E+00,-43.515E+00,-44.280E+00,202.250E+00,201.832E+00,201.840E+00,94.832E+00,+99999.9E+99,+99999.9E+99,0.00004E+06,-0.00049E+06,0.00000E+00,9.436E+00,0.755E+03,0.00075E+06,43.970E+00,F0F08
2021/11/30,17:33:53,00000:00:18,0,38003800,2800,3800,3800,3800,99.807E+00,0.000E+00,0.000E+00,110.856E+00,0.000E+00,0.000E+00,0.491E+00,0.000E+00,0.000E+00,99.806E+00,0.000E+00,0.000E+00,0.000E+00,0.000E+00,0.000E+00,100.950E+00,0.000E+00,0.000E+00,98.814E+00,0.000E+00,0.000E+00,33.431E+00,+99999.9E+99,354.794E+00,1.070E+00,+99999.9E+99,+99999.9E+99,12.2805E+00,0.00000E+00,0.00000E+00,12.7876E+00,0.00000E+00,0.00000E+00,4.2735E+00,0.00000E+00,0.00000E+00,11.5129E+00,0.00000E+00,0.00000E+00,4.5015E+00,0.00000E+00,0.00000E+00,18.2455E+00,0.0000E+00,0.0000E+00,4.2610E+00,0.0000E+00,0.0000E+00,36.967E+00,+99999.9E+99,+99999.9E+99,60.734E+00,+99999.9E+99,+99999.9E+99,1.14718E+03,0.00000E+03,0.00000E+03,0.00000E+03,0.00000E+03,0.00000E+03,1.22567E+03,0.00000E+03,0.00000E+03,0.00000E+03,0.00000E+03,0.00000E+03,-0.43158E+03,0.00000E+03,0.00000E+03,0.00000E+03,0.00000E+03,0.00000E+03,-0.93596E+00,0.00000E+00,0.00000E+00,0.93250E+00,0.82344E+00,0.67618E+00,0.000E+00,152.848E+00,155.746E+00,158.829E+00,118.279E+00,108.292E+00,-20.617E+00,90.000E+00,90.000E+00,9.33499E+00,0.00000E+00,0.00000E+00,110.371E+00,100.000E+00,100.000E+00,-0.11898E+03,0.00000E+03,0.00000E+03,+99999.9E+99,+99999.9E+99,+99999.9E+99,+99999.9E+99,+99999.9E+99,+99999.9E+99,+99999.9E+99,+99999.9E+99,+99999.9E+99,+99999.9E+99,+99999.9E+99,+99999.9E+99,1B00,0,0,0,1B00,77.0615E+00,77.1980E+00,77.0970E+00,77.1188E+00,72.1462E+00,72.5858E+00,72.2687E+00,72.3335E+00,77.0615E+00,77.1980E+00,77.0970E+00,0.0000E+00,0.0000E+00,0.0000E+00,72.9780E+00,73.2212E+00,73.0821E+00,105.831E+00,106.006E+00,105.680E+00,-104.850E+00,-105.259E+00,-104.219E+00,14.179E+00,14.424E+00,14.560E+00,+99999.9E+99,+99999.9E+99,+99999.9E+99,0.195E+00,13.4397E+00,12.9876E+00,13.1791E+00,13.2022E+00,12.2407E+00,11.7778E+00,11.8437E+00,11.9541E+00,13.4385E+00,12.9843E+00,13.1705E+00,-0.1818E+00,-0.2925E+00,0.4757E+00,5.2862E+00,4.8001E+00,4.9663E+00,27.6448E+00,27.2805E+00,28.5538E+00,-26.6505E+00,-26.9119E+00,-26.8343E+00,54.155E+00,58.252E+00,56.061E+00,+99999.9E+99,+99999.9E+99,+99999.9E+99,4.473E+00,0.43017E+03,0.40951E+03,0.42648E+03,1.26616E+03,0.19113E+03,0.17592E+03,0.18836E+03,0.55541E+03,0.60511E+03,0.58355E+03,0.59219E+03,1.78085E+03,0.21575E+03,0.20033E+03,0.20650E+03,0.62225E+03,-0.42558E+03,-0.41573E+03,-0.41086E+03,-1.25216E+03,-0.10009E+03,-0.09585E+03,-0.08464E+03,-0.28058E+03,-0.71089E+00,-0.70176E+00,-0.72017E+00,-0.71099E+00,-0.88589E+00,-0.87812E+00,-0.91214E+00,-0.89257E+00,0.000E+00,120.017E+00,-119.827E+00,57.748E+00,178.538E+00,-65.675E+00,-44.693E+00,-45.431E+00,-43.931E+00,-44.685E+00,201.137E+00,201.309E+00,201.659E+00,90.786E+00,+99999.9E+99,+99999.9E+99,0.00012E+06,-0.00074E+06,0.00000E+00,14.503E+00,0.757E+03,0.00115E+06,43.556E+00,F0F08
2021/11/30,17:33:53,00000:00:18,50,38003F00,0,1B00,1B00,3F00,99.920E+00,0.000E+00,0.000E+00,110.981E+00,0.000E+00,0.000E+00,0.505E+00,0.000E+00,0.000E+00,99.918E+00,0.000E+00,0.000E+00,0.000E+00,0.000E+00,0.000E+00,100.921E+00,0.000E+00,0.000E+00,98.814E+00,0.000E+00,0.000E+00,102.958E+00,+99999.9E+99,+99999.9E+99,1.054E+00,+99999.9E+99,+99999.9E+99,11.8530E+00,0.00000E+00,0.00000E+00,12.1547E+00,0.00000E+00,0.00000E+00,4.5546E+00,0.00000E+00,0.00000E+00,10.9431E+00,0.00000E+00,0.00000E+00,2.8688E+00,0.00000E+00,0.00000E+00,18.1340E+00,0.0000E+00,0.0000E+00,4.1650E+00,0.0000E+00,0.0000E+00,105.461E+00,+99999.9E+99,+99999.9E+99,63.826E+00,+99999.9E+99,+99999.9E+99,1.09135E+03,0.00000E+03,0.00000E+03,0.00000E+03,0.00000E+03,0.00000E+03,1.18435E+03,0.00000E+03,0.00000E+03,0.00000E+03,0.00000E+03,0.00000E+03,0.46004E+03,0.00000E+03,0.00000E+03,0.00000E+03,0.00000E+03,0.00000E+03,0.92148E+00,0.00000E+00,0.00000E+00,0.82632E+00,0.87068E+00,0.78141E+00,0.000E+00,115.347E+00,129.876E+00,145.722E+00,-35.190E+00,91.265E+00,22.857E+00,90.000E+00,90.000E+00,12.5925E+00,0.00000E+00,0.00000E+00,100.138E+00,100.000E+00,100.000E+00,-0.00151E+03,0.00000E+03,0.00000E+03,+99999.9E+99,+99999.9E+99,+99999.9E+99,+99999.9E+99,+99999.9E+99,+99999.9E+99,+99999.9E+99,+99999.9E+99,+99999.9E+99,+99999.9E+99,+99999.9E+99,+99999.9E+99,1B00,0,0,0,1B00,76.7529E+00,77.0944E+00,76.8242E+00,76.8905E+00,72.0395E+00,72.6737E+00,72.1771E+00,72.2968E+00,76.7529E+00,77.0944E+00,76.8242E+00,0.0000E+00,0.0000E+00,0.0000E+00,70.1183E+00,70.4894E+00,70.4403E+00,105.434E+00,105.964E+00,105.506E+00,-104.331E+00,-104.449E+00,-104.273E+00,37.564E+00,37.561E+00,37.488E+00,+99999.9E+99,+99999.9E+99,+99999.9E+99,0.336E+00,11.9540E+00,11.7801E+00,12.0732E+00,11.9358E+00,10.4763E+00,10.3949E+00,10.5905E+00,10.4872E+00,11.9533E+00,11.7801E+00,12.0732E+00,-0.1272E+00,0.0000E+00,0.0000E+00,15.0843E+00,14.4785E+00,14.4935E+00,27.5533E+00,27.1276E+00,28.4100E+00,-26.2662E+00,-27.0271E+00,-26.6400E+00,39.211E+00,40.686E+00,40.551E+00,+99999.9E+99,+99999.9E+99,+99999.9E+99,2.897E+00,0.35870E+03,0.36074E+03,0.37342E+03,1.09286E+03,0.53785E+03,0.50683E+03,0.52675E+03,1.57143E+03,0.53407E+03,0.52774E+03,0.54158E+03,1.60339E+03,0.60981E+03,0.58326E+03,0.58893E+03,1.78157E+03,-0.39569E+03,-0.38519E+03,-0.39226E+03,-1.17314E+03,-0.28738E+03,-0.28866E+03,-0.26338E+03,-0.83942E+03,-0.67162E+00,-0.68357E+00,-0.68950E+00,-0.68159E+00,-0.88199E+00,-0.86895E+00,-0.89442E+00,-0.88204E+00,0.000E+00,119.870E+00,-119.800E+00,58.293E+00,179.510E+00,-63.387E+00,-47.808E+00,-46.877E+00,-46.410E+00,-47.032E+00,202.192E+00,202.341E+00,201.770E+00,90.424E+00,+99999.9E+99,+99999.9E+99,0.00010E+06,-0.00063E+06,0.00000E+00,12.467E+00,0.757E+03,0.00099E+06,43.847E+00,F0F0F
2021/11/30,17:33:53,00000:00:18,100,38003F00,700,1F00,1F00,3F00,99.920E+00,0.000E+00,0.000E+00,110.981E+00,0.000E+00,0.000E+00,0.505E+00,0.000E+00,0.000E+00,99.918E+00,0.000E+00,0.000E+00,0.000E+00,0.000E+00,0.000E+00,100.921E+00,0.000E+00,0.000E+00,98.814E+00,0.000E+00,0.000E+00,18.477E+00,+99999.9E+99,380.043E+00,1.054E+00,+99999.9E+99,+99999.9E+99,11.8530E+00,0.00000E+00,0.00000E+00,12.1547E+00,0.00000E+00,0.00000E+00,4.5546E+00,0.00000E+00,0.00000E+00,10.9431E+00,0.00000E+00,0.00000E+00,4.6713E+00,0.00000E+00,0.00000E+00,18.1340E+00,0.0000E+00,0.0000E+00,4.1650E+00,0.0000E+00,0.0000E+00,8.316E+00,+99999.9E+99,+99999.9E+99,63.826E+00,+99999.9E+99,+99999.9E+99,1.09135E+03,0.00000E+03,0.00000E+03,0.00000E+03,0.00000E+03,0.00000E+03,1.18435E+03,0.00000E+03,0.00000E+03,0.00000E+03,0.00000E+03,0.00000E+03,0.46004E+03,0.00000E+03,0.00000E+03,0.00000E+03,0.00000E+03,0.00000E+03,0.92148E+00,0.00000E+00,0.00000E+00,0.91798E+00,0.99778E+00,0.94822E+00,0.000E+00,-97.744E+00,177.775E+00,156.633E+00,-93.921E+00,-163.707E+00,22.857E+00,90.000E+00,90.000E+00,12.5925E+00,0.00000E+00,0.00000E+00,78.536E+00,100.000E+00,100.000E+00,0.23425E+03,0.00000E+03,0.00000E+03,+99999.9E+99,+99999.9E+99,+99999.9E+99,+99999.9E+99,+99999.9E+99,+99999.9E+99,+99999.9E+99,+99999.9E+99,+99999.9E+99,+99999.9E+99,+99999.9E+99,+99999.9E+99,1B00,0,0,0,1B00,76.5684E+00,76.6248E+00,76.5712E+00,76.5881E+00,72.4531E+00,72.7818E+00,72.5270E+00,72.5873E+00,76.5684E+00,76.6248E+00,76.5711E+00,0.0000E+00,0.0000E+00,0.0000E+00,72.4749E+00,72.2625E+00,72.2624E+00,105.723E+00,106.064E+00,105.741E+00,-104.697E+00,-104.804E+00,-105.374E+00,22.508E+00,21.573E+00,22.128E+00,+99999.9E+99,+99999.9E+99,+99999.9E+99,0.194E+00,9.5843E+00,9.0649E+00,9.1907E+00,9.2800E+00,8.2874E+00,7.8597E+00,7.8859E+00,8.0110E+00,9.5832E+00,9.0614E+00,9.1821E+00,-0.1472E+00,-0.2497E+00,0.3980E+00,7.7149E+00,8.1270E+00,8.3187E+00,26.2814E+00,24.1276E+00,25.0843E+00,-26.6786E+00,-25.3229E+00,-22.4429E+00,52.456E+00,48.382E+00,47.251E+00,+99999.9E+99,+99999.9E+99,+99999.9E+99,4.429E+00,0.29396E+03,0.27421E+03,0.28894E+03,0.85711E+03,0.27362E+03,0.29403E+03,0.29628E+03,0.86394E+03,0.42654E+03,0.40223E+03,0.40769E+03,1.23647E+03,0.31681E+03,0.32712E+03,0.34079E+03,0.98420E+03,-0.30908E+03,-0.29428E+03,-0.28762E+03,-0.89098E+03,-0.15969E+03,-0.14336E+03,-0.16839E+03,-0.47144E+03,-0.68916E+00,-0.68171E+00,-0.70873E+00,-0.69319E+00,-0.86367E+00,-0.89886E+00,-0.86940E+00,-0.87781E+00,0.000E+00,120.091E+00,-120.098E+00,60.173E+00,176.085E+00,-60.393E+00,-46.436E+00,-47.023E+00,-44.868E+00,-46.117E+00,201.749E+00,201.431E+00,202.150E+00,94.480E+00,+99999.9E+99,+99999.9E+99,0.00005E+06,-0.00054E+06,0.00000E+00,10.222E+00,0.757E+03,0.00081E+06,43.754E+00,F0F08
2021/11/30,17:33:53,00000:00:18,150,38003F00,700,1F00,1F00,3F00,99.920E+00,0.000E+00,0.000E+00,110.981E+00,0.000E+00,0.000E+00,0.505E+00,0.000E+00,0.000E+00,99.918E+00,0.000E+00,0.000E+00,0.000E+00,0.000E+00,0.000E+00,100.921E+00,0.000E+00,0.000E+00,98.814E+00,0.000E+00,0.000E+00,18.477E+00,+99999.9E+99,380.043E+00,1.054E+00,+99999.9E+99,+99999.9E+99,11.8530E+00,0.00000E+00,0.00000E+00,12.1547E+00,0.00000E+00,0.00000E+00,4.5546E+00,0.00000E+00,0.00000E+00,10.9431E+00,0.00000E+00,0.00000E+00,4.6713E+00,0.00000E+00,0.00000E+00,18.1340E+00,0.0000E+00,0.0000E+00,4.1650E+00,0.0000E+00,0.0000E+00,8.316E+00,+99999.9E+99,+99999.9E+99,63.826E+00,+99999.9E+99,+99999.9E+99,1.09135E+03,0.00000E+03,0.00000E+03,0.00000E+03,0.00000E+03,0.00000E+03,1.18435E+03,0.00000E+03,0.00000E+03,0.00000E+03,0.00000E+03,0.00000E+03,0.46004E+03,0.00000E+03,0.00000E+03,0.00000E+03,0.00000E+03,0.00000E+03,0.92148E+00,0.00000E+00,0.00000E+00,0.91798E+00,0.99778E+00,0.94822E+00,0.000E+00,-97.744E+00,177.775E+00,156.633E+00,-93.921E+00,-163.707E+00,22.857E+00,90.000E+00,90.000E+00,12.5925E+00,0.00000E+00,0.00000E+00,124.004E+00,100.000E+00,100.000E+00,-0.26197E+03,0.00000E+03,0.00000E+03,+99999.9E+99,+99999.9E+99,+99999.9E+99,+99999.9E+99,+99999.9E+99,+99999.9E+99,+99999.9E+99,+99999.9E+99,+99999.9E+99,+99999.9E+99,+99999.9E+99,+99999.9E+99,1B00,0,0,0,1B00,77.0143E+00,77.4764E+00,77.3293E+00,77.2733E+00,71.7269E+00,72.5937E+00,72.3250E+00,72.2152E+00,77.0143E+00,77.4764E+00,77.3293E+00,0.0000E+00,0.0000E+00,0.0000E+00,72.3183E+00,72.8011E+00,72.6642E+00,105.471E+00,105.950E+00,105.611E+00,-105.057E+00,-105.256E+00,-104.884E+00,20.188E+00,20.200E+00,20.540E+00,+99999.9E+99,+99999.9E+99,+99999.9E+99,0.402E+00,13.9453E+00,13.6191E+00,13.7627E+00,13.7757E+00,13.0318E+00,12.8303E+00,12.8015E+00,12.8879E+00,13.9443E+00,13.6174E+00,13.7574E+00,-0.1648E+00,-0.2170E+00,0.3831E+00,8.0585E+00,7.4297E+00,7.2876E+00,27.7105E+00,27.0957E+00,28.6290E+00,-26.5352E+00,-27.1848E+00,-26.7314E+00,46.890E+00,49.493E+00,51.068E+00,+99999.9E+99,+99999.9E+99,+99999.9E+99,7.344E+00,0.45515E+03,0.44351E+03,0.45467E+03,1.35332E+03,0.29445E+03,0.25498E+03,0.27548E+03,0.82490E+03,0.62824E+03,0.61404E+03,0.62266E+03,1.86493E+03,0.32850E+03,0.29528E+03,0.29809E+03,0.92048E+03,-0.43304E+03,-0.42467E+03,-0.42542E+03,-1.28313E+03,-0.14565E+03,-0.14892E+03,-0.11388E+03,-0.40845E+03,-0.72448E+00,-0.72228E+00,-0.73020E+00,-0.72567E+00,-0.89634E+00,-0.86351E+00,-0.92414E+00,-0.89616E+00,0.000E+00,119.895E+00,-119.719E+00,56.541E+00,-179.877E+00,-67.421E+00,-43.574E+00,-43.757E+00,-43.097E+00,-43.476E+00,201.787E+00,202.170E+00,201.140E+00,90.320E+00,+99999.9E+99,+99999.9E+99,0.00013E+06,-0.00078E+06,0.00000E+00,15.409E+00,0.758E+03,0.00122E+06,43.690E+00,F0F08
2021/11/30,17:33:53,00000:00:18,200,38003D00,500,1C00,1C00,3800,99.920E+00,0.000E+00,0.000E+00,110.981E+00,0.000E+00,0.000E+00,0.505E+00,0.000E+00,0.000E+00,99.918E+00,0.000E+00,0.000E+00,0.000E+00,0.000E+00,0.000E+00,100.921E+00,0.000E+00,0.000E+00,98.814E+00,0.000E+00,0.000E+00,67.546E+00,+99999.9E+99,+99999.9E+99,1.054E+00,+99999.9E+99,+99999.9E+99,11.8530E+00,0.00000E+00,0.00000E+00,12.1547E+00,0.00000E+00,0.00000E+00,4.5546E+00,0.00000E+00,0.00000E+00,10.9431E+00,0.00000E+00,0.00000E+00,4.0341E+00,0.00000E+00,0.00000E+00,18.1340E+00,0.0000E+00,0.0000E+00,4.1650E+00,0.0000E+00,0.0000E+00,49.095E+00,+99999.9E+99,+99999.9E+99,63.826E+00,+99999.9E+99,+99999.9E+99,1.09135E+03,0.00000E+03,0.00000E+03,0.00000E+03,0.00000E+03,0.00000E+03,1.18435E+03,0.00000E+03,0.00000E+03,0.00000E+03,0.00000E+03,0.00000E+03,0.46004E+03,0.00000E+03,0.00000E+03,0.00000E+03,0.00000E+03,0.00000E+03,0.92148E+00,0.00000E+00,0.00000E+00,0.88275E+00,0.46675E+00,0.96612E+00,0.000E+00,-51.800E+00,158.997E+00,151.975E+00,10.377E+00,173.954E+00,22.857E+00,90.000E+00,90.000E+00,12.5925E+00,0.00000E+00,0.00000E+00,77.912E+00,100.000E+00,100.000E+00,0.24106E+03,0.00000E+03,0.00000E+03,+99999.9E+99,+99999.9E+99,+99999.9E+99,+99999.9E+99,+99999.9E+99,+99999.9E+99,+99999.9E+99,+99999.9E+99,+99999.9E+99,+99999.9E+99,+99999.9E+99,+99999.9E+99,1B00,0,0,0,1B00,76.7071E+00,76.6485E+00,76.3816E+00,76.5791E+00,72.5234E+00,72.6098E+00,71.9774E+00,72.3702E+00,76.7071E+00,76.6485E+00,76.3816E+00,0.0000E+00,0.0000E+00,0.0000E+00,70.2749E+00,70.3150E+00,70.2084E+00,105.846E+00,106.034E+00,105.576E+00,-104.293E+00,-104.776E+00,-104.316E+00,38.299E+00,37.948E+00,38.145E+00,+99999.9E+99,+99999.9E+99,+99999.9E+99,0.079E+00,9.6045E+00,9.1789E+00,9.7951E+00,9.5262E+00,8.2858E+00,7.9330E+00,8.3442E+00,8.1876E+00,9.6040E+00,9.1789E+00,9.7951E+00,-0.1004E+00,0.0000E+00,0.0000E+00,14.7208E+00,14.6116E+00,14.9459E+00,26.3824E+00,24.8838E+00,27.1752E+00,-25.5962E+00,-23.5048E+00,-26.5224E+00,40.887E+00,40.846E+00,39.514E+00,+99999.9E+99,+99999.9E+99,+99999.9E+99,1.424E+00,0.27765E+03,0.27645E+03,0.29619E+03,0.85029E+03,0.51562E+03,0.51770E+03,0.52960E+03,1.56292E+03,0.42704E+03,0.40833E+03,0.43437E+03,1.26974E+03,0.59526E+03,0.59005E+03,0.60423E+03,1.78945E+03,-0.32446E+03,-0.30052E+03,-0.31772E+03,-0.94270E+03,-0.29745E+03,-0.28310E+03,-0.29090E+03,-0.87144E+03,-0.65017E+00,-0.67702E+00,-0.68189E+00,-0.66966E+00,-0.86620E+00,-0.87739E+00,-0.87648E+00,-0.87341E+00,0.000E+00,120.069E+00,-119.939E+00,59.997E+00,178.696E+00,-61.133E+00,-49.445E+00,-47.389E+00,-47.009E+00,-47.959E+00,201.946E+00,201.914E+00,202.568E+00,92.244E+00,+99999.9E+99,+99999.9E+99,0.00007E+06,-0.00051E+06,0.00000E+00,9.899E+00,0.757E+03,0.00078E+06,43.802E+00,F0F08
2021/11/30,17:33:53,00000:00:18,250,38003F00,2A00,3B00,3B00,3F00,99.992E+00,0.000E+00,0.000E+00,111.061E+00,0.000E+00,0.000E+00,0.507E+00,0.000E+00,0.000E+00,99.990E+00,0.000E+00,0.000E+00,0.000E+00,0.000E+00,0.000E+00,100.950E+00,0.000E+00,0.000E+00,98.800E+00,0.000E+00,0.000E+00,67.546E+00,+99999.9E+99,+99999.9E+99,1.075E+00,+99999.9E+99,+99999.9E+99,11.5010E+00,0.00000E+00,0.00000E+00,11.6619E+00,0.00000E+00,0.00000E+00,4.6942E+00,0.00000E+00,0.00000E+00,10.4994E+00,0.00000E+00,0.00000E+00,4.0341E+00,0.00000E+00,0.00000E+00,18.2876E+00,0.0000E+00,0.0000E+00,4.0669E+00,0.0000E+00,0.0000E+00,49.095E+00,+99999.9E+99,+99999.9E+99,67.722E+00,+99999.9E+99,+99999.9E+99,1.04769E+03,0.00000E+03,0.00000E+03,0.00000E+03,0.00000E+03,0.00000E+03,1.15000E+03,0.00000E+03,0.00000E+03,0.00000E+03,0.00000E+03,0.00000E+03,0.47418E+03,0.00000E+03,0.00000E+03,0.00000E+03,0.00000E+03,0.00000E+03,0.91103E+00,0.00000E+00,0.00000E+00,0.88275E+00,0.46675E+00,0.96612E+00,0.000E+00,-51.800E+00,158.997E+00,151.975E+00,10.377E+00,173.954E+00,24.352E+00,90.000E+00,90.000E+00,0.00000E+00,0.00000E+00,0.00000E+00,100.502E+00,100.000E+00,100.000E+00,-0.00526E+03,0.00000E+03,0.00000E+03,+99999.9E+99,+99999.9E+99,+99999.9E+99,+99999.9E+99,+99999.9E+99,+99999.9E+99,+99999.9E+99,+99999.9E+99,+99999.9E+99,+99999.9E+99,+99999.9E+99,+99999.9E+99,1B00,0,0,0,1B00,76.5423E+00,77.0167E+00,77.0424E+00,76.8671E+00,71.8632E+00,72.7832E+00,72.8101E+00,72.4855E+00,76.5423E+00,77.0167E+00,77.0424E+00,0.0000E+00,0.0000E+00,0.0000E+00,73.0594E+00,73.0553E+00,72.9315E+00,105.781E+00,105.951E+00,105.684E+00,-104.477E+00,-104.109E+00,-105.194E+00,14.916E+00,14.721E+00,14.986E+00,+99999.9E+99,+99999.9E+99,+99999.9E+99,0.117E+00,11.7409E+00,11.4917E+00,11.2907E+00,11.5078E+00,10.1100E+00,9.9673E+00,9.6633E+00,9.9135E+00,11.7402E+00,11.4839E+00,11.2771E+00,-0.1306E+00,-0.4232E+00,0.5548E+00,5.0174E+00,4.8945E+00,5.3050E+00,27.7686E+00,27.1557E+00,28.5400E+00,-26.6243E+00,-27.1724E+00,-26.1129E+00,60.292E+00,59.701E+00,55.333E+00,+99999.9E+99,+99999.9E+99,+99999.9E+99,3.921E+00,0.36263E+03,0.34284E+03,0.34749E+03,1.05295E+03,0.17622E+03,0.18174E+03,0.19046E+03,0.54842E+03,0.52444E+03,0.51250E+03,0.50606E+03,1.54300E+03,0.20702E+03,0.20521E+03,0.21801E+03,0.62999E+03,-0.37887E+03,-0.38095E+03,-0.36790E+03,-1.12771E+03,-0.10866E+03,-0.09530E+03,-0.10608E+03,-0.31004E+03,-0.69146E+00,-0.66895E+00,-0.68665E+00,-0.68240E+00,-0.85119E+00,-0.88561E+00,-0.87364E+00,-0.87052E+00,0.000E+00,120.112E+00,-119.951E+00,61.653E+00,177.731E+00,-60.777E+00,-46.254E+00,-48.014E+00,-46.635E+00,-46.968E+00,202.116E+00,201.443E+00,201.397E+00,93.096E+00,+99999.9E+99,+99999.9E+99,0.00007E+06,-0.00064E+06,0.00000E+00,12.375E+00,0.756E+03,0.00098E+06,43.861E+00,F0F08
2021/11/30,17:33:53,00000:00:18,300,38003F00,2D00,3F00,3F00,3F00,99.992E+00,0.000E+00,0.000E+00,111.061E+00,0.000E+00,0.000E+00,0.507E+00,0.000E+00,0.000E+00,99.990E+00,0.000E+00,0.000E+00,0.000E+00,0.000E+00,0.000E+00,100.950E+00,0.000E+00,0.000E+00,98.800E+00,0.000E+00,0.000E+00,38.025E+00,+99999.9E+99,279.128E+00,1.075E+00,+99999.9E+99,+99999.9E+99,11.5010E+00,0.00000E+00,0.00000E+00,11.6619E+00,0.00000E+00,0.00000E+00,4.6942E+00,0.00000E+00,0.00000E+00,10.4994E+00,0.00000E+00,0.00000E+00,4.2760E+00,0.00000E+00,0.00000E+00,18.2876E+00,0.0000E+00,0.0000E+00,4.0669E+00,0.0000E+00,0.0000E+00,42.317E+00,+99999.9E+99,+99999.9E+99,67.722E+00,+99999.9E+99,+99999.9E+99,1.04769E+03,0.00000E+03,0.00000E+03,0.00000E+03,0.00000E+03,0.00000E+03,1.15000E+03,0.00000E+03,0.00000E+03,0.00000E+03,0.00000E+03,0.00000E+03,0.47418E+03,0.00000E+03,0.00000E+03,0.00000E+03,0.00000E+03,0.00000E+03,0.91103E+00,0.00000E+00,0.00000E+00,0.93270E+00,0.74925E+00,0.87331E+00,0.000E+00,-59.701E+00,161.927E+00,158.859E+00,161.774E+00,-168.918E+00,24.352E+00,90.000E+00,90.000E+00,0.00000E+00,0.00000E+00,0.00000E+00,119.561E+00,100.000E+00,100.000E+00,-0.20494E+03,0.00000E+03,0.00000E+03,+99999.9E+99,+99999.9E+99,+99999.9E+99,+99999.9E+99,+99999.9E+99,+99999.9E+99,+99999.9E+99,+99999.9E+99,+99999.9E+99,+99999.9E+99,+99999.9E+99,+99999.9E+99,1B00,0,0,0,1B00,77.2049E+00,77.2209E+00,76.9902E+00,77.1386E+00,72.1136E+00,72.3158E+00,71.7645E+00,72.0647E+00,77.2049E+00,77.2209E+00,76.9901E+00,0.0000E+00,0.0000E+00,0.0000E+00,71.0115E+00,71.7295E+00,71.5124E+00,105.517E+00,105.821E+00,105.531E+00,-104.534E+00,-107.580E+00,-104.719E+00,30.315E+00,30.418E+00,30.347E+00,+99999.9E+99,+99999.9E+99,+99999.9E+99,0.589E+00,13.3415E+00,12.9144E+00,13.3010E+00,13.1856E+00,12.2648E+00,11.8452E+00,12.2090E+00,12.1063E+00,13.3404E+00,12.9144E+00,13.2995E+00,-0.1645E+00,0.0000E+00,0.1984E+00,12.5022E+00,11.3336E+00,11.5028E+00,27.3648E+00,26.7705E+00,28.2467E+00,-26.0733E+00,-26.7071E+00,-26.4233E+00,40.759E+00,44.137E+00,43.972E+00,+99999.9E+99,+99999.9E+99,+99999.9E+99,6.115E+00,0.41499E+03,0.40731E+03,0.43033E+03,1.25263E+03,0.44898E+03,0.39768E+03,0.42657E+03,1.27323E+03,0.60060E+03,0.58144E+03,0.59766E+03,1.77970E+03,0.50351E+03,0.46126E+03,0.46609E+03,1.42928E+03,-0.43418E+03,-0.41494E+03,-0.41474E+03,-1.26386E+03,-0.22789E+03,-0.23369E+03,-0.18782E+03,-0.64939E+03,-0.69095E+00,-0.70051E+00,-0.72003E+00,-0.70384E+00,-0.89171E+00,-0.86216E+00,-0.91521E+00,-0.89082E+00,0.000E+00,119.875E+00,-119.569E+00,57.241E+00,-179.788E+00,-66.033E+00,-46.294E+00,-45.532E+00,-43.943E+00,-45.264E+00,201.129E+00,201.973E+00,201.772E+00,89.644E+00,+99999.9E+99,+99999.9E+99,0.00013E+06,-0.00072E+06,0.00000E+00,14.161E+00,0.757E+03,0.00112E+06,43.528E+00,F0F08
2021/11/30,17:33:53,00000:00:18,350,38003F00,2800,3B00,3B00,3F00,99.860E+00,0.000E+00,0.000E+00,110.915E+00,0.000E+00,0.000E+00,0.503E+00,0.000E+00,0.000E+00,99.858E+00,0.000E+00,0.000E+00,0.000E+00,0.000E+00,0.000E+00,100.914E+00,0.000E+00,0.000E+00,98.821E+00,0.000E+00,0.000E+00,38.025E+00,+99999.9E+99,279.128E+00,1.048E+00,+99999.9E+99,+99999.9E+99,12.4201E+00,0.00000E+00,0.00000E+00,13.0016E+00,0.00000E+00,0.00000E+00,4.1521E+00,0.00000E+00,0.00000E+00,11.7055E+00,0.00000E+00,0.00000E+00,4.2760E+00,0.00000E+00,0.00000E+00,17.4302E+00,0.0000E+00,0.0000E+00,4.2483E+00,0.0000E+00,0.0000E+00,42.317E+00,+99999.9E+99,+99999.9E+99,56.306E+00,+99999.9E+99,+99999.9E+99,1.16705E+03,0.00000E+03,0.00000E+03,0.00000E+03,0.00000E+03,0.00000E+03,1.24027E+03,0.00000E+03,0.00000E+03,0.00000E+03,0.00000E+03,0.00000E+03,0.41982E+03,0.00000E+03,0.00000E+03,0.00000E+03,0.00000E+03,0.00000E+03,0.94097E+00,0.00000E+00,0.00000E+00,0.93270E+00,0.74925E+00,0.87331E+00,0.000E+00,-59.701E+00,161.927E+00,158.859E+00,161.774E+00,-168.918E+00,19.785E+00,90.000E+00,90.000E+00,15.0730E+00,0.00000E+00,0.00000E+00,67.013E+00,100.000E+00,100.000E+00,0.38497E+03,0.00000E+03,0.00000E+03,+99999.9E+99,+99999.9E+99,+99999.9E+99,+99999.9E+99,+99999.9E+99,+99999.9E+99,+99999.9E+99,+99999.9E+99,+99999.9E+99,+99999.9E+99,+99999.9E+99,+99999.9E+99,1B00,0,0,0,1B00,76.2834E+00,76.6386E+00,76.5105E+00,76.4775E+00,72.2052E+00,72.8948E+00,72.6458E+00,72.5819E+00,76.2834E+00,76.6386E+00,76.5105E+00,0.0000E+00,0.0000E+00,0.0000E+00,71.3021E+00,71.2004E+00,71.0363E+00,105.694E+00,106.053E+00,105.684E+00,-104.176E+00,-104.806E+00,-104.991E+00,31.710E+00,30.958E+00,31.643E+00,+99999.9E+99,+99999.9E+99,+99999.9E+99,0.228E+00,8.2941E+00,8.2317E+00,8.1729E+00,8.2329E+00,7.3890E+00,7.3423E+00,7.2752E+00,7.3355E+00,8.2934E+00,8.2304E+00,8.1688E+00,-0.1124E+00,-0.1452E+00,0.2587E+00,11.6236E+00,11.6188E+00,12.2353E+00,22.1410E+00,21.0100E+00,20.4652E+00,-18.7810E+00,-19.1914E+00,-19.7667E+00,45.521E+00,44.380E+00,42.297E+00,+99999.9E+99,+99999.9E+99,+99999.9E+99,3.510E+00,0.26266E+03,0.25662E+03,0.26280E+03,0.78208E+03,0.39811E+03,0.41981E+03,0.42643E+03,1.24435E+03,0.36704E+03,0.36458E+03,0.36289E+03,1.09451E+03,0.46539E+03,0.47363E+03,0.49234E+03,1.43087E+03,-0.25638E+03,-0.25897E+03,-0.25025E+03,-0.76559E+03,-0.24103E+03,-0.21928E+03,-0.24608E+03,-0.70639E+03,-0.71562E+00,-0.70387E+00,-0.72420E+00,-0.71455E+00,-0.85544E+00,-0.88637E+00,-0.86613E+00,-0.86965E+00,0.000E+00,120.203E+00,-119.977E+00,61.139E+00,177.707E+00,-59.860E+00,-44.306E+00,-45.262E+00,-43.598E+00,-44.394E+00,202.281E+00,201.628E+00,201.896E+00,94.897E+00,+99999.9E+99,+99999.9E+99,0.00004E+06,-0.00049E+06,0.00000E+00,9.378E+00,0.756E+03,0.00074E+06,43.957E+00,F0F08
2021/11/30,17:33:53,00000:00:18,400,38003800,0,1800,1800,3800,99.921E+00,0.000E+00,0.000E+00,110.983E+00,0.000E+00,0.000E+00,0.524E+00,0.000E+00,0.000E+00,99.920E+00,0.000E+00,0.000E+00,0.000E+00,0.000E+00,0.000E+00,100.989E+00,0.000E+00,0.000E+00,98.814E+00,0.000E+00,0.000E+00,22.848E+00,+99999.9E+99,497.614E+00,1.088E+00,+99999.9E+99,+99999.9E+99,11.8888E+00,0.00000E+00,0.00000E+00,12.1449E+00,0.00000E+00,0.00000E+00,4.6674E+00,0.00000E+00,0.00000E+00,10.9343E+00,0.00000E+00,0.00000E+00,4.3547E+00,0.00000E+00,0.00000E+00,18.1969E+00,0.0000E+00,0.0000E+00,4.0993E+00,0.0000E+00,0.0000E+00,9.144E+00,+99999.9E+99,+99999.9E+99,64.465E+00,+99999.9E+99,+99999.9E+99,1.09037E+03,0.00000E+03,0.00000E+03,0.00000E+03,0.00000E+03,0.00000E+03,1.18794E+03,0.00000E+03,0.00000E+03,0.00000E+03,0.00000E+03,0.00000E+03,0.47149E+03,0.00000E+03,0.00000E+03,0.00000E+03,0.00000E+03,0.00000E+03,0.91786E+00,0.00000E+00,0.00000E+00,0.89581E+00,0.02271E+00,0.47631E+00,0.000E+00,149.333E+00,148.358E+00,153.613E+00,58.031E+00,86.803E+00,23.384E+00,90.000E+00,90.000E+00,12.8666E+00,0.00000E+00,0.00000E+00,102.340E+00,100.000E+00,100.000E+00,-0.02551E+03,0.00000E+03,0.00000E+03,+99999.9E+99,+99999.9E+99,+99999.9E+99,+99999.9E+99,+99999.9E+99,+99999.9E+99,+99999.9E+99,+99999.9E+99,+99999.9E+99,+99999.9E+99,+99999.9E+99,+99999.9E+99,1B00,0,0,0,1B00,76.7952E+00,77.0290E+00,76.9800E+00,76.9347E+00,72.0157E+00,72.5829E+00,72.4016E+00,72.3334E+00,76.7952E+00,77.0290E+00,76.9800E+00,0.0000E+00,0.0000E+00,0.0000E+00,72.9921E+00,73.2354E+00,73.1041E+00,105.831E+00,106.293E+00,105.870E+00,-104.924E+00,-104.676E+00,-104.534E+00,14.117E+00,14.374E+00,14.488E+00,+99999.9E+99,+99999.9E+99,+99999.9E+99,0.192E+00,12.3731E+00,11.9793E+00,12.1190E+00,12.1571E+00,10.8315E+00,10.5172E+00,10.4800E+00,10.6096E+00,12.3722E+00,11.9759E+00,12.1112E+00,-0.1499E+00,-0.2839E+00,0.4349E+00,5.2772E+00,4.7805E+00,4.9328E+00,27.5471E+00,27.0957E+00,28.5290E+00,-26.7819E+00,-27.1067E+00,-26.4700E+00,54.135E+00,58.452E+00,56.496E+00,+99999.9E+99,+99999.9E+99,+99999.9E+99,4.667E+00,0.37919E+03,0.36227E+03,0.37442E+03,1.11588E+03,0.19075E+03,0.17472E+03,0.18719E+03,0.55267E+03,0.55430E+03,0.53567E+03,0.54289E+03,1.63286E+03,0.21539E+03,0.19948E+03,0.20524E+03,0.61974E+03,-0.40431E+03,-0.39460E+03,-0.39311E+03,-1.19202E+03,-0.10004E+03,-0.09624E+03,-0.08415E+03,-0.28043E+03,-0.68409E+00,-0.67628E+00,-0.68968E+00,-0.68339E+00,-0.88560E+00,-0.87591E+00,-0.91208E+00,-0.89177E+00,0.000E+00,120.010E+00,-119.830E+00,57.784E+00,178.797E+00,-65.673E+00,-46.836E+00,-47.446E+00,-46.395E+00,-46.891E+00,201.140E+00,201.880E+00,201.610E+00,91.765E+00,+99999.9E+99,+99999.9E+99,0.00009E+06,-0.00066E+06,0.00000E+00,12.926E+00,0.756E+03,0.00102E+06,43.585E+00,F0F0F
2021/11/30,17:33:53,00000:00:18,450,38003F00,500,1F00,1F00,3F00,99.921E+00,0.000E+00,0.000E+00,110.983E+00,0.000E+00,0.000E+00,0.524E+00,0.000E+00,0.000E+00,99.920E+00,0.000E+00,0.000E+00,0.000E+00,0.000E+00,0.000E+00,100.989E+00,0.000E+00,0.000E+00,98.814E+00,0.000E+00,0.000E+00,22.512E+00,+99999.9E+99,413.068E+00,1.088E+00,+99999.9E+99,+99999.9E+99,11.8888E+00,0.00000E+00,0.00000E+00,12.1449E+00,0.00000E+00,0.00000E+00,4.6674E+00,0.00000E+00,0.00000E+00,10.9343E+00,0.00000E+00,0.00000E+00,4.6427E+00,0.00000E+00,0.00000E+00,18.1969E+00,0.0000E+00,0.0000E+00,4.0993E+00,0.0000E+00,0.0000E+00,10.364E+00,+99999.9E+99,+99999.9E+99,64.465E+00,+99999.9E+99,+99999.9E+99,1.09037E+03,0.00000E+03,0.00000E+03,0.00000E+03,0.00000E+03,0.00000E+03,1.18794E+03,0.00000E+03,0.00000E+03,0.00000E+03,0.00000E+03,0.00000E+03,0.47149E+03,0.00000E+03,0.00000E+03,0.00000E+03,0.00000E+03,0.00000E+03,0.91786E+00,0.00000E+00,0.00000E+00,0.90354E+00,0.30026E+00,0.68850E+00,0.000E+00,143.962E+00,150.481E+00,154.628E+00,36.489E+00,103.993E+00,23.384E+00,90.000E+00,90.000E+00,12.8666E+00,0.00000E+00,0.00000E+00,119.199E+00,100.000E+00,100.000E+00,-0.20934E+03,0.00000E+03,0.00000E+03,+99999.9E+99,+99999.9E+99,+99999.9E+99,+99999.9E+99,+99999.9E+99,+99999.9E+99,+99999.9E+99,+99999.9E+99,+99999.9E+99,+99999.9E+99,+99999.9E+99,+99999.9E+99,1B00,0,0,0,1B00,77.1993E+00,77.2128E+00,76.9856E+00,77.1326E+00,72.2272E+00,72.4418E+00,71.8741E+00,72.1810E+00,77.1993E+00,77.2128E+00,76.9856E+00,0.0000E+00,0.0000E+00,0.0000E+00,70.1039E+00,70.4929E+00,70.4300E+00,105.426E+00,105.603E+00,105.541E+00,-104.370E+00,-104.400E+00,-104.653E+00,37.586E+00,37.559E+00,37.391E+00,+99999.9E+99,+99999.9E+99,+99999.9E+99,0.347E+00,13.6213E+00,13.1907E+00,13.5877E+00,13.4665E+00,12.5417E+00,12.1164E+00,12.4903E+00,12.3828E+00,13.6204E+00,13.1907E+00,13.5863E+00,-0.1565E+00,0.0000E+00,0.1954E+00,15.1177E+00,14.4968E+00,14.5317E+00,27.6395E+00,27.3357E+00,28.5138E+00,-26.6405E+00,-27.0029E+00,-26.8148E+00,39.176E+00,40.725E+00,40.443E+00,+99999.9E+99,+99999.9E+99,+99999.9E+99,2.915E+00,0.43065E+03,0.42296E+03,0.44610E+03,1.29971E+03,0.53861E+03,0.50744E+03,0.52821E+03,1.57427E+03,0.61379E+03,0.59409E+03,0.61076E+03,1.81864E+03,0.61103E+03,0.58409E+03,0.59053E+03,1.78521E+03,-0.43735E+03,-0.41720E+03,-0.41717E+03,-1.27171E+03,-0.28854E+03,-0.28924E+03,-0.26404E+03,-0.84182E+03,-0.70163E+00,-0.71194E+00,-0.73039E+00,-0.71466E+00,-0.88148E+00,-0.86878E+00,-0.89447E+00,-0.88184E+00,0.000E+00,119.875E+00,-119.785E+00,58.363E+00,179.528E+00,-63.380E+00,-45.442E+00,-44.607E+00,-43.081E+00,-44.385E+00,202.071E+00,201.493E+00,201.704E+00,89.616E+00,+99999.9E+99,+99999.9E+99,0.00013E+06,-0.00074E+06,0.00000E+00,14.691E+00,0.757E+03,0.00116E+06,43.799E+00,F0F08
2021/11/30,17:33:53,00000:00:18,500,38003F00,500,1F00,1F00,3F00,99.921E+00,0.000E+00,0.000E+00,110.983E+00,0.000E+00,0.000E+00,0.524E+00,0.000E+00,0.000E+00,99.920E+00,0.000E+00,0.000E+00,0.000E+00,0.000E+00,0.000E+00,100.989E+00,0.000E+00,0.000E+00,98.814E+00,0.000E+00,0.000E+00,22.512E+00,+99999.9E+99,413.068E+00,1.088E+00,+99999.9E+99,+99999.9E+99,11.8888E+00,0.00000E+00,0.00000E+00,12.1449E+00,0.00000E+00,0.00000E+00,4.6674E+00,0.00000E+00,0.00000E+00,10.9343E+00,0.00000E+00,0.00000E+00,4.6427E+00,0.00000E+00,0.00000E+00,18.1969E+00,0.0000E+00,0.0000E+00,4.0993E+00,0.0000E+00,0.0000E+00,10.364E+00,+99999.9E+99,+99999.9E+99,64.465E+00,+99999.9E+99,+99999.9E+99,1.09037E+03,0.00000E+03,0.00000E+03,0.00000E+03,0.00000E+03,0.00000E+03,1.18794E+03,0.00000E+03,0.00000E+03,0.00000E+03,0.00000E+03,0.00000E+03,0.47149E+03,0.00000E+03,0.00000E+03,0.00000E+03,0.00000E+03,0.00000E+03,0.91786E+00,0.00000E+00,0.00000E+00,0.90354E+00,0.30026E+00,0.68850E+00,0.000E+00,143.962E+00,150.481E+00,154.628E+00,36.489E+00,103.993E+00,23.384E+00,90.000E+00,90.000E+00,12.8666E+00,0.00000E+00,0.00000E+00,71.107E+00,100.000E+00,100.000E+00,0.31504E+03,0.00000E+03,0.00000E+03,+99999.9E+99,+99999.9E+99,+99999.9E+99,+99999.9E+99,+99999.9E+99,+99999.9E+99,+99999.9E+99,+99999.9E+99,+99999.9E+99,+99999.9E+99,+99999.9E+99,+99999.9E+99,1B00,0,0,0,1B00,76.2658E+00,76.6298E+00,76.5021E+00,76.4659E+00,72.1758E+00,72.8658E+00,72.6200E+00,72.5539E+00,76.2658E+00,76.6298E+00,76.5021E+00,0.0000E+00,0.0000E+00,0.0000E+00,71.9065E+00,71.7525E+00,71.6603E+00,105.869E+00,106.109E+00,105.776E+00,-104.899E+00,-104.261E+00,-104.070E+00,27.210E+00,26.216E+00,26.956E+00,+99999.9E+99,+99999.9E+99,+99999.9E+99,0.201E+00,8.2342E+00,8.1833E+00,8.1377E+00,8.1851E+00,7.3348E+00,7.3022E+00,7.2450E+00,7.2940E+00,8.2335E+00,8.1822E+00,8.1340E+00,-0.1091E+00,-0.1359E+00,0.2461E+00,9.7377E+00,9.9214E+00,10.2942E+00,22.0871E+00,20.8962E+00,20.6476E+00,-18.7471E+00,-19.1662E+00,-19.6600E+00,48.459E+00,45.912E+00,44.387E+00,+99999.9E+99,+99999.9E+99,+99999.9E+99,4.449E+00,0.25980E+03,0.25484E+03,0.26069E+03,0.77533E+03,0.33618E+03,0.36106E+03,0.36531E+03,1.06255E+03,0.36420E+03,0.36230E+03,0.36128E+03,1.08777E+03,0.39121E+03,0.40301E+03,0.42099E+03,1.21456E+03,-0.25524E+03,-0.25752E+03,-0.25012E+03,-0.76288E+03,-0.20006E+03,-0.17903E+03,-0.20925E+03,-0.58834E+03,-0.71334E+00,-0.70339E+00,-0.72159E+00,-0.71277E+00,-0.85935E+00,-0.89591E+00,-0.86773E+00,-0.87485E+00,0.000E+00,120.157E+00,-120.026E+00,60.687E+00,176.486E+00,-60.108E+00,-44.493E+00,-45.300E+00,-43.814E+00,-44.540E+00,201.674E+00,201.933E+00,202.066E+00,95.230E+00,+99999.9E+99,+99999.9E+99,0.00004E+06,-0.00048E+06,0.00000E+00,9.326E+00,0.756E+03,0.00074E+06,43.770E+00,F0F08
2021/11/30,17:33:53,00000:00:18,550,38003F00,700,1F00,1F00,3F00,99.921E+00,0.000E+00,0.000E+00,110.983E+00,0.000E+00,0.000E+00,0.524E+00,0.000E+00,0.000E+00,99.920E+00,0.000E+00,0.000E+00,0.000E+00,0.000E+00,0.000E+00,100.989E+00,0.000E+00,0.000E+00,98.814E+00,0.000E+00,0.000E+00,61.257E+00,+99999.9E+99,+99999.9E+99,1.088E+00,+99999.9E+99,+99999.9E+99,11.8888E+00,0.00000E+00,0.00000E+00,12.1449E+00,0.00000E+00,0.00000E+00,4.6674E+00,0.00000E+00,0.00000E+00,10.9343E+00,0.00000E+00,0.00000E+00,4.1437E+00,0.00000E+00,0.00000E+00,18.1969E+00,0.0000E+00,0.0000E+00,4.0993E+00,0.0000E+00,0.0000E+00,43.291E+00,441.272E+00,+99999.9E+99,64.465E+00,+99999.9E+99,+99999.9E+99,1.09037E+03,0.00000E+03,0.00000E+03,0.00000E+03,0.00000E+03,0.00000E+03,1.18794E+03,0.00000E+03,0.00000E+03,0.00000E+03,0.00000E+03,0.00000E+03,0.47149E+03,0.00000E+03,0.00000E+03,0.00000E+03,0.00000E+03,0.00000E+03,0.91786E+00,0.00000E+00,0.00000E+00,0.90180E+00,0.92997E+00,0.23335E+00,0.000E+00,-37.529E+00,137.134E+00,154.396E+00,-15.960E+00,-146.360E+00,23.384E+00,90.000E+00,90.000E+00,12.8666E+00,0.00000E+00,0.00000E+00,115.731E+00,100.000E+00,100.000E+00,-0.17153E+03,0.00000E+03,0.00000E+03,+99999.9E+99,+99999.9E+99,+99999.9E+99,+99999.9E+99,+99999.9E+99,+99999.9E+99,+99999.9E+99,+99999.9E+99,+99999.9E+99,+99999.9E+99,+99999.9E+99,+99999.9E+99,1B00,0,0,0,1B00,77.0843E+00,77.1626E+00,77.1064E+00,77.1178E+00,72.1617E+00,72.5292E+00,72.2743E+00,72.3217E+00,77.0843E+00,77.1626E+00,77.1064E+00,0.0000E+00,0.0000E+00,0.0000E+00,72.7263E+00,73.1305E+00,72.9817E+00,105.797E+00,106.000E+00,105.727E+00,-105.033E+00,-104.571E+00,-104.053E+00,16.265E+00,16.454E+00,16.844E+00,+99999.9E+99,+99999.9E+99,+99999.9E+99,0.331E+00,13.4324E+00,12.9568E+00,13.1601E+00,13.1831E+00,12.2293E+00,11.7494E+00,11.8194E+00,11.9327E+00,13.4311E+00,12.9530E+00,13.1505E+00,-0.1855E+00,-0.3145E+00,0.5010E+00,6.4287E+00,5.7739E+00,5.6808E+00,27.6038E+00,27.1419E+00,28.4705E+00,-26.6995E+00,-27.0557E+00,-26.6367E+00,49.653E+00,54.069E+00,54.618E+00,+99999.9E+99,+99999.9E+99,+99999.9E+99,6.716E+00,0.42918E+03,0.40729E+03,0.42542E+03,1.26189E+03,0.23101E+03,0.20263E+03,0.21856E+03,0.65220E+03,0.60518E+03,0.58207E+03,0.59105E+03,1.77830E+03,0.25835E+03,0.23370E+03,0.23702E+03,0.72816E+03,-0.42668E+03,-0.41583E+03,-0.41031E+03,-1.25282E+03,-0.11568E+03,-0.11642E+03,-0.09172E+03,-0.32382E+03,-0.70917E+00,-0.69973E+00,-0.71977E+00,-0.70961E+00,-0.89415E+00,-0.86708E+00,-0.92209E+00,-0.89567E+00,0.000E+00,119.951E+00,-119.744E+00,56.787E+00,179.760E+00,-67.095E+00,-44.833E+00,-45.594E+00,-43.964E+00,-44.797E+00,201.726E+00,201.373E+00,201.526E+00,90.720E+00,+99999.9E+99,+99999.9E+99,0.00012E+06,-0.00074E+06,0.00000E+00,14.444E+00,0.757E+03,0.00114E+06,43.721E+00,F0F08
2021/11/30,17:33:53,00000:00:18,600,38003D00,500,1C00,1C00,3800,99.921E+00,0.000E+00,0.000E+00,110.983E+00,0.000E+00,0.000E+00,0.524E+00,0.000E+00,0.000E+00,99.920E+00,0.000E+00,0.000E+00,0.000E+00,0.000E+00,0.000E+00,100.989E+00,0.000E+00,0.000E+00,98.814E+00,0.000E+00,0.000E+00,61.257E+00,+99999.9E+99,+99999.9E+99,1.088E+00,+99999.9E+99,+99999.9E+99,11.8888E+00,0.00000E+00,0.00000E+00,12.1449E+00,0.00000E+00,0.00000E+00,4.6674E+00,0.00000E+00,0.00000E+00,10.9343E+00,0.00000E+00,0.00000E+00,4.1437E+00,0.00000E+00,0.00000E+00,18.1969E+00,0.0000E+00,0.0000E+00,4.0993E+00,0.0000E+00,0.0000E+00,43.291E+00,441.272E+00,+99999.9E+99,64.465E+00,+99999.9E+99,+99999.9E+99,1.09037E+03,0.00000E+03,0.00000E+03,0.00000E+03,0.00000E+03,0.00000E+03,1.18794E+03,0.00000E+03,0.00000E+03,0.00000E+03,0.00000E+03,0.00000E+03,0.47149E+03,0.00000E+03,0.00000E+03,0.00000E+03,0.00000E+03,0.00000E+03,0.91786E+00,0.00000E+00,0.00000E+00,0.90180E+00,0.92997E+00,0.23335E+00,0.000E+00,-37.529E+00,137.134E+00,154.396E+00,-15.960E+00,-146.360E+00,23.384E+00,90.000E+00,90.000E+00,12.8666E+00,0.00000E+00,0.00000E+00,100.385E+00,100.000E+00,100.000E+00,-0.00420E+03,0.00000E+03,0.00000E+03,+99999.9E+99,+99999.9E+99,+99999.9E+99,+99999.9E+99,+99999.9E+99,+99999.9E+99,+99999.9E+99,+99999.9E+99,+99999.9E+99,+99999.9E+99,+99999.9E+99,+99999.9E+99,1B00,0,0,0,1B00,76.7479E+00,77.0896E+00,76.8239E+00,76.8871E+00,72.0274E+00,72.6616E+00,72.1671E+00,72.2854E+00,76.7479E+00,77.0895E+00,76.8239E+00,0.0000E+00,0.0000E+00,0.0000E+00,70.0183E+00,70.2346E+00,70.1420E+00,105.331E+00,105.886E+00,105.567E+00,-104.163E+00,-104.217E+00,-104.300E+00,38.987E+00,38.824E+00,38.788E+00,+99999.9E+99,+99999.9E+99,+99999.9E+99,0.184E+00,11.9835E+00,11.8126E+00,12.1017E+00,11.9659E+00,10.4913E+00,10.4129E+00,10.6136E+00,10.5059E+00,11.9829E+00,11.8126E+00,12.1017E+00,-0.1205E+00,0.0000E+00,0.0000E+00,15.3840E+00,14.9649E+00,15.1780E+00,27.8729E+00,27.0705E+00,28.5229E+00,-26.4095E+00,-27.2086E+00,-26.5414E+00,39.445E+00,40.479E+00,39.502E+00,+99999.9E+99,+99999.9E+99,+99999.9E+99,1.674E+00,0.35899E+03,0.36135E+03,0.37422E+03,1.09456E+03,0.54246E+03,0.52672E+03,0.54374E+03,1.61292E+03,0.53533E+03,0.52909E+03,0.54289E+03,1.60731E+03,0.62080E+03,0.60376E+03,0.61402E+03,1.83844E+03,-0.39712E+03,-0.38647E+03,-0.39331E+03,-1.17690E+03,-0.30187E+03,-0.29511E+03,-0.28524E+03,-0.88223E+03,-0.67059E+00,-0.68297E+00,-0.68931E+00,-0.68099E+00,-0.87381E+00,-0.87240E+00,-0.88554E+00,-0.87733E+00,0.000E+00,119.979E+00,-119.855E+00,59.199E+00,179.198E+00,-62.235E+00,-47.887E+00,-46.924E+00,-46.424E+00,-47.079E+00,201.920E+00,202.333E+00,201.823E+00,90.420E+00,+99999.9E+99,+99999.9E+99,0.00010E+06,-0.00063E+06,0.00000E+00,12.483E+00,0.757E+03,0.00099E+06,43.756E+00,F0F08
2021/11/30,17:33:53,00000:00:18,650,38003F00,2A00,3B00,3B00,3F00,99.866E+00,0.000E+00,0.000E+00,110.922E+00,0.000E+00,0.000E+00,0.505E+00,0.000E+00,0.000E+00,99.865E+00,0.000E+00,0.000E+00,0.000E+00,0.000E+00,0.000E+00,100.939E+00,0.000E+00,0.000E+00,98.771E+00,0.000E+00,0.000E+00,61.257E+00,+99999.9E+99,+99999.9E+99,1.085E+00,+99999.9E+99,+99999.9E+99,12.0759E+00,0.00000E+00,0.00000E+00,12.3759E+00,0.00000E+00,0.00000E+00,4.6560E+00,0.00000E+00,0.00000E+00,11.1422E+00,0.00000E+00,0.00000E+00,4.1437E+00,0.00000E+00,0.00000E+00,18.2726E+00,0.0000E+00,0.0000E+00,4.0395E+00,0.0000E+00,0.0000E+00,43.291E+00,441.272E+00,+99999.9E+99,63.870E+00,+99999.9E+99,+99999.9E+99,1.11059E+03,0.00000E+03,0.00000E+03,0.00000E+03,0.00000E+03,0.00000E+03,1.20598E+03,0.00000E+03,0.00000E+03,0.00000E+03,0.00000E+03,0.00000E+03,0.47007E+03,0.00000E+03,0.00000E+03,0.00000E+03,0.00000E+03,0.00000E+03,0.92091E+00,0.00000E+00,0.00000E+00,0.90180E+00,0.92997E+00,0.23335E+00,0.000E+00,-37.529E+00,137.134E+00,154.396E+00,-15.960E+00,-146.360E+00,22.941E+00,90.000E+00,90.000E+00,0.00000E+00,0.00000E+00,0.00000E+00,77.634E+00,100.000E+00,100.000E+00,0.24839E+03,0.00000E+03,0.00000E+03,+99999.9E+99,+99999.9E+99,+99999.9E+99,+99999.9E+99,+99999.9E+99,+99999.9E+99,+99999.9E+99,+99999.9E+99,+99999.9E+99,+99999.9E+99,+99999.9E+99,+99999.9E+99,1B00,0,0,0,1B00,76.5438E+00,76.6425E+00,76.5691E+00,76.5851E+00,72.4286E+00,72.8027E+00,72.5206E+00,72.5839E+00,76.5438E+00,76.6425E+00,76.5691E+00,0.0000E+00,0.0000E+00,0.0000E+00,72.8758E+00,72.7061E+00,72.6336E+00,105.714E+00,106.106E+00,105.759E+00,-104.284E+00,-105.150E+00,-105.124E+00,18.427E+00,18.057E+00,18.076E+00,+99999.9E+99,+99999.9E+99,+99999.9E+99,0.199E+00,9.6047E+00,9.0943E+00,9.2386E+00,9.3125E+00,8.3170E+00,7.8872E+00,7.9337E+00,8.0459E+00,9.6037E+00,9.0905E+00,9.2299E+00,-0.1389E+00,-0.2614E+00,0.4015E+00,6.1305E+00,6.4486E+00,6.8483E+00,26.0752E+00,24.1619E+00,25.1010E+00,-26.6481E+00,-25.4895E+00,-22.5357E+00,56.972E+00,52.660E+00,49.994E+00,+99999.9E+99,+99999.9E+99,+99999.9E+99,4.980E+00,0.29493E+03,0.27624E+03,0.29103E+03,0.86220E+03,0.21958E+03,0.23707E+03,0.24107E+03,0.69772E+03,0.42719E+03,0.40352E+03,0.41001E+03,1.24072E+03,0.25511E+03,0.26298E+03,0.27676E+03,0.79431E+03,-0.30905E+03,-0.29414E+03,-0.28881E+03,-0.89200E+03,-0.12986E+03,-0.11382E+03,-0.13594E+03,-0.37962E+03,-0.69038E+00,-0.68459E+00,-0.70981E+00,-0.69492E+00,-0.86075E+00,-0.90149E+00,-0.87106E+00,-0.87840E+00,0.000E+00,120.138E+00,-120.050E+00,60.520E+00,175.754E+00,-60.522E+00,-46.340E+00,-46.797E+00,-44.780E+00,-45.979E+00,202.042E+00,201.374E+00,202.113E+00,94.513E+00,+99999.9E+99,+99999.9E+99,0.00005E+06,-0.00054E+06,0.00000E+00,10.291E+00,0.756E+03,0.00081E+06,43.860E+00,F0F08
2021/11/30,17:33:53,00000:00:18,700,38003F00,2D00,3F00,3F00,3F00,99.866E+00,0.000E+00,0.000E+00,110.922E+00,0.000E+00,0.000E+00,0.505E+00,0.000E+00,0.000E+00,99.865E+00,0.000E+00,0.000E+00,0.000E+00,0.000E+00,0.000E+00,100.939E+00,0.000E+00,0.000E+00,98.771E+00,0.000E+00,0.000E+00,39.735E+00,+99999.9E+99,+99999.9E+99,1.085E+00,+99999.9E+99,+99999.9E+99,12.0759E+00,0.00000E+00,0.00000E+00,12.3759E+00,0.00000E+00,0.00000E+00,4.6560E+00,0.00000E+00,0.00000E+00,11.1422E+00,0.00000E+00,0.00000E+00,4.0177E+00,0.00000E+00,0.00000E+00,18.2726E+00,0.0000E+00,0.0000E+00,4.0395E+00,0.0000E+00,0.0000E+00,50.159E+00,+99999.9E+99,+99999.9E+99,63.870E+00,+99999.9E+99,+99999.9E+99,1.11059E+03,0.00000E+03,0.00000E+03,0.00000E+03,0.00000E+03,0.00000E+03,1.20598E+03,0.00000E+03,0.00000E+03,0.00000E+03,0.00000E+03,0.00000E+03,0.47007E+03,0.00000E+03,0.00000E+03,0.00000E+03,0.00000E+03,0.00000E+03,0.92091E+00,0.00000E+00,0.00000E+00,0.92360E+00,0.98780E+00,0.41272E+00,0.000E+00,46.839E+00,129.308E+00,157.459E+00,-124.203E+00,-165.068E+00,22.941E+00,90.000E+00,90.000E+00,0.00000E+00,0.00000E+00,0.00000E+00,119.442E+00,100.000E+00,100.000E+00,-0.21592E+03,0.00000E+03,0.00000E+03,+99999.9E+99,+99999.9E+99,+99999.9E+99,+99999.9E+99,+99999.9E+99,+99999.9E+99,+99999.9E+99,+99999.9E+99,+99999.9E+99,+99999.9E+99,+99999.9E+99,+99999.9E+99,1800,0,0,0,1800,77.0084E+00,77.4584E+00,77.3509E+00,77.2726E+00,71.6478E+00,72.5072E+00,72.3028E+00,72.1526E+00,77.0084E+00,77.4584E+00,77.3509E+00,0.0000E+00,0.0000E+00,0.0000E+00,71.7305E+00,72.3129E+00,72.1006E+00,105.491E+00,105.941E+00,105.641E+00,-104.976E+00,-104.711E+00,-104.256E+00,25.301E+00,25.536E+00,25.455E+00,+99999.9E+99,+99999.9E+99,+99999.9E+99,0.468E+00,13.7631E+00,13.4481E+00,13.5619E+00,13.5910E+00,12.8715E+00,12.6842E+00,12.6210E+00,12.7255E+00,13.7622E+00,13.4460E+00,13.5562E+00,-0.1509E+00,-0.2393E+00,0.3913E+00,10.1802E+00,9.3154E+00,9.4685E+00,27.2086E+00,27.1848E+00,28.5619E+00,-26.1171E+00,-26.8409E+00,-26.6929E+00,43.956E+00,46.806E+00,47.094E+00,+99999.9E+99,+99999.9E+99,+99999.9E+99,6.765E+00,0.44685E+03,0.43458E+03,0.44508E+03,1.32651E+03,0.37159E+03,0.32546E+03,0.35075E+03,1.04779E+03,0.61999E+03,0.60594E+03,0.61327E+03,1.83920E+03,0.41534E+03,0.37647E+03,0.38073E+03,1.17102E+03,-0.42979E+03,-0.42226E+03,-0.42190E+03,-1.27394E+03,-0.18556E+03,-0.18922E+03,-0.14811E+03,-0.52289E+03,-0.72074E+00,-0.71720E+00,-0.72575E+00,-0.72124E+00,-0.89465E+00,-0.86450E+00,-0.92124E+00,-0.89477E+00,0.000E+00,119.921E+00,-119.645E+00,56.800E+00,-179.998E+00,-66.923E+00,-43.885E+00,-44.176E+00,-43.468E+00,-43.843E+00,201.371E+00,202.235E+00,201.115E+00,90.366E+00,+99999.9E+99,+99999.9E+99,0.00013E+06,-0.00076E+06,0.00000E+00,15.108E+00,0.758E+03,0.00120E+06,43.562E+00,F0F08
2021/11/30,17:33:53,00000:00:18,750,38003F00,2800,3B00,3B00,3F00,100.043E+00,0.000E+00,0.000E+00,111.118E+00,0.000E+00,0.000E+00,0.486E+00,0.000E+00,0.000E+00,100.042E+00,0.000E+00,0.000E+00,0.000E+00,0.000E+00,0.000E+00,100.921E+00,0.000E+00,0.000E+00,98.804E+00,0.000E+00,0.000E+00,39.735E+00,+99999.9E+99,+99999.9E+99,1.058E+00,+99999.9E+99,+99999.9E+99,11.1609E+00,0.00000E+00,0.00000E+00,11.4403E+00,0.00000E+00,0.00000E+00,4.2987E+00,0.00000E+00,0.00000E+00,10.2999E+00,0.00000E+00,0.00000E+00,4.0177E+00,0.00000E+00,0.00000E+00,18.2079E+00,0.0000E+00,0.0000E+00,4.1505E+00,0.0000E+00,0.0000E+00,50.159E+00,+99999.9E+99,+99999.9E+99,68.241E+00,+99999.9E+99,+99999.9E+99,1.02857E+03,0.00000E+03,0.00000E+03,0.00000E+03,0.00000E+03,0.00000E+03,1.11657E+03,0.00000E+03,0.00000E+03,0.00000E+03,0.00000E+03,0.00000E+03,0.43449E+03,0.00000E+03,0.00000E+03,0.00000E+03,0.00000E+03,0.00000E+03,0.92118E+00,0.00000E+00,0.00000E+00,0.92360E+00,0.98780E+00,0.41272E+00,0.000E+00,46.839E+00,129.308E+00,157.459E+00,-124.203E+00,-165.068E+00,22.900E+00,90.000E+00,90.000E+00,9.19618E+00,0.00000E+00,0.00000E+00,85.165E+00,100.000E+00,100.000E+00,0.15259E+03,0.00000E+03,0.00000E+03,+99999.9E+99,+99999.9E+99,+99999.9E+99,+99999.9E+99,+99999.9E+99,+99999.9E+99,+99999.9E+99,+99999.9E+99,+99999.9E+99,+99999.9E+99,+99999.9E+99,+99999.9E+99,1B00,0,0,0,1B00,76.7145E+00,76.6389E+00,76.3840E+00,76.5791E+00,72.6023E+00,72.6626E+00,72.0484E+00,72.4378E+00,76.7145E+00,76.6389E+00,76.3840E+00,0.0000E+00,0.0000E+00,0.0000E+00,70.7643E+00,70.6722E+00,70.5267E+00,105.833E+00,106.036E+00,105.569E+00,-104.261E+00,-104.733E+00,-104.394E+00,35.720E+00,35.245E+00,35.663E+00,+99999.9E+99,+99999.9E+99,+99999.9E+99,0.197E+00,9.7401E+00,9.3381E+00,9.9324E+00,9.6702E+00,8.4412E+00,8.0935E+00,8.4919E+00,8.3422E+00,9.7394E+00,9.3381E+00,9.9324E+00,-0.1135E+00,0.0000E+00,0.0000E+00,13.3916E+00,13.4361E+00,13.9751E+00,26.3738E+00,24.9100E+00,27.1600E+00,-25.3133E+00,-23.4695E+00,-26.5629E+00,42.857E+00,42.132E+00,40.273E+00,+99999.9E+99,+99999.9E+99,+99999.9E+99,2.457E+00,0.28666E+03,0.28491E+03,0.30440E+03,0.87598E+03,0.46658E+03,0.48128E+03,0.48996E+03,1.43782E+03,0.43333E+03,0.41555E+03,0.44057E+03,1.28946E+03,0.54197E+03,0.54490E+03,0.56215E+03,1.64873E+03,-0.32496E+03,-0.30251E+03,-0.31850E+03,-0.94597E+03,-0.27575E+03,-0.25551E+03,-0.27558E+03,-0.80684E+03,-0.66154E+00,-0.68562E+00,-0.69092E+00,-0.67934E+00,-0.86089E+00,-0.88324E+00,-0.87159E+00,-0.87208E+00,0.000E+00,120.172E+00,-119.988E+00,60.533E+00,178.074E+00,-60.520E+00,-48.583E+00,-46.716E+00,-46.297E+00,-47.208E+00,202.360E+00,201.678E+00,202.572E+00,91.852E+00,+99999.9E+99,+99999.9E+99,0.00007E+06,-0.00052E+06,0.00000E+00,10.158E+00,0.756E+03,0.00080E+06,43.931E+00,F0F08
2021/11/30,17:33:54,00000:00:18,800,38003800,0,1800,1800,3800,99.921E+00,0.000E+00,0.000E+00,110.983E+00,0.000E+00,0.000E+00,0.507E+00,0.000E+00,0.000E+00,99.919E+00,0.000E+00,0.000E+00,0.000E+00,0.000E+00,0.000E+00,100.907E+00,0.000E+00,0.000E+00,98.836E+00,0.000E+00,0.000E+00,115.947E+00,+99999.9E+99,+99999.9E+99,1.037E+00,+99999.9E+99,+99999.9E+99,11.8344E+00,0.00000E+00,0.00000E+00,12.1226E+00,0.00000E+00,0.00000E+00,4.5754E+00,0.00000E+00,0.00000E+00,10.9141E+00,0.00000E+00,0.00000E+00,2.9746E+00,0.00000E+00,0.00000E+00,18.2079E+00,0.0000E+00,0.0000E+00,4.1345E+00,0.0000E+00,0.0000E+00,106.170E+00,+99999.9E+99,+99999.9E+99,64.473E+00,+99999.9E+99,+99999.9E+99,1.08845E+03,0.00000E+03,0.00000E+03,0.00000E+03,0.00000E+03,0.00000E+03,1.18250E+03,0.00000E+03,0.00000E+03,0.00000E+03,0.00000E+03,0.00000E+03,0.46214E+03,0.00000E+03,0.00000E+03,0.00000E+03,0.00000E+03,0.00000E+03,0.92047E+00,0.00000E+00,0.00000E+00,0.81979E+00,0.98611E+00,0.99355E+00,0.000E+00,100.789E+00,148.797E+00,145.064E+00,-69.651E+00,155.307E+00,23.005E+00,90.000E+00,90.000E+00,12.6129E+00,0.00000E+00,0.00000E+00,96.851E+00,100.000E+00,100.000E+00,0.03427E+03,0.00000E+03,0.00000E+03,+99999.9E+99,+99999.9E+99,+99999.9E+99,+99999.9E+99,+99999.9E+99,+99999.9E+99,+99999.9E+99,+99999.9E+99,+99999.9E+99,+99999.9E+99,+99999.9E+99,+99999.9E+99,1B00,0,0,0,1B00,76.5250E+00,77.0412E+00,77.0455E+00,76.8706E+00,71.8429E+00,72.8121E+00,72.8160E+00,72.4903E+00,76.5250E+00,77.0412E+00,77.0455E+00,0.0000E+00,0.0000E+00,0.0000E+00,73.1202E+00,73.2274E+00,73.1283E+00,105.781E+00,105.991E+00,105.733E+00,-104.450E+00,-105.339E+00,-105.194E+00,13.938E+00,13.858E+00,14.135E+00,+99999.9E+99,+99999.9E+99,+99999.9E+99,0.091E+00,11.7279E+00,11.4890E+00,11.2875E+00,11.5014E+00,10.1238E+00,9.9824E+00,9.6903E+00,9.9322E+00,11.7267E+00,11.4826E+00,11.2741E+00,-0.1646E+00,-0.3840E+00,0.5497E+00,4.8321E+00,4.5877E+00,4.8107E+00,27.8824E+00,27.1014E+00,28.5214E+00,-26.5333E+00,-27.1562E+00,-26.0643E+00,58.326E+00,59.762E+00,56.504E+00,+99999.9E+99,+99999.9E+99,+99999.9E+99,2.591E+00,0.36250E+03,0.34343E+03,0.34826E+03,1.05418E+03,0.17444E+03,0.17019E+03,0.17922E+03,0.52385E+03,0.52365E+03,0.51249E+03,0.50620E+03,1.54234E+03,0.19988E+03,0.19259E+03,0.20052E+03,0.59289E+03,-0.37789E+03,-0.38040E+03,-0.36736E+03,-1.12566E+03,-0.09758E+03,-0.09014E+03,-0.08995E+03,-0.27766E+03,-0.69225E+00,-0.67011E+00,-0.68799E+00,-0.68349E+00,-0.87273E+00,-0.88371E+00,-0.89375E+00,-0.88356E+00,0.000E+00,120.039E+00,-119.911E+00,59.268E+00,177.903E+00,-63.262E+00,-46.191E+00,-47.925E+00,-46.529E+00,-46.883E+00,201.254E+00,201.990E+00,201.389E+00,93.072E+00,+99999.9E+99,+99999.9E+99,0.00007E+06,-0.00064E+06,0.00000E+00,12.381E+00,0.757E+03,0.00098E+06,43.598E+00,F0F0F
2021/11/30,17:33:54,00000:00:18,850,38003F00,700,1F00,1F00,3F00,99.921E+00,0.000E+00,0.000E+00,110.983E+00,0.000E+00,0.000E+00,0.507E+00,0.000E+00,0.000E+00,99.919E+00,0.000E+00,0.000E+00,0.000E+00,0.000E+00,0.000E+00,100.907E+00,0.000E+00,0.000E+00,98.836E+00,0.000E+00,0.000E+00,115.947E+00,+99999.9E+99,+99999.9E+99,1.037E+00,+99999.9E+99,+99999.9E+99,11.8344E+00,0.00000E+00,0.00000E+00,12.1226E+00,0.00000E+00,0.00000E+00,4.5754E+00,0.00000E+00,0.00000E+00,10.9141E+00,0.00000E+00,0.00000E+00,2.9746E+00,0.00000E+00,0.00000E+00,18.2079E+00,0.0000E+00,0.0000E+00,4.1345E+00,0.0000E+00,0.0000E+00,106.170E+00,+99999.9E+99,+99999.9E+99,64.473E+00,+99999.9E+99,+99999.9E+99,1.08845E+03,0.00000E+03,0.00000E+03,0.00000E+03,0.00000E+03,0.00000E+03,1.18250E+03,0.00000E+03,0.00000E+03,0.00000E+03,0.00000E+03,0.00000E+03,0.46214E+03,0.00000E+03,0.00000E+03,0.00000E+03,0.00000E+03,0.00000E+03,0.92047E+00,0.00000E+00,0.00000E+00,0.81979E+00,0.98611E+00,0.99355E+00,0.000E+00,100.789E+00,148.797E+00,145.064E+00,-69.651E+00,155.307E+00,23.005E+00,90.000E+00,90.000E+00,12.6129E+00,0.00000E+00,0.00000E+00,116.620E+00,100.000E+00,100.000E+00,-0.18090E+03,0.00000E+03,0.00000E+03,+99999.9E+99,+99999.9E+99,+99999.9E+99,+99999.9E+99,+99999.9E+99,+99999.9E+99,+99999.9E+99,+99999.9E+99,+99999.9E+99,+99999.9E+99,+99999.9E+99,+99999.9E+99,1B00,0,0,0,1B00,77.1972E+00,77.2270E+00,76.9971E+00,77.1404E+00,72.1468E+00,72.3830E+00,71.8321E+00,72.1206E+00,77.1972E+00,77.2270E+00,76.9971E+00,0.0000E+00,0.0000E+00,0.0000E+00,70.4646E+00,71.0461E+00,70.9388E+00,105.427E+00,105.764E+00,105.456E+00,-104.703E+00,-105.011E+00,-104.287E+00,34.824E+00,34.827E+00,34.707E+00,+99999.9E+99,+99999.9E+99,+99999.9E+99,0.506E+00,13.4437E+00,12.9929E+00,13.3934E+00,13.2767E+00,12.3791E+00,11.9409E+00,12.3055E+00,12.2085E+00,13.4428E+00,12.9929E+00,13.3923E+00,-0.1578E+00,0.0000E+00,0.1770E+00,14.1204E+00,13.2078E+00,13.1719E+00,27.6457E+00,27.0876E+00,28.6495E+00,-26.5667E+00,-26.7633E+00,-26.6910E+00,39.654E+00,41.921E+00,42.204E+00,+99999.9E+99,+99999.9E+99,+99999.9E+99,4.380E+00,0.42082E+03,0.41241E+03,0.43612E+03,1.26935E+03,0.50396E+03,0.46103E+03,0.48548E+03,1.45047E+03,0.60553E+03,0.58509E+03,0.60190E+03,1.79252E+03,0.56879E+03,0.53394E+03,0.53801E+03,1.63981E+03,-0.43539E+03,-0.41502E+03,-0.41484E+03,-1.26526E+03,-0.26370E+03,-0.26934E+03,-0.23189E+03,-0.76494E+03,-0.69497E+00,-0.70487E+00,-0.72456E+00,-0.70814E+00,-0.88603E+00,-0.86344E+00,-0.90235E+00,-0.88453E+00,0.000E+00,119.833E+00,-119.675E+00,57.894E+00,-179.926E+00,-64.363E+00,-45.975E+00,-45.181E+00,-43.568E+00,-44.916E+00,202.135E+00,201.565E+00,201.887E+00,89.878E+00,+99999.9E+99,+99999.9E+99,0.00013E+06,-0.00073E+06,0.00000E+00,14.385E+00,0.757E+03,0.00114E+06,43.800E+00,F0F0F
2021/11/30,17:33:54,00000:00:18,900,38003F00,500,1F00,1F00,3F00,99.921E+00,0.000E+00,0.000E+00,110.983E+00,0.000E+00,0.000E+00,0.507E+00,0.000E+00,0.000E+00,99.919E+00,0.000E+00,0.000E+00,0.000E+00,0.000E+00,0.000E+00,100.907E+00,0.000E+00,0.000E+00,98.836E+00,0.000E+00,0.000E+00,20.333E+00,+99999.9E+99,362.293E+00,1.037E+00,+99999.9E+99,+99999.9E+99,11.8344E+00,0.00000E+00,0.00000E+00,12.1226E+00,0.00000E+00,0.00000E+00,4.5754E+00,0.00000E+00,0.00000E+00,10.9141E+00,0.00000E+00,0.00000E+00,4.6454E+00,0.00000E+00,0.00000E+00,18.2079E+00,0.0000E+00,0.0000E+00,4.1345E+00,0.0000E+00,0.0000E+00,13.252E+00,+99999.9E+99,+99999.9E+99,64.473E+00,+99999.9E+99,+99999.9E+99,1.08845E+03,0.00000E+03,0.00000E+03,0.00000E+03,0.00000E+03,0.00000E+03,1.18250E+03,0.00000E+03,0.00000E+03,0.00000E+03,0.00000E+03,0.00000E+03,0.46214E+03,0.00000E+03,0.00000E+03,0.00000E+03,0.00000E+03,0.00000E+03,0.92047E+00,0.00000E+00,0.00000E+00,0.91931E+00,0.22507E+00,0.11740E+00,0.000E+00,-166.498E+00,149.238E+00,156.825E+00,-89.505E+00,-114.020E+00,23.005E+00,90.000E+00,90.000E+00,12.6129E+00,0.00000E+00,0.00000E+00,71.691E+00,100.000E+00,100.000E+00,0.30813E+03,0.00000E+03,0.00000E+03,+99999.9E+99,+99999.9E+99,+99999.9E+99,+99999.9E+99,+99999.9E+99,+99999.9E+99,+99999.9E+99,+99999.9E+99,+99999.9E+99,+99999.9E+99,+99999.9E+99,+99999.9E+99,1B00,0,0,0,1B00,76.2583E+00,76.6770E+00,76.4961E+00,76.4771E+00,72.1570E+00,72.9251E+00,72.6055E+00,72.5625E+00,76.2583E+00,76.6769E+00,76.4961E+00,0.0000E+00,0.0000E+00,0.0000E+00,71.9045E+00,71.7516E+00,71.6804E+00,105.690E+00,106.060E+00,105.670E+00,-104.447E+00,-105.023E+00,-104.143E+00,26.362E+00,25.369E+00,26.133E+00,+99999.9E+99,+99999.9E+99,+99999.9E+99,0.185E+00,8.2750E+00,8.2293E+00,8.1809E+00,8.2284E+00,7.3693E+00,7.3446E+00,7.2816E+00,7.3319E+00,8.2743E+00,8.2286E+00,8.1780E+00,-0.1128E+00,-0.1060E+00,0.2198E+00,9.3714E+00,9.5168E+00,9.8861E+00,22.4057E+00,20.7552E+00,20.5062E+00,-18.7371E+00,-19.0138E+00,-20.0076E+00,49.648E+00,47.329E+00,45.592E+00,+99999.9E+99,+99999.9E+99,+99999.9E+99,4.301E+00,0.26139E+03,0.25667E+03,0.26228E+03,0.78033E+03,0.31956E+03,0.34215E+03,0.34685E+03,1.00857E+03,0.36590E+03,0.36453E+03,0.36338E+03,1.09382E+03,0.37732E+03,0.38685E+03,0.40473E+03,1.16831E+03,-0.25605E+03,-0.25886E+03,-0.25151E+03,-0.76642E+03,-0.20062E+03,-0.18052E+03,-0.20856E+03,-0.58970E+03,-0.71436E+00,-0.70410E+00,-0.72177E+00,-0.71340E+00,-0.84694E+00,-0.88445E+00,-0.85700E+00,-0.86327E+00,0.000E+00,120.137E+00,-120.034E+00,62.051E+00,177.918E+00,-58.913E+00,-44.409E+00,-45.243E+00,-43.799E+00,-44.488E+00,201.968E+00,201.951E+00,201.933E+00,95.020E+00,+99999.9E+99,+99999.9E+99,0.00004E+06,-0.00048E+06,0.00000E+00,9.366E+00,0.756E+03,0.00074E+06,43.855E+00,F0F08
2021/11/30,17:33:54,00000:00:18,950,38003F00,700,1F00,1F00,3F00,99.921E+00,0.000E+00,0.000E+00,110.983E+00,0.000E+00,0.000E+00,0.507E+00,0.000E+00,0.000E+00,99.919E+00,0.000E+00,0.000E+00,0.000E+00,0.000E+00,0.000E+00,100.907E+00,0.000E+00,0.000E+00,98.836E+00,0.000E+00,0.000E+00,70.149E+00,+99999.9E+99,+99999.9E+99,1.037E+00,+99999.9E+99,+99999.9E+99,11.8344E+00,0.00000E+00,0.00000E+00,12.1226E+00,0.00000E+00,0.00000E+00,4.5754E+00,0.00000E+00,0.00000E+00,10.9141E+00,0.00000E+00,0.00000E+00,3.9025E+00,0.00000E+00,0.00000E+00,18.2079E+00,0.0000E+00,0.0000E+00,4.1345E+00,0.0000E+00,0.0000E+00,49.951E+00,+99999.9E+99,+99999.9E+99,64.473E+00,+99999.9E+99,+99999.9E+99,1.08845E+03,0.00000E+03,0.00000E+03,0.00000E+03,0.00000E+03,0.00000E+03,1.18250E+03,0.00000E+03,0.00000E+03,0.00000E+03,0.00000E+03,0.00000E+03,0.46214E+03,0.00000E+03,0.00000E+03,0.00000E+03,0.00000E+03,0.00000E+03,0.92047E+00,0.00000E+00,0.00000E+00,0.89241E+00,0.99707E+00,0.23329E+00,0.000E+00,106.321E+00,163.601E+00,153.178E+00,-78.066E+00,-92.908E+00,23.005E+00,90.000E+00,90.000E+00,12.6129E+00,0.00000E+00,0.00000E+00,116.367E+00,100.000E+00,100.000E+00,-0.17815E+03,0.00000E+03,0.00000E+03,+99999.9E+99,+99999.9E+99,+99999.9E+99,+99999.9E+99,+99999.9E+99,+99999.9E+99,+99999.9E+99,+99999.9E+99,+99999.9E+99,+99999.9E+99,+99999.9E+99,+99999.9E+99,1B00,0,0,0,1B00,77.0563E+00,77.1986E+00,77.1042E+00,77.1197E+00,72.1345E+00,72.5839E+00,72.2814E+00,72.3333E+00,77.0563E+00,77.1986E+00,77.1042E+00,0.0000E+00,0.0000E+00,0.0000E+00,72.7238E+00,73.1073E+00,72.9827E+00,105.741E+00,106.100E+00,105.823E+00,-104.579E+00,-105.060E+00,-104.739E+00,16.396E+00,16.626E+00,16.914E+00,+99999.9E+99,+99999.9E+99,+99999.9E+99,0.318E+00,13.4527E+00,12.9845E+00,13.1810E+00,13.2060E+00,12.2539E+00,11.7784E+00,11.8465E+00,11.9596E+00,13.4513E+00,12.9813E+00,13.1723E+00,-0.1929E+00,-0.2846E+00,0.4786E+00,6.4661E+00,5.8220E+00,5.7082E+00,27.6657E+00,27.2490E+00,28.5857E+00,-26.5857E+00,-26.8129E+00,-26.6876E+00,49.459E+00,53.831E+00,54.708E+00,+99999.9E+99,+99999.9E+99,+99999.9E+99,6.648E+00,0.43050E+03,0.40924E+03,0.42687E+03,1.26661E+03,0.23295E+03,0.20461E+03,0.21954E+03,0.65710E+03,0.60572E+03,0.58337E+03,0.59235E+03,1.78144E+03,0.26005E+03,0.23586E+03,0.23814E+03,0.73315E+03,-0.42610E+03,-0.41575E+03,-0.41068E+03,-1.25254E+03,-0.11558E+03,-0.11733E+03,-0.09226E+03,-0.32516E+03,-0.71073E+00,-0.70150E+00,-0.72064E+00,-0.71100E+00,-0.89580E+00,-0.86750E+00,-0.92191E+00,-0.89627E+00,0.000E+00,119.938E+00,-119.765E+00,56.566E+00,179.710E+00,-67.091E+00,-44.706E+00,-45.453E+00,-43.893E+00,-44.684E+00,201.162E+00,201.313E+00,201.637E+00,91.229E+00,+99999.9E+99,+99999.9E+99,0.00011E+06,-0.00075E+06,0.00000E+00,14.581E+00,0.757E+03,0.00116E+06,43.570E+00,F0F08
2021/11/30,17:33:54,00000:00:19,0,38003F00,500,1F00,1F00,3F00,99.921E+00,0.000E+00,0.000E+00,110.983E+00,0.000E+00,0.000E+00,0.507E+00,0.000E+00,0.000E+00,99.919E+00,0.000E+00,0.000E+00,0.000E+00,0.000E+00,0.000E+00,100.907E+00,0.000E+00,0.000E+00,98.836E+00,0.000E+00,0.000E+00,70.149E+00,+99999.9E+99,+99999.9E+99,1.037E+00,+99999.9E+99,+99999.9E+99,11.8344E+00,0.00000E+00,0.00000E+00,12.1226E+00,0.00000E+00,0.00000E+00,4.5754E+00,0.00000E+00,0.00000E+00,10.9141E+00,0.00000E+00,0.00000E+00,3.9025E+00,0.00000E+00,0.00000E+00,18.2079E+00,0.0000E+00,0.0000E+00,4.1345E+00,0.0000E+00,0.0000E+00,49.951E+00,+99999.9E+99,+99999.9E+99,64.473E+00,+99999.9E+99,+99999.9E+99,1.08845E+03,0.00000E+03,0.00000E+03,0.00000E+03,0.00000E+03,0.00000E+03,1.18250E+03,0.00000E+03,0.00000E+03,0.00000E+03,0.00000E+03,0.00000E+03,0.46214E+03,0.00000E+03,0.00000E+03,0.00000E+03,0.00000E+03,0.00000E+03,0.92047E+00,0.00000E+00,0.00000E+00,0.89241E+00,0.99707E+00,0.23329E+00,0.000E+00,106.321E+00,163.601E+00,153.178E+00,-78.066E+00,-92.908E+00,23.005E+00,90.000E+00,90.000E+00,12.6129E+00,0.00000E+00,0.00000E+00,99.895E+00,100.000E+00,100.000E+00,0.00114E+03,0.00000E+03,0.00000E+03,+99999.9E+99,+99999.9E+99,+99999.9E+99,+99999.9E+99,+99999.9E+99,+99999.9E+99,+99999.9E+99,+99999.9E+99,+99999.9E+99,+99999.9E+99,+99999.9E+99,+99999.9E+99,1B00,0,0,0,1B00,76.7316E+00,77.0859E+00,76.8099E+00,76.8758E+00,71.9752E+00,72.6276E+00,72.1248E+00,72.2425E+00,76.7316E+00,77.0859E+00,76.8099E+00,0.0000E+00,0.0000E+00,0.0000E+00,70.0059E+00,70.2371E+00,70.1626E+00,105.396E+00,105.896E+00,105.636E+00,-103.993E+00,-104.761E+00,-104.694E+00,39.047E+00,38.833E+00,38.876E+00,+99999.9E+99,+99999.9E+99,+99999.9E+99,0.199E+00,11.8948E+00,11.7374E+00,12.0273E+00,11.8865E+00,10.4486E+00,10.3786E+00,10.5659E+00,10.4644E+00,11.8942E+00,11.7374E+00,12.0273E+00,-0.1233E+00,0.0000E+00,0.0000E+00,15.4187E+00,14.9978E+00,15.1836E+00,27.6652E+00,26.8419E+00,28.3886E+00,-25.5676E+00,-26.5290E+00,-26.8462E+00,39.361E+00,40.374E+00,39.483E+00,+99999.9E+99,+99999.9E+99,+99999.9E+99,1.700E+00,0.35653E+03,0.35930E+03,0.37149E+03,1.08732E+03,0.54465E+03,0.52775E+03,0.54448E+03,1.61688E+03,0.53102E+03,0.52558E+03,0.53931E+03,1.59591E+03,0.62231E+03,0.60487E+03,0.61431E+03,1.84133E+03,-0.39353E+03,-0.38359E+03,-0.39096E+03,-1.16808E+03,-0.30102E+03,-0.29555E+03,-0.28446E+03,-0.88103E+03,-0.67141E+00,-0.68362E+00,-0.68882E+00,-0.68131E+00,-0.87522E+00,-0.87250E+00,-0.88633E+00,-0.87810E+00,0.000E+00,119.955E+00,-119.856E+00,59.039E+00,179.172E+00,-62.348E+00,-47.824E+00,-46.873E+00,-46.463E+00,-47.054E+00,202.045E+00,202.250E+00,201.674E+00,90.637E+00,+99999.9E+99,+99999.9E+99,0.00010E+06,-0.00063E+06,0.00000E+00,12.438E+00,0.757E+03,0.00099E+06,43.829E+00,F0F08
2021/11/30,17:33:54,00000:00:19,50,38003800,2800,3800,3800,3800,99.867E+00,0.000E+00,0.000E+00,110.923E+00,0.000E+00,0.000E+00,0.498E+00,0.000E+00,0.000E+00,99.866E+00,0.000E+00,0.000E+00,0.000E+00,0.000E+00,0.000E+00,100.929E+00,0.000E+00,0.000E+00,98.814E+00,0.000E+00,0.000E+00,38.798E+00,492.439E+00,+99999.9E+99,1.059E+00,+99999.9E+99,+99999.9E+99,12.0482E+00,0.00000E+00,0.00000E+00,12.3840E+00,0.00000E+00,0.00000E+00,4.5659E+00,0.00000E+00,0.00000E+00,11.1495E+00,0.00000E+00,0.00000E+00,4.0911E+00,0.00000E+00,0.00000E+00,18.3081E+00,0.0000E+00,0.0000E+00,4.0936E+00,0.0000E+00,0.0000E+00,45.110E+00,+99999.9E+99,+99999.9E+99,63.745E+00,+99999.9E+99,+99999.9E+99,1.11141E+03,0.00000E+03,0.00000E+03,0.00000E+03,0.00000E+03,0.00000E+03,1.20322E+03,0.00000E+03,0.00000E+03,0.00000E+03,0.00000E+03,0.00000E+03,0.46098E+03,0.00000E+03,0.00000E+03,0.00000E+03,0.00000E+03,0.00000E+03,0.92370E+00,0.00000E+00,0.00000E+00,0.93014E+00,0.15019E+00,0.48557E+00,0.000E+00,35.728E+00,167.827E+00,158.456E+00,134.366E+00,-131.223E+00,22.527E+00,90.000E+00,90.000E+00,0.00000E+00,0.00000E+00,0.00000E+00,78.045E+00,100.000E+00,100.000E+00,0.24401E+03,0.00000E+03,0.00000E+03,+99999.9E+99,+99999.9E+99,+99999.9E+99,+99999.9E+99,+99999.9E+99,+99999.9E+99,+99999.9E+99,+99999.9E+99,+99999.9E+99,+99999.9E+99,+99999.9E+99,+99999.9E+99,1B00,0,0,0,1B00,76.5190E+00,76.6298E+00,76.5499E+00,76.5662E+00,72.4136E+00,72.8011E+00,72.5139E+00,72.5762E+00,76.5190E+00,76.6298E+00,76.5499E+00,0.0000E+00,0.0000E+00,0.0000E+00,72.4463E+00,72.2225E+00,72.2103E+00,105.827E+00,106.051E+00,105.741E+00,-104.361E+00,-104.909E+00,-104.221E+00,22.605E+00,21.693E+00,22.169E+00,+99999.9E+99,+99999.9E+99,+99999.9E+99,0.208E+00,9.6154E+00,9.1213E+00,9.2624E+00,9.3330E+00,8.3347E+00,7.9238E+00,7.9608E+00,8.0731E+00,9.6143E+00,9.1182E+00,9.2544E+00,-0.1447E+00,-0.2392E+00,0.3849E+00,7.7393E+00,8.1636E+00,8.3603E+00,26.1976E+00,24.1662E+00,24.9276E+00,-26.4467E+00,-25.0709E+00,-22.5610E+00,52.415E+00,48.276E+00,47.104E+00,+99999.9E+99,+99999.9E+99,+99999.9E+99,4.563E+00,0.29657E+03,0.27840E+03,0.29243E+03,0.86740E+03,0.27444E+03,0.29557E+03,0.29792E+03,0.86793E+03,0.42751E+03,0.40463E+03,0.41099E+03,1.24314E+03,0.31765E+03,0.32833E+03,0.34240E+03,0.98781E+03,-0.30792E+03,-0.29363E+03,-0.28879E+03,-0.89034E+03,-0.15995E+03,-0.14296E+03,-0.16877E+03,-0.47167E+03,-0.69372E+00,-0.68804E+00,-0.71152E+00,-0.69775E+00,-0.86398E+00,-0.90023E+00,-0.87009E+00,-0.87864E+00,0.000E+00,120.108E+00,-120.098E+00,60.132E+00,175.915E+00,-60.462E+00,-46.075E+00,-46.525E+00,-44.642E+00,-45.753E+00,201.621E+00,201.260E+00,202.016E+00,94.238E+00,+99999.9E+99,+99999.9E+99,0.00005E+06,-0.00054E+06,0.00000E+00,10.326E+00,0.756E+03,0.00082E+06,43.761E+00,F0F08
2021/11/30,17:33:54,00000:00:19,100,38003F00,2F00,3F00,3F00,3F00,99.867E+00,0.000E+00,0.000E+00,110.923E+00,0.000E+00,0.000E+00,0.498E+00,0.000E+00,0.000E+00,99.866E+00,0.000E+00,0.000E+00,0.000E+00,0.000E+00,0.000E+00,100.929E+00,0.000E+00,0.000E+00,98.814E+00,0.000E+00,0.000E+00,38.798E+00,492.439E+00,+99999.9E+99,1.059E+00,+99999.9E+99,+99999.9E+99,12.0482E+00,0.00000E+00,0.00000E+00,12.3840E+00,0.00000E+00,0.00000E+00,4.5659E+00,0.00000E+00,0.00000E+00,11.1495E+00,0.00000E+00,0.00000E+00,4.0911E+00,0.00000E+00,0.00000E+00,18.3081E+00,0.0000E+00,0.0000E+00,4.0936E+00,0.0000E+00,0.0000E+00,45.110E+00,+99999.9E+99,+99999.9E+99,63.745E+00,+99999.9E+99,+99999.9E+99,1.11141E+03,0.00000E+03,0.00000E+03,0.00000E+03,0.00000E+03,0.00000E+03,1.20322E+03,0.00000E+03,0.00000E+03,0.00000E+03,0.00000E+03,0.00000E+03,0.46098E+03,0.00000E+03,0.00000E+03,0.00000E+03,0.00000E+03,0.00000E+03,0.92370E+00,0.00000E+00,0.00000E+00,0.93014E+00,0.15019E+00,0.48557E+00,0.000E+00,35.728E+00,167.827E+00,158.456E+00,134.366E+00,-131.223E+00,22.527E+00,90.000E+00,90.000E+00,0.00000E+00,0.00000E+00,0.00000E+00,121.501E+00,100.000E+00,100.000E+00,-0.23897E+03,0.00000E+03,0.00000E+03,+99999.9E+99,+99999.9E+99,+99999.9E+99,+99999.9E+99,+99999.9E+99,+99999.9E+99,+99999.9E+99,+99999.9E+99,+99999.9E+99,+99999.9E+99,+99999.9E+99,+99999.9E+99,1B00,0,0,0,1B00,76.9991E+00,77.4718E+00,77.3237E+00,77.2649E+00,71.6939E+00,72.5474E+00,72.2863E+00,72.1758E+00,76.9991E+00,77.4718E+00,77.3237E+00,0.0000E+00,0.0000E+00,0.0000E+00,72.2832E+00,72.7423E+00,72.6171E+00,105.693E+00,106.156E+00,105.640E+00,-104.173E+00,-104.669E+00,-104.441E+00,20.434E+00,20.443E+00,20.714E+00,+99999.9E+99,+99999.9E+99,+99999.9E+99,0.384E+00,13.9373E+00,13.6385E+00,13.7721E+00,13.7826E+00,12.9961E+00,12.8312E+00,12.7795E+00,12.8689E+00,13.9366E+00,13.6360E+00,13.7661E+00,-0.1438E+00,-0.2607E+00,0.4058E+00,8.1288E+00,7.5405E+00,7.3888E+00,27.6919E+00,27.1386E+00,28.6148E+00,-26.4786E+00,-27.2186E+00,-26.7310E+00,46.592E+00,48.919E+00,50.504E+00,+99999.9E+99,+99999.9E+99,+99999.9E+99,6.950E+00,0.45399E+03,0.44329E+03,0.45309E+03,1.35038E+03,0.29829E+03,0.26044E+03,0.27963E+03,0.83837E+03,0.62743E+03,0.61472E+03,0.62312E+03,1.86526E+03,0.33171E+03,0.29996E+03,0.30234E+03,0.93276E+03,-0.43308E+03,-0.42587E+03,-0.42776E+03,-1.28671E+03,-0.14510E+03,-0.14881E+03,-0.11496E+03,-0.40886E+03,-0.72358E+00,-0.72114E+00,-0.72714E+00,-0.72396E+00,-0.89926E+00,-0.86827E+00,-0.92489E+00,-0.89881E+00,0.000E+00,119.895E+00,-119.735E+00,56.151E+00,179.583E+00,-67.545E+00,-43.649E+00,-43.851E+00,-43.353E+00,-43.617E+00,201.821E+00,202.215E+00,201.099E+00,90.318E+00,+99999.9E+99,+99999.9E+99,0.00013E+06,-0.00078E+06,0.00000E+00,15.379E+00,0.757E+03,0.00122E+06,43.716E+00,F0F08
2021/11/30,17:33:54,00000:00:19,150,38003F00,2800,3B00,3B00,3F00,100.032E+00,0.000E+00,0.000E+00,111.106E+00,0.000E+00,0.000E+00,0.509E+00,0.000E+00,0.000E+00,100.030E+00,0.000E+00,0.000E+00,0.000E+00,0.000E+00,0.000E+00,100.986E+00,0.000E+00,0.000E+00,98.811E+00,0.000E+00,0.000E+00,38.798E+00,492.439E+00,+99999.9E+99,1.087E+00,+99999.9E+99,+99999.9E+99,11.3436E+00,0.00000E+00,0.00000E+00,11.5784E+00,0.00000E+00,0.00000E+00,4.4735E+00,0.00000E+00,0.00000E+00,10.4243E+00,0.00000E+00,0.00000E+00,4.0911E+00,0.00000E+00,0.00000E+00,18.2648E+00,0.0000E+00,0.0000E+00,4.1352E+00,0.0000E+00,0.0000E+00,45.110E+00,+99999.9E+99,+99999.9E+99,67.772E+00,+99999.9E+99,+99999.9E+99,1.04071E+03,0.00000E+03,0.00000E+03,0.00000E+03,0.00000E+03,0.00000E+03,1.13472E+03,0.00000E+03,0.00000E+03,0.00000E+03,0.00000E+03,0.00000E+03,0.45224E+03,0.00000E+03,0.00000E+03,0.00000E+03,0.00000E+03,0.00000E+03,0.91715E+00,0.00000E+00,0.00000E+00,0.93014E+00,0.15019E+00,0.48557E+00,0.000E+00,35.728E+00,167.827E+00,158.456E+00,134.366E+00,-131.223E+00,23.487E+00,90.000E+00,90.000E+00,9.51781E+00,0.00000E+00,0.00000E+00,83.271E+00,100.000E+00,100.000E+00,0.17410E+03,0.00000E+03,0.00000E+03,+99999.9E+99,+99999.9E+99,+99999.9E+99,+99999.9E+99,+99999.9E+99,+99999.9E+99,+99999.9E+99,+99999.9E+99,+99999.9E+99,+99999.9E+99,+99999.9E+99,+99999.9E+99,1B00,0,0,0,1B00,76.7056E+00,76.6703E+00,76.3733E+00,76.5831E+00,72.5410E+00,72.6636E+00,71.9973E+00,72.4006E+00,76.7056E+00,76.6703E+00,76.3733E+00,0.0000E+00,0.0000E+00,0.0000E+00,70.2556E+00,70.2924E+00,70.1789E+00,105.843E+00,106.097E+00,105.773E+00,-104.604E+00,-104.706E+00,-104.593E+00,38.333E+00,37.972E+00,38.160E+00,+99999.9E+99,+99999.9E+99,+99999.9E+99,0.086E+00,9.7260E+00,9.3094E+00,9.9258E+00,9.6538E+00,8.3914E+00,8.0313E+00,8.4478E+00,8.2901E+00,9.7253E+00,9.3094E+00,9.9258E+00,-0.1125E+00,0.0000E+00,0.0000E+00,14.7694E+00,14.6613E+00,15.0010E+00,26.4543E+00,24.8743E+00,27.1186E+00,-25.6200E+00,-23.4100E+00,-26.8800E+00,40.776E+00,40.758E+00,39.390E+00,+99999.9E+99,+99999.9E+99,+99999.9E+99,1.455E+00,0.28326E+03,0.28132E+03,0.30202E+03,0.86661E+03,0.51777E+03,0.52010E+03,0.53216E+03,1.57003E+03,0.43252E+03,0.41437E+03,0.44032E+03,1.28721E+03,0.59707E+03,0.59191E+03,0.60634E+03,1.79521E+03,-0.32686E+03,-0.30424E+03,-0.32041E+03,-0.95151E+03,-0.29732E+03,-0.28258E+03,-0.29062E+03,-0.87052E+03,-0.65491E+00,-0.67891E+00,-0.68592E+00,-0.67324E+00,-0.86720E+00,-0.87868E+00,-0.87765E+00,-0.87456E+00,0.000E+00,120.078E+00,-119.936E+00,59.881E+00,178.546E+00,-61.265E+00,-49.087E+00,-47.241E+00,-46.692E+00,-47.682E+00,201.813E+00,201.590E+00,202.493E+00,92.070E+00,+99999.9E+99,+99999.9E+99,0.00007E+06,-0.00052E+06,0.00000E+00,10.073E+00,0.756E+03,0.00080E+06,43.779E+00,F0F08
2021/11/30,17:33:54,00000:00:19,200,38003F00,0,1B00,1B00,3F00,99.933E+00,0.000E+00,0.000E+00,110.996E+00,0.000E+00,0.000E+00,0.507E+00,0.000E+00,0.000E+00,99.932E+00,0.000E+00,0.000E+00,0.000E+00,0.000E+00,0.000E+00,100.918E+00,0.000E+00,0.000E+00,98.793E+00,0.000E+00,0.000E+00,115.831E+00,+99999.9E+99,+99999.9E+99,1.063E+00,+99999.9E+99,+99999.9E+99,11.7243E+00,0.00000E+00,0.00000E+00,11.9674E+00,0.00000E+00,0.00000E+00,4.6230E+00,0.00000E+00,0.00000E+00,10.7744E+00,0.00000E+00,0.00000E+00,2.9844E+00,0.00000E+00,0.00000E+00,18.2657E+00,0.0000E+00,0.0000E+00,4.1121E+00,0.0000E+00,0.0000E+00,112.007E+00,+99999.9E+99,+99999.9E+99,65.681E+00,+99999.9E+99,+99999.9E+99,1.07459E+03,0.00000E+03,0.00000E+03,0.00000E+03,0.00000E+03,0.00000E+03,1.17165E+03,0.00000E+03,0.00000E+03,0.00000E+03,0.00000E+03,0.00000E+03,0.46691E+03,0.00000E+03,0.00000E+03,0.00000E+03,0.00000E+03,0.00000E+03,0.91716E+00,0.00000E+00,0.00000E+00,0.82023E+00,0.76315E+00,0.96286E+00,0.000E+00,69.668E+00,133.804E+00,145.108E+00,109.925E+00,-30.532E+00,23.485E+00,90.000E+00,90.000E+00,12.2859E+00,0.00000E+00,0.00000E+00,98.231E+00,100.000E+00,100.000E+00,0.01901E+03,0.00000E+03,0.00000E+03,+99999.9E+99,+99999.9E+99,+99999.9E+99,+99999.9E+99,+99999.9E+99,+99999.9E+99,+99999.9E+99,+99999.9E+99,+99999.9E+99,+99999.9E+99,+99999.9E+99,+99999.9E+99,1B00,0,0,0,1B00,76.5124E+00,77.0361E+00,77.0106E+00,76.8530E+00,71.8559E+00,72.8300E+00,72.7761E+00,72.4873E+00,76.5124E+00,77.0361E+00,77.0106E+00,0.0000E+00,0.0000E+00,0.0000E+00,73.0452E+00,73.0383E+00,72.9285E+00,105.736E+00,106.150E+00,105.831E+00,-104.360E+00,-104.737E+00,-104.464E+00,15.495E+00,15.356E+00,15.378E+00,+99999.9E+99,+99999.9E+99,+99999.9E+99,0.108E+00,11.7177E+00,11.4797E+00,11.2892E+00,11.4955E+00,10.1192E+00,9.9833E+00,9.6952E+00,9.9326E+00,11.7163E+00,11.4740E+00,11.2764E+00,-0.1773E+00,-0.3592E+00,0.5377E+00,5.2332E+00,5.1360E+00,5.5527E+00,27.6571E+00,27.1443E+00,28.8076E+00,-26.5838E+00,-26.9324E+00,-26.2624E+00,58.452E+00,57.771E+00,53.384E+00,+99999.9E+99,+99999.9E+99,+99999.9E+99,3.602E+00,0.36255E+03,0.34428E+03,0.34875E+03,1.05558E+03,0.18581E+03,0.19174E+03,0.19952E+03,0.57707E+03,0.52290E+03,0.51189E+03,0.50601E+03,1.54080E+03,0.21531E+03,0.21454E+03,0.22640E+03,0.65603E+03,-0.37681E+03,-0.37882E+03,-0.36663E+03,-1.12226E+03,-0.10876E+03,-0.09625E+03,-0.10701E+03,-0.31202E+03,-0.69334E+00,-0.67257E+00,-0.68922E+00,-0.68509E+00,-0.86302E+00,-0.89372E+00,-0.88125E+00,-0.87965E+00,0.000E+00,120.099E+00,-119.958E+00,60.336E+00,176.708E+00,-61.699E+00,-46.105E+00,-47.735E+00,-46.432E+00,-46.758E+00,201.923E+00,201.934E+00,201.329E+00,93.024E+00,+99999.9E+99,+99999.9E+99,0.00007E+06,-0.00064E+06,0.00000E+00,12.397E+00,0.756E+03,0.00098E+06,43.813E+00,F0F0F
2021/11/30,17:33:54,00000:00:19,250,38003F00,700,1C00,1C00,3800,99.933E+00,0.000E+00,0.000E+00,110.996E+00,0.000E+00,0.000E+00,0.507E+00,0.000E+00,0.000E+00,99.932E+00,0.000E+00,0.000E+00,0.000E+00,0.000E+00,0.000E+00,100.918E+00,0.000E+00,0.000E+00,98.793E+00,0.000E+00,0.000E+00,20.785E+00,+99999.9E+99,488.511E+00,1.063E+00,+99999.9E+99,+99999.9E+99,11.7243E+00,0.00000E+00,0.00000E+00,11.9674E+00,0.00000E+00,0.00000E+00,4.6230E+00,0.00000E+00,0.00000E+00,10.7744E+00,0.00000E+00,0.00000E+00,4.6721E+00,0.00000E+00,0.00000E+00,18.2657E+00,0.0000E+00,0.0000E+00,4.1121E+00,0.0000E+00,0.0000E+00,10.816E+00,+99999.9E+99,+99999.9E+99,65.681E+00,+99999.9E+99,+99999.9E+99,1.07459E+03,0.00000E+03,0.00000E+03,0.00000E+03,0.00000E+03,0.00000E+03,1.17165E+03,0.00000E+03,0.00000E+03,0.00000E+03,0.00000E+03,0.00000E+03,0.46691E+03,0.00000E+03,0.00000E+03,0.00000E+03,0.00000E+03,0.00000E+03,0.91716E+00,0.00000E+00,0.00000E+00,0.91543E+00,0.18353E+00,0.96063E+00,0.000E+00,-100.365E+00,137.244E+00,156.267E+00,0.210E+00,153.375E+00,23.485E+00,90.000E+00,90.000E+00,12.2859E+00,0.00000E+00,0.00000E+00,120.854E+00,100.000E+00,100.000E+00,-0.22410E+03,0.00000E+03,0.00000E+03,+99999.9E+99,+99999.9E+99,+99999.9E+99,+99999.9E+99,+99999.9E+99,+99999.9E+99,+99999.9E+99,+99999.9E+99,+99999.9E+99,+99999.9E+99,+99999.9E+99,+99999.9E+99,1B00,0,0,0,1B00,77.2119E+00,77.2237E+00,76.9971E+00,77.1442E+00,72.2329E+00,72.4435E+00,71.8857E+00,72.1874E+00,77.2119E+00,77.2237E+00,76.9971E+00,0.0000E+00,0.0000E+00,0.0000E+00,71.0406E+00,71.7188E+00,71.4838E+00,105.364E+00,105.593E+00,105.531E+00,-104.633E+00,-104.403E+00,-104.650E+00,30.217E+00,30.498E+00,30.487E+00,+99999.9E+99,+99999.9E+99,+99999.9E+99,0.552E+00,13.6234E+00,13.1873E+00,13.5749E+00,13.4619E+00,12.5461E+00,12.1206E+00,12.4791E+00,12.3819E+00,13.6226E+00,13.1873E+00,13.5736E+00,-0.1429E+00,0.0000E+00,0.1875E+00,12.4158E+00,11.2795E+00,11.4590E+00,27.5690E+00,27.3533E+00,28.5533E+00,-26.6376E+00,-26.9905E+00,-26.6719E+00,40.985E+00,44.287E+00,44.111E+00,+99999.9E+99,+99999.9E+99,+99999.9E+99,5.887E+00,0.43082E+03,0.42242E+03,0.44546E+03,1.29869E+03,0.44526E+03,0.39634E+03,0.42442E+03,1.26602E+03,0.61402E+03,0.59413E+03,0.61031E+03,1.81847E+03,0.49996E+03,0.45933E+03,0.46436E+03,1.42220E+03,-0.43751E+03,-0.41780E+03,-0.41719E+03,-1.27251E+03,-0.22739E+03,-0.23215E+03,-0.18840E+03,-0.64795E+03,-0.70163E+00,-0.71098E+00,-0.72988E+00,-0.71417E+00,-0.89058E+00,-0.86287E+00,-0.91400E+00,-0.89019E+00,0.000E+00,119.910E+00,-119.579E+00,57.366E+00,-179.842E+00,-65.844E+00,-45.442E+00,-44.685E+00,-43.124E+00,-44.425E+00,201.355E+00,201.561E+00,201.906E+00,89.531E+00,+99999.9E+99,+99999.9E+99,0.00014E+06,-0.00074E+06,0.00000E+00,14.658E+00,0.757E+03,0.00116E+06,43.572E+00,F0F08
2021/11/30,17:33:54,00000:00:19,300,38003F00,500,1F00,1F00,3F00,99.933E+00,0.000E+00,0.000E+00,110.996E+00,0.000E+00,0.000E+00,0.507E+00,0.000E+00,0.000E+00,99.932E+00,0.000E+00,0.000E+00,0.000E+00,0.000E+00,0.000E+00,100.918E+00,0.000E+00,0.000E+00,98.793E+00,0.000E+00,0.000E+00,20.785E+00,+99999.9E+99,488.511E+00,1.063E+00,+99999.9E+99,+99999.9E+99,11.7243E+00,0.00000E+00,0.00000E+00,11.9674E+00,0.00000E+00,0.00000E+00,4.6230E+00,0.00000E+00,0.00000E+00,10.7744E+00,0.00000E+00,0.00000E+00,4.6721E+00,0.00000E+00,0.00000E+00,18.2657E+00,0.0000E+00,0.0000E+00,4.1121E+00,0.0000E+00,0.0000E+00,10.816E+00,+99999.9E+99,+99999.9E+99,65.681E+00,+99999.9E+99,+99999.9E+99,1.07459E+03,0.00000E+03,0.00000E+03,0.00000E+03,0.00000E+03,0.00000E+03,1.17165E+03,0.00000E+03,0.00000E+03,0.00000E+03,0.00000E+03,0.00000E+03,0.46691E+03,0.00000E+03,0.00000E+03,0.00000E+03,0.00000E+03,0.00000E+03,0.91716E+00,0.00000E+00,0.00000E+00,0.91543E+00,0.18353E+00,0.96063E+00,0.000E+00,-100.365E+00,137.244E+00,156.267E+00,0.210E+00,153.375E+00,23.485E+00,90.000E+00,90.000E+00,12.2859E+00,0.00000E+00,0.00000E+00,72.134E+00,100.000E+00,100.000E+00,0.29945E+03,0.00000E+03,0.00000E+03,+99999.9E+99,+99999.9E+99,+99999.9E+99,+99999.9E+99,+99999.9E+99,+99999.9E+99,+99999.9E+99,+99999.9E+99,+99999.9E+99,+99999.9E+99,+99999.9E+99,+99999.9E+99,1B00,0,0,0,1B00,76.2890E+00,76.6416E+00,76.5087E+00,76.4798E+00,72.2028E+00,72.8861E+00,72.6247E+00,72.5712E+00,76.2890E+00,76.6416E+00,76.5087E+00,0.0000E+00,0.0000E+00,0.0000E+00,71.2900E+00,71.1862E+00,71.0086E+00,105.879E+00,106.070E+00,105.804E+00,-104.870E+00,-104.844E+00,-104.291E+00,31.958E+00,31.186E+00,31.866E+00,+99999.9E+99,+99999.9E+99,+99999.9E+99,0.237E+00,8.2540E+00,8.1916E+00,8.1361E+00,8.1939E+00,7.3493E+00,7.3012E+00,7.2402E+00,7.2969E+00,8.2531E+00,8.1907E+00,8.1324E+00,-0.1259E+00,-0.1208E+00,0.2477E+00,11.7816E+00,11.7733E+00,12.4017E+00,22.1724E+00,20.9090E+00,20.4171E+00,-18.7771E+00,-19.1471E+00,-19.7529E+00,45.036E+00,43.882E+00,41.841E+00,+99999.9E+99,+99999.9E+99,+99999.9E+99,3.448E+00,0.26020E+03,0.25438E+03,0.26057E+03,0.77515E+03,0.40602E+03,0.42695E+03,0.43454E+03,1.26751E+03,0.36523E+03,0.36280E+03,0.36123E+03,1.08926E+03,0.47289E+03,0.48027E+03,0.49946E+03,1.45214E+03,-0.25630E+03,-0.25869E+03,-0.25018E+03,-0.76517E+03,-0.24242E+03,-0.21995E+03,-0.24623E+03,-0.70860E+03,-0.71242E+00,-0.70115E+00,-0.72134E+00,-0.71162E+00,-0.85860E+00,-0.88897E+00,-0.87003E+00,-0.87286E+00,0.000E+00,120.215E+00,-119.972E+00,60.787E+00,177.389E+00,-60.299E+00,-44.568E+00,-45.481E+00,-43.835E+00,-44.633E+00,202.392E+00,201.875E+00,201.977E+00,95.143E+00,+99999.9E+99,+99999.9E+99,0.00004E+06,-0.00048E+06,0.00000E+00,9.315E+00,0.756E+03,0.00074E+06,43.969E+00,F0F08
2021/11/30,17:33:54,00000:00:19,350,38003F00,700,1F00,1F00,3F00,99.933E+00,0.000E+00,0.000E+00,110.996E+00,0.000E+00,0.000E+00,0.507E+00,0.000E+00,0.000E+00,99.932E+00,0.000E+00,0.000E+00,0.000E+00,0.000E+00,0.000E+00,100.918E+00,0.000E+00,0.000E+00,98.793E+00,0.000E+00,0.000E+00,64.609E+00,+99999.9E+99,+99999.9E+99,1.063E+00,+99999.9E+99,+99999.9E+99,11.7243E+00,0.00000E+00,0.00000E+00,11.9674E+00,0.00000E+00,0.00000E+00,4.6230E+00,0.00000E+00,0.00000E+00,10.7744E+00,0.00000E+00,0.00000E+00,4.0544E+00,0.00000E+00,0.00000E+00,18.2657E+00,0.0000E+00,0.0000E+00,4.1121E+00,0.0000E+00,0.0000E+00,46.688E+00,+99999.9E+99,+99999.9E+99,65.681E+00,+99999.9E+99,+99999.9E+99,1.07459E+03,0.00000E+03,0.00000E+03,0.00000E+03,0.00000E+03,0.00000E+03,1.17165E+03,0.00000E+03,0.00000E+03,0.00000E+03,0.00000E+03,0.00000E+03,0.46691E+03,0.00000E+03,0.00000E+03,0.00000E+03,0.00000E+03,0.00000E+03,0.91716E+00,0.00000E+00,0.00000E+00,0.89487E+00,0.36237E+00,0.98228E+00,0.000E+00,109.326E+00,165.451E+00,153.492E+00,-1.920E+00,-25.352E+00,23.485E+00,90.000E+00,90.000E+00,12.2859E+00,0.00000E+00,0.00000E+00,117.608E+00,100.000E+00,100.000E+00,-0.18921E+03,0.00000E+03,0.00000E+03,+99999.9E+99,+99999.9E+99,+99999.9E+99,+99999.9E+99,+99999.9E+99,+99999.9E+99,+99999.9E+99,+99999.9E+99,+99999.9E+99,+99999.9E+99,+99999.9E+99,+99999.9E+99,1B00,0,0,0,1B00,77.0759E+00,77.1951E+00,77.1180E+00,77.1297E+00,72.1280E+00,72.5421E+00,72.2735E+00,72.3145E+00,77.0759E+00,77.1950E+00,77.1180E+00,0.0000E+00,0.0000E+00,0.0000E+00,73.0211E+00,73.2748E+00,73.1326E+00,105.854E+00,106.063E+00,105.651E+00,-104.556E+00,-104.573E+00,-105.060E+00,14.080E+00,14.349E+00,14.472E+00,+99999.9E+99,+99999.9E+99,+99999.9E+99,0.203E+00,13.4506E+00,12.9823E+00,13.1768E+00,13.2033E+00,12.2570E+00,11.7759E+00,11.8388E+00,11.9572E+00,13.4496E+00,12.9782E+00,13.1674E+00,-0.1700E+00,-0.3272E+00,0.4982E+00,5.2293E+00,4.7284E+00,4.8908E+00,27.8486E+00,27.0800E+00,28.5548E+00,-26.6524E+00,-27.1124E+00,-26.5948E+00,54.677E+00,59.024E+00,56.907E+00,+99999.9E+99,+99999.9E+99,+99999.9E+99,4.712E+00,0.42977E+03,0.40801E+03,0.42602E+03,1.26380E+03,0.18840E+03,0.17248E+03,0.18518E+03,0.54607E+03,0.60579E+03,0.58348E+03,0.59220E+03,1.78147E+03,0.21334E+03,0.19740E+03,0.20340E+03,0.61377E+03,-0.42693E+03,-0.41710E+03,-0.41136E+03,-1.25539E+03,-0.10009E+03,-0.09601E+03,-0.08412E+03,-0.28022E+03,-0.70945E+00,-0.69927E+00,-0.71938E+00,-0.70942E+00,-0.88312E+00,-0.87376E+00,-0.91046E+00,-0.88970E+00,0.000E+00,120.016E+00,-119.820E+00,58.093E+00,179.052E+00,-65.438E+00,-44.810E+00,-45.631E+00,-43.997E+00,-44.813E+00,201.242E+00,202.001E+00,201.698E+00,90.739E+00,+99999.9E+99,+99999.9E+99,0.00012E+06,-0.00074E+06,0.00000E+00,14.462E+00,0.757E+03,0.00115E+06,43.558E+00,F0F08
2021/11/30,17:33:54,00000:00:19,400,38003F00,2800,3B00,3B00,3F00,99.866E+00,0.000E+00,0.000E+00,110.922E+00,0.000E+00,0.000E+00,0.501E+00,0.000E+00,0.000E+00,99.865E+00,0.000E+00,0.000E+00,0.000E+00,0.000E+00,0.000E+00,100.957E+00,0.000E+00,0.000E+00,98.782E+00,0.000E+00,0.000E+00,64.609E+00,+99999.9E+99,+99999.9E+99,1.089E+00,+99999.9E+99,+99999.9E+99,12.1075E+00,0.00000E+00,0.00000E+00,12.4294E+00,0.00000E+00,0.00000E+00,4.6225E+00,0.00000E+00,0.00000E+00,11.1904E+00,0.00000E+00,0.00000E+00,4.0544E+00,0.00000E+00,0.00000E+00,18.2748E+00,0.0000E+00,0.0000E+00,4.0271E+00,0.0000E+00,0.0000E+00,46.688E+00,+99999.9E+99,+99999.9E+99,63.660E+00,+99999.9E+99,+99999.9E+99,1.11544E+03,0.00000E+03,0.00000E+03,0.00000E+03,0.00000E+03,0.00000E+03,1.20913E+03,0.00000E+03,0.00000E+03,0.00000E+03,0.00000E+03,0.00000E+03,0.46668E+03,0.00000E+03,0.00000E+03,0.00000E+03,0.00000E+03,0.00000E+03,0.92251E+00,0.00000E+00,0.00000E+00,0.89487E+00,0.36237E+00,0.98228E+00,0.000E+00,109.326E+00,165.451E+00,153.492E+00,-1.920E+00,-25.352E+00,22.703E+00,90.000E+00,90.000E+00,0.00000E+00,0.00000E+00,0.00000E+00,97.450E+00,100.000E+00,100.000E+00,0.02844E+03,0.00000E+03,0.00000E+03,+99999.9E+99,+99999.9E+99,+99999.9E+99,+99999.9E+99,+99999.9E+99,+99999.9E+99,+99999.9E+99,+99999.9E+99,+99999.9E+99,+99999.9E+99,+99999.9E+99,+99999.9E+99,1B00,0,0,0,1B00,76.7608E+00,77.0991E+00,76.8471E+00,76.9023E+00,72.0278E+00,72.6649E+00,72.1927E+00,72.2951E+00,76.7608E+00,77.0991E+00,76.8471E+00,0.0000E+00,0.0000E+00,0.0000E+00,70.1177E+00,70.5094E+00,70.4337E+00,105.449E+00,105.883E+00,105.506E+00,-104.449E+00,-104.406E+00,-104.346E+00,37.666E+00,37.590E+00,37.467E+00,+99999.9E+99,+99999.9E+99,+99999.9E+99,0.345E+00,11.9220E+00,11.7530E+00,12.0421E+00,11.9057E+00,10.4397E+00,10.3584E+00,10.5599E+00,10.4527E+00,11.9213E+00,11.7530E+00,12.0421E+00,-0.1252E+00,0.0000E+00,0.0000E+00,15.1156E+00,14.4930E+00,14.5421E+00,27.5333E+00,27.1157E+00,28.4929E+00,-26.2371E+00,-26.9367E+00,-26.5748E+00,39.240E+00,40.766E+00,40.467E+00,+99999.9E+99,+99999.9E+99,+99999.9E+99,2.889E+00,0.35645E+03,0.35881E+03,0.37173E+03,1.08700E+03,0.53763E+03,0.50691E+03,0.52807E+03,1.57261E+03,0.53281E+03,0.52650E+03,0.54026E+03,1.59958E+03,0.61093E+03,0.58409E+03,0.59106E+03,1.78564E+03,-0.39602E+03,-0.38530E+03,-0.39204E+03,-1.17336E+03,-0.29015E+03,-0.29017E+03,-0.26550E+03,-0.84582E+03,-0.66900E+00,-0.68151E+00,-0.68806E+00,-0.67955E+00,-0.88002E+00,-0.86787E+00,-0.89343E+00,-0.88070E+00,0.000E+00,119.887E+00,-119.778E+00,58.541E+00,179.638E+00,-63.235E+00,-48.010E+00,-47.039E+00,-46.523E+00,-47.191E+00,202.267E+00,201.685E+00,201.881E+00,90.289E+00,+99999.9E+99,+99999.9E+99,0.00011E+06,-0.00062E+06,0.00000E+00,12.377E+00,0.757E+03,0.00098E+06,43.847E+00,F0F08
2021/11/30,17:33:54,00000:00:19,450,38003D00,2D00,3C00,3C00,3800,99.866E+00,0.000E+00,0.000E+00,110.922E+00,0.000E+00,0.000E+00,0.501E+00,0.000E+00,0.000E+00,99.865E+00,0.000E+00,0.000E+00,0.000E+00,0.000E+00,0.000E+00,100.957E+00,0.000E+00,0.000E+00,98.782E+00,0.000E+00,0.000E+00,36.761E+00,+99999.9E+99,399.371E+00,1.089E+00,+99999.9E+99,+99999.9E+99,12.1075E+00,0.00000E+00,0.00000E+00,12.4294E+00,0.00000E+00,0.00000E+00,4.6225E+00,0.00000E+00,0.00000E+00,11.1904E+00,0.00000E+00,0.00000E+00,4.1434E+00,0.00000E+00,0.00000E+00,18.2748E+00,0.0000E+00,0.0000E+00,4.0271E+00,0.0000E+00,0.0000E+00,45.272E+00,+99999.9E+99,+99999.9E+99,63.660E+00,+99999.9E+99,+99999.9E+99,1.11544E+03,0.00000E+03,0.00000E+03,0.00000E+03,0.00000E+03,0.00000E+03,1.20913E+03,0.00000E+03,0.00000E+03,0.00000E+03,0.00000E+03,0.00000E+03,0.46668E+03,0.00000E+03,0.00000E+03,0.00000E+03,0.00000E+03,0.00000E+03,0.92251E+00,0.00000E+00,0.00000E+00,0.92983E+00,0.76521E+00,0.81918E+00,0.000E+00,-169.052E+00,141.453E+00,158.408E+00,51.022E+00,106.455E+00,22.703E+00,90.000E+00,90.000E+00,0.00000E+00,0.00000E+00,0.00000E+00,72.478E+00,100.000E+00,100.000E+00,0.30699E+03,0.00000E+03,0.00000E+03,+99999.9E+99,+99999.9E+99,+99999.9E+99,+99999.9E+99,+99999.9E+99,+99999.9E+99,+99999.9E+99,+99999.9E+99,+99999.9E+99,+99999.9E+99,+99999.9E+99,+99999.9E+99,1B00,0,0,0,1B00,76.5591E+00,76.6071E+00,76.5472E+00,76.5711E+00,72.3355E+00,72.6466E+00,72.3785E+00,72.4535E+00,76.5591E+00,76.6071E+00,76.5472E+00,0.0000E+00,0.0000E+00,0.0000E+00,72.4984E+00,72.2772E+00,72.2624E+00,105.787E+00,106.190E+00,105.883E+00,-104.986E+00,-104.864E+00,-103.971E+00,22.441E+00,21.506E+00,22.025E+00,+99999.9E+99,+99999.9E+99,+99999.9E+99,0.206E+00,9.2586E+00,8.7397E+00,8.8532E+00,8.9505E+00,7.9822E+00,7.5545E+00,7.5731E+00,7.7033E+00,9.2578E+00,8.7356E+00,8.8445E+00,-0.1242E+00,-0.2674E+00,0.3927E+00,7.6523E+00,8.0675E+00,8.2674E+00,25.8933E+00,23.7295E+00,24.8519E+00,-26.2138E+00,-25.3195E+00,-21.8757E+00,52.942E+00,48.755E+00,47.529E+00,+99999.9E+99,+99999.9E+99,+99999.9E+99,4.607E+00,0.27768E+03,0.25797E+03,0.27280E+03,0.80845E+03,0.27011E+03,0.29102E+03,0.29369E+03,0.85482E+03,0.41156E+03,0.38738E+03,0.39228E+03,1.19122E+03,0.31411E+03,0.32432E+03,0.33877E+03,0.97662E+03,-0.30377E+03,-0.28899E+03,-0.28189E+03,-0.87465E+03,-0.16032E+03,-0.14314E+03,-0.16884E+03,-0.47231E+03,-0.67470E+00,-0.66593E+00,-0.69542E+00,-0.67867E+00,-0.85993E+00,-0.89732E+00,-0.86694E+00,-0.87528E+00,0.000E+00,120.108E+00,-120.096E+00,60.591E+00,176.295E+00,-60.096E+00,-47.569E+00,-48.246E+00,-45.939E+00,-47.260E+00,201.655E+00,201.947E+00,202.115E+00,95.133E+00,+99999.9E+99,+99999.9E+99,0.00004E+06,-0.00051E+06,0.00000E+00,9.711E+00,0.756E+03,0.00077E+06,43.743E+00,F0F08
2021/11/30,17:33:54,00000:00:19,500,38003F00,2800,3B00,3B00,3F00,100.035E+00,0.000E+00,0.000E+00,111.110E+00,0.000E+00,0.000E+00,0.494E+00,0.000E+00,0.000E+00,100.034E+00,0.000E+00,0.000E+00,0.000E+00,0.000E+00,0.000E+00,101.007E+00,0.000E+00,0.000E+00,98.929E+00,0.000E+00,0.000E+00,36.761E+00,+99999.9E+99,399.371E+00,1.039E+00,+99999.9E+99,+99999.9E+99,10.4026E+00,0.00000E+00,0.00000E+00,10.5975E+00,0.00000E+00,0.00000E+00,4.1451E+00,0.00000E+00,0.00000E+00,9.5411E+00,0.00000E+00,0.00000E+00,4.1434E+00,0.00000E+00,0.00000E+00,17.3962E+00,0.0000E+00,0.0000E+00,3.4471E+00,0.0000E+00,0.0000E+00,45.272E+00,+99999.9E+99,+99999.9E+99,73.100E+00,+99999.9E+99,+99999.9E+99,0.95262E+03,0.00000E+03,0.00000E+03,0.00000E+03,0.00000E+03,0.00000E+03,1.04063E+03,0.00000E+03,0.00000E+03,0.00000E+03,0.00000E+03,0.00000E+03,0.41884E+03,0.00000E+03,0.00000E+03,0.00000E+03,0.00000E+03,0.00000E+03,0.91542E+00,0.00000E+00,0.00000E+00,0.92983E+00,0.76521E+00,0.81918E+00,0.000E+00,-169.052E+00,141.453E+00,158.408E+00,51.022E+00,106.455E+00,23.734E+00,90.000E+00,90.000E+00,14.5650E+00,0.00000E+00,0.00000E+00,140.542E+00,100.000E+00,100.000E+00,-0.38621E+03,0.00000E+03,0.00000E+03,+99999.9E+99,+99999.9E+99,+99999.9E+99,+99999.9E+99,+99999.9E+99,+99999.9E+99,+99999.9E+99,+99999.9E+99,+99999.9E+99,+99999.9E+99,+99999.9E+99,+99999.9E+99,1B00,0,0,0,1B00,77.0055E+00,77.4354E+00,77.3254E+00,77.2554E+00,71.6585E+00,72.4777E+00,72.2731E+00,72.1364E+00,77.0055E+00,77.4354E+00,77.3254E+00,0.0000E+00,0.0000E+00,0.0000E+00,72.2940E+00,72.7770E+00,72.6392E+00,105.491E+00,106.123E+00,105.630E+00,-104.990E+00,-104.721E+00,-104.556E+00,19.252E+00,19.086E+00,19.430E+00,+99999.9E+99,+99999.9E+99,+99999.9E+99,0.403E+00,13.8370E+00,13.5197E+00,13.6374E+00,13.6647E+00,12.9525E+00,12.7696E+00,12.7167E+00,12.8129E+00,13.8360E+00,13.5175E+00,13.6313E+00,-0.1629E+00,-0.2423E+00,0.4063E+00,7.5107E+00,6.9129E+00,6.7256E+00,27.7571E+00,26.9295E+00,28.0919E+00,-26.6200E+00,-26.6895E+00,-26.0752E+00,49.572E+00,52.205E+00,54.198E+00,+99999.9E+99,+99999.9E+99,+99999.9E+99,7.945E+00,0.45061E+03,0.43896E+03,0.44926E+03,1.33883E+03,0.26856E+03,0.22909E+03,0.24940E+03,0.74705E+03,0.62315E+03,0.60913E+03,0.61651E+03,1.84879E+03,0.30502E+03,0.27261E+03,0.27375E+03,0.84989E+03,-0.43043E+03,-0.42232E+03,-0.42220E+03,-1.27495E+03,-0.14463E+03,-0.14776E+03,-0.11286E+03,-0.40525E+03,-0.72311E+00,-0.72064E+00,-0.72871E+00,-0.72416E+00,-0.88045E+00,-0.84036E+00,-0.91106E+00,-0.87900E+00,0.000E+00,119.896E+00,-119.719E+00,58.526E+00,-177.342E+00,-65.533E+00,-43.688E+00,-43.893E+00,-43.222E+00,-43.601E+00,201.633E+00,201.272E+00,200.955E+00,90.429E+00,+99999.9E+99,+99999.9E+99,0.00013E+06,-0.00077E+06,0.00000E+00,15.271E+00,0.757E+03,0.00121E+06,43.681E+00,F0F08
2021/11/30,17:33:54,00000:00:19,550,38003F00,0,1B00,1B00,3F00,99.912E+00,0.000E+00,0.000E+00,110.973E+00,0.000E+00,0.000E+00,0.514E+00,0.000E+00,0.000E+00,99.910E+00,0.000E+00,0.000E+00,0.000E+00,0.000E+00,0.000E+00,100.907E+00,0.000E+00,0.000E+00,98.793E+00,0.000E+00,0.000E+00,24.241E+00,+99999.9E+99,+99999.9E+99,1.058E+00,+99999.9E+99,+99999.9E+99,11.8688E+00,0.00000E+00,0.00000E+00,12.1703E+00,0.00000E+00,0.00000E+00,4.5618E+00,0.00000E+00,0.00000E+00,10.9571E+00,0.00000E+00,0.00000E+00,4.3997E+00,0.00000E+00,0.00000E+00,18.2074E+00,0.0000E+00,0.0000E+00,4.2305E+00,0.0000E+00,0.0000E+00,11.733E+00,+99999.9E+99,+99999.9E+99,63.780E+00,+99999.9E+99,+99999.9E+99,1.09262E+03,0.00000E+03,0.00000E+03,0.00000E+03,0.00000E+03,0.00000E+03,1.18583E+03,0.00000E+03,0.00000E+03,0.00000E+03,0.00000E+03,0.00000E+03,0.46085E+03,0.00000E+03,0.00000E+03,0.00000E+03,0.00000E+03,0.00000E+03,0.92140E+00,0.00000E+00,0.00000E+00,0.89542E+00,0.42742E+00,0.99671E+00,0.000E+00,161.005E+00,172.549E+00,153.563E+00,-134.299E+00,167.901E+00,22.869E+00,90.000E+00,90.000E+00,12.6005E+00,0.00000E+00,0.00000E+00,92.885E+00,100.000E+00,100.000E+00,0.07774E+03,0.00000E+03,0.00000E+03,+99999.9E+99,+99999.9E+99,+99999.9E+99,+99999.9E+99,+99999.9E+99,+99999.9E+99,+99999.9E+99,+99999.9E+99,+99999.9E+99,+99999.9E+99,+99999.9E+99,+99999.9E+99,1B00,0,0,0,1B00,76.7311E+00,76.8786E+00,76.6780E+00,76.7626E+00,72.2696E+00,72.6539E+00,72.2033E+00,72.3756E+00,76.7311E+00,76.8786E+00,76.6779E+00,0.0000E+00,0.0000E+00,0.0000E+00,70.2378E+00,70.2458E+00,70.1491E+00,105.860E+00,106.017E+00,105.804E+00,-104.883E+00,-104.534E+00,-104.520E+00,37.641E+00,37.264E+00,37.412E+00,+99999.9E+99,+99999.9E+99,+99999.9E+99,0.085E+00,11.2595E+00,11.0278E+00,11.3202E+00,11.2025E+00,9.7329E+00,9.5268E+00,9.7579E+00,9.6726E+00,11.2587E+00,11.0278E+00,11.3192E+00,-0.1385E+00,0.0000E+00,0.1480E+00,14.3475E+00,14.2595E+00,14.5844E+00,27.6162E+00,27.1809E+00,28.4786E+00,-26.3019E+00,-27.0914E+00,-26.4243E+00,41.582E+00,41.497E+00,40.086E+00,+99999.9E+99,+99999.9E+99,+99999.9E+99,1.471E+00,0.33519E+03,0.33193E+03,0.34776E+03,1.01488E+03,0.49749E+03,0.50085E+03,0.51181E+03,1.51015E+03,0.50246E+03,0.49242E+03,0.50536E+03,1.50025E+03,0.57987E+03,0.57544E+03,0.58938E+03,1.74459E+03,-0.37432E+03,-0.36373E+03,-0.36668E+03,-1.10473E+03,-0.29790E+03,-0.28334E+03,-0.29227E+03,-0.87351E+03,-0.66709E+00,-0.67407E+00,-0.68814E+00,-0.67648E+00,-0.85794E+00,-0.87038E+00,-0.86839E+00,-0.86562E+00,0.000E+00,120.076E+00,-119.959E+00,60.915E+00,179.534E+00,-60.193E+00,-48.157E+00,-47.618E+00,-46.517E+00,-47.431E+00,201.874E+00,202.240E+00,202.479E+00,91.192E+00,+99999.9E+99,+99999.9E+99,0.00009E+06,-0.00059E+06,0.00000E+00,11.684E+00,0.756E+03,0.00093E+06,43.796E+00,F0F0F
2021/11/30,17:33:54,00000:00:19,600,38003F00,700,1F00,1F00,3F00,99.912E+00,0.000E+00,0.000E+00,110.973E+00,0.000E+00,0.000E+00,0.514E+00,0.000E+00,0.000E+00,99.910E+00,0.000E+00,0.000E+00,0.000E+00,0.000E+00,0.000E+00,100.907E+00,0.000E+00,0.000E+00,98.793E+00,0.000E+00,0.000E+00,24.241E+00,+99999.9E+99,+99999.9E+99,1.058E+00,+99999.9E+99,+99999.9E+99,11.8688E+00,0.00000E+00,0.00000E+00,12.1703E+00,0.00000E+00,0.00000E+00,4.5618E+00,0.00000E+00,0.00000E+00,10.9571E+00,0.00000E+00,0.00000E+00,4.3997E+00,0.00000E+00,0.00000E+00,18.2074E+00,0.0000E+00,0.0000E+00,4.2305E+00,0.0000E+00,0.0000E+00,11.733E+00,+99999.9E+99,+99999.9E+99,63.780E+00,+99999.9E+99,+99999.9E+99,1.09262E+03,0.00000E+03,0.00000E+03,0.00000E+03,0.00000E+03,0.00000E+03,1.18583E+03,0.00000E+03,0.00000E+03,0.00000E+03,0.00000E+03,0.00000E+03,0.46085E+03,0.00000E+03,0.00000E+03,0.00000E+03,0.00000E+03,0.00000E+03,0.92140E+00,0.00000E+00,0.00000E+00,0.89542E+00,0.42742E+00,0.99671E+00,0.000E+00,161.005E+00,172.549E+00,153.563E+00,-134.299E+00,167.901E+00,22.869E+00,90.000E+00,90.000E+00,12.6005E+00,0.00000E+00,0.00000E+00,79.190E+00,100.000E+00,100.000E+00,0.22737E+03,0.00000E+03,0.00000E+03,+99999.9E+99,+99999.9E+99,+99999.9E+99,+99999.9E+99,+99999.9E+99,+99999.9E+99,+99999.9E+99,+99999.9E+99,+99999.9E+99,+99999.9E+99,+99999.9E+99,+99999.9E+99,1B00,0,0,0,1B00,76.5424E+00,76.5902E+00,76.5468E+00,76.5598E+00,72.4396E+00,72.7444E+00,72.5047E+00,72.5629E+00,76.5424E+00,76.5902E+00,76.5468E+00,0.0000E+00,0.0000E+00,0.0000E+00,73.0287E+00,73.0294E+00,72.9194E+00,105.859E+00,106.036E+00,105.694E+00,-104.981E+00,-104.809E+00,-104.373E+00,15.496E+00,15.284E+00,15.438E+00,+99999.9E+99,+99999.9E+99,+99999.9E+99,0.101E+00,9.6276E+00,9.1101E+00,9.2431E+00,9.3269E+00,8.3339E+00,7.9108E+00,7.9430E+00,8.0626E+00,9.6265E+00,9.1069E+00,9.2348E+00,-0.1478E+00,-0.2412E+00,0.3901E+00,5.2719E+00,5.1769E+00,5.5861E+00,26.2590E+00,24.2162E+00,25.1376E+00,-26.7500E+00,-25.3757E+00,-22.5157E+00,57.996E+00,57.200E+00,53.056E+00,+99999.9E+99,+99999.9E+99,+99999.9E+99,3.504E+00,0.29633E+03,0.27719E+03,0.29173E+03,0.86525E+03,0.18796E+03,0.19359E+03,0.20138E+03,0.58293E+03,0.42822E+03,0.40399E+03,0.40982E+03,1.24204E+03,0.21710E+03,0.21623E+03,0.22793E+03,0.66105E+03,-0.30913E+03,-0.29390E+03,-0.28783E+03,-0.89086E+03,-0.10864E+03,-0.09632E+03,-0.10675E+03,-0.31172E+03,-0.69200E+00,-0.68612E+00,-0.71185E+00,-0.69664E+00,-0.86577E+00,-0.89530E+00,-0.88354E+00,-0.88184E+00,0.000E+00,120.095E+00,-119.955E+00,60.026E+00,176.502E+00,-61.978E+00,-46.212E+00,-46.677E+00,-44.614E+00,-45.842E+00,201.868E+00,201.280E+00,201.292E+00,94.747E+00,+99999.9E+99,+99999.9E+99,0.00005E+06,-0.00054E+06,0.00000E+00,10.356E+00,0.756E+03,0.00082E+06,43.828E+00,F0F0F
2021/11/30,17:33:54,00000:00:19,650,38003D00,500,1C00,1C00,3800,99.912E+00,0.000E+00,0.000E+00,110.973E+00,0.000E+00,0.000E+00,0.514E+00,0.000E+00,0.000E+00,99.910E+00,0.000E+00,0.000E+00,0.000E+00,0.000E+00,0.000E+00,100.907E+00,0.000E+00,0.000E+00,98.793E+00,0.000E+00,0.000E+00,21.740E+00,+99999.9E+99,422.790E+00,1.058E+00,+99999.9E+99,+99999.9E+99,11.8688E+00,0.00000E+00,0.00000E+00,12.1703E+00,0.00000E+00,0.00000E+00,4.5618E+00,0.00000E+00,0.00000E+00,10.9571E+00,0.00000E+00,0.00000E+00,4.5366E+00,0.00000E+00,0.00000E+00,18.2074E+00,0.0000E+00,0.0000E+00,4.2305E+00,0.0000E+00,0.0000E+00,8.526E+00,+99999.9E+99,+99999.9E+99,63.780E+00,+99999.9E+99,+99999.9E+99,1.09262E+03,0.00000E+03,0.00000E+03,0.00000E+03,0.00000E+03,0.00000E+03,1.18583E+03,0.00000E+03,0.00000E+03,0.00000E+03,0.00000E+03,0.00000E+03,0.46085E+03,0.00000E+03,0.00000E+03,0.00000E+03,0.00000E+03,0.00000E+03,0.92140E+00,0.00000E+00,0.00000E+00,0.90916E+00,0.47580E+00,0.24672E+00,0.000E+00,-96.938E+00,135.607E+00,155.389E+00,144.650E+00,-120.109E+00,22.869E+00,90.000E+00,90.000E+00,12.6005E+00,0.00000E+00,0.00000E+00,124.685E+00,100.000E+00,100.000E+00,-0.26971E+03,0.00000E+03,0.00000E+03,+99999.9E+99,+99999.9E+99,+99999.9E+99,+99999.9E+99,+99999.9E+99,+99999.9E+99,+99999.9E+99,+99999.9E+99,+99999.9E+99,+99999.9E+99,+99999.9E+99,+99999.9E+99,1B00,0,0,0,1B00,76.9905E+00,77.4444E+00,77.3155E+00,77.2501E+00,71.7095E+00,72.5686E+00,72.3185E+00,72.1989E+00,76.9905E+00,77.4444E+00,77.3155E+00,0.0000E+00,0.0000E+00,0.0000E+00,71.7072E+00,72.2916E+00,72.0762E+00,105.639E+00,106.056E+00,105.516E+00,-104.711E+00,-105.091E+00,-104.551E+00,25.262E+00,25.595E+00,25.538E+00,+99999.9E+99,+99999.9E+99,+99999.9E+99,0.469E+00,14.0006E+00,13.6770E+00,13.8152E+00,13.8310E+00,13.0799E+00,12.8845E+00,12.8518E+00,12.9387E+00,13.9997E+00,13.6749E+00,13.8093E+00,-0.1649E+00,-0.2385E+00,0.4044E+00,10.2045E+00,9.3309E+00,9.4843E+00,27.6486E+00,27.3138E+00,28.5824E+00,-26.6695E+00,-26.9976E+00,-26.6729E+00,43.813E+00,46.777E+00,46.995E+00,+99999.9E+99,+99999.9E+99,+99999.9E+99,6.725E+00,0.45826E+03,0.44662E+03,0.45745E+03,1.36233E+03,0.37257E+03,0.32664E+03,0.35180E+03,1.05101E+03,0.63063E+03,0.61625E+03,0.62475E+03,1.87163E+03,0.41600E+03,0.37727E+03,0.38158E+03,1.17333E+03,-0.43323E+03,-0.42461E+03,-0.42550E+03,-1.28334E+03,-0.18506E+03,-0.18879E+03,-0.14778E+03,-0.52163E+03,-0.72667E+00,-0.72474E+00,-0.73222E+00,-0.72789E+00,-0.89560E+00,-0.86579E+00,-0.92196E+00,-0.89574E+00,0.000E+00,119.922E+00,-119.643E+00,56.679E+00,179.856E+00,-67.027E+00,-43.392E+00,-43.553E+00,-42.928E+00,-43.291E+00,201.316E+00,202.065E+00,201.840E+00,90.254E+00,+99999.9E+99,+99999.9E+99,0.00013E+06,-0.00078E+06,0.00000E+00,15.508E+00,0.757E+03,0.00123E+06,43.586E+00,F0F08
2021/11/30,17:33:54,00000:00:19,700,38003F00,500,1F00,1F00,3F00,99.912E+00,0.000E+00,0.000E+00,110.973E+00,0.000E+00,0.000E+00,0.514E+00,0.000E+00,0.000E+00,99.910E+00,0.000E+00,0.000E+00,0.000E+00,0.000E+00,0.000E+00,100.907E+00,0.000E+00,0.000E+00,98.793E+00,0.000E+00,0.000E+00,21.740E+00,+99999.9E+99,422.790E+00,1.058E+00,+99999.9E+99,+99999.9E+99,11.8688E+00,0.00000E+00,0.00000E+00,12.1703E+00,0.00000E+00,0.00000E+00,4.5618E+00,0.00000E+00,0.00000E+00,10.9571E+00,0.00000E+00,0.00000E+00,4.5366E+00,0.00000E+00,0.00000E+00,18.2074E+00,0.0000E+00,0.0000E+00,4.2305E+00,0.0000E+00,0.0000E+00,8.526E+00,+99999.9E+99,+99999.9E+99,63.780E+00,+99999.9E+99,+99999.9E+99,1.09262E+03,0.00000E+03,0.00000E+03,0.00000E+03,0.00000E+03,0.00000E+03,1.18583E+03,0.00000E+03,0.00000E+03,0.00000E+03,0.00000E+03,0.00000E+03,0.46085E+03,0.00000E+03,0.00000E+03,0.00000E+03,0.00000E+03,0.00000E+03,0.92140E+00,0.00000E+00,0.00000E+00,0.90916E+00,0.47580E+00,0.24672E+00,0.000E+00,-96.938E+00,135.607E+00,155.389E+00,144.650E+00,-120.109E+00,22.869E+00,90.000E+00,90.000E+00,12.6005E+00,0.00000E+00,0.00000E+00,80.528E+00,100.000E+00,100.000E+00,0.21275E+03,0.00000E+03,0.00000E+03,+99999.9E+99,+99999.9E+99,+99999.9E+99,+99999.9E+99,+99999.9E+99,+99999.9E+99,+99999.9E+99,+99999.9E+99,+99999.9E+99,+99999.9E+99,+99999.9E+99,+99999.9E+99,1B00,0,0,0,1B00,76.6970E+00,76.6588E+00,76.3786E+00,76.5781E+00,72.5777E+00,72.6856E+00,72.0391E+00,72.4341E+00,76.6970E+00,76.6587E+00,76.3786E+00,0.0000E+00,0.0000E+00,0.0000E+00,70.7288E+00,70.6291E+00,70.4753E+00,105.653E+00,106.030E+00,105.681E+00,-104.234E+00,-105.077E+00,-104.479E+00,35.831E+00,35.353E+00,35.841E+00,+99999.9E+99,+99999.9E+99,+99999.9E+99,0.211E+00,9.7666E+00,9.3624E+00,9.9625E+00,9.6972E+00,8.4576E+00,8.1242E+00,8.5226E+00,8.3681E+00,9.7660E+00,9.3624E+00,9.9625E+00,-0.1106E+00,0.0000E+00,0.0000E+00,13.4493E+00,13.4975E+00,14.0403E+00,26.3162E+00,24.8629E+00,27.3224E+00,-25.8614E+00,-23.4790E+00,-26.4029E+00,42.691E+00,41.961E+00,40.117E+00,+99999.9E+99,+99999.9E+99,+99999.9E+99,2.492E+00,0.28768E+03,0.28643E+03,0.30575E+03,0.87987E+03,0.46930E+03,0.48441E+03,0.49310E+03,1.44681E+03,0.43435E+03,0.41668E+03,0.44205E+03,1.29308E+03,0.54384E+03,0.54705E+03,0.56441E+03,1.65501E+03,-0.32542E+03,-0.30262E+03,-0.31926E+03,-0.94730E+03,-0.27482E+03,-0.25419E+03,-0.27461E+03,-0.80362E+03,-0.66233E+00,-0.68741E+00,-0.69167E+00,-0.68044E+00,-0.86293E+00,-0.88549E+00,-0.87365E+00,-0.87420E+00,0.000E+00,120.184E+00,-119.988E+00,60.299E+00,177.806E+00,-60.754E+00,-48.522E+00,-46.575E+00,-46.238E+00,-47.122E+00,202.345E+00,201.734E+00,202.064E+00,91.772E+00,+99999.9E+99,+99999.9E+99,0.00007E+06,-0.00052E+06,0.00000E+00,10.195E+00,0.756E+03,0.00081E+06,43.930E+00,F0F08
2021/11/30,17:33:54,00000:00:19,750,38003F00,700,1F00,1F00,3F00,99.912E+00,0.000E+00,0.000E+00,110.973E+00,0.000E+00,0.000E+00,0.514E+00,0.000E+00,0.000E+00,99.910E+00,0.000E+00,0.000E+00,0.000E+00,0.000E+00,0.000E+00,100.907E+00,0.000E+00,0.000E+00,98.793E+00,0.000E+00,0.000E+00,67.415E+00,+99999.9E+99,479.730E+00,1.058E+00,+99999.9E+99,+99999.9E+99,11.8688E+00,0.00000E+00,0.00000E+00,12.1703E+00,0.00000E+00,0.00000E+00,4.5618E+00,0.00000E+00,0.00000E+00,10.9571E+00,0.00000E+00,0.00000E+00,4.0341E+00,0.00000E+00,0.00000E+00,18.2074E+00,0.0000E+00,0.0000E+00,4.2305E+00,0.0000E+00,0.0000E+00,48.932E+00,+99999.9E+99,+99999.9E+99,63.780E+00,+99999.9E+99,+99999.9E+99,1.09262E+03,0.00000E+03,0.00000E+03,0.00000E+03,0.00000E+03,0.00000E+03,1.18583E+03,0.00000E+03,0.00000E+03,0.00000E+03,0.00000E+03,0.00000E+03,0.46085E+03,0.00000E+03,0.00000E+03,0.00000E+03,0.00000E+03,0.00000E+03,0.92140E+00,0.00000E+00,0.00000E+00,0.88295E+00,0.57505E+00,0.58149E+00,0.000E+00,-125.369E+00,159.477E+00,152.000E+00,179.734E+00,33.922E+00,22.869E+00,90.000E+00,90.000E+00,12.6005E+00,0.00000E+00,0.00000E+00,96.322E+00,100.000E+00,100.000E+00,0.04019E+03,0.00000E+03,0.00000E+03,+99999.9E+99,+99999.9E+99,+99999.9E+99,+99999.9E+99,+99999.9E+99,+99999.9E+99,+99999.9E+99,+99999.9E+99,+99999.9E+99,+99999.9E+99,+99999.9E+99,+99999.9E+99,1B00,0,0,0,1B00,76.5565E+00,77.0160E+00,77.0505E+00,76.8743E+00,71.9018E+00,72.7978E+00,72.8349E+00,72.5115E+00,76.5565E+00,77.0160E+00,77.0505E+00,0.0000E+00,0.0000E+00,0.0000E+00,73.1233E+00,73.2027E+00,73.1074E+00,105.873E+00,106.074E+00,105.786E+00,-104.540E+00,-104.201E+00,-105.023E+00,13.992E+00,13.986E+00,14.159E+00,+99999.9E+99,+99999.9E+99,+99999.9E+99,0.081E+00,11.7122E+00,11.4634E+00,11.2677E+00,11.4811E+00,10.1059E+00,9.9598E+00,9.6645E+00,9.9101E+00,11.7111E+00,11.4568E+00,11.2541E+00,-0.1608E+00,-0.3915E+00,0.5534E+00,4.8349E+00,4.6243E+00,4.8381E+00,27.5143E+00,27.1214E+00,28.4676E+00,-26.6676E+00,-27.0671E+00,-26.0543E+00,58.255E+00,59.479E+00,56.292E+00,+99999.9E+99,+99999.9E+99,+99999.9E+99,2.360E+00,0.36232E+03,0.34264E+03,0.34748E+03,1.05243E+03,0.17467E+03,0.17189E+03,0.17999E+03,0.52655E+03,0.52337E+03,0.51129E+03,0.50510E+03,1.53975E+03,0.19994E+03,0.19399E+03,0.20166E+03,0.59551E+03,-0.37768E+03,-0.37949E+03,-0.36658E+03,-1.12375E+03,-0.09730E+03,-0.08993E+03,-0.09093E+03,-0.27816E+03,-0.69228E+00,-0.67015E+00,-0.68794E+00,-0.68351E+00,-0.87359E+00,-0.88606E+00,-0.89257E+00,-0.88421E+00,0.000E+00,120.048E+00,-119.926E+00,59.154E+00,177.625E+00,-63.115E+00,-46.189E+00,-47.922E+00,-46.533E+00,-46.882E+00,201.270E+00,202.051E+00,201.407E+00,92.596E+00,+99999.9E+99,+99999.9E+99,0.00008E+06,-0.00063E+06,0.00000E+00,12.298E+00,0.757E+03,0.00097E+06,43.603E+00,F0F08
2021/11/30,17:33:55,00000:00:19,800,38003F00,2800,3B00,3B00,3F00,99.978E+00,0.000E+00,0.000E+00,111.046E+00,0.000E+00,0.000E+00,0.504E+00,0.000E+00,0.000E+00,99.977E+00,0.000E+00,0.000E+00,0.000E+00,0.000E+00,0.000E+00,100.914E+00,0.000E+00,0.000E+00,98.761E+00,0.000E+00,0.000E+00,67.415E+00,+99999.9E+99,479.730E+00,1.077E+00,+99999.9E+99,+99999.9E+99,11.5987E+00,0.00000E+00,0.00000E+00,11.8104E+00,0.00000E+00,0.00000E+00,4.6332E+00,0.00000E+00,0.00000E+00,10.6331E+00,0.00000E+00,0.00000E+00,4.0341E+00,0.00000E+00,0.00000E+00,18.2702E+00,0.0000E+00,0.0000E+00,4.1352E+00,0.0000E+00,0.0000E+00,48.932E+00,+99999.9E+99,+99999.9E+99,66.467E+00,+99999.9E+99,+99999.9E+99,1.06098E+03,0.00000E+03,0.00000E+03,0.00000E+03,0.00000E+03,0.00000E+03,1.15962E+03,0.00000E+03,0.00000E+03,0.00000E+03,0.00000E+03,0.00000E+03,0.46801E+03,0.00000E+03,0.00000E+03,0.00000E+03,0.00000E+03,0.00000E+03,0.91494E+00,0.00000E+00,0.00000E+00,0.88295E+00,0.57505E+00,0.58149E+00,0.000E+00,-125.369E+00,159.477E+00,152.000E+00,179.734E+00,33.922E+00,23.803E+00,90.000E+00,90.000E+00,0.00000E+00,0.00000E+00,0.00000E+00,121.633E+00,100.000E+00,100.000E+00,-0.22952E+03,0.00000E+03,0.00000E+03,+99999.9E+99,+99999.9E+99,+99999.9E+99,+99999.9E+99,+99999.9E+99,+99999.9E+99,+99999.9E+99,+99999.9E+99,+99999.9E+99,+99999.9E+99,+99999.9E+99,+99999.9E+99,1B00,0,0,0,1B00,77.2218E+00,77.2593E+00,77.0088E+00,77.1633E+00,72.2325E+00,72.4801E+00,71.8920E+00,72.2015E+00,77.2218E+00,77.2593E+00,77.0088E+00,0.0000E+00,0.0000E+00,0.0000E+00,70.4706E+00,71.0688E+00,70.9550E+00,105.441E+00,105.770E+00,105.594E+00,-104.503E+00,-105.126E+00,-104.806E+00,34.627E+00,34.615E+00,34.570E+00,+99999.9E+99,+99999.9E+99,+99999.9E+99,0.519E+00,13.5686E+00,13.1223E+00,13.5220E+00,13.4043E+00,12.4956E+00,12.0609E+00,12.4276E+00,12.3280E+00,13.5677E+00,13.1223E+00,13.5206E+00,-0.1633E+00,0.0000E+00,0.1946E+00,14.1097E+00,13.1773E+00,13.1625E+00,27.6157E+00,27.0119E+00,28.6657E+00,-26.5486E+00,-26.7686E+00,-26.8419E+00,39.587E+00,41.901E+00,42.136E+00,+99999.9E+99,+99999.9E+99,+99999.9E+99,4.445E+00,0.42794E+03,0.41952E+03,0.44304E+03,1.29049E+03,0.50395E+03,0.46043E+03,0.48582E+03,1.45020E+03,0.61157E+03,0.59148E+03,0.60823E+03,1.81128E+03,0.56854E+03,0.53292E+03,0.53779E+03,1.63830E+03,-0.43691E+03,-0.41695E+03,-0.41674E+03,-1.27059E+03,-0.26321E+03,-0.26835E+03,-0.23064E+03,-0.76220E+03,-0.69974E+00,-0.70928E+00,-0.72840E+00,-0.71248E+00,-0.88638E+00,-0.86397E+00,-0.90337E+00,-0.88519E+00,0.000E+00,119.832E+00,-119.664E+00,57.859E+00,-179.991E+00,-64.492E+00,-45.594E+00,-44.824E+00,-43.248E+00,-44.563E+00,202.226E+00,201.595E+00,202.013E+00,89.630E+00,+99999.9E+99,+99999.9E+99,0.00013E+06,-0.00074E+06,0.00000E+00,14.578E+00,0.758E+03,0.00116E+06,43.799E+00,F0F08
2021/11/30,17:33:55,00000:00:19,850,38003D00,2D00,3C00,3C00,3800,99.978E+00,0.000E+00,0.000E+00,111.046E+00,0.000E+00,0.000E+00,0.504E+00,0.000E+00,0.000E+00,99.977E+00,0.000E+00,0.000E+00,0.000E+00,0.000E+00,0.000E+00,100.914E+00,0.000E+00,0.000E+00,98.761E+00,0.000E+00,0.000E+00,35.591E+00,+99999.9E+99,+99999.9E+99,1.077E+00,+99999.9E+99,+99999.9E+99,11.5987E+00,0.00000E+00,0.00000E+00,11.8104E+00,0.00000E+00,0.00000E+00,4.6332E+00,0.00000E+00,0.00000E+00,10.6331E+00,0.00000E+00,0.00000E+00,4.2438E+00,0.00000E+00,0.00000E+00,18.2702E+00,0.0000E+00,0.0000E+00,4.1352E+00,0.0000E+00,0.0000E+00,40.639E+00,+99999.9E+99,+99999.9E+99,66.467E+00,+99999.9E+99,+99999.9E+99,1.06098E+03,0.00000E+03,0.00000E+03,0.00000E+03,0.00000E+03,0.00000E+03,1.15962E+03,0.00000E+03,0.00000E+03,0.00000E+03,0.00000E+03,0.00000E+03,0.46801E+03,0.00000E+03,0.00000E+03,0.00000E+03,0.00000E+03,0.00000E+03,0.91494E+00,0.00000E+00,0.00000E+00,0.93484E+00,0.84729E+00,0.38225E+00,0.000E+00,95.981E+00,174.074E+00,159.202E+00,128.063E+00,-73.453E+00,23.803E+00,90.000E+00,90.000E+00,0.00000E+00,0.00000E+00,0.00000E+00,70.400E+00,100.000E+00,100.000E+00,0.31405E+03,0.00000E+03,0.00000E+03,+99999.9E+99,+99999.9E+99,+99999.9E+99,+99999.9E+99,+99999.9E+99,+99999.9E+99,+99999.9E+99,+99999.9E+99,+99999.9E+99,+99999.9E+99,+99999.9E+99,+99999.9E+99,1B00,0,0,0,1B00,76.2835E+00,76.6515E+00,76.5402E+00,76.4917E+00,72.1198E+00,72.8222E+00,72.6107E+00,72.5176E+00,76.2835E+00,76.6515E+00,76.5402E+00,0.0000E+00,0.0000E+00,0.0000E+00,71.9517E+00,71.7873E+00,71.7273E+00,105.756E+00,106.069E+00,105.589E+00,-104.566E+00,-104.460E+00,-105.073E+00,27.015E+00,26.045E+00,26.756E+00,+99999.9E+99,+99999.9E+99,+99999.9E+99,0.189E+00,8.1167E+00,8.0612E+00,7.9903E+00,8.0560E+00,7.1699E+00,7.1264E+00,7.0432E+00,7.1131E+00,8.1158E+00,8.0601E+00,7.9864E+00,-0.1146E+00,-0.1327E+00,0.2483E+00,9.6957E+00,9.8622E+00,10.2018E+00,22.2076E+00,20.7200E+00,20.3590E+00,-18.7071E+00,-19.1195E+00,-19.9038E+00,48.459E+00,46.130E+00,44.637E+00,+99999.9E+99,+99999.9E+99,+99999.9E+99,4.163E+00,0.25131E+03,0.24501E+03,0.25061E+03,0.74693E+03,0.33440E+03,0.35755E+03,0.36128E+03,1.05323E+03,0.35908E+03,0.35685E+03,0.35478E+03,1.07071E+03,0.38965E+03,0.40052E+03,0.41725E+03,1.20685E+03,-0.25648E+03,-0.25944E+03,-0.25113E+03,-0.76705E+03,-0.20000E+03,-0.18047E+03,-0.20875E+03,-0.58922E+03,-0.69988E+00,-0.68659E+00,-0.70637E+00,-0.69760E+00,-0.85822E+00,-0.89273E+00,-0.86585E+00,-0.87271E+00,0.000E+00,120.132E+00,-120.046E+00,60.808E+00,176.884E+00,-59.922E+00,-45.582E+00,-46.639E+00,-45.060E+00,-45.765E+00,201.805E+00,202.060E+00,202.043E+00,95.365E+00,+99999.9E+99,+99999.9E+99,0.00003E+06,-0.00047E+06,0.00000E+00,8.992E+00,0.756E+03,0.00071E+06,43.772E+00,F0F08
2021/11/30,17:33:55,00000:00:19,900,38003F00,2800,3B00,3B00,3F00,99.819E+00,0.000E+00,0.000E+00,110.869E+00,0.000E+00,0.000E+00,0.521E+00,0.000E+00,0.000E+00,99.817E+00,0.000E+00,0.000E+00,0.000E+00,0.000E+00,0.000E+00,100.961E+00,0.000E+00,0.000E+00,98.818E+00,0.000E+00,0.000E+00,35.591E+00,+99999.9E+99,+99999.9E+99,1.073E+00,+99999.9E+99,+99999.9E+99,12.2657E+00,0.00000E+00,0.00000E+00,12.6400E+00,0.00000E+00,0.00000E+00,4.5762E+00,0.00000E+00,0.00000E+00,11.3800E+00,0.00000E+00,0.00000E+00,4.2438E+00,0.00000E+00,0.00000E+00,18.2383E+00,0.0000E+00,0.0000E+00,3.3381E+00,0.0000E+00,0.0000E+00,40.639E+00,+99999.9E+99,+99999.9E+99,65.467E+00,+99999.9E+99,+99999.9E+99,1.13378E+03,0.00000E+03,0.00000E+03,0.00000E+03,0.00000E+03,0.00000E+03,1.22434E+03,0.00000E+03,0.00000E+03,0.00000E+03,0.00000E+03,0.00000E+03,-0.46212E+03,0.00000E+03,0.00000E+03,0.00000E+03,0.00000E+03,0.00000E+03,-0.92603E+00,0.00000E+00,0.00000E+00,0.93484E+00,0.84729E+00,0.38225E+00,0.000E+00,95.981E+00,174.074E+00,159.202E+00,128.063E+00,-73.453E+00,-22.175E+00,90.000E+00,90.000E+00,9.33344E+00,0.00000E+00,0.00000E+00,111.517E+00,100.000E+00,100.000E+00,-0.13058E+03,0.00000E+03,0.00000E+03,+99999.9E+99,+99999.9E+99,+99999.9E+99,+99999.9E+99,+99999.9E+99,+99999.9E+99,+99999.9E+99,+99999.9E+99,+99999.9E+99,+99999.9E+99,+99999.9E+99,+99999.9E+99,1B00,0,0,0,1B00,77.0618E+00,77.2093E+00,77.1087E+00,77.1266E+00,72.1422E+00,72.5804E+00,72.2738E+00,72.3321E+00,77.0618E+00,77.2093E+00,77.1087E+00,0.0000E+00,0.0000E+00,0.0000E+00,72.7309E+00,73.1514E+00,73.0230E+00,105.679E+00,106.054E+00,105.661E+00,-104.421E+00,-105.196E+00,-104.664E+00,16.089E+00,16.289E+00,16.674E+00,+99999.9E+99,+99999.9E+99,+99999.9E+99,0.348E+00,13.4344E+00,12.9765E+00,13.1756E+00,13.1955E+00,12.2397E+00,11.7723E+00,11.8403E+00,11.9508E+00,13.4331E+00,12.9728E+00,13.1663E+00,-0.1840E+00,-0.3095E+00,0.4947E+00,6.3368E+00,5.6339E+00,5.5103E+00,27.6214E+00,27.0852E+00,28.5862E+00,-26.4305E+00,-27.1995E+00,-26.7090E+00,50.415E+00,55.327E+00,56.524E+00,+99999.9E+99,+99999.9E+99,+99999.9E+99,7.498E+00,0.42953E+03,0.40864E+03,0.42620E+03,1.26436E+03,0.22508E+03,0.19416E+03,0.21028E+03,0.62952E+03,0.60480E+03,0.58318E+03,0.59234E+03,1.78032E+03,0.25310E+03,0.22709E+03,0.22891E+03,0.70800E+03,-0.42579E+03,-0.41608E+03,-0.41136E+03,-1.25323E+03,-0.11576E+03,-0.11778E+03,-0.09046E+03,-0.32399E+03,-0.71019E+00,-0.70070E+00,-0.71952E+00,-0.71018E+00,-0.88928E+00,-0.85500E+00,-0.91861E+00,-0.88915E+00,0.000E+00,119.923E+00,-119.747E+00,57.411E+00,-178.896E+00,-66.606E+00,-44.750E+00,-45.517E+00,-43.985E+00,-44.750E+00,201.738E+00,201.408E+00,201.697E+00,90.919E+00,+99999.9E+99,+99999.9E+99,0.00011E+06,-0.00074E+06,0.00000E+00,14.501E+00,0.757E+03,0.00115E+06,43.714E+00,F0F08
2021/11/30,17:33:55,00000:00:19,950,38003F00,0,1B00,1B00,3F00,99.935E+00,0.000E+00,0.000E+00,110.999E+00,0.000E+00,0.000E+00,0.501E+00,0.000E+00,0.000E+00,99.934E+00,0.000E+00,0.000E+00,0.000E+00,0.000E+00,0.000E+00,100.904E+00,0.000E+00,0.000E+00,98.864E+00,0.000E+00,0.000E+00,98.535E+00,+99999.9E+99,+99999.9E+99,1.020E+00,+99999.9E+99,+99999.9E+99,11.6728E+00,0.00000E+00,0.00000E+00,11.9593E+00,0.00000E+00,0.00000E+00,4.5080E+00,0.00000E+00,0.00000E+00,10.7671E+00,0.00000E+00,0.00000E+00,3.1616E+00,0.00000E+00,0.00000E+00,18.2912E+00,0.0000E+00,0.0000E+00,4.0490E+00,0.0000E+00,0.0000E+00,99.748E+00,+99999.9E+99,+99999.9E+99,66.137E+00,+99999.9E+99,+99999.9E+99,1.07398E+03,0.00000E+03,0.00000E+03,0.00000E+03,0.00000E+03,0.00000E+03,1.16652E+03,0.00000E+03,0.00000E+03,0.00000E+03,0.00000E+03,0.00000E+03,0.45535E+03,0.00000E+03,0.00000E+03,0.00000E+03,0.00000E+03,0.00000E+03,0.92067E+00,0.00000E+00,0.00000E+00,0.83887E+00,0.16389E+00,0.97047E+00,0.000E+00,86.950E+00,178.165E+00,147.021E+00,6.383E+00,-15.794E+00,22.976E+00,90.000E+00,90.000E+00,12.6155E+00,0.00000E+00,0.00000E+00,99.302E+00,100.000E+00,100.000E+00,0.00750E+03,0.00000E+03,0.00000E+03,+99999.9E+99,+99999.9E+99,+99999.9E+99,+99999.9E+99,+99999.9E+99,+99999.9E+99,+99999.9E+99,+99999.9E+99,+99999.9E+99,+99999.9E+99,+99999.9E+99,+99999.9E+99,1B00,0,0,0,1B00,76.7423E+00,77.0780E+00,76.8227E+00,76.8810E+00,71.9629E+00,72.5879E+00,72.1127E+00,72.2212E+00,76.7423E+00,77.0780E+00,76.8227E+00,0.0000E+00,0.0000E+00,0.0000E+00,70.0356E+00,70.2741E+00,70.1715E+00,105.469E+00,106.079E+00,105.411E+00,-104.544E+00,-104.816E+00,-104.544E+00,39.043E+00,38.793E+00,38.819E+00,+99999.9E+99,+99999.9E+99,+99999.9E+99,0.205E+00,11.7752E+00,11.6084E+00,11.8947E+00,11.7594E+00,10.3163E+00,10.2396E+00,10.4308E+00,10.3289E+00,11.7747E+00,11.6084E+00,11.8947E+00,-0.1009E+00,0.0000E+00,0.0000E+00,15.3900E+00,14.9821E+00,15.1962E+00,27.6733E+00,27.2962E+00,28.4771E+00,-26.2686E+00,-26.9867E+00,-26.6776E+00,39.457E+00,40.410E+00,39.402E+00,+99999.9E+99,+99999.9E+99,+99999.9E+99,1.644E+00,0.34975E+03,0.35213E+03,0.36460E+03,1.06648E+03,0.54278E+03,0.52747E+03,0.54457E+03,1.61482E+03,0.52581E+03,0.51966E+03,0.53324E+03,1.57871E+03,0.62118E+03,0.60455E+03,0.61504E+03,1.84063E+03,-0.39262E+03,-0.38217E+03,-0.38912E+03,-1.16390E+03,-0.30208E+03,-0.29538E+03,-0.28586E+03,-0.88333E+03,-0.66517E+00,-0.67761E+00,-0.68375E+00,-0.67554E+00,-0.87379E+00,-0.87251E+00,-0.88542E+00,-0.87732E+00,0.000E+00,119.979E+00,-119.839E+00,59.212E+00,179.180E+00,-62.210E+00,-48.304E+00,-47.343E+00,-46.863E+00,-47.504E+00,201.925E+00,202.311E+00,201.788E+00,90.688E+00,+99999.9E+99,+99999.9E+99,0.00010E+06,-0.00062E+06,0.00000E+00,12.199E+00,0.757E+03,0.00097E+06,43.761E+00,F0F0F
2021/11/30,17:33:55,00000:00:20,0,38003F00,700,1F00,1F00,3F00,99.935E+00,0.000E+00,0.000E+00,110.999E+00,0.000E+00,0.000E+00,0.501E+00,0.000E+00,0.000E+00,99.934E+00,0.000E+00,0.000E+00,0.000E+00,0.000E+00,0.000E+00,100.904E+00,0.000E+00,0.000E+00,98.864E+00,0.000E+00,0.000E+00,98.535E+00,+99999.9E+99,+99999.9E+99,1.020E+00,+99999.9E+99,+99999.9E+99,11.6728E+00,0.00000E+00,0.00000E+00,11.9593E+00,0.00000E+00,0.00000E+00,4.5080E+00,0.00000E+00,0.00000E+00,10.7671E+00,0.00000E+00,0.00000E+00,3.1616E+00,0.00000E+00,0.00000E+00,18.2912E+00,0.0000E+00,0.0000E+00,4.0490E+00,0.0000E+00,0.0000E+00,99.748E+00,+99999.9E+99,+99999.9E+99,66.137E+00,+99999.9E+99,+99999.9E+99,1.07398E+03,0.00000E+03,0.00000E+03,0.00000E+03,0.00000E+03,0.00000E+03,1.16652E+03,0.00000E+03,0.00000E+03,0.00000E+03,0.00000E+03,0.00000E+03,0.45535E+03,0.00000E+03,0.00000E+03,0.00000E+03,0.00000E+03,0.00000E+03,0.92067E+00,0.00000E+00,0.00000E+00,0.83887E+00,0.16389E+00,0.97047E+00,0.000E+00,86.950E+00,178.165E+00,147.021E+00,6.383E+00,-15.794E+00,22.976E+00,90.000E+00,90.000E+00,12.6155E+00,0.00000E+00,0.00000E+00,80.393E+00,100.000E+00,100.000E+00,0.21057E+03,0.00000E+03,0.00000E+03,+99999.9E+99,+99999.9E+99,+99999.9E+99,+99999.9E+99,+99999.9E+99,+99999.9E+99,+99999.9E+99,+99999.9E+99,+99999.9E+99,+99999.9E+99,+99999.9E+99,+99999.9E+99,1B00,0,0,0,1B00,76.5397E+00,76.6105E+00,76.5423E+00,76.5642E+00,72.4443E+00,72.7805E+00,72.5018E+00,72.5756E+00,76.5397E+00,76.6105E+00,76.5423E+00,0.0000E+00,0.0000E+00,0.0000E+00,72.8671E+00,72.6892E+00,72.6265E+00,105.816E+00,106.093E+00,105.800E+00,-104.490E+00,-104.924E+00,-104.894E+00,18.150E+00,17.862E+00,17.899E+00,+99999.9E+99,+99999.9E+99,+99999.9E+99,0.197E+00,9.6008E+00,9.0932E+00,9.2306E+00,9.3082E+00,8.3066E+00,7.8896E+00,7.9328E+00,8.0430E+00,9.5996E+00,9.0902E+00,9.2227E+00,-0.1471E+00,-0.2344E+00,0.3826E+00,6.0649E+00,6.3519E+00,6.7487E+00,26.1543E+00,24.1871E+00,25.1214E+00,-26.6719E+00,-25.3986E+00,-22.4557E+00,57.151E+00,53.166E+00,50.398E+00,+99999.9E+99,+99999.9E+99,+99999.9E+99,4.730E+00,0.29523E+03,0.27692E+03,0.29126E+03,0.86341E+03,0.21661E+03,0.23296E+03,0.23673E+03,0.68631E+03,0.42695E+03,0.40332E+03,0.40940E+03,1.23967E+03,0.25241E+03,0.25955E+03,0.27261E+03,0.78409E+03,-0.30842E+03,-0.29324E+03,-0.28771E+03,-0.88936E+03,-0.12957E+03,-0.11443E+03,-0.13518E+03,-0.37918E+03,-0.69149E+00,-0.68659E+00,-0.71143E+00,-0.69648E+00,-0.85818E+00,-0.89757E+00,-0.86839E+00,-0.87529E+00,0.000E+00,120.131E+00,-120.059E+00,60.804E+00,176.266E+00,-60.224E+00,-46.252E+00,-46.639E+00,-44.648E+00,-45.855E+00,201.905E+00,201.296E+00,202.051E+00,94.365E+00,+99999.9E+99,+99999.9E+99,0.00005E+06,-0.00054E+06,0.00000E+00,10.292E+00,0.756E+03,0.00081E+06,43.840E+00,F0F0F
2021/11/30,17:33:55,00000:00:20,50,38003F00,500,1F00,1F00,3F00,99.935E+00,0.000E+00,0.000E+00,110.999E+00,0.000E+00,0.000E+00,0.501E+00,0.000E+00,0.000E+00,99.934E+00,0.000E+00,0.000E+00,0.000E+00,0.000E+00,0.000E+00,100.904E+00,0.000E+00,0.000E+00,98.864E+00,0.000E+00,0.000E+00,19.582E+00,+99999.9E+99,354.863E+00,1.020E+00,+99999.9E+99,+99999.9E+99,11.6728E+00,0.00000E+00,0.00000E+00,11.9593E+00,0.00000E+00,0.00000E+00,4.5080E+00,0.00000E+00,0.00000E+00,10.7671E+00,0.00000E+00,0.00000E+00,4.6333E+00,0.00000E+00,0.00000E+00,18.2912E+00,0.0000E+00,0.0000E+00,4.0490E+00,0.0000E+00,0.0000E+00,9.203E+00,+99999.9E+99,+99999.9E+99,66.137E+00,+99999.9E+99,+99999.9E+99,1.07398E+03,0.00000E+03,0.00000E+03,0.00000E+03,0.00000E+03,0.00000E+03,1.16652E+03,0.00000E+03,0.00000E+03,0.00000E+03,0.00000E+03,0.00000E+03,0.45535E+03,0.00000E+03,0.00000E+03,0.00000E+03,0.00000E+03,0.00000E+03,0.92067E+00,0.00000E+00,0.00000E+00,0.91778E+00,0.20578E+00,0.00600E+00,0.000E+00,-103.880E+00,164.847E+00,156.603E+00,154.245E+00,-105.497E+00,22.976E+00,90.000E+00,90.000E+00,12.6155E+00,0.00000E+00,0.00000E+00,126.274E+00,100.000E+00,100.000E+00,-0.28218E+03,0.00000E+03,0.00000E+03,+99999.9E+99,+99999.9E+99,+99999.9E+99,+99999.9E+99,+99999.9E+99,+99999.9E+99,+99999.9E+99,+99999.9E+99,+99999.9E+99,+99999.9E+99,+99999.9E+99,+99999.9E+99,1B00,0,0,0,1B00,77.0129E+00,77.4568E+00,77.3253E+00,77.2650E+00,71.7266E+00,72.5757E+00,72.3198E+00,72.2074E+00,77.0129E+00,77.4568E+00,77.3253E+00,0.0000E+00,0.0000E+00,0.0000E+00,71.7240E+00,72.2859E+00,72.0795E+00,105.624E+00,106.149E+00,105.526E+00,-104.691E+00,-104.773E+00,-104.664E+00,25.157E+00,25.542E+00,25.528E+00,+99999.9E+99,+99999.9E+99,+99999.9E+99,0.450E+00,13.9640E+00,13.6346E+00,13.7787E+00,13.7924E+00,13.0485E+00,12.8496E+00,12.8159E+00,12.9046E+00,13.9630E+00,13.6325E+00,13.7727E+00,-0.1681E+00,-0.2372E+00,0.4064E+00,10.1843E+00,9.3229E+00,9.4649E+00,27.5881E+00,27.1500E+00,28.4267E+00,-26.6838E+00,-26.9895E+00,-26.6900E+00,43.815E+00,46.705E+00,47.112E+00,+99999.9E+99,+99999.9E+99,+99999.9E+99,6.670E+00,0.45633E+03,0.44436E+03,0.45547E+03,1.35616E+03,0.37224E+03,0.32675E+03,0.35113E+03,1.05013E+03,0.62922E+03,0.61459E+03,0.62319E+03,1.86700E+03,0.41536E+03,0.37719E+03,0.38089E+03,1.17196E+03,-0.43321E+03,-0.42458E+03,-0.42535E+03,-1.28314E+03,-0.18430E+03,-0.18842E+03,-0.14758E+03,-0.52030E+03,-0.72524E+00,-0.72301E+00,-0.73086E+00,-0.72638E+00,-0.89617E+00,-0.86629E+00,-0.92188E+00,-0.89605E+00,0.000E+00,119.924E+00,-119.657E+00,56.594E+00,179.804E+00,-67.024E+00,-43.511E+00,-43.696E+00,-43.041E+00,-43.416E+00,201.569E+00,202.170E+00,201.038E+00,90.237E+00,+99999.9E+99,+99999.9E+99,0.00013E+06,-0.00078E+06,0.00000E+00,15.428E+00,0.757E+03,0.00122E+06,43.633E+00,F0F08
2021/11/30,17:33:55,00000:00:20,100,38003D00,500,1C00,1C00,3800,99.935E+00,0.000E+00,0.000E+00,110.999E+00,0.000E+00,0.000E+00,0.501E+00,0.000E+00,0.000E+00,99.934E+00,0.000E+00,0.000E+00,0.000E+00,0.000E+00,0.000E+00,100.904E+00,0.000E+00,0.000E+00,98.864E+00,0.000E+00,0.000E+00,67.589E+00,+99999.9E+99,490.838E+00,1.020E+00,+99999.9E+99,+99999.9E+99,11.6728E+00,0.00000E+00,0.00000E+00,11.9593E+00,0.00000E+00,0.00000E+00,4.5080E+00,0.00000E+00,0.00000E+00,10.7671E+00,0.00000E+00,0.00000E+00,4.0189E+00,0.00000E+00,0.00000E+00,18.2912E+00,0.0000E+00,0.0000E+00,4.0490E+00,0.0000E+00,0.0000E+00,49.033E+00,+99999.9E+99,+99999.9E+99,66.137E+00,+99999.9E+99,+99999.9E+99,1.07398E+03,0.00000E+03,0.00000E+03,0.00000E+03,0.00000E+03,0.00000E+03,1.16652E+03,0.00000E+03,0.00000E+03,0.00000E+03,0.00000E+03,0.00000E+03,0.45535E+03,0.00000E+03,0.00000E+03,0.00000E+03,0.00000E+03,0.00000E+03,0.92067E+00,0.00000E+00,0.00000E+00,0.88247E+00,0.49497E+00,0.88395E+00,0.000E+00,145.526E+00,123.806E+00,151.942E+00,-154.142E+00,-28.317E+00,22.976E+00,90.000E+00,90.000E+00,12.6155E+00,0.00000E+00,0.00000E+00,81.622E+00,100.000E+00,100.000E+00,0.19738E+03,0.00000E+03,0.00000E+03,+99999.9E+99,+99999.9E+99,+99999.9E+99,+99999.9E+99,+99999.9E+99,+99999.9E+99,+99999.9E+99,+99999.9E+99,+99999.9E+99,+99999.9E+99,+99999.9E+99,+99999.9E+99,1B00,0,0,0,1B00,76.7224E+00,76.6768E+00,76.3906E+00,76.5966E+00,72.6047E+00,72.7145E+00,72.0601E+00,72.4598E+00,76.7224E+00,76.6768E+00,76.3906E+00,0.0000E+00,0.0000E+00,0.0000E+00,70.7532E+00,70.6604E+00,70.4913E+00,105.773E+00,106.030E+00,105.823E+00,-104.261E+00,-104.480E+00,-104.701E+00,35.736E+00,35.264E+00,35.767E+00,+99999.9E+99,+99999.9E+99,+99999.9E+99,0.216E+00,9.7558E+00,9.3352E+00,9.9454E+00,9.6788E+00,8.4536E+00,8.0948E+00,8.5000E+00,8.3495E+00,9.7550E+00,9.3352E+00,9.9454E+00,-0.1207E+00,0.0000E+00,0.0000E+00,13.3862E+00,13.4291E+00,13.9997E+00,26.3948E+00,24.7314E+00,27.1152E+00,-25.5862E+00,-23.2071E+00,-26.6262E+00,42.861E+00,42.136E+00,40.203E+00,+99999.9E+99,+99999.9E+99,+99999.9E+99,2.613E+00,0.28690E+03,0.28477E+03,0.30492E+03,0.87660E+03,0.46628E+03,0.48195E+03,0.49126E+03,1.43949E+03,0.43408E+03,0.41563E+03,0.44139E+03,1.29110E+03,0.54155E+03,0.54474E+03,0.56303E+03,1.64899E+03,-0.32575E+03,-0.30275E+03,-0.31913E+03,-0.94763E+03,-0.27543E+03,-0.25389E+03,-0.27508E+03,-0.80439E+03,-0.66095E+00,-0.68516E+00,-0.69083E+00,-0.67895E+00,-0.86101E+00,-0.88474E+00,-0.87253E+00,-0.87295E+00,0.000E+00,120.195E+00,-119.977E+00,60.520E+00,177.902E+00,-60.608E+00,-48.628E+00,-46.752E+00,-46.304E+00,-47.238E+00,201.985E+00,201.727E+00,202.626E+00,91.561E+00,+99999.9E+99,+99999.9E+99,0.00007E+06,-0.00052E+06,0.00000E+00,10.131E+00,0.757E+03,0.00080E+06,43.820E+00,F0F08
2021/11/30,17:33:55,00000:00:20,150,38003F00,700,1F00,1F00,3F00,99.935E+00,0.000E+00,0.000E+00,110.999E+00,0.000E+00,0.000E+00,0.501E+00,0.000E+00,0.000E+00,99.934E+00,0.000E+00,0.000E+00,0.000E+00,0.000E+00,0.000E+00,100.904E+00,0.000E+00,0.000E+00,98.864E+00,0.000E+00,0.000E+00,67.589E+00,+99999.9E+99,490.838E+00,1.020E+00,+99999.9E+99,+99999.9E+99,11.6728E+00,0.00000E+00,0.00000E+00,11.9593E+00,0.00000E+00,0.00000E+00,4.5080E+00,0.00000E+00,0.00000E+00,10.7671E+00,0.00000E+00,0.00000E+00,4.0189E+00,0.00000E+00,0.00000E+00,18.2912E+00,0.0000E+00,0.0000E+00,4.0490E+00,0.0000E+00,0.0000E+00,49.033E+00,+99999.9E+99,+99999.9E+99,66.137E+00,+99999.9E+99,+99999.9E+99,1.07398E+03,0.00000E+03,0.00000E+03,0.00000E+03,0.00000E+03,0.00000E+03,1.16652E+03,0.00000E+03,0.00000E+03,0.00000E+03,0.00000E+03,0.00000E+03,0.45535E+03,0.00000E+03,0.00000E+03,0.00000E+03,0.00000E+03,0.00000E+03,0.92067E+00,0.00000E+00,0.00000E+00,0.88247E+00,0.49497E+00,0.88395E+00,0.000E+00,145.526E+00,123.806E+00,151.942E+00,-154.142E+00,-28.317E+00,22.976E+00,90.000E+00,90.000E+00,12.6155E+00,0.00000E+00,0.00000E+00,98.149E+00,100.000E+00,100.000E+00,0.01988E+03,0.00000E+03,0.00000E+03,+99999.9E+99,+99999.9E+99,+99999.9E+99,+99999.9E+99,+99999.9E+99,+99999.9E+99,+99999.9E+99,+99999.9E+99,+99999.9E+99,+99999.9E+99,+99999.9E+99,+99999.9E+99,1B00,0,0,0,1B00,76.5218E+00,77.0387E+00,77.0351E+00,76.8652E+00,71.8587E+00,72.8002E+00,72.7947E+00,72.4845E+00,76.5218E+00,77.0387E+00,77.0351E+00,0.0000E+00,0.0000E+00,0.0000E+00,73.1257E+00,73.2381E+00,73.1252E+00,105.754E+00,106.080E+00,105.670E+00,-104.484E+00,-104.874E+00,-104.623E+00,13.931E+00,13.761E+00,14.103E+00,+99999.9E+99,+99999.9E+99,+99999.9E+99,0.105E+00,11.7118E+00,11.5012E+00,11.2917E+00,11.5016E+00,10.1043E+00,9.9974E+00,9.6922E+00,9.9313E+00,11.7107E+00,11.4951E+00,11.2791E+00,-0.1594E+00,-0.3744E+00,0.5350E+00,4.8348E+00,4.5853E+00,4.8256E+00,27.6776E+00,27.0600E+00,28.6062E+00,-26.4648E+00,-27.2390E+00,-26.0919E+00,58.458E+00,59.820E+00,56.358E+00,+99999.9E+99,+99999.9E+99,+99999.9E+99,2.770E+00,0.36203E+03,0.34433E+03,0.34774E+03,1.05410E+03,0.17412E+03,0.17005E+03,0.17968E+03,0.52384E+03,0.52270E+03,0.51294E+03,0.50640E+03,1.54204E+03,0.19991E+03,0.19240E+03,0.20109E+03,0.59329E+03,-0.37702E+03,-0.38019E+03,-0.36813E+03,-1.12534E+03,-0.09823E+03,-0.09001E+03,-0.09031E+03,-0.27854E+03,-0.69262E+00,-0.67129E+00,-0.68668E+00,-0.68357E+00,-0.87097E+00,-0.88383E+00,-0.89349E+00,-0.88294E+00,0.000E+00,120.050E+00,-119.902E+00,59.477E+00,177.892E+00,-63.216E+00,-46.162E+00,-47.833E+00,-46.632E+00,-46.876E+00,202.003E+00,202.042E+00,201.399E+00,93.218E+00,+99999.9E+99,+99999.9E+99,0.00007E+06,-0.00064E+06,0.00000E+00,12.399E+00,0.757E+03,0.00098E+06,43.805E+00,F0F08
2021/11/30,17:33:55,00000:00:20,200,38003F00,2800,3B00,3B00,3F00,99.980E+00,0.000E+00,0.000E+00,111.048E+00,0.000E+00,0.000E+00,0.500E+00,0.000E+00,0.000E+00,99.979E+00,0.000E+00,0.000E+00,0.000E+00,0.000E+00,0.000E+00,100.982E+00,0.000E+00,0.000E+00,98.811E+00,0.000E+00,0.000E+00,34.429E+00,+99999.9E+99,387.831E+00,1.086E+00,+99999.9E+99,+99999.9E+99,11.5735E+00,0.00000E+00,0.00000E+00,11.7830E+00,0.00000E+00,0.00000E+00,4.6269E+00,0.00000E+00,0.00000E+00,10.6084E+00,0.00000E+00,0.00000E+00,4.2682E+00,0.00000E+00,0.00000E+00,18.2386E+00,0.0000E+00,0.0000E+00,4.0745E+00,0.0000E+00,0.0000E+00,39.500E+00,+99999.9E+99,+99999.9E+99,66.759E+00,+99999.9E+99,+99999.9E+99,1.05853E+03,0.00000E+03,0.00000E+03,0.00000E+03,0.00000E+03,0.00000E+03,1.15712E+03,0.00000E+03,0.00000E+03,0.00000E+03,0.00000E+03,0.00000E+03,0.46737E+03,0.00000E+03,0.00000E+03,0.00000E+03,0.00000E+03,0.00000E+03,0.91480E+00,0.00000E+00,0.00000E+00,0.93447E+00,0.75437E+00,0.66902E+00,0.000E+00,-116.436E+00,170.585E+00,159.143E+00,104.594E+00,122.577E+00,23.823E+00,90.000E+00,90.000E+00,0.00000E+00,0.00000E+00,0.00000E+00,122.158E+00,100.000E+00,100.000E+00,-0.23455E+03,0.00000E+03,0.00000E+03,+99999.9E+99,+99999.9E+99,+99999.9E+99,+99999.9E+99,+99999.9E+99,+99999.9E+99,+99999.9E+99,+99999.9E+99,+99999.9E+99,+99999.9E+99,+99999.9E+99,+99999.9E+99,1B00,0,0,0,1B00,77.2383E+00,77.2245E+00,77.0066E+00,77.1565E+00,72.2597E+00,72.4203E+00,71.8909E+00,72.1903E+00,77.2383E+00,77.2245E+00,77.0066E+00,0.0000E+00,0.0000E+00,0.0000E+00,71.0760E+00,71.7132E+00,71.5063E+00,105.199E+00,105.580E+00,105.531E+00,-104.486E+00,-104.686E+00,-104.583E+00,30.216E+00,30.573E+00,30.462E+00,+99999.9E+99,+99999.9E+99,+99999.9E+99,0.520E+00,13.5838E+00,13.1533E+00,13.5365E+00,13.4245E+00,12.5019E+00,12.0897E+00,12.4444E+00,12.3453E+00,13.5829E+00,13.1533E+00,13.5348E+00,-0.1537E+00,0.0000E+00,0.2115E+00,12.4084E+00,11.3263E+00,11.4651E+00,27.6848E+00,27.0976E+00,28.4771E+00,-26.5914E+00,-27.1214E+00,-26.3724E+00,41.010E+00,44.112E+00,44.153E+00,+99999.9E+99,+99999.9E+99,+99999.9E+99,5.689E+00,0.42886E+03,0.42072E+03,0.44350E+03,1.29308E+03,0.44540E+03,0.39802E+03,0.42352E+03,1.26693E+03,0.61240E+03,0.59284E+03,0.60865E+03,1.81389E+03,0.49977E+03,0.46121E+03,0.46417E+03,1.42379E+03,-0.43716E+03,-0.41768E+03,-0.41685E+03,-1.27169E+03,-0.22670E+03,-0.23301E+03,-0.18995E+03,-0.64966E+03,-0.70030E+00,-0.70967E+00,-0.72866E+00,-0.71288E+00,-0.89120E+00,-0.86299E+00,-0.91243E+00,-0.88983E+00,0.000E+00,119.902E+00,-119.612E+00,57.268E+00,-179.850E+00,-65.650E+00,-45.549E+00,-44.792E+00,-43.226E+00,-44.530E+00,201.404E+00,201.577E+00,201.943E+00,89.751E+00,+99999.9E+99,+99999.9E+99,0.00013E+06,-0.00074E+06,0.00000E+00,14.629E+00,0.758E+03,0.00116E+06,43.578E+00,F0F08
2021/11/30,17:33:55,00000:00:20,250,38003F00,2D00,3F00,3F00,3F00,99.980E+00,0.000E+00,0.000E+00,111.048E+00,0.000E+00,0.000E+00,0.500E+00,0.000E+00,0.000E+00,99.979E+00,0.000E+00,0.000E+00,0.000E+00,0.000E+00,0.000E+00,100.982E+00,0.000E+00,0.000E+00,98.811E+00,0.000E+00,0.000E+00,34.429E+00,+99999.9E+99,387.831E+00,1.086E+00,+99999.9E+99,+99999.9E+99,11.5735E+00,0.00000E+00,0.00000E+00,11.7830E+00,0.00000E+00,0.00000E+00,4.6269E+00,0.00000E+00,0.00000E+00,10.6084E+00,0.00000E+00,0.00000E+00,4.2682E+00,0.00000E+00,0.00000E+00,18.2386E+00,0.0000E+00,0.0000E+00,4.0745E+00,0.0000E+00,0.0000E+00,39.500E+00,+99999.9E+99,+99999.9E+99,66.759E+00,+99999.9E+99,+99999.9E+99,1.05853E+03,0.00000E+03,0.00000E+03,0.00000E+03,0.00000E+03,0.00000E+03,1.15712E+03,0.00000E+03,0.00000E+03,0.00000E+03,0.00000E+03,0.00000E+03,0.46737E+03,0.00000E+03,0.00000E+03,0.00000E+03,0.00000E+03,0.00000E+03,0.91480E+00,0.00000E+00,0.00000E+00,0.93447E+00,0.75437E+00,0.66902E+00,0.000E+00,-116.436E+00,170.585E+00,159.143E+00,104.594E+00,122.577E+00,23.823E+00,90.000E+00,90.000E+00,0.00000E+00,0.00000E+00,0.00000E+00,72.789E+00,100.000E+00,100.000E+00,0.28804E+03,0.00000E+03,0.00000E+03,+99999.9E+99,+99999.9E+99,+99999.9E+99,+99999.9E+99,+99999.9E+99,+99999.9E+99,+99999.9E+99,+99999.9E+99,+99999.9E+99,+99999.9E+99,+99999.9E+99,+99999.9E+99,1B00,0,0,0,1B00,76.2933E+00,76.6710E+00,76.5347E+00,76.4996E+00,72.1876E+00,72.9070E+00,72.6670E+00,72.5872E+00,76.2933E+00,76.6710E+00,76.5347E+00,0.0000E+00,0.0000E+00,0.0000E+00,71.3233E+00,71.2128E+00,71.0600E+00,105.676E+00,106.114E+00,105.801E+00,-104.993E+00,-104.701E+00,-104.709E+00,31.744E+00,31.088E+00,31.693E+00,+99999.9E+99,+99999.9E+99,+99999.9E+99,0.224E+00,8.2145E+00,8.1349E+00,8.0815E+00,8.1436E+00,7.3196E+00,7.2713E+00,7.1966E+00,7.2625E+00,8.2136E+00,8.1339E+00,8.0776E+00,-0.1195E+00,-0.1291E+00,0.2497E+00,11.7169E+00,11.7239E+00,12.3098E+00,22.2852E+00,20.7424E+00,20.1529E+00,-18.6724E+00,-19.1481E+00,-19.8676E+00,45.047E+00,44.019E+00,42.055E+00,+99999.9E+99,+99999.9E+99,+99999.9E+99,3.312E+00,0.25917E+03,0.25249E+03,0.25883E+03,0.77049E+03,0.40382E+03,0.42449E+03,0.43072E+03,1.25904E+03,0.36357E+03,0.36045E+03,0.35898E+03,1.08301E+03,0.47037E+03,0.47829E+03,0.49598E+03,1.44420E+03,-0.25499E+03,-0.25724E+03,-0.24875E+03,-0.76097E+03,-0.24119E+03,-0.22037E+03,-0.24591E+03,-0.70748E+03,-0.71284E+00,-0.70048E+00,-0.72102E+00,-0.71144E+00,-0.85852E+00,-0.88753E+00,-0.86843E+00,-0.87179E+00,0.000E+00,120.195E+00,-119.986E+00,60.792E+00,177.560E+00,-60.136E+00,-44.534E+00,-45.534E+00,-43.861E+00,-44.648E+00,202.412E+00,202.088E+00,202.019E+00,94.695E+00,+99999.9E+99,+99999.9E+99,0.00004E+06,-0.00048E+06,0.00000E+00,9.213E+00,0.756E+03,0.00073E+06,43.959E+00,F0F08
2021/11/30,17:33:55,00000:00:20,300,38003800,2800,3800,3800,3800,99.808E+00,0.000E+00,0.000E+00,110.857E+00,0.000E+00,0.000E+00,0.505E+00,0.000E+00,0.000E+00,99.806E+00,0.000E+00,0.000E+00,0.000E+00,0.000E+00,0.000E+00,100.975E+00,0.000E+00,0.000E+00,98.818E+00,0.000E+00,0.000E+00,34.429E+00,+99999.9E+99,387.831E+00,1.081E+00,+99999.9E+99,+99999.9E+99,12.3196E+00,0.00000E+00,0.00000E+00,12.7750E+00,0.00000E+00,0.00000E+00,4.4146E+00,0.00000E+00,0.00000E+00,11.5015E+00,0.00000E+00,0.00000E+00,4.2682E+00,0.00000E+00,0.00000E+00,18.2607E+00,0.0000E+00,0.0000E+00,4.1881E+00,0.0000E+00,0.0000E+00,39.500E+00,+99999.9E+99,+99999.9E+99,61.177E+00,+99999.9E+99,+99999.9E+99,1.14593E+03,0.00000E+03,0.00000E+03,0.00000E+03,0.00000E+03,0.00000E+03,1.22959E+03,0.00000E+03,0.00000E+03,0.00000E+03,0.00000E+03,0.00000E+03,-0.44582E+03,0.00000E+03,0.00000E+03,0.00000E+03,0.00000E+03,0.00000E+03,-0.93196E+00,0.00000E+00,0.00000E+00,0.93447E+00,0.75437E+00,0.66902E+00,0.000E+00,-116.436E+00,170.585E+00,159.143E+00,104.594E+00,122.577E+00,-21.258E+00,90.000E+00,90.000E+00,9.33675E+00,0.00000E+00,0.00000E+00,109.828E+00,100.000E+00,100.000E+00,-0.11263E+03,0.00000E+03,0.00000E+03,+99999.9E+99,+99999.9E+99,+99999.9E+99,+99999.9E+99,+99999.9E+99,+99999.9E+99,+99999.9E+99,+99999.9E+99,+99999.9E+99,+99999.9E+99,+99999.9E+99,+99999.9E+99,1B00,0,0,0,1B00,77.0779E+00,77.1910E+00,77.0964E+00,77.1218E+00,72.1531E+00,72.5526E+00,72.2499E+00,72.3185E+00,77.0779E+00,77.1910E+00,77.0964E+00,0.0000E+00,0.0000E+00,0.0000E+00,73.0353E+00,73.2811E+00,73.1634E+00,105.804E+00,106.126E+00,105.910E+00,-104.464E+00,-104.753E+00,-104.553E+00,14.061E+00,14.266E+00,14.292E+00,+99999.9E+99,+99999.9E+99,+99999.9E+99,0.192E+00,13.3984E+00,12.9389E+00,13.1411E+00,13.1595E+00,12.2050E+00,11.7363E+00,11.8073E+00,11.9162E+00,13.3971E+00,12.9357E+00,13.1326E+00,-0.1869E+00,-0.2842E+00,0.4722E+00,5.2446E+00,4.7503E+00,4.8821E+00,27.6610E+00,27.1267E+00,28.6605E+00,-26.4943E+00,-27.1414E+00,-26.7567E+00,54.297E+00,58.855E+00,56.794E+00,+99999.9E+99,+99999.9E+99,+99999.9E+99,4.716E+00,0.42747E+03,0.40674E+03,0.42435E+03,1.25855E+03,0.18945E+03,0.17310E+03,0.18498E+03,0.54752E+03,0.60330E+03,0.58143E+03,0.59038E+03,1.77511E+03,0.21403E+03,0.19826E+03,0.20314E+03,0.61507E+03,-0.42572E+03,-0.41549E+03,-0.41045E+03,-1.25166E+03,-0.09960E+03,-0.09667E+03,-0.08396E+03,-0.28023E+03,-0.70855E+00,-0.69954E+00,-0.71878E+00,-0.70900E+00,-0.88513E+00,-0.87308E+00,-0.91059E+00,-0.89018E+00,0.000E+00,119.997E+00,-119.835E+00,57.842E+00,179.125E+00,-65.478E+00,-44.883E+00,-45.610E+00,-44.046E+00,-44.846E+00,201.248E+00,201.339E+00,201.693E+00,91.187E+00,+99999.9E+99,+99999.9E+99,0.00011E+06,-0.00074E+06,0.00000E+00,14.474E+00,0.757E+03,0.00115E+06,43.563E+00,F0F08
2021/11/30,17:33:55,00000:00:20,350,38003F00,0,1B00,1B00,3F00,99.924E+00,0.000E+00,0.000E+00,110.986E+00,0.000E+00,0.000E+00,0.509E+00,0.000E+00,0.000E+00,99.923E+00,0.000E+00,0.000E+00,0.000E+00,0.000E+00,0.000E+00,100.896E+00,0.000E+00,0.000E+00,98.807E+00,0.000E+00,0.000E+00,99.729E+00,+99999.9E+99,+99999.9E+99,1.045E+00,+99999.9E+99,+99999.9E+99,11.8135E+00,0.00000E+00,0.00000E+00,12.0960E+00,0.00000E+00,0.00000E+00,4.5783E+00,0.00000E+00,0.00000E+00,10.8902E+00,0.00000E+00,0.00000E+00,3.0468E+00,0.00000E+00,0.00000E+00,18.1302E+00,0.0000E+00,0.0000E+00,4.0769E+00,0.0000E+00,0.0000E+00,100.683E+00,+99999.9E+99,+99999.9E+99,64.523E+00,+99999.9E+99,+99999.9E+99,1.08610E+03,0.00000E+03,0.00000E+03,0.00000E+03,0.00000E+03,0.00000E+03,1.18045E+03,0.00000E+03,0.00000E+03,0.00000E+03,0.00000E+03,0.00000E+03,0.46243E+03,0.00000E+03,0.00000E+03,0.00000E+03,0.00000E+03,0.00000E+03,0.92007E+00,0.00000E+00,0.00000E+00,0.83162E+00,0.01727E+00,0.69085E+00,0.000E+00,86.647E+00,159.663E+00,146.266E+00,175.658E+00,-66.640E+00,23.063E+00,90.000E+00,90.000E+00,12.6144E+00,0.00000E+00,0.00000E+00,100.407E+00,100.000E+00,100.000E+00,-0.00442E+03,0.00000E+03,0.00000E+03,+99999.9E+99,+99999.9E+99,+99999.9E+99,+99999.9E+99,+99999.9E+99,+99999.9E+99,+99999.9E+99,+99999.9E+99,+99999.9E+99,+99999.9E+99,+99999.9E+99,+99999.9E+99,1B00,0,0,0,1B00,76.7502E+00,77.0824E+00,76.8347E+00,76.8891E+00,72.0320E+00,72.6559E+00,72.1893E+00,72.2924E+00,76.7502E+00,77.0824E+00,76.8347E+00,0.0000E+00,0.0000E+00,0.0000E+00,70.1449E+00,70.5093E+00,70.4492E+00,105.386E+00,105.850E+00,105.620E+00,-104.536E+00,-104.587E+00,-104.709E+00,37.616E+00,37.604E+00,37.551E+00,+99999.9E+99,+99999.9E+99,+99999.9E+99,0.325E+00,11.9516E+00,11.7864E+00,12.0681E+00,11.9354E+00,10.4600E+00,10.3804E+00,10.5796E+00,10.4733E+00,11.9511E+00,11.7864E+00,12.0681E+00,-0.1131E+00,0.0000E+00,0.0000E+00,15.0588E+00,14.4706E+00,14.4945E+00,27.6638E+00,27.0814E+00,28.4871E+00,-26.3671E+00,-27.1748E+00,-26.4176E+00,39.352E+00,40.756E+00,40.539E+00,+99999.9E+99,+99999.9E+99,+99999.9E+99,2.810E+00,0.35770E+03,0.36000E+03,0.37282E+03,1.09052E+03,0.53611E+03,0.50616E+03,0.52586E+03,1.56813E+03,0.53402E+03,0.52795E+03,0.54138E+03,1.60335E+03,0.60897E+03,0.58317E+03,0.58899E+03,1.78073E+03,-0.39652E+03,-0.38617E+03,-0.39255E+03,-1.17525E+03,-0.28884E+03,-0.28964E+03,-0.26530E+03,-0.84378E+03,-0.66983E+00,-0.68188E+00,-0.68865E+00,-0.68015E+00,-0.88036E+00,-0.86795E+00,-0.89281E+00,-0.88061E+00,0.000E+00,119.884E+00,-119.798E+00,58.488E+00,179.634E+00,-63.170E+00,-47.946E+00,-47.009E+00,-46.477E+00,-47.145E+00,202.211E+00,202.393E+00,201.868E+00,90.031E+00,+99999.9E+99,+99999.9E+99,0.00011E+06,-0.00062E+06,0.00000E+00,12.384E+00,0.757E+03,0.00098E+06,43.839E+00,F0F0F
2021/11/30,17:33:55,00000:00:20,400,38003F00,500,1F00,1F00,3F00,99.924E+00,0.000E+00,0.000E+00,110.986E+00,0.000E+00,0.000E+00,0.509E+00,0.000E+00,0.000E+00,99.923E+00,0.000E+00,0.000E+00,0.000E+00,0.000E+00,0.000E+00,100.896E+00,0.000E+00,0.000E+00,98.807E+00,0.000E+00,0.000E+00,18.147E+00,+99999.9E+99,+99999.9E+99,1.045E+00,+99999.9E+99,+99999.9E+99,11.8135E+00,0.00000E+00,0.00000E+00,12.0960E+00,0.00000E+00,0.00000E+00,4.5783E+00,0.00000E+00,0.00000E+00,10.8902E+00,0.00000E+00,0.00000E+00,4.6898E+00,0.00000E+00,0.00000E+00,18.1302E+00,0.0000E+00,0.0000E+00,4.0769E+00,0.0000E+00,0.0000E+00,8.379E+00,+99999.9E+99,+99999.9E+99,64.523E+00,+99999.9E+99,+99999.9E+99,1.08610E+03,0.00000E+03,0.00000E+03,0.00000E+03,0.00000E+03,0.00000E+03,1.18045E+03,0.00000E+03,0.00000E+03,0.00000E+03,0.00000E+03,0.00000E+03,0.46243E+03,0.00000E+03,0.00000E+03,0.00000E+03,0.00000E+03,0.00000E+03,0.92007E+00,0.00000E+00,0.00000E+00,0.91772E+00,0.99996E+00,0.36755E+00,0.000E+00,-112.708E+00,-173.329E+00,156.595E+00,66.805E+00,118.235E+00,23.063E+00,90.000E+00,90.000E+00,12.6144E+00,0.00000E+00,0.00000E+00,76.796E+00,100.000E+00,100.000E+00,0.25201E+03,0.00000E+03,0.00000E+03,+99999.9E+99,+99999.9E+99,+99999.9E+99,+99999.9E+99,+99999.9E+99,+99999.9E+99,+99999.9E+99,+99999.9E+99,+99999.9E+99,+99999.9E+99,+99999.9E+99,+99999.9E+99,1B00,0,0,0,1B00,76.5405E+00,76.6489E+00,76.5757E+00,76.5883E+00,72.3477E+00,72.7360E+00,72.4604E+00,72.5147E+00,76.5404E+00,76.6488E+00,76.5757E+00,0.0000E+00,0.0000E+00,0.0000E+00,72.4897E+00,72.2854E+00,72.2596E+00,105.837E+00,106.076E+00,105.679E+00,-104.991E+00,-104.594E+00,-103.846E+00,22.441E+00,21.478E+00,22.076E+00,+99999.9E+99,+99999.9E+99,+99999.9E+99,0.197E+00,9.5003E+00,8.9830E+00,9.1158E+00,9.1997E+00,8.1432E+00,7.7141E+00,7.7367E+00,7.8647E+00,9.4990E+00,8.9795E+00,9.1066E+00,-0.1552E+00,-0.2533E+00,0.4095E+00,7.6802E+00,8.0890E+00,8.3017E+00,26.0943E+00,24.1000E+00,25.2271E+00,-26.5495E+00,-25.3586E+00,-22.5319E+00,52.709E+00,48.582E+00,47.330E+00,+99999.9E+99,+99999.9E+99,+99999.9E+99,4.656E+00,0.28610E+03,0.26675E+03,0.28124E+03,0.83409E+03,0.27139E+03,0.29246E+03,0.29548E+03,0.85934E+03,0.42235E+03,0.39842E+03,0.40443E+03,1.22520E+03,0.31513E+03,0.32539E+03,0.34021E+03,0.98016E+03,-0.31068E+03,-0.29595E+03,-0.29064E+03,-0.89727E+03,-0.16016E+03,-0.14264E+03,-0.16862E+03,-0.47143E+03,-0.67740E+00,-0.66950E+00,-0.69540E+00,-0.68077E+00,-0.86121E+00,-0.89879E+00,-0.86853E+00,-0.87674E+00,0.000E+00,120.111E+00,-120.083E+00,60.454E+00,176.101E+00,-60.268E+00,-47.359E+00,-47.971E+00,-45.941E+00,-47.096E+00,201.738E+00,201.793E+00,202.140E+00,94.876E+00,+99999.9E+99,+99999.9E+99,0.00004E+06,-0.00052E+06,0.00000E+00,9.989E+00,0.757E+03,0.00079E+06,43.751E+00,F0F08
2021/11/30,17:33:55,00000:00:20,450,38003F00,700,1F00,1F00,3F00,99.924E+00,0.000E+00,0.000E+00,110.986E+00,0.000E+00,0.000E+00,0.509E+00,0.000E+00,0.000E+00,99.923E+00,0.000E+00,0.000E+00,0.000E+00,0.000E+00,0.000E+00,100.896E+00,0.000E+00,0.000E+00,98.807E+00,0.000E+00,0.000E+00,18.147E+00,+99999.9E+99,+99999.9E+99,1.045E+00,+99999.9E+99,+99999.9E+99,11.8135E+00,0.00000E+00,0.00000E+00,12.0960E+00,0.00000E+00,0.00000E+00,4.5783E+00,0.00000E+00,0.00000E+00,10.8902E+00,0.00000E+00,0.00000E+00,4.6898E+00,0.00000E+00,0.00000E+00,18.1302E+00,0.0000E+00,0.0000E+00,4.0769E+00,0.0000E+00,0.0000E+00,8.379E+00,+99999.9E+99,+99999.9E+99,64.523E+00,+99999.9E+99,+99999.9E+99,1.08610E+03,0.00000E+03,0.00000E+03,0.00000E+03,0.00000E+03,0.00000E+03,1.18045E+03,0.00000E+03,0.00000E+03,0.00000E+03,0.00000E+03,0.00000E+03,0.46243E+03,0.00000E+03,0.00000E+03,0.00000E+03,0.00000E+03,0.00000E+03,0.92007E+00,0.00000E+00,0.00000E+00,0.91772E+00,0.99996E+00,0.36755E+00,0.000E+00,-112.708E+00,-173.329E+00,156.595E+00,66.805E+00,118.235E+00,23.063E+00,90.000E+00,90.000E+00,12.6144E+00,0.00000E+00,0.00000E+00,122.897E+00,100.000E+00,100.000E+00,-0.24869E+03,0.00000E+03,0.00000E+03,+99999.9E+99,+99999.9E+99,+99999.9E+99,+99999.9E+99,+99999.9E+99,+99999.9E+99,+99999.9E+99,+99999.9E+99,+99999.9E+99,+99999.9E+99,+99999.9E+99,+99999.9E+99,1B00,0,0,0,1B00,77.0172E+00,77.4625E+00,77.3388E+00,77.2728E+00,71.6724E+00,72.5170E+00,72.2894E+00,72.1596E+00,77.0172E+00,77.4625E+00,77.3388E+00,0.0000E+00,0.0000E+00,0.0000E+00,72.3075E+00,72.7852E+00,72.6663E+00,105.723E+00,106.143E+00,105.730E+00,-105.169E+00,-104.707E+00,-104.833E+00,20.191E+00,20.097E+00,20.425E+00,+99999.9E+99,+99999.9E+99,+99999.9E+99,0.401E+00,13.8445E+00,13.5376E+00,13.6597E+00,13.6806E+00,12.9105E+00,12.7385E+00,12.6732E+00,12.7741E+00,13.8437E+00,13.5352E+00,13.6537E+00,-0.1500E+00,-0.2554E+00,0.4065E+00,7.9845E+00,7.3635E+00,7.1881E+00,27.5214E+00,27.1519E+00,28.5581E+00,-26.6252E+00,-26.8805E+00,-26.7414E+00,47.334E+00,49.906E+00,51.828E+00,+99999.9E+99,+99999.9E+99,+99999.9E+99,7.524E+00,0.44941E+03,0.43788E+03,0.44750E+03,1.33479E+03,0.28977E+03,0.24986E+03,0.27008E+03,0.80971E+03,0.62363E+03,0.61010E+03,0.61766E+03,1.85139E+03,0.32429E+03,0.29109E+03,0.29308E+03,0.90703E+03,-0.43237E+03,-0.42484E+03,-0.42572E+03,-1.28293E+03,-0.14559E+03,-0.14933E+03,-0.11382E+03,-0.40874E+03,-0.72064E+00,-0.71771E+00,-0.72452E+00,-0.72097E+00,-0.89356E+00,-0.85838E+00,-0.92151E+00,-0.89271E+00,0.000E+00,119.882E+00,-119.730E+00,56.896E+00,-179.305E+00,-67.046E+00,-43.893E+00,-44.134E+00,-43.571E+00,-43.866E+00,201.813E+00,201.401E+00,201.137E+00,90.106E+00,+99999.9E+99,+99999.9E+99,0.00013E+06,-0.00076E+06,0.00000E+00,15.164E+00,0.757E+03,0.00120E+06,43.705E+00,F0F08
2021/11/30,17:33:55,00000:00:20,500,38003D00,500,1C00,1C00,3800,99.924E+00,0.000E+00,0.000E+00,110.986E+00,0.000E+00,0.000E+00,0.509E+00,0.000E+00,0.000E+00,99.923E+00,0.000E+00,0.000E+00,0.000E+00,0.000E+00,0.000E+00,100.896E+00,0.000E+00,0.000E+00,98.807E+00,0.000E+00,0.000E+00,74.552E+00,+99999.9E+99,+99999.9E+99,1.045E+00,+99999.9E+99,+99999.9E+99,11.8135E+00,0.00000E+00,0.00000E+00,12.0960E+00,0.00000E+00,0.00000E+00,4.5783E+00,0.00000E+00,0.00000E+00,10.8902E+00,0.00000E+00,0.00000E+00,4.0977E+00,0.00000E+00,0.00000E+00,18.1302E+00,0.0000E+00,0.0000E+00,4.0769E+00,0.0000E+00,0.0000E+00,54.378E+00,+99999.9E+99,+99999.9E+99,64.523E+00,+99999.9E+99,+99999.9E+99,1.08610E+03,0.00000E+03,0.00000E+03,0.00000E+03,0.00000E+03,0.00000E+03,1.18045E+03,0.00000E+03,0.00000E+03,0.00000E+03,0.00000E+03,0.00000E+03,0.46243E+03,0.00000E+03,0.00000E+03,0.00000E+03,0.00000E+03,0.00000E+03,0.92007E+00,0.00000E+00,0.00000E+00,0.87482E+00,0.04947E+00,0.38473E+00,0.000E+00,15.851E+00,83.024E+00,151.024E+00,-71.314E+00,-29.603E+00,23.063E+00,90.000E+00,90.000E+00,12.6144E+00,0.00000E+00,0.00000E+00,80.387E+00,100.000E+00,100.000E+00,0.21302E+03,0.00000E+03,0.00000E+03,+99999.9E+99,+99999.9E+99,+99999.9E+99,+99999.9E+99,+99999.9E+99,+99999.9E+99,+99999.9E+99,+99999.9E+99,+99999.9E+99,+99999.9E+99,+99999.9E+99,+99999.9E+99,1B00,0,0,0,1B00,76.7041E+00,76.6379E+00,76.3816E+00,76.5745E+00,72.5776E+00,72.6590E+00,72.0372E+00,72.4246E+00,76.7041E+00,76.6379E+00,76.3816E+00,0.0000E+00,0.0000E+00,0.0000E+00,70.2802E+00,70.3191E+00,70.1992E+00,105.726E+00,106.016E+00,105.727E+00,-104.434E+00,-104.751E+00,-103.810E+00,38.229E+00,37.925E+00,38.159E+00,+99999.9E+99,+99999.9E+99,+99999.9E+99,0.095E+00,9.7522E+00,9.3288E+00,9.9406E+00,9.6739E+00,8.4326E+00,8.0625E+00,8.4811E+00,8.3254E+00,9.7513E+00,9.3283E+00,9.9406E+00,-0.1305E+00,0.1000E+00,0.0000E+00,14.7096E+00,14.6074E+00,14.9490E+00,26.3671E+00,24.8633E+00,27.2010E+00,-25.6371E+00,-23.5719E+00,-26.4919E+00,40.853E+00,40.784E+00,39.486E+00,+99999.9E+99,+99999.9E+99,+99999.9E+99,1.458E+00,0.28566E+03,0.28331E+03,0.30411E+03,0.87308E+03,0.51560E+03,0.51831E+03,0.53013E+03,1.56404E+03,0.43384E+03,0.41510E+03,0.44093E+03,1.28987E+03,0.59491E+03,0.59012E+03,0.60445E+03,1.78937E+03,-0.32652E+03,-0.30338E+03,-0.31927E+03,-0.94918E+03,-0.29678E+03,-0.28212E+03,-0.29037E+03,-0.86927E+03,-0.65844E+00,-0.68251E+00,-0.68971E+00,-0.67688E+00,-0.86668E+00,-0.87832E+00,-0.87705E+00,-0.87407E+00,0.000E+00,120.082E+00,-119.933E+00,59.941E+00,178.592E+00,-61.188E+00,-48.819E+00,-46.960E+00,-46.393E+00,-47.400E+00,201.890E+00,202.335E+00,202.503E+00,92.053E+00,+99999.9E+99,+99999.9E+99,0.00007E+06,-0.00052E+06,0.00000E+00,10.145E+00,0.756E+03,0.00080E+06,43.795E+00,F0F08
2021/11/30,17:33:55,00000:00:20,550,38003F00,2A00,3B00,3B00,3F00,99.998E+00,0.000E+00,0.000E+00,111.068E+00,0.000E+00,0.000E+00,0.500E+00,0.000E+00,0.000E+00,99.997E+00,0.000E+00,0.000E+00,0.000E+00,0.000E+00,0.000E+00,101.064E+00,0.000E+00,0.000E+00,98.786E+00,0.000E+00,0.000E+00,74.552E+00,+99999.9E+99,+99999.9E+99,1.139E+00,+99999.9E+99,+99999.9E+99,11.3868E+00,0.00000E+00,0.00000E+00,11.5580E+00,0.00000E+00,0.00000E+00,4.6237E+00,0.00000E+00,0.00000E+00,10.4058E+00,0.00000E+00,0.00000E+00,4.0977E+00,0.00000E+00,0.00000E+00,18.0736E+00,0.0000E+00,0.0000E+00,3.3931E+00,0.0000E+00,0.0000E+00,54.378E+00,+99999.9E+99,+99999.9E+99,70.540E+00,+99999.9E+99,+99999.9E+99,1.03847E+03,0.00000E+03,0.00000E+03,0.00000E+03,0.00000E+03,0.00000E+03,1.13866E+03,0.00000E+03,0.00000E+03,0.00000E+03,0.00000E+03,0.00000E+03,0.46702E+03,0.00000E+03,0.00000E+03,0.00000E+03,0.00000E+03,0.00000E+03,0.91202E+00,0.00000E+00,0.00000E+00,0.87482E+00,0.04947E+00,0.38473E+00,0.000E+00,15.851E+00,83.024E+00,151.024E+00,-71.314E+00,-29.603E+00,24.214E+00,90.000E+00,90.000E+00,0.00000E+00,0.00000E+00,0.00000E+00,98.557E+00,100.000E+00,100.000E+00,0.01498E+03,0.00000E+03,0.00000E+03,+99999.9E+99,+99999.9E+99,+99999.9E+99,+99999.9E+99,+99999.9E+99,+99999.9E+99,+99999.9E+99,+99999.9E+99,+99999.9E+99,+99999.9E+99,+99999.9E+99,+99999.9E+99,1B00,0,0,0,1B00,76.5326E+00,76.9986E+00,77.0245E+00,76.8519E+00,71.7859E+00,72.6958E+00,72.7226E+00,72.4014E+00,76.5326E+00,76.9986E+00,77.0245E+00,0.0000E+00,0.0000E+00,0.0000E+00,73.0494E+00,73.0473E+00,72.9340E+00,105.769E+00,106.066E+00,105.796E+00,-104.847E+00,-104.734E+00,-104.663E+00,15.435E+00,15.239E+00,15.393E+00,+99999.9E+99,+99999.9E+99,+99999.9E+99,0.105E+00,11.4648E+00,11.2114E+00,10.9993E+00,11.2252E+00,9.9466E+00,9.7917E+00,9.4942E+00,9.7442E+00,11.4639E+00,11.2041E+00,10.9858E+00,-0.1393E+00,-0.4053E+00,0.5456E+00,5.2408E+00,5.1424E+00,5.5574E+00,27.4086E+00,26.7748E+00,28.3181E+00,-26.0857E+00,-26.6671E+00,-25.5105E+00,58.324E+00,57.564E+00,53.286E+00,+99999.9E+99,+99999.9E+99,+99999.9E+99,3.593E+00,0.35279E+03,0.33277E+03,0.33793E+03,1.02349E+03,0.18634E+03,0.19215E+03,0.20003E+03,0.57852E+03,0.51174E+03,0.49965E+03,0.49258E+03,1.50397E+03,0.21573E+03,0.21487E+03,0.22677E+03,0.65715E+03,-0.37069E+03,-0.37272E+03,-0.35839E+03,-1.10180E+03,-0.10870E+03,-0.09616E+03,-0.10683E+03,-0.31170E+03,-0.68939E+00,-0.66600E+00,-0.68604E+00,-0.68052E+00,-0.86377E+00,-0.89426E+00,-0.88208E+00,-0.88035E+00,0.000E+00,120.100E+00,-119.955E+00,60.254E+00,176.637E+00,-61.796E+00,-46.418E+00,-48.241E+00,-46.682E+00,-47.115E+00,201.883E+00,201.238E+00,201.300E+00,93.298E+00,+99999.9E+99,+99999.9E+99,0.00007E+06,-0.00062E+06,0.00000E+00,12.059E+00,0.756E+03,0.00095E+06,43.815E+00,F0F08
2021/11/30,17:33:55,00000:00:20,600,38003F00,2D00,3F00,3F00,3F00,99.998E+00,0.000E+00,0.000E+00,111.068E+00,0.000E+00,0.000E+00,0.500E+00,0.000E+00,0.000E+00,99.997E+00,0.000E+00,0.000E+00,0.000E+00,0.000E+00,0.000E+00,101.064E+00,0.000E+00,0.000E+00,98.786E+00,0.000E+00,0.000E+00,34.250E+00,+99999.9E+99,389.561E+00,1.139E+00,+99999.9E+99,+99999.9E+99,11.3868E+00,0.00000E+00,0.00000E+00,11.5580E+00,0.00000E+00,0.00000E+00,4.6237E+00,0.00000E+00,0.00000E+00,10.4058E+00,0.00000E+00,0.00000E+00,4.1616E+00,0.00000E+00,0.00000E+00,18.0736E+00,0.0000E+00,0.0000E+00,3.3931E+00,0.0000E+00,0.0000E+00,35.680E+00,+99999.9E+99,+99999.9E+99,70.540E+00,+99999.9E+99,+99999.9E+99,1.03847E+03,0.00000E+03,0.00000E+03,0.00000E+03,0.00000E+03,0.00000E+03,1.13866E+03,0.00000E+03,0.00000E+03,0.00000E+03,0.00000E+03,0.00000E+03,0.46702E+03,0.00000E+03,0.00000E+03,0.00000E+03,0.00000E+03,0.00000E+03,0.91202E+00,0.00000E+00,0.00000E+00,0.93549E+00,0.98984E+00,0.99537E+00,0.000E+00,-67.688E+00,168.975E+00,159.308E+00,104.137E+00,174.489E+00,24.214E+00,90.000E+00,90.000E+00,0.00000E+00,0.00000E+00,0.00000E+00,125.143E+00,100.000E+00,100.000E+00,-0.26111E+03,0.00000E+03,0.00000E+03,+99999.9E+99,+99999.9E+99,+99999.9E+99,+99999.9E+99,+99999.9E+99,+99999.9E+99,+99999.9E+99,+99999.9E+99,+99999.9E+99,+99999.9E+99,+99999.9E+99,+99999.9E+99,1B00,0,0,0,1B00,77.2118E+00,77.1974E+00,77.0086E+00,77.1393E+00,72.2289E+00,72.3981E+00,71.9035E+00,72.1768E+00,77.2118E+00,77.1974E+00,77.0086E+00,0.0000E+00,0.0000E+00,0.0000E+00,70.9994E+00,71.7148E+00,71.4867E+00,105.304E+00,105.700E+00,105.561E+00,-104.591E+00,-104.401E+00,-104.466E+00,29.579E+00,29.626E+00,29.588E+00,+99999.9E+99,+99999.9E+99,+99999.9E+99,0.584E+00,13.6335E+00,13.1939E+00,13.5761E+00,13.4678E+00,12.5502E+00,12.1269E+00,12.4819E+00,12.3863E+00,13.6324E+00,13.1939E+00,13.5744E+00,-0.1693E+00,0.0000E+00,0.2152E+00,12.0866E+00,10.9338E+00,11.0835E+00,27.6271E+00,27.1310E+00,28.5152E+00,-26.7719E+00,-27.1305E+00,-26.4333E+00,41.770E+00,45.193E+00,44.949E+00,+99999.9E+99,+99999.9E+99,+99999.9E+99,6.192E+00,0.43125E+03,0.42259E+03,0.44574E+03,1.29958E+03,0.42934E+03,0.37918E+03,0.40787E+03,1.21640E+03,0.61459E+03,0.59421E+03,0.61024E+03,1.81904E+03,0.48657E+03,0.44552E+03,0.44969E+03,1.38022E+03,-0.43788E+03,-0.41774E+03,-0.41679E+03,-1.27241E+03,-0.22893E+03,-0.23389E+03,-0.18937E+03,-0.65220E+03,-0.70170E+00,-0.71118E+00,-0.73043E+00,-0.71443E+00,-0.88240E+00,-0.85111E+00,-0.90701E+00,-0.88131E+00,0.000E+00,119.887E+00,-119.565E+00,58.396E+00,-178.553E+00,-64.881E+00,-45.437E+00,-44.669E+00,-43.077E+00,-44.403E+00,201.286E+00,202.088E+00,201.837E+00,89.657E+00,+99999.9E+99,+99999.9E+99,0.00013E+06,-0.00074E+06,0.00000E+00,14.693E+00,0.757E+03,0.00117E+06,43.568E+00,F0F08
2021/11/30,17:33:55,00000:00:20,650,38003F00,2800,3B00,3B00,3F00,99.842E+00,0.000E+00,0.000E+00,110.895E+00,0.000E+00,0.000E+00,0.521E+00,0.000E+00,0.000E+00,99.841E+00,0.000E+00,0.000E+00,0.000E+00,0.000E+00,0.000E+00,100.918E+00,0.000E+00,0.000E+00,98.814E+00,0.000E+00,0.000E+00,34.250E+00,+99999.9E+99,389.561E+00,1.053E+00,+99999.9E+99,+99999.9E+99,12.7361E+00,0.00000E+00,0.00000E+00,13.3107E+00,0.00000E+00,0.00000E+00,4.3124E+00,0.00000E+00,0.00000E+00,11.9838E+00,0.00000E+00,0.00000E+00,4.1616E+00,0.00000E+00,0.00000E+00,18.2731E+00,0.0000E+00,0.0000E+00,4.2374E+00,0.0000E+00,0.0000E+00,35.680E+00,+99999.9E+99,+99999.9E+99,58.561E+00,+99999.9E+99,+99999.9E+99,1.19447E+03,0.00000E+03,0.00000E+03,0.00000E+03,0.00000E+03,0.00000E+03,1.27160E+03,0.00000E+03,0.00000E+03,0.00000E+03,0.00000E+03,0.00000E+03,0.43614E+03,0.00000E+03,0.00000E+03,0.00000E+03,0.00000E+03,0.00000E+03,0.93934E+00,0.00000E+00,0.00000E+00,0.93549E+00,0.98984E+00,0.99537E+00,0.000E+00,-67.688E+00,168.975E+00,159.308E+00,104.137E+00,174.489E+00,20.059E+00,90.000E+00,90.000E+00,15.0705E+00,0.00000E+00,0.00000E+00,75.521E+00,100.000E+00,100.000E+00,0.29240E+03,0.00000E+03,0.00000E+03,+99999.9E+99,+99999.9E+99,+99999.9E+99,+99999.9E+99,+99999.9E+99,+99999.9E+99,+99999.9E+99,+99999.9E+99,+99999.9E+99,+99999.9E+99,+99999.9E+99,+99999.9E+99,1B00,0,0,0,1B00,76.5720E+00,76.7403E+00,76.5586E+00,76.6236E+00,72.3098E+00,72.7359E+00,72.3213E+00,72.4557E+00,76.5720E+00,76.7403E+00,76.5586E+00,0.0000E+00,0.0000E+00,0.0000E+00,71.2793E+00,71.1855E+00,71.0317E+00,105.903E+00,106.089E+00,105.624E+00,-104.907E+00,-104.541E+00,-104.490E+00,31.889E+00,31.137E+00,31.790E+00,+99999.9E+99,+99999.9E+99,+99999.9E+99,0.211E+00,9.8474E+00,9.5419E+00,9.8623E+00,9.7505E+00,8.6458E+00,8.4056E+00,8.5639E+00,8.5384E+00,9.8465E+00,9.5419E+00,9.8602E+00,-0.1360E+00,0.0000E+00,0.2032E+00,11.7657E+00,11.7723E+00,12.3603E+00,26.1538E+00,24.8781E+00,27.2176E+00,-25.6743E+00,-23.5676E+00,-25.9800E+00,44.967E+00,43.907E+00,41.911E+00,+99999.9E+99,+99999.9E+99,+99999.9E+99,3.307E+00,0.30028E+03,0.29426E+03,0.30753E+03,0.90207E+03,0.40613E+03,0.42663E+03,0.43321E+03,1.26597E+03,0.43786E+03,0.42442E+03,0.43866E+03,1.30094E+03,0.47225E+03,0.48005E+03,0.49800E+03,1.44987E+03,-0.31867E+03,-0.30585E+03,-0.31280E+03,-0.93733E+03,-0.24100E+03,-0.22008E+03,-0.24562E+03,-0.70670E+03,-0.68578E+00,-0.69332E+00,-0.70107E+00,-0.69340E+00,-0.85999E+00,-0.88872E+00,-0.86991E+00,-0.87317E+00,0.000E+00,120.188E+00,-119.978E+00,60.636E+00,177.405E+00,-60.307E+00,-46.703E+00,-46.106E+00,-45.487E+00,-46.100E+00,202.314E+00,201.655E+00,201.921E+00,92.853E+00,+99999.9E+99,+99999.9E+99,0.00006E+06,-0.00054E+06,0.00000E+00,10.577E+00,0.756E+03,0.00084E+06,43.933E+00,F0F08
2021/11/30,17:33:55,00000:00:20,700,38003800,0,1800,1800,3800,99.932E+00,0.000E+00,0.000E+00,110.995E+00,0.000E+00,0.000E+00,0.483E+00,0.000E+00,0.000E+00,99.931E+00,0.000E+00,0.000E+00,0.000E+00,0.000E+00,0.000E+00,100.918E+00,0.000E+00,0.000E+00,98.821E+00,0.000E+00,0.000E+00,21.575E+00,+99999.9E+99,+99999.9E+99,1.049E+00,+99999.9E+99,+99999.9E+99,11.6423E+00,0.00000E+00,0.00000E+00,11.9897E+00,0.00000E+00,0.00000E+00,4.3613E+00,0.00000E+00,0.00000E+00,10.7946E+00,0.00000E+00,0.00000E+00,4.4234E+00,0.00000E+00,0.00000E+00,17.3955E+00,0.0000E+00,0.0000E+00,4.0864E+00,0.0000E+00,0.0000E+00,8.055E+00,+99999.9E+99,+99999.9E+99,61.647E+00,+99999.9E+99,+99999.9E+99,1.07681E+03,0.00000E+03,0.00000E+03,0.00000E+03,0.00000E+03,0.00000E+03,1.16344E+03,0.00000E+03,0.00000E+03,0.00000E+03,0.00000E+03,0.00000E+03,0.44053E+03,0.00000E+03,0.00000E+03,0.00000E+03,0.00000E+03,0.00000E+03,0.92554E+00,0.00000E+00,0.00000E+00,0.89815E+00,0.38456E+00,0.89695E+00,0.000E+00,-100.434E+00,127.690E+00,153.916E+00,-167.817E+00,101.450E+00,22.250E+00,90.000E+00,90.000E+00,12.6060E+00,0.00000E+00,0.00000E+00,96.191E+00,100.000E+00,100.000E+00,0.04101E+03,0.00000E+03,0.00000E+03,+99999.9E+99,+99999.9E+99,+99999.9E+99,+99999.9E+99,+99999.9E+99,+99999.9E+99,+99999.9E+99,+99999.9E+99,+99999.9E+99,+99999.9E+99,+99999.9E+99,+99999.9E+99,1B00,0,0,0,1B00,76.5297E+00,76.9846E+00,77.0225E+00,76.8456E+00,71.8249E+00,72.7125E+00,72.7499E+00,72.4291E+00,76.5297E+00,76.9846E+00,77.0225E+00,0.0000E+00,0.0000E+00,0.0000E+00,73.0100E+00,73.2557E+00,73.1153E+00,105.703E+00,106.063E+00,105.667E+00,-104.567E+00,-103.876E+00,-104.796E+00,14.086E+00,14.373E+00,14.489E+00,+99999.9E+99,+99999.9E+99,+99999.9E+99,0.196E+00,11.5370E+00,11.2809E+00,11.0884E+00,11.3021E+00,10.0127E+00,9.8674E+00,9.5784E+00,9.8195E+00,11.5360E+00,11.2746E+00,11.0755E+00,-0.1548E+00,-0.3788E+00,0.5346E+00,5.2472E+00,4.7557E+00,4.9150E+00,27.2657E+00,26.7900E+00,28.1505E+00,-26.1510E+00,-26.5505E+00,-25.5495E+00,54.454E+00,58.725E+00,56.612E+00,+99999.9E+99,+99999.9E+99,+99999.9E+99,4.595E+00,0.35656E+03,0.33697E+03,0.34227E+03,1.03580E+03,0.18940E+03,0.17381E+03,0.18626E+03,0.54947E+03,0.51504E+03,0.50268E+03,0.49662E+03,1.51433E+03,0.21416E+03,0.19853E+03,0.20445E+03,0.61679E+03,-0.37166E+03,-0.37301E+03,-0.35984E+03,-1.10450E+03,-0.09996E+03,-0.09594E+03,-0.08431E+03,-0.28020E+03,-0.69229E+00,-0.67036E+00,-0.68920E+00,-0.68400E+00,-0.88438E+00,-0.87549E+00,-0.91103E+00,-0.89085E+00,0.000E+00,120.017E+00,-119.825E+00,57.934E+00,178.850E+00,-65.518E+00,-46.188E+00,-47.905E+00,-46.433E+00,-46.843E+00,201.112E+00,201.860E+00,201.556E+00,92.903E+00,+99999.9E+99,+99999.9E+99,0.00007E+06,-0.00063E+06,0.00000E+00,12.153E+00,0.756E+03,0.00096E+06,43.606E+00,F0F0F
2021/11/30,17:33:55,00000:00:20,750,38003F00,700,1F00,1F00,3F00,99.932E+00,0.000E+00,0.000E+00,110.995E+00,0.000E+00,0.000E+00,0.483E+00,0.000E+00,0.000E+00,99.931E+00,0.000E+00,0.000E+00,0.000E+00,0.000E+00,0.000E+00,100.918E+00,0.000E+00,0.000E+00,98.821E+00,0.000E+00,0.000E+00,22.681E+00,+99999.9E+99,+99999.9E+99,1.049E+00,+99999.9E+99,+99999.9E+99,11.6423E+00,0.00000E+00,0.00000E+00,11.9897E+00,0.00000E+00,0.00000E+00,4.3613E+00,0.00000E+00,0.00000E+00,10.7946E+00,0.00000E+00,0.00000E+00,4.3466E+00,0.00000E+00,0.00000E+00,17.3955E+00,0.0000E+00,0.0000E+00,4.0864E+00,0.0000E+00,0.0000E+00,8.199E+00,+99999.9E+99,+99999.9E+99,61.647E+00,+99999.9E+99,+99999.9E+99,1.07681E+03,0.00000E+03,0.00000E+03,0.00000E+03,0.00000E+03,0.00000E+03,1.16344E+03,0.00000E+03,0.00000E+03,0.00000E+03,0.00000E+03,0.00000E+03,0.44053E+03,0.00000E+03,0.00000E+03,0.00000E+03,0.00000E+03,0.00000E+03,0.92554E+00,0.00000E+00,0.00000E+00,0.90540E+00,0.88769E+00,0.62248E+00,0.000E+00,160.735E+00,130.440E+00,154.877E+00,-171.848E+00,-101.062E+00,22.250E+00,90.000E+00,90.000E+00,12.6060E+00,0.00000E+00,0.00000E+00,120.680E+00,100.000E+00,100.000E+00,-0.22268E+03,0.00000E+03,0.00000E+03,+99999.9E+99,+99999.9E+99,+99999.9E+99,+99999.9E+99,+99999.9E+99,+99999.9E+99,+99999.9E+99,+99999.9E+99,+99999.9E+99,+99999.9E+99,+99999.9E+99,+99999.9E+99,1B00,0,0,0,1B00,77.2008E+00,77.2130E+00,76.9964E+00,77.1367E+00,72.2252E+00,72.4328E+00,71.8904E+00,72.1828E+00,77.2008E+00,77.2130E+00,76.9964E+00,0.0000E+00,0.0000E+00,0.0000E+00,70.4248E+00,71.0256E+00,70.9270E+00,105.277E+00,105.599E+00,105.437E+00,-104.560E+00,-104.920E+00,-104.851E+00,34.192E+00,34.167E+00,34.057E+00,+99999.9E+99,+99999.9E+99,+99999.9E+99,0.528E+00,13.6242E+00,13.1873E+00,13.5778E+00,13.4631E+00,12.5446E+00,12.1194E+00,12.4818E+00,12.3819E+00,13.6234E+00,13.1873E+00,13.5765E+00,-0.1487E+00,0.0000E+00,0.1908E+00,13.8268E+00,12.8985E+00,12.8526E+00,27.6486E+00,27.3043E+00,28.5476E+00,-26.6086E+00,-26.9795E+00,-26.6129E+00,40.133E+00,42.536E+00,42.668E+00,+99999.9E+99,+99999.9E+99,+99999.9E+99,4.644E+00,0.43100E+03,0.42276E+03,0.44573E+03,1.29949E+03,0.49139E+03,0.44674E+03,0.47196E+03,1.41010E+03,0.61398E+03,0.59394E+03,0.61040E+03,1.81832E+03,0.55776E+03,0.52185E+03,0.52545E+03,1.60403E+03,-0.43727E+03,-0.41718E+03,-0.41703E+03,-1.27148E+03,-0.26387E+03,-0.26971E+03,-0.23098E+03,-0.76456E+03,-0.70198E+00,-0.71179E+00,-0.73022E+00,-0.71467E+00,-0.88102E+00,-0.85609E+00,-0.89820E+00,-0.87909E+00,0.000E+00,119.815E+00,-119.669E+00,58.518E+00,-179.115E+00,-63.825E+00,-45.414E+00,-44.619E+00,-43.095E+00,-44.384E+00,202.113E+00,201.518E+00,201.765E+00,89.478E+00,+99999.9E+99,+99999.9E+99,0.00014E+06,-0.00074E+06,0.00000E+00,14.662E+00,0.757E+03,0.00116E+06,43.796E+00,F0F08
2021/11/30,17:33:56,00000:00:20,800,38003F00,500,1F00,1F00,3F00,99.932E+00,0.000E+00,0.000E+00,110.995E+00,0.000E+00,0.000E+00,0.483E+00,0.000E+00,0.000E+00,99.931E+00,0.000E+00,0.000E+00,0.000E+00,0.000E+00,0.000E+00,100.918E+00,0.000E+00,0.000E+00,98.821E+00,0.000E+00,0.000E+00,22.681E+00,+99999.9E+99,+99999.9E+99,1.049E+00,+99999.9E+99,+99999.9E+99,11.6423E+00,0.00000E+00,0.00000E+00,11.9897E+00,0.00000E+00,0.00000E+00,4.3613E+00,0.00000E+00,0.00000E+00,10.7946E+00,0.00000E+00,0.00000E+00,4.3466E+00,0.00000E+00,0.00000E+00,17.3955E+00,0.0000E+00,0.0000E+00,4.0864E+00,0.0000E+00,0.0000E+00,8.199E+00,+99999.9E+99,+99999.9E+99,61.647E+00,+99999.9E+99,+99999.9E+99,1.07681E+03,0.00000E+03,0.00000E+03,0.00000E+03,0.00000E+03,0.00000E+03,1.16344E+03,0.00000E+03,0.00000E+03,0.00000E+03,0.00000E+03,0.00000E+03,0.44053E+03,0.00000E+03,0.00000E+03,0.00000E+03,0.00000E+03,0.00000E+03,0.92554E+00,0.00000E+00,0.00000E+00,0.90540E+00,0.88769E+00,0.62248E+00,0.000E+00,160.735E+00,130.440E+00,154.877E+00,-171.848E+00,-101.062E+00,22.250E+00,90.000E+00,90.000E+00,12.6060E+00,0.00000E+00,0.00000E+00,72.084E+00,100.000E+00,100.000E+00,0.30060E+03,0.00000E+03,0.00000E+03,+99999.9E+99,+99999.9E+99,+99999.9E+99,+99999.9E+99,+99999.9E+99,+99999.9E+99,+99999.9E+99,+99999.9E+99,+99999.9E+99,+99999.9E+99,+99999.9E+99,+99999.9E+99,1800,0,0,0,1800,76.2789E+00,76.6338E+00,76.5093E+00,76.4740E+00,72.1920E+00,72.8847E+00,72.6341E+00,72.5703E+00,76.2789E+00,76.6338E+00,76.5093E+00,0.0000E+00,0.0000E+00,0.0000E+00,71.9071E+00,71.7717E+00,71.6734E+00,105.823E+00,106.103E+00,105.780E+00,-104.409E+00,-104.604E+00,-104.987E+00,27.172E+00,26.133E+00,26.954E+00,+99999.9E+99,+99999.9E+99,+99999.9E+99,0.190E+00,8.2553E+00,8.1898E+00,8.1432E+00,8.1961E+00,7.3506E+00,7.3028E+00,7.2496E+00,7.3010E+00,8.2546E+00,8.1890E+00,8.1399E+00,-0.1141E+00,-0.1157E+00,0.2309E+00,9.7372E+00,9.9028E+00,10.2870E+00,22.1395E+00,20.9748E+00,20.3886E+00,-18.7295E+00,-19.1476E+00,-19.9424E+00,48.398E+00,45.950E+00,44.342E+00,+99999.9E+99,+99999.9E+99,+99999.9E+99,4.410E+00,0.26033E+03,0.25469E+03,0.26119E+03,0.77621E+03,0.33615E+03,0.36029E+03,0.36535E+03,1.06178E+03,0.36527E+03,0.36264E+03,0.36153E+03,1.08944E+03,0.39134E+03,0.40232E+03,0.42080E+03,1.21383E+03,-0.25622E+03,-0.25815E+03,-0.24997E+03,-0.76434E+03,-0.20037E+03,-0.17904E+03,-0.20879E+03,-0.58821E+03,-0.71272E+00,-0.70231E+00,-0.72245E+00,-0.71249E+00,-0.85898E+00,-0.89552E+00,-0.86822E+00,-0.87474E+00,0.000E+00,120.154E+00,-120.014E+00,60.737E+00,176.532E+00,-60.158E+00,-44.543E+00,-45.387E+00,-43.743E+00,-44.563E+00,201.699E+00,201.995E+00,201.921E+00,94.973E+00,+99999.9E+99,+99999.9E+99,0.00004E+06,-0.00048E+06,0.00000E+00,9.311E+00,0.756E+03,0.00074E+06,43.774E+00,F0F08
2021/11/30,17:33:56,00000:00:20,850,38003F00,700,1F00,1F00,3F00,99.932E+00,0.000E+00,0.000E+00,110.995E+00,0.000E+00,0.000E+00,0.483E+00,0.000E+00,0.000E+00,99.931E+00,0.000E+00,0.000E+00,0.000E+00,0.000E+00,0.000E+00,100.918E+00,0.000E+00,0.000E+00,98.821E+00,0.000E+00,0.000E+00,22.681E+00,+99999.9E+99,+99999.9E+99,1.049E+00,+99999.9E+99,+99999.9E+99,11.6423E+00,0.00000E+00,0.00000E+00,11.9897E+00,0.00000E+00,0.00000E+00,4.3613E+00,0.00000E+00,0.00000E+00,10.7946E+00,0.00000E+00,0.00000E+00,4.3466E+00,0.00000E+00,0.00000E+00,17.3955E+00,0.0000E+00,0.0000E+00,4.0864E+00,0.0000E+00,0.0000E+00,8.199E+00,+99999.9E+99,+99999.9E+99,61.647E+00,+99999.9E+99,+99999.9E+99,1.07681E+03,0.00000E+03,0.00000E+03,0.00000E+03,0.00000E+03,0.00000E+03,1.16344E+03,0.00000E+03,0.00000E+03,0.00000E+03,0.00000E+03,0.00000E+03,0.44053E+03,0.00000E+03,0.00000E+03,0.00000E+03,0.00000E+03,0.00000E+03,0.92554E+00,0.00000E+00,0.00000E+00,0.90540E+00,0.88769E+00,0.62248E+00,0.000E+00,160.735E+00,130.440E+00,154.877E+00,-171.848E+00,-101.062E+00,22.250E+00,90.000E+00,90.000E+00,12.6060E+00,0.00000E+00,0.00000E+00,115.725E+00,100.000E+00,100.000E+00,-0.16933E+03,0.00000E+03,0.00000E+03,+99999.9E+99,+99999.9E+99,+99999.9E+99,+99999.9E+99,+99999.9E+99,+99999.9E+99,+99999.9E+99,+99999.9E+99,+99999.9E+99,+99999.9E+99,+99999.9E+99,+99999.9E+99,1B00,0,0,0,1B00,77.0727E+00,77.1877E+00,77.1325E+00,77.1310E+00,72.0731E+00,72.4893E+00,72.2528E+00,72.2717E+00,77.0727E+00,77.1877E+00,77.1325E+00,0.0000E+00,0.0000E+00,0.0000E+00,72.7239E+00,73.1344E+00,72.9888E+00,105.843E+00,106.133E+00,105.837E+00,-104.307E+00,-105.050E+00,-104.606E+00,16.309E+00,16.507E+00,16.885E+00,+99999.9E+99,+99999.9E+99,+99999.9E+99,0.336E+00,13.3916E+00,12.9236E+00,13.1122E+00,13.1425E+00,12.1437E+00,11.6583E+00,11.7124E+00,11.8381E+00,13.3905E+00,12.9187E+00,13.1014E+00,-0.1755E+00,-0.3545E+00,0.5312E+00,6.4496E+00,5.7752E+00,5.6888E+00,27.7109E+00,27.1152E+00,28.4986E+00,-26.6538E+00,-27.1367E+00,-26.5043E+00,49.631E+00,54.175E+00,54.754E+00,+99999.9E+99,+99999.9E+99,+99999.9E+99,6.927E+00,0.42415E+03,0.40184E+03,0.42015E+03,1.24614E+03,0.23191E+03,0.20256E+03,0.21893E+03,0.65340E+03,0.60307E+03,0.58054E+03,0.58912E+03,1.77272E+03,0.25940E+03,0.23395E+03,0.23728E+03,0.72967E+03,-0.42871E+03,-0.41898E+03,-0.41296E+03,-1.26064E+03,-0.11621E+03,-0.11706E+03,-0.09151E+03,-0.32478E+03,-0.70332E+00,-0.69220E+00,-0.71318E+00,-0.70295E+00,-0.89403E+00,-0.86583E+00,-0.92264E+00,-0.89548E+00,0.000E+00,119.945E+00,-119.743E+00,56.806E+00,179.899E+00,-67.180E+00,-45.306E+00,-46.196E+00,-44.505E+00,-45.336E+00,201.859E+00,201.538E+00,201.801E+00,90.798E+00,+99999.9E+99,+99999.9E+99,0.00011E+06,-0.00073E+06,0.00000E+00,14.270E+00,0.757E+03,0.00113E+06,43.737E+00,F0F08
2021/11/30,17:33:56,00000:00:20,900,38003D00,500,1C00,1C00,3800,99.932E+00,0.000E+00,0.000E+00,110.995E+00,0.000E+00,0.000E+00,0.483E+00,0.000E+00,0.000E+00,99.931E+00,0.000E+00,0.000E+00,0.000E+00,0.000E+00,0.000E+00,100.918E+00,0.000E+00,0.000E+00,98.821E+00,0.000E+00,0.000E+00,64.519E+00,+99999.9E+99,443.098E+00,1.049E+00,+99999.9E+99,+99999.9E+99,11.6423E+00,0.00000E+00,0.00000E+00,11.9897E+00,0.00000E+00,0.00000E+00,4.3613E+00,0.00000E+00,0.00000E+00,10.7946E+00,0.00000E+00,0.00000E+00,4.0451E+00,0.00000E+00,0.00000E+00,17.3955E+00,0.0000E+00,0.0000E+00,4.0864E+00,0.0000E+00,0.0000E+00,46.866E+00,+99999.9E+99,+99999.9E+99,61.647E+00,+99999.9E+99,+99999.9E+99,1.07681E+03,0.00000E+03,0.00000E+03,0.00000E+03,0.00000E+03,0.00000E+03,1.16344E+03,0.00000E+03,0.00000E+03,0.00000E+03,0.00000E+03,0.00000E+03,0.44053E+03,0.00000E+03,0.00000E+03,0.00000E+03,0.00000E+03,0.00000E+03,0.92554E+00,0.00000E+00,0.00000E+00,0.89420E+00,0.13534E+00,0.34468E+00,0.000E+00,-132.737E+00,144.228E+00,153.406E+00,145.041E+00,34.065E+00,22.250E+00,90.000E+00,90.000E+00,12.6060E+00,0.00000E+00,0.00000E+00,100.890E+00,100.000E+00,100.000E+00,-0.00958E+03,0.00000E+03,0.00000E+03,+99999.9E+99,+99999.9E+99,+99999.9E+99,+99999.9E+99,+99999.9E+99,+99999.9E+99,+99999.9E+99,+99999.9E+99,+99999.9E+99,+99999.9E+99,+99999.9E+99,+99999.9E+99,1B00,0,0,0,1B00,76.7493E+00,77.0830E+00,76.8410E+00,76.8911E+00,72.0301E+00,72.6336E+00,72.1860E+00,72.2832E+00,76.7493E+00,77.0829E+00,76.8410E+00,0.0000E+00,0.0000E+00,0.0000E+00,70.0264E+00,70.2421E+00,70.1642E+00,105.419E+00,105.914E+00,105.656E+00,-103.944E+00,-104.896E+00,-104.553E+00,39.007E+00,38.820E+00,38.787E+00,+99999.9E+99,+99999.9E+99,+99999.9E+99,0.185E+00,11.9501E+00,11.7936E+00,12.0742E+00,11.9393E+00,10.4321E+00,10.3640E+00,10.5594E+00,10.4519E+00,11.9497E+00,11.7936E+00,12.0742E+00,-0.1062E+00,0.0000E+00,0.0000E+00,15.3941E+00,14.9859E+00,15.1644E+00,27.6352E+00,27.1586E+00,28.6471E+00,-26.0481E+00,-27.1509E+00,-26.8114E+00,39.418E+00,40.405E+00,39.553E+00,+99999.9E+99,+99999.9E+99,+99999.9E+99,1.650E+00,0.35615E+03,0.35905E+03,0.37120E+03,1.08640E+03,0.54331E+03,0.52703E+03,0.54315E+03,1.61350E+03,0.53388E+03,0.52817E+03,0.54175E+03,1.60380E+03,0.62143E+03,0.60457E+03,0.61359E+03,1.83945E+03,-0.39773E+03,-0.38736E+03,-0.39459E+03,-1.17968E+03,-0.30164E+03,-0.29621E+03,-0.28545E+03,-0.88330E+03,-0.66709E+00,-0.67979E+00,-0.68519E+00,-0.67739E+00,-0.87429E+00,-0.87175E+00,-0.88520E+00,-0.87716E+00,0.000E+00,119.966E+00,-119.862E+00,59.141E+00,179.269E+00,-62.206E+00,-48.157E+00,-47.172E+00,-46.750E+00,-47.360E+00,201.850E+00,202.183E+00,201.697E+00,90.352E+00,+99999.9E+99,+99999.9E+99,0.00010E+06,-0.00062E+06,0.00000E+00,12.382E+00,0.757E+03,0.00098E+06,43.743E+00,F0F08
2021/11/30,17:33:56,00000:00:20,950,38003F00,2A00,3B00,3B00,3F00,99.866E+00,0.000E+00,0.000E+00,110.922E+00,0.000E+00,0.000E+00,0.510E+00,0.000E+00,0.000E+00,99.865E+00,0.000E+00,0.000E+00,0.000E+00,0.000E+00,0.000E+00,101.021E+00,0.000E+00,0.000E+00,98.793E+00,0.000E+00,0.000E+00,64.519E+00,+99999.9E+99,443.098E+00,1.116E+00,+99999.9E+99,+99999.9E+99,12.1191E+00,0.00000E+00,0.00000E+00,12.4052E+00,0.00000E+00,0.00000E+00,4.7046E+00,0.00000E+00,0.00000E+00,11.1686E+00,0.00000E+00,0.00000E+00,4.0451E+00,0.00000E+00,0.00000E+00,18.3129E+00,0.0000E+00,0.0000E+00,3.5310E+00,0.0000E+00,0.0000E+00,46.866E+00,+99999.9E+99,+99999.9E+99,66.176E+00,+99999.9E+99,+99999.9E+99,1.11319E+03,0.00000E+03,0.00000E+03,0.00000E+03,0.00000E+03,0.00000E+03,1.21028E+03,0.00000E+03,0.00000E+03,0.00000E+03,0.00000E+03,0.00000E+03,0.47497E+03,0.00000E+03,0.00000E+03,0.00000E+03,0.00000E+03,0.00000E+03,0.91978E+00,0.00000E+00,0.00000E+00,0.89420E+00,0.13534E+00,0.34468E+00,0.000E+00,-132.737E+00,144.228E+00,153.406E+00,145.041E+00,34.065E+00,23.107E+00,90.000E+00,90.000E+00,0.00000E+00,0.00000E+00,0.00000E+00,77.267E+00,100.000E+00,100.000E+00,0.25307E+03,0.00000E+03,0.00000E+03,+99999.9E+99,+99999.9E+99,+99999.9E+99,+99999.9E+99,+99999.9E+99,+99999.9E+99,+99999.9E+99,+99999.9E+99,+99999.9E+99,+99999.9E+99,+99999.9E+99,+99999.9E+99,1B00,0,0,0,1B00,76.5511E+00,76.6457E+00,76.5435E+00,76.5801E+00,72.4603E+00,72.8177E+00,72.4864E+00,72.5881E+00,76.5511E+00,76.6457E+00,76.5435E+00,0.0000E+00,0.0000E+00,0.0000E+00,72.8870E+00,72.6850E+00,72.6180E+00,105.767E+00,106.066E+00,105.714E+00,-104.150E+00,-104.737E+00,-103.977E+00,18.306E+00,17.968E+00,18.043E+00,+99999.9E+99,+99999.9E+99,+99999.9E+99,0.222E+00,9.5636E+00,9.0706E+00,9.2109E+00,9.2817E+00,8.2787E+00,7.8737E+00,7.9159E+00,8.0227E+00,9.5624E+00,9.0681E+00,9.2035E+00,-0.1542E+00,-0.2136E+00,0.3689E+00,6.0899E+00,6.4257E+00,6.8188E+00,26.0638E+00,24.2724E+00,25.0081E+00,-26.5152E+00,-25.2681E+00,-22.4471E+00,57.254E+00,52.659E+00,50.100E+00,+99999.9E+99,+99999.9E+99,+99999.9E+99,5.048E+00,0.29380E+03,0.27626E+03,0.29007E+03,0.86012E+03,0.21779E+03,0.23591E+03,0.23915E+03,0.69286E+03,0.42525E+03,0.40251E+03,0.40869E+03,1.23645E+03,0.25321E+03,0.26175E+03,0.27504E+03,0.78945E+03,-0.30745E+03,-0.29273E+03,-0.28790E+03,-0.88808E+03,-0.12915E+03,-0.11340E+03,-0.13585E+03,-0.37840E+03,-0.69088E+00,-0.68635E+00,-0.70975E+00,-0.69564E+00,-0.86014E+00,-0.90128E+00,-0.86950E+00,-0.87764E+00,0.000E+00,120.147E+00,-120.067E+00,60.573E+00,175.794E+00,-60.347E+00,-46.300E+00,-46.658E+00,-44.785E+00,-45.922E+00,201.977E+00,201.373E+00,202.140E+00,94.662E+00,+99999.9E+99,+99999.9E+99,0.00005E+06,-0.00054E+06,0.00000E+00,10.281E+00,0.756E+03,0.00081E+06,43.837E+00,F0F08
2021/11/30,17:33:56,00000:00:21,0,38003F00,2D00,3F00,3F00,3F00,99.866E+00,0.000E+00,0.000E+00,110.922E+00,0.000E+00,0.000E+00,0.510E+00,0.000E+00,0.000E+00,99.865E+00,0.000E+00,0.000E+00,0.000E+00,0.000E+00,0.000E+00,101.021E+00,0.000E+00,0.000E+00,98.793E+00,0.000E+00,0.000E+00,38.204E+00,+99999.9E+99,416.978E+00,1.116E+00,+99999.9E+99,+99999.9E+99,12.1191E+00,0.00000E+00,0.00000E+00,12.4052E+00,0.00000E+00,0.00000E+00,4.7046E+00,0.00000E+00,0.00000E+00,11.1686E+00,0.00000E+00,0.00000E+00,4.2872E+00,0.00000E+00,0.00000E+00,18.3129E+00,0.0000E+00,0.0000E+00,3.5310E+00,0.0000E+00,0.0000E+00,45.773E+00,+99999.9E+99,+99999.9E+99,66.176E+00,+99999.9E+99,+99999.9E+99,1.11319E+03,0.00000E+03,0.00000E+03,0.00000E+03,0.00000E+03,0.00000E+03,1.21028E+03,0.00000E+03,0.00000E+03,0.00000E+03,0.00000E+03,0.00000E+03,0.47497E+03,0.00000E+03,0.00000E+03,0.00000E+03,0.00000E+03,0.00000E+03,0.91978E+00,0.00000E+00,0.00000E+00,0.93109E+00,0.33175E+00,0.41548E+00,0.000E+00,44.568E+00,158.122E+00,158.605E+00,-64.807E+00,43.572E+00,23.107E+00,90.000E+00,90.000E+00,0.00000E+00,0.00000E+00,0.00000E+00,119.519E+00,100.000E+00,100.000E+00,-0.21729E+03,0.00000E+03,0.00000E+03,+99999.9E+99,+99999.9E+99,+99999.9E+99,+99999.9E+99,+99999.9E+99,+99999.9E+99,+99999.9E+99,+99999.9E+99,+99999.9E+99,+99999.9E+99,+99999.9E+99,+99999.9E+99,1B00,0,0,0,1B00,77.0205E+00,77.4527E+00,77.3349E+00,77.2693E+00,71.6760E+00,72.5031E+00,72.2819E+00,72.1537E+00,77.0205E+00,77.4527E+00,77.3348E+00,0.0000E+00,0.0000E+00,0.0000E+00,71.7588E+00,72.3025E+00,72.0859E+00,105.716E+00,106.040E+00,105.576E+00,-105.101E+00,-104.790E+00,-104.599E+00,25.096E+00,25.556E+00,25.481E+00,+99999.9E+99,+99999.9E+99,+99999.9E+99,0.433E+00,13.7615E+00,13.4438E+00,13.5730E+00,13.5928E+00,12.8904E+00,12.7074E+00,12.6558E+00,12.7512E+00,13.7604E+00,13.4413E+00,13.5661E+00,-0.1719E+00,-0.2589E+00,0.4318E+00,10.1259E+00,9.2924E+00,9.4442E+00,27.3052E+00,26.6590E+00,28.1005E+00,-26.0348E+00,-26.5581E+00,-26.4048E+00,44.012E+00,46.827E+00,47.139E+00,+99999.9E+99,+99999.9E+99,+99999.9E+99,6.501E+00,0.44790E+03,0.43596E+03,0.44662E+03,1.33048E+03,0.36961E+03,0.32555E+03,0.34952E+03,1.04468E+03,0.61994E+03,0.60588E+03,0.61370E+03,1.83952E+03,0.41306E+03,0.37591E+03,0.37973E+03,1.16729E+03,-0.42862E+03,-0.42075E+03,-0.42090E+03,-1.27027E+03,-0.18441E+03,-0.18795E+03,-0.14844E+03,-0.52080E+03,-0.72249E+00,-0.71955E+00,-0.72775E+00,-0.72327E+00,-0.89481E+00,-0.86604E+00,-0.92043E+00,-0.89495E+00,0.000E+00,119.943E+00,-119.660E+00,56.761E+00,179.847E+00,-66.800E+00,-43.740E+00,-43.983E+00,-43.302E+00,-43.674E+00,201.375E+00,202.191E+00,201.015E+00,90.523E+00,+99999.9E+99,+99999.9E+99,0.00013E+06,-0.00077E+06,0.00000E+00,15.184E+00,0.757E+03,0.00120E+06,43.580E+00,F0F08
2021/11/30,17:33:56,00000:00:21,50,38003F00,2800,3B00,3B00,3F00,100.046E+00,0.000E+00,0.000E+00,111.122E+00,0.000E+00,0.000E+00,0.480E+00,0.000E+00,0.000E+00,100.045E+00,0.000E+00,0.000E+00,0.000E+00,0.000E+00,0.000E+00,100.939E+00,0.000E+00,0.000E+00,98.821E+00,0.000E+00,0.000E+00,38.204E+00,+99999.9E+99,416.978E+00,1.058E+00,+99999.9E+99,+99999.9E+99,11.0769E+00,0.00000E+00,0.00000E+00,11.3702E+00,0.00000E+00,0.00000E+00,4.2315E+00,0.00000E+00,0.00000E+00,10.2368E+00,0.00000E+00,0.00000E+00,4.2872E+00,0.00000E+00,0.00000E+00,17.2817E+00,0.0000E+00,0.0000E+00,4.1167E+00,0.0000E+00,0.0000E+00,45.773E+00,+99999.9E+99,+99999.9E+99,64.302E+00,+99999.9E+99,+99999.9E+99,1.02233E+03,0.00000E+03,0.00000E+03,0.00000E+03,0.00000E+03,0.00000E+03,1.10819E+03,0.00000E+03,0.00000E+03,0.00000E+03,0.00000E+03,0.00000E+03,-0.42772E+03,0.00000E+03,0.00000E+03,0.00000E+03,0.00000E+03,0.00000E+03,-0.92251E+00,0.00000E+00,0.00000E+00,0.93109E+00,0.33175E+00,0.41548E+00,0.000E+00,44.568E+00,158.122E+00,158.605E+00,-64.807E+00,43.572E+00,-22.703E+00,90.000E+00,90.000E+00,9.33569E+00,0.00000E+00,0.00000E+00,85.353E+00,100.000E+00,100.000E+00,0.14974E+03,0.00000E+03,0.00000E+03,+99999.9E+99,+99999.9E+99,+99999.9E+99,+99999.9E+99,+99999.9E+99,+99999.9E+99,+99999.9E+99,+99999.9E+99,+99999.9E+99,+99999.9E+99,+99999.9E+99,+99999.9E+99,1B00,0,0,0,1B00,76.7148E+00,76.6432E+00,76.3814E+00,76.5798E+00,72.5809E+00,72.6433E+00,72.0274E+00,72.4172E+00,76.7148E+00,76.6432E+00,76.3814E+00,0.0000E+00,0.0000E+00,0.0000E+00,70.7506E+00,70.6571E+00,70.5010E+00,105.659E+00,106.030E+00,105.767E+00,-104.471E+00,-104.784E+00,-104.043E+00,35.419E+00,35.016E+00,35.448E+00,+99999.9E+99,+99999.9E+99,+99999.9E+99,0.208E+00,9.6879E+00,9.2943E+00,9.8605E+00,9.6142E+00,8.4264E+00,8.0891E+00,8.4699E+00,8.3284E+00,9.6870E+00,9.2943E+00,9.8605E+00,-0.1314E+00,0.0000E+00,0.0000E+00,13.2694E+00,13.2845E+00,13.8413E+00,26.0348E+00,24.5462E+00,26.8390E+00,-24.8852E+00,-22.9548E+00,-26.0557E+00,42.970E+00,42.429E+00,40.469E+00,+99999.9E+99,+99999.9E+99,+99999.9E+99,2.489E+00,0.28573E+03,0.28402E+03,0.30284E+03,0.87259E+03,0.46091E+03,0.47540E+03,0.48443E+03,1.42074E+03,0.43090E+03,0.41357E+03,0.43731E+03,1.28177E+03,0.53699E+03,0.53948E+03,0.55700E+03,1.63318E+03,-0.32253E+03,-0.30062E+03,-0.31549E+03,-0.93864E+03,-0.27555E+03,-0.25501E+03,-0.27492E+03,-0.80547E+03,-0.66311E+00,-0.68675E+00,-0.69250E+00,-0.68076E+00,-0.85831E+00,-0.88123E+00,-0.86971E+00,-0.86992E+00,0.000E+00,120.182E+00,-119.986E+00,60.821E+00,178.325E+00,-60.293E+00,-48.462E+00,-46.626E+00,-46.172E+00,-47.097E+00,202.296E+00,201.663E+00,202.580E+00,91.662E+00,+99999.9E+99,+99999.9E+99,0.00007E+06,-0.00052E+06,0.00000E+00,10.100E+00,0.756E+03,0.00080E+06,43.927E+00,F0F08
2021/11/30,17:33:56,00000:00:21,100,38003F00,0,1B00,1B00,3F00,99.937E+00,0.000E+00,0.000E+00,111.001E+00,0.000E+00,0.000E+00,0.478E+00,0.000E+00,0.000E+00,99.936E+00,0.000E+00,0.000E+00,0.000E+00,0.000E+00,0.000E+00,100.914E+00,0.000E+00,0.000E+00,98.971E+00,0.000E+00,0.000E+00,108.137E+00,+99999.9E+99,+99999.9E+99,0.972E+00,+99999.9E+99,+99999.9E+99,11.5668E+00,0.00000E+00,0.00000E+00,11.9278E+00,0.00000E+00,0.00000E+00,4.2976E+00,0.00000E+00,0.00000E+00,10.7388E+00,0.00000E+00,0.00000E+00,2.9214E+00,0.00000E+00,0.00000E+00,17.3710E+00,0.0000E+00,0.0000E+00,4.2267E+00,0.0000E+00,0.0000E+00,106.559E+00,+99999.9E+99,+99999.9E+99,61.200E+00,+99999.9E+99,+99999.9E+99,1.07135E+03,0.00000E+03,0.00000E+03,0.00000E+03,0.00000E+03,0.00000E+03,1.15595E+03,0.00000E+03,0.00000E+03,0.00000E+03,0.00000E+03,0.00000E+03,0.43409E+03,0.00000E+03,0.00000E+03,0.00000E+03,0.00000E+03,0.00000E+03,0.92681E+00,0.00000E+00,0.00000E+00,0.81361E+00,0.80700E+00,0.23189E+00,0.000E+00,34.894E+00,113.364E+00,144.451E+00,178.698E+00,-170.044E+00,22.057E+00,90.000E+00,90.000E+00,12.6109E+00,0.00000E+00,0.00000E+00,96.347E+00,100.000E+00,100.000E+00,0.03914E+03,0.00000E+03,0.00000E+03,+99999.9E+99,+99999.9E+99,+99999.9E+99,+99999.9E+99,+99999.9E+99,+99999.9E+99,+99999.9E+99,+99999.9E+99,+99999.9E+99,+99999.9E+99,+99999.9E+99,+99999.9E+99,1B00,0,0,0,1B00,76.5307E+00,76.9828E+00,77.0209E+00,76.8448E+00,71.8185E+00,72.7054E+00,72.7514E+00,72.4251E+00,76.5307E+00,76.9828E+00,77.0209E+00,0.0000E+00,0.0000E+00,0.0000E+00,73.1004E+00,73.2080E+00,73.0996E+00,105.821E+00,106.144E+00,105.830E+00,-104.904E+00,-104.407E+00,-104.650E+00,13.966E+00,13.873E+00,14.187E+00,+99999.9E+99,+99999.9E+99,+99999.9E+99,0.096E+00,11.5131E+00,11.2611E+00,11.0672E+00,11.2805E+00,9.9911E+00,9.8411E+00,9.5535E+00,9.7952E+00,11.5119E+00,11.2544E+00,11.0533E+00,-0.1668E+00,-0.3867E+00,0.5546E+00,4.8722E+00,4.6305E+00,4.8622E+00,27.4109E+00,26.7371E+00,28.1238E+00,-26.0952E+00,-26.6305E+00,-25.5495E+00,57.998E+00,59.327E+00,56.094E+00,+99999.9E+99,+99999.9E+99,+99999.9E+99,2.654E+00,0.35552E+03,0.33566E+03,0.34104E+03,1.03221E+03,0.17597E+03,0.17205E+03,0.18135E+03,0.52937E+03,0.51399E+03,0.50188E+03,0.49564E+03,1.51151E+03,0.20146E+03,0.19424E+03,0.20265E+03,0.59825E+03,-0.37121E+03,-0.37312E+03,-0.35965E+03,-1.10398E+03,-0.09809E+03,-0.09015E+03,-0.09044E+03,-0.27868E+03,-0.69168E+00,-0.66880E+00,-0.68808E+00,-0.68290E+00,-0.87346E+00,-0.88578E+00,-0.89488E+00,-0.88487E+00,0.000E+00,120.048E+00,-119.906E+00,59.182E+00,177.653E+00,-63.398E+00,-46.237E+00,-48.025E+00,-46.522E+00,-46.929E+00,201.156E+00,201.862E+00,201.233E+00,93.054E+00,+99999.9E+99,+99999.9E+99,0.00007E+06,-0.00062E+06,0.00000E+00,12.128E+00,0.756E+03,0.00096E+06,43.605E+00,F0F0F
2021/11/30,17:33:56,00000:00:21,150,38003F00,700,1C00,1C00,3800,99.937E+00,0.000E+00,0.000E+00,111.001E+00,0.000E+00,0.000E+00,0.478E+00,0.000E+00,0.000E+00,99.936E+00,0.000E+00,0.000E+00,0.000E+00,0.000E+00,0.000E+00,100.914E+00,0.000E+00,0.000E+00,98.971E+00,0.000E+00,0.000E+00,20.070E+00,434.299E+00,458.013E+00,0.972E+00,+99999.9E+99,+99999.9E+99,11.5668E+00,0.00000E+00,0.00000E+00,11.9278E+00,0.00000E+00,0.00000E+00,4.2976E+00,0.00000E+00,0.00000E+00,10.7388E+00,0.00000E+00,0.00000E+00,4.3842E+00,0.00000E+00,0.00000E+00,17.3710E+00,0.0000E+00,0.0000E+00,4.2267E+00,0.0000E+00,0.0000E+00,9.778E+00,+99999.9E+99,+99999.9E+99,61.200E+00,+99999.9E+99,+99999.9E+99,1.07135E+03,0.00000E+03,0.00000E+03,0.00000E+03,0.00000E+03,0.00000E+03,1.15595E+03,0.00000E+03,0.00000E+03,0.00000E+03,0.00000E+03,0.00000E+03,0.43409E+03,0.00000E+03,0.00000E+03,0.00000E+03,0.00000E+03,0.00000E+03,0.92681E+00,0.00000E+00,0.00000E+00,0.91667E+00,0.54922E+00,0.71798E+00,0.000E+00,-67.321E+00,171.481E+00,156.444E+00,169.365E+00,127.369E+00,22.057E+00,90.000E+00,90.000E+00,12.6109E+00,0.00000E+00,0.00000E+00,118.735E+00,100.000E+00,100.000E+00,-0.20071E+03,0.00000E+03,0.00000E+03,+99999.9E+99,+99999.9E+99,+99999.9E+99,+99999.9E+99,+99999.9E+99,+99999.9E+99,+99999.9E+99,+99999.9E+99,+99999.9E+99,+99999.9E+99,+99999.9E+99,+99999.9E+99,1B00,0,0,0,1B00,77.1994E+00,77.2009E+00,76.9998E+00,77.1334E+00,72.1580E+00,72.3572E+00,71.8468E+00,72.1207E+00,77.1994E+00,77.2009E+00,76.9998E+00,0.0000E+00,0.0000E+00,0.0000E+00,70.4327E+00,71.0301E+00,70.9180E+00,105.323E+00,105.729E+00,105.571E+00,-104.519E+00,-104.613E+00,-104.497E+00,34.106E+00,34.092E+00,33.994E+00,+99999.9E+99,+99999.9E+99,+99999.9E+99,0.520E+00,13.4194E+00,12.9692E+00,13.3592E+00,13.2493E+00,12.3858E+00,11.9601E+00,12.3147E+00,12.2202E+00,13.4182E+00,12.9692E+00,13.3576E+00,-0.1804E+00,0.0000E+00,0.2089E+00,13.7919E+00,12.8840E+00,12.8437E+00,27.1795E+00,26.7567E+00,28.1200E+00,-26.6771E+00,-26.5248E+00,-25.8409E+00,40.185E+00,42.544E+00,42.694E+00,+99999.9E+99,+99999.9E+99,+99999.9E+99,4.516E+00,0.42207E+03,0.41325E+03,0.43675E+03,1.27207E+03,0.48955E+03,0.44627E+03,0.47122E+03,1.40704E+03,0.60456E+03,0.58391E+03,0.60022E+03,1.78869E+03,0.55622E+03,0.52125E+03,0.52517E+03,1.60167E+03,-0.43284E+03,-0.41252E+03,-0.41172E+03,-1.25708E+03,-0.26406E+03,-0.26934E+03,-0.23184E+03,-0.76524E+03,-0.69814E+00,-0.70773E+00,-0.72765E+00,-0.71117E+00,-0.88013E+00,-0.85616E+00,-0.89728E+00,-0.87848E+00,0.000E+00,119.830E+00,-119.664E+00,58.623E+00,-179.115E+00,-63.692E+00,-45.722E+00,-44.949E+00,-43.311E+00,-44.670E+00,201.748E+00,201.498E+00,201.738E+00,89.757E+00,+99999.9E+99,+99999.9E+99,0.00013E+06,-0.00073E+06,0.00000E+00,14.402E+00,0.757E+03,0.00114E+06,43.712E+00,F0F08
2021/11/30,17:33:56,00000:00:21,200,38003F00,500,1F00,1F00,3F00,99.937E+00,0.000E+00,0.000E+00,111.001E+00,0.000E+00,0.000E+00,0.478E+00,0.000E+00,0.000E+00,99.936E+00,0.000E+00,0.000E+00,0.000E+00,0.000E+00,0.000E+00,100.914E+00,0.000E+00,0.000E+00,98.971E+00,0.000E+00,0.000E+00,20.070E+00,434.299E+00,458.013E+00,0.972E+00,+99999.9E+99,+99999.9E+99,11.5668E+00,0.00000E+00,0.00000E+00,11.9278E+00,0.00000E+00,0.00000E+00,4.2976E+00,0.00000E+00,0.00000E+00,10.7388E+00,0.00000E+00,0.00000E+00,4.3842E+00,0.00000E+00,0.00000E+00,17.3710E+00,0.0000E+00,0.0000E+00,4.2267E+00,0.0000E+00,0.0000E+00,9.778E+00,+99999.9E+99,+99999.9E+99,61.200E+00,+99999.9E+99,+99999.9E+99,1.07135E+03,0.00000E+03,0.00000E+03,0.00000E+03,0.00000E+03,0.00000E+03,1.15595E+03,0.00000E+03,0.00000E+03,0.00000E+03,0.00000E+03,0.00000E+03,0.43409E+03,0.00000E+03,0.00000E+03,0.00000E+03,0.00000E+03,0.00000E+03,0.92681E+00,0.00000E+00,0.00000E+00,0.91667E+00,0.54922E+00,0.71798E+00,0.000E+00,-67.321E+00,171.481E+00,156.444E+00,169.365E+00,127.369E+00,22.057E+00,90.000E+00,90.000E+00,12.6109E+00,0.00000E+00,0.00000E+00,72.984E+00,100.000E+00,100.000E+00,0.28944E+03,0.00000E+03,0.00000E+03,+99999.9E+99,+99999.9E+99,+99999.9E+99,+99999.9E+99,+99999.9E+99,+99999.9E+99,+99999.9E+99,+99999.9E+99,+99999.9E+99,+99999.9E+99,+99999.9E+99,+99999.9E+99,1B00,0,0,0,1B00,76.2669E+00,76.6334E+00,76.4924E+00,76.4642E+00,72.1807E+00,72.8812E+00,72.6125E+00,72.5582E+00,76.2669E+00,76.6334E+00,76.4924E+00,0.0000E+00,0.0000E+00,0.0000E+00,71.9072E+00,71.7501E+00,71.6797E+00,105.876E+00,106.047E+00,105.593E+00,-104.921E+00,-104.294E+00,-104.610E+00,27.125E+00,26.158E+00,26.798E+00,+99999.9E+99,+99999.9E+99,+99999.9E+99,0.190E+00,8.2913E+00,8.2334E+00,8.1877E+00,8.2375E+00,7.3830E+00,7.3440E+00,7.2877E+00,7.3382E+00,8.2906E+00,8.2326E+00,8.1846E+00,-0.1068E+00,-0.1171E+00,0.2248E+00,9.7244E+00,9.8944E+00,10.2416E+00,22.3362E+00,20.8719E+00,20.6110E+00,-18.7876E+00,-19.1319E+00,-20.0071E+00,48.375E+00,46.090E+00,44.471E+00,+99999.9E+99,+99999.9E+99,+99999.9E+99,4.223E+00,0.26213E+03,0.25677E+03,0.26301E+03,0.78191E+03,0.33579E+03,0.35908E+03,0.36334E+03,1.05821E+03,0.36673E+03,0.36458E+03,0.36347E+03,1.09479E+03,0.39072E+03,0.40150E+03,0.41878E+03,1.21042E+03,-0.25648E+03,-0.25882E+03,-0.25088E+03,-0.76617E+03,-0.19977E+03,-0.17961E+03,-0.20824E+03,-0.58762E+03,-0.71477E+00,-0.70430E+00,-0.72360E+00,-0.71421E+00,-0.85941E+00,-0.89436E+00,-0.86761E+00,-0.87425E+00,0.000E+00,120.139E+00,-120.038E+00,60.678E+00,176.678E+00,-60.114E+00,-44.376E+00,-45.227E+00,-43.647E+00,-44.421E+00,202.291E+00,201.871E+00,201.967E+00,94.843E+00,+99999.9E+99,+99999.9E+99,0.00004E+06,-0.00048E+06,0.00000E+00,9.369E+00,0.756E+03,0.00074E+06,43.952E+00,F0F08
2021/11/30,17:33:56,00000:00:21,250,38003F00,700,1F00,1F00,3F00,99.937E+00,0.000E+00,0.000E+00,111.001E+00,0.000E+00,0.000E+00,0.478E+00,0.000E+00,0.000E+00,99.936E+00,0.000E+00,0.000E+00,0.000E+00,0.000E+00,0.000E+00,100.914E+00,0.000E+00,0.000E+00,98.971E+00,0.000E+00,0.000E+00,66.614E+00,+99999.9E+99,+99999.9E+99,0.972E+00,+99999.9E+99,+99999.9E+99,11.5668E+00,0.00000E+00,0.00000E+00,11.9278E+00,0.00000E+00,0.00000E+00,4.2976E+00,0.00000E+00,0.00000E+00,10.7388E+00,0.00000E+00,0.00000E+00,3.8503E+00,0.00000E+00,0.00000E+00,17.3710E+00,0.0000E+00,0.0000E+00,4.2267E+00,0.0000E+00,0.0000E+00,47.462E+00,+99999.9E+99,+99999.9E+99,61.200E+00,+99999.9E+99,+99999.9E+99,1.07135E+03,0.00000E+03,0.00000E+03,0.00000E+03,0.00000E+03,0.00000E+03,1.15595E+03,0.00000E+03,0.00000E+03,0.00000E+03,0.00000E+03,0.00000E+03,0.43409E+03,0.00000E+03,0.00000E+03,0.00000E+03,0.00000E+03,0.00000E+03,0.92681E+00,0.00000E+00,0.00000E+00,0.89157E+00,0.70373E+00,0.07860E+00,0.000E+00,-89.736E+00,163.121E+00,153.071E+00,-44.463E+00,68.613E+00,22.057E+00,90.000E+00,90.000E+00,12.6109E+00,0.00000E+00,0.00000E+00,116.217E+00,100.000E+00,100.000E+00,-0.17375E+03,0.00000E+03,0.00000E+03,+99999.9E+99,+99999.9E+99,+99999.9E+99,+99999.9E+99,+99999.9E+99,+99999.9E+99,+99999.9E+99,+99999.9E+99,+99999.9E+99,+99999.9E+99,+99999.9E+99,+99999.9E+99,1B00,0,0,0,1B00,77.0399E+00,77.1785E+00,77.0805E+00,77.0996E+00,72.0585E+00,72.5002E+00,72.1928E+00,72.2505E+00,77.0399E+00,77.1785E+00,77.0805E+00,0.0000E+00,0.0000E+00,0.0000E+00,72.6984E+00,73.1087E+00,72.9532E+00,105.701E+00,106.041E+00,105.630E+00,-104.833E+00,-105.123E+00,-104.630E+00,16.358E+00,16.536E+00,16.954E+00,+99999.9E+99,+99999.9E+99,+99999.9E+99,0.335E+00,13.3241E+00,12.8717E+00,13.0579E+00,13.0846E+00,12.1162E+00,11.6544E+00,11.7120E+00,11.8275E+00,13.3228E+00,12.8682E+00,13.0490E+00,-0.1827E+00,-0.2992E+00,0.4831E+00,6.4746E+00,5.7930E+00,5.7188E+00,27.6238E+00,27.3500E+00,28.5862E+00,-26.6376E+00,-26.8357E+00,-26.8252E+00,49.459E+00,54.007E+00,54.458E+00,+99999.9E+99,+99999.9E+99,+99999.9E+99,6.899E+00,0.42342E+03,0.40227E+03,0.41941E+03,1.24510E+03,0.23279E+03,0.20352E+03,0.22037E+03,0.65668E+03,0.59945E+03,0.57792E+03,0.58629E+03,1.76366E+03,0.26024E+03,0.23454E+03,0.23853E+03,0.73235E+03,-0.42433E+03,-0.41494E+03,-0.40966E+03,-1.24894E+03,-0.11632E+03,-0.11657E+03,-0.09130E+03,-0.32419E+03,-0.70634E+00,-0.69606E+00,-0.71537E+00,-0.70597E+00,-0.89454E+00,-0.86774E+00,-0.92384E+00,-0.89668E+00,0.000E+00,119.954E+00,-119.738E+00,56.740E+00,179.684E+00,-67.351E+00,-45.062E+00,-45.888E+00,-44.326E+00,-45.092E+00,201.066E+00,201.276E+00,201.524E+00,91.128E+00,+99999.9E+99,+99999.9E+99,0.00011E+06,-0.00073E+06,0.00000E+00,14.324E+00,0.756E+03,0.00113E+06,43.567E+00,F0F08
2021/11/30,17:33:56,00000:00:21,300,38003F00,2800,3B00,3B00,3F00,99.871E+00,0.000E+00,0.000E+00,110.928E+00,0.000E+00,0.000E+00,0.501E+00,0.000E+00,0.000E+00,99.870E+00,0.000E+00,0.000E+00,0.000E+00,0.000E+00,0.000E+00,100.925E+00,0.000E+00,0.000E+00,98.789E+00,0.000E+00,0.000E+00,66.614E+00,+99999.9E+99,+99999.9E+99,1.069E+00,+99999.9E+99,+99999.9E+99,12.0135E+00,0.00000E+00,0.00000E+00,12.3313E+00,0.00000E+00,0.00000E+00,4.5901E+00,0.00000E+00,0.00000E+00,11.1020E+00,0.00000E+00,0.00000E+00,3.8503E+00,0.00000E+00,0.00000E+00,18.3667E+00,0.0000E+00,0.0000E+00,4.0793E+00,0.0000E+00,0.0000E+00,47.462E+00,+99999.9E+99,+99999.9E+99,64.346E+00,+99999.9E+99,+99999.9E+99,1.10670E+03,0.00000E+03,0.00000E+03,0.00000E+03,0.00000E+03,0.00000E+03,1.19981E+03,0.00000E+03,0.00000E+03,0.00000E+03,0.00000E+03,0.00000E+03,0.46342E+03,0.00000E+03,0.00000E+03,0.00000E+03,0.00000E+03,0.00000E+03,0.92240E+00,0.00000E+00,0.00000E+00,0.89157E+00,0.70373E+00,0.07860E+00,0.000E+00,-89.736E+00,163.121E+00,153.071E+00,-44.463E+00,68.613E+00,22.721E+00,90.000E+00,90.000E+00,0.00000E+00,0.00000E+00,0.00000E+00,97.854E+00,100.000E+00,100.000E+00,0.02375E+03,0.00000E+03,0.00000E+03,+99999.9E+99,+99999.9E+99,+99999.9E+99,+99999.9E+99,+99999.9E+99,+99999.9E+99,+99999.9E+99,+99999.9E+99,+99999.9E+99,+99999.9E+99,+99999.9E+99,+99999.9E+99,1B00,0,0,0,1B00,76.7124E+00,77.0654E+00,76.8061E+00,76.8613E+00,71.9392E+00,72.5868E+00,72.1148E+00,72.2136E+00,76.7124E+00,77.0654E+00,76.8061E+00,0.0000E+00,0.0000E+00,0.0000E+00,70.0808E+00,70.4624E+00,70.4238E+00,105.479E+00,106.027E+00,105.417E+00,-104.394E+00,-104.646E+00,-104.504E+00,37.425E+00,37.432E+00,37.362E+00,+99999.9E+99,+99999.9E+99,+99999.9E+99,0.348E+00,11.9443E+00,11.7785E+00,12.0640E+00,11.9289E+00,10.4126E+00,10.3384E+00,10.5416E+00,10.4309E+00,11.9436E+00,11.7785E+00,12.0640E+00,-0.1259E+00,0.0000E+00,0.0000E+00,15.0062E+00,14.3837E+00,14.3814E+00,27.7148E+00,27.2176E+00,28.5819E+00,-26.3886E+00,-27.1933E+00,-26.7681E+00,39.329E+00,40.876E+00,40.830E+00,+99999.9E+99,+99999.9E+99,+99999.9E+99,3.036E+00,0.35485E+03,0.35777E+03,0.37031E+03,1.08294E+03,0.53313E+03,0.50077E+03,0.52135E+03,1.55525E+03,0.53314E+03,0.52714E+03,0.54079E+03,1.60106E+03,0.60593E+03,0.57837E+03,0.58398E+03,1.76781E+03,-0.39789E+03,-0.38713E+03,-0.39410E+03,-1.17913E+03,-0.28796E+03,-0.28937E+03,-0.26311E+03,-0.84045E+03,-0.66560E+00,-0.67871E+00,-0.68477E+00,-0.67639E+00,-0.87986E+00,-0.86584E+00,-0.89275E+00,-0.87976E+00,0.000E+00,119.857E+00,-119.800E+00,58.556E+00,179.859E+00,-63.182E+00,-48.272E+00,-47.257E+00,-46.783E+00,-47.438E+00,201.982E+00,202.131E+00,201.629E+00,90.505E+00,+99999.9E+99,+99999.9E+99,0.00010E+06,-0.00062E+06,0.00000E+00,12.374E+00,0.756E+03,0.00098E+06,43.827E+00,F0F08
2021/11/30,17:33:56,00000:00:21,350,38003D00,2D00,3C00,3C00,3800,99.871E+00,0.000E+00,0.000E+00,110.928E+00,0.000E+00,0.000E+00,0.501E+00,0.000E+00,0.000E+00,99.870E+00,0.000E+00,0.000E+00,0.000E+00,0.000E+00,0.000E+00,100.925E+00,0.000E+00,0.000E+00,98.789E+00,0.000E+00,0.000E+00,35.139E+00,+99999.9E+99,+99999.9E+99,1.069E+00,+99999.9E+99,+99999.9E+99,12.0135E+00,0.00000E+00,0.00000E+00,12.3313E+00,0.00000E+00,0.00000E+00,4.5901E+00,0.00000E+00,0.00000E+00,11.1020E+00,0.00000E+00,0.00000E+00,4.2498E+00,0.00000E+00,0.00000E+00,18.3667E+00,0.0000E+00,0.0000E+00,4.0793E+00,0.0000E+00,0.0000E+00,42.904E+00,+99999.9E+99,+99999.9E+99,64.346E+00,+99999.9E+99,+99999.9E+99,1.10670E+03,0.00000E+03,0.00000E+03,0.00000E+03,0.00000E+03,0.00000E+03,1.19981E+03,0.00000E+03,0.00000E+03,0.00000E+03,0.00000E+03,0.00000E+03,0.46342E+03,0.00000E+03,0.00000E+03,0.00000E+03,0.00000E+03,0.00000E+03,0.92240E+00,0.00000E+00,0.00000E+00,0.93069E+00,0.89104E+00,0.55708E+00,0.000E+00,37.110E+00,130.593E+00,158.543E+00,-115.894E+00,-105.553E+00,22.721E+00,90.000E+00,90.000E+00,0.00000E+00,0.00000E+00,0.00000E+00,75.167E+00,100.000E+00,100.000E+00,0.27483E+03,0.00000E+03,0.00000E+03,+99999.9E+99,+99999.9E+99,+99999.9E+99,+99999.9E+99,+99999.9E+99,+99999.9E+99,+99999.9E+99,+99999.9E+99,+99999.9E+99,+99999.9E+99,+99999.9E+99,+99999.9E+99,1B00,0,0,0,1B00,76.4974E+00,76.5891E+00,76.5087E+00,76.5317E+00,72.2776E+00,72.6351E+00,72.3555E+00,72.4228E+00,76.4974E+00,76.5891E+00,76.5087E+00,0.0000E+00,0.0000E+00,0.0000E+00,72.4054E+00,72.1863E+00,72.1558E+00,105.841E+00,106.259E+00,105.887E+00,-104.309E+00,-105.010E+00,-104.621E+00,21.946E+00,20.938E+00,21.632E+00,+99999.9E+99,+99999.9E+99,+99999.9E+99,0.216E+00,9.4509E+00,8.9440E+00,9.0578E+00,9.1509E+00,8.1188E+00,7.7088E+00,7.7210E+00,7.8495E+00,9.4498E+00,8.9406E+00,9.0492E+00,-0.1447E+00,-0.2500E+00,0.3957E+00,7.3923E+00,7.8156E+00,8.0288E+00,26.3452E+00,24.2519E+00,25.1271E+00,-26.7829E+00,-25.3667E+00,-22.5709E+00,54.481E+00,49.960E+00,48.796E+00,+99999.9E+99,+99999.9E+99,+99999.9E+99,4.989E+00,0.28530E+03,0.26628E+03,0.28029E+03,0.83187E+03,0.25655E+03,0.27863E+03,0.28120E+03,0.81638E+03,0.41960E+03,0.39621E+03,0.40119E+03,1.21699E+03,0.30227E+03,0.31282E+03,0.32808E+03,0.94253E+03,-0.30768E+03,-0.29339E+03,-0.28703E+03,-0.88810E+03,-0.15983E+03,-0.14220E+03,-0.16901E+03,-0.47105E+03,-0.67993E+00,-0.67207E+00,-0.69865E+00,-0.68354E+00,-0.84875E+00,-0.89071E+00,-0.85710E+00,-0.86616E+00,0.000E+00,120.123E+00,-120.088E+00,61.823E+00,177.148E+00,-58.969E+00,-47.162E+00,-47.773E+00,-45.681E+00,-46.879E+00,201.481E+00,201.180E+00,201.900E+00,95.333E+00,+99999.9E+99,+99999.9E+99,0.00004E+06,-0.00053E+06,0.00000E+00,10.028E+00,0.755E+03,0.00079E+06,43.776E+00,F0F08
2021/11/30,17:33:56,00000:00:21,400,38003F00,2800,3B00,3B00,3F00,100.032E+00,0.000E+00,0.000E+00,111.106E+00,0.000E+00,0.000E+00,0.503E+00,0.000E+00,0.000E+00,100.030E+00,0.000E+00,0.000E+00,0.000E+00,0.000E+00,0.000E+00,100.954E+00,0.000E+00,0.000E+00,98.836E+00,0.000E+00,0.000E+00,35.139E+00,+99999.9E+99,+99999.9E+99,1.059E+00,+99999.9E+99,+99999.9E+99,10.5079E+00,0.00000E+00,0.00000E+00,10.6972E+00,0.00000E+00,0.00000E+00,4.2026E+00,0.00000E+00,0.00000E+00,9.6309E+00,0.00000E+00,0.00000E+00,4.2498E+00,0.00000E+00,0.00000E+00,17.7140E+00,0.0000E+00,0.0000E+00,4.2790E+00,0.0000E+00,0.0000E+00,42.904E+00,+99999.9E+99,+99999.9E+99,69.749E+00,+99999.9E+99,+99999.9E+99,0.96153E+03,0.00000E+03,0.00000E+03,0.00000E+03,0.00000E+03,0.00000E+03,1.05112E+03,0.00000E+03,0.00000E+03,0.00000E+03,0.00000E+03,0.00000E+03,0.42465E+03,0.00000E+03,0.00000E+03,0.00000E+03,0.00000E+03,0.00000E+03,0.91476E+00,0.00000E+00,0.00000E+00,0.93069E+00,0.89104E+00,0.55708E+00,0.000E+00,37.110E+00,130.593E+00,158.543E+00,-115.894E+00,-105.553E+00,23.828E+00,90.000E+00,90.000E+00,14.4990E+00,0.00000E+00,0.00000E+00,139.479E+00,100.000E+00,100.000E+00,-0.37960E+03,0.00000E+03,0.00000E+03,+99999.9E+99,+99999.9E+99,+99999.9E+99,+99999.9E+99,+99999.9E+99,+99999.9E+99,+99999.9E+99,+99999.9E+99,+99999.9E+99,+99999.9E+99,+99999.9E+99,+99999.9E+99,1B00,0,0,0,1B00,76.9438E+00,77.4108E+00,77.2806E+00,77.2117E+00,71.5829E+00,72.4575E+00,72.2193E+00,72.0866E+00,76.9438E+00,77.4108E+00,77.2806E+00,0.0000E+00,0.0000E+00,0.0000E+00,72.2276E+00,72.7050E+00,72.5515E+00,105.571E+00,105.936E+00,105.583E+00,-104.433E+00,-105.301E+00,-105.090E+00,19.720E+00,19.744E+00,20.048E+00,+99999.9E+99,+99999.9E+99,+99999.9E+99,0.395E+00,13.8775E+00,13.5349E+00,13.6909E+00,13.7011E+00,12.9666E+00,12.7549E+00,12.7314E+00,12.8176E+00,13.8765E+00,13.5331E+00,13.6854E+00,-0.1671E+00,-0.2195E+00,0.3877E+00,7.7470E+00,7.1524E+00,7.0067E+00,27.7486E+00,26.9943E+00,28.2948E+00,-26.5452E+00,-26.9362E+00,-26.2405E+00,48.385E+00,51.013E+00,52.541E+00,+99999.9E+99,+99999.9E+99,+99999.9E+99,7.319E+00,0.45095E+03,0.43930E+03,0.45087E+03,1.34113E+03,0.27966E+03,0.24196E+03,0.26194E+03,0.78357E+03,0.62416E+03,0.60925E+03,0.61852E+03,1.85193E+03,0.31499E+03,0.28341E+03,0.28579E+03,0.88286E+03,-0.43153E+03,-0.42214E+03,-0.42341E+03,-1.27709E+03,-0.14494E+03,-0.14756E+03,-0.11428E+03,-0.40678E+03,-0.72249E+00,-0.72105E+00,-0.72896E+00,-0.72418E+00,-0.88785E+00,-0.85376E+00,-0.91657E+00,-0.88753E+00,0.000E+00,119.911E+00,-119.714E+00,57.617E+00,-178.777E+00,-66.298E+00,-43.740E+00,-43.859E+00,-43.201E+00,-43.600E+00,201.320E+00,201.705E+00,200.639E+00,90.168E+00,+99999.9E+99,+99999.9E+99,0.00013E+06,-0.00077E+06,0.00000E+00,15.273E+00,0.756E+03,0.00121E+06,43.664E+00,F0F08
2021/11/30,17:33:56,00000:00:21,450,38003F00,0,1B00,1B00,3F00,99.900E+00,0.000E+00,0.000E+00,110.960E+00,0.000E+00,0.000E+00,0.514E+00,0.000E+00,0.000E+00,99.899E+00,0.000E+00,0.000E+00,0.000E+00,0.000E+00,0.000E+00,100.939E+00,0.000E+00,0.000E+00,98.796E+00,0.000E+00,0.000E+00,25.337E+00,+99999.9E+99,470.034E+00,1.073E+00,+99999.9E+99,+99999.9E+99,11.9950E+00,0.00000E+00,0.00000E+00,12.3157E+00,0.00000E+00,0.00000E+00,4.5756E+00,0.00000E+00,0.00000E+00,11.0880E+00,0.00000E+00,0.00000E+00,4.4997E+00,0.00000E+00,0.00000E+00,18.3988E+00,0.0000E+00,0.0000E+00,4.2874E+00,0.0000E+00,0.0000E+00,13.139E+00,+99999.9E+99,+99999.9E+99,63.634E+00,+99999.9E+99,+99999.9E+99,1.10557E+03,0.00000E+03,0.00000E+03,0.00000E+03,0.00000E+03,0.00000E+03,1.19831E+03,0.00000E+03,0.00000E+03,0.00000E+03,0.00000E+03,0.00000E+03,0.46224E+03,0.00000E+03,0.00000E+03,0.00000E+03,0.00000E+03,0.00000E+03,0.92261E+00,0.00000E+00,0.00000E+00,0.89712E+00,0.17117E+00,0.46700E+00,0.000E+00,-108.058E+00,162.368E+00,153.783E+00,171.798E+00,100.208E+00,22.690E+00,90.000E+00,90.000E+00,12.6027E+00,0.00000E+00,0.00000E+00,80.751E+00,100.000E+00,100.000E+00,0.21281E+03,0.00000E+03,0.00000E+03,+99999.9E+99,+99999.9E+99,+99999.9E+99,+99999.9E+99,+99999.9E+99,+99999.9E+99,+99999.9E+99,+99999.9E+99,+99999.9E+99,+99999.9E+99,+99999.9E+99,+99999.9E+99,1B00,0,0,0,1B00,76.6921E+00,76.6262E+00,76.3510E+00,76.5564E+00,72.5941E+00,72.6725E+00,72.0334E+00,72.4333E+00,76.6921E+00,76.6262E+00,76.3510E+00,0.0000E+00,0.0000E+00,0.0000E+00,70.1482E+00,70.1814E+00,70.0570E+00,105.773E+00,105.883E+00,105.784E+00,-104.534E+00,-104.646E+00,-104.450E+00,37.948E+00,37.541E+00,37.768E+00,+99999.9E+99,+99999.9E+99,+99999.9E+99,0.099E+00,9.8488E+00,9.4334E+00,10.0411E+00,9.7744E+00,8.5499E+00,8.1923E+00,8.6030E+00,8.4484E+00,9.8481E+00,9.4334E+00,10.0411E+00,-0.1144E+00,0.0000E+00,0.0000E+00,14.4868E+00,14.3865E+00,14.7379E+00,26.5138E+00,24.8452E+00,27.2371E+00,-25.6681E+00,-23.4152E+00,-26.7605E+00,41.335E+00,41.236E+00,39.802E+00,+99999.9E+99,+99999.9E+99,+99999.9E+99,1.577E+00,0.29227E+03,0.29020E+03,0.31028E+03,0.89276E+03,0.50315E+03,0.50677E+03,0.51881E+03,1.52873E+03,0.43796E+03,0.41973E+03,0.44525E+03,1.30294E+03,0.58434E+03,0.57974E+03,0.59483E+03,1.75880E+03,-0.32617E+03,-0.30324E+03,-0.31934E+03,-0.94875E+03,-0.29714E+03,-0.28158E+03,-0.29098E+03,-0.86970E+03,-0.66735E+00,-0.69140E+00,-0.69686E+00,-0.68518E+00,-0.86106E+00,-0.87413E+00,-0.87219E+00,-0.86919E+00,0.000E+00,120.090E+00,-119.935E+00,60.578E+00,179.096E+00,-60.610E+00,-48.137E+00,-46.259E+00,-45.824E+00,-46.750E+00,201.725E+00,201.481E+00,202.349E+00,91.487E+00,+99999.9E+99,+99999.9E+99,0.00008E+06,-0.00053E+06,0.00000E+00,10.323E+00,0.756E+03,0.00082E+06,43.821E+00,F0F0F
2021/11/30,17:33:56,00000:00:21,500,38003F00,700,1F00,1F00,3F00,99.900E+00,0.000E+00,0.000E+00,110.960E+00,0.000E+00,0.000E+00,0.514E+00,0.000E+00,0.000E+00,99.899E+00,0.000E+00,0.000E+00,0.000E+00,0.000E+00,0.000E+00,100.939E+00,0.000E+00,0.000E+00,98.796E+00,0.000E+00,0.000E+00,25.337E+00,+99999.9E+99,470.034E+00,1.073E+00,+99999.9E+99,+99999.9E+99,11.9950E+00,0.00000E+00,0.00000E+00,12.3157E+00,0.00000E+00,0.00000E+00,4.5756E+00,0.00000E+00,0.00000E+00,11.0880E+00,0.00000E+00,0.00000E+00,4.4997E+00,0.00000E+00,0.00000E+00,18.3988E+00,0.0000E+00,0.0000E+00,4.2874E+00,0.0000E+00,0.0000E+00,13.139E+00,+99999.9E+99,+99999.9E+99,63.634E+00,+99999.9E+99,+99999.9E+99,1.10557E+03,0.00000E+03,0.00000E+03,0.00000E+03,0.00000E+03,0.00000E+03,1.19831E+03,0.00000E+03,0.00000E+03,0.00000E+03,0.00000E+03,0.00000E+03,0.46224E+03,0.00000E+03,0.00000E+03,0.00000E+03,0.00000E+03,0.00000E+03,0.92261E+00,0.00000E+00,0.00000E+00,0.89712E+00,0.17117E+00,0.46700E+00,0.000E+00,-108.058E+00,162.368E+00,153.783E+00,171.798E+00,100.208E+00,22.690E+00,90.000E+00,90.000E+00,12.6027E+00,0.00000E+00,0.00000E+00,96.313E+00,100.000E+00,100.000E+00,0.04076E+03,0.00000E+03,0.00000E+03,+99999.9E+99,+99999.9E+99,+99999.9E+99,+99999.9E+99,+99999.9E+99,+99999.9E+99,+99999.9E+99,+99999.9E+99,+99999.9E+99,+99999.9E+99,+99999.9E+99,+99999.9E+99,1B00,0,0,0,1B00,76.5232E+00,77.0115E+00,77.0215E+00,76.8521E+00,71.8623E+00,72.7879E+00,72.7974E+00,72.4825E+00,76.5232E+00,77.0115E+00,77.0215E+00,0.0000E+00,0.0000E+00,0.0000E+00,72.9738E+00,72.9774E+00,72.8629E+00,105.774E+00,106.089E+00,105.656E+00,-105.071E+00,-104.747E+00,-104.659E+00,15.628E+00,15.493E+00,15.533E+00,+99999.9E+99,+99999.9E+99,+99999.9E+99,0.105E+00,11.8049E+00,11.5619E+00,11.3700E+00,11.5789E+00,10.1917E+00,10.0394E+00,9.7540E+00,9.9950E+00,11.8037E+00,11.5550E+00,11.3559E+00,-0.1662E+00,-0.3989E+00,0.5660E+00,5.3498E+00,5.2629E+00,5.6701E+00,27.8243E+00,27.1652E+00,28.6676E+00,-26.6710E+00,-27.2990E+00,-26.1733E+00,57.281E+00,56.518E+00,52.383E+00,+99999.9E+99,+99999.9E+99,+99999.9E+99,3.542E+00,0.36612E+03,0.34680E+03,0.35189E+03,1.06480E+03,0.19144E+03,0.19757E+03,0.20527E+03,0.59427E+03,0.52699E+03,0.51559E+03,0.50968E+03,1.55226E+03,0.22011E+03,0.21972E+03,0.23150E+03,0.67111E+03,-0.37905E+03,-0.38152E+03,-0.36871E+03,-1.12929E+03,-0.10863E+03,-0.09614E+03,-0.10705E+03,-0.31181E+03,-0.69473E+00,-0.67263E+00,-0.69041E+00,-0.68597E+00,-0.86974E+00,-0.89919E+00,-0.88667E+00,-0.88551E+00,0.000E+00,120.098E+00,-119.952E+00,59.570E+00,175.997E+00,-62.359E+00,-45.994E+00,-47.730E+00,-46.337E+00,-46.688E+00,201.878E+00,201.894E+00,201.236E+00,92.814E+00,+99999.9E+99,+99999.9E+99,0.00008E+06,-0.00064E+06,0.00000E+00,12.482E+00,0.756E+03,0.00099E+06,43.819E+00,F0F0F
2021/11/30,17:33:56,00000:00:21,550,38003D00,500,1C00,1C00,3800,99.900E+00,0.000E+00,0.000E+00,110.960E+00,0.000E+00,0.000E+00,0.514E+00,0.000E+00,0.000E+00,99.899E+00,0.000E+00,0.000E+00,0.000E+00,0.000E+00,0.000E+00,100.939E+00,0.000E+00,0.000E+00,98.796E+00,0.000E+00,0.000E+00,21.342E+00,+99999.9E+99,375.277E+00,1.073E+00,+99999.9E+99,+99999.9E+99,11.9950E+00,0.00000E+00,0.00000E+00,12.3157E+00,0.00000E+00,0.00000E+00,4.5756E+00,0.00000E+00,0.00000E+00,11.0880E+00,0.00000E+00,0.00000E+00,4.5523E+00,0.00000E+00,0.00000E+00,18.3988E+00,0.0000E+00,0.0000E+00,4.2874E+00,0.0000E+00,0.0000E+00,8.308E+00,+99999.9E+99,+99999.9E+99,63.634E+00,+99999.9E+99,+99999.9E+99,1.10557E+03,0.00000E+03,0.00000E+03,0.00000E+03,0.00000E+03,0.00000E+03,1.19831E+03,0.00000E+03,0.00000E+03,0.00000E+03,0.00000E+03,0.00000E+03,0.46224E+03,0.00000E+03,0.00000E+03,0.00000E+03,0.00000E+03,0.00000E+03,0.92261E+00,0.00000E+00,0.00000E+00,0.90880E+00,0.10828E+00,0.06354E+00,0.000E+00,150.173E+00,140.068E+00,155.341E+00,53.957E+00,-126.289E+00,22.690E+00,90.000E+00,90.000E+00,12.6027E+00,0.00000E+00,0.00000E+00,117.678E+00,100.000E+00,100.000E+00,-0.19544E+03,0.00000E+03,0.00000E+03,+99999.9E+99,+99999.9E+99,+99999.9E+99,+99999.9E+99,+99999.9E+99,+99999.9E+99,+99999.9E+99,+99999.9E+99,+99999.9E+99,+99999.9E+99,+99999.9E+99,+99999.9E+99,1B00,0,0,0,1B00,77.2141E+00,77.2152E+00,76.9976E+00,77.1423E+00,72.2247E+00,72.4140E+00,71.8745E+00,72.1711E+00,77.2141E+00,77.2152E+00,76.9976E+00,0.0000E+00,0.0000E+00,0.0000E+00,70.9845E+00,71.6879E+00,71.4650E+00,105.273E+00,105.674E+00,105.534E+00,-104.107E+00,-105.020E+00,-104.400E+00,30.517E+00,30.645E+00,30.581E+00,+99999.9E+99,+99999.9E+99,+99999.9E+99,0.574E+00,13.6419E+00,13.2097E+00,13.5974E+00,13.4830E+00,12.5626E+00,12.1415E+00,12.5050E+00,12.4030E+00,13.6411E+00,13.2097E+00,13.5959E+00,-0.1496E+00,0.0000E+00,0.2022E+00,12.5337E+00,11.3883E+00,11.5611E+00,27.7886E+00,27.1400E+00,28.4995E+00,-26.6729E+00,-27.1943E+00,-26.5514E+00,40.732E+00,44.021E+00,43.908E+00,+99999.9E+99,+99999.9E+99,+99999.9E+99,5.948E+00,0.43142E+03,0.42328E+03,0.44630E+03,1.30100E+03,0.45035E+03,0.40034E+03,0.42870E+03,1.27939E+03,0.61480E+03,0.59510E+03,0.61133E+03,1.82123E+03,0.50466E+03,0.46333E+03,0.46829E+03,1.43479E+03,-0.43801E+03,-0.41831E+03,-0.41778E+03,-1.27410E+03,-0.22774E+03,-0.23324E+03,-0.18846E+03,-0.64944E+03,-0.70172E+00,-0.71128E+00,-0.73005E+00,-0.71435E+00,-0.89239E+00,-0.86405E+00,-0.91545E+00,-0.89169E+00,0.000E+00,119.887E+00,-119.574E+00,57.148E+00,-179.993E+00,-66.061E+00,-45.435E+00,-44.661E+00,-43.109E+00,-44.410E+00,201.303E+00,201.692E+00,201.864E+00,89.414E+00,+99999.9E+99,+99999.9E+99,0.00014E+06,-0.00074E+06,0.00000E+00,14.669E+00,0.757E+03,0.00116E+06,43.571E+00,F0F08
2021/11/30,17:33:56,00000:00:21,600,38003F00,500,1F00,1F00,3F00,99.900E+00,0.000E+00,0.000E+00,110.960E+00,0.000E+00,0.000E+00,0.514E+00,0.000E+00,0.000E+00,99.899E+00,0.000E+00,0.000E+00,0.000E+00,0.000E+00,0.000E+00,100.939E+00,0.000E+00,0.000E+00,98.796E+00,0.000E+00,0.000E+00,21.342E+00,+99999.9E+99,375.277E+00,1.073E+00,+99999.9E+99,+99999.9E+99,11.9950E+00,0.00000E+00,0.00000E+00,12.3157E+00,0.00000E+00,0.00000E+00,4.5756E+00,0.00000E+00,0.00000E+00,11.0880E+00,0.00000E+00,0.00000E+00,4.5523E+00,0.00000E+00,0.00000E+00,18.3988E+00,0.0000E+00,0.0000E+00,4.2874E+00,0.0000E+00,0.0000E+00,8.308E+00,+99999.9E+99,+99999.9E+99,63.634E+00,+99999.9E+99,+99999.9E+99,1.10557E+03,0.00000E+03,0.00000E+03,0.00000E+03,0.00000E+03,0.00000E+03,1.19831E+03,0.00000E+03,0.00000E+03,0.00000E+03,0.00000E+03,0.00000E+03,0.46224E+03,0.00000E+03,0.00000E+03,0.00000E+03,0.00000E+03,0.00000E+03,0.92261E+00,0.00000E+00,0.00000E+00,0.90880E+00,0.10828E+00,0.06354E+00,0.000E+00,150.173E+00,140.068E+00,155.341E+00,53.957E+00,-126.289E+00,22.690E+00,90.000E+00,90.000E+00,12.6027E+00,0.00000E+00,0.00000E+00,68.699E+00,100.000E+00,100.000E+00,0.34606E+03,0.00000E+03,0.00000E+03,+99999.9E+99,+99999.9E+99,+99999.9E+99,+99999.9E+99,+99999.9E+99,+99999.9E+99,+99999.9E+99,+99999.9E+99,+99999.9E+99,+99999.9E+99,+99999.9E+99,+99999.9E+99,1B00,0,0,0,1B00,76.2820E+00,76.6663E+00,76.5219E+00,76.4900E+00,72.1373E+00,72.8751E+00,72.6082E+00,72.5402E+00,76.2819E+00,76.6663E+00,76.5219E+00,0.0000E+00,0.0000E+00,0.0000E+00,71.2939E+00,71.1831E+00,71.0265E+00,105.907E+00,106.117E+00,105.909E+00,-104.936E+00,-104.954E+00,-104.861E+00,31.986E+00,31.253E+00,31.887E+00,+99999.9E+99,+99999.9E+99,+99999.9E+99,0.226E+00,8.1977E+00,8.1352E+00,8.0608E+00,8.1312E+00,7.2542E+00,7.2022E+00,7.1178E+00,7.1914E+00,8.1969E+00,8.1342E+00,8.0572E+00,-0.1141E+00,-0.1267E+00,0.2419E+00,11.7598E+00,11.7907E+00,12.3824E+00,22.2171E+00,21.0390E+00,20.3967E+00,-18.8010E+00,-19.1786E+00,-19.8967E+00,45.111E+00,43.903E+00,41.932E+00,+99999.9E+99,+99999.9E+99,+99999.9E+99,3.417E+00,0.25561E+03,0.24874E+03,0.25517E+03,0.75951E+03,0.40577E+03,0.42755E+03,0.43355E+03,1.26686E+03,0.36269E+03,0.36029E+03,0.35792E+03,1.08089E+03,0.47216E+03,0.48093E+03,0.49890E+03,1.45153E+03,-0.25731E+03,-0.26064E+03,-0.25100E+03,-0.76895E+03,-0.24144E+03,-0.22023E+03,-0.24685E+03,-0.70852E+03,-0.70476E+00,-0.69040E+00,-0.71291E+00,-0.70267E+00,-0.85937E+00,-0.88899E+00,-0.86901E+00,-0.87278E+00,0.000E+00,120.200E+00,-119.984E+00,60.697E+00,177.380E+00,-60.199E+00,-45.190E+00,-46.339E+00,-44.528E+00,-45.358E+00,202.336E+00,201.639E+00,201.957E+00,95.295E+00,+99999.9E+99,+99999.9E+99,0.00004E+06,-0.00048E+06,0.00000E+00,9.144E+00,0.756E+03,0.00072E+06,43.963E+00,F0F08
2021/11/30,17:33:56,00000:00:21,650,38003F00,700,1F00,1F00,3F00,99.900E+00,0.000E+00,0.000E+00,110.960E+00,0.000E+00,0.000E+00,0.514E+00,0.000E+00,0.000E+00,99.899E+00,0.000E+00,0.000E+00,0.000E+00,0.000E+00,0.000E+00,100.939E+00,0.000E+00,0.000E+00,98.796E+00,0.000E+00,0.000E+00,67.222E+00,415.718E+00,480.114E+00,1.073E+00,+99999.9E+99,+99999.9E+99,11.9950E+00,0.00000E+00,0.00000E+00,12.3157E+00,0.00000E+00,0.00000E+00,4.5756E+00,0.00000E+00,0.00000E+00,11.0880E+00,0.00000E+00,0.00000E+00,4.0463E+00,0.00000E+00,0.00000E+00,18.3988E+00,0.0000E+00,0.0000E+00,4.2874E+00,0.0000E+00,0.0000E+00,48.851E+00,+99999.9E+99,+99999.9E+99,63.634E+00,+99999.9E+99,+99999.9E+99,1.10557E+03,0.00000E+03,0.00000E+03,0.00000E+03,0.00000E+03,0.00000E+03,1.19831E+03,0.00000E+03,0.00000E+03,0.00000E+03,0.00000E+03,0.00000E+03,0.46224E+03,0.00000E+03,0.00000E+03,0.00000E+03,0.00000E+03,0.00000E+03,0.92261E+00,0.00000E+00,0.00000E+00,0.88158E+00,0.51399E+00,0.73836E+00,0.000E+00,-107.797E+00,131.775E+00,151.833E+00,131.273E+00,-5.817E+00,22.690E+00,90.000E+00,90.000E+00,12.6027E+00,0.00000E+00,0.00000E+00,114.873E+00,100.000E+00,100.000E+00,-0.16443E+03,0.00000E+03,0.00000E+03,+99999.9E+99,+99999.9E+99,+99999.9E+99,+99999.9E+99,+99999.9E+99,+99999.9E+99,+99999.9E+99,+99999.9E+99,+99999.9E+99,+99999.9E+99,+99999.9E+99,+99999.9E+99,1B00,0,0,0,1B00,77.0826E+00,77.1608E+00,77.1176E+00,77.1203E+00,72.1571E+00,72.5176E+00,72.2941E+00,72.3229E+00,77.0826E+00,77.1608E+00,77.1176E+00,0.0000E+00,0.0000E+00,0.0000E+00,73.0005E+00,73.2541E+00,73.1390E+00,105.896E+00,106.091E+00,105.664E+00,-104.806E+00,-104.554E+00,-105.083E+00,13.653E+00,13.711E+00,13.904E+00,+99999.9E+99,+99999.9E+99,+99999.9E+99,0.201E+00,13.4988E+00,13.0252E+00,13.2137E+00,13.2459E+00,12.2928E+00,11.8076E+00,11.8667E+00,11.9890E+00,13.4979E+00,13.0208E+00,13.2043E+00,-0.1581E+00,-0.3388E+00,0.4981E+00,4.9310E+00,4.4480E+00,4.5353E+00,27.7667E+00,27.1543E+00,28.5919E+00,-26.7138E+00,-27.2371E+00,-26.6529E+00,57.299E+00,62.155E+00,60.144E+00,+99999.9E+99,+99999.9E+99,+99999.9E+99,5.045E+00,0.43225E+03,0.40988E+03,0.42787E+03,1.27000E+03,0.17438E+03,0.15802E+03,0.16983E+03,0.50223E+03,0.60819E+03,0.58522E+03,0.59361E+03,1.78703E+03,0.20041E+03,0.18482E+03,0.18911E+03,0.57395E+03,-0.42784E+03,-0.41772E+03,-0.41147E+03,-1.25703E+03,-0.09876E+03,-0.09586E+03,-0.08319E+03,-0.27781E+03,-0.71072E+00,-0.70037E+00,-0.72079E+00,-0.71068E+00,-0.87014E+00,-0.85497E+00,-0.89806E+00,-0.87505E+00,0.000E+00,119.993E+00,-119.832E+00,59.639E+00,-178.818E+00,-63.796E+00,-44.706E+00,-45.543E+00,-43.880E+00,-44.710E+00,201.150E+00,201.947E+00,201.589E+00,90.908E+00,+99999.9E+99,+99999.9E+99,0.00012E+06,-0.00074E+06,0.00000E+00,14.567E+00,0.757E+03,0.00115E+06,43.561E+00,F0F08
2021/11/30,17:33:56,00000:00:21,700,38003F00,2800,3B00,3B00,3F00,99.978E+00,0.000E+00,0.000E+00,111.047E+00,0.000E+00,0.000E+00,0.511E+00,0.000E+00,0.000E+00,99.977E+00,0.000E+00,0.000E+00,0.000E+00,0.000E+00,0.000E+00,101.036E+00,0.000E+00,0.000E+00,98.825E+00,0.000E+00,0.000E+00,67.222E+00,415.718E+00,480.114E+00,1.106E+00,+99999.9E+99,+99999.9E+99,11.6217E+00,0.00000E+00,0.00000E+00,11.8031E+00,0.00000E+00,0.00000E+00,4.7053E+00,0.00000E+00,0.00000E+00,10.6266E+00,0.00000E+00,0.00000E+00,4.0463E+00,0.00000E+00,0.00000E+00,18.2874E+00,0.0000E+00,0.0000E+00,3.4171E+00,0.0000E+00,0.0000E+00,48.851E+00,+99999.9E+99,+99999.9E+99,69.967E+00,+99999.9E+99,+99999.9E+99,1.06026E+03,0.00000E+03,0.00000E+03,0.00000E+03,0.00000E+03,0.00000E+03,1.16192E+03,0.00000E+03,0.00000E+03,0.00000E+03,0.00000E+03,0.00000E+03,0.47528E+03,0.00000E+03,0.00000E+03,0.00000E+03,0.00000E+03,0.00000E+03,0.91251E+00,0.00000E+00,0.00000E+00,0.88158E+00,0.51399E+00,0.73836E+00,0.000E+00,-107.797E+00,131.775E+00,151.833E+00,131.273E+00,-5.817E+00,24.145E+00,90.000E+00,90.000E+00,0.00000E+00,0.00000E+00,0.00000E+00,101.899E+00,100.000E+00,100.000E+00,-0.02013E+03,0.00000E+03,0.00000E+03,+99999.9E+99,+99999.9E+99,+99999.9E+99,+99999.9E+99,+99999.9E+99,+99999.9E+99,+99999.9E+99,+99999.9E+99,+99999.9E+99,+99999.9E+99,+99999.9E+99,+99999.9E+99,1B00,0,0,0,1B00,76.7418E+00,77.0920E+00,76.8208E+00,76.8848E+00,71.9768E+00,72.6278E+00,72.1348E+00,72.2465E+00,76.7418E+00,77.0919E+00,76.8208E+00,0.0000E+00,0.0000E+00,0.0000E+00,70.0971E+00,70.4809E+00,70.4257E+00,105.439E+00,106.029E+00,105.393E+00,-103.960E+00,-103.781E+00,-104.201E+00,37.669E+00,37.594E+00,37.461E+00,+99999.9E+99,+99999.9E+99,+99999.9E+99,0.345E+00,11.8459E+00,11.6777E+00,11.9569E+00,11.8268E+00,10.4116E+00,10.3377E+00,10.5163E+00,10.4219E+00,11.8453E+00,11.6777E+00,11.9569E+00,-0.1169E+00,0.0000E+00,0.0000E+00,15.1605E+00,14.5453E+00,14.5738E+00,27.5405E+00,26.7281E+00,28.2424E+00,-25.8557E+00,-26.7209E+00,-26.6471E+00,39.114E+00,40.634E+00,40.396E+00,+99999.9E+99,+99999.9E+99,+99999.9E+99,2.895E+00,0.35472E+03,0.35664E+03,0.36903E+03,1.08039E+03,0.54021E+03,0.50910E+03,0.52961E+03,1.57893E+03,0.52899E+03,0.52296E+03,0.53619E+03,1.58814E+03,0.61273E+03,0.58593E+03,0.59216E+03,1.79039E+03,-0.39243E+03,-0.38248E+03,-0.38899E+03,-1.16391E+03,-0.28915E+03,-0.29005E+03,-0.26488E+03,-0.84408E+03,-0.67057E+00,-0.68197E+00,-0.68824E+00,-0.68029E+00,-0.88165E+00,-0.86888E+00,-0.89438E+00,-0.88189E+00,0.000E+00,119.871E+00,-119.791E+00,58.340E+00,179.515E+00,-63.374E+00,-47.889E+00,-47.002E+00,-46.509E+00,-47.134E+00,202.160E+00,201.498E+00,201.808E+00,90.692E+00,+99999.9E+99,+99999.9E+99,0.00010E+06,-0.00062E+06,0.00000E+00,12.364E+00,0.757E+03,0.00098E+06,43.847E+00,F0F08
2021/11/30,17:33:56,00000:00:21,750,38003D00,2D00,3C00,3C00,3800,99.978E+00,0.000E+00,0.000E+00,111.047E+00,0.000E+00,0.000E+00,0.511E+00,0.000E+00,0.000E+00,99.977E+00,0.000E+00,0.000E+00,0.000E+00,0.000E+00,0.000E+00,101.036E+00,0.000E+00,0.000E+00,98.825E+00,0.000E+00,0.000E+00,32.529E+00,+99999.9E+99,348.248E+00,1.106E+00,+99999.9E+99,+99999.9E+99,11.6217E+00,0.00000E+00,0.00000E+00,11.8031E+00,0.00000E+00,0.00000E+00,4.7053E+00,0.00000E+00,0.00000E+00,10.6266E+00,0.00000E+00,0.00000E+00,4.4277E+00,0.00000E+00,0.00000E+00,18.2874E+00,0.0000E+00,0.0000E+00,3.4171E+00,0.0000E+00,0.0000E+00,36.135E+00,+99999.9E+99,+99999.9E+99,69.967E+00,+99999.9E+99,+99999.9E+99,1.06026E+03,0.00000E+03,0.00000E+03,0.00000E+03,0.00000E+03,0.00000E+03,1.16192E+03,0.00000E+03,0.00000E+03,0.00000E+03,0.00000E+03,0.00000E+03,0.47528E+03,0.00000E+03,0.00000E+03,0.00000E+03,0.00000E+03,0.00000E+03,0.91251E+00,0.00000E+00,0.00000E+00,0.93410E+00,0.84262E+00,0.73981E+00,0.000E+00,-94.611E+00,140.347E+00,159.082E+00,117.971E+00,-81.938E+00,24.145E+00,90.000E+00,90.000E+00,0.00000E+00,0.00000E+00,0.00000E+00,80.082E+00,100.000E+00,100.000E+00,0.21118E+03,0.00000E+03,0.00000E+03,+99999.9E+99,+99999.9E+99,+99999.9E+99,+99999.9E+99,+99999.9E+99,+99999.9E+99,+99999.9E+99,+99999.9E+99,+99999.9E+99,+99999.9E+99,+99999.9E+99,+99999.9E+99,1B00,0,0,0,1B00,76.5360E+00,76.5968E+00,76.5507E+00,76.5612E+00,72.3866E+00,72.7089E+00,72.4657E+00,72.5204E+00,76.5360E+00,76.5968E+00,76.5507E+00,0.0000E+00,0.0000E+00,0.0000E+00,72.4668E+00,72.2479E+00,72.2346E+00,105.681E+00,105.986E+00,105.630E+00,-104.454E+00,-104.724E+00,-105.223E+00,22.559E+00,21.596E+00,22.150E+00,+99999.9E+99,+99999.9E+99,+99999.9E+99,0.204E+00,9.4876E+00,8.9783E+00,9.0967E+00,9.1875E+00,8.2373E+00,7.8048E+00,7.8360E+00,7.9594E+00,9.4863E+00,8.9740E+00,9.0861E+00,-0.1596E+00,-0.2777E+00,0.4383E+00,7.7119E+00,8.1424E+00,8.3342E+00,25.6876E+00,23.7143E+00,24.5538E+00,-26.1067E+00,-25.0252E+00,-21.9743E+00,52.579E+00,48.366E+00,47.217E+00,+99999.9E+99,+99999.9E+99,+99999.9E+99,4.579E+00,0.29108E+03,0.27166E+03,0.28634E+03,0.84908E+03,0.27319E+03,0.29446E+03,0.29662E+03,0.86426E+03,0.42180E+03,0.39803E+03,0.40331E+03,1.22313E+03,0.31654E+03,0.32739E+03,0.34136E+03,0.98472E+03,-0.30526E+03,-0.29090E+03,-0.28402E+03,-0.88019E+03,-0.15990E+03,-0.14310E+03,-0.16894E+03,-0.47194E+03,-0.69009E+00,-0.68253E+00,-0.70998E+00,-0.69419E+00,-0.86304E+00,-0.89941E+00,-0.86894E+00,-0.87767E+00,0.000E+00,120.106E+00,-120.095E+00,60.241E+00,176.022E+00,-60.327E+00,-46.363E+00,-46.959E+00,-44.767E+00,-46.038E+00,201.605E+00,201.925E+00,202.006E+00,94.728E+00,+99999.9E+99,+99999.9E+99,0.00004E+06,-0.00053E+06,0.00000E+00,10.161E+00,0.756E+03,0.00080E+06,43.759E+00,F0F08
2021/11/30,17:33:57,00000:00:21,800,38003F00,2800,3B00,3B00,3F00,99.819E+00,0.000E+00,0.000E+00,110.870E+00,0.000E+00,0.000E+00,0.498E+00,0.000E+00,0.000E+00,99.818E+00,0.000E+00,0.000E+00,0.000E+00,0.000E+00,0.000E+00,100.925E+00,0.000E+00,0.000E+00,98.768E+00,0.000E+00,0.000E+00,32.529E+00,+99999.9E+99,348.248E+00,1.081E+00,+99999.9E+99,+99999.9E+99,12.1598E+00,0.00000E+00,0.00000E+00,12.6217E+00,0.00000E+00,0.00000E+00,4.3280E+00,0.00000E+00,0.00000E+00,11.3635E+00,0.00000E+00,0.00000E+00,4.4277E+00,0.00000E+00,0.00000E+00,18.3514E+00,0.0000E+00,0.0000E+00,4.2738E+00,0.0000E+00,0.0000E+00,36.135E+00,+99999.9E+99,+99999.9E+99,61.942E+00,+99999.9E+99,+99999.9E+99,1.13235E+03,0.00000E+03,0.00000E+03,0.00000E+03,0.00000E+03,0.00000E+03,1.21379E+03,0.00000E+03,0.00000E+03,0.00000E+03,0.00000E+03,0.00000E+03,-0.43710E+03,0.00000E+03,0.00000E+03,0.00000E+03,0.00000E+03,0.00000E+03,-0.93291E+00,0.00000E+00,0.00000E+00,0.93410E+00,0.84262E+00,0.73981E+00,0.000E+00,-94.611E+00,140.347E+00,159.082E+00,117.971E+00,-81.938E+00,-21.107E+00,90.000E+00,90.000E+00,9.32481E+00,0.00000E+00,0.00000E+00,107.836E+00,100.000E+00,100.000E+00,-0.08874E+03,0.00000E+03,0.00000E+03,+99999.9E+99,+99999.9E+99,+99999.9E+99,+99999.9E+99,+99999.9E+99,+99999.9E+99,+99999.9E+99,+99999.9E+99,+99999.9E+99,+99999.9E+99,+99999.9E+99,+99999.9E+99,1B00,0,0,0,1B00,76.9286E+00,77.2026E+00,77.0776E+00,77.0696E+00,71.9573E+00,72.5640E+00,72.2629E+00,72.2614E+00,76.9286E+00,77.2026E+00,77.0775E+00,0.0000E+00,0.0000E+00,0.0000E+00,72.2659E+00,72.7386E+00,72.6036E+00,105.731E+00,106.084E+00,105.776E+00,-105.083E+00,-105.250E+00,-104.793E+00,20.299E+00,20.297E+00,20.602E+00,+99999.9E+99,+99999.9E+99,+99999.9E+99,0.394E+00,12.9514E+00,12.6061E+00,12.7596E+00,12.7724E+00,11.7863E+00,11.5064E+00,11.5361E+00,11.6096E+00,12.9504E+00,12.6041E+00,12.7537E+00,-0.1583E+00,-0.2284E+00,0.3878E+00,8.1334E+00,7.4977E+00,7.3649E+00,27.3252E+00,27.3995E+00,28.5152E+00,-26.6924E+00,-27.0410E+00,-26.7843E+00,46.473E+00,49.081E+00,50.465E+00,+99999.9E+99,+99999.9E+99,+99999.9E+99,7.255E+00,0.41188E+03,0.39791E+03,0.41130E+03,1.22108E+03,0.29800E+03,0.25864E+03,0.27908E+03,0.83572E+03,0.58161E+03,0.56576E+03,0.57353E+03,1.72090E+03,0.33156E+03,0.29829E+03,0.30132E+03,0.92981E+03,-0.41064E+03,-0.40219E+03,-0.39971E+03,-1.21254E+03,-0.14535E+03,-0.14859E+03,-0.11362E+03,-0.40756E+03,-0.70817E+00,-0.70332E+00,-0.71713E+00,-0.70956E+00,-0.89879E+00,-0.86709E+00,-0.92618E+00,-0.89881E+00,0.000E+00,119.899E+00,-119.724E+00,56.218E+00,179.718E+00,-67.730E+00,-44.914E+00,-45.306E+00,-44.182E+00,-44.801E+00,201.516E+00,201.174E+00,200.882E+00,90.923E+00,+99999.9E+99,+99999.9E+99,0.00011E+06,-0.00071E+06,0.00000E+00,14.014E+00,0.757E+03,0.00111E+06,43.687E+00,F0F08
2021/11/30,17:33:57,00000:00:21,850,38003F00,0,1B00,1B00,3F00,99.917E+00,0.000E+00,0.000E+00,110.979E+00,0.000E+00,0.000E+00,0.505E+00,0.000E+00,0.000E+00,99.916E+00,0.000E+00,0.000E+00,0.000E+00,0.000E+00,0.000E+00,100.896E+00,0.000E+00,0.000E+00,98.811E+00,0.000E+00,0.000E+00,97.906E+00,+99999.9E+99,+99999.9E+99,1.044E+00,+99999.9E+99,+99999.9E+99,11.8557E+00,0.00000E+00,0.00000E+00,12.1684E+00,0.00000E+00,0.00000E+00,4.5319E+00,0.00000E+00,0.00000E+00,10.9554E+00,0.00000E+00,0.00000E+00,3.0125E+00,0.00000E+00,0.00000E+00,18.3405E+00,0.0000E+00,0.0000E+00,4.1621E+00,0.0000E+00,0.0000E+00,96.897E+00,+99999.9E+99,+99999.9E+99,64.709E+00,+99999.9E+99,+99999.9E+99,1.09257E+03,0.00000E+03,0.00000E+03,0.00000E+03,0.00000E+03,0.00000E+03,1.18459E+03,0.00000E+03,0.00000E+03,0.00000E+03,0.00000E+03,0.00000E+03,0.45777E+03,0.00000E+03,0.00000E+03,0.00000E+03,0.00000E+03,0.00000E+03,0.92232E+00,0.00000E+00,0.00000E+00,0.83008E+00,0.99149E+00,0.67457E+00,0.000E+00,-169.692E+00,118.569E+00,146.107E+00,-177.174E+00,-109.010E+00,22.733E+00,90.000E+00,90.000E+00,12.6068E+00,0.00000E+00,0.00000E+00,100.560E+00,100.000E+00,100.000E+00,-0.00611E+03,0.00000E+03,0.00000E+03,+99999.9E+99,+99999.9E+99,+99999.9E+99,+99999.9E+99,+99999.9E+99,+99999.9E+99,+99999.9E+99,+99999.9E+99,+99999.9E+99,+99999.9E+99,+99999.9E+99,+99999.9E+99,1B00,0,0,0,1B00,76.7333E+00,77.0799E+00,76.8155E+00,76.8762E+00,72.0046E+00,72.6468E+00,72.1682E+00,72.2732E+00,76.7333E+00,77.0799E+00,76.8155E+00,0.0000E+00,0.0000E+00,0.0000E+00,70.2287E+00,70.2487E+00,70.1483E+00,105.361E+00,105.704E+00,105.613E+00,-104.491E+00,-104.250E+00,-104.377E+00,38.125E+00,37.876E+00,38.055E+00,+99999.9E+99,+99999.9E+99,+99999.9E+99,0.079E+00,12.0067E+00,11.8415E+00,12.1298E+00,11.9926E+00,10.5185E+00,10.4393E+00,10.6305E+00,10.5294E+00,12.0060E+00,11.8415E+00,12.1298E+00,-0.1276E+00,0.0000E+00,0.0000E+00,14.6757E+00,14.5935E+00,14.9209E+00,27.6910E+00,27.1929E+00,28.6652E+00,-26.1005E+00,-27.0595E+00,-26.8505E+00,40.860E+00,40.831E+00,39.502E+00,+99999.9E+99,+99999.9E+99,+99999.9E+99,1.391E+00,0.36047E+03,0.36277E+03,0.37545E+03,1.09869E+03,0.51398E+03,0.51701E+03,0.52784E+03,1.55882E+03,0.53621E+03,0.53034E+03,0.54400E+03,1.61056E+03,0.59305E+03,0.58885E+03,0.60239E+03,1.78420E+03,-0.39697E+03,-0.38686E+03,-0.39368E+03,-1.17750E+03,-0.29587E+03,-0.28186E+03,-0.29028E+03,-0.86801E+03,-0.67225E+00,-0.68403E+00,-0.69015E+00,-0.68218E+00,-0.86666E+00,-0.87800E+00,-0.87624E+00,-0.87368E+00,0.000E+00,120.071E+00,-119.951E+00,59.935E+00,178.629E+00,-61.111E+00,-47.759E+00,-46.840E+00,-46.358E+00,-46.986E+00,201.882E+00,202.235E+00,202.473E+00,89.929E+00,+99999.9E+99,+99999.9E+99,0.00011E+06,-0.00063E+06,0.00000E+00,12.470E+00,0.757E+03,0.00099E+06,43.783E+00,F0F0F
2021/11/30,17:33:57,00000:00:21,900,38003F00,700,1F00,1F00,3F00,99.917E+00,0.000E+00,0.000E+00,110.979E+00,0.000E+00,0.000E+00,0.505E+00,0.000E+00,0.000E+00,99.916E+00,0.000E+00,0.000E+00,0.000E+00,0.000E+00,0.000E+00,100.896E+00,0.000E+00,0.000E+00,98.811E+00,0.000E+00,0.000E+00,97.906E+00,+99999.9E+99,+99999.9E+99,1.044E+00,+99999.9E+99,+99999.9E+99,11.8557E+00,0.00000E+00,0.00000E+00,12.1684E+00,0.00000E+00,0.00000E+00,4.5319E+00,0.00000E+00,0.00000E+00,10.9554E+00,0.00000E+00,0.00000E+00,3.0125E+00,0.00000E+00,0.00000E+00,18.3405E+00,0.0000E+00,0.0000E+00,4.1621E+00,0.0000E+00,0.0000E+00,96.897E+00,+99999.9E+99,+99999.9E+99,64.709E+00,+99999.9E+99,+99999.9E+99,1.09257E+03,0.00000E+03,0.00000E+03,0.00000E+03,0.00000E+03,0.00000E+03,1.18459E+03,0.00000E+03,0.00000E+03,0.00000E+03,0.00000E+03,0.00000E+03,0.45777E+03,0.00000E+03,0.00000E+03,0.00000E+03,0.00000E+03,0.00000E+03,0.92232E+00,0.00000E+00,0.00000E+00,0.83008E+00,0.99149E+00,0.67457E+00,0.000E+00,-169.692E+00,118.569E+00,146.107E+00,-177.174E+00,-109.010E+00,22.733E+00,90.000E+00,90.000E+00,12.6068E+00,0.00000E+00,0.00000E+00,79.021E+00,100.000E+00,100.000E+00,0.22921E+03,0.00000E+03,0.00000E+03,+99999.9E+99,+99999.9E+99,+99999.9E+99,+99999.9E+99,+99999.9E+99,+99999.9E+99,+99999.9E+99,+99999.9E+99,+99999.9E+99,+99999.9E+99,+99999.9E+99,+99999.9E+99,1B00,0,0,0,1B00,76.5272E+00,76.6516E+00,76.5430E+00,76.5739E+00,72.4165E+00,72.8231E+00,72.4864E+00,72.5753E+00,76.5272E+00,76.6516E+00,76.5430E+00,0.0000E+00,0.0000E+00,0.0000E+00,72.8429E+00,72.6731E+00,72.6025E+00,105.827E+00,106.089E+00,105.793E+00,-104.399E+00,-104.663E+00,-103.906E+00,18.443E+00,18.020E+00,18.124E+00,+99999.9E+99,+99999.9E+99,+99999.9E+99,0.197E+00,9.6006E+00,9.0957E+00,9.2412E+00,9.3125E+00,8.3136E+00,7.8955E+00,7.9352E+00,8.0481E+00,9.5992E+00,9.0930E+00,9.2331E+00,-0.1644E+00,-0.2204E+00,0.3859E+00,6.1666E+00,6.4593E+00,6.8551E+00,26.2214E+00,24.3500E+00,24.9581E+00,-26.5152E+00,-25.2010E+00,-22.6348E+00,56.624E+00,52.546E+00,49.820E+00,+99999.9E+99,+99999.9E+99,+99999.9E+99,4.785E+00,0.29528E+03,0.27690E+03,0.29117E+03,0.86336E+03,0.22130E+03,0.23770E+03,0.24218E+03,0.70118E+03,0.42677E+03,0.40355E+03,0.41005E+03,1.24037E+03,0.25648E+03,0.26349E+03,0.27719E+03,0.79666E+03,-0.30813E+03,-0.29356E+03,-0.28872E+03,-0.89040E+03,-0.12965E+03,-0.11368E+03,-0.13485E+03,-0.37818E+03,-0.69190E+00,-0.68617E+00,-0.71010E+00,-0.69605E+00,-0.86282E+00,-0.90214E+00,-0.87370E+00,-0.88015E+00,0.000E+00,120.136E+00,-120.050E+00,60.285E+00,175.666E+00,-60.833E+00,-46.220E+00,-46.672E+00,-44.757E+00,-45.889E+00,201.950E+00,201.364E+00,201.346E+00,94.559E+00,+99999.9E+99,+99999.9E+99,0.00005E+06,-0.00054E+06,0.00000E+00,10.308E+00,0.756E+03,0.00082E+06,43.828E+00,F0F0F
2021/11/30,17:33:57,00000:00:21,950,38003D00,500,1C00,1C00,3800,99.917E+00,0.000E+00,0.000E+00,110.979E+00,0.000E+00,0.000E+00,0.505E+00,0.000E+00,0.000E+00,99.916E+00,0.000E+00,0.000E+00,0.000E+00,0.000E+00,0.000E+00,100.896E+00,0.000E+00,0.000E+00,98.811E+00,0.000E+00,0.000E+00,19.197E+00,+99999.9E+99,327.907E+00,1.044E+00,+99999.9E+99,+99999.9E+99,11.8557E+00,0.00000E+00,0.00000E+00,12.1684E+00,0.00000E+00,0.00000E+00,4.5319E+00,0.00000E+00,0.00000E+00,10.9554E+00,0.00000E+00,0.00000E+00,4.6524E+00,0.00000E+00,0.00000E+00,18.3405E+00,0.0000E+00,0.0000E+00,4.1621E+00,0.0000E+00,0.0000E+00,8.664E+00,+99999.9E+99,+99999.9E+99,64.709E+00,+99999.9E+99,+99999.9E+99,1.09257E+03,0.00000E+03,0.00000E+03,0.00000E+03,0.00000E+03,0.00000E+03,1.18459E+03,0.00000E+03,0.00000E+03,0.00000E+03,0.00000E+03,0.00000E+03,0.45777E+03,0.00000E+03,0.00000E+03,0.00000E+03,0.00000E+03,0.00000E+03,0.92232E+00,0.00000E+00,0.00000E+00,0.91851E+00,0.76424E+00,0.07626E+00,0.000E+00,29.503E+00,160.622E+00,156.710E+00,-10.658E+00,66.248E+00,22.733E+00,90.000E+00,90.000E+00,12.6068E+00,0.00000E+00,0.00000E+00,124.269E+00,100.000E+00,100.000E+00,-0.26516E+03,0.00000E+03,0.00000E+03,+99999.9E+99,+99999.9E+99,+99999.9E+99,+99999.9E+99,+99999.9E+99,+99999.9E+99,+99999.9E+99,+99999.9E+99,+99999.9E+99,+99999.9E+99,+99999.9E+99,+99999.9E+99,1B00,0,0,0,1B00,77.0016E+00,77.4622E+00,77.3264E+00,77.2634E+00,71.7115E+00,72.5784E+00,72.3251E+00,72.2050E+00,77.0016E+00,77.4622E+00,77.3263E+00,0.0000E+00,0.0000E+00,0.0000E+00,71.7349E+00,72.2845E+00,72.0704E+00,105.646E+00,105.857E+00,105.621E+00,-104.951E+00,-105.236E+00,-107.307E+00,25.206E+00,25.673E+00,25.580E+00,+99999.9E+99,+99999.9E+99,+99999.9E+99,0.439E+00,13.9632E+00,13.6487E+00,13.7831E+00,13.7983E+00,13.0487E+00,12.8631E+00,12.8249E+00,12.9122E+00,13.9622E+00,13.6468E+00,13.7775E+00,-0.1637E+00,-0.2272E+00,0.3920E+00,10.1804E+00,9.3425E+00,9.4962E+00,27.6490E+00,27.1690E+00,28.5886E+00,-26.6600E+00,-26.9805E+00,-26.7195E+00,43.858E+00,46.636E+00,46.997E+00,+99999.9E+99,+99999.9E+99,+99999.9E+99,6.545E+00,0.45665E+03,0.44533E+03,0.45575E+03,1.35773E+03,0.37176E+03,0.32716E+03,0.35146E+03,1.05038E+03,0.62902E+03,0.61519E+03,0.62347E+03,1.86767E+03,0.41517E+03,0.37752E+03,0.38154E+03,1.17280E+03,-0.43259E+03,-0.42442E+03,-0.42544E+03,-1.28245E+03,-0.18484E+03,-0.18840E+03,-0.14847E+03,-0.52170E+03,-0.72597E+00,-0.72390E+00,-0.73100E+00,-0.72697E+00,-0.89543E+00,-0.86658E+00,-0.92118E+00,-0.89561E+00,0.000E+00,119.938E+00,-119.659E+00,56.685E+00,179.780E+00,-66.914E+00,-43.450E+00,-43.623E+00,-43.030E+00,-43.367E+00,201.327E+00,202.108E+00,201.519E+00,90.399E+00,+99999.9E+99,+99999.9E+99,0.00013E+06,-0.00078E+06,0.00000E+00,15.479E+00,0.757E+03,0.00123E+06,43.585E+00,F0F08
2021/11/30,17:33:57,00000:00:22,0,38003F00,500,1F00,1F00,3F00,99.917E+00,0.000E+00,0.000E+00,110.979E+00,0.000E+00,0.000E+00,0.505E+00,0.000E+00,0.000E+00,99.916E+00,0.000E+00,0.000E+00,0.000E+00,0.000E+00,0.000E+00,100.896E+00,0.000E+00,0.000E+00,98.811E+00,0.000E+00,0.000E+00,19.197E+00,+99999.9E+99,327.907E+00,1.044E+00,+99999.9E+99,+99999.9E+99,11.8557E+00,0.00000E+00,0.00000E+00,12.1684E+00,0.00000E+00,0.00000E+00,4.5319E+00,0.00000E+00,0.00000E+00,10.9554E+00,0.00000E+00,0.00000E+00,4.6524E+00,0.00000E+00,0.00000E+00,18.3405E+00,0.0000E+00,0.0000E+00,4.1621E+00,0.0000E+00,0.0000E+00,8.664E+00,+99999.9E+99,+99999.9E+99,64.709E+00,+99999.9E+99,+99999.9E+99,1.09257E+03,0.00000E+03,0.00000E+03,0.00000E+03,0.00000E+03,0.00000E+03,1.18459E+03,0.00000E+03,0.00000E+03,0.00000E+03,0.00000E+03,0.00000E+03,0.45777E+03,0.00000E+03,0.00000E+03,0.00000E+03,0.00000E+03,0.00000E+03,0.92232E+00,0.00000E+00,0.00000E+00,0.91851E+00,0.76424E+00,0.07626E+00,0.000E+00,29.503E+00,160.622E+00,156.710E+00,-10.658E+00,66.248E+00,22.733E+00,90.000E+00,90.000E+00,12.6068E+00,0.00000E+00,0.00000E+00,80.591E+00,100.000E+00,100.000E+00,0.21205E+03,0.00000E+03,0.00000E+03,+99999.9E+99,+99999.9E+99,+99999.9E+99,+99999.9E+99,+99999.9E+99,+99999.9E+99,+99999.9E+99,+99999.9E+99,+99999.9E+99,+99999.9E+99,+99999.9E+99,+99999.9E+99,1B00,0,0,0,1B00,76.6965E+00,76.6519E+00,76.3915E+00,76.5800E+00,72.5779E+00,72.6800E+00,72.0604E+00,72.4394E+00,76.6965E+00,76.6519E+00,76.3915E+00,0.0000E+00,0.0000E+00,0.0000E+00,70.7591E+00,70.6439E+00,70.4941E+00,105.854E+00,106.060E+00,105.610E+00,-104.294E+00,-104.443E+00,-104.514E+00,35.763E+00,35.297E+00,35.764E+00,+99999.9E+99,+99999.9E+99,+99999.9E+99,0.220E+00,9.7763E+00,9.3734E+00,9.9640E+00,9.7046E+00,8.4670E+00,8.1326E+00,8.5215E+00,8.3737E+00,9.7757E+00,9.3734E+00,9.9640E+00,-0.1039E+00,0.0000E+00,0.0000E+00,13.3796E+00,13.4615E+00,13.9997E+00,26.3281E+00,24.8886E+00,27.3290E+00,-25.8581E+00,-23.5276E+00,-26.4076E+00,42.924E+00,42.023E+00,40.235E+00,+99999.9E+99,+99999.9E+99,+99999.9E+99,2.559E+00,0.28810E+03,0.28665E+03,0.30576E+03,0.88052E+03,0.46631E+03,0.48290E+03,0.49044E+03,1.43965E+03,0.43488E+03,0.41713E+03,0.44215E+03,1.29416E+03,0.54132E+03,0.54588E+03,0.56281E+03,1.64969E+03,-0.32575E+03,-0.30304E+03,-0.31939E+03,-0.94817E+03,-0.27492E+03,-0.25454E+03,-0.27608E+03,-0.80554E+03,-0.66250E+00,-0.68720E+00,-0.69153E+00,-0.68038E+00,-0.86143E+00,-0.88463E+00,-0.87142E+00,-0.87268E+00,0.000E+00,120.187E+00,-119.997E+00,60.461E+00,177.917E+00,-60.496E+00,-48.509E+00,-46.591E+00,-46.249E+00,-47.127E+00,202.340E+00,201.725E+00,202.538E+00,92.102E+00,+99999.9E+99,+99999.9E+99,0.00007E+06,-0.00052E+06,0.00000E+00,10.237E+00,0.756E+03,0.00081E+06,43.920E+00,F0F08
2021/11/30,17:33:57,00000:00:22,50,38003F00,700,1F00,1F00,3F00,99.917E+00,0.000E+00,0.000E+00,110.979E+00,0.000E+00,0.000E+00,0.505E+00,0.000E+00,0.000E+00,99.916E+00,0.000E+00,0.000E+00,0.000E+00,0.000E+00,0.000E+00,100.896E+00,0.000E+00,0.000E+00,98.811E+00,0.000E+00,0.000E+00,67.593E+00,+99999.9E+99,421.561E+00,1.044E+00,+99999.9E+99,+99999.9E+99,11.8557E+00,0.00000E+00,0.00000E+00,12.1684E+00,0.00000E+00,0.00000E+00,4.5319E+00,0.00000E+00,0.00000E+00,10.9554E+00,0.00000E+00,0.00000E+00,4.0205E+00,0.00000E+00,0.00000E+00,18.3405E+00,0.0000E+00,0.0000E+00,4.1621E+00,0.0000E+00,0.0000E+00,49.187E+00,+99999.9E+99,+99999.9E+99,64.709E+00,+99999.9E+99,+99999.9E+99,1.09257E+03,0.00000E+03,0.00000E+03,0.00000E+03,0.00000E+03,0.00000E+03,1.18459E+03,0.00000E+03,0.00000E+03,0.00000E+03,0.00000E+03,0.00000E+03,0.45777E+03,0.00000E+03,0.00000E+03,0.00000E+03,0.00000E+03,0.00000E+03,0.92232E+00,0.00000E+00,0.00000E+00,0.88099E+00,0.98528E+00,0.19365E+00,0.000E+00,-68.995E+00,128.820E+00,151.762E+00,-59.154E+00,49.986E+00,22.733E+00,90.000E+00,90.000E+00,12.6068E+00,0.00000E+00,0.00000E+00,93.761E+00,100.000E+00,100.000E+00,0.06816E+03,0.00000E+03,0.00000E+03,+99999.9E+99,+99999.9E+99,+99999.9E+99,+99999.9E+99,+99999.9E+99,+99999.9E+99,+99999.9E+99,+99999.9E+99,+99999.9E+99,+99999.9E+99,+99999.9E+99,+99999.9E+99,1B00,0,0,0,1B00,76.5364E+00,76.9946E+00,77.0175E+00,76.8495E+00,71.8070E+00,72.7077E+00,72.7195E+00,72.4114E+00,76.5364E+00,76.9945E+00,77.0175E+00,0.0000E+00,0.0000E+00,0.0000E+00,73.1221E+00,73.2068E+00,73.1141E+00,105.699E+00,106.144E+00,105.660E+00,-104.774E+00,-104.406E+00,-104.646E+00,14.032E+00,13.994E+00,14.155E+00,+99999.9E+99,+99999.9E+99,+99999.9E+99,0.085E+00,11.5208E+00,11.2742E+00,11.0725E+00,11.2892E+00,9.9344E+00,9.7838E+00,9.4911E+00,9.7365E+00,11.5198E+00,11.2670E+00,11.0585E+00,-0.1520E+00,-0.4039E+00,0.5572E+00,4.8496E+00,4.6331E+00,4.8427E+00,27.6043E+00,27.0905E+00,28.4938E+00,-26.3333E+00,-27.0871E+00,-26.0252E+00,58.213E+00,59.460E+00,56.257E+00,+99999.9E+99,+99999.9E+99,+99999.9E+99,2.346E+00,0.35287E+03,0.33327E+03,0.33827E+03,1.02441E+03,0.17518E+03,0.17206E+03,0.18019E+03,0.52743E+03,0.51426E+03,0.50240E+03,0.49580E+03,1.51246E+03,0.20048E+03,0.19431E+03,0.20183E+03,0.59654E+03,-0.37410E+03,-0.37595E+03,-0.36249E+03,-1.11253E+03,-0.09749E+03,-0.09030E+03,-0.09093E+03,-0.27871E+03,-0.68617E+00,-0.66335E+00,-0.68226E+00,-0.67731E+00,-0.87382E+00,-0.88547E+00,-0.89277E+00,-0.88415E+00,0.000E+00,120.044E+00,-119.924E+00,59.130E+00,177.695E+00,-63.143E+00,-46.673E+00,-48.444E+00,-46.979E+00,-47.366E+00,201.210E+00,201.963E+00,201.392E+00,93.111E+00,+99999.9E+99,+99999.9E+99,0.00007E+06,-0.00062E+06,0.00000E+00,12.043E+00,0.756E+03,0.00095E+06,43.616E+00,F0F08
2021/11/30,17:33:57,00000:00:22,100,38003F00,2800,3B00,3B00,3F00,99.989E+00,0.000E+00,0.000E+00,111.059E+00,0.000E+00,0.000E+00,0.500E+00,0.000E+00,0.000E+00,99.988E+00,0.000E+00,0.000E+00,0.000E+00,0.000E+00,0.000E+00,100.939E+00,0.000E+00,0.000E+00,98.779E+00,0.000E+00,0.000E+00,67.593E+00,+99999.9E+99,421.561E+00,1.080E+00,+99999.9E+99,+99999.9E+99,11.5001E+00,0.00000E+00,0.00000E+00,11.6956E+00,0.00000E+00,0.00000E+00,4.6235E+00,0.00000E+00,0.00000E+00,10.5297E+00,0.00000E+00,0.00000E+00,4.0205E+00,0.00000E+00,0.00000E+00,18.2067E+00,0.0000E+00,0.0000E+00,4.0686E+00,0.0000E+00,0.0000E+00,49.187E+00,+99999.9E+99,+99999.9E+99,67.134E+00,+99999.9E+99,+99999.9E+99,1.05077E+03,0.00000E+03,0.00000E+03,0.00000E+03,0.00000E+03,0.00000E+03,1.14988E+03,0.00000E+03,0.00000E+03,0.00000E+03,0.00000E+03,0.00000E+03,0.46703E+03,0.00000E+03,0.00000E+03,0.00000E+03,0.00000E+03,0.00000E+03,0.91380E+00,0.00000E+00,0.00000E+00,0.88099E+00,0.98528E+00,0.19365E+00,0.000E+00,-68.995E+00,128.820E+00,151.762E+00,-59.154E+00,49.986E+00,23.964E+00,90.000E+00,90.000E+00,0.00000E+00,0.00000E+00,0.00000E+00,119.398E+00,100.000E+00,100.000E+00,-0.20383E+03,0.00000E+03,0.00000E+03,+99999.9E+99,+99999.9E+99,+99999.9E+99,+99999.9E+99,+99999.9E+99,+99999.9E+99,+99999.9E+99,+99999.9E+99,+99999.9E+99,+99999.9E+99,+99999.9E+99,+99999.9E+99,1B00,0,0,0,1B00,77.1878E+00,77.1963E+00,76.9880E+00,77.1240E+00,72.1016E+00,72.3089E+00,71.7801E+00,72.0635E+00,77.1878E+00,77.1963E+00,76.9880E+00,0.0000E+00,0.0000E+00,0.0000E+00,70.4314E+00,71.0372E+00,70.9212E+00,105.347E+00,105.710E+00,105.471E+00,-104.536E+00,-104.951E+00,-104.900E+00,33.967E+00,33.988E+00,33.980E+00,+99999.9E+99,+99999.9E+99,+99999.9E+99,0.524E+00,13.4065E+00,12.9426E+00,13.3447E+00,13.2313E+00,12.2825E+00,11.8318E+00,12.2131E+00,12.1091E+00,13.4054E+00,12.9426E+00,13.3432E+00,-0.1706E+00,0.0000E+00,0.2021E+00,13.7921E+00,12.8392E+00,12.8078E+00,27.6919E+00,27.1305E+00,28.4810E+00,-26.7124E+00,-27.0181E+00,-26.2286E+00,40.200E+00,42.578E+00,43.019E+00,+99999.9E+99,+99999.9E+99,+99999.9E+99,4.662E+00,0.41589E+03,0.40727E+03,0.43143E+03,1.25459E+03,0.48731E+03,0.44291E+03,0.46897E+03,1.39919E+03,0.60363E+03,0.58235E+03,0.59934E+03,1.78533E+03,0.55415E+03,0.51796E+03,0.52249E+03,1.59358E+03,-0.43750E+03,-0.41625E+03,-0.41602E+03,-1.26977E+03,-0.26385E+03,-0.26854E+03,-0.23034E+03,-0.76273E+03,-0.68898E+00,-0.69936E+00,-0.71985E+00,-0.70273E+00,-0.87938E+00,-0.85511E+00,-0.89758E+00,-0.87802E+00,0.000E+00,119.831E+00,-119.659E+00,58.717E+00,-178.999E+00,-63.726E+00,-46.451E+00,-45.625E+00,-43.958E+00,-45.354E+00,202.023E+00,201.393E+00,201.719E+00,89.712E+00,+99999.9E+99,+99999.9E+99,0.00013E+06,-0.00072E+06,0.00000E+00,14.198E+00,0.757E+03,0.00113E+06,43.792E+00,F0F08
2021/11/30,17:33:57,00000:00:22,150,38003F00,2D00,3F00,3F00,3F00,99.989E+00,0.000E+00,0.000E+00,111.059E+00,0.000E+00,0.000E+00,0.500E+00,0.000E+00,0.000E+00,99.988E+00,0.000E+00,0.000E+00,0.000E+00,0.000E+00,0.000E+00,100.939E+00,0.000E+00,0.000E+00,98.779E+00,0.000E+00,0.000E+00,36.510E+00,207.151E+00,+99999.9E+99,1.080E+00,+99999.9E+99,+99999.9E+99,11.5001E+00,0.00000E+00,0.00000E+00,11.6956E+00,0.00000E+00,0.00000E+00,4.6235E+00,0.00000E+00,0.00000E+00,10.5297E+00,0.00000E+00,0.00000E+00,4.1489E+00,0.00000E+00,0.00000E+00,18.2067E+00,0.0000E+00,0.0000E+00,4.0686E+00,0.0000E+00,0.0000E+00,41.721E+00,445.450E+00,+99999.9E+99,67.134E+00,+99999.9E+99,+99999.9E+99,1.05077E+03,0.00000E+03,0.00000E+03,0.00000E+03,0.00000E+03,0.00000E+03,1.14988E+03,0.00000E+03,0.00000E+03,0.00000E+03,0.00000E+03,0.00000E+03,0.46703E+03,0.00000E+03,0.00000E+03,0.00000E+03,0.00000E+03,0.00000E+03,0.91380E+00,0.00000E+00,0.00000E+00,0.93604E+00,0.07466E+00,0.20226E+00,0.000E+00,125.203E+00,127.013E+00,159.396E+00,30.922E+00,-131.318E+00,23.964E+00,90.000E+00,90.000E+00,0.00000E+00,0.00000E+00,0.00000E+00,74.537E+00,100.000E+00,100.000E+00,0.26755E+03,0.00000E+03,0.00000E+03,+99999.9E+99,+99999.9E+99,+99999.9E+99,+99999.9E+99,+99999.9E+99,+99999.9E+99,+99999.9E+99,+99999.9E+99,+99999.9E+99,+99999.9E+99,+99999.9E+99,+99999.9E+99,1B00,0,0,0,1B00,76.2563E+00,76.6611E+00,76.5016E+00,76.4730E+00,72.1527E+00,72.9079E+00,72.6205E+00,72.5604E+00,76.2563E+00,76.6611E+00,76.5016E+00,0.0000E+00,0.0000E+00,0.0000E+00,71.8795E+00,71.7175E+00,71.6523E+00,105.771E+00,106.107E+00,105.813E+00,-104.221E+00,-104.976E+00,-104.571E+00,26.140E+00,25.186E+00,25.913E+00,+99999.9E+99,+99999.9E+99,+99999.9E+99,0.188E+00,8.2976E+00,8.2506E+00,8.1894E+00,8.2459E+00,7.3912E+00,7.3656E+00,7.2901E+00,7.3489E+00,8.2967E+00,8.2498E+00,8.1860E+00,-0.1206E+00,-0.1155E+00,0.2372E+00,9.2389E+00,9.3840E+00,9.7434E+00,22.3476E+00,20.7743E+00,20.5024E+00,-18.7343E+00,-19.2043E+00,-19.9133E+00,50.330E+00,47.939E+00,46.182E+00,+99999.9E+99,+99999.9E+99,+99999.9E+99,4.482E+00,0.26268E+03,0.25763E+03,0.26290E+03,0.78321E+03,0.31073E+03,0.33424E+03,0.33836E+03,0.98333E+03,0.36694E+03,0.36542E+03,0.36368E+03,1.09604E+03,0.36944E+03,0.37954E+03,0.39751E+03,1.14587E+03,-0.25621E+03,-0.25914E+03,-0.25129E+03,-0.76664E+03,-0.19984E+03,-0.17982E+03,-0.20864E+03,-0.58829E+03,-0.71586E+00,-0.70503E+00,-0.72289E+00,-0.71459E+00,-0.84108E+00,-0.88065E+00,-0.85119E+00,-0.85815E+00,0.000E+00,120.136E+00,-120.042E+00,62.672E+00,178.384E+00,-58.277E+00,-44.286E+00,-45.168E+00,-43.706E+00,-44.391E+00,201.591E+00,201.892E+00,201.872E+00,94.631E+00,+99999.9E+99,+99999.9E+99,0.00004E+06,-0.00048E+06,0.00000E+00,9.365E+00,0.756E+03,0.00074E+06,43.769E+00,F0F08
2021/11/30,17:33:57,00000:00:22,200,38003800,2800,3800,3800,3800,99.809E+00,0.000E+00,0.000E+00,110.858E+00,0.000E+00,0.000E+00,0.501E+00,0.000E+00,0.000E+00,99.807E+00,0.000E+00,0.000E+00,0.000E+00,0.000E+00,0.000E+00,100.914E+00,0.000E+00,0.000E+00,98.814E+00,0.000E+00,0.000E+00,36.510E+00,207.151E+00,+99999.9E+99,1.052E+00,+99999.9E+99,+99999.9E+99,12.2524E+00,0.00000E+00,0.00000E+00,12.6998E+00,0.00000E+00,0.00000E+00,4.4032E+00,0.00000E+00,0.00000E+00,11.4338E+00,0.00000E+00,0.00000E+00,4.1489E+00,0.00000E+00,0.00000E+00,18.3543E+00,0.0000E+00,0.0000E+00,4.1005E+00,0.0000E+00,0.0000E+00,41.721E+00,445.450E+00,+99999.9E+99,62.332E+00,+99999.9E+99,+99999.9E+99,1.13920E+03,0.00000E+03,0.00000E+03,0.00000E+03,0.00000E+03,0.00000E+03,1.22289E+03,0.00000E+03,0.00000E+03,0.00000E+03,0.00000E+03,0.00000E+03,-0.44461E+03,0.00000E+03,0.00000E+03,0.00000E+03,0.00000E+03,0.00000E+03,-0.93157E+00,0.00000E+00,0.00000E+00,0.93604E+00,0.07466E+00,0.20226E+00,0.000E+00,125.203E+00,127.013E+00,159.396E+00,30.922E+00,-131.318E+00,-21.320E+00,90.000E+00,90.000E+00,9.32735E+00,0.00000E+00,0.00000E+00,111.290E+00,100.000E+00,100.000E+00,-0.12862E+03,0.00000E+03,0.00000E+03,+99999.9E+99,+99999.9E+99,+99999.9E+99,+99999.9E+99,+99999.9E+99,+99999.9E+99,+99999.9E+99,+99999.9E+99,+99999.9E+99,+99999.9E+99,+99999.9E+99,+99999.9E+99,1B00,0,0,0,1B00,77.0724E+00,77.1962E+00,77.0924E+00,77.1203E+00,72.1673E+00,72.5736E+00,72.2532E+00,72.3313E+00,77.0723E+00,77.1962E+00,77.0924E+00,0.0000E+00,0.0000E+00,0.0000E+00,72.6968E+00,73.0822E+00,72.9608E+00,105.826E+00,106.109E+00,105.810E+00,-107.329E+00,-104.824E+00,-104.590E+00,16.440E+00,16.672E+00,16.962E+00,+99999.9E+99,+99999.9E+99,+99999.9E+99,0.319E+00,13.4622E+00,13.0072E+00,13.2045E+00,13.2246E+00,12.2648E+00,11.7975E+00,11.8632E+00,11.9752E+00,13.4608E+00,13.0038E+00,13.1954E+00,-0.1893E+00,-0.2989E+00,0.4893E+00,6.4866E+00,5.8390E+00,5.7239E+00,27.6352E+00,27.2190E+00,28.7538E+00,-26.5276E+00,-27.1852E+00,-26.8419E+00,49.281E+00,53.690E+00,54.573E+00,+99999.9E+99,+99999.9E+99,+99999.9E+99,6.651E+00,0.43064E+03,0.40997E+03,0.42721E+03,1.26783E+03,0.23392E+03,0.20548E+03,0.22021E+03,0.65962E+03,0.60614E+03,0.58453E+03,0.59337E+03,1.78405E+03,0.26077E+03,0.23662E+03,0.23867E+03,0.73516E+03,-0.42656E+03,-0.41665E+03,-0.41181E+03,-1.25502E+03,-0.11525E+03,-0.11732E+03,-0.09203E+03,-0.32460E+03,-0.71047E+00,-0.70137E+00,-0.71997E+00,-0.71065E+00,-0.89703E+00,-0.86843E+00,-0.92267E+00,-0.89724E+00,0.000E+00,119.934E+00,-119.765E+00,56.408E+00,179.601E+00,-67.206E+00,-44.727E+00,-45.463E+00,-43.948E+00,-44.712E+00,201.712E+00,201.340E+00,201.652E+00,90.882E+00,+99999.9E+99,+99999.9E+99,0.00012E+06,-0.00074E+06,0.00000E+00,14.537E+00,0.757E+03,0.00115E+06,43.717E+00,F0F08
2021/11/30,17:33:57,00000:00:22,250,38003F00,0,1B00,1B00,3F00,99.916E+00,0.000E+00,0.000E+00,110.977E+00,0.000E+00,0.000E+00,0.509E+00,0.000E+00,0.000E+00,99.914E+00,0.000E+00,0.000E+00,0.000E+00,0.000E+00,0.000E+00,100.950E+00,0.000E+00,0.000E+00,98.807E+00,0.000E+00,0.000E+00,116.458E+00,+99999.9E+99,+99999.9E+99,1.072E+00,+99999.9E+99,+99999.9E+99,11.8950E+00,0.00000E+00,0.00000E+00,12.1900E+00,0.00000E+00,0.00000E+00,4.5873E+00,0.00000E+00,0.00000E+00,10.9748E+00,0.00000E+00,0.00000E+00,2.8434E+00,0.00000E+00,0.00000E+00,18.2840E+00,0.0000E+00,0.0000E+00,4.1138E+00,0.0000E+00,0.0000E+00,115.893E+00,+99999.9E+99,+99999.9E+99,64.558E+00,+99999.9E+99,+99999.9E+99,1.09445E+03,0.00000E+03,0.00000E+03,0.00000E+03,0.00000E+03,0.00000E+03,1.18849E+03,0.00000E+03,0.00000E+03,0.00000E+03,0.00000E+03,0.00000E+03,0.46335E+03,0.00000E+03,0.00000E+03,0.00000E+03,0.00000E+03,0.00000E+03,0.92087E+00,0.00000E+00,0.00000E+00,0.81575E+00,0.08139E+00,0.09307E+00,0.000E+00,-21.353E+00,146.631E+00,144.661E+00,-106.684E+00,-118.029E+00,22.946E+00,90.000E+00,90.000E+00,12.6094E+00,0.00000E+00,0.00000E+00,100.288E+00,100.000E+00,100.000E+00,-0.00315E+03,0.00000E+03,0.00000E+03,+99999.9E+99,+99999.9E+99,+99999.9E+99,+99999.9E+99,+99999.9E+99,+99999.9E+99,+99999.9E+99,+99999.9E+99,+99999.9E+99,+99999.9E+99,+99999.9E+99,+99999.9E+99,1B00,0,0,0,1B00,76.7379E+00,77.0929E+00,76.8152E+00,76.8820E+00,72.0130E+00,72.6668E+00,72.1623E+00,72.2807E+00,76.7379E+00,77.0929E+00,76.8152E+00,0.0000E+00,0.0000E+00,0.0000E+00,70.0106E+00,70.2296E+00,70.1411E+00,105.416E+00,105.943E+00,105.536E+00,-104.751E+00,-104.641E+00,-104.427E+00,39.141E+00,38.896E+00,38.975E+00,+99999.9E+99,+99999.9E+99,+99999.9E+99,0.187E+00,12.0035E+00,11.8298E+00,12.1170E+00,11.9835E+00,10.5158E+00,10.4348E+00,10.6214E+00,10.5240E+00,12.0030E+00,11.8298E+00,12.1170E+00,-0.1114E+00,0.0000E+00,0.0000E+00,15.4207E+00,15.0269E+00,15.2248E+00,27.6581E+00,27.1548E+00,28.8090E+00,-26.1486E+00,-26.8981E+00,-26.8905E+00,39.448E+00,40.336E+00,39.421E+00,+99999.9E+99,+99999.9E+99,+99999.9E+99,1.587E+00,0.36029E+03,0.36225E+03,0.37507E+03,1.09760E+03,0.54428E+03,0.52913E+03,0.54534E+03,1.61876E+03,0.53609E+03,0.52989E+03,0.54351E+03,1.60949E+03,0.62227E+03,0.60607E+03,0.61575E+03,1.84395E+03,-0.39697E+03,-0.38673E+03,-0.39335E+03,-1.17705E+03,-0.30161E+03,-0.29552E+03,-0.28593E+03,-0.88306E+03,-0.67207E+00,-0.68363E+00,-0.69009E+00,-0.68196E+00,-0.87468E+00,-0.87306E+00,-0.88565E+00,-0.87787E+00,0.000E+00,119.974E+00,-119.855E+00,59.097E+00,179.117E+00,-62.252E+00,-47.773E+00,-46.872E+00,-46.363E+00,-47.003E+00,201.874E+00,202.261E+00,201.734E+00,90.444E+00,+99999.9E+99,+99999.9E+99,0.00010E+06,-0.00063E+06,0.00000E+00,12.526E+00,0.757E+03,0.00099E+06,43.766E+00,F0F0F
2021/11/30,17:33:57,00000:00:22,300,38003F00,500,1F00,1F00,3F00,99.916E+00,0.000E+00,0.000E+00,110.977E+00,0.000E+00,0.000E+00,0.509E+00,0.000E+00,0.000E+00,99.914E+00,0.000E+00,0.000E+00,0.000E+00,0.000E+00,0.000E+00,100.950E+00,0.000E+00,0.000E+00,98.807E+00,0.000E+00,0.000E+00,116.458E+00,+99999.9E+99,+99999.9E+99,1.072E+00,+99999.9E+99,+99999.9E+99,11.8950E+00,0.00000E+00,0.00000E+00,12.1900E+00,0.00000E+00,0.00000E+00,4.5873E+00,0.00000E+00,0.00000E+00,10.9748E+00,0.00000E+00,0.00000E+00,2.8434E+00,0.00000E+00,0.00000E+00,18.2840E+00,0.0000E+00,0.0000E+00,4.1138E+00,0.0000E+00,0.0000E+00,115.893E+00,+99999.9E+99,+99999.9E+99,64.558E+00,+99999.9E+99,+99999.9E+99,1.09445E+03,0.00000E+03,0.00000E+03,0.00000E+03,0.00000E+03,0.00000E+03,1.18849E+03,0.00000E+03,0.00000E+03,0.00000E+03,0.00000E+03,0.00000E+03,0.46335E+03,0.00000E+03,0.00000E+03,0.00000E+03,0.00000E+03,0.00000E+03,0.92087E+00,0.00000E+00,0.00000E+00,0.81575E+00,0.08139E+00,0.09307E+00,0.000E+00,-21.353E+00,146.631E+00,144.661E+00,-106.684E+00,-118.029E+00,22.946E+00,90.000E+00,90.000E+00,12.6094E+00,0.00000E+00,0.00000E+00,78.838E+00,100.000E+00,100.000E+00,0.23160E+03,0.00000E+03,0.00000E+03,+99999.9E+99,+99999.9E+99,+99999.9E+99,+99999.9E+99,+99999.9E+99,+99999.9E+99,+99999.9E+99,+99999.9E+99,+99999.9E+99,+99999.9E+99,+99999.9E+99,+99999.9E+99,1B00,0,0,0,1B00,76.5438E+00,76.6452E+00,76.5452E+00,76.5781E+00,72.4490E+00,72.8172E+00,72.4952E+00,72.5871E+00,76.5438E+00,76.6452E+00,76.5452E+00,0.0000E+00,0.0000E+00,0.0000E+00,72.8418E+00,72.6709E+00,72.6043E+00,105.770E+00,106.071E+00,105.647E+00,-104.251E+00,-104.991E+00,-104.886E+00,18.511E+00,18.085E+00,18.168E+00,+99999.9E+99,+99999.9E+99,+99999.9E+99,0.195E+00,9.5901E+00,9.0922E+00,9.2267E+00,9.3030E+00,8.3029E+00,7.8973E+00,7.9294E+00,8.0432E+00,9.5888E+00,9.0895E+00,9.2189E+00,-0.1554E+00,-0.2230E+00,0.3795E+00,6.1824E+00,6.4775E+00,6.8667E+00,26.1705E+00,24.1971E+00,25.0243E+00,-26.5862E+00,-25.3086E+00,-22.3024E+00,56.547E+00,52.481E+00,49.797E+00,+99999.9E+99,+99999.9E+99,+99999.9E+99,4.720E+00,0.29506E+03,0.27702E+03,0.29076E+03,0.86285E+03,0.22195E+03,0.23830E+03,0.24254E+03,0.70280E+03,0.42643E+03,0.40345E+03,0.40939E+03,1.23926E+03,0.25715E+03,0.26424E+03,0.27766E+03,0.79857E+03,-0.30786E+03,-0.29330E+03,-0.28820E+03,-0.88936E+03,-0.12985E+03,-0.11418E+03,-0.13517E+03,-0.37920E+03,-0.69195E+00,-0.68664E+00,-0.71022E+00,-0.69626E+00,-0.86313E+00,-0.90182E+00,-0.87351E+00,-0.88007E+00,0.000E+00,120.132E+00,-120.053E+00,60.249E+00,175.707E+00,-60.816E+00,-46.216E+00,-46.635E+00,-44.747E+00,-45.872E+00,201.920E+00,201.344E+00,202.100E+00,94.360E+00,+99999.9E+99,+99999.9E+99,0.00005E+06,-0.00054E+06,0.00000E+00,10.283E+00,0.756E+03,0.00081E+06,43.831E+00,F0F0F
2021/11/30,17:33:57,00000:00:22,350,38003F00,700,1F00,1F00,3F00,99.916E+00,0.000E+00,0.000E+00,110.977E+00,0.000E+00,0.000E+00,0.509E+00,0.000E+00,0.000E+00,99.914E+00,0.000E+00,0.000E+00,0.000E+00,0.000E+00,0.000E+00,100.950E+00,0.000E+00,0.000E+00,98.807E+00,0.000E+00,0.000E+00,18.163E+00,+99999.9E+99,384.105E+00,1.072E+00,+99999.9E+99,+99999.9E+99,11.8950E+00,0.00000E+00,0.00000E+00,12.1900E+00,0.00000E+00,0.00000E+00,4.5873E+00,0.00000E+00,0.00000E+00,10.9748E+00,0.00000E+00,0.00000E+00,4.6987E+00,0.00000E+00,0.00000E+00,18.2840E+00,0.0000E+00,0.0000E+00,4.1138E+00,0.0000E+00,0.0000E+00,8.532E+00,+99999.9E+99,+99999.9E+99,64.558E+00,+99999.9E+99,+99999.9E+99,1.09445E+03,0.00000E+03,0.00000E+03,0.00000E+03,0.00000E+03,0.00000E+03,1.18849E+03,0.00000E+03,0.00000E+03,0.00000E+03,0.00000E+03,0.00000E+03,0.46335E+03,0.00000E+03,0.00000E+03,0.00000E+03,0.00000E+03,0.00000E+03,0.92087E+00,0.00000E+00,0.00000E+00,0.91831E+00,0.02988E+00,0.88044E+00,0.000E+00,-152.909E+00,126.271E+00,156.680E+00,-61.196E+00,97.966E+00,22.946E+00,90.000E+00,90.000E+00,12.6094E+00,0.00000E+00,0.00000E+00,124.052E+00,100.000E+00,100.000E+00,-0.26324E+03,0.00000E+03,0.00000E+03,+99999.9E+99,+99999.9E+99,+99999.9E+99,+99999.9E+99,+99999.9E+99,+99999.9E+99,+99999.9E+99,+99999.9E+99,+99999.9E+99,+99999.9E+99,+99999.9E+99,+99999.9E+99,1B00,0,0,0,1B00,77.0059E+00,77.4551E+00,77.3256E+00,77.2622E+00,71.7116E+00,72.5709E+00,72.3235E+00,72.2020E+00,77.0059E+00,77.4551E+00,77.3256E+00,0.0000E+00,0.0000E+00,0.0000E+00,71.7455E+00,72.2846E+00,72.0690E+00,105.719E+00,106.127E+00,105.550E+00,-105.067E+00,-104.276E+00,-104.376E+00,25.160E+00,25.629E+00,25.541E+00,+99999.9E+99,+99999.9E+99,+99999.9E+99,0.429E+00,13.9793E+00,13.6431E+00,13.7832E+00,13.8018E+00,13.0642E+00,12.8615E+00,12.8215E+00,12.9157E+00,13.9782E+00,13.6412E+00,13.7773E+00,-0.1723E+00,-0.2283E+00,0.4015E+00,10.1543E+00,9.3281E+00,9.4731E+00,27.5933E+00,27.2214E+00,28.4781E+00,-26.7219E+00,-26.9867E+00,-26.6452E+00,43.969E+00,46.704E+00,47.096E+00,+99999.9E+99,+99999.9E+99,+99999.9E+99,6.445E+00,0.45707E+03,0.44470E+03,0.45592E+03,1.35769E+03,0.37086E+03,0.32705E+03,0.35060E+03,1.04851E+03,0.62984E+03,0.61494E+03,0.62335E+03,1.86813E+03,0.41416E+03,0.37735E+03,0.38086E+03,1.17098E+03,-0.43334E+03,-0.42472E+03,-0.42509E+03,-1.28315E+03,-0.18436E+03,-0.18822E+03,-0.14876E+03,-0.52135E+03,-0.72570E+00,-0.72316E+00,-0.73140E+00,-0.72677E+00,-0.89545E+00,-0.86672E+00,-0.92056E+00,-0.89542E+00,0.000E+00,119.944E+00,-119.663E+00,56.677E+00,179.770E+00,-66.820E+00,-43.473E+00,-43.684E+00,-42.996E+00,-43.384E+00,201.582E+00,202.155E+00,201.030E+00,90.440E+00,+99999.9E+99,+99999.9E+99,0.00013E+06,-0.00078E+06,0.00000E+00,15.481E+00,0.757E+03,0.00123E+06,43.640E+00,F0F08
2021/11/30,17:33:57,00000:00:22,400,38003D00,500,1C00,1C00,3800,99.916E+00,0.000E+00,0.000E+00,110.977E+00,0.000E+00,0.000E+00,0.509E+00,0.000E+00,0.000E+00,99.914E+00,0.000E+00,0.000E+00,0.000E+00,0.000E+00,0.000E+00,100.950E+00,0.000E+00,0.000E+00,98.807E+00,0.000E+00,0.000E+00,67.054E+00,+99999.9E+99,+99999.9E+99,1.072E+00,+99999.9E+99,+99999.9E+99,11.8950E+00,0.00000E+00,0.00000E+00,12.1900E+00,0.00000E+00,0.00000E+00,4.5873E+00,0.00000E+00,0.00000E+00,10.9748E+00,0.00000E+00,0.00000E+00,4.0195E+00,0.00000E+00,0.00000E+00,18.2840E+00,0.0000E+00,0.0000E+00,4.1138E+00,0.0000E+00,0.0000E+00,48.755E+00,+99999.9E+99,+99999.9E+99,64.558E+00,+99999.9E+99,+99999.9E+99,1.09445E+03,0.00000E+03,0.00000E+03,0.00000E+03,0.00000E+03,0.00000E+03,1.18849E+03,0.00000E+03,0.00000E+03,0.00000E+03,0.00000E+03,0.00000E+03,0.46335E+03,0.00000E+03,0.00000E+03,0.00000E+03,0.00000E+03,0.00000E+03,0.92087E+00,0.00000E+00,0.00000E+00,0.88135E+00,0.20664E+00,0.48241E+00,0.000E+00,14.534E+00,123.452E+00,151.806E+00,92.608E+00,-175.391E+00,22.946E+00,90.000E+00,90.000E+00,12.6094E+00,0.00000E+00,0.00000E+00,80.135E+00,100.000E+00,100.000E+00,0.21741E+03,0.00000E+03,0.00000E+03,+99999.9E+99,+99999.9E+99,+99999.9E+99,+99999.9E+99,+99999.9E+99,+99999.9E+99,+99999.9E+99,+99999.9E+99,+99999.9E+99,+99999.9E+99,+99999.9E+99,+99999.9E+99,1B00,0,0,0,1B00,76.7108E+00,76.6538E+00,76.3856E+00,76.5834E+00,72.5948E+00,72.6841E+00,72.0472E+00,72.4420E+00,76.7108E+00,76.6538E+00,76.3856E+00,0.0000E+00,0.0000E+00,0.0000E+00,70.7505E+00,70.6665E+00,70.4955E+00,105.717E+00,105.950E+00,105.791E+00,-104.291E+00,-104.919E+00,-103.934E+00,35.748E+00,35.257E+00,35.753E+00,+99999.9E+99,+99999.9E+99,+99999.9E+99,0.212E+00,9.7605E+00,9.3439E+00,9.9487E+00,9.6844E+00,8.4548E+00,8.0952E+00,8.5034E+00,8.3511E+00,9.7597E+00,9.3439E+00,9.9487E+00,-0.1267E+00,0.0000E+00,0.0000E+00,13.3924E+00,13.4239E+00,13.9958E+00,26.4257E+00,24.9652E+00,27.3457E+00,-25.4148E+00,-23.3319E+00,-26.6219E+00,42.841E+00,42.156E+00,40.200E+00,+99999.9E+99,+99999.9E+99,+99999.9E+99,2.593E+00,0.28708E+03,0.28493E+03,0.30504E+03,0.87704E+03,0.46645E+03,0.48160E+03,0.49130E+03,1.43936E+03,0.43422E+03,0.41584E+03,0.44139E+03,1.29145E+03,0.54175E+03,0.54446E+03,0.56291E+03,1.64881E+03,-0.32577E+03,-0.30289E+03,-0.31902E+03,-0.94769E+03,-0.27554E+03,-0.25397E+03,-0.27476E+03,-0.80426E+03,-0.66115E+00,-0.68518E+00,-0.69108E+00,-0.67912E+00,-0.86100E+00,-0.88454E+00,-0.87279E+00,-0.87297E+00,0.000E+00,120.192E+00,-119.973E+00,60.524E+00,177.923E+00,-60.637E+00,-48.613E+00,-46.750E+00,-46.284E+00,-47.225E+00,201.935E+00,201.703E+00,202.582E+00,91.816E+00,+99999.9E+99,+99999.9E+99,0.00007E+06,-0.00052E+06,0.00000E+00,10.167E+00,0.756E+03,0.00081E+06,43.816E+00,F0F08
2021/11/30,17:33:57,00000:00:22,450,38003F00,700,1F00,1F00,3F00,99.916E+00,0.000E+00,0.000E+00,110.977E+00,0.000E+00,0.000E+00,0.509E+00,0.000E+00,0.000E+00,99.914E+00,0.000E+00,0.000E+00,0.000E+00,0.000E+00,0.000E+00,100.950E+00,0.000E+00,0.000E+00,98.807E+00,0.000E+00,0.000E+00,67.054E+00,+99999.9E+99,+99999.9E+99,1.072E+00,+99999.9E+99,+99999.9E+99,11.8950E+00,0.00000E+00,0.00000E+00,12.1900E+00,0.00000E+00,0.00000E+00,4.5873E+00,0.00000E+00,0.00000E+00,10.9748E+00,0.00000E+00,0.00000E+00,4.0195E+00,0.00000E+00,0.00000E+00,18.2840E+00,0.0000E+00,0.0000E+00,4.1138E+00,0.0000E+00,0.0000E+00,48.755E+00,+99999.9E+99,+99999.9E+99,64.558E+00,+99999.9E+99,+99999.9E+99,1.09445E+03,0.00000E+03,0.00000E+03,0.00000E+03,0.00000E+03,0.00000E+03,1.18849E+03,0.00000E+03,0.00000E+03,0.00000E+03,0.00000E+03,0.00000E+03,0.46335E+03,0.00000E+03,0.00000E+03,0.00000E+03,0.00000E+03,0.00000E+03,0.92087E+00,0.00000E+00,0.00000E+00,0.88135E+00,0.20664E+00,0.48241E+00,0.000E+00,14.534E+00,123.452E+00,151.806E+00,92.608E+00,-175.391E+00,22.946E+00,90.000E+00,90.000E+00,12.6094E+00,0.00000E+00,0.00000E+00,96.351E+00,100.000E+00,100.000E+00,0.03994E+03,0.00000E+03,0.00000E+03,+99999.9E+99,+99999.9E+99,+99999.9E+99,+99999.9E+99,+99999.9E+99,+99999.9E+99,+99999.9E+99,+99999.9E+99,+99999.9E+99,+99999.9E+99,+99999.9E+99,+99999.9E+99,1B00,0,0,0,1B00,76.5250E+00,77.0420E+00,77.0402E+00,76.8691E+00,71.8406E+00,72.8130E+00,72.8058E+00,72.4864E+00,76.5250E+00,77.0420E+00,77.0402E+00,0.0000E+00,0.0000E+00,0.0000E+00,73.0537E+00,73.0491E+00,72.9375E+00,105.887E+00,106.044E+00,105.683E+00,-104.494E+00,-104.653E+00,-105.163E+00,15.430E+00,15.262E+00,15.379E+00,+99999.9E+99,+99999.9E+99,+99999.9E+99,0.105E+00,11.7389E+00,11.4926E+00,11.2945E+00,11.5087E+00,10.1307E+00,9.9833E+00,9.6933E+00,9.9358E+00,11.7378E+00,11.4861E+00,11.2810E+00,-0.1621E+00,-0.3871E+00,0.5503E+00,5.2379E+00,5.1451E+00,5.5529E+00,27.8933E+00,27.1029E+00,28.5205E+00,-26.6171E+00,-27.2148E+00,-26.1086E+00,58.329E+00,57.562E+00,53.388E+00,+99999.9E+99,+99999.9E+99,+99999.9E+99,3.506E+00,0.36267E+03,0.34338E+03,0.34846E+03,1.05451E+03,0.18627E+03,0.19202E+03,0.19963E+03,0.57791E+03,0.52411E+03,0.51266E+03,0.50648E+03,1.54325E+03,0.21566E+03,0.21490E+03,0.22647E+03,0.65681E+03,-0.37836E+03,-0.38067E+03,-0.36756E+03,-1.12659E+03,-0.10869E+03,-0.09649E+03,-0.10694E+03,-0.31212E+03,-0.69199E+00,-0.66980E+00,-0.68800E+00,-0.68331E+00,-0.86370E+00,-0.89354E+00,-0.88149E+00,-0.87988E+00,0.000E+00,120.099E+00,-119.957E+00,60.260E+00,176.730E+00,-61.727E+00,-46.212E+00,-47.948E+00,-46.528E+00,-46.897E+00,202.028E+00,202.003E+00,201.398E+00,93.050E+00,+99999.9E+99,+99999.9E+99,0.00007E+06,-0.00064E+06,0.00000E+00,12.382E+00,0.757E+03,0.00098E+06,43.814E+00,F0F08
2021/11/30,17:33:57,00000:00:22,500,38003F00,2800,3B00,3B00,3F00,99.979E+00,0.000E+00,0.000E+00,111.048E+00,0.000E+00,0.000E+00,0.502E+00,0.000E+00,0.000E+00,99.978E+00,0.000E+00,0.000E+00,0.000E+00,0.000E+00,0.000E+00,100.950E+00,0.000E+00,0.000E+00,98.804E+00,0.000E+00,0.000E+00,34.621E+00,+99999.9E+99,+99999.9E+99,1.073E+00,+99999.9E+99,+99999.9E+99,11.5771E+00,0.00000E+00,0.00000E+00,11.7874E+00,0.00000E+00,0.00000E+00,4.6267E+00,0.00000E+00,0.00000E+00,10.6124E+00,0.00000E+00,0.00000E+00,4.2670E+00,0.00000E+00,0.00000E+00,18.1914E+00,0.0000E+00,0.0000E+00,4.1795E+00,0.0000E+00,0.0000E+00,39.775E+00,+99999.9E+99,+99999.9E+99,66.017E+00,+99999.9E+99,+99999.9E+99,1.05893E+03,0.00000E+03,0.00000E+03,0.00000E+03,0.00000E+03,0.00000E+03,1.15747E+03,0.00000E+03,0.00000E+03,0.00000E+03,0.00000E+03,0.00000E+03,0.46734E+03,0.00000E+03,0.00000E+03,0.00000E+03,0.00000E+03,0.00000E+03,0.91486E+00,0.00000E+00,0.00000E+00,0.93468E+00,0.33621E+00,0.41858E+00,0.000E+00,-69.541E+00,170.837E+00,159.177E+00,40.105E+00,105.582E+00,23.814E+00,90.000E+00,90.000E+00,0.00000E+00,0.00000E+00,0.00000E+00,117.479E+00,100.000E+00,100.000E+00,-0.18508E+03,0.00000E+03,0.00000E+03,+99999.9E+99,+99999.9E+99,+99999.9E+99,+99999.9E+99,+99999.9E+99,+99999.9E+99,+99999.9E+99,+99999.9E+99,+99999.9E+99,+99999.9E+99,+99999.9E+99,+99999.9E+99,1B00,0,0,0,1B00,77.1981E+00,77.2235E+00,76.9922E+00,77.1379E+00,72.0897E+00,72.3184E+00,71.7680E+00,72.0587E+00,77.1981E+00,77.2235E+00,76.9921E+00,0.0000E+00,0.0000E+00,0.0000E+00,71.0279E+00,71.7206E+00,71.5072E+00,105.381E+00,105.733E+00,105.607E+00,-104.531E+00,-105.229E+00,-104.140E+00,30.395E+00,30.588E+00,30.483E+00,+99999.9E+99,+99999.9E+99,+99999.9E+99,0.568E+00,13.2619E+00,12.8087E+00,13.2057E+00,13.0921E+00,12.2260E+00,11.7927E+00,12.1527E+00,12.0572E+00,13.2606E+00,12.8087E+00,13.2040E+00,-0.1828E+00,0.0000E+00,0.2125E+00,12.4584E+00,11.3228E+00,11.4754E+00,27.2571E+00,26.9071E+00,28.1700E+00,-26.5657E+00,-26.1519E+00,-26.1162E+00,40.950E+00,44.248E+00,44.198E+00,+99999.9E+99,+99999.9E+99,+99999.9E+99,5.970E+00,0.41262E+03,0.40406E+03,0.42734E+03,1.24401E+03,0.44689E+03,0.39695E+03,0.42459E+03,1.26843E+03,0.59704E+03,0.57656E+03,0.59316E+03,1.76676E+03,0.50177E+03,0.46092E+03,0.46490E+03,1.42609E+03,-0.43151E+03,-0.41129E+03,-0.41137E+03,-1.25417E+03,-0.22817E+03,-0.23426E+03,-0.18935E+03,-0.65178E+03,-0.69110E+00,-0.70081E+00,-0.72044E+00,-0.70412E+00,-0.89063E+00,-0.86122E+00,-0.91330E+00,-0.88945E+00,0.000E+00,119.883E+00,-119.583E+00,57.366E+00,-179.671E+00,-65.766E+00,-46.282E+00,-45.508E+00,-43.909E+00,-45.242E+00,201.311E+00,201.552E+00,201.788E+00,89.816E+00,+99999.9E+99,+99999.9E+99,0.00013E+06,-0.00071E+06,0.00000E+00,14.089E+00,0.757E+03,0.00112E+06,43.573E+00,F0F08
2021/11/30,17:33:57,00000:00:22,550,38003F00,2D00,3F00,3F00,3F00,99.979E+00,0.000E+00,0.000E+00,111.048E+00,0.000E+00,0.000E+00,0.502E+00,0.000E+00,0.000E+00,99.978E+00,0.000E+00,0.000E+00,0.000E+00,0.000E+00,0.000E+00,100.950E+00,0.000E+00,0.000E+00,98.804E+00,0.000E+00,0.000E+00,34.621E+00,+99999.9E+99,+99999.9E+99,1.073E+00,+99999.9E+99,+99999.9E+99,11.5771E+00,0.00000E+00,0.00000E+00,11.7874E+00,0.00000E+00,0.00000E+00,4.6267E+00,0.00000E+00,0.00000E+00,10.6124E+00,0.00000E+00,0.00000E+00,4.2670E+00,0.00000E+00,0.00000E+00,18.1914E+00,0.0000E+00,0.0000E+00,4.1795E+00,0.0000E+00,0.0000E+00,39.775E+00,+99999.9E+99,+99999.9E+99,66.017E+00,+99999.9E+99,+99999.9E+99,1.05893E+03,0.00000E+03,0.00000E+03,0.00000E+03,0.00000E+03,0.00000E+03,1.15747E+03,0.00000E+03,0.00000E+03,0.00000E+03,0.00000E+03,0.00000E+03,0.46734E+03,0.00000E+03,0.00000E+03,0.00000E+03,0.00000E+03,0.00000E+03,0.91486E+00,0.00000E+00,0.00000E+00,0.93468E+00,0.33621E+00,0.41858E+00,0.000E+00,-69.541E+00,170.837E+00,159.177E+00,40.105E+00,105.582E+00,23.814E+00,90.000E+00,90.000E+00,0.00000E+00,0.00000E+00,0.00000E+00,73.787E+00,100.000E+00,100.000E+00,0.27758E+03,0.00000E+03,0.00000E+03,+99999.9E+99,+99999.9E+99,+99999.9E+99,+99999.9E+99,+99999.9E+99,+99999.9E+99,+99999.9E+99,+99999.9E+99,+99999.9E+99,+99999.9E+99,+99999.9E+99,+99999.9E+99,1B00,0,0,0,1B00,76.2627E+00,76.6689E+00,76.4992E+00,76.4770E+00,72.1612E+00,72.9129E+00,72.6097E+00,72.5613E+00,76.2627E+00,76.6689E+00,76.4992E+00,0.0000E+00,0.0000E+00,0.0000E+00,71.2833E+00,71.1741E+00,71.0072E+00,105.789E+00,105.984E+00,105.733E+00,-103.980E+00,-105.153E+00,-104.039E+00,30.929E+00,30.236E+00,30.818E+00,+99999.9E+99,+99999.9E+99,+99999.9E+99,0.234E+00,8.2837E+00,8.2386E+00,8.1862E+00,8.2362E+00,7.3778E+00,7.3541E+00,7.2852E+00,7.3390E+00,8.2830E+00,8.2378E+00,8.1831E+00,-0.1061E+00,-0.1205E+00,0.2276E+00,11.2690E+00,11.2397E+00,11.8665E+00,22.3757E+00,20.7538E+00,20.5562E+00,-18.7214E+00,-19.0824E+00,-19.9938E+00,46.413E+00,45.373E+00,43.158E+00,+99999.9E+99,+99999.9E+99,+99999.9E+99,3.528E+00,0.26182E+03,0.25705E+03,0.26247E+03,0.78135E+03,0.38009E+03,0.40083E+03,0.40780E+03,1.18873E+03,0.36634E+03,0.36494E+03,0.36357E+03,1.09485E+03,0.45113E+03,0.45794E+03,0.47694E+03,1.38553E+03,-0.25624E+03,-0.25904E+03,-0.25157E+03,-0.76685E+03,-0.24301E+03,-0.22145E+03,-0.24732E+03,-0.71178E+03,-0.71468E+00,-0.70438E+00,-0.72194E+00,-0.71366E+00,-0.84252E+00,-0.87530E+00,-0.85504E+00,-0.85796E+00,0.000E+00,120.208E+00,-119.979E+00,62.536E+00,179.051E+00,-58.611E+00,-44.383E+00,-45.221E+00,-43.785E+00,-44.467E+00,202.311E+00,201.933E+00,202.034E+00,94.933E+00,+99999.9E+99,+99999.9E+99,0.00004E+06,-0.00048E+06,0.00000E+00,9.370E+00,0.756E+03,0.00074E+06,43.949E+00,F0F08
2021/11/30,17:33:57,00000:00:22,600,38003800,2800,3800,3800,3800,99.822E+00,0.000E+00,0.000E+00,110.873E+00,0.000E+00,0.000E+00,0.490E+00,0.000E+00,0.000E+00,99.821E+00,0.000E+00,0.000E+00,0.000E+00,0.000E+00,0.000E+00,100.886E+00,0.000E+00,0.000E+00,98.818E+00,0.000E+00,0.000E+00,34.621E+00,+99999.9E+99,+99999.9E+99,1.036E+00,+99999.9E+99,+99999.9E+99,12.1039E+00,0.00000E+00,0.00000E+00,12.5814E+00,0.00000E+00,0.00000E+00,4.2660E+00,0.00000E+00,0.00000E+00,11.3272E+00,0.00000E+00,0.00000E+00,4.2670E+00,0.00000E+00,0.00000E+00,18.2886E+00,0.0000E+00,0.0000E+00,4.1010E+00,0.0000E+00,0.0000E+00,39.775E+00,+99999.9E+99,+99999.9E+99,62.626E+00,+99999.9E+99,+99999.9E+99,1.12881E+03,0.00000E+03,0.00000E+03,0.00000E+03,0.00000E+03,0.00000E+03,1.20824E+03,0.00000E+03,0.00000E+03,0.00000E+03,0.00000E+03,0.00000E+03,0.43083E+03,0.00000E+03,0.00000E+03,0.00000E+03,0.00000E+03,0.00000E+03,0.93427E+00,0.00000E+00,0.00000E+00,0.93468E+00,0.33621E+00,0.41858E+00,0.000E+00,-69.541E+00,170.837E+00,159.177E+00,40.105E+00,105.582E+00,20.890E+00,90.000E+00,90.000E+00,9.34297E+00,0.00000E+00,0.00000E+00,110.120E+00,100.000E+00,100.000E+00,-0.11423E+03,0.00000E+03,0.00000E+03,+99999.9E+99,+99999.9E+99,+99999.9E+99,+99999.9E+99,+99999.9E+99,+99999.9E+99,+99999.9E+99,+99999.9E+99,+99999.9E+99,+99999.9E+99,+99999.9E+99,+99999.9E+99,1B00,0,0,0,1B00,77.0494E+00,77.1869E+00,77.0782E+00,77.1048E+00,72.0731E+00,72.5061E+00,72.1872E+00,72.2554E+00,77.0494E+00,77.1869E+00,77.0782E+00,0.0000E+00,0.0000E+00,0.0000E+00,73.0213E+00,73.2405E+00,73.1235E+00,105.830E+00,106.076E+00,105.740E+00,-104.754E+00,-105.261E+00,-104.869E+00,14.191E+00,14.471E+00,14.485E+00,+99999.9E+99,+99999.9E+99,+99999.9E+99,0.175E+00,13.3307E+00,12.8745E+00,13.0744E+00,13.0932E+00,12.1028E+00,11.6394E+00,11.6997E+00,11.8140E+00,13.3295E+00,12.8709E+00,13.0655E+00,-0.1800E+00,-0.3015E+00,0.4825E+00,5.2383E+00,4.7862E+00,4.9211E+00,27.6476E+00,27.1624E+00,28.7490E+00,-26.5819E+00,-26.8281E+00,-26.8348E+00,54.486E+00,58.383E+00,56.566E+00,+99999.9E+99,+99999.9E+99,+99999.9E+99,4.089E+00,0.42254E+03,0.40150E+03,0.41901E+03,1.24305E+03,0.18933E+03,0.17524E+03,0.18590E+03,0.55047E+03,0.59977E+03,0.57817E+03,0.58707E+03,1.76500E+03,0.21367E+03,0.19985E+03,0.20452E+03,0.61777E+03,-0.42565E+03,-0.41603E+03,-0.41119E+03,-1.25287E+03,-0.09905E+03,-0.09608E+03,-0.08528E+03,-0.28040E+03,-0.70451E+00,-0.69443E+00,-0.71373E+00,-0.70427E+00,-0.88607E+00,-0.87685E+00,-0.90893E+00,-0.89105E+00,0.000E+00,120.008E+00,-119.848E+00,57.714E+00,178.690E+00,-65.250E+00,-45.210E+00,-46.019E+00,-44.461E+00,-45.229E+00,201.123E+00,201.309E+00,201.614E+00,91.097E+00,+99999.9E+99,+99999.9E+99,0.00011E+06,-0.00073E+06,0.00000E+00,14.292E+00,0.757E+03,0.00113E+06,43.571E+00,F0F08
2021/11/30,17:33:57,00000:00:22,650,38003F00,0,1B00,1B00,3F00,99.929E+00,0.000E+00,0.000E+00,110.991E+00,0.000E+00,0.000E+00,0.511E+00,0.000E+00,0.000E+00,99.927E+00,0.000E+00,0.000E+00,0.000E+00,0.000E+00,0.000E+00,100.950E+00,0.000E+00,0.000E+00,98.782E+00,0.000E+00,0.000E+00,112.216E+00,+99999.9E+99,+99999.9E+99,1.085E+00,+99999.9E+99,+99999.9E+99,11.7680E+00,0.00000E+00,0.00000E+00,12.0295E+00,0.00000E+00,0.00000E+00,4.6032E+00,0.00000E+00,0.00000E+00,10.8303E+00,0.00000E+00,0.00000E+00,2.7209E+00,0.00000E+00,0.00000E+00,18.3236E+00,0.0000E+00,0.0000E+00,4.1805E+00,0.0000E+00,0.0000E+00,114.622E+00,+99999.9E+99,+99999.9E+99,65.294E+00,+99999.9E+99,+99999.9E+99,1.08013E+03,0.00000E+03,0.00000E+03,0.00000E+03,0.00000E+03,0.00000E+03,1.17596E+03,0.00000E+03,0.00000E+03,0.00000E+03,0.00000E+03,0.00000E+03,0.46497E+03,0.00000E+03,0.00000E+03,0.00000E+03,0.00000E+03,0.00000E+03,0.91851E+00,0.00000E+00,0.00000E+00,0.81520E+00,0.42595E+00,0.99437E+00,0.000E+00,46.587E+00,148.184E+00,144.608E+00,111.376E+00,154.264E+00,23.291E+00,90.000E+00,90.000E+00,12.5889E+00,0.00000E+00,0.00000E+00,101.851E+00,100.000E+00,100.000E+00,-0.02000E+03,0.00000E+03,0.00000E+03,+99999.9E+99,+99999.9E+99,+99999.9E+99,+99999.9E+99,+99999.9E+99,+99999.9E+99,+99999.9E+99,+99999.9E+99,+99999.9E+99,+99999.9E+99,+99999.9E+99,+99999.9E+99,1B00,0,0,0,1B00,76.7409E+00,77.0808E+00,76.8176E+00,76.8798E+00,72.0314E+00,72.6530E+00,72.1811E+00,72.2885E+00,76.7409E+00,77.0808E+00,76.8176E+00,0.0000E+00,0.0000E+00,0.0000E+00,70.1040E+00,70.4799E+00,70.4170E+00,105.489E+00,105.993E+00,105.553E+00,-104.304E+00,-104.881E+00,-104.647E+00,37.565E+00,37.559E+00,37.446E+00,+99999.9E+99,+99999.9E+99,+99999.9E+99,0.333E+00,12.0124E+00,11.8483E+00,12.1311E+00,11.9973E+00,10.5214E+00,10.4449E+00,10.6400E+00,10.5354E+00,12.0119E+00,11.8483E+00,12.1311E+00,-0.1111E+00,0.0000E+00,0.0000E+00,15.0529E+00,14.4373E+00,14.4659E+00,27.7048E+00,27.1476E+00,28.6019E+00,-26.3229E+00,-27.2467E+00,-26.7795E+00,39.307E+00,40.816E+00,40.669E+00,+99999.9E+99,+99999.9E+99,+99999.9E+99,2.908E+00,0.36092E+03,0.36312E+03,0.37609E+03,1.10013E+03,0.53560E+03,0.50470E+03,0.52516E+03,1.56545E+03,0.53650E+03,0.53072E+03,0.54418E+03,1.61139E+03,0.60818E+03,0.58146E+03,0.58765E+03,1.77687E+03,-0.39695E+03,-0.38705E+03,-0.39330E+03,-1.17730E+03,-0.28813E+03,-0.28875E+03,-0.26372E+03,-0.84060E+03,-0.67273E+00,-0.68421E+00,-0.69112E+00,-0.68272E+00,-0.88066E+00,-0.86798E+00,-0.89365E+00,-0.88102E+00,0.000E+00,119.881E+00,-119.792E+00,58.457E+00,179.626E+00,-63.276E+00,-47.722E+00,-46.827E+00,-46.281E+00,-46.944E+00,202.084E+00,202.211E+00,201.703E+00,90.138E+00,+99999.9E+99,+99999.9E+99,0.00011E+06,-0.00063E+06,0.00000E+00,12.513E+00,0.757E+03,0.00099E+06,43.827E+00,F0F0F
2021/11/30,17:33:57,00000:00:22,700,38003F00,700,1F00,1F00,3F00,99.929E+00,0.000E+00,0.000E+00,110.991E+00,0.000E+00,0.000E+00,0.511E+00,0.000E+00,0.000E+00,99.927E+00,0.000E+00,0.000E+00,0.000E+00,0.000E+00,0.000E+00,100.950E+00,0.000E+00,0.000E+00,98.782E+00,0.000E+00,0.000E+00,19.629E+00,+99999.9E+99,464.493E+00,1.085E+00,+99999.9E+99,+99999.9E+99,11.7680E+00,0.00000E+00,0.00000E+00,12.0295E+00,0.00000E+00,0.00000E+00,4.6032E+00,0.00000E+00,0.00000E+00,10.8303E+00,0.00000E+00,0.00000E+00,4.7201E+00,0.00000E+00,0.00000E+00,18.3236E+00,0.0000E+00,0.0000E+00,4.1805E+00,0.0000E+00,0.0000E+00,9.023E+00,+99999.9E+99,+99999.9E+99,65.294E+00,+99999.9E+99,+99999.9E+99,1.08013E+03,0.00000E+03,0.00000E+03,0.00000E+03,0.00000E+03,0.00000E+03,1.17596E+03,0.00000E+03,0.00000E+03,0.00000E+03,0.00000E+03,0.00000E+03,0.46497E+03,0.00000E+03,0.00000E+03,0.00000E+03,0.00000E+03,0.00000E+03,0.91851E+00,0.00000E+00,0.00000E+00,0.91865E+00,0.99975E+00,0.85671E+00,0.000E+00,-167.323E+00,152.004E+00,156.730E+00,-168.610E+00,120.953E+00,23.291E+00,90.000E+00,90.000E+00,12.5889E+00,0.00000E+00,0.00000E+00,77.946E+00,100.000E+00,100.000E+00,0.23822E+03,0.00000E+03,0.00000E+03,+99999.9E+99,+99999.9E+99,+99999.9E+99,+99999.9E+99,+99999.9E+99,+99999.9E+99,+99999.9E+99,+99999.9E+99,+99999.9E+99,+99999.9E+99,+99999.9E+99,+99999.9E+99,1B00,0,0,0,1B00,76.5092E+00,76.6314E+00,76.5470E+00,76.5625E+00,72.3407E+00,72.7345E+00,72.4424E+00,72.5059E+00,76.5092E+00,76.6314E+00,76.5470E+00,0.0000E+00,0.0000E+00,0.0000E+00,72.4536E+00,72.2258E+00,72.2072E+00,105.883E+00,106.263E+00,105.866E+00,-104.117E+00,-104.820E+00,-104.599E+00,22.563E+00,21.687E+00,22.136E+00,+99999.9E+99,+99999.9E+99,+99999.9E+99,0.218E+00,9.4854E+00,9.0153E+00,9.1390E+00,9.2132E+00,8.1633E+00,7.7697E+00,7.7957E+00,7.9096E+00,9.4843E+00,9.0116E+00,9.1302E+00,-0.1423E+00,-0.2571E+00,0.4004E+00,7.7301E+00,8.1534E+00,8.3592E+00,26.1748E+00,24.2267E+00,25.0562E+00,-26.4524E+00,-25.3286E+00,-22.5852E+00,52.474E+00,48.335E+00,47.114E+00,+99999.9E+99,+99999.9E+99,+99999.9E+99,4.644E+00,0.28789E+03,0.27028E+03,0.28375E+03,0.84192E+03,0.27419E+03,0.29562E+03,0.29817E+03,0.86797E+03,0.42143E+03,0.39968E+03,0.40534E+03,1.22645E+03,0.31744E+03,0.32818E+03,0.34260E+03,0.98764E+03,-0.30777E+03,-0.29443E+03,-0.28946E+03,-0.89167E+03,-0.15996E+03,-0.14253E+03,-0.16874E+03,-0.47123E+03,-0.68312E+00,-0.67624E+00,-0.70003E+00,-0.68647E+00,-0.86375E+00,-0.90077E+00,-0.87029E+00,-0.87883E+00,0.000E+00,120.115E+00,-120.098E+00,60.155E+00,175.849E+00,-60.480E+00,-46.912E+00,-47.449E+00,-45.571E+00,-46.649E+00,201.630E+00,201.683E+00,202.042E+00,94.746E+00,+99999.9E+99,+99999.9E+99,0.00004E+06,-0.00053E+06,0.00000E+00,10.077E+00,0.756E+03,0.00080E+06,43.763E+00,F0F08
2021/11/30,17:33:57,00000:00:22,750,38003F00,700,1F00,1F00,3F00,99.929E+00,0.000E+00,0.000E+00,110.991E+00,0.000E+00,0.000E+00,0.511E+00,0.000E+00,0.000E+00,99.927E+00,0.000E+00,0.000E+00,0.000E+00,0.000E+00,0.000E+00,100.950E+00,0.000E+00,0.000E+00,98.782E+00,0.000E+00,0.000E+00,19.629E+00,+99999.9E+99,464.493E+00,1.085E+00,+99999.9E+99,+99999.9E+99,11.7680E+00,0.00000E+00,0.00000E+00,12.0295E+00,0.00000E+00,0.00000E+00,4.6032E+00,0.00000E+00,0.00000E+00,10.8303E+00,0.00000E+00,0.00000E+00,4.7201E+00,0.00000E+00,0.00000E+00,18.3236E+00,0.0000E+00,0.0000E+00,4.1805E+00,0.0000E+00,0.0000E+00,9.023E+00,+99999.9E+99,+99999.9E+99,65.294E+00,+99999.9E+99,+99999.9E+99,1.08013E+03,0.00000E+03,0.00000E+03,0.00000E+03,0.00000E+03,0.00000E+03,1.17596E+03,0.00000E+03,0.00000E+03,0.00000E+03,0.00000E+03,0.00000E+03,0.46497E+03,0.00000E+03,0.00000E+03,0.00000E+03,0.00000E+03,0.00000E+03,0.91851E+00,0.00000E+00,0.00000E+00,0.91865E+00,0.99975E+00,0.85671E+00,0.000E+00,-167.323E+00,152.004E+00,156.730E+00,-168.610E+00,120.953E+00,23.291E+00,90.000E+00,90.000E+00,12.5889E+00,0.00000E+00,0.00000E+00,126.205E+00,100.000E+00,100.000E+00,-0.28305E+03,0.00000E+03,0.00000E+03,+99999.9E+99,+99999.9E+99,+99999.9E+99,+99999.9E+99,+99999.9E+99,+99999.9E+99,+99999.9E+99,+99999.9E+99,+99999.9E+99,+99999.9E+99,+99999.9E+99,+99999.9E+99,1B00,0,0,0,1B00,77.0087E+00,77.4665E+00,77.3205E+00,77.2652E+00,71.7386E+00,72.5727E+00,72.3215E+00,72.2109E+00,77.0087E+00,77.4665E+00,77.3205E+00,0.0000E+00,0.0000E+00,0.0000E+00,72.2793E+00,72.7267E+00,72.6117E+00,105.654E+00,105.887E+00,105.619E+00,-104.336E+00,-104.533E+00,-104.354E+00,19.754E+00,19.774E+00,20.095E+00,+99999.9E+99,+99999.9E+99,+99999.9E+99,0.377E+00,13.9964E+00,13.7040E+00,13.8363E+00,13.8456E+00,13.0770E+00,12.9079E+00,12.8662E+00,12.9504E+00,13.9955E+00,13.7017E+00,13.8300E+00,-0.1621E+00,-0.2554E+00,0.4186E+00,7.7497E+00,7.2037E+00,6.9876E+00,27.6243E+00,27.1052E+00,28.6852E+00,-26.4329E+00,-27.3229E+00,-26.7662E+00,48.463E+00,50.609E+00,53.223E+00,+99999.9E+99,+99999.9E+99,+99999.9E+99,7.401E+00,0.45806E+03,0.44761E+03,0.45751E+03,1.36318E+03,0.27910E+03,0.24104E+03,0.25975E+03,0.77989E+03,0.63033E+03,0.61795E+03,0.62613E+03,1.87441E+03,0.31430E+03,0.28316E+03,0.28387E+03,0.87999E+03,-0.43300E+03,-0.42604E+03,-0.42746E+03,-1.28651E+03,-0.14454E+03,-0.14859E+03,-0.11449E+03,-0.40762E+03,-0.72671E+00,-0.72434E+00,-0.73070E+00,-0.72726E+00,-0.88798E+00,-0.85125E+00,-0.91506E+00,-0.88625E+00,0.000E+00,119.891E+00,-119.745E+00,57.586E+00,-178.507E+00,-66.116E+00,-43.389E+00,-43.586E+00,-43.055E+00,-43.343E+00,201.666E+00,201.335E+00,200.983E+00,90.097E+00,+99999.9E+99,+99999.9E+99,0.00013E+06,-0.00078E+06,0.00000E+00,15.490E+00,0.757E+03,0.00123E+06,43.682E+00,F0F08
2021/11/30,17:33:58,00000:00:22,800,38003D00,500,1C00,1C00,3800,99.929E+00,0.000E+00,0.000E+00,110.991E+00,0.000E+00,0.000E+00,0.511E+00,0.000E+00,0.000E+00,99.927E+00,0.000E+00,0.000E+00,0.000E+00,0.000E+00,0.000E+00,100.950E+00,0.000E+00,0.000E+00,98.782E+00,0.000E+00,0.000E+00,65.947E+00,+99999.9E+99,+99999.9E+99,1.085E+00,+99999.9E+99,+99999.9E+99,11.7680E+00,0.00000E+00,0.00000E+00,12.0295E+00,0.00000E+00,0.00000E+00,4.6032E+00,0.00000E+00,0.00000E+00,10.8303E+00,0.00000E+00,0.00000E+00,4.1815E+00,0.00000E+00,0.00000E+00,18.3236E+00,0.0000E+00,0.0000E+00,4.1805E+00,0.0000E+00,0.0000E+00,48.068E+00,+99999.9E+99,+99999.9E+99,65.294E+00,+99999.9E+99,+99999.9E+99,1.08013E+03,0.00000E+03,0.00000E+03,0.00000E+03,0.00000E+03,0.00000E+03,1.17596E+03,0.00000E+03,0.00000E+03,0.00000E+03,0.00000E+03,0.00000E+03,0.46497E+03,0.00000E+03,0.00000E+03,0.00000E+03,0.00000E+03,0.00000E+03,0.91851E+00,0.00000E+00,0.00000E+00,0.88353E+00,0.05536E+00,0.94949E+00,0.000E+00,150.055E+00,138.861E+00,152.071E+00,56.882E+00,-59.427E+00,23.291E+00,90.000E+00,90.000E+00,12.5889E+00,0.00000E+00,0.00000E+00,79.315E+00,100.000E+00,100.000E+00,0.22343E+03,0.00000E+03,0.00000E+03,+99999.9E+99,+99999.9E+99,+99999.9E+99,+99999.9E+99,+99999.9E+99,+99999.9E+99,+99999.9E+99,+99999.9E+99,+99999.9E+99,+99999.9E+99,+99999.9E+99,+99999.9E+99,1B00,0,0,0,1B00,76.7005E+00,76.6500E+00,76.3850E+00,76.5785E+00,72.5264E+00,72.6235E+00,72.0023E+00,72.3841E+00,76.7005E+00,76.6499E+00,76.3850E+00,0.0000E+00,0.0000E+00,0.0000E+00,70.2385E+00,70.2608E+00,70.1523E+00,105.889E+00,106.116E+00,105.560E+00,-104.117E+00,-104.694E+00,-105.141E+00,38.349E+00,38.057E+00,38.222E+00,+99999.9E+99,+99999.9E+99,+99999.9E+99,0.086E+00,9.6614E+00,9.2350E+00,9.8552E+00,9.5838E+00,8.3253E+00,7.9631E+00,8.3815E+00,8.2233E+00,9.6614E+00,9.2350E+00,9.8552E+00,0.0000E+00,0.0000E+00,0.0000E+00,14.7801E+00,14.6904E+00,15.0186E+00,26.4710E+00,24.7710E+00,27.1881E+00,-25.5810E+00,-23.3624E+00,-26.7324E+00,40.745E+00,40.705E+00,39.403E+00,+99999.9E+99,+99999.9E+99,+99999.9E+99,1.411E+00,0.27987E+03,0.27841E+03,0.29842E+03,0.85670E+03,0.51850E+03,0.52136E+03,0.53259E+03,1.57245E+03,0.42963E+03,0.41084E+03,0.43709E+03,1.27755E+03,0.59740E+03,0.59292E+03,0.60674E+03,1.79697E+03,-0.32596E+03,-0.30212E+03,-0.31935E+03,-0.94744E+03,-0.29673E+03,-0.28238E+03,-0.29066E+03,-0.86977E+03,-0.65143E+00,-0.67766E+00,-0.68276E+00,-0.67058E+00,-0.86792E+00,-0.87931E+00,-0.87779E+00,-0.87506E+00,0.000E+00,120.080E+00,-119.946E+00,59.791E+00,178.476E+00,-61.287E+00,-49.350E+00,-47.339E+00,-46.940E+00,-47.888E+00,201.898E+00,202.238E+00,202.532E+00,92.298E+00,+99999.9E+99,+99999.9E+99,0.00007E+06,-0.00051E+06,0.00000E+00,9.985E+00,0.756E+03,0.00079E+06,43.815E+00,F0F08
2021/11/30,17:33:58,00000:00:22,850,38003F00,2A00,3B00,3B00,3F00,99.986E+00,0.000E+00,0.000E+00,111.055E+00,0.000E+00,0.000E+00,0.512E+00,0.000E+00,0.000E+00,99.984E+00,0.000E+00,0.000E+00,0.000E+00,0.000E+00,0.000E+00,100.989E+00,0.000E+00,0.000E+00,98.811E+00,0.000E+00,0.000E+00,65.947E+00,+99999.9E+99,+99999.9E+99,1.089E+00,+99999.9E+99,+99999.9E+99,11.5584E+00,0.00000E+00,0.00000E+00,11.7127E+00,0.00000E+00,0.00000E+00,4.7326E+00,0.00000E+00,0.00000E+00,10.5451E+00,0.00000E+00,0.00000E+00,4.1815E+00,0.00000E+00,0.00000E+00,18.3307E+00,0.0000E+00,0.0000E+00,3.8943E+00,0.0000E+00,0.0000E+00,48.068E+00,+99999.9E+99,+99999.9E+99,68.451E+00,+99999.9E+99,+99999.9E+99,1.05217E+03,0.00000E+03,0.00000E+03,0.00000E+03,0.00000E+03,0.00000E+03,1.15568E+03,0.00000E+03,0.00000E+03,0.00000E+03,0.00000E+03,0.00000E+03,0.47804E+03,0.00000E+03,0.00000E+03,0.00000E+03,0.00000E+03,0.00000E+03,0.91044E+00,0.00000E+00,0.00000E+00,0.88353E+00,0.05536E+00,0.94949E+00,0.000E+00,150.055E+00,138.861E+00,152.071E+00,56.882E+00,-59.427E+00,24.434E+00,90.000E+00,90.000E+00,0.00000E+00,0.00000E+00,0.00000E+00,100.631E+00,100.000E+00,100.000E+00,-0.00664E+03,0.00000E+03,0.00000E+03,+99999.9E+99,+99999.9E+99,+99999.9E+99,+99999.9E+99,+99999.9E+99,+99999.9E+99,+99999.9E+99,+99999.9E+99,+99999.9E+99,+99999.9E+99,+99999.9E+99,+99999.9E+99,1B00,0,0,0,1B00,76.5196E+00,77.0374E+00,77.0419E+00,76.8663E+00,71.8603E+00,72.8172E+00,72.8252E+00,72.5009E+00,76.5196E+00,77.0374E+00,77.0419E+00,0.0000E+00,0.0000E+00,0.0000E+00,73.0265E+00,73.0006E+00,72.8889E+00,105.741E+00,106.096E+00,105.714E+00,-104.207E+00,-105.327E+00,-105.069E+00,14.935E+00,14.766E+00,14.942E+00,+99999.9E+99,+99999.9E+99,+99999.9E+99,0.113E+00,11.7352E+00,11.5301E+00,11.3234E+00,11.5295E+00,10.1327E+00,10.0163E+00,9.7174E+00,9.9555E+00,11.7340E+00,11.5232E+00,11.3094E+00,-0.1648E+00,-0.3971E+00,0.5631E+00,4.9420E+00,4.8676E+00,5.2649E+00,27.6952E+00,27.1371E+00,28.6586E+00,-26.3438E+00,-27.2881E+00,-26.1371E+00,61.266E+00,59.940E+00,55.961E+00,+99999.9E+99,+99999.9E+99,+99999.9E+99,3.869E+00,0.36358E+03,0.34578E+03,0.34945E+03,1.05881E+03,0.17272E+03,0.17938E+03,0.18670E+03,0.53880E+03,0.52388E+03,0.51431E+03,0.50788E+03,1.54607E+03,0.20377E+03,0.20328E+03,0.21517E+03,0.62197E+03,-0.37716E+03,-0.38072E+03,-0.36855E+03,-1.12644E+03,-0.10811E+03,-0.09562E+03,-0.10697E+03,-0.31071E+03,-0.69403E+00,-0.67232E+00,-0.68805E+00,-0.68484E+00,-0.84764E+00,-0.88245E+00,-0.86767E+00,-0.86628E+00,0.000E+00,120.109E+00,-119.966E+00,62.030E+00,178.122E+00,-60.092E+00,-46.050E+00,-47.754E+00,-46.524E+00,-46.777E+00,201.992E+00,201.341E+00,201.313E+00,92.761E+00,+99999.9E+99,+99999.9E+99,0.00008E+06,-0.00064E+06,0.00000E+00,12.400E+00,0.756E+03,0.00098E+06,43.831E+00,F0F08
2021/11/30,17:33:58,00000:00:22,900,38003F00,2D00,3F00,3F00,3F00,99.986E+00,0.000E+00,0.000E+00,111.055E+00,0.000E+00,0.000E+00,0.512E+00,0.000E+00,0.000E+00,99.984E+00,0.000E+00,0.000E+00,0.000E+00,0.000E+00,0.000E+00,100.989E+00,0.000E+00,0.000E+00,98.811E+00,0.000E+00,0.000E+00,37.189E+00,340.483E+00,+99999.9E+99,1.089E+00,+99999.9E+99,+99999.9E+99,11.5584E+00,0.00000E+00,0.00000E+00,11.7127E+00,0.00000E+00,0.00000E+00,4.7326E+00,0.00000E+00,0.00000E+00,10.5451E+00,0.00000E+00,0.00000E+00,4.2907E+00,0.00000E+00,0.00000E+00,18.3307E+00,0.0000E+00,0.0000E+00,3.8943E+00,0.0000E+00,0.0000E+00,42.234E+00,+99999.9E+99,+99999.9E+99,68.451E+00,+99999.9E+99,+99999.9E+99,1.05217E+03,0.00000E+03,0.00000E+03,0.00000E+03,0.00000E+03,0.00000E+03,1.15568E+03,0.00000E+03,0.00000E+03,0.00000E+03,0.00000E+03,0.00000E+03,0.47804E+03,0.00000E+03,0.00000E+03,0.00000E+03,0.00000E+03,0.00000E+03,0.91044E+00,0.00000E+00,0.00000E+00,0.93277E+00,0.68685E+00,0.41204E+00,0.000E+00,-58.880E+00,172.055E+00,158.871E+00,74.502E+00,57.723E+00,24.434E+00,90.000E+00,90.000E+00,0.00000E+00,0.00000E+00,0.00000E+00,120.694E+00,100.000E+00,100.000E+00,-0.21774E+03,0.00000E+03,0.00000E+03,+99999.9E+99,+99999.9E+99,+99999.9E+99,+99999.9E+99,+99999.9E+99,+99999.9E+99,+99999.9E+99,+99999.9E+99,+99999.9E+99,+99999.9E+99,+99999.9E+99,+99999.9E+99,1800,0,0,0,1800,77.2078E+00,77.2316E+00,76.9911E+00,77.1435E+00,72.1722E+00,72.3934E+00,71.8276E+00,72.1311E+00,77.2078E+00,77.2316E+00,76.9911E+00,0.0000E+00,0.0000E+00,0.0000E+00,71.0465E+00,71.6913E+00,71.4855E+00,105.246E+00,105.647E+00,105.506E+00,-104.826E+00,-105.200E+00,-104.359E+00,30.319E+00,30.582E+00,30.417E+00,+99999.9E+99,+99999.9E+99,+99999.9E+99,0.526E+00,13.4061E+00,12.9655E+00,13.3564E+00,13.2427E+00,12.3750E+00,11.9521E+00,12.3044E+00,12.2105E+00,13.4049E+00,12.9655E+00,13.3548E+00,-0.1805E+00,0.0000E+00,0.2027E+00,12.4302E+00,11.3559E+00,11.4948E+00,27.5295E+00,26.7562E+00,28.4367E+00,-26.5133E+00,-26.5200E+00,-26.2538E+00,40.964E+00,44.019E+00,44.038E+00,+99999.9E+99,+99999.9E+99,+99999.9E+99,5.659E+00,0.42094E+03,0.41296E+03,0.43601E+03,1.26991E+03,0.44670E+03,0.39943E+03,0.42501E+03,1.27114E+03,0.60379E+03,0.58401E+03,0.60029E+03,1.78810E+03,0.50082E+03,0.46228E+03,0.46547E+03,1.42722E+03,-0.43287E+03,-0.41296E+03,-0.41261E+03,-1.25844E+03,-0.22644E+03,-0.23271E+03,-0.18981E+03,-0.64896E+03,-0.69715E+00,-0.70711E+00,-0.72633E+00,-0.71020E+00,-0.89195E+00,-0.86405E+00,-0.91308E+00,-0.89064E+00,0.000E+00,119.897E+00,-119.609E+00,57.177E+00,-179.974E+00,-65.743E+00,-45.801E+00,-45.000E+00,-43.421E+00,-44.749E+00,201.296E+00,202.121E+00,201.898E+00,89.679E+00,+99999.9E+99,+99999.9E+99,0.00013E+06,-0.00073E+06,0.00000E+00,14.358E+00,0.757E+03,0.00114E+06,43.557E+00,F0F08
2021/11/30,17:33:58,00000:00:22,950,38003F00,2800,3B00,3B00,3F00,99.862E+00,0.000E+00,0.000E+00,110.917E+00,0.000E+00,0.000E+00,0.494E+00,0.000E+00,0.000E+00,99.860E+00,0.000E+00,0.000E+00,0.000E+00,0.000E+00,0.000E+00,100.889E+00,0.000E+00,0.000E+00,98.914E+00,0.000E+00,0.000E+00,37.189E+00,340.483E+00,+99999.9E+99,0.989E+00,+99999.9E+99,+99999.9E+99,12.4496E+00,0.00000E+00,0.00000E+00,13.0613E+00,0.00000E+00,0.00000E+00,4.0880E+00,0.00000E+00,0.00000E+00,11.7593E+00,0.00000E+00,0.00000E+00,4.2907E+00,0.00000E+00,0.00000E+00,17.6781E+00,0.0000E+00,0.0000E+00,4.1860E+00,0.0000E+00,0.0000E+00,42.234E+00,+99999.9E+99,+99999.9E+99,57.368E+00,+99999.9E+99,+99999.9E+99,1.17247E+03,0.00000E+03,0.00000E+03,0.00000E+03,0.00000E+03,0.00000E+03,1.24323E+03,0.00000E+03,0.00000E+03,0.00000E+03,0.00000E+03,0.00000E+03,0.41345E+03,0.00000E+03,0.00000E+03,0.00000E+03,0.00000E+03,0.00000E+03,0.94308E+00,0.00000E+00,0.00000E+00,0.93277E+00,0.68685E+00,0.41204E+00,0.000E+00,-58.880E+00,172.055E+00,158.871E+00,74.502E+00,57.723E+00,19.424E+00,90.000E+00,90.000E+00,15.0413E+00,0.00000E+00,0.00000E+00,77.256E+00,100.000E+00,100.000E+00,0.26666E+03,0.00000E+03,0.00000E+03,+99999.9E+99,+99999.9E+99,+99999.9E+99,+99999.9E+99,+99999.9E+99,+99999.9E+99,+99999.9E+99,+99999.9E+99,+99999.9E+99,+99999.9E+99,+99999.9E+99,+99999.9E+99,1B00,0,0,0,1B00,76.5682E+00,76.7921E+00,76.5561E+00,76.6388E+00,72.2960E+00,72.7967E+00,72.3040E+00,72.4656E+00,76.5682E+00,76.7921E+00,76.5561E+00,0.0000E+00,0.0000E+00,0.0000E+00,71.2886E+00,71.1830E+00,71.0180E+00,105.843E+00,106.059E+00,105.693E+00,-104.386E+00,-105.176E+00,-104.500E+00,31.342E+00,30.653E+00,31.209E+00,+99999.9E+99,+99999.9E+99,+99999.9E+99,0.230E+00,9.8692E+00,9.5701E+00,9.9214E+00,9.7869E+00,8.6677E+00,8.4357E+00,8.6015E+00,8.5683E+00,9.8685E+00,9.5701E+00,9.9197E+00,-0.1233E+00,0.0000E+00,0.1825E+00,11.4881E+00,11.4738E+00,12.0778E+00,26.3371E+00,24.9214E+00,27.2500E+00,-25.6390E+00,-23.4271E+00,-26.7171E+00,45.669E+00,44.653E+00,42.489E+00,+99999.9E+99,+99999.9E+99,+99999.9E+99,3.441E+00,0.30092E+03,0.29591E+03,0.30897E+03,0.90581E+03,0.39306E+03,0.41345E+03,0.42082E+03,1.22732E+03,0.43873E+03,0.42593E+03,0.44161E+03,1.30626E+03,0.46191E+03,0.46870E+03,0.48768E+03,1.41782E+03,-0.31926E+03,-0.30635E+03,-0.31553E+03,-0.94113E+03,-0.24262E+03,-0.22078E+03,-0.24646E+03,-0.70986E+03,-0.68591E+00,-0.69475E+00,-0.69964E+00,-0.69343E+00,-0.85095E+00,-0.88211E+00,-0.86290E+00,-0.86564E+00,0.000E+00,120.206E+00,-119.977E+00,61.631E+00,178.232E+00,-59.489E+00,-46.693E+00,-45.992E+00,-45.602E+00,-46.097E+00,202.350E+00,201.705E+00,201.945E+00,92.703E+00,+99999.9E+99,+99999.9E+99,0.00007E+06,-0.00054E+06,0.00000E+00,10.603E+00,0.756E+03,0.00084E+06,43.937E+00,F0F08
2021/11/30,17:33:58,00000:00:23,0,38003800,0,1800,1800,3800,99.932E+00,0.000E+00,0.000E+00,110.995E+00,0.000E+00,0.000E+00,0.489E+00,0.000E+00,0.000E+00,99.931E+00,0.000E+00,0.000E+00,0.000E+00,0.000E+00,0.000E+00,100.921E+00,0.000E+00,0.000E+00,98.804E+00,0.000E+00,0.000E+00,24.243E+00,306.358E+00,369.806E+00,1.060E+00,+99999.9E+99,+99999.9E+99,11.6419E+00,0.00000E+00,0.00000E+00,11.9818E+00,0.00000E+00,0.00000E+00,4.3778E+00,0.00000E+00,0.00000E+00,10.7874E+00,0.00000E+00,0.00000E+00,4.2011E+00,0.00000E+00,0.00000E+00,18.0331E+00,0.0000E+00,0.0000E+00,4.1238E+00,0.0000E+00,0.0000E+00,9.937E+00,+99999.9E+99,+99999.9E+99,64.470E+00,+99999.9E+99,+99999.9E+99,1.07608E+03,0.00000E+03,0.00000E+03,0.00000E+03,0.00000E+03,0.00000E+03,1.16339E+03,0.00000E+03,0.00000E+03,0.00000E+03,0.00000E+03,0.00000E+03,0.44219E+03,0.00000E+03,0.00000E+03,0.00000E+03,0.00000E+03,0.00000E+03,0.92495E+00,0.00000E+00,0.00000E+00,0.89737E+00,0.00083E+00,0.66814E+00,0.000E+00,-83.854E+00,164.049E+00,153.815E+00,-173.806E+00,115.973E+00,22.339E+00,90.000E+00,90.000E+00,12.6175E+00,0.00000E+00,0.00000E+00,95.818E+00,100.000E+00,100.000E+00,0.04500E+03,0.00000E+03,0.00000E+03,+99999.9E+99,+99999.9E+99,+99999.9E+99,+99999.9E+99,+99999.9E+99,+99999.9E+99,+99999.9E+99,+99999.9E+99,+99999.9E+99,+99999.9E+99,+99999.9E+99,+99999.9E+99,1B00,0,0,0,1B00,76.5199E+00,77.0179E+00,77.0156E+00,76.8511E+00,71.8112E+00,72.7492E+00,72.7358E+00,72.4321E+00,76.5199E+00,77.0179E+00,77.0156E+00,0.0000E+00,0.0000E+00,0.0000E+00,73.0196E+00,73.2490E+00,73.1283E+00,105.664E+00,105.999E+00,105.817E+00,-104.579E+00,-105.134E+00,-104.877E+00,14.226E+00,14.454E+00,14.530E+00,+99999.9E+99,+99999.9E+99,+99999.9E+99,0.183E+00,11.4873E+00,11.2627E+00,11.0440E+00,11.2647E+00,9.9705E+00,9.8433E+00,9.5418E+00,9.7852E+00,11.4862E+00,11.2564E+00,11.0308E+00,-0.1613E+00,-0.3759E+00,0.5383E+00,5.2647E+00,4.7864E+00,4.9371E+00,27.2162E+00,26.9990E+00,28.5590E+00,-26.0629E+00,-26.3600E+00,-25.4895E+00,54.336E+00,58.415E+00,56.414E+00,+99999.9E+99,+99999.9E+99,+99999.9E+99,4.359E+00,0.35479E+03,0.33608E+03,0.34022E+03,1.03108E+03,0.19026E+03,0.17522E+03,0.18672E+03,0.55220E+03,0.51254E+03,0.50202E+03,0.49472E+03,1.50928E+03,0.21478E+03,0.19995E+03,0.20511E+03,0.61952E+03,-0.36989E+03,-0.37293E+03,-0.35916E+03,-1.10198E+03,-0.09965E+03,-0.09632E+03,-0.08489E+03,-0.28086E+03,-0.69221E+00,-0.66945E+00,-0.68770E+00,-0.68316E+00,-0.88584E+00,-0.87633E+00,-0.91033E+00,-0.89133E+00,0.000E+00,120.006E+00,-119.842E+00,57.747E+00,178.749E+00,-65.442E+00,-46.194E+00,-47.975E+00,-46.551E+00,-46.909E+00,201.143E+00,201.882E+00,201.668E+00,93.234E+00,+99999.9E+99,+99999.9E+99,0.00007E+06,-0.00063E+06,0.00000E+00,12.139E+00,0.756E+03,0.00096E+06,43.606E+00,F0F0F
2021/11/30,17:33:58,00000:00:23,50,38003F00,700,1F00,1F00,3F00,99.932E+00,0.000E+00,0.000E+00,110.995E+00,0.000E+00,0.000E+00,0.489E+00,0.000E+00,0.000E+00,99.931E+00,0.000E+00,0.000E+00,0.000E+00,0.000E+00,0.000E+00,100.921E+00,0.000E+00,0.000E+00,98.804E+00,0.000E+00,0.000E+00,24.243E+00,306.358E+00,369.806E+00,1.060E+00,+99999.9E+99,+99999.9E+99,11.6419E+00,0.00000E+00,0.00000E+00,11.9818E+00,0.00000E+00,0.00000E+00,4.3778E+00,0.00000E+00,0.00000E+00,10.7874E+00,0.00000E+00,0.00000E+00,4.2011E+00,0.00000E+00,0.00000E+00,18.0331E+00,0.0000E+00,0.0000E+00,4.1238E+00,0.0000E+00,0.0000E+00,9.937E+00,+99999.9E+99,+99999.9E+99,64.470E+00,+99999.9E+99,+99999.9E+99,1.07608E+03,0.00000E+03,0.00000E+03,0.00000E+03,0.00000E+03,0.00000E+03,1.16339E+03,0.00000E+03,0.00000E+03,0.00000E+03,0.00000E+03,0.00000E+03,0.44219E+03,0.00000E+03,0.00000E+03,0.00000E+03,0.00000E+03,0.00000E+03,0.92495E+00,0.00000E+00,0.00000E+00,0.89737E+00,0.00083E+00,0.66814E+00,0.000E+00,-83.854E+00,164.049E+00,153.815E+00,-173.806E+00,115.973E+00,22.339E+00,90.000E+00,90.000E+00,12.6175E+00,0.00000E+00,0.00000E+00,120.538E+00,100.000E+00,100.000E+00,-0.22101E+03,0.00000E+03,0.00000E+03,+99999.9E+99,+99999.9E+99,+99999.9E+99,+99999.9E+99,+99999.9E+99,+99999.9E+99,+99999.9E+99,+99999.9E+99,+99999.9E+99,+99999.9E+99,+99999.9E+99,+99999.9E+99,1B00,0,0,0,1B00,77.1997E+00,77.2249E+00,77.0042E+00,77.1429E+00,72.2145E+00,72.4355E+00,71.9055E+00,72.1852E+00,77.1997E+00,77.2249E+00,77.0042E+00,0.0000E+00,0.0000E+00,0.0000E+00,70.4589E+00,71.0475E+00,70.9319E+00,105.443E+00,105.649E+00,105.533E+00,-104.443E+00,-104.810E+00,-104.804E+00,33.879E+00,33.920E+00,33.915E+00,+99999.9E+99,+99999.9E+99,+99999.9E+99,0.511E+00,13.6022E+00,13.1787E+00,13.5575E+00,13.4461E+00,12.5261E+00,12.1145E+00,12.4630E+00,12.3679E+00,13.6012E+00,13.1787E+00,13.5562E+00,-0.1649E+00,0.0000E+00,0.1908E+00,13.6836E+00,12.7740E+00,12.7261E+00,27.6619E+00,27.2638E+00,28.4771E+00,-26.5838E+00,-26.8333E+00,-26.7286E+00,40.383E+00,42.697E+00,42.933E+00,+99999.9E+99,+99999.9E+99,+99999.9E+99,4.559E+00,0.43033E+03,0.42223E+03,0.44453E+03,1.29709E+03,0.48457E+03,0.44133E+03,0.46635E+03,1.39225E+03,0.61294E+03,0.59370E+03,0.60958E+03,1.81622E+03,0.55157E+03,0.51656E+03,0.52044E+03,1.58759E+03,-0.43648E+03,-0.41737E+03,-0.41711E+03,-1.27096E+03,-0.26349E+03,-0.26844E+03,-0.23102E+03,-0.76295E+03,-0.70207E+00,-0.71119E+00,-0.72924E+00,-0.71417E+00,-0.87852E+00,-0.85437E+00,-0.89608E+00,-0.87696E+00,0.000E+00,119.838E+00,-119.666E+00,58.813E+00,-178.910E+00,-63.532E+00,-45.407E+00,-44.668E+00,-43.177E+00,-44.425E+00,202.117E+00,201.536E+00,201.711E+00,89.482E+00,+99999.9E+99,+99999.9E+99,0.00014E+06,-0.00074E+06,0.00000E+00,14.634E+00,0.757E+03,0.00116E+06,43.791E+00,F0F0F
2021/11/30,17:33:58,00000:00:23,100,38003F00,500,1F00,1F00,3F00,99.932E+00,0.000E+00,0.000E+00,110.995E+00,0.000E+00,0.000E+00,0.489E+00,0.000E+00,0.000E+00,99.931E+00,0.000E+00,0.000E+00,0.000E+00,0.000E+00,0.000E+00,100.921E+00,0.000E+00,0.000E+00,98.804E+00,0.000E+00,0.000E+00,22.957E+00,+99999.9E+99,+99999.9E+99,1.060E+00,+99999.9E+99,+99999.9E+99,11.6419E+00,0.00000E+00,0.00000E+00,11.9818E+00,0.00000E+00,0.00000E+00,4.3778E+00,0.00000E+00,0.00000E+00,10.7874E+00,0.00000E+00,0.00000E+00,4.3627E+00,0.00000E+00,0.00000E+00,18.0331E+00,0.0000E+00,0.0000E+00,4.1238E+00,0.0000E+00,0.0000E+00,8.550E+00,+99999.9E+99,+99999.9E+99,64.470E+00,+99999.9E+99,+99999.9E+99,1.07608E+03,0.00000E+03,0.00000E+03,0.00000E+03,0.00000E+03,0.00000E+03,1.16339E+03,0.00000E+03,0.00000E+03,0.00000E+03,0.00000E+03,0.00000E+03,0.44219E+03,0.00000E+03,0.00000E+03,0.00000E+03,0.00000E+03,0.00000E+03,0.92495E+00,0.00000E+00,0.00000E+00,0.90512E+00,0.25808E+00,0.99953E+00,0.000E+00,155.427E+00,168.267E+00,154.839E+00,-99.617E+00,-9.977E+00,22.339E+00,90.000E+00,90.000E+00,12.6175E+00,0.00000E+00,0.00000E+00,72.255E+00,100.000E+00,100.000E+00,0.29856E+03,0.00000E+03,0.00000E+03,+99999.9E+99,+99999.9E+99,+99999.9E+99,+99999.9E+99,+99999.9E+99,+99999.9E+99,+99999.9E+99,+99999.9E+99,+99999.9E+99,+99999.9E+99,+99999.9E+99,+99999.9E+99,1B00,0,0,0,1B00,76.2758E+00,76.6428E+00,76.4974E+00,76.4720E+00,72.1939E+00,72.8799E+00,72.6096E+00,72.5611E+00,76.2758E+00,76.6428E+00,76.4974E+00,0.0000E+00,0.0000E+00,0.0000E+00,71.9127E+00,71.7498E+00,71.6897E+00,105.734E+00,106.071E+00,105.663E+00,-104.123E+00,-105.569E+00,-104.384E+00,27.226E+00,26.203E+00,26.937E+00,+99999.9E+99,+99999.9E+99,+99999.9E+99,0.185E+00,8.2495E+00,8.2187E+00,8.1610E+00,8.2097E+00,7.3422E+00,7.3283E+00,7.2620E+00,7.3108E+00,8.2488E+00,8.2178E+00,8.1579E+00,-0.1034E+00,-0.1197E+00,0.2241E+00,9.7225E+00,9.9227E+00,10.2588E+00,22.0405E+00,20.9319E+00,20.6486E+00,-18.7590E+00,-19.1295E+00,-19.7405E+00,48.521E+00,45.970E+00,44.519E+00,+99999.9E+99,+99999.9E+99,+99999.9E+99,4.290E+00,0.26022E+03,0.25612E+03,0.26119E+03,0.77753E+03,0.33591E+03,0.36030E+03,0.36351E+03,1.05971E+03,0.36488E+03,0.36399E+03,0.36236E+03,1.09123E+03,0.39087E+03,0.40286E+03,0.41962E+03,1.21275E+03,-0.25578E+03,-0.25864E+03,-0.25117E+03,-0.76559E+03,-0.19987E+03,-0.18023E+03,-0.20963E+03,-0.58973E+03,-0.71317E+00,-0.70363E+00,-0.72079E+00,-0.71252E+00,-0.85938E+00,-0.89435E+00,-0.86627E+00,-0.87381E+00,0.000E+00,120.132E+00,-120.044E+00,60.679E+00,176.677E+00,-59.969E+00,-44.506E+00,-45.281E+00,-43.880E+00,-44.560E+00,201.695E+00,201.974E+00,201.909E+00,95.044E+00,+99999.9E+99,+99999.9E+99,0.00004E+06,-0.00048E+06,0.00000E+00,9.335E+00,0.756E+03,0.00074E+06,43.780E+00,F0F08
2021/11/30,17:33:58,00000:00:23,150,38003F00,700,1F00,1F00,3F00,99.932E+00,0.000E+00,0.000E+00,110.995E+00,0.000E+00,0.000E+00,0.489E+00,0.000E+00,0.000E+00,99.931E+00,0.000E+00,0.000E+00,0.000E+00,0.000E+00,0.000E+00,100.921E+00,0.000E+00,0.000E+00,98.804E+00,0.000E+00,0.000E+00,22.957E+00,+99999.9E+99,+99999.9E+99,1.060E+00,+99999.9E+99,+99999.9E+99,11.6419E+00,0.00000E+00,0.00000E+00,11.9818E+00,0.00000E+00,0.00000E+00,4.3778E+00,0.00000E+00,0.00000E+00,10.7874E+00,0.00000E+00,0.00000E+00,4.3627E+00,0.00000E+00,0.00000E+00,18.0331E+00,0.0000E+00,0.0000E+00,4.1238E+00,0.0000E+00,0.0000E+00,8.550E+00,+99999.9E+99,+99999.9E+99,64.470E+00,+99999.9E+99,+99999.9E+99,1.07608E+03,0.00000E+03,0.00000E+03,0.00000E+03,0.00000E+03,0.00000E+03,1.16339E+03,0.00000E+03,0.00000E+03,0.00000E+03,0.00000E+03,0.00000E+03,0.44219E+03,0.00000E+03,0.00000E+03,0.00000E+03,0.00000E+03,0.00000E+03,0.92495E+00,0.00000E+00,0.00000E+00,0.90512E+00,0.25808E+00,0.99953E+00,0.000E+00,155.427E+00,168.267E+00,154.839E+00,-99.617E+00,-9.977E+00,22.339E+00,90.000E+00,90.000E+00,12.6175E+00,0.00000E+00,0.00000E+00,117.333E+00,100.000E+00,100.000E+00,-0.18652E+03,0.00000E+03,0.00000E+03,+99999.9E+99,+99999.9E+99,+99999.9E+99,+99999.9E+99,+99999.9E+99,+99999.9E+99,+99999.9E+99,+99999.9E+99,+99999.9E+99,+99999.9E+99,+99999.9E+99,+99999.9E+99,1B00,0,0,0,1B00,77.0874E+00,77.1741E+00,77.1259E+00,77.1292E+00,72.1598E+00,72.5421E+00,72.3062E+00,72.3360E+00,77.0874E+00,77.1741E+00,77.1259E+00,0.0000E+00,0.0000E+00,0.0000E+00,72.7309E+00,73.1186E+00,72.9755E+00,105.711E+00,106.129E+00,105.831E+00,-105.009E+00,-104.681E+00,-104.584E+00,16.326E+00,16.605E+00,16.925E+00,+99999.9E+99,+99999.9E+99,+99999.9E+99,0.318E+00,13.4431E+00,12.9630E+00,13.1578E+00,13.1880E+00,12.2396E+00,11.7527E+00,11.8163E+00,11.9362E+00,13.4418E+00,12.9588E+00,13.1476E+00,-0.1840E+00,-0.3321E+00,0.5170E+00,6.4562E+00,5.8035E+00,5.7058E+00,27.7729E+00,27.1105E+00,28.4843E+00,-26.7295E+00,-27.1048E+00,-26.3662E+00,49.551E+00,53.885E+00,54.758E+00,+99999.9E+99,+99999.9E+99,+99999.9E+99,6.596E+00,0.42981E+03,0.40725E+03,0.42555E+03,1.26261E+03,0.23196E+03,0.20397E+03,0.21939E+03,0.65533E+03,0.60582E+03,0.58247E+03,0.59119E+03,1.77947E+03,0.25923E+03,0.23501E+03,0.23799E+03,0.73135E+03,-0.42694E+03,-0.41643E+03,-0.41038E+03,-1.25375E+03,-0.11572E+03,-0.11673E+03,-0.09222E+03,-0.32467E+03,-0.70947E+00,-0.69918E+00,-0.71982E+00,-0.70954E+00,-0.89483E+00,-0.86793E+00,-0.92187E+00,-0.89606E+00,0.000E+00,119.952E+00,-119.754E+00,56.693E+00,179.667E+00,-67.068E+00,-44.808E+00,-45.639E+00,-43.960E+00,-44.803E+00,201.734E+00,201.408E+00,201.652E+00,90.917E+00,+99999.9E+99,+99999.9E+99,0.00011E+06,-0.00074E+06,0.00000E+00,14.478E+00,0.757E+03,0.00115E+06,43.701E+00,F0F08
2021/11/30,17:33:58,00000:00:23,200,38003F00,500,1F00,1F00,3F00,99.932E+00,0.000E+00,0.000E+00,110.995E+00,0.000E+00,0.000E+00,0.489E+00,0.000E+00,0.000E+00,99.931E+00,0.000E+00,0.000E+00,0.000E+00,0.000E+00,0.000E+00,100.921E+00,0.000E+00,0.000E+00,98.804E+00,0.000E+00,0.000E+00,64.689E+00,447.853E+00,+99999.9E+99,1.060E+00,+99999.9E+99,+99999.9E+99,11.6419E+00,0.00000E+00,0.00000E+00,11.9818E+00,0.00000E+00,0.00000E+00,4.3778E+00,0.00000E+00,0.00000E+00,10.7874E+00,0.00000E+00,0.00000E+00,4.0385E+00,0.00000E+00,0.00000E+00,18.0331E+00,0.0000E+00,0.0000E+00,4.1238E+00,0.0000E+00,0.0000E+00,46.849E+00,+99999.9E+99,+99999.9E+99,64.470E+00,+99999.9E+99,+99999.9E+99,1.07608E+03,0.00000E+03,0.00000E+03,0.00000E+03,0.00000E+03,0.00000E+03,1.16339E+03,0.00000E+03,0.00000E+03,0.00000E+03,0.00000E+03,0.00000E+03,0.44219E+03,0.00000E+03,0.00000E+03,0.00000E+03,0.00000E+03,0.00000E+03,0.92495E+00,0.00000E+00,0.00000E+00,0.89499E+00,0.58583E+00,0.90686E+00,0.000E+00,144.667E+00,136.312E+00,153.507E+00,18.805E+00,-68.613E+00,22.339E+00,90.000E+00,90.000E+00,12.6175E+00,0.00000E+00,0.00000E+00,99.670E+00,100.000E+00,100.000E+00,0.00355E+03,0.00000E+03,0.00000E+03,+99999.9E+99,+99999.9E+99,+99999.9E+99,+99999.9E+99,+99999.9E+99,+99999.9E+99,+99999.9E+99,+99999.9E+99,+99999.9E+99,+99999.9E+99,+99999.9E+99,+99999.9E+99,1B00,0,0,0,1B00,76.7451E+00,77.0717E+00,76.8248E+00,76.8805E+00,71.9678E+00,72.5755E+00,72.1213E+00,72.2215E+00,76.7451E+00,77.0717E+00,76.8248E+00,0.0000E+00,0.0000E+00,0.0000E+00,70.0174E+00,70.2340E+00,70.1579E+00,105.506E+00,105.814E+00,105.730E+00,-104.384E+00,-104.811E+00,-104.636E+00,39.019E+00,38.815E+00,38.805E+00,+99999.9E+99,+99999.9E+99,+99999.9E+99,0.185E+00,11.9159E+00,11.7482E+00,12.0304E+00,11.8982E+00,10.3484E+00,10.2692E+00,10.4601E+00,10.3592E+00,11.9159E+00,11.7482E+00,12.0304E+00,0.0000E+00,0.0000E+00,0.0000E+00,15.3967E+00,14.9761E+00,15.1678E+00,27.8481E+00,27.1143E+00,28.5514E+00,-26.4514E+00,-27.2281E+00,-26.6367E+00,39.411E+00,40.453E+00,39.538E+00,+99999.9E+99,+99999.9E+99,+99999.9E+99,1.688E+00,0.35181E+03,0.35398E+03,0.36675E+03,1.07253E+03,0.54326E+03,0.52676E+03,0.54345E+03,1.61347E+03,0.53213E+03,0.52595E+03,0.53938E+03,1.59747E+03,0.62145E+03,0.60415E+03,0.61373E+03,1.83919E+03,-0.39925E+03,-0.38901E+03,-0.39551E+03,-1.18377E+03,-0.30177E+03,-0.29584E+03,-0.28518E+03,-0.88280E+03,-0.66113E+00,-0.67302E+00,-0.67994E+00,-0.67140E+00,-0.87419E+00,-0.87190E+00,-0.88548E+00,-0.87727E+00,0.000E+00,119.964E+00,-119.862E+00,59.155E+00,179.250E+00,-62.243E+00,-48.614E+00,-47.699E+00,-47.161E+00,-47.825E+00,201.903E+00,202.280E+00,201.790E+00,90.523E+00,+99999.9E+99,+99999.9E+99,0.00010E+06,-0.00062E+06,0.00000E+00,12.251E+00,0.757E+03,0.00097E+06,43.778E+00,F0F08
2021/11/30,17:33:58,00000:00:23,250,38003A00,2A00,3800,3800,3800,99.865E+00,0.000E+00,0.000E+00,110.921E+00,0.000E+00,0.000E+00,0.510E+00,0.000E+00,0.000E+00,99.864E+00,0.000E+00,0.000E+00,0.000E+00,0.000E+00,0.000E+00,100.975E+00,0.000E+00,0.000E+00,98.804E+00,0.000E+00,0.000E+00,64.689E+00,447.853E+00,+99999.9E+99,1.087E+00,+99999.9E+99,+99999.9E+99,12.1237E+00,0.00000E+00,0.00000E+00,12.4107E+00,0.00000E+00,0.00000E+00,4.7049E+00,0.00000E+00,0.00000E+00,11.1735E+00,0.00000E+00,0.00000E+00,4.0385E+00,0.00000E+00,0.00000E+00,18.2857E+00,0.0000E+00,0.0000E+00,3.4829E+00,0.0000E+00,0.0000E+00,46.849E+00,+99999.9E+99,+99999.9E+99,66.241E+00,+99999.9E+99,+99999.9E+99,1.11367E+03,0.00000E+03,0.00000E+03,0.00000E+03,0.00000E+03,0.00000E+03,1.21073E+03,0.00000E+03,0.00000E+03,0.00000E+03,0.00000E+03,0.00000E+03,0.47500E+03,0.00000E+03,0.00000E+03,0.00000E+03,0.00000E+03,0.00000E+03,0.91983E+00,0.00000E+00,0.00000E+00,0.89499E+00,0.58583E+00,0.90686E+00,0.000E+00,144.667E+00,136.312E+00,153.507E+00,18.805E+00,-68.613E+00,23.099E+00,90.000E+00,90.000E+00,0.00000E+00,0.00000E+00,0.00000E+00,77.636E+00,100.000E+00,100.000E+00,0.24906E+03,0.00000E+03,0.00000E+03,+99999.9E+99,+99999.9E+99,+99999.9E+99,+99999.9E+99,+99999.9E+99,+99999.9E+99,+99999.9E+99,+99999.9E+99,+99999.9E+99,+99999.9E+99,+99999.9E+99,+99999.9E+99,1B00,0,0,0,1B00,76.5482E+00,76.6361E+00,76.5671E+00,76.5838E+00,72.4323E+00,72.7970E+00,72.5228E+00,72.5840E+00,76.5482E+00,76.6361E+00,76.5671E+00,0.0000E+00,0.0000E+00,0.0000E+00,72.8660E+00,72.6915E+00,72.6370E+00,105.839E+00,106.077E+00,105.803E+00,-105.021E+00,-104.869E+00,-104.557E+00,17.943E+00,17.406E+00,17.431E+00,+99999.9E+99,+99999.9E+99,+99999.9E+99,0.190E+00,9.6248E+00,9.1111E+00,9.2431E+00,9.3263E+00,8.3366E+00,7.9033E+00,7.9361E+00,8.0587E+00,9.6236E+00,9.1076E+00,9.2343E+00,-0.1495E+00,-0.2542E+00,0.4046E+00,5.7969E+00,6.1442E+00,6.5211E+00,26.1014E+00,24.1695E+00,25.1190E+00,-26.5833E+00,-25.4476E+00,-22.5371E+00,59.686E+00,54.576E+00,51.854E+00,+99999.9E+99,+99999.9E+99,+99999.9E+99,5.124E+00,0.29625E+03,0.27685E+03,0.29151E+03,0.86461E+03,0.20328E+03,0.22029E+03,0.22406E+03,0.64762E+03,0.42815E+03,0.40429E+03,0.41016E+03,1.24260E+03,0.24035E+03,0.24751E+03,0.26125E+03,0.74858E+03,-0.30911E+03,-0.29463E+03,-0.28853E+03,-0.89227E+03,-0.12824E+03,-0.11284E+03,-0.13436E+03,-0.37544E+03,-0.69192E+00,-0.68478E+00,-0.71073E+00,-0.69581E+00,-0.84576E+00,-0.89003E+00,-0.85762E+00,-0.86514E+00,0.000E+00,120.124E+00,-120.059E+00,62.166E+00,177.225E+00,-59.006E+00,-46.217E+00,-46.782E+00,-44.706E+00,-45.908E+00,201.975E+00,201.356E+00,202.070E+00,94.588E+00,+99999.9E+99,+99999.9E+99,0.00005E+06,-0.00054E+06,0.00000E+00,10.326E+00,0.756E+03,0.00082E+06,43.834E+00,F0F08
2021/11/30,17:33:58,00000:00:23,300,38003F00,2D00,3F00,3F00,3F00,99.865E+00,0.000E+00,0.000E+00,110.921E+00,0.000E+00,0.000E+00,0.510E+00,0.000E+00,0.000E+00,99.864E+00,0.000E+00,0.000E+00,0.000E+00,0.000E+00,0.000E+00,100.975E+00,0.000E+00,0.000E+00,98.804E+00,0.000E+00,0.000E+00,36.537E+00,+99999.9E+99,429.449E+00,1.087E+00,+99999.9E+99,+99999.9E+99,12.1237E+00,0.00000E+00,0.00000E+00,12.4107E+00,0.00000E+00,0.00000E+00,4.7049E+00,0.00000E+00,0.00000E+00,11.1735E+00,0.00000E+00,0.00000E+00,4.2941E+00,0.00000E+00,0.00000E+00,18.2857E+00,0.0000E+00,0.0000E+00,3.4829E+00,0.0000E+00,0.0000E+00,44.938E+00,+99999.9E+99,+99999.9E+99,66.241E+00,+99999.9E+99,+99999.9E+99,1.11367E+03,0.00000E+03,0.00000E+03,0.00000E+03,0.00000E+03,0.00000E+03,1.21073E+03,0.00000E+03,0.00000E+03,0.00000E+03,0.00000E+03,0.00000E+03,0.47500E+03,0.00000E+03,0.00000E+03,0.00000E+03,0.00000E+03,0.00000E+03,0.91983E+00,0.00000E+00,0.00000E+00,0.92948E+00,0.27819E+00,0.71712E+00,0.000E+00,-75.345E+00,158.044E+00,158.353E+00,-1.497E+00,22.227E+00,23.099E+00,90.000E+00,90.000E+00,0.00000E+00,0.00000E+00,0.00000E+00,119.108E+00,100.000E+00,100.000E+00,-0.21280E+03,0.00000E+03,0.00000E+03,+99999.9E+99,+99999.9E+99,+99999.9E+99,+99999.9E+99,+99999.9E+99,+99999.9E+99,+99999.9E+99,+99999.9E+99,+99999.9E+99,+99999.9E+99,+99999.9E+99,+99999.9E+99,1B00,0,0,0,1B00,76.9821E+00,77.4683E+00,77.3256E+00,77.2587E+00,71.6108E+00,72.4872E+00,72.2436E+00,72.1138E+00,76.9821E+00,77.4683E+00,77.3256E+00,0.0000E+00,0.0000E+00,0.0000E+00,71.7127E+00,72.3103E+00,72.0973E+00,105.860E+00,106.063E+00,105.726E+00,-103.934E+00,-104.530E+00,-104.621E+00,25.325E+00,25.491E+00,25.474E+00,+99999.9E+99,+99999.9E+99,+99999.9E+99,0.480E+00,13.7987E+00,13.4930E+00,13.6149E+00,13.6355E+00,12.8689E+00,12.6921E+00,12.6283E+00,12.7297E+00,13.7977E+00,13.4908E+00,13.6089E+00,-0.1603E+00,-0.2432E+00,0.4046E+00,10.2117E+00,9.3320E+00,9.4879E+00,27.6848E+00,27.0914E+00,28.5552E+00,-26.4533E+00,-27.2567E+00,-26.6757E+00,43.853E+00,46.716E+00,46.990E+00,+99999.9E+99,+99999.9E+99,+99999.9E+99,6.844E+00,0.44656E+03,0.43500E+03,0.44491E+03,1.32647E+03,0.37290E+03,0.32610E+03,0.35182E+03,1.05082E+03,0.62086E+03,0.60787E+03,0.61580E+03,1.84454E+03,0.41650E+03,0.37705E+03,0.38152E+03,1.17350E+03,-0.43135E+03,-0.42459E+03,-0.42576E+03,-1.28169E+03,-0.18552E+03,-0.18927E+03,-0.14759E+03,-0.52239E+03,-0.71925E+00,-0.71562E+00,-0.72249E+00,-0.71913E+00,-0.89532E+00,-0.86488E+00,-0.92214E+00,-0.89545E+00,0.000E+00,119.914E+00,-119.637E+00,56.722E+00,179.952E+00,-67.056E+00,-44.007E+00,-44.306E+00,-43.740E+00,-44.017E+00,201.294E+00,202.182E+00,201.044E+00,90.261E+00,+99999.9E+99,+99999.9E+99,0.00013E+06,-0.00076E+06,0.00000E+00,15.101E+00,0.757E+03,0.00120E+06,43.581E+00,F0F08
2021/11/30,17:33:58,00000:00:23,350,38003F00,2800,3B00,3B00,3F00,100.046E+00,0.000E+00,0.000E+00,111.122E+00,0.000E+00,0.000E+00,0.503E+00,0.000E+00,0.000E+00,100.045E+00,0.000E+00,0.000E+00,0.000E+00,0.000E+00,0.000E+00,100.968E+00,0.000E+00,0.000E+00,98.850E+00,0.000E+00,0.000E+00,36.537E+00,+99999.9E+99,429.449E+00,1.058E+00,+99999.9E+99,+99999.9E+99,11.1706E+00,0.00000E+00,0.00000E+00,11.3965E+00,0.00000E+00,0.00000E+00,4.4166E+00,0.00000E+00,0.00000E+00,10.2604E+00,0.00000E+00,0.00000E+00,4.2941E+00,0.00000E+00,0.00000E+00,18.3271E+00,0.0000E+00,0.0000E+00,3.9724E+00,0.0000E+00,0.0000E+00,44.938E+00,+99999.9E+99,+99999.9E+99,69.952E+00,+99999.9E+99,+99999.9E+99,1.02452E+03,0.00000E+03,0.00000E+03,0.00000E+03,0.00000E+03,0.00000E+03,1.11758E+03,0.00000E+03,0.00000E+03,0.00000E+03,0.00000E+03,0.00000E+03,-0.44647E+03,0.00000E+03,0.00000E+03,0.00000E+03,0.00000E+03,0.00000E+03,-0.91673E+00,0.00000E+00,0.00000E+00,0.92948E+00,0.27819E+00,0.71712E+00,0.000E+00,-75.345E+00,158.044E+00,158.353E+00,-1.497E+00,22.227E+00,-23.547E+00,90.000E+00,90.000E+00,9.48525E+00,0.00000E+00,0.00000E+00,85.114E+00,100.000E+00,100.000E+00,0.15251E+03,0.00000E+03,0.00000E+03,+99999.9E+99,+99999.9E+99,+99999.9E+99,+99999.9E+99,+99999.9E+99,+99999.9E+99,+99999.9E+99,+99999.9E+99,+99999.9E+99,+99999.9E+99,+99999.9E+99,+99999.9E+99,1B00,0,0,0,1B00,76.6872E+00,76.6572E+00,76.3763E+00,76.5736E+00,72.5299E+00,72.6587E+00,72.0216E+00,72.4034E+00,76.6872E+00,76.6572E+00,76.3763E+00,0.0000E+00,0.0000E+00,0.0000E+00,70.7299E+00,70.6338E+00,70.4811E+00,105.903E+00,106.136E+00,105.779E+00,-104.166E+00,-104.709E+00,-104.611E+00,35.125E+00,34.658E+00,35.033E+00,+99999.9E+99,+99999.9E+99,+99999.9E+99,0.204E+00,9.7663E+00,9.3440E+00,9.9542E+00,9.6882E+00,8.4226E+00,8.0615E+00,8.4712E+00,8.3184E+00,9.7658E+00,9.3440E+00,9.9542E+00,-0.1024E+00,0.0000E+00,0.0000E+00,13.0807E+00,13.1277E+00,13.6813E+00,26.4790E+00,24.9000E+00,27.2186E+00,-25.5733E+00,-23.3105E+00,-26.6305E+00,43.602E+00,42.860E+00,40.850E+00,+99999.9E+99,+99999.9E+99,+99999.9E+99,2.595E+00,0.28545E+03,0.28290E+03,0.30366E+03,0.87202E+03,0.45042E+03,0.46538E+03,0.47458E+03,1.39038E+03,0.43427E+03,0.41577E+03,0.44157E+03,1.29162E+03,0.52841E+03,0.53085E+03,0.54896E+03,1.60791E+03,-0.32728E+03,-0.30468E+03,-0.32059E+03,-0.95255E+03,-0.27630E+03,-0.25538E+03,-0.27593E+03,-0.80761E+03,-0.65731E+00,-0.68043E+00,-0.68768E+00,-0.67513E+00,-0.85241E+00,-0.87668E+00,-0.86450E+00,-0.86471E+00,0.000E+00,120.181E+00,-119.985E+00,61.475E+00,178.871E+00,-59.694E+00,-48.905E+00,-47.123E+00,-46.554E+00,-47.535E+00,202.261E+00,201.502E+00,202.436E+00,92.292E+00,+99999.9E+99,+99999.9E+99,0.00007E+06,-0.00052E+06,0.00000E+00,10.165E+00,0.756E+03,0.00080E+06,43.927E+00,F0F08
2021/11/30,17:33:58,00000:00:23,400,38003F00,0,1B00,1B00,3F00,99.943E+00,0.000E+00,0.000E+00,111.007E+00,0.000E+00,0.000E+00,0.535E+00,0.000E+00,0.000E+00,99.941E+00,0.000E+00,0.000E+00,0.000E+00,0.000E+00,0.000E+00,101.018E+00,0.000E+00,0.000E+00,98.814E+00,0.000E+00,0.000E+00,113.906E+00,+99999.9E+99,+99999.9E+99,1.102E+00,+99999.9E+99,+99999.9E+99,11.7392E+00,0.00000E+00,0.00000E+00,11.9011E+00,0.00000E+00,0.00000E+00,4.7961E+00,0.00000E+00,0.00000E+00,10.7148E+00,0.00000E+00,0.00000E+00,2.9863E+00,0.00000E+00,0.00000E+00,18.3250E+00,0.0000E+00,0.0000E+00,3.4576E+00,0.0000E+00,0.0000E+00,110.907E+00,+99999.9E+99,+99999.9E+99,69.378E+00,+99999.9E+99,+99999.9E+99,1.06854E+03,0.00000E+03,0.00000E+03,0.00000E+03,0.00000E+03,0.00000E+03,1.17325E+03,0.00000E+03,0.00000E+03,0.00000E+03,0.00000E+03,0.00000E+03,0.48449E+03,0.00000E+03,0.00000E+03,0.00000E+03,0.00000E+03,0.00000E+03,0.91076E+00,0.00000E+00,0.00000E+00,0.80709E+00,0.51654E+00,0.82887E+00,0.000E+00,-18.708E+00,-178.469E+00,143.812E+00,102.392E+00,-144.452E+00,24.390E+00,90.000E+00,90.000E+00,12.3417E+00,0.00000E+00,0.00000E+00,96.491E+00,100.000E+00,100.000E+00,0.03750E+03,0.00000E+03,0.00000E+03,+99999.9E+99,+99999.9E+99,+99999.9E+99,+99999.9E+99,+99999.9E+99,+99999.9E+99,+99999.9E+99,+99999.9E+99,+99999.9E+99,+99999.9E+99,+99999.9E+99,+99999.9E+99,1B00,0,0,0,1B00,76.5236E+00,76.9799E+00,77.0097E+00,76.8378E+00,71.7839E+00,72.6744E+00,72.6992E+00,72.3858E+00,76.5236E+00,76.9799E+00,77.0097E+00,0.0000E+00,0.0000E+00,0.0000E+00,73.0889E+00,73.1912E+00,73.0953E+00,105.880E+00,106.144E+00,105.754E+00,-104.737E+00,-103.927E+00,-105.491E+00,13.891E+00,13.688E+00,14.017E+00,+99999.9E+99,+99999.9E+99,+99999.9E+99,0.090E+00,11.6749E+00,11.4279E+00,11.2269E+00,11.4432E+00,9.9714E+00,9.8249E+00,9.5261E+00,9.7741E+00,11.6737E+00,11.4210E+00,11.2129E+00,-0.1633E+00,-0.3966E+00,0.5608E+00,4.7649E+00,4.5398E+00,4.7322E+00,27.8000E+00,27.1490E+00,28.6267E+00,-26.7214E+00,-27.2019E+00,-26.1514E+00,59.055E+00,60.454E+00,57.237E+00,+99999.9E+99,+99999.9E+99,+99999.9E+99,2.406E+00,0.35507E+03,0.33544E+03,0.34054E+03,1.03105E+03,0.17057E+03,0.16726E+03,0.17549E+03,0.51333E+03,0.52099E+03,0.50910E+03,0.50267E+03,1.53276E+03,0.19640E+03,0.19006E+03,0.19755E+03,0.58393E+03,-0.38126E+03,-0.38297E+03,-0.36974E+03,-1.13396E+03,-0.09736E+03,-0.09026E+03,-0.09072E+03,-0.27833E+03,-0.68153E+00,-0.65888E+00,-0.67747E+00,-0.67267E+00,-0.86849E+00,-0.88004E+00,-0.88833E+00,-0.87909E+00,0.000E+00,120.040E+00,-119.913E+00,59.760E+00,178.350E+00,-62.578E+00,-47.037E+00,-48.785E+00,-47.354E+00,-47.726E+00,201.168E+00,201.924E+00,201.201E+00,93.036E+00,+99999.9E+99,+99999.9E+99,0.00007E+06,-0.00062E+06,0.00000E+00,12.117E+00,0.756E+03,0.00096E+06,43.629E+00,F0F0F
2021/11/30,17:33:58,00000:00:23,450,38003F00,700,1C00,1C00,3800,99.943E+00,0.000E+00,0.000E+00,111.007E+00,0.000E+00,0.000E+00,0.535E+00,0.000E+00,0.000E+00,99.941E+00,0.000E+00,0.000E+00,0.000E+00,0.000E+00,0.000E+00,101.018E+00,0.000E+00,0.000E+00,98.814E+00,0.000E+00,0.000E+00,21.752E+00,+99999.9E+99,+99999.9E+99,1.102E+00,+99999.9E+99,+99999.9E+99,11.7392E+00,0.00000E+00,0.00000E+00,11.9011E+00,0.00000E+00,0.00000E+00,4.7961E+00,0.00000E+00,0.00000E+00,10.7148E+00,0.00000E+00,0.00000E+00,4.8238E+00,0.00000E+00,0.00000E+00,18.3250E+00,0.0000E+00,0.0000E+00,3.4576E+00,0.0000E+00,0.0000E+00,13.327E+00,+99999.9E+99,+99999.9E+99,69.378E+00,+99999.9E+99,+99999.9E+99,1.06854E+03,0.00000E+03,0.00000E+03,0.00000E+03,0.00000E+03,0.00000E+03,1.17325E+03,0.00000E+03,0.00000E+03,0.00000E+03,0.00000E+03,0.00000E+03,0.48449E+03,0.00000E+03,0.00000E+03,0.00000E+03,0.00000E+03,0.00000E+03,0.91076E+00,0.00000E+00,0.00000E+00,0.91688E+00,0.76062E+00,0.94753E+00,0.000E+00,158.350E+00,145.894E+00,156.474E+00,117.868E+00,127.250E+00,24.390E+00,90.000E+00,90.000E+00,12.3417E+00,0.00000E+00,0.00000E+00,122.153E+00,100.000E+00,100.000E+00,-0.23671E+03,0.00000E+03,0.00000E+03,+99999.9E+99,+99999.9E+99,+99999.9E+99,+99999.9E+99,+99999.9E+99,+99999.9E+99,+99999.9E+99,+99999.9E+99,+99999.9E+99,+99999.9E+99,+99999.9E+99,+99999.9E+99,1B00,0,0,0,1B00,77.1898E+00,77.2091E+00,76.9676E+00,77.1222E+00,72.2262E+00,72.4349E+00,71.8644E+00,72.1752E+00,77.1898E+00,77.2091E+00,76.9676E+00,0.0000E+00,0.0000E+00,0.0000E+00,70.4115E+00,71.0138E+00,70.9077E+00,105.273E+00,105.577E+00,105.469E+00,-104.636E+00,-104.997E+00,-104.519E+00,34.797E+00,34.779E+00,34.709E+00,+99999.9E+99,+99999.9E+99,+99999.9E+99,0.526E+00,13.6557E+00,13.2313E+00,13.6332E+00,13.5067E+00,12.5779E+00,12.1609E+00,12.5253E+00,12.4214E+00,13.6549E+00,13.2313E+00,13.6321E+00,-0.1529E+00,0.0000E+00,0.1722E+00,14.2032E+00,13.2503E+00,13.2333E+00,27.6867E+00,27.1905E+00,28.7405E+00,-26.6052E+00,-26.9686E+00,-26.8157E+00,39.403E+00,41.763E+00,42.030E+00,+99999.9E+99,+99999.9E+99,+99999.9E+99,4.526E+00,0.43233E+03,0.42506E+03,0.44787E+03,1.30526E+03,0.50793E+03,0.46335E+03,0.48903E+03,1.46032E+03,0.61509E+03,0.59599E+03,0.61279E+03,1.82387E+03,0.57190E+03,0.53546E+03,0.54029E+03,1.64665E+03,-0.43753E+03,-0.41776E+03,-0.41824E+03,-1.27353E+03,-0.26282E+03,-0.26838E+03,-0.22968E+03,-0.76088E+03,-0.70287E+00,-0.71320E+00,-0.73087E+00,-0.71565E+00,-0.88815E+00,-0.86533E+00,-0.90514E+00,-0.88684E+00,0.000E+00,119.821E+00,-119.666E+00,57.641E+00,179.848E+00,-64.738E+00,-45.342E+00,-44.504E+00,-43.041E+00,-44.303E+00,201.936E+00,201.334E+00,201.803E+00,89.653E+00,+99999.9E+99,+99999.9E+99,0.00014E+06,-0.00075E+06,0.00000E+00,14.763E+00,0.757E+03,0.00117E+06,43.775E+00,F0F08
2021/11/30,17:33:58,00000:00:23,500,38003F00,500,1F00,1F00,3F00,99.943E+00,0.000E+00,0.000E+00,111.007E+00,0.000E+00,0.000E+00,0.535E+00,0.000E+00,0.000E+00,99.941E+00,0.000E+00,0.000E+00,0.000E+00,0.000E+00,0.000E+00,101.018E+00,0.000E+00,0.000E+00,98.814E+00,0.000E+00,0.000E+00,21.752E+00,+99999.9E+99,+99999.9E+99,1.102E+00,+99999.9E+99,+99999.9E+99,11.7392E+00,0.00000E+00,0.00000E+00,11.9011E+00,0.00000E+00,0.00000E+00,4.7961E+00,0.00000E+00,0.00000E+00,10.7148E+00,0.00000E+00,0.00000E+00,4.8238E+00,0.00000E+00,0.00000E+00,18.3250E+00,0.0000E+00,0.0000E+00,3.4576E+00,0.0000E+00,0.0000E+00,13.327E+00,+99999.9E+99,+99999.9E+99,69.378E+00,+99999.9E+99,+99999.9E+99,1.06854E+03,0.00000E+03,0.00000E+03,0.00000E+03,0.00000E+03,0.00000E+03,1.17325E+03,0.00000E+03,0.00000E+03,0.00000E+03,0.00000E+03,0.00000E+03,0.48449E+03,0.00000E+03,0.00000E+03,0.00000E+03,0.00000E+03,0.00000E+03,0.91076E+00,0.00000E+00,0.00000E+00,0.91688E+00,0.76062E+00,0.94753E+00,0.000E+00,158.350E+00,145.894E+00,156.474E+00,117.868E+00,127.250E+00,24.390E+00,90.000E+00,90.000E+00,12.3417E+00,0.00000E+00,0.00000E+00,73.322E+00,100.000E+00,100.000E+00,0.28507E+03,0.00000E+03,0.00000E+03,+99999.9E+99,+99999.9E+99,+99999.9E+99,+99999.9E+99,+99999.9E+99,+99999.9E+99,+99999.9E+99,+99999.9E+99,+99999.9E+99,+99999.9E+99,+99999.9E+99,+99999.9E+99,1B00,0,0,0,1B00,76.2558E+00,76.6585E+00,76.5128E+00,76.4757E+00,72.1629E+00,72.9079E+00,72.6464E+00,72.5724E+00,76.2558E+00,76.6585E+00,76.5128E+00,0.0000E+00,0.0000E+00,0.0000E+00,71.8857E+00,71.7221E+00,71.6418E+00,105.684E+00,106.114E+00,105.860E+00,-104.089E+00,-105.370E+00,-104.513E+00,27.314E+00,26.277E+00,27.056E+00,+99999.9E+99,+99999.9E+99,+99999.9E+99,0.203E+00,8.2843E+00,8.2505E+00,8.1870E+00,8.2406E+00,7.3858E+00,7.3648E+00,7.2967E+00,7.3491E+00,8.2843E+00,8.2494E+00,8.1837E+00,0.0000E+00,-0.1378E+00,0.2309E+00,9.7699E+00,9.9801E+00,10.3373E+00,22.2838E+00,20.7933E+00,20.4886E+00,-18.5581E+00,-19.3595E+00,-19.9190E+00,48.357E+00,45.699E+00,44.237E+00,+99999.9E+99,+99999.9E+99,+99999.9E+99,4.434E+00,0.26259E+03,0.25782E+03,0.26306E+03,0.78347E+03,0.33802E+03,0.36340E+03,0.36681E+03,1.06823E+03,0.36641E+03,0.36541E+03,0.36364E+03,1.09546E+03,0.39261E+03,0.40519E+03,0.42251E+03,1.21967E+03,-0.25554E+03,-0.25895E+03,-0.25106E+03,-0.76555E+03,-0.19971E+03,-0.17923E+03,-0.20968E+03,-0.58862E+03,-0.71666E+00,-0.70557E+00,-0.72341E+00,-0.71520E+00,-0.86095E+00,-0.89685E+00,-0.86817E+00,-0.87584E+00,0.000E+00,120.151E+00,-120.036E+00,60.502E+00,176.365E+00,-60.169E+00,-44.221E+00,-45.125E+00,-43.663E+00,-44.340E+00,201.927E+00,201.915E+00,201.904E+00,94.661E+00,+99999.9E+99,+99999.9E+99,0.00004E+06,-0.00048E+06,0.00000E+00,9.370E+00,0.756E+03,0.00074E+06,43.851E+00,F0F08
2021/11/30,17:33:58,00000:00:23,550,38003F00,700,1F00,1F00,3F00,99.943E+00,0.000E+00,0.000E+00,111.007E+00,0.000E+00,0.000E+00,0.535E+00,0.000E+00,0.000E+00,99.941E+00,0.000E+00,0.000E+00,0.000E+00,0.000E+00,0.000E+00,101.018E+00,0.000E+00,0.000E+00,98.814E+00,0.000E+00,0.000E+00,63.679E+00,+99999.9E+99,435.078E+00,1.102E+00,+99999.9E+99,+99999.9E+99,11.7392E+00,0.00000E+00,0.00000E+00,11.9011E+00,0.00000E+00,0.00000E+00,4.7961E+00,0.00000E+00,0.00000E+00,10.7148E+00,0.00000E+00,0.00000E+00,4.0810E+00,0.00000E+00,0.00000E+00,18.3250E+00,0.0000E+00,0.0000E+00,3.4576E+00,0.0000E+00,0.0000E+00,46.587E+00,+99999.9E+99,+99999.9E+99,69.378E+00,+99999.9E+99,+99999.9E+99,1.06854E+03,0.00000E+03,0.00000E+03,0.00000E+03,0.00000E+03,0.00000E+03,1.17325E+03,0.00000E+03,0.00000E+03,0.00000E+03,0.00000E+03,0.00000E+03,0.48449E+03,0.00000E+03,0.00000E+03,0.00000E+03,0.00000E+03,0.00000E+03,0.91076E+00,0.00000E+00,0.00000E+00,0.88815E+00,0.54433E+00,0.78258E+00,0.000E+00,125.910E+00,163.722E+00,152.642E+00,-177.068E+00,125.220E+00,24.390E+00,90.000E+00,90.000E+00,12.3417E+00,0.00000E+00,0.00000E+00,118.279E+00,100.000E+00,100.000E+00,-0.19532E+03,0.00000E+03,0.00000E+03,+99999.9E+99,+99999.9E+99,+99999.9E+99,+99999.9E+99,+99999.9E+99,+99999.9E+99,+99999.9E+99,+99999.9E+99,+99999.9E+99,+99999.9E+99,+99999.9E+99,+99999.9E+99,1B00,0,0,0,1B00,77.0795E+00,77.2046E+00,77.0963E+00,77.1268E+00,72.1684E+00,72.5792E+00,72.2556E+00,72.3344E+00,77.0795E+00,77.2046E+00,77.0962E+00,0.0000E+00,0.0000E+00,0.0000E+00,72.6912E+00,73.1094E+00,72.9763E+00,105.776E+00,106.077E+00,105.773E+00,-104.369E+00,-104.866E+00,-104.614E+00,16.528E+00,16.638E+00,17.004E+00,+99999.9E+99,+99999.9E+99,+99999.9E+99,0.346E+00,13.4242E+00,12.9780E+00,13.1784E+00,13.1935E+00,12.2281E+00,11.7714E+00,11.8403E+00,11.9466E+00,13.4230E+00,12.9748E+00,13.1699E+00,-0.1818E+00,-0.2891E+00,0.4720E+00,6.5318E+00,5.8701E+00,5.7611E+00,27.7124E+00,27.1448E+00,28.6776E+00,-26.5052E+00,-27.0343E+00,-26.7762E+00,49.191E+00,53.538E+00,54.322E+00,+99999.9E+99,+99999.9E+99,+99999.9E+99,6.866E+00,0.42895E+03,0.40893E+03,0.42599E+03,1.26387E+03,0.23606E+03,0.20648E+03,0.22227E+03,0.66481E+03,0.60445E+03,0.58332E+03,0.59225E+03,1.78002E+03,0.26316E+03,0.23784E+03,0.24054E+03,0.74057E+03,-0.42586E+03,-0.41599E+03,-0.41145E+03,-1.25330E+03,-0.11630E+03,-0.11805E+03,-0.09194E+03,-0.32630E+03,-0.70965E+00,-0.70103E+00,-0.71927E+00,-0.71003E+00,-0.89704E+00,-0.86814E+00,-0.92406E+00,-0.89770E+00,0.000E+00,119.929E+00,-119.745E+00,56.422E+00,179.625E+00,-67.404E+00,-44.793E+00,-45.490E+00,-44.005E+00,-44.763E+00,201.219E+00,201.397E+00,201.726E+00,90.948E+00,+99999.9E+99,+99999.9E+99,0.00011E+06,-0.00074E+06,0.00000E+00,14.500E+00,0.757E+03,0.00115E+06,43.569E+00,F0F08
2021/11/30,17:33:58,00000:00:23,600,38003F00,2800,3B00,3B00,3F00,99.857E+00,0.000E+00,0.000E+00,110.912E+00,0.000E+00,0.000E+00,0.500E+00,0.000E+00,0.000E+00,99.856E+00,0.000E+00,0.000E+00,0.000E+00,0.000E+00,0.000E+00,100.943E+00,0.000E+00,0.000E+00,98.807E+00,0.000E+00,0.000E+00,63.679E+00,+99999.9E+99,435.078E+00,1.069E+00,+99999.9E+99,+99999.9E+99,12.1558E+00,0.00000E+00,0.00000E+00,12.4812E+00,0.00000E+00,0.00000E+00,4.6359E+00,0.00000E+00,0.00000E+00,11.2371E+00,0.00000E+00,0.00000E+00,4.0810E+00,0.00000E+00,0.00000E+00,18.3795E+00,0.0000E+00,0.0000E+00,3.3238E+00,0.0000E+00,0.0000E+00,46.587E+00,+99999.9E+99,+99999.9E+99,66.991E+00,+99999.9E+99,+99999.9E+99,1.12000E+03,0.00000E+03,0.00000E+03,0.00000E+03,0.00000E+03,0.00000E+03,1.21385E+03,0.00000E+03,0.00000E+03,0.00000E+03,0.00000E+03,0.00000E+03,0.46799E+03,0.00000E+03,0.00000E+03,0.00000E+03,0.00000E+03,0.00000E+03,0.92269E+00,0.00000E+00,0.00000E+00,0.88815E+00,0.54433E+00,0.78258E+00,0.000E+00,125.910E+00,163.722E+00,152.642E+00,-177.068E+00,125.220E+00,22.677E+00,90.000E+00,90.000E+00,0.00000E+00,0.00000E+00,0.00000E+00,97.260E+00,100.000E+00,100.000E+00,0.03069E+03,0.00000E+03,0.00000E+03,+99999.9E+99,+99999.9E+99,+99999.9E+99,+99999.9E+99,+99999.9E+99,+99999.9E+99,+99999.9E+99,+99999.9E+99,+99999.9E+99,+99999.9E+99,+99999.9E+99,+99999.9E+99,1B00,0,0,0,1B00,76.7561E+00,77.0850E+00,76.8461E+00,76.8957E+00,72.0310E+00,72.6370E+00,72.2023E+00,72.2901E+00,76.7561E+00,77.0850E+00,76.8460E+00,0.0000E+00,0.0000E+00,0.0000E+00,70.1399E+00,70.5095E+00,70.4288E+00,105.454E+00,106.011E+00,105.547E+00,-104.520E+00,-104.680E+00,-104.626E+00,37.626E+00,37.590E+00,37.538E+00,+99999.9E+99,+99999.9E+99,+99999.9E+99,0.323E+00,11.9396E+00,11.7710E+00,12.0488E+00,11.9198E+00,10.4515E+00,10.3847E+00,10.5669E+00,10.4677E+00,11.9391E+00,11.7710E+00,12.0488E+00,-0.1132E+00,0.0000E+00,0.0000E+00,15.0695E+00,14.4833E+00,14.5311E+00,27.7729E+00,27.1105E+00,28.4767E+00,-26.3457E+00,-27.1238E+00,-26.4148E+00,39.332E+00,40.735E+00,40.413E+00,+99999.9E+99,+99999.9E+99,+99999.9E+99,2.750E+00,0.35758E+03,0.35969E+03,0.37204E+03,1.08931E+03,0.53638E+03,0.50729E+03,0.52745E+03,1.57112E+03,0.53352E+03,0.52732E+03,0.54055E+03,1.60139E+03,0.60924E+03,0.58372E+03,0.59043E+03,1.78300E+03,-0.39596E+03,-0.38560E+03,-0.39215E+03,-1.17370E+03,-0.28891E+03,-0.28877E+03,-0.26534E+03,-0.84303E+03,-0.67022E+00,-0.68211E+00,-0.68827E+00,-0.68023E+00,-0.88041E+00,-0.86906E+00,-0.89333E+00,-0.88116E+00,0.000E+00,119.901E+00,-119.786E+00,58.484E+00,179.512E+00,-63.217E+00,-47.916E+00,-46.991E+00,-46.507E+00,-47.138E+00,202.245E+00,202.378E+00,201.815E+00,90.295E+00,+99999.9E+99,+99999.9E+99,0.00011E+06,-0.00062E+06,0.00000E+00,12.403E+00,0.757E+03,0.00098E+06,43.836E+00,F0F08
2021/11/30,17:33:58,00000:00:23,650,38003D00,2D00,3C00,3C00,3800,99.857E+00,0.000E+00,0.000E+00,110.912E+00,0.000E+00,0.000E+00,0.500E+00,0.000E+00,0.000E+00,99.856E+00,0.000E+00,0.000E+00,0.000E+00,0.000E+00,0.000E+00,100.943E+00,0.000E+00,0.000E+00,98.807E+00,0.000E+00,0.000E+00,37.071E+00,+99999.9E+99,427.439E+00,1.069E+00,+99999.9E+99,+99999.9E+99,12.1558E+00,0.00000E+00,0.00000E+00,12.4812E+00,0.00000E+00,0.00000E+00,4.6359E+00,0.00000E+00,0.00000E+00,11.2371E+00,0.00000E+00,0.00000E+00,4.1281E+00,0.00000E+00,0.00000E+00,18.3795E+00,0.0000E+00,0.0000E+00,3.3238E+00,0.0000E+00,0.0000E+00,45.433E+00,+99999.9E+99,+99999.9E+99,66.991E+00,+99999.9E+99,+99999.9E+99,1.12000E+03,0.00000E+03,0.00000E+03,0.00000E+03,0.00000E+03,0.00000E+03,1.21385E+03,0.00000E+03,0.00000E+03,0.00000E+03,0.00000E+03,0.00000E+03,0.46799E+03,0.00000E+03,0.00000E+03,0.00000E+03,0.00000E+03,0.00000E+03,0.92269E+00,0.00000E+00,0.00000E+00,0.92973E+00,0.53117E+00,0.12318E+00,0.000E+00,161.819E+00,154.207E+00,158.393E+00,-140.266E+00,71.282E+00,22.677E+00,90.000E+00,90.000E+00,0.00000E+00,0.00000E+00,0.00000E+00,76.473E+00,100.000E+00,100.000E+00,0.26350E+03,0.00000E+03,0.00000E+03,+99999.9E+99,+99999.9E+99,+99999.9E+99,+99999.9E+99,+99999.9E+99,+99999.9E+99,+99999.9E+99,+99999.9E+99,+99999.9E+99,+99999.9E+99,+99999.9E+99,+99999.9E+99,1B00,0,0,0,1B00,76.5566E+00,76.6539E+00,76.5802E+00,76.5969E+00,72.4206E+00,72.8064E+00,72.5231E+00,72.5834E+00,76.5566E+00,76.6539E+00,76.5802E+00,0.0000E+00,0.0000E+00,0.0000E+00,72.5016E+00,72.2751E+00,72.2663E+00,105.784E+00,106.030E+00,105.750E+00,-104.883E+00,-105.294E+00,-104.339E+00,22.382E+00,21.501E+00,22.042E+00,+99999.9E+99,+99999.9E+99,+99999.9E+99,0.211E+00,9.5829E+00,9.0572E+00,9.2025E+00,9.2808E+00,8.2906E+00,7.8472E+00,7.8904E+00,8.0094E+00,9.5816E+00,9.0537E+00,9.1935E+00,-0.1558E+00,-0.2504E+00,0.4072E+00,7.6521E+00,8.0905E+00,8.2790E+00,26.1295E+00,24.1081E+00,25.1362E+00,-26.6638E+00,-25.4062E+00,-22.4900E+00,52.815E+00,48.563E+00,47.450E+00,+99999.9E+99,+99999.9E+99,+99999.9E+99,4.633E+00,0.29334E+03,0.27391E+03,0.28925E+03,0.85650E+03,0.27075E+03,0.29246E+03,0.29405E+03,0.85726E+03,0.42633E+03,0.40196E+03,0.40843E+03,1.23672E+03,0.31419E+03,0.32554E+03,0.33917E+03,0.97833E+03,-0.30937E+03,-0.29419E+03,-0.28835E+03,-0.89190E+03,-0.15941E+03,-0.14297E+03,-0.16903E+03,-0.47141E+03,-0.68806E+00,-0.68143E+00,-0.70821E+00,-0.69256E+00,-0.86173E+00,-0.89840E+00,-0.86697E+00,-0.87625E+00,0.000E+00,120.106E+00,-120.101E+00,60.386E+00,176.155E+00,-60.105E+00,-46.523E+00,-47.044E+00,-44.910E+00,-46.167E+00,201.780E+00,201.445E+00,202.190E+00,94.446E+00,+99999.9E+99,+99999.9E+99,0.00005E+06,-0.00054E+06,0.00000E+00,10.212E+00,0.756E+03,0.00081E+06,43.767E+00,F0F08
2021/11/30,17:33:58,00000:00:23,700,38003F00,2A00,3B00,3B00,3F00,99.995E+00,0.000E+00,0.000E+00,111.065E+00,0.000E+00,0.000E+00,0.507E+00,0.000E+00,0.000E+00,99.994E+00,0.000E+00,0.000E+00,0.000E+00,0.000E+00,0.000E+00,100.932E+00,0.000E+00,0.000E+00,98.807E+00,0.000E+00,0.000E+00,37.071E+00,+99999.9E+99,427.439E+00,1.063E+00,+99999.9E+99,+99999.9E+99,10.8510E+00,0.00000E+00,0.00000E+00,11.0893E+00,0.00000E+00,0.00000E+00,4.2504E+00,0.00000E+00,0.00000E+00,9.9839E+00,0.00000E+00,0.00000E+00,4.1281E+00,0.00000E+00,0.00000E+00,18.0819E+00,0.0000E+00,0.0000E+00,4.1283E+00,0.0000E+00,0.0000E+00,45.433E+00,+99999.9E+99,+99999.9E+99,69.880E+00,+99999.9E+99,+99999.9E+99,0.99641E+03,0.00000E+03,0.00000E+03,0.00000E+03,0.00000E+03,0.00000E+03,1.08504E+03,0.00000E+03,0.00000E+03,0.00000E+03,0.00000E+03,0.00000E+03,0.42951E+03,0.00000E+03,0.00000E+03,0.00000E+03,0.00000E+03,0.00000E+03,0.91832E+00,0.00000E+00,0.00000E+00,0.92973E+00,0.53117E+00,0.12318E+00,0.000E+00,161.819E+00,154.207E+00,158.393E+00,-140.266E+00,71.282E+00,23.319E+00,90.000E+00,90.000E+00,14.5563E+00,0.00000E+00,0.00000E+00,133.374E+00,100.000E+00,100.000E+00,-0.33254E+03,0.00000E+03,0.00000E+03,+99999.9E+99,+99999.9E+99,+99999.9E+99,+99999.9E+99,+99999.9E+99,+99999.9E+99,+99999.9E+99,+99999.9E+99,+99999.9E+99,+99999.9E+99,+99999.9E+99,+99999.9E+99,1B00,0,0,0,1B00,77.0341E+00,77.4751E+00,77.3373E+00,77.2822E+00,71.6832E+00,72.5321E+00,72.2632E+00,72.1595E+00,77.0341E+00,77.4751E+00,77.3373E+00,0.0000E+00,0.0000E+00,0.0000E+00,72.3205E+00,72.8155E+00,72.6729E+00,105.624E+00,106.173E+00,105.591E+00,-104.389E+00,-104.671E+00,-104.786E+00,20.325E+00,20.178E+00,20.546E+00,+99999.9E+99,+99999.9E+99,+99999.9E+99,0.412E+00,13.8048E+00,13.4703E+00,13.6221E+00,13.6324E+00,12.8831E+00,12.6768E+00,12.6496E+00,12.7365E+00,13.8040E+00,13.4681E+00,13.6164E+00,-0.1470E+00,-0.2472E+00,0.3953E+00,8.0928E+00,7.4489E+00,7.3214E+00,27.5690E+00,27.1010E+00,28.6024E+00,-26.5962E+00,-27.0138E+00,-26.6424E+00,46.847E+00,49.447E+00,50.770E+00,+99999.9E+99,+99999.9E+99,+99999.9E+99,7.359E+00,0.44715E+03,0.43505E+03,0.44675E+03,1.32895E+03,0.29566E+03,0.25592E+03,0.27705E+03,0.82863E+03,0.62199E+03,0.60719E+03,0.61605E+03,1.84523E+03,0.32996E+03,0.29630E+03,0.29970E+03,0.92456E+03,-0.43234E+03,-0.42356E+03,-0.42419E+03,-1.28010E+03,-0.14650E+03,-0.14932E+03,-0.11428E+03,-0.41010E+03,-0.71891E+00,-0.71650E+00,-0.72517E+00,-0.72021E+00,-0.89603E+00,-0.86373E+00,-0.92444E+00,-0.89624E+00,0.000E+00,119.895E+00,-119.711E+00,56.586E+00,-179.905E+00,-67.461E+00,-44.035E+00,-44.233E+00,-43.517E+00,-43.928E+00,201.786E+00,202.346E+00,201.134E+00,90.632E+00,+99999.9E+99,+99999.9E+99,0.00012E+06,-0.00077E+06,0.00000E+00,15.178E+00,0.758E+03,0.00120E+06,43.671E+00,F0F08
2021/11/30,17:33:58,00000:00:23,750,38003F00,0,1B00,1B00,3F00,99.946E+00,0.000E+00,0.000E+00,111.011E+00,0.000E+00,0.000E+00,0.509E+00,0.000E+00,0.000E+00,99.945E+00,0.000E+00,0.000E+00,0.000E+00,0.000E+00,0.000E+00,100.900E+00,0.000E+00,0.000E+00,98.750E+00,0.000E+00,0.000E+00,21.814E+00,479.919E+00,+99999.9E+99,1.076E+00,+99999.9E+99,+99999.9E+99,11.5407E+00,0.00000E+00,0.00000E+00,11.7931E+00,0.00000E+00,0.00000E+00,4.5229E+00,0.00000E+00,0.00000E+00,10.6176E+00,0.00000E+00,0.00000E+00,4.4846E+00,0.00000E+00,0.00000E+00,18.2926E+00,0.0000E+00,0.0000E+00,4.2088E+00,0.0000E+00,0.0000E+00,8.911E+00,+99999.9E+99,+99999.9E+99,66.323E+00,+99999.9E+99,+99999.9E+99,1.05912E+03,0.00000E+03,0.00000E+03,0.00000E+03,0.00000E+03,0.00000E+03,1.15345E+03,0.00000E+03,0.00000E+03,0.00000E+03,0.00000E+03,0.00000E+03,-0.45686E+03,0.00000E+03,0.00000E+03,0.00000E+03,0.00000E+03,0.00000E+03,-0.91821E+00,0.00000E+00,0.00000E+00,0.89980E+00,0.08313E+00,0.85958E+00,0.000E+00,-96.198E+00,178.937E+00,154.132E+00,169.033E+00,29.668E+00,-23.334E+00,90.000E+00,90.000E+00,12.6061E+00,0.00000E+00,0.00000E+00,80.791E+00,100.000E+00,100.000E+00,0.20345E+03,0.00000E+03,0.00000E+03,+99999.9E+99,+99999.9E+99,+99999.9E+99,+99999.9E+99,+99999.9E+99,+99999.9E+99,+99999.9E+99,+99999.9E+99,+99999.9E+99,+99999.9E+99,+99999.9E+99,+99999.9E+99,1B00,0,0,0,1B00,76.7092E+00,76.6587E+00,76.3780E+00,76.5820E+00,72.5345E+00,72.6334E+00,71.9967E+00,72.3882E+00,76.7092E+00,76.6587E+00,76.3780E+00,0.0000E+00,0.0000E+00,0.0000E+00,70.2881E+00,70.3365E+00,70.1964E+00,105.649E+00,105.870E+00,105.827E+00,-104.106E+00,-104.526E+00,-104.167E+00,38.169E+00,37.841E+00,38.086E+00,+99999.9E+99,+99999.9E+99,+99999.9E+99,0.112E+00,9.5990E+00,9.1678E+00,9.7858E+00,9.5175E+00,8.3252E+00,7.9713E+00,8.3696E+00,8.2220E+00,9.5990E+00,9.1678E+00,9.7858E+00,0.0000E+00,0.0000E+00,0.0000E+00,14.6839E+00,14.5510E+00,14.9258E+00,26.4057E+00,24.8305E+00,27.1052E+00,-25.4786E+00,-23.2748E+00,-26.5300E+00,40.922E+00,40.953E+00,39.495E+00,+99999.9E+99,+99999.9E+99,+99999.9E+99,1.586E+00,0.28010E+03,0.27775E+03,0.29782E+03,0.85567E+03,0.51363E+03,0.51597E+03,0.52921E+03,1.55881E+03,0.42686E+03,0.40797E+03,0.43399E+03,1.26883E+03,0.59381E+03,0.58803E+03,0.60364E+03,1.78536E+03,-0.32211E+03,-0.29883E+03,-0.31568E+03,-0.93661E+03,-0.29799E+03,-0.28205E+03,-0.29036E+03,-0.87041E+03,-0.65619E+00,-0.68081E+00,-0.68622E+00,-0.67438E+00,-0.86497E+00,-0.87746E+00,-0.87671E+00,-0.87311E+00,0.000E+00,120.097E+00,-119.919E+00,60.142E+00,178.700E+00,-61.128E+00,-48.990E+00,-47.093E+00,-46.668E+00,-47.594E+00,201.886E+00,201.546E+00,202.515E+00,92.177E+00,+99999.9E+99,+99999.9E+99,0.00007E+06,-0.00051E+06,0.00000E+00,9.961E+00,0.756E+03,0.00079E+06,43.818E+00,F0F0F
2021/11/30,17:33:59,00000:00:23,800,38003F00,700,1F00,1F00,3F00,99.946E+00,0.000E+00,0.000E+00,111.011E+00,0.000E+00,0.000E+00,0.509E+00,0.000E+00,0.000E+00,99.945E+00,0.000E+00,0.000E+00,0.000E+00,0.000E+00,0.000E+00,100.900E+00,0.000E+00,0.000E+00,98.750E+00,0.000E+00,0.000E+00,21.814E+00,479.919E+00,+99999.9E+99,1.076E+00,+99999.9E+99,+99999.9E+99,11.5407E+00,0.00000E+00,0.00000E+00,11.7931E+00,0.00000E+00,0.00000E+00,4.5229E+00,0.00000E+00,0.00000E+00,10.6176E+00,0.00000E+00,0.00000E+00,4.4846E+00,0.00000E+00,0.00000E+00,18.2926E+00,0.0000E+00,0.0000E+00,4.2088E+00,0.0000E+00,0.0000E+00,8.911E+00,+99999.9E+99,+99999.9E+99,66.323E+00,+99999.9E+99,+99999.9E+99,1.05912E+03,0.00000E+03,0.00000E+03,0.00000E+03,0.00000E+03,0.00000E+03,1.15345E+03,0.00000E+03,0.00000E+03,0.00000E+03,0.00000E+03,0.00000E+03,-0.45686E+03,0.00000E+03,0.00000E+03,0.00000E+03,0.00000E+03,0.00000E+03,-0.91821E+00,0.00000E+00,0.00000E+00,0.89980E+00,0.08313E+00,0.85958E+00,0.000E+00,-96.198E+00,178.937E+00,154.132E+00,169.033E+00,29.668E+00,-23.334E+00,90.000E+00,90.000E+00,12.6061E+00,0.00000E+00,0.00000E+00,97.894E+00,100.000E+00,100.000E+00,0.02230E+03,0.00000E+03,0.00000E+03,+99999.9E+99,+99999.9E+99,+99999.9E+99,+99999.9E+99,+99999.9E+99,+99999.9E+99,+99999.9E+99,+99999.9E+99,+99999.9E+99,+99999.9E+99,+99999.9E+99,+99999.9E+99,1B00,0,0,0,1B00,76.5201E+00,76.9855E+00,77.0213E+00,76.8423E+00,71.7888E+00,72.6898E+00,72.7332E+00,72.4039E+00,76.5201E+00,76.9855E+00,77.0213E+00,0.0000E+00,0.0000E+00,0.0000E+00,73.0303E+00,73.0209E+00,72.9233E+00,105.896E+00,106.103E+00,105.796E+00,-105.089E+00,-104.827E+00,-104.697E+00,15.333E+00,15.194E+00,15.222E+00,+99999.9E+99,+99999.9E+99,+99999.9E+99,0.091E+00,11.7179E+00,11.4682E+00,11.2558E+00,11.4806E+00,10.0124E+00,9.8615E+00,9.5521E+00,9.8087E+00,11.7171E+00,11.4601E+00,11.2413E+00,-0.1382E+00,-0.4316E+00,0.5709E+00,5.2397E+00,5.1339E+00,5.5193E+00,27.7914E+00,27.1571E+00,28.5386E+00,-26.7438E+00,-27.3133E+00,-26.1510E+00,58.023E+00,57.671E+00,53.468E+00,+99999.9E+99,+99999.9E+99,+99999.9E+99,3.245E+00,0.35747E+03,0.33741E+03,0.34194E+03,1.03682E+03,0.18638E+03,0.19142E+03,0.19866E+03,0.57647E+03,0.52298E+03,0.51096E+03,0.50409E+03,1.53803E+03,0.21567E+03,0.21464E+03,0.22546E+03,0.65560E+03,-0.38174E+03,-0.38371E+03,-0.37039E+03,-1.13584E+03,-0.10851E+03,-0.09710E+03,-0.10661E+03,-0.31223E+03,-0.68352E+00,-0.66035E+00,-0.67832E+00,-0.67412E+00,-0.86421E+00,-0.89182E+00,-0.88114E+00,-0.87931E+00,0.000E+00,120.088E+00,-119.967E+00,60.199E+00,176.944E+00,-61.698E+00,-46.881E+00,-48.673E+00,-47.287E+00,-47.614E+00,202.042E+00,202.036E+00,201.292E+00,93.347E+00,+99999.9E+99,+99999.9E+99,0.00007E+06,-0.00063E+06,0.00000E+00,12.221E+00,0.756E+03,0.00097E+06,43.854E+00,F0F0F
2021/11/30,17:33:59,00000:00:23,850,38003D00,500,1C00,1C00,3800,99.946E+00,0.000E+00,0.000E+00,111.011E+00,0.000E+00,0.000E+00,0.509E+00,0.000E+00,0.000E+00,99.945E+00,0.000E+00,0.000E+00,0.000E+00,0.000E+00,0.000E+00,100.900E+00,0.000E+00,0.000E+00,98.750E+00,0.000E+00,0.000E+00,26.364E+00,+99999.9E+99,405.778E+00,1.076E+00,+99999.9E+99,+99999.9E+99,11.5407E+00,0.00000E+00,0.00000E+00,11.7931E+00,0.00000E+00,0.00000E+00,4.5229E+00,0.00000E+00,0.00000E+00,10.6176E+00,0.00000E+00,0.00000E+00,4.4815E+00,0.00000E+00,0.00000E+00,18.2926E+00,0.0000E+00,0.0000E+00,4.2088E+00,0.0000E+00,0.0000E+00,13.171E+00,+99999.9E+99,+99999.9E+99,66.323E+00,+99999.9E+99,+99999.9E+99,1.05912E+03,0.00000E+03,0.00000E+03,0.00000E+03,0.00000E+03,0.00000E+03,1.15345E+03,0.00000E+03,0.00000E+03,0.00000E+03,0.00000E+03,0.00000E+03,-0.45686E+03,0.00000E+03,0.00000E+03,0.00000E+03,0.00000E+03,0.00000E+03,-0.91821E+00,0.00000E+00,0.00000E+00,0.90619E+00,0.39946E+00,0.99698E+00,0.000E+00,-179.256E+00,138.543E+00,154.983E+00,114.288E+00,-37.001E+00,-23.334E+00,90.000E+00,90.000E+00,12.6061E+00,0.00000E+00,0.00000E+00,122.303E+00,100.000E+00,100.000E+00,-0.23621E+03,0.00000E+03,0.00000E+03,+99999.9E+99,+99999.9E+99,+99999.9E+99,+99999.9E+99,+99999.9E+99,+99999.9E+99,+99999.9E+99,+99999.9E+99,+99999.9E+99,+99999.9E+99,+99999.9E+99,+99999.9E+99,1B00,0,0,0,1B00,77.1893E+00,77.1975E+00,76.9897E+00,77.1255E+00,72.2043E+00,72.4082E+00,71.8752E+00,72.1626E+00,77.1893E+00,77.1975E+00,76.9897E+00,0.0000E+00,0.0000E+00,0.0000E+00,70.9873E+00,71.7022E+00,71.4897E+00,105.276E+00,105.689E+00,105.624E+00,-104.380E+00,-105.127E+00,-104.157E+00,30.401E+00,30.511E+00,30.467E+00,+99999.9E+99,+99999.9E+99,+99999.9E+99,0.587E+00,13.6240E+00,13.1866E+00,13.5826E+00,13.4644E+00,12.5203E+00,12.0829E+00,12.4654E+00,12.3562E+00,13.6233E+00,13.1866E+00,13.5814E+00,-0.1431E+00,0.0000E+00,0.1868E+00,12.5421E+00,11.3763E+00,11.5410E+00,27.6957E+00,27.2738E+00,28.6133E+00,-26.6457E+00,-26.9738E+00,-26.7333E+00,40.645E+00,44.024E+00,43.901E+00,+99999.9E+99,+99999.9E+99,+99999.9E+99,6.087E+00,0.42928E+03,0.42111E+03,0.44494E+03,1.29533E+03,0.45074E+03,0.39950E+03,0.42813E+03,1.27837E+03,0.61383E+03,0.59369E+03,0.61044E+03,1.81796E+03,0.50494E+03,0.46281E+03,0.46749E+03,1.43368E+03,-0.43875E+03,-0.41849E+03,-0.41793E+03,-1.27517E+03,-0.22761E+03,-0.23365E+03,-0.18775E+03,-0.64901E+03,-0.69935E+00,-0.70930E+00,-0.72888E+00,-0.71252E+00,-0.89265E+00,-0.86320E+00,-0.91581E+00,-0.89167E+00,0.000E+00,119.871E+00,-119.573E+00,57.121E+00,-179.907E+00,-66.123E+00,-45.625E+00,-44.822E+00,-43.207E+00,-44.560E+00,201.056E+00,201.494E+00,201.728E+00,89.312E+00,+99999.9E+99,+99999.9E+99,0.00014E+06,-0.00074E+06,0.00000E+00,14.596E+00,0.757E+03,0.00116E+06,43.532E+00,F0F08
2021/11/30,17:33:59,00000:00:23,900,38003F00,500,1F00,1F00,3F00,99.946E+00,0.000E+00,0.000E+00,111.011E+00,0.000E+00,0.000E+00,0.509E+00,0.000E+00,0.000E+00,99.945E+00,0.000E+00,0.000E+00,0.000E+00,0.000E+00,0.000E+00,100.900E+00,0.000E+00,0.000E+00,98.750E+00,0.000E+00,0.000E+00,26.364E+00,+99999.9E+99,405.778E+00,1.076E+00,+99999.9E+99,+99999.9E+99,11.5407E+00,0.00000E+00,0.00000E+00,11.7931E+00,0.00000E+00,0.00000E+00,4.5229E+00,0.00000E+00,0.00000E+00,10.6176E+00,0.00000E+00,0.00000E+00,4.4815E+00,0.00000E+00,0.00000E+00,18.2926E+00,0.0000E+00,0.0000E+00,4.2088E+00,0.0000E+00,0.0000E+00,13.171E+00,+99999.9E+99,+99999.9E+99,66.323E+00,+99999.9E+99,+99999.9E+99,1.05912E+03,0.00000E+03,0.00000E+03,0.00000E+03,0.00000E+03,0.00000E+03,1.15345E+03,0.00000E+03,0.00000E+03,0.00000E+03,0.00000E+03,0.00000E+03,-0.45686E+03,0.00000E+03,0.00000E+03,0.00000E+03,0.00000E+03,0.00000E+03,-0.91821E+00,0.00000E+00,0.00000E+00,0.90619E+00,0.39946E+00,0.99698E+00,0.000E+00,-179.256E+00,138.543E+00,154.983E+00,114.288E+00,-37.001E+00,-23.334E+00,90.000E+00,90.000E+00,12.6061E+00,0.00000E+00,0.00000E+00,72.296E+00,100.000E+00,100.000E+00,0.29341E+03,0.00000E+03,0.00000E+03,+99999.9E+99,+99999.9E+99,+99999.9E+99,+99999.9E+99,+99999.9E+99,+99999.9E+99,+99999.9E+99,+99999.9E+99,+99999.9E+99,+99999.9E+99,+99999.9E+99,+99999.9E+99,1B00,0,0,0,1B00,76.2574E+00,76.6784E+00,76.4947E+00,76.4768E+00,72.1071E+00,72.8799E+00,72.5622E+00,72.5164E+00,76.2574E+00,76.6784E+00,76.4947E+00,0.0000E+00,0.0000E+00,0.0000E+00,71.2654E+00,71.1647E+00,70.9902E+00,105.747E+00,106.039E+00,105.757E+00,-105.156E+00,-104.940E+00,-103.920E+00,31.983E+00,31.198E+00,31.901E+00,+99999.9E+99,+99999.9E+99,+99999.9E+99,0.234E+00,8.1623E+00,8.1075E+00,8.0364E+00,8.1021E+00,7.2893E+00,7.2652E+00,7.1787E+00,7.2444E+00,8.1613E+00,8.1068E+00,8.0328E+00,-0.1319E+00,-0.1073E+00,0.2402E+00,11.7910E+00,11.7916E+00,12.4149E+00,21.9790E+00,20.3648E+00,20.1819E+00,-18.7000E+00,-19.1057E+00,-19.4795E+00,44.965E+00,43.842E+00,41.789E+00,+99999.9E+99,+99999.9E+99,+99999.9E+99,3.452E+00,0.25718E+03,0.25178E+03,0.25674E+03,0.76570E+03,0.40671E+03,0.42793E+03,0.43520E+03,1.26985E+03,0.36078E+03,0.35906E+03,0.35683E+03,1.07666E+03,0.47302E+03,0.48085E+03,0.49981E+03,1.45320E+03,-0.25302E+03,-0.25599E+03,-0.24781E+03,-0.75682E+03,-0.24152E+03,-0.21930E+03,-0.24578E+03,-0.70660E+03,-0.71285E+00,-0.70122E+00,-0.71952E+00,-0.71118E+00,-0.85982E+00,-0.88995E+00,-0.87074E+00,-0.87383E+00,0.000E+00,120.211E+00,-119.971E+00,60.652E+00,177.264E+00,-60.384E+00,-44.533E+00,-45.475E+00,-43.986E+00,-44.669E+00,202.377E+00,201.636E+00,201.951E+00,95.160E+00,+99999.9E+99,+99999.9E+99,0.00004E+06,-0.00048E+06,0.00000E+00,9.204E+00,0.756E+03,0.00073E+06,43.971E+00,F0F08
2021/11/30,17:33:59,00000:00:23,950,38003F00,700,1F00,1F00,3F00,99.946E+00,0.000E+00,0.000E+00,111.011E+00,0.000E+00,0.000E+00,0.509E+00,0.000E+00,0.000E+00,99.945E+00,0.000E+00,0.000E+00,0.000E+00,0.000E+00,0.000E+00,100.900E+00,0.000E+00,0.000E+00,98.750E+00,0.000E+00,0.000E+00,67.000E+00,+99999.9E+99,438.715E+00,1.076E+00,+99999.9E+99,+99999.9E+99,11.5407E+00,0.00000E+00,0.00000E+00,11.7931E+00,0.00000E+00,0.00000E+00,4.5229E+00,0.00000E+00,0.00000E+00,10.6176E+00,0.00000E+00,0.00000E+00,4.2521E+00,0.00000E+00,0.00000E+00,18.2926E+00,0.0000E+00,0.0000E+00,4.2088E+00,0.0000E+00,0.0000E+00,49.170E+00,+99999.9E+99,+99999.9E+99,66.323E+00,+99999.9E+99,+99999.9E+99,1.05912E+03,0.00000E+03,0.00000E+03,0.00000E+03,0.00000E+03,0.00000E+03,1.15345E+03,0.00000E+03,0.00000E+03,0.00000E+03,0.00000E+03,0.00000E+03,-0.45686E+03,0.00000E+03,0.00000E+03,0.00000E+03,0.00000E+03,0.00000E+03,-0.91821E+00,0.00000E+00,0.00000E+00,0.88531E+00,0.69424E+00,0.95268E+00,0.000E+00,63.571E+00,148.243E+00,152.290E+00,-162.462E+00,165.939E+00,-23.334E+00,90.000E+00,90.000E+00,12.6061E+00,0.00000E+00,0.00000E+00,119.068E+00,100.000E+00,100.000E+00,-0.20195E+03,0.00000E+03,0.00000E+03,+99999.9E+99,+99999.9E+99,+99999.9E+99,+99999.9E+99,+99999.9E+99,+99999.9E+99,+99999.9E+99,+99999.9E+99,+99999.9E+99,+99999.9E+99,+99999.9E+99,+99999.9E+99,1B00,0,0,0,1B00,77.0490E+00,77.1897E+00,77.0927E+00,77.1105E+00,72.1154E+00,72.5581E+00,72.2502E+00,72.3079E+00,77.0490E+00,77.1897E+00,77.0927E+00,0.0000E+00,0.0000E+00,0.0000E+00,73.0116E+00,73.2397E+00,73.1160E+00,105.824E+00,106.017E+00,105.729E+00,-105.447E+00,-105.146E+00,-104.527E+00,14.209E+00,14.488E+00,14.541E+00,+99999.9E+99,+99999.9E+99,+99999.9E+99,0.183E+00,13.4140E+00,12.9377E+00,13.1509E+00,13.1675E+00,12.2318E+00,11.7436E+00,11.8252E+00,11.9335E+00,13.4128E+00,12.9344E+00,13.1423E+00,-0.1795E+00,-0.2945E+00,0.4751E+00,5.2556E+00,4.7945E+00,4.9382E+00,27.6848E+00,27.1895E+00,28.7524E+00,-26.5171E+00,-27.0248E+00,-26.7924E+00,54.373E+00,58.360E+00,56.478E+00,+99999.9E+99,+99999.9E+99,+99999.9E+99,4.206E+00,0.42846E+03,0.40703E+03,0.42558E+03,1.26107E+03,0.19004E+03,0.17558E+03,0.18680E+03,0.55242E+03,0.60381E+03,0.58119E+03,0.59090E+03,1.77590E+03,0.21453E+03,0.20020E+03,0.20533E+03,0.61977E+03,-0.42545E+03,-0.41486E+03,-0.40994E+03,-1.25025E+03,-0.09954E+03,-0.09619E+03,-0.08525E+03,-0.28098E+03,-0.70960E+00,-0.70033E+00,-0.72022E+00,-0.71010E+00,-0.88584E+00,-0.87701E+00,-0.90975E+00,-0.89133E+00,0.000E+00,120.010E+00,-119.841E+00,57.747E+00,178.669E+00,-65.357E+00,-44.798E+00,-45.546E+00,-43.927E+00,-44.757E+00,201.065E+00,201.848E+00,201.560E+00,90.963E+00,+99999.9E+99,+99999.9E+99,0.00011E+06,-0.00074E+06,0.00000E+00,14.477E+00,0.757E+03,0.00115E+06,43.553E+00,F0F08
2021/11/30,17:33:59,00000:00:24,0,38003F00,2800,3B00,3B00,3F00,99.986E+00,0.000E+00,0.000E+00,111.055E+00,0.000E+00,0.000E+00,0.509E+00,0.000E+00,0.000E+00,99.985E+00,0.000E+00,0.000E+00,0.000E+00,0.000E+00,0.000E+00,101.050E+00,0.000E+00,0.000E+00,98.718E+00,0.000E+00,0.000E+00,67.000E+00,+99999.9E+99,438.715E+00,1.166E+00,+99999.9E+99,+99999.9E+99,11.5457E+00,0.00000E+00,0.00000E+00,11.7069E+00,0.00000E+00,0.00000E+00,4.7133E+00,0.00000E+00,0.00000E+00,10.5399E+00,0.00000E+00,0.00000E+00,4.2521E+00,0.00000E+00,0.00000E+00,18.3283E+00,0.0000E+00,0.0000E+00,3.4550E+00,0.0000E+00,0.0000E+00,49.170E+00,+99999.9E+99,+99999.9E+99,70.557E+00,+99999.9E+99,+99999.9E+99,1.05167E+03,0.00000E+03,0.00000E+03,0.00000E+03,0.00000E+03,0.00000E+03,1.15441E+03,0.00000E+03,0.00000E+03,0.00000E+03,0.00000E+03,0.00000E+03,0.47609E+03,0.00000E+03,0.00000E+03,0.00000E+03,0.00000E+03,0.00000E+03,0.91100E+00,0.00000E+00,0.00000E+00,0.88531E+00,0.69424E+00,0.95268E+00,0.000E+00,63.571E+00,148.243E+00,152.290E+00,-162.462E+00,165.939E+00,24.356E+00,90.000E+00,90.000E+00,0.00000E+00,0.00000E+00,0.00000E+00,103.052E+00,100.000E+00,100.000E+00,-0.03209E+03,0.00000E+03,0.00000E+03,+99999.9E+99,+99999.9E+99,+99999.9E+99,+99999.9E+99,+99999.9E+99,+99999.9E+99,+99999.9E+99,+99999.9E+99,+99999.9E+99,+99999.9E+99,+99999.9E+99,+99999.9E+99,1B00,0,0,0,1B00,76.7351E+00,77.0844E+00,76.8175E+00,76.8790E+00,71.9752E+00,72.6192E+00,72.1407E+00,72.2450E+00,76.7351E+00,77.0844E+00,76.8175E+00,0.0000E+00,0.0000E+00,0.0000E+00,70.1014E+00,70.4887E+00,70.4133E+00,105.373E+00,106.083E+00,105.496E+00,-104.516E+00,-104.019E+00,-104.564E+00,37.684E+00,37.608E+00,37.542E+00,+99999.9E+99,+99999.9E+99,+99999.9E+99,0.341E+00,11.8754E+00,11.7230E+00,11.9882E+00,11.8622E+00,10.4287E+00,10.3593E+00,10.5328E+00,10.4403E+00,11.8748E+00,11.7230E+00,11.9882E+00,-0.1136E+00,0.0000E+00,0.0000E+00,15.1166E+00,14.4992E+00,14.5513E+00,27.2714E+00,26.8557E+00,28.6405E+00,-25.5890E+00,-26.6276E+00,-26.8348E+00,39.247E+00,40.716E+00,40.358E+00,+99999.9E+99,+99999.9E+99,+99999.9E+99,2.868E+00,0.35594E+03,0.35794E+03,0.36988E+03,1.08377E+03,0.53838E+03,0.50789E+03,0.52889E+03,1.57516E+03,0.53021E+03,0.52493E+03,0.53752E+03,1.59266E+03,0.61088E+03,0.58420E+03,0.59120E+03,1.78587E+03,-0.39297E+03,-0.38397E+03,-0.39003E+03,-1.16696E+03,-0.28867E+03,-0.28868E+03,-0.26418E+03,-0.84154E+03,-0.67133E+00,-0.68188E+00,-0.68812E+00,-0.68047E+00,-0.88131E+00,-0.86937E+00,-0.89460E+00,-0.88202E+00,0.000E+00,119.888E+00,-119.780E+00,58.384E+00,179.465E+00,-63.385E+00,-47.830E+00,-47.009E+00,-46.518E+00,-47.119E+00,202.161E+00,201.559E+00,201.774E+00,90.287E+00,+99999.9E+99,+99999.9E+99,0.00011E+06,-0.00062E+06,0.00000E+00,12.346E+00,0.757E+03,0.00098E+06,43.843E+00,F0F08
2021/11/30,17:33:59,00000:00:24,50,38003D00,2D00,3C00,3C00,3800,99.986E+00,0.000E+00,0.000E+00,111.055E+00,0.000E+00,0.000E+00,0.509E+00,0.000E+00,0.000E+00,99.985E+00,0.000E+00,0.000E+00,0.000E+00,0.000E+00,0.000E+00,101.050E+00,0.000E+00,0.000E+00,98.718E+00,0.000E+00,0.000E+00,37.076E+00,+99999.9E+99,347.553E+00,1.166E+00,+99999.9E+99,+99999.9E+99,11.5457E+00,0.00000E+00,0.00000E+00,11.7069E+00,0.00000E+00,0.00000E+00,4.7133E+00,0.00000E+00,0.00000E+00,10.5399E+00,0.00000E+00,0.00000E+00,4.1781E+00,0.00000E+00,0.00000E+00,18.3283E+00,0.0000E+00,0.0000E+00,3.4550E+00,0.0000E+00,0.0000E+00,41.658E+00,+99999.9E+99,+99999.9E+99,70.557E+00,+99999.9E+99,+99999.9E+99,1.05167E+03,0.00000E+03,0.00000E+03,0.00000E+03,0.00000E+03,0.00000E+03,1.15441E+03,0.00000E+03,0.00000E+03,0.00000E+03,0.00000E+03,0.00000E+03,0.47609E+03,0.00000E+03,0.00000E+03,0.00000E+03,0.00000E+03,0.00000E+03,0.91100E+00,0.00000E+00,0.00000E+00,0.93306E+00,0.69152E+00,0.94110E+00,0.000E+00,39.263E+00,171.190E+00,158.916E+00,-6.987E+00,151.427E+00,24.356E+00,90.000E+00,90.000E+00,0.00000E+00,0.00000E+00,0.00000E+00,85.209E+00,100.000E+00,100.000E+00,0.15555E+03,0.00000E+03,0.00000E+03,+99999.9E+99,+99999.9E+99,+99999.9E+99,+99999.9E+99,+99999.9E+99,+99999.9E+99,+99999.9E+99,+99999.9E+99,+99999.9E+99,+99999.9E+99,+99999.9E+99,+99999.9E+99,1B00,0,0,0,1B00,76.4976E+00,76.7527E+00,76.6209E+00,76.6237E+00,72.2225E+00,72.7944E+00,72.4821E+00,72.4997E+00,76.4976E+00,76.7526E+00,76.6209E+00,0.0000E+00,0.0000E+00,0.0000E+00,72.4623E+00,72.2357E+00,72.2268E+00,105.656E+00,106.103E+00,105.804E+00,-104.553E+00,-105.114E+00,-104.584E+00,22.514E+00,21.611E+00,22.088E+00,+99999.9E+99,+99999.9E+99,+99999.9E+99,0.209E+00,9.7501E+00,9.4105E+00,9.5231E+00,9.5612E+00,8.5726E+00,8.3296E+00,8.3521E+00,8.4181E+00,9.7492E+00,9.4092E+00,9.5189E+00,-0.1305E+00,-0.1527E+00,0.2842E+00,7.7038E+00,8.1251E+00,8.3151E+00,26.1281E+00,23.9505E+00,24.5571E+00,-25.9881E+00,-24.7229E+00,-22.4448E+00,52.550E+00,48.447E+00,47.258E+00,+99999.9E+99,+99999.9E+99,+99999.9E+99,4.548E+00,0.30248E+03,0.29103E+03,0.30261E+03,0.89612E+03,0.27274E+03,0.29364E+03,0.29604E+03,0.86242E+03,0.43335E+03,0.41810E+03,0.42369E+03,1.27514E+03,0.31605E+03,0.32651E+03,0.34056E+03,0.98256E+03,-0.31032E+03,-0.30018E+03,-0.29654E+03,-0.90705E+03,-0.15969E+03,-0.14277E+03,-0.16836E+03,-0.47082E+03,-0.69800E+00,-0.69608E+00,-0.71423E+00,-0.70276E+00,-0.86297E+00,-0.89934E+00,-0.86926E+00,-0.87772E+00,0.000E+00,120.106E+00,-120.101E+00,60.246E+00,176.033E+00,-60.368E+00,-45.733E+00,-45.887E+00,-44.420E+00,-45.351E+00,201.574E+00,201.901E+00,201.993E+00,93.737E+00,+99999.9E+99,+99999.9E+99,0.00006E+06,-0.00055E+06,0.00000E+00,10.609E+00,0.756E+03,0.00084E+06,43.735E+00,F0F08
2021/11/30,17:33:59,00000:00:24,100,38003F00,2A00,3B00,3B00,3F00,99.819E+00,0.000E+00,0.000E+00,110.870E+00,0.000E+00,0.000E+00,0.488E+00,0.000E+00,0.000E+00,99.818E+00,0.000E+00,0.000E+00,0.000E+00,0.000E+00,0.000E+00,100.896E+00,0.000E+00,0.000E+00,98.814E+00,0.000E+00,0.000E+00,37.076E+00,+99999.9E+99,347.553E+00,1.043E+00,+99999.9E+99,+99999.9E+99,12.1597E+00,0.00000E+00,0.00000E+00,12.6529E+00,0.00000E+00,0.00000E+00,4.2532E+00,0.00000E+00,0.00000E+00,11.3917E+00,0.00000E+00,0.00000E+00,4.1781E+00,0.00000E+00,0.00000E+00,17.8748E+00,0.0000E+00,0.0000E+00,4.1905E+00,0.0000E+00,0.0000E+00,41.658E+00,+99999.9E+99,+99999.9E+99,60.063E+00,+99999.9E+99,+99999.9E+99,1.13524E+03,0.00000E+03,0.00000E+03,0.00000E+03,0.00000E+03,0.00000E+03,1.21377E+03,0.00000E+03,0.00000E+03,0.00000E+03,0.00000E+03,0.00000E+03,-0.42951E+03,0.00000E+03,0.00000E+03,0.00000E+03,0.00000E+03,0.00000E+03,-0.93530E+00,0.00000E+00,0.00000E+00,0.93306E+00,0.69152E+00,0.94110E+00,0.000E+00,39.263E+00,171.190E+00,158.916E+00,-6.987E+00,151.427E+00,-20.724E+00,90.000E+00,90.000E+00,9.46688E+00,0.00000E+00,0.00000E+00,110.705E+00,100.000E+00,100.000E+00,-0.12153E+03,0.00000E+03,0.00000E+03,+99999.9E+99,+99999.9E+99,+99999.9E+99,+99999.9E+99,+99999.9E+99,+99999.9E+99,+99999.9E+99,+99999.9E+99,+99999.9E+99,+99999.9E+99,+99999.9E+99,+99999.9E+99,1B00,0,0,0,1B00,77.0587E+00,77.1883E+00,77.0945E+00,77.1138E+00,72.1130E+00,72.5314E+00,72.2357E+00,72.2934E+00,77.0587E+00,77.1883E+00,77.0945E+00,0.0000E+00,0.0000E+00,0.0000E+00,72.3001E+00,72.7534E+00,72.6219E+00,105.764E+00,106.056E+00,105.619E+00,-104.277E+00,-104.884E+00,-104.623E+00,20.306E+00,20.508E+00,20.742E+00,+99999.9E+99,+99999.9E+99,+99999.9E+99,0.378E+00,13.3517E+00,12.8985E+00,13.1094E+00,13.1199E+00,12.1921E+00,11.7262E+00,11.7980E+00,11.9054E+00,13.3507E+00,12.8949E+00,13.1010E+00,-0.1631E+00,-0.3056E+00,0.4697E+00,8.1037E+00,7.5318E+00,7.3813E+00,27.5829E+00,26.7957E+00,28.4167E+00,-26.4157E+00,-26.6324E+00,-26.7862E+00,46.682E+00,48.989E+00,50.661E+00,+99999.9E+99,+99999.9E+99,+99999.9E+99,6.760E+00,0.42676E+03,0.40634E+03,0.42367E+03,1.25676E+03,0.29717E+03,0.26044E+03,0.27900E+03,0.83660E+03,0.60097E+03,0.57950E+03,0.58899E+03,1.76946E+03,0.33069E+03,0.29996E+03,0.30209E+03,0.93156E+03,-0.42314E+03,-0.41317E+03,-0.40917E+03,-1.24547E+03,-0.14508E+03,-0.14882E+03,-0.11585E+03,-0.40975E+03,-0.71011E+00,-0.70119E+00,-0.71931E+00,-0.71025E+00,-0.89862E+00,-0.86825E+00,-0.92354E+00,-0.89807E+00,0.000E+00,119.904E+00,-119.734E+00,56.232E+00,179.591E+00,-67.336E+00,-44.756E+00,-45.477E+00,-44.003E+00,-44.745E+00,201.641E+00,201.321E+00,200.996E+00,91.070E+00,+99999.9E+99,+99999.9E+99,0.00011E+06,-0.00074E+06,0.00000E+00,14.443E+00,0.757E+03,0.00114E+06,43.706E+00,F0F08
2021/11/30,17:33:59,00000:00:24,150,38003F00,0,1B00,1B00,3F00,99.905E+00,0.000E+00,0.000E+00,110.965E+00,0.000E+00,0.000E+00,0.505E+00,0.000E+00,0.000E+00,99.904E+00,0.000E+00,0.000E+00,0.000E+00,0.000E+00,0.000E+00,100.914E+00,0.000E+00,0.000E+00,98.818E+00,0.000E+00,0.000E+00,101.341E+00,+99999.9E+99,431.155E+00,1.049E+00,+99999.9E+99,+99999.9E+99,11.9342E+00,0.00000E+00,0.00000E+00,12.2623E+00,0.00000E+00,0.00000E+00,4.5326E+00,0.00000E+00,0.00000E+00,11.0399E+00,0.00000E+00,0.00000E+00,2.9143E+00,0.00000E+00,0.00000E+00,18.2888E+00,0.0000E+00,0.0000E+00,4.0329E+00,0.0000E+00,0.0000E+00,104.107E+00,+99999.9E+99,+99999.9E+99,64.565E+00,+99999.9E+99,+99999.9E+99,1.10086E+03,0.00000E+03,0.00000E+03,0.00000E+03,0.00000E+03,0.00000E+03,1.19228E+03,0.00000E+03,0.00000E+03,0.00000E+03,0.00000E+03,0.00000E+03,-0.45787E+03,0.00000E+03,0.00000E+03,0.00000E+03,0.00000E+03,0.00000E+03,-0.92332E+00,0.00000E+00,0.00000E+00,0.82794E+00,0.44189E+00,0.12669E+00,0.000E+00,64.453E+00,150.212E+00,145.888E+00,-51.772E+00,-127.067E+00,-22.583E+00,90.000E+00,90.000E+00,12.3708E+00,0.00000E+00,0.00000E+00,99.521E+00,100.000E+00,100.000E+00,0.00527E+03,0.00000E+03,0.00000E+03,+99999.9E+99,+99999.9E+99,+99999.9E+99,+99999.9E+99,+99999.9E+99,+99999.9E+99,+99999.9E+99,+99999.9E+99,+99999.9E+99,+99999.9E+99,+99999.9E+99,+99999.9E+99,1B00,0,0,0,1B00,76.7466E+00,77.0884E+00,76.8324E+00,76.8891E+00,72.0370E+00,72.6609E+00,72.1983E+00,72.2987E+00,76.7466E+00,77.0884E+00,76.8324E+00,0.0000E+00,0.0000E+00,0.0000E+00,70.0131E+00,70.2383E+00,70.1152E+00,105.506E+00,106.039E+00,105.487E+00,-104.156E+00,-104.727E+00,-104.619E+00,38.767E+00,38.479E+00,38.578E+00,+99999.9E+99,+99999.9E+99,+99999.9E+99,0.188E+00,11.9602E+00,11.8177E+00,12.0989E+00,11.9589E+00,10.4800E+00,10.4209E+00,10.6150E+00,10.5053E+00,11.9597E+00,11.8177E+00,12.0989E+00,-0.1087E+00,0.0000E+00,0.0000E+00,15.1746E+00,14.7739E+00,15.0221E+00,27.7090E+00,27.1486E+00,28.6452E+00,-25.9962E+00,-27.0476E+00,-26.8076E+00,39.882E+00,40.739E+00,39.682E+00,+99999.9E+99,+99999.9E+99,+99999.9E+99,1.619E+00,0.35903E+03,0.36224E+03,0.37432E+03,1.09559E+03,0.53245E+03,0.51851E+03,0.53554E+03,1.58649E+03,0.53426E+03,0.52938E+03,0.54283E+03,1.60647E+03,0.61238E+03,0.59643E+03,0.60738E+03,1.81606E+03,-0.39564E+03,-0.38604E+03,-0.39312E+03,-1.17481E+03,-0.30250E+03,-0.29475E+03,-0.28656E+03,-0.88381E+03,-0.67202E+00,-0.68427E+00,-0.68957E+00,-0.68198E+00,-0.86948E+00,-0.86935E+00,-0.88171E+00,-0.87359E+00,0.000E+00,120.001E+00,-119.839E+00,59.709E+00,179.563E+00,-61.741E+00,-47.777E+00,-46.822E+00,-46.404E+00,-47.001E+00,201.934E+00,202.267E+00,202.543E+00,90.179E+00,+99999.9E+99,+99999.9E+99,0.00011E+06,-0.00063E+06,0.00000E+00,12.466E+00,0.757E+03,0.00099E+06,43.780E+00,F0F0F
2021/11/30,17:33:59,00000:00:24,200,38003F00,700,1F00,1F00,3F00,99.905E+00,0.000E+00,0.000E+00,110.965E+00,0.000E+00,0.000E+00,0.505E+00,0.000E+00,0.000E+00,99.904E+00,0.000E+00,0.000E+00,0.000E+00,0.000E+00,0.000E+00,100.914E+00,0.000E+00,0.000E+00,98.818E+00,0.000E+00,0.000E+00,101.341E+00,+99999.9E+99,431.155E+00,1.049E+00,+99999.9E+99,+99999.9E+99,11.9342E+00,0.00000E+00,0.00000E+00,12.2623E+00,0.00000E+00,0.00000E+00,4.5326E+00,0.00000E+00,0.00000E+00,11.0399E+00,0.00000E+00,0.00000E+00,2.9143E+00,0.00000E+00,0.00000E+00,18.2888E+00,0.0000E+00,0.0000E+00,4.0329E+00,0.0000E+00,0.0000E+00,104.107E+00,+99999.9E+99,+99999.9E+99,64.565E+00,+99999.9E+99,+99999.9E+99,1.10086E+03,0.00000E+03,0.00000E+03,0.00000E+03,0.00000E+03,0.00000E+03,1.19228E+03,0.00000E+03,0.00000E+03,0.00000E+03,0.00000E+03,0.00000E+03,-0.45787E+03,0.00000E+03,0.00000E+03,0.00000E+03,0.00000E+03,0.00000E+03,-0.92332E+00,0.00000E+00,0.00000E+00,0.82794E+00,0.44189E+00,0.12669E+00,0.000E+00,64.453E+00,150.212E+00,145.888E+00,-51.772E+00,-127.067E+00,-22.583E+00,90.000E+00,90.000E+00,12.3708E+00,0.00000E+00,0.00000E+00,77.517E+00,100.000E+00,100.000E+00,0.24751E+03,0.00000E+03,0.00000E+03,+99999.9E+99,+99999.9E+99,+99999.9E+99,+99999.9E+99,+99999.9E+99,+99999.9E+99,+99999.9E+99,+99999.9E+99,+99999.9E+99,+99999.9E+99,+99999.9E+99,+99999.9E+99,1B00,0,0,0,1B00,76.5460E+00,76.6475E+00,76.5498E+00,76.5811E+00,72.4331E+00,72.7946E+00,72.4781E+00,72.5686E+00,76.5460E+00,76.6475E+00,76.5498E+00,0.0000E+00,0.0000E+00,0.0000E+00,72.8615E+00,72.6745E+00,72.6078E+00,105.710E+00,106.127E+00,105.801E+00,-104.387E+00,-104.763E+00,-104.544E+00,18.386E+00,18.019E+00,18.078E+00,+99999.9E+99,+99999.9E+99,+99999.9E+99,0.209E+00,9.5351E+00,9.0350E+00,9.1693E+00,9.2465E+00,8.2421E+00,7.8346E+00,7.8667E+00,7.9811E+00,9.5340E+00,9.0319E+00,9.1614E+00,-0.1435E+00,-0.2357E+00,0.3803E+00,6.1518E+00,6.4598E+00,6.8557E+00,26.1176E+00,24.1929E+00,25.0229E+00,-26.4590E+00,-25.1752E+00,-22.4305E+00,56.715E+00,52.463E+00,49.806E+00,+99999.9E+99,+99999.9E+99,+99999.9E+99,4.868E+00,0.29175E+03,0.27394E+03,0.28766E+03,0.85336E+03,0.22075E+03,0.23777E+03,0.24181E+03,0.70033E+03,0.42392E+03,0.40086E+03,0.40681E+03,1.23159E+03,0.25594E+03,0.26350E+03,0.27705E+03,0.79598E+03,-0.30755E+03,-0.29265E+03,-0.28766E+03,-0.88785E+03,-0.12951E+03,-0.11357E+03,-0.13522E+03,-0.37831E+03,-0.68823E+00,-0.68339E+00,-0.70711E+00,-0.69289E+00,-0.86252E+00,-0.90234E+00,-0.87280E+00,-0.87984E+00,0.000E+00,120.140E+00,-120.060E+00,60.312E+00,175.645E+00,-60.731E+00,-46.509E+00,-46.891E+00,-45.000E+00,-46.141E+00,201.993E+00,201.434E+00,201.896E+00,94.504E+00,+99999.9E+99,+99999.9E+99,0.00005E+06,-0.00053E+06,0.00000E+00,10.181E+00,0.756E+03,0.00081E+06,43.829E+00,F0F0F
2021/11/30,17:33:59,00000:00:24,250,38003F00,500,1F00,1F00,3F00,99.905E+00,0.000E+00,0.000E+00,110.965E+00,0.000E+00,0.000E+00,0.505E+00,0.000E+00,0.000E+00,99.904E+00,0.000E+00,0.000E+00,0.000E+00,0.000E+00,0.000E+00,100.914E+00,0.000E+00,0.000E+00,98.818E+00,0.000E+00,0.000E+00,20.028E+00,+99999.9E+99,+99999.9E+99,1.049E+00,+99999.9E+99,+99999.9E+99,11.9342E+00,0.00000E+00,0.00000E+00,12.2623E+00,0.00000E+00,0.00000E+00,4.5326E+00,0.00000E+00,0.00000E+00,11.0399E+00,0.00000E+00,0.00000E+00,4.5748E+00,0.00000E+00,0.00000E+00,18.2888E+00,0.0000E+00,0.0000E+00,4.0329E+00,0.0000E+00,0.0000E+00,10.404E+00,+99999.9E+99,+99999.9E+99,64.565E+00,+99999.9E+99,+99999.9E+99,1.10086E+03,0.00000E+03,0.00000E+03,0.00000E+03,0.00000E+03,0.00000E+03,1.19228E+03,0.00000E+03,0.00000E+03,0.00000E+03,0.00000E+03,0.00000E+03,-0.45787E+03,0.00000E+03,0.00000E+03,0.00000E+03,0.00000E+03,0.00000E+03,-0.92332E+00,0.00000E+00,0.00000E+00,0.91835E+00,0.76569E+00,0.59270E+00,0.000E+00,-42.181E+00,170.683E+00,156.686E+00,177.850E+00,-62.968E+00,-22.583E+00,90.000E+00,90.000E+00,12.3708E+00,0.00000E+00,0.00000E+00,122.566E+00,100.000E+00,100.000E+00,-0.24842E+03,0.00000E+03,0.00000E+03,+99999.9E+99,+99999.9E+99,+99999.9E+99,+99999.9E+99,+99999.9E+99,+99999.9E+99,+99999.9E+99,+99999.9E+99,+99999.9E+99,+99999.9E+99,+99999.9E+99,+99999.9E+99,1B00,0,0,0,1B00,77.0326E+00,77.4637E+00,77.3505E+00,77.2823E+00,71.7323E+00,72.5583E+00,72.3427E+00,72.2111E+00,77.0326E+00,77.4637E+00,77.3505E+00,0.0000E+00,0.0000E+00,0.0000E+00,71.7608E+00,72.3007E+00,72.0829E+00,105.534E+00,106.133E+00,105.631E+00,-105.020E+00,-104.701E+00,-104.586E+00,25.118E+00,25.587E+00,25.492E+00,+99999.9E+99,+99999.9E+99,+99999.9E+99,0.430E+00,13.9312E+00,13.6013E+00,13.7395E+00,13.7573E+00,13.0014E+00,12.8082E+00,12.7735E+00,12.8611E+00,13.9304E+00,13.5992E+00,13.7338E+00,-0.1499E+00,-0.2417E+00,0.3928E+00,10.1315E+00,9.3109E+00,9.4632E+00,27.6595E+00,27.1252E+00,28.4757E+00,-26.5705E+00,-27.0833E+00,-26.3276E+00,44.024E+00,46.695E+00,47.094E+00,+99999.9E+99,+99999.9E+99,+99999.9E+99,6.449E+00,0.45401E+03,0.44216E+03,0.45311E+03,1.34928E+03,0.36991E+03,0.32617E+03,0.34991E+03,1.04598E+03,0.62795E+03,0.61333E+03,0.62162E+03,1.86290E+03,0.41330E+03,0.37644E+03,0.38017E+03,1.16852E+03,-0.43381E+03,-0.42504E+03,-0.42557E+03,-1.28443E+03,-0.18435E+03,-0.18793E+03,-0.14865E+03,-0.52093E+03,-0.72301E+00,-0.72092E+00,-0.72891E+00,-0.72429E+00,-0.89501E+00,-0.86646E+00,-0.92039E+00,-0.89513E+00,0.000E+00,119.946E+00,-119.661E+00,56.734E+00,179.800E+00,-66.793E+00,-43.697E+00,-43.869E+00,-43.205E+00,-43.590E+00,201.396E+00,202.186E+00,200.990E+00,90.273E+00,+99999.9E+99,+99999.9E+99,0.00013E+06,-0.00078E+06,0.00000E+00,15.356E+00,0.757E+03,0.00122E+06,43.585E+00,F0F08
2021/11/30,17:33:59,00000:00:24,300,38003D00,500,1C00,1C00,3800,99.905E+00,0.000E+00,0.000E+00,110.965E+00,0.000E+00,0.000E+00,0.505E+00,0.000E+00,0.000E+00,99.904E+00,0.000E+00,0.000E+00,0.000E+00,0.000E+00,0.000E+00,100.914E+00,0.000E+00,0.000E+00,98.818E+00,0.000E+00,0.000E+00,20.028E+00,+99999.9E+99,+99999.9E+99,1.049E+00,+99999.9E+99,+99999.9E+99,11.9342E+00,0.00000E+00,0.00000E+00,12.2623E+00,0.00000E+00,0.00000E+00,4.5326E+00,0.00000E+00,0.00000E+00,11.0399E+00,0.00000E+00,0.00000E+00,4.5748E+00,0.00000E+00,0.00000E+00,18.2888E+00,0.0000E+00,0.0000E+00,4.0329E+00,0.0000E+00,0.0000E+00,10.404E+00,+99999.9E+99,+99999.9E+99,64.565E+00,+99999.9E+99,+99999.9E+99,1.10086E+03,0.00000E+03,0.00000E+03,0.00000E+03,0.00000E+03,0.00000E+03,1.19228E+03,0.00000E+03,0.00000E+03,0.00000E+03,0.00000E+03,0.00000E+03,-0.45787E+03,0.00000E+03,0.00000E+03,0.00000E+03,0.00000E+03,0.00000E+03,-0.92332E+00,0.00000E+00,0.00000E+00,0.91835E+00,0.76569E+00,0.59270E+00,0.000E+00,-42.181E+00,170.683E+00,156.686E+00,177.850E+00,-62.968E+00,-22.583E+00,90.000E+00,90.000E+00,12.3708E+00,0.00000E+00,0.00000E+00,79.408E+00,100.000E+00,100.000E+00,0.22669E+03,0.00000E+03,0.00000E+03,+99999.9E+99,+99999.9E+99,+99999.9E+99,+99999.9E+99,+99999.9E+99,+99999.9E+99,+99999.9E+99,+99999.9E+99,+99999.9E+99,+99999.9E+99,+99999.9E+99,+99999.9E+99,1B00,0,0,0,1B00,76.7142E+00,76.6820E+00,76.4218E+00,76.6060E+00,72.5766E+00,72.7144E+00,72.0921E+00,72.4610E+00,76.7142E+00,76.6820E+00,76.4218E+00,0.0000E+00,0.0000E+00,0.0000E+00,70.7660E+00,70.6587E+00,70.5135E+00,105.877E+00,106.003E+00,105.816E+00,-103.884E+00,-104.533E+00,-106.227E+00,35.633E+00,35.220E+00,35.630E+00,+99999.9E+99,+99999.9E+99,+99999.9E+99,0.209E+00,9.7457E+00,9.3290E+00,9.9391E+00,9.6713E+00,8.4383E+00,8.0829E+00,8.4900E+00,8.3371E+00,9.7451E+00,9.3290E+00,9.9391E+00,-0.1029E+00,0.0000E+00,0.0000E+00,13.3662E+00,13.4164E+00,13.9446E+00,26.2233E+00,24.8686E+00,27.2067E+00,-25.6210E+00,-23.3876E+00,-26.7171E+00,42.834E+00,42.161E+00,40.333E+00,+99999.9E+99,+99999.9E+99,+99999.9E+99,2.434E+00,0.28600E+03,0.28414E+03,0.30403E+03,0.87417E+03,0.46575E+03,0.48073E+03,0.48876E+03,1.43524E+03,0.43379E+03,0.41531E+03,0.44128E+03,1.29038E+03,0.54081E+03,0.54416E+03,0.56082E+03,1.64551E+03,-0.32616E+03,-0.30290E+03,-0.31983E+03,-0.94889E+03,-0.27487E+03,-0.25498E+03,-0.27501E+03,-0.80486E+03,-0.65929E+00,-0.68416E+00,-0.68898E+00,-0.67745E+00,-0.86120E+00,-0.88343E+00,-0.87151E+00,-0.87221E+00,0.000E+00,120.179E+00,-119.996E+00,60.491E+00,178.059E+00,-60.512E+00,-48.754E+00,-46.831E+00,-46.450E+00,-47.355E+00,202.460E+00,201.776E+00,202.663E+00,91.798E+00,+99999.9E+99,+99999.9E+99,0.00007E+06,-0.00052E+06,0.00000E+00,10.125E+00,0.757E+03,0.00080E+06,43.925E+00,F0F08
2021/11/30,17:33:59,00000:00:24,350,38003F00,700,1F00,1F00,3F00,99.905E+00,0.000E+00,0.000E+00,110.965E+00,0.000E+00,0.000E+00,0.505E+00,0.000E+00,0.000E+00,99.904E+00,0.000E+00,0.000E+00,0.000E+00,0.000E+00,0.000E+00,100.914E+00,0.000E+00,0.000E+00,98.818E+00,0.000E+00,0.000E+00,67.123E+00,+99999.9E+99,405.108E+00,1.049E+00,+99999.9E+99,+99999.9E+99,11.9342E+00,0.00000E+00,0.00000E+00,12.2623E+00,0.00000E+00,0.00000E+00,4.5326E+00,0.00000E+00,0.00000E+00,11.0399E+00,0.00000E+00,0.00000E+00,4.0803E+00,0.00000E+00,0.00000E+00,18.2888E+00,0.0000E+00,0.0000E+00,4.0329E+00,0.0000E+00,0.0000E+00,48.049E+00,+99999.9E+99,+99999.9E+99,64.565E+00,+99999.9E+99,+99999.9E+99,1.10086E+03,0.00000E+03,0.00000E+03,0.00000E+03,0.00000E+03,0.00000E+03,1.19228E+03,0.00000E+03,0.00000E+03,0.00000E+03,0.00000E+03,0.00000E+03,-0.45787E+03,0.00000E+03,0.00000E+03,0.00000E+03,0.00000E+03,0.00000E+03,-0.92332E+00,0.00000E+00,0.00000E+00,0.88316E+00,0.99992E+00,0.48537E+00,0.000E+00,-122.632E+00,163.397E+00,152.026E+00,-123.347E+00,-77.567E+00,-22.583E+00,90.000E+00,90.000E+00,12.3708E+00,0.00000E+00,0.00000E+00,95.127E+00,100.000E+00,100.000E+00,0.05364E+03,0.00000E+03,0.00000E+03,+99999.9E+99,+99999.9E+99,+99999.9E+99,+99999.9E+99,+99999.9E+99,+99999.9E+99,+99999.9E+99,+99999.9E+99,+99999.9E+99,+99999.9E+99,+99999.9E+99,+99999.9E+99,1B00,0,0,0,1B00,76.5474E+00,77.0012E+00,77.0507E+00,76.8664E+00,71.8806E+00,72.7688E+00,72.8328E+00,72.4941E+00,76.5474E+00,77.0012E+00,77.0507E+00,0.0000E+00,0.0000E+00,0.0000E+00,73.1457E+00,73.2448E+00,73.1304E+00,105.870E+00,106.136E+00,105.656E+00,-105.161E+00,-104.597E+00,-105.290E+00,13.935E+00,13.748E+00,14.107E+00,+99999.9E+99,+99999.9E+99,+99999.9E+99,0.101E+00,11.6764E+00,11.4337E+00,11.2183E+00,11.4428E+00,10.0766E+00,9.9369E+00,9.6255E+00,9.8796E+00,11.6753E+00,11.4267E+00,11.2045E+00,-0.1581E+00,-0.3973E+00,0.5565E+00,4.8195E+00,4.5809E+00,4.8217E+00,27.6157E+00,27.1362E+00,28.5048E+00,-26.6338E+00,-26.8986E+00,-25.8467E+00,58.665E+00,59.850E+00,56.498E+00,+99999.9E+99,+99999.9E+99,+99999.9E+99,2.687E+00,0.36089E+03,0.34090E+03,0.34542E+03,1.04722E+03,0.17330E+03,0.16993E+03,0.17916E+03,0.52239E+03,0.52165E+03,0.50978E+03,0.50269E+03,1.53412E+03,0.19924E+03,0.19232E+03,0.20091E+03,0.59236E+03,-0.37666E+03,-0.37903E+03,-0.36521E+03,-1.12090E+03,-0.09830E+03,-0.09007E+03,-0.09093E+03,-0.27930E+03,-0.69183E+00,-0.66872E+00,-0.68715E+00,-0.68262E+00,-0.86982E+00,-0.88356E+00,-0.89172E+00,-0.88187E+00,0.000E+00,120.057E+00,-119.908E+00,59.604E+00,177.932E+00,-62.990E+00,-46.225E+00,-48.032E+00,-46.595E+00,-46.951E+00,201.296E+00,202.099E+00,201.419E+00,93.120E+00,+99999.9E+99,+99999.9E+99,0.00007E+06,-0.00063E+06,0.00000E+00,12.307E+00,0.757E+03,0.00098E+06,43.614E+00,F0F08
2021/11/30,17:33:59,00000:00:24,400,38003F00,2800,3B00,3B00,3F00,99.985E+00,0.000E+00,0.000E+00,111.054E+00,0.000E+00,0.000E+00,0.502E+00,0.000E+00,0.000E+00,99.984E+00,0.000E+00,0.000E+00,0.000E+00,0.000E+00,0.000E+00,100.957E+00,0.000E+00,0.000E+00,98.807E+00,0.000E+00,0.000E+00,67.123E+00,+99999.9E+99,405.108E+00,1.075E+00,+99999.9E+99,+99999.9E+99,11.5214E+00,0.00000E+00,0.00000E+00,11.7148E+00,0.00000E+00,0.00000E+00,4.6371E+00,0.00000E+00,0.00000E+00,10.5470E+00,0.00000E+00,0.00000E+00,4.0803E+00,0.00000E+00,0.00000E+00,18.1438E+00,0.0000E+00,0.0000E+00,4.0840E+00,0.0000E+00,0.0000E+00,48.049E+00,+99999.9E+99,+99999.9E+99,66.653E+00,+99999.9E+99,+99999.9E+99,1.05245E+03,0.00000E+03,0.00000E+03,0.00000E+03,0.00000E+03,0.00000E+03,1.15197E+03,0.00000E+03,0.00000E+03,0.00000E+03,0.00000E+03,0.00000E+03,0.46839E+03,0.00000E+03,0.00000E+03,0.00000E+03,0.00000E+03,0.00000E+03,0.91361E+00,0.00000E+00,0.00000E+00,0.88316E+00,0.99992E+00,0.48537E+00,0.000E+00,-122.632E+00,163.397E+00,152.026E+00,-123.347E+00,-77.567E+00,23.991E+00,90.000E+00,90.000E+00,0.00000E+00,0.00000E+00,0.00000E+00,121.843E+00,100.000E+00,100.000E+00,-0.22988E+03,0.00000E+03,0.00000E+03,+99999.9E+99,+99999.9E+99,+99999.9E+99,+99999.9E+99,+99999.9E+99,+99999.9E+99,+99999.9E+99,+99999.9E+99,+99999.9E+99,+99999.9E+99,+99999.9E+99,+99999.9E+99,1B00,0,0,0,1B00,77.2279E+00,77.2365E+00,77.0018E+00,77.1554E+00,72.2270E+00,72.4170E+00,71.8619E+00,72.1686E+00,77.2279E+00,77.2365E+00,77.0018E+00,0.0000E+00,0.0000E+00,0.0000E+00,70.4767E+00,71.0800E+00,70.9696E+00,105.206E+00,105.619E+00,105.646E+00,-104.394E+00,-104.913E+00,-104.557E+00,34.604E+00,34.584E+00,34.499E+00,+99999.9E+99,+99999.9E+99,+99999.9E+99,0.524E+00,13.5052E+00,13.0869E+00,13.4607E+00,13.3509E+00,12.4439E+00,12.0273E+00,12.3790E+00,12.2834E+00,13.5043E+00,13.0869E+00,13.4592E+00,-0.1538E+00,0.0000E+00,0.2000E+00,14.0705E+00,13.1227E+00,13.1046E+00,27.5890E+00,27.1124E+00,28.6719E+00,-26.4405E+00,-27.1005E+00,-26.7286E+00,39.690E+00,42.090E+00,42.231E+00,+99999.9E+99,+99999.9E+99,+99999.9E+99,4.549E+00,0.42513E+03,0.41733E+03,0.43987E+03,1.28233E+03,0.50209E+03,0.45769E+03,0.48347E+03,1.44325E+03,0.60853E+03,0.58966E+03,0.60517E+03,1.80336E+03,0.56701E+03,0.53073E+03,0.53551E+03,1.63225E+03,-0.43540E+03,-0.41658E+03,-0.41562E+03,-1.26760E+03,-0.26345E+03,-0.26869E+03,-0.23027E+03,-0.76242E+03,-0.69862E+00,-0.70774E+00,-0.72686E+00,-0.71108E+00,-0.88550E+00,-0.86238E+00,-0.90283E+00,-0.88421E+00,0.000E+00,119.826E+00,-119.664E+00,57.970E+00,-179.814E+00,-64.424E+00,-45.684E+00,-44.949E+00,-43.376E+00,-44.677E+00,202.201E+00,201.592E+00,202.007E+00,89.689E+00,+99999.9E+99,+99999.9E+99,0.00013E+06,-0.00073E+06,0.00000E+00,14.493E+00,0.758E+03,0.00115E+06,43.785E+00,F0F08
2021/11/30,17:33:59,00000:00:24,450,38003F00,2D00,3F00,3F00,3F00,99.985E+00,0.000E+00,0.000E+00,111.054E+00,0.000E+00,0.000E+00,0.502E+00,0.000E+00,0.000E+00,99.984E+00,0.000E+00,0.000E+00,0.000E+00,0.000E+00,0.000E+00,100.957E+00,0.000E+00,0.000E+00,98.807E+00,0.000E+00,0.000E+00,35.046E+00,+99999.9E+99,361.352E+00,1.075E+00,+99999.9E+99,+99999.9E+99,11.5214E+00,0.00000E+00,0.00000E+00,11.7148E+00,0.00000E+00,0.00000E+00,4.6371E+00,0.00000E+00,0.00000E+00,10.5470E+00,0.00000E+00,0.00000E+00,4.2423E+00,0.00000E+00,0.00000E+00,18.1438E+00,0.0000E+00,0.0000E+00,4.0840E+00,0.0000E+00,0.0000E+00,40.220E+00,+99999.9E+99,+99999.9E+99,66.653E+00,+99999.9E+99,+99999.9E+99,1.05245E+03,0.00000E+03,0.00000E+03,0.00000E+03,0.00000E+03,0.00000E+03,1.15197E+03,0.00000E+03,0.00000E+03,0.00000E+03,0.00000E+03,0.00000E+03,0.46839E+03,0.00000E+03,0.00000E+03,0.00000E+03,0.00000E+03,0.00000E+03,0.91361E+00,0.00000E+00,0.00000E+00,0.93456E+00,0.97318E+00,0.12468E+00,0.000E+00,157.596E+00,148.273E+00,159.158E+00,170.895E+00,-114.565E+00,23.991E+00,90.000E+00,90.000E+00,0.00000E+00,0.00000E+00,0.00000E+00,73.372E+00,100.000E+00,100.000E+00,0.28025E+03,0.00000E+03,0.00000E+03,+99999.9E+99,+99999.9E+99,+99999.9E+99,+99999.9E+99,+99999.9E+99,+99999.9E+99,+99999.9E+99,+99999.9E+99,+99999.9E+99,+99999.9E+99,+99999.9E+99,+99999.9E+99,1B00,0,0,0,1B00,76.2686E+00,76.6675E+00,76.5043E+00,76.4801E+00,72.1646E+00,72.9029E+00,72.6096E+00,72.5590E+00,76.2686E+00,76.6675E+00,76.5043E+00,0.0000E+00,0.0000E+00,0.0000E+00,71.9437E+00,71.7745E+00,71.7039E+00,105.650E+00,106.013E+00,105.740E+00,-104.589E+00,-104.886E+00,-104.240E+00,27.069E+00,26.105E+00,26.839E+00,+99999.9E+99,+99999.9E+99,+99999.9E+99,0.199E+00,8.1979E+00,8.1481E+00,8.1084E+00,8.1515E+00,7.3154E+00,7.2902E+00,7.2299E+00,7.2785E+00,8.1972E+00,8.1481E+00,8.1060E+00,-0.1064E+00,0.0000E+00,0.1974E+00,9.6956E+00,9.8664E+00,10.2177E+00,22.2867E+00,20.8709E+00,20.5009E+00,-18.6505E+00,-18.5614E+00,-19.7386E+00,48.568E+00,46.167E+00,44.638E+00,+99999.9E+99,+99999.9E+99,+99999.9E+99,4.251E+00,0.25871E+03,0.25395E+03,0.25954E+03,0.77220E+03,0.33430E+03,0.35789E+03,0.36187E+03,1.05407E+03,0.36257E+03,0.36094E+03,0.36013E+03,1.08364E+03,0.38977E+03,0.40073E+03,0.41793E+03,1.20785E+03,-0.25402E+03,-0.25648E+03,-0.24967E+03,-0.76017E+03,-0.20041E+03,-0.18028E+03,-0.20908E+03,-0.58978E+03,-0.71354E+00,-0.70360E+00,-0.72067E+00,-0.71260E+00,-0.85768E+00,-0.89309E+00,-0.86587E+00,-0.87268E+00,0.000E+00,120.144E+00,-120.042E+00,60.866E+00,176.846E+00,-59.913E+00,-44.476E+00,-45.284E+00,-43.890E+00,-44.553E+00,201.709E+00,201.940E+00,201.927E+00,95.360E+00,+99999.9E+99,+99999.9E+99,0.00004E+06,-0.00048E+06,0.00000E+00,9.302E+00,0.756E+03,0.00074E+06,43.783E+00,F0F08
2021/11/30,17:33:59,00000:00:24,500,38003800,2800,3800,3800,3800,99.811E+00,0.000E+00,0.000E+00,110.861E+00,0.000E+00,0.000E+00,0.500E+00,0.000E+00,0.000E+00,99.810E+00,0.000E+00,0.000E+00,0.000E+00,0.000E+00,0.000E+00,100.943E+00,0.000E+00,0.000E+00,98.811E+00,0.000E+00,0.000E+00,35.046E+00,+99999.9E+99,361.352E+00,1.068E+00,+99999.9E+99,+99999.9E+99,12.2609E+00,0.00000E+00,0.00000E+00,12.7274E+00,0.00000E+00,0.00000E+00,4.3621E+00,0.00000E+00,0.00000E+00,11.4587E+00,0.00000E+00,0.00000E+00,4.2423E+00,0.00000E+00,0.00000E+00,18.2400E+00,0.0000E+00,0.0000E+00,4.1717E+00,0.0000E+00,0.0000E+00,40.220E+00,+99999.9E+99,+99999.9E+99,61.387E+00,+99999.9E+99,+99999.9E+99,1.14174E+03,0.00000E+03,0.00000E+03,0.00000E+03,0.00000E+03,0.00000E+03,1.22377E+03,0.00000E+03,0.00000E+03,0.00000E+03,0.00000E+03,0.00000E+03,-0.44051E+03,0.00000E+03,0.00000E+03,0.00000E+03,0.00000E+03,0.00000E+03,-0.93297E+00,0.00000E+00,0.00000E+00,0.93456E+00,0.97318E+00,0.12468E+00,0.000E+00,157.596E+00,148.273E+00,159.158E+00,170.895E+00,-114.565E+00,-21.098E+00,90.000E+00,90.000E+00,9.33261E+00,0.00000E+00,0.00000E+00,110.421E+00,100.000E+00,100.000E+00,-0.11898E+03,0.00000E+03,0.00000E+03,+99999.9E+99,+99999.9E+99,+99999.9E+99,+99999.9E+99,+99999.9E+99,+99999.9E+99,+99999.9E+99,+99999.9E+99,+99999.9E+99,+99999.9E+99,+99999.9E+99,+99999.9E+99,1B00,0,0,0,1B00,77.0937E+00,77.1664E+00,77.1055E+00,77.1219E+00,72.1705E+00,72.5313E+00,72.2641E+00,72.3220E+00,77.0937E+00,77.1664E+00,77.1055E+00,0.0000E+00,0.0000E+00,0.0000E+00,72.7329E+00,73.1150E+00,72.9937E+00,105.830E+00,106.156E+00,105.813E+00,-104.993E+00,-108.324E+00,-104.507E+00,16.330E+00,16.550E+00,16.805E+00,+99999.9E+99,+99999.9E+99,+99999.9E+99,0.316E+00,13.4279E+00,12.9508E+00,13.1544E+00,13.1777E+00,12.2281E+00,11.7434E+00,11.8134E+00,11.9283E+00,13.4267E+00,12.9470E+00,13.1451E+00,-0.1805E+00,-0.3133E+00,0.4948E+00,6.4255E+00,5.7903E+00,5.6665E+00,27.6148E+00,27.1986E+00,28.4833E+00,-26.7052E+00,-27.0281E+00,-26.7881E+00,49.706E+00,54.125E+00,54.994E+00,+99999.9E+99,+99999.9E+99,+99999.9E+99,6.691E+00,0.42882E+03,0.40688E+03,0.42502E+03,1.26072E+03,0.23161E+03,0.20322E+03,0.21786E+03,0.65270E+03,0.60503E+03,0.58185E+03,0.59078E+03,1.77766E+03,0.25883E+03,0.23481E+03,0.23664E+03,0.72938E+03,-0.42682E+03,-0.41593E+03,-0.41035E+03,-1.25309E+03,-0.11554E+03,-0.11763E+03,-0.09237E+03,-0.32554E+03,-0.70876E+00,-0.69929E+00,-0.71942E+00,-0.70920E+00,-0.89484E+00,-0.86548E+00,-0.92067E+00,-0.89487E+00,0.000E+00,119.935E+00,-119.767E+00,56.689E+00,179.941E+00,-66.911E+00,-44.866E+00,-45.630E+00,-43.994E+00,-44.830E+00,201.735E+00,201.385E+00,201.675E+00,90.715E+00,+99999.9E+99,+99999.9E+99,0.00012E+06,-0.00074E+06,0.00000E+00,14.424E+00,0.757E+03,0.00114E+06,43.703E+00,F0F08
2021/11/30,17:33:59,00000:00:24,550,38003F00,0,1B00,1B00,3F00,99.921E+00,0.000E+00,0.000E+00,110.983E+00,0.000E+00,0.000E+00,0.509E+00,0.000E+00,0.000E+00,99.920E+00,0.000E+00,0.000E+00,0.000E+00,0.000E+00,0.000E+00,100.971E+00,0.000E+00,0.000E+00,98.829E+00,0.000E+00,0.000E+00,100.824E+00,+99999.9E+99,+99999.9E+99,1.072E+00,+99999.9E+99,+99999.9E+99,11.8325E+00,0.00000E+00,0.00000E+00,12.1153E+00,0.00000E+00,0.00000E+00,4.5860E+00,0.00000E+00,0.00000E+00,10.9076E+00,0.00000E+00,0.00000E+00,2.9587E+00,0.00000E+00,0.00000E+00,18.2462E+00,0.0000E+00,0.0000E+00,4.1614E+00,0.0000E+00,0.0000E+00,103.937E+00,+99999.9E+99,+99999.9E+99,64.564E+00,+99999.9E+99,+99999.9E+99,1.08779E+03,0.00000E+03,0.00000E+03,0.00000E+03,0.00000E+03,0.00000E+03,1.18231E+03,0.00000E+03,0.00000E+03,0.00000E+03,0.00000E+03,0.00000E+03,0.46322E+03,0.00000E+03,0.00000E+03,0.00000E+03,0.00000E+03,0.00000E+03,0.92005E+00,0.00000E+00,0.00000E+00,0.83139E+00,0.86785E+00,0.89598E+00,0.000E+00,63.694E+00,-160.505E+00,146.242E+00,33.903E+00,-134.139E+00,23.066E+00,90.000E+00,90.000E+00,12.6131E+00,0.00000E+00,0.00000E+00,100.348E+00,100.000E+00,100.000E+00,-0.00379E+03,0.00000E+03,0.00000E+03,+99999.9E+99,+99999.9E+99,+99999.9E+99,+99999.9E+99,+99999.9E+99,+99999.9E+99,+99999.9E+99,+99999.9E+99,+99999.9E+99,+99999.9E+99,+99999.9E+99,+99999.9E+99,1B00,0,0,0,1B00,76.7564E+00,77.1050E+00,76.8263E+00,76.8959E+00,72.0355E+00,72.6735E+00,72.1727E+00,72.2939E+00,76.7564E+00,77.1050E+00,76.8263E+00,0.0000E+00,0.0000E+00,0.0000E+00,70.0199E+00,70.2382E+00,70.1449E+00,105.357E+00,105.916E+00,105.510E+00,-104.256E+00,-104.786E+00,-104.367E+00,39.000E+00,38.829E+00,38.786E+00,+99999.9E+99,+99999.9E+99,+99999.9E+99,0.187E+00,11.9589E+00,11.8000E+00,12.0779E+00,11.9456E+00,10.4731E+00,10.3997E+00,10.5893E+00,10.4874E+00,11.9583E+00,11.8000E+00,12.0779E+00,-0.1181E+00,0.0000E+00,0.0000E+00,15.3833E+00,14.9633E+00,15.1759E+00,27.6709E+00,27.0900E+00,28.5981E+00,-26.2248E+00,-27.2910E+00,-26.6138E+00,39.454E+00,40.493E+00,39.497E+00,+99999.9E+99,+99999.9E+99,+99999.9E+99,1.680E+00,0.35817E+03,0.36043E+03,0.37298E+03,1.09158E+03,0.54231E+03,0.52649E+03,0.54355E+03,1.61235E+03,0.53420E+03,0.52871E+03,0.54193E+03,1.60485E+03,0.62077E+03,0.60367E+03,0.61393E+03,1.83823E+03,-0.39634E+03,-0.38681E+03,-0.39317E+03,-1.17632E+03,-0.30209E+03,-0.29535E+03,-0.28541E+03,-0.88284E+03,-0.67048E+00,-0.68172E+00,-0.68823E+00,-0.68018E+00,-0.87361E+00,-0.87214E+00,-0.88537E+00,-0.87712E+00,0.000E+00,119.979E+00,-119.853E+00,59.224E+00,179.228E+00,-62.212E+00,-47.896E+00,-47.022E+00,-46.510E+00,-47.142E+00,201.974E+00,202.361E+00,201.857E+00,90.287E+00,+99999.9E+99,+99999.9E+99,0.00011E+06,-0.00063E+06,0.00000E+00,12.432E+00,0.757E+03,0.00099E+06,43.776E+00,F0F0F
2021/11/30,17:33:59,00000:00:24,600,38003F00,700,1F00,1F00,3F00,99.921E+00,0.000E+00,0.000E+00,110.983E+00,0.000E+00,0.000E+00,0.509E+00,0.000E+00,0.000E+00,99.920E+00,0.000E+00,0.000E+00,0.000E+00,0.000E+00,0.000E+00,100.971E+00,0.000E+00,0.000E+00,98.829E+00,0.000E+00,0.000E+00,100.824E+00,+99999.9E+99,+99999.9E+99,1.072E+00,+99999.9E+99,+99999.9E+99,11.8325E+00,0.00000E+00,0.00000E+00,12.1153E+00,0.00000E+00,0.00000E+00,4.5860E+00,0.00000E+00,0.00000E+00,10.9076E+00,0.00000E+00,0.00000E+00,2.9587E+00,0.00000E+00,0.00000E+00,18.2462E+00,0.0000E+00,0.0000E+00,4.1614E+00,0.0000E+00,0.0000E+00,103.937E+00,+99999.9E+99,+99999.9E+99,64.564E+00,+99999.9E+99,+99999.9E+99,1.08779E+03,0.00000E+03,0.00000E+03,0.00000E+03,0.00000E+03,0.00000E+03,1.18231E+03,0.00000E+03,0.00000E+03,0.00000E+03,0.00000E+03,0.00000E+03,0.46322E+03,0.00000E+03,0.00000E+03,0.00000E+03,0.00000E+03,0.00000E+03,0.92005E+00,0.00000E+00,0.00000E+00,0.83139E+00,0.86785E+00,0.89598E+00,0.000E+00,63.694E+00,-160.505E+00,146.242E+00,33.903E+00,-134.139E+00,23.066E+00,90.000E+00,90.000E+00,12.6131E+00,0.00000E+00,0.00000E+00,78.984E+00,100.000E+00,100.000E+00,0.22861E+03,0.00000E+03,0.00000E+03,+99999.9E+99,+99999.9E+99,+99999.9E+99,+99999.9E+99,+99999.9E+99,+99999.9E+99,+99999.9E+99,+99999.9E+99,+99999.9E+99,+99999.9E+99,+99999.9E+99,+99999.9E+99,1B00,0,0,0,1B00,76.5466E+00,76.6534E+00,76.5611E+00,76.5870E+00,72.4438E+00,72.8107E+00,72.5090E+00,72.5878E+00,76.5466E+00,76.6534E+00,76.5611E+00,0.0000E+00,0.0000E+00,0.0000E+00,72.8787E+00,72.7207E+00,72.6532E+00,105.894E+00,106.094E+00,105.643E+00,-104.213E+00,-105.141E+00,-104.101E+00,18.411E+00,17.951E+00,17.991E+00,+99999.9E+99,+99999.9E+99,+99999.9E+99,0.185E+00,9.5719E+00,9.0991E+00,9.2200E+00,9.2970E+00,8.2764E+00,7.8815E+00,7.9044E+00,8.0208E+00,9.5708E+00,9.0955E+00,9.2112E+00,-0.1455E+00,-0.2556E+00,0.4021E+00,6.1259E+00,6.4231E+00,6.8181E+00,26.0505E+00,24.2019E+00,25.1790E+00,-26.4333E+00,-25.5062E+00,-22.4924E+00,56.970E+00,52.849E+00,50.029E+00,+99999.9E+99,+99999.9E+99,+99999.9E+99,4.792E+00,0.29378E+03,0.27605E+03,0.28935E+03,0.85918E+03,0.21940E+03,0.23571E+03,0.24021E+03,0.69532E+03,0.42560E+03,0.40382E+03,0.40924E+03,1.23866E+03,0.25497E+03,0.26185E+03,0.27562E+03,0.79195E+03,-0.30794E+03,-0.29473E+03,-0.28940E+03,-0.89207E+03,-0.12990E+03,-0.11406E+03,-0.13514E+03,-0.37910E+03,-0.69027E+00,-0.68360E+00,-0.70704E+00,-0.69364E+00,-0.86048E+00,-0.90015E+00,-0.87155E+00,-0.87799E+00,0.000E+00,120.128E+00,-120.047E+00,60.555E+00,175.922E+00,-60.584E+00,-46.348E+00,-46.874E+00,-45.005E+00,-46.081E+00,201.819E+00,201.426E+00,202.180E+00,94.531E+00,+99999.9E+99,+99999.9E+99,0.00005E+06,-0.00054E+06,0.00000E+00,10.252E+00,0.757E+03,0.00081E+06,43.772E+00,F0F0F
2021/11/30,17:33:59,00000:00:24,650,38003F00,500,1F00,1F00,3F00,99.921E+00,0.000E+00,0.000E+00,110.983E+00,0.000E+00,0.000E+00,0.509E+00,0.000E+00,0.000E+00,99.920E+00,0.000E+00,0.000E+00,0.000E+00,0.000E+00,0.000E+00,100.971E+00,0.000E+00,0.000E+00,98.829E+00,0.000E+00,0.000E+00,18.256E+00,+99999.9E+99,384.144E+00,1.072E+00,+99999.9E+99,+99999.9E+99,11.8325E+00,0.00000E+00,0.00000E+00,12.1153E+00,0.00000E+00,0.00000E+00,4.5860E+00,0.00000E+00,0.00000E+00,10.9076E+00,0.00000E+00,0.00000E+00,4.6920E+00,0.00000E+00,0.00000E+00,18.2462E+00,0.0000E+00,0.0000E+00,4.1614E+00,0.0000E+00,0.0000E+00,8.557E+00,+99999.9E+99,+99999.9E+99,64.564E+00,+99999.9E+99,+99999.9E+99,1.08779E+03,0.00000E+03,0.00000E+03,0.00000E+03,0.00000E+03,0.00000E+03,1.18231E+03,0.00000E+03,0.00000E+03,0.00000E+03,0.00000E+03,0.00000E+03,0.46322E+03,0.00000E+03,0.00000E+03,0.00000E+03,0.00000E+03,0.00000E+03,0.92005E+00,0.00000E+00,0.00000E+00,0.91799E+00,0.17936E+00,0.94600E+00,0.000E+00,-12.018E+00,167.461E+00,156.634E+00,88.314E+00,6.377E+00,23.066E+00,90.000E+00,90.000E+00,12.6131E+00,0.00000E+00,0.00000E+00,124.386E+00,100.000E+00,100.000E+00,-0.26527E+03,0.00000E+03,0.00000E+03,+99999.9E+99,+99999.9E+99,+99999.9E+99,+99999.9E+99,+99999.9E+99,+99999.9E+99,+99999.9E+99,+99999.9E+99,+99999.9E+99,+99999.9E+99,+99999.9E+99,+99999.9E+99,1B00,0,0,0,1B00,77.0073E+00,77.4907E+00,77.3558E+00,77.2846E+00,71.7012E+00,72.5841E+00,72.3505E+00,72.2119E+00,77.0073E+00,77.4907E+00,77.3558E+00,0.0000E+00,0.0000E+00,0.0000E+00,71.7741E+00,72.2944E+00,72.0991E+00,105.723E+00,106.033E+00,105.619E+00,-104.137E+00,-104.667E+00,-104.269E+00,25.159E+00,25.635E+00,25.509E+00,+99999.9E+99,+99999.9E+99,+99999.9E+99,0.416E+00,13.9447E+00,13.6334E+00,13.7519E+00,13.7767E+00,13.0309E+00,12.8533E+00,12.7974E+00,12.8939E+00,13.9438E+00,13.6311E+00,13.7459E+00,-0.1553E+00,-0.2512E+00,0.4075E+00,10.1430E+00,9.3486E+00,9.4645E+00,27.7890E+00,27.0567E+00,28.4000E+00,-26.6548E+00,-27.1233E+00,-26.4862E+00,44.010E+00,46.618E+00,47.203E+00,+99999.9E+99,+99999.9E+99,+99999.9E+99,6.379E+00,0.45540E+03,0.44382E+03,0.45384E+03,1.35306E+03,0.37048E+03,0.32709E+03,0.34941E+03,1.04698E+03,0.62818E+03,0.61483E+03,0.62259E+03,1.86560E+03,0.41378E+03,0.37783E+03,0.38012E+03,1.17037E+03,-0.43268E+03,-0.42550E+03,-0.42619E+03,-1.28437E+03,-0.18428E+03,-0.18911E+03,-0.14968E+03,-0.52308E+03,-0.72496E+00,-0.72185E+00,-0.72897E+00,-0.72527E+00,-0.89535E+00,-0.86572E+00,-0.91921E+00,-0.89457E+00,0.000E+00,119.933E+00,-119.681E+00,56.682E+00,179.883E+00,-66.642E+00,-43.534E+00,-43.793E+00,-43.200E+00,-43.509E+00,201.815E+00,202.280E+00,201.119E+00,90.260E+00,+99999.9E+99,+99999.9E+99,0.00013E+06,-0.00078E+06,0.00000E+00,15.392E+00,0.758E+03,0.00122E+06,43.684E+00,F0F08
2021/11/30,17:33:59,00000:00:24,700,38003D00,500,1C00,1C00,3800,99.921E+00,0.000E+00,0.000E+00,110.983E+00,0.000E+00,0.000E+00,0.509E+00,0.000E+00,0.000E+00,99.920E+00,0.000E+00,0.000E+00,0.000E+00,0.000E+00,0.000E+00,100.971E+00,0.000E+00,0.000E+00,98.829E+00,0.000E+00,0.000E+00,67.890E+00,+99999.9E+99,413.730E+00,1.072E+00,+99999.9E+99,+99999.9E+99,11.8325E+00,0.00000E+00,0.00000E+00,12.1153E+00,0.00000E+00,0.00000E+00,4.5860E+00,0.00000E+00,0.00000E+00,10.9076E+00,0.00000E+00,0.00000E+00,4.0363E+00,0.00000E+00,0.00000E+00,18.2462E+00,0.0000E+00,0.0000E+00,4.1614E+00,0.0000E+00,0.0000E+00,49.314E+00,+99999.9E+99,+99999.9E+99,64.564E+00,+99999.9E+99,+99999.9E+99,1.08779E+03,0.00000E+03,0.00000E+03,0.00000E+03,0.00000E+03,0.00000E+03,1.18231E+03,0.00000E+03,0.00000E+03,0.00000E+03,0.00000E+03,0.00000E+03,0.46322E+03,0.00000E+03,0.00000E+03,0.00000E+03,0.00000E+03,0.00000E+03,0.92005E+00,0.00000E+00,0.00000E+00,0.88184E+00,0.97167E+00,0.90298E+00,0.000E+00,-166.208E+00,176.734E+00,151.866E+00,-152.538E+00,-28.713E+00,23.066E+00,90.000E+00,90.000E+00,12.6131E+00,0.00000E+00,0.00000E+00,80.290E+00,100.000E+00,100.000E+00,0.21440E+03,0.00000E+03,0.00000E+03,+99999.9E+99,+99999.9E+99,+99999.9E+99,+99999.9E+99,+99999.9E+99,+99999.9E+99,+99999.9E+99,+99999.9E+99,+99999.9E+99,+99999.9E+99,+99999.9E+99,+99999.9E+99,1B00,0,0,0,1B00,76.7113E+00,76.6925E+00,76.4016E+00,76.6018E+00,72.5762E+00,72.7199E+00,72.0666E+00,72.4542E+00,76.7113E+00,76.6924E+00,76.4016E+00,0.0000E+00,0.0000E+00,0.0000E+00,70.2918E+00,70.3103E+00,70.2139E+00,105.793E+00,106.040E+00,105.750E+00,-104.541E+00,-104.874E+00,-104.721E+00,38.193E+00,37.840E+00,38.015E+00,+99999.9E+99,+99999.9E+99,+99999.9E+99,0.079E+00,9.7306E+00,9.3160E+00,9.9145E+00,9.6537E+00,8.4328E+00,8.0779E+00,8.4761E+00,8.3289E+00,9.7298E+00,9.3160E+00,9.9145E+00,-0.1236E+00,0.0000E+00,0.0000E+00,14.6948E+00,14.5851E+00,14.9145E+00,26.3157E+00,24.8005E+00,27.1410E+00,-25.5400E+00,-23.5029E+00,-26.3938E+00,40.904E+00,40.903E+00,39.533E+00,+99999.9E+99,+99999.9E+99,+99999.9E+99,1.416E+00,0.28607E+03,0.28369E+03,0.30363E+03,0.87339E+03,0.51474E+03,0.51675E+03,0.52843E+03,1.55993E+03,0.43290E+03,0.41485E+03,0.44009E+03,1.28784E+03,0.59448E+03,0.58914E+03,0.60313E+03,1.78665E+03,-0.32491E+03,-0.30268E+03,-0.31858E+03,-0.94618E+03,-0.29739E+03,-0.28295E+03,-0.29072E+03,-0.87106E+03,-0.66082E+00,-0.68385E+00,-0.68991E+00,-0.67818E+00,-0.86588E+00,-0.87712E+00,-0.87616E+00,-0.87310E+00,0.000E+00,120.069E+00,-119.954E+00,60.024E+00,178.733E+00,-61.105E+00,-48.637E+00,-46.855E+00,-46.377E+00,-47.298E+00,202.060E+00,201.782E+00,202.678E+00,91.966E+00,+99999.9E+99,+99999.9E+99,0.00007E+06,-0.00052E+06,0.00000E+00,10.135E+00,0.757E+03,0.00080E+06,43.817E+00,F0F08
2021/11/30,17:33:59,00000:00:24,750,38003F00,700,1F00,1F00,3F00,99.921E+00,0.000E+00,0.000E+00,110.983E+00,0.000E+00,0.000E+00,0.509E+00,0.000E+00,0.000E+00,99.920E+00,0.000E+00,0.000E+00,0.000E+00,0.000E+00,0.000E+00,100.971E+00,0.000E+00,0.000E+00,98.829E+00,0.000E+00,0.000E+00,67.890E+00,+99999.9E+99,413.730E+00,1.072E+00,+99999.9E+99,+99999.9E+99,11.8325E+00,0.00000E+00,0.00000E+00,12.1153E+00,0.00000E+00,0.00000E+00,4.5860E+00,0.00000E+00,0.00000E+00,10.9076E+00,0.00000E+00,0.00000E+00,4.0363E+00,0.00000E+00,0.00000E+00,18.2462E+00,0.0000E+00,0.0000E+00,4.1614E+00,0.0000E+00,0.0000E+00,49.314E+00,+99999.9E+99,+99999.9E+99,64.564E+00,+99999.9E+99,+99999.9E+99,1.08779E+03,0.00000E+03,0.00000E+03,0.00000E+03,0.00000E+03,0.00000E+03,1.18231E+03,0.00000E+03,0.00000E+03,0.00000E+03,0.00000E+03,0.00000E+03,0.46322E+03,0.00000E+03,0.00000E+03,0.00000E+03,0.00000E+03,0.00000E+03,0.92005E+00,0.00000E+00,0.00000E+00,0.88184E+00,0.97167E+00,0.90298E+00,0.000E+00,-166.208E+00,176.734E+00,151.866E+00,-152.538E+00,-28.713E+00,23.066E+00,90.000E+00,90.000E+00,12.6131E+00,0.00000E+00,0.00000E+00,94.441E+00,100.000E+00,100.000E+00,0.06048E+03,0.00000E+03,0.00000E+03,+99999.9E+99,+99999.9E+99,+99999.9E+99,+99999.9E+99,+99999.9E+99,+99999.9E+99,+99999.9E+99,+99999.9E+99,+99999.9E+99,+99999.9E+99,+99999.9E+99,+99999.9E+99,1B00,0,0,0,1B00,76.5376E+00,77.0189E+00,77.0512E+00,76.8692E+00,71.8020E+00,72.7308E+00,72.7680E+00,72.4336E+00,76.5376E+00,77.0189E+00,77.0512E+00,0.0000E+00,0.0000E+00,0.0000E+00,73.0841E+00,73.0724E+00,72.9710E+00,105.739E+00,106.127E+00,105.863E+00,-104.877E+00,-104.714E+00,-104.909E+00,15.406E+00,15.300E+00,15.294E+00,+99999.9E+99,+99999.9E+99,+99999.9E+99,0.099E+00,11.4835E+00,11.2438E+00,11.0418E+00,11.2564E+00,9.9624E+00,9.8177E+00,9.5241E+00,9.7681E+00,11.4827E+00,11.2362E+00,11.0281E+00,-0.1362E+00,-0.4125E+00,0.5497E+00,5.2037E+00,5.1125E+00,5.5138E+00,27.3552E+00,26.7376E+00,28.4300E+00,-26.1286E+00,-26.6205E+00,-25.4771E+00,58.646E+00,58.039E+00,53.747E+00,+99999.9E+99,+99999.9E+99,+99999.9E+99,3.448E+00,0.35362E+03,0.33428E+03,0.33942E+03,1.02732E+03,0.18470E+03,0.19030E+03,0.19773E+03,0.57274E+03,0.51278E+03,0.50126E+03,0.49482E+03,1.50885E+03,0.21437E+03,0.21354E+03,0.22487E+03,0.65258E+03,-0.37134E+03,-0.37352E+03,-0.36006E+03,-1.10492E+03,-0.10881E+03,-0.09687E+03,-0.10711E+03,-0.31279E+03,-0.68962E+00,-0.66689E+00,-0.68594E+00,-0.68086E+00,-0.86160E+00,-0.89119E+00,-0.87929E+00,-0.87765E+00,0.000E+00,120.093E+00,-119.965E+00,60.494E+00,177.027E+00,-61.470E+00,-46.400E+00,-48.173E+00,-46.691E+00,-47.089E+00,202.000E+00,202.017E+00,201.399E+00,93.058E+00,+99999.9E+99,+99999.9E+99,0.00007E+06,-0.00062E+06,0.00000E+00,12.065E+00,0.757E+03,0.00096E+06,43.812E+00,F0F08
2021/11/30,17:34:00,00000:00:24,800,38003F00,2800,3B00,3B00,3F00,99.987E+00,0.000E+00,0.000E+00,111.057E+00,0.000E+00,0.000E+00,0.493E+00,0.000E+00,0.000E+00,99.986E+00,0.000E+00,0.000E+00,0.000E+00,0.000E+00,0.000E+00,100.975E+00,0.000E+00,0.000E+00,98.814E+00,0.000E+00,0.000E+00,35.011E+00,+99999.9E+99,+99999.9E+99,1.081E+00,+99999.9E+99,+99999.9E+99,11.4614E+00,0.00000E+00,0.00000E+00,11.6827E+00,0.00000E+00,0.00000E+00,4.5533E+00,0.00000E+00,0.00000E+00,10.5181E+00,0.00000E+00,0.00000E+00,4.0847E+00,0.00000E+00,0.00000E+00,18.1348E+00,0.0000E+00,0.0000E+00,3.9736E+00,0.0000E+00,0.0000E+00,39.727E+00,+99999.9E+99,+99999.9E+99,67.318E+00,+99999.9E+99,+99999.9E+99,1.04965E+03,0.00000E+03,0.00000E+03,0.00000E+03,0.00000E+03,0.00000E+03,1.14599E+03,0.00000E+03,0.00000E+03,0.00000E+03,0.00000E+03,0.00000E+03,0.45992E+03,0.00000E+03,0.00000E+03,0.00000E+03,0.00000E+03,0.00000E+03,0.91593E+00,0.00000E+00,0.00000E+00,0.93526E+00,0.98240E+00,0.65125E+00,0.000E+00,87.466E+00,153.872E+00,159.270E+00,76.702E+00,-156.764E+00,23.661E+00,90.000E+00,90.000E+00,0.00000E+00,0.00000E+00,0.00000E+00,121.806E+00,100.000E+00,100.000E+00,-0.22889E+03,0.00000E+03,0.00000E+03,+99999.9E+99,+99999.9E+99,+99999.9E+99,+99999.9E+99,+99999.9E+99,+99999.9E+99,+99999.9E+99,+99999.9E+99,+99999.9E+99,+99999.9E+99,+99999.9E+99,+99999.9E+99,1B00,0,0,0,1B00,77.2160E+00,77.2379E+00,76.9966E+00,77.1502E+00,72.2045E+00,72.4163E+00,71.8507E+00,72.1572E+00,77.2160E+00,77.2379E+00,76.9965E+00,0.0000E+00,0.0000E+00,0.0000E+00,71.0340E+00,71.7410E+00,71.5133E+00,105.376E+00,105.639E+00,105.589E+00,-104.190E+00,-104.733E+00,-104.446E+00,29.838E+00,29.852E+00,29.843E+00,+99999.9E+99,+99999.9E+99,+99999.9E+99,0.579E+00,13.4762E+00,13.0589E+00,13.4274E+00,13.3208E+00,12.4239E+00,12.0076E+00,12.3522E+00,12.2612E+00,13.4752E+00,13.0589E+00,13.4257E+00,-0.1682E+00,0.0000E+00,0.2087E+00,12.1497E+00,11.0282E+00,11.1746E+00,27.3362E+00,27.1519E+00,28.6714E+00,-26.0871E+00,-27.1643E+00,-26.8024E+00,41.675E+00,44.902E+00,44.695E+00,+99999.9E+99,+99999.9E+99,+99999.9E+99,6.054E+00,0.42394E+03,0.41605E+03,0.43856E+03,1.27854E+03,0.43343E+03,0.38397E+03,0.41228E+03,1.22969E+03,0.60709E+03,0.58832E+03,0.60362E+03,1.79903E+03,0.49035E+03,0.44981E+03,0.45409E+03,1.39274E+03,-0.43455E+03,-0.41597E+03,-0.41475E+03,-1.26528E+03,-0.22930E+03,-0.23430E+03,-0.19031E+03,-0.65391E+03,-0.69831E+00,-0.70718E+00,-0.72655E+00,-0.71068E+00,-0.88392E+00,-0.85362E+00,-0.90794E+00,-0.88292E+00,0.000E+00,119.890E+00,-119.568E+00,58.207E+00,-178.826E+00,-65.007E+00,-45.709E+00,-44.994E+00,-43.402E+00,-44.709E+00,201.392E+00,201.601E+00,201.959E+00,89.855E+00,+99999.9E+99,+99999.9E+99,0.00013E+06,-0.00073E+06,0.00000E+00,14.483E+00,0.757E+03,0.00115E+06,43.582E+00,F0F08
2021/11/30,17:34:00,00000:00:24,850,38003F00,2D00,3F00,3F00,3F00,99.987E+00,0.000E+00,0.000E+00,111.057E+00,0.000E+00,0.000E+00,0.493E+00,0.000E+00,0.000E+00,99.986E+00,0.000E+00,0.000E+00,0.000E+00,0.000E+00,0.000E+00,100.975E+00,0.000E+00,0.000E+00,98.814E+00,0.000E+00,0.000E+00,35.011E+00,+99999.9E+99,+99999.9E+99,1.081E+00,+99999.9E+99,+99999.9E+99,11.4614E+00,0.00000E+00,0.00000E+00,11.6827E+00,0.00000E+00,0.00000E+00,4.5533E+00,0.00000E+00,0.00000E+00,10.5181E+00,0.00000E+00,0.00000E+00,4.0847E+00,0.00000E+00,0.00000E+00,18.1348E+00,0.0000E+00,0.0000E+00,3.9736E+00,0.0000E+00,0.0000E+00,39.727E+00,+99999.9E+99,+99999.9E+99,67.318E+00,+99999.9E+99,+99999.9E+99,1.04965E+03,0.00000E+03,0.00000E+03,0.00000E+03,0.00000E+03,0.00000E+03,1.14599E+03,0.00000E+03,0.00000E+03,0.00000E+03,0.00000E+03,0.00000E+03,0.45992E+03,0.00000E+03,0.00000E+03,0.00000E+03,0.00000E+03,0.00000E+03,0.91593E+00,0.00000E+00,0.00000E+00,0.93526E+00,0.98240E+00,0.65125E+00,0.000E+00,87.466E+00,153.872E+00,159.270E+00,76.702E+00,-156.764E+00,23.661E+00,90.000E+00,90.000E+00,0.00000E+00,0.00000E+00,0.00000E+00,71.087E+00,100.000E+00,100.000E+00,0.30349E+03,0.00000E+03,0.00000E+03,+99999.9E+99,+99999.9E+99,+99999.9E+99,+99999.9E+99,+99999.9E+99,+99999.9E+99,+99999.9E+99,+99999.9E+99,+99999.9E+99,+99999.9E+99,+99999.9E+99,+99999.9E+99,1B00,0,0,0,1B00,76.2533E+00,76.6569E+00,76.4878E+00,76.4660E+00,72.0746E+00,72.8159E+00,72.5242E+00,72.4715E+00,76.2533E+00,76.6569E+00,76.4878E+00,0.0000E+00,0.0000E+00,0.0000E+00,71.3201E+00,71.1985E+00,71.0419E+00,105.939E+00,106.151E+00,105.739E+00,-104.154E+00,-104.591E+00,-104.461E+00,31.837E+00,31.135E+00,31.726E+00,+99999.9E+99,+99999.9E+99,+99999.9E+99,0.234E+00,8.0501E+00,8.0209E+00,7.9652E+00,8.0120E+00,7.1451E+00,7.1351E+00,7.0582E+00,7.1128E+00,8.0492E+00,8.0201E+00,7.9619E+00,-0.1184E+00,-0.1085E+00,0.2280E+00,11.7238E+00,11.7390E+00,12.3414E+00,22.3576E+00,20.7786E+00,20.4862E+00,-18.7100E+00,-18.6952E+00,-19.9100E+00,45.121E+00,43.960E+00,41.971E+00,+99999.9E+99,+99999.9E+99,+99999.9E+99,3.423E+00,0.24998E+03,0.24545E+03,0.25073E+03,0.74616E+03,0.40388E+03,0.42528E+03,0.43168E+03,1.26084E+03,0.35571E+03,0.35506E+03,0.35350E+03,1.06428E+03,0.47053E+03,0.47873E+03,0.49698E+03,1.44577E+03,-0.25306E+03,-0.25656E+03,-0.24920E+03,-0.75882E+03,-0.24141E+03,-0.21982E+03,-0.24625E+03,-0.70748E+03,-0.70276E+00,-0.69130E+00,-0.70927E+00,-0.70110E+00,-0.85835E+00,-0.88834E+00,-0.86861E+00,-0.87209E+00,0.000E+00,120.204E+00,-119.989E+00,60.807E+00,177.466E+00,-60.154E+00,-45.351E+00,-46.267E+00,-44.824E+00,-45.485E+00,202.243E+00,201.881E+00,201.859E+00,94.970E+00,+99999.9E+99,+99999.9E+99,0.00004E+06,-0.00046E+06,0.00000E+00,8.952E+00,0.756E+03,0.00071E+06,43.936E+00,F0F08
2021/11/30,17:34:00,00000:00:24,900,38003800,2800,3800,3800,3800,99.823E+00,0.000E+00,0.000E+00,110.874E+00,0.000E+00,0.000E+00,0.512E+00,0.000E+00,0.000E+00,99.822E+00,0.000E+00,0.000E+00,0.000E+00,0.000E+00,0.000E+00,100.975E+00,0.000E+00,0.000E+00,98.793E+00,0.000E+00,0.000E+00,35.011E+00,+99999.9E+99,+99999.9E+99,1.093E+00,+99999.9E+99,+99999.9E+99,12.1845E+00,0.00000E+00,0.00000E+00,12.5818E+00,0.00000E+00,0.00000E+00,4.4886E+00,0.00000E+00,0.00000E+00,11.3276E+00,0.00000E+00,0.00000E+00,4.0847E+00,0.00000E+00,0.00000E+00,18.3100E+00,0.0000E+00,0.0000E+00,3.5305E+00,0.0000E+00,0.0000E+00,39.727E+00,+99999.9E+99,+99999.9E+99,65.237E+00,+99999.9E+99,+99999.9E+99,1.12867E+03,0.00000E+03,0.00000E+03,0.00000E+03,0.00000E+03,0.00000E+03,1.21629E+03,0.00000E+03,0.00000E+03,0.00000E+03,0.00000E+03,0.00000E+03,-0.45330E+03,0.00000E+03,0.00000E+03,0.00000E+03,0.00000E+03,0.00000E+03,-0.92796E+00,0.00000E+00,0.00000E+00,0.93526E+00,0.98240E+00,0.65125E+00,0.000E+00,87.466E+00,153.872E+00,159.270E+00,76.702E+00,-156.764E+00,-21.882E+00,90.000E+00,90.000E+00,9.34588E+00,0.00000E+00,0.00000E+00,112.382E+00,100.000E+00,100.000E+00,-0.13975E+03,0.00000E+03,0.00000E+03,+99999.9E+99,+99999.9E+99,+99999.9E+99,+99999.9E+99,+99999.9E+99,+99999.9E+99,+99999.9E+99,+99999.9E+99,+99999.9E+99,+99999.9E+99,+99999.9E+99,+99999.9E+99,1B00,0,0,0,1B00,77.0681E+00,77.1959E+00,77.0942E+00,77.1194E+00,72.1594E+00,72.5737E+00,72.2565E+00,72.3299E+00,77.0681E+00,77.1959E+00,77.0942E+00,0.0000E+00,0.0000E+00,0.0000E+00,73.0194E+00,73.2307E+00,73.1185E+00,105.774E+00,105.981E+00,105.740E+00,-107.439E+00,-105.219E+00,-104.317E+00,13.788E+00,13.876E+00,14.005E+00,+99999.9E+99,+99999.9E+99,+99999.9E+99,0.166E+00,13.4651E+00,13.0104E+00,13.2022E+00,13.2259E+00,12.2694E+00,11.8020E+00,11.8648E+00,11.9787E+00,13.4638E+00,13.0070E+00,13.1933E+00,-0.1856E+00,-0.2981E+00,0.4850E+00,4.8917E+00,4.4840E+00,4.5614E+00,27.6800E+00,27.1938E+00,28.6471E+00,-26.4609E+00,-27.2162E+00,-26.8286E+00,57.798E+00,61.757E+00,59.975E+00,+99999.9E+99,+99999.9E+99,+99999.9E+99,4.056E+00,0.43098E+03,0.41011E+03,0.42732E+03,1.26842E+03,0.17349E+03,0.16042E+03,0.17023E+03,0.50414E+03,0.60626E+03,0.58466E+03,0.59328E+03,1.78420E+03,0.19928E+03,0.18662E+03,0.19042E+03,0.57606E+03,-0.42638E+03,-0.41669E+03,-0.41156E+03,-1.25463E+03,-0.09805E+03,-0.09535E+03,-0.08533E+03,-0.27873E+03,-0.71089E+00,-0.70146E+00,-0.72027E+00,-0.71092E+00,-0.87059E+00,-0.85962E+00,-0.89397E+00,-0.87515E+00,0.000E+00,120.008E+00,-119.853E+00,59.568E+00,-179.318E+00,-63.272E+00,-44.692E+00,-45.456E+00,-43.923E+00,-44.690E+00,201.201E+00,201.330E+00,201.644E+00,90.897E+00,+99999.9E+99,+99999.9E+99,0.00012E+06,-0.00074E+06,0.00000E+00,14.548E+00,0.757E+03,0.00115E+06,43.579E+00,F0F08
2021/11/30,17:34:00,00000:00:24,950,38003F00,0,1B00,1B00,3F00,99.920E+00,0.000E+00,0.000E+00,110.981E+00,0.000E+00,0.000E+00,0.515E+00,0.000E+00,0.000E+00,99.918E+00,0.000E+00,0.000E+00,0.000E+00,0.000E+00,0.000E+00,100.907E+00,0.000E+00,0.000E+00,98.807E+00,0.000E+00,0.000E+00,99.539E+00,+99999.9E+99,469.399E+00,1.051E+00,+99999.9E+99,+99999.9E+99,11.8731E+00,0.00000E+00,0.00000E+00,12.1412E+00,0.00000E+00,0.00000E+00,4.6353E+00,0.00000E+00,0.00000E+00,10.9309E+00,0.00000E+00,0.00000E+00,3.0146E+00,0.00000E+00,0.00000E+00,18.2564E+00,0.0000E+00,0.0000E+00,4.0607E+00,0.0000E+00,0.0000E+00,104.578E+00,+99999.9E+99,+99999.9E+99,64.934E+00,+99999.9E+99,+99999.9E+99,1.09006E+03,0.00000E+03,0.00000E+03,0.00000E+03,0.00000E+03,0.00000E+03,1.18636E+03,0.00000E+03,0.00000E+03,0.00000E+03,0.00000E+03,0.00000E+03,0.46820E+03,0.00000E+03,0.00000E+03,0.00000E+03,0.00000E+03,0.00000E+03,0.91883E+00,0.00000E+00,0.00000E+00,0.83866E+00,0.05760E+00,0.25377E+00,0.000E+00,60.221E+00,128.744E+00,146.999E+00,-33.081E+00,53.444E+00,23.244E+00,90.000E+00,90.000E+00,12.5998E+00,0.00000E+00,0.00000E+00,99.914E+00,100.000E+00,100.000E+00,0.00093E+03,0.00000E+03,0.00000E+03,+99999.9E+99,+99999.9E+99,+99999.9E+99,+99999.9E+99,+99999.9E+99,+99999.9E+99,+99999.9E+99,+99999.9E+99,+99999.9E+99,+99999.9E+99,+99999.9E+99,+99999.9E+99,1B00,0,0,0,1B00,76.7351E+00,77.0928E+00,76.8253E+00,76.8844E+00,71.9911E+00,72.6487E+00,72.1632E+00,72.2676E+00,76.7351E+00,77.0928E+00,76.8253E+00,0.0000E+00,0.0000E+00,0.0000E+00,70.1193E+00,70.4867E+00,70.4272E+00,105.479E+00,105.980E+00,105.511E+00,-104.350E+00,-104.510E+00,-104.131E+00,37.691E+00,37.673E+00,37.589E+00,+99999.9E+99,+99999.9E+99,+99999.9E+99,0.329E+00,11.9641E+00,11.7948E+00,12.0784E+00,11.9458E+00,10.4580E+00,10.3722E+00,10.5656E+00,10.4653E+00,11.9633E+00,11.7948E+00,12.0784E+00,-0.1379E+00,0.0000E+00,0.0000E+00,15.1157E+00,14.5255E+00,14.5511E+00,27.6700E+00,27.2219E+00,28.5790E+00,-26.1486E+00,-26.8333E+00,-26.6638E+00,39.258E+00,40.660E+00,40.421E+00,+99999.9E+99,+99999.9E+99,+99999.9E+99,2.798E+00,0.35755E+03,0.35938E+03,0.37220E+03,1.08913E+03,0.53858E+03,0.50864E+03,0.52839E+03,1.57561E+03,0.53430E+03,0.52825E+03,0.54176E+03,1.60431E+03,0.61104E+03,0.58523E+03,0.59118E+03,1.78704E+03,-0.39704E+03,-0.38715E+03,-0.39367E+03,-1.17786E+03,-0.28863E+03,-0.28945E+03,-0.26513E+03,-0.84321E+03,-0.66919E+00,-0.68033E+00,-0.68701E+00,-0.67888E+00,-0.88141E+00,-0.86913E+00,-0.89379E+00,-0.88168E+00,0.000E+00,119.882E+00,-119.796E+00,58.362E+00,179.495E+00,-63.296E+00,-47.996E+00,-47.130E+00,-46.606E+00,-47.244E+00,202.112E+00,201.974E+00,201.760E+00,90.561E+00,+99999.9E+99,+99999.9E+99,0.00010E+06,-0.00063E+06,0.00000E+00,12.443E+00,0.757E+03,0.00099E+06,43.821E+00,F0F0F
2021/11/30,17:34:00,00000:00:25,0,38003F00,700,1F00,1F00,3F00,99.920E+00,0.000E+00,0.000E+00,110.981E+00,0.000E+00,0.000E+00,0.515E+00,0.000E+00,0.000E+00,99.918E+00,0.000E+00,0.000E+00,0.000E+00,0.000E+00,0.000E+00,100.907E+00,0.000E+00,0.000E+00,98.807E+00,0.000E+00,0.000E+00,17.561E+00,+99999.9E+99,345.599E+00,1.051E+00,+99999.9E+99,+99999.9E+99,11.8731E+00,0.00000E+00,0.00000E+00,12.1412E+00,0.00000E+00,0.00000E+00,4.6353E+00,0.00000E+00,0.00000E+00,10.9309E+00,0.00000E+00,0.00000E+00,4.7441E+00,0.00000E+00,0.00000E+00,18.2564E+00,0.0000E+00,0.0000E+00,4.0607E+00,0.0000E+00,0.0000E+00,7.952E+00,+99999.9E+99,+99999.9E+99,64.934E+00,+99999.9E+99,+99999.9E+99,1.09006E+03,0.00000E+03,0.00000E+03,0.00000E+03,0.00000E+03,0.00000E+03,1.18636E+03,0.00000E+03,0.00000E+03,0.00000E+03,0.00000E+03,0.00000E+03,0.46820E+03,0.00000E+03,0.00000E+03,0.00000E+03,0.00000E+03,0.00000E+03,0.91883E+00,0.00000E+00,0.00000E+00,0.91777E+00,0.90988E+00,0.66140E+00,0.000E+00,-95.396E+00,152.071E+00,156.602E+00,-70.884E+00,103.478E+00,23.244E+00,90.000E+00,90.000E+00,12.5998E+00,0.00000E+00,0.00000E+00,78.977E+00,100.000E+00,100.000E+00,0.22917E+03,0.00000E+03,0.00000E+03,+99999.9E+99,+99999.9E+99,+99999.9E+99,+99999.9E+99,+99999.9E+99,+99999.9E+99,+99999.9E+99,+99999.9E+99,+99999.9E+99,+99999.9E+99,+99999.9E+99,+99999.9E+99,1800,0,0,0,1800,76.5383E+00,76.6227E+00,76.5469E+00,76.5693E+00,72.4403E+00,72.7874E+00,72.5007E+00,72.5761E+00,76.5383E+00,76.6226E+00,76.5469E+00,0.0000E+00,0.0000E+00,0.0000E+00,72.4700E+00,72.2398E+00,72.2344E+00,105.781E+00,106.057E+00,105.680E+00,-104.736E+00,-105.124E+00,-104.487E+00,22.539E+00,21.565E+00,22.102E+00,+99999.9E+99,+99999.9E+99,+99999.9E+99,0.210E+00,9.5808E+00,9.0774E+00,9.2136E+00,9.2906E+00,8.2883E+00,7.8792E+00,7.9165E+00,8.0280E+00,9.5798E+00,9.0742E+00,9.2054E+00,-0.1419E+00,-0.2443E+00,0.3873E+00,7.6421E+00,8.0851E+00,8.2802E+00,26.1571E+00,24.1205E+00,25.0286E+00,-26.6819E+00,-25.3490E+00,-22.3238E+00,53.221E+00,48.751E+00,47.678E+00,+99999.9E+99,+99999.9E+99,+99999.9E+99,4.732E+00,0.29437E+03,0.27628E+03,0.29024E+03,0.86090E+03,0.26946E+03,0.29125E+03,0.29341E+03,0.85412E+03,0.42602E+03,0.40267E+03,0.40870E+03,1.23739E+03,0.31336E+03,0.32436E+03,0.33875E+03,0.97587E+03,-0.30796E+03,-0.29293E+03,-0.28774E+03,-0.88863E+03,-0.15996E+03,-0.14279E+03,-0.16929E+03,-0.47203E+03,-0.69098E+00,-0.68612E+00,-0.71017E+00,-0.69574E+00,-0.85991E+00,-0.89790E+00,-0.86616E+00,-0.87523E+00,0.000E+00,120.103E+00,-120.104E+00,60.589E+00,176.220E+00,-60.016E+00,-46.293E+00,-46.676E+00,-44.752E+00,-45.914E+00,201.690E+00,201.965E+00,202.097E+00,94.390E+00,+99999.9E+99,+99999.9E+99,0.00005E+06,-0.00054E+06,0.00000E+00,10.264E+00,0.756E+03,0.00081E+06,43.772E+00,F0F08
2021/11/30,17:34:00,00000:00:25,50,38003F00,700,1F00,1F00,3F00,99.920E+00,0.000E+00,0.000E+00,110.981E+00,0.000E+00,0.000E+00,0.515E+00,0.000E+00,0.000E+00,99.918E+00,0.000E+00,0.000E+00,0.000E+00,0.000E+00,0.000E+00,100.907E+00,0.000E+00,0.000E+00,98.807E+00,0.000E+00,0.000E+00,17.561E+00,+99999.9E+99,345.599E+00,1.051E+00,+99999.9E+99,+99999.9E+99,11.8731E+00,0.00000E+00,0.00000E+00,12.1412E+00,0.00000E+00,0.00000E+00,4.6353E+00,0.00000E+00,0.00000E+00,10.9309E+00,0.00000E+00,0.00000E+00,4.7441E+00,0.00000E+00,0.00000E+00,18.2564E+00,0.0000E+00,0.0000E+00,4.0607E+00,0.0000E+00,0.0000E+00,7.952E+00,+99999.9E+99,+99999.9E+99,64.934E+00,+99999.9E+99,+99999.9E+99,1.09006E+03,0.00000E+03,0.00000E+03,0.00000E+03,0.00000E+03,0.00000E+03,1.18636E+03,0.00000E+03,0.00000E+03,0.00000E+03,0.00000E+03,0.00000E+03,0.46820E+03,0.00000E+03,0.00000E+03,0.00000E+03,0.00000E+03,0.00000E+03,0.91883E+00,0.00000E+00,0.00000E+00,0.91777E+00,0.90988E+00,0.66140E+00,0.000E+00,-95.396E+00,152.071E+00,156.602E+00,-70.884E+00,103.478E+00,23.244E+00,90.000E+00,90.000E+00,12.5998E+00,0.00000E+00,0.00000E+00,124.519E+00,100.000E+00,100.000E+00,-0.26728E+03,0.00000E+03,0.00000E+03,+99999.9E+99,+99999.9E+99,+99999.9E+99,+99999.9E+99,+99999.9E+99,+99999.9E+99,+99999.9E+99,+99999.9E+99,+99999.9E+99,+99999.9E+99,+99999.9E+99,+99999.9E+99,1B00,0,0,0,1B00,77.0077E+00,77.4539E+00,77.3219E+00,77.2612E+00,71.7205E+00,72.5724E+00,72.3189E+00,72.2039E+00,77.0077E+00,77.4539E+00,77.3219E+00,0.0000E+00,0.0000E+00,0.0000E+00,72.3169E+00,72.7774E+00,72.6429E+00,105.539E+00,106.099E+00,105.556E+00,-104.544E+00,-104.179E+00,-105.074E+00,20.275E+00,20.423E+00,20.735E+00,+99999.9E+99,+99999.9E+99,+99999.9E+99,0.383E+00,13.9706E+00,13.6430E+00,13.7853E+00,13.7996E+00,13.0536E+00,12.8585E+00,12.8229E+00,12.9117E+00,13.9695E+00,13.6409E+00,13.7791E+00,-0.1736E+00,-0.2392E+00,0.4139E+00,8.0655E+00,7.4881E+00,7.3363E+00,27.5186E+00,27.1567E+00,28.4452E+00,-26.7300E+00,-27.0214E+00,-26.6724E+00,46.828E+00,49.234E+00,50.873E+00,+99999.9E+99,+99999.9E+99,+99999.9E+99,6.774E+00,0.45669E+03,0.44483E+03,0.45581E+03,1.35734E+03,0.29535E+03,0.25874E+03,0.27721E+03,0.83130E+03,0.62945E+03,0.61497E+03,0.62345E+03,1.86786E+03,0.32890E+03,0.29834E+03,0.30036E+03,0.92641E+03,-0.43317E+03,-0.42463E+03,-0.42535E+03,-1.28315E+03,-0.14472E+03,-0.14852E+03,-0.11563E+03,-0.40887E+03,-0.72555E+00,-0.72334E+00,-0.73112E+00,-0.72668E+00,-0.89800E+00,-0.86728E+00,-0.92293E+00,-0.89734E+00,0.000E+00,119.903E+00,-119.730E+00,56.316E+00,179.701E+00,-67.242E+00,-43.485E+00,-43.669E+00,-43.020E+00,-43.391E+00,201.729E+00,201.371E+00,201.013E+00,90.470E+00,+99999.9E+99,+99999.9E+99,0.00013E+06,-0.00078E+06,0.00000E+00,15.482E+00,0.757E+03,0.00123E+06,43.680E+00,F0F08
2021/11/30,17:34:00,00000:00:25,100,38003D00,500,1C00,1C00,3800,99.920E+00,0.000E+00,0.000E+00,110.981E+00,0.000E+00,0.000E+00,0.515E+00,0.000E+00,0.000E+00,99.918E+00,0.000E+00,0.000E+00,0.000E+00,0.000E+00,0.000E+00,100.907E+00,0.000E+00,0.000E+00,98.807E+00,0.000E+00,0.000E+00,67.126E+00,367.916E+00,437.073E+00,1.051E+00,+99999.9E+99,+99999.9E+99,11.8731E+00,0.00000E+00,0.00000E+00,12.1412E+00,0.00000E+00,0.00000E+00,4.6353E+00,0.00000E+00,0.00000E+00,10.9309E+00,0.00000E+00,0.00000E+00,4.0292E+00,0.00000E+00,0.00000E+00,18.2564E+00,0.0000E+00,0.0000E+00,4.0607E+00,0.0000E+00,0.0000E+00,48.739E+00,+99999.9E+99,+99999.9E+99,64.934E+00,+99999.9E+99,+99999.9E+99,1.09006E+03,0.00000E+03,0.00000E+03,0.00000E+03,0.00000E+03,0.00000E+03,1.18636E+03,0.00000E+03,0.00000E+03,0.00000E+03,0.00000E+03,0.00000E+03,0.46820E+03,0.00000E+03,0.00000E+03,0.00000E+03,0.00000E+03,0.00000E+03,0.91883E+00,0.00000E+00,0.00000E+00,0.88154E+00,0.94441E+00,0.93056E+00,0.000E+00,40.496E+00,156.150E+00,151.828E+00,21.302E+00,177.628E+00,23.244E+00,90.000E+00,90.000E+00,12.5998E+00,0.00000E+00,0.00000E+00,80.599E+00,100.000E+00,100.000E+00,0.21149E+03,0.00000E+03,0.00000E+03,+99999.9E+99,+99999.9E+99,+99999.9E+99,+99999.9E+99,+99999.9E+99,+99999.9E+99,+99999.9E+99,+99999.9E+99,+99999.9E+99,+99999.9E+99,+99999.9E+99,+99999.9E+99,1B00,0,0,0,1B00,76.7142E+00,76.6510E+00,76.3799E+00,76.5817E+00,72.6001E+00,72.6800E+00,72.0400E+00,72.4400E+00,76.7141E+00,76.6510E+00,76.3799E+00,0.0000E+00,0.0000E+00,0.0000E+00,70.2663E+00,70.3091E+00,70.1776E+00,105.816E+00,105.971E+00,105.767E+00,-104.567E+00,-105.596E+00,-104.820E+00,38.194E+00,37.885E+00,38.128E+00,+99999.9E+99,+99999.9E+99,+99999.9E+99,0.104E+00,9.7589E+00,9.3560E+00,9.9565E+00,9.6905E+00,8.4592E+00,8.1100E+00,8.5149E+00,8.3613E+00,9.7582E+00,9.3560E+00,9.9565E+00,-0.1158E+00,0.0000E+00,0.0000E+00,14.7132E+00,14.5959E+00,14.9614E+00,26.3838E+00,24.8571E+00,27.1629E+00,-25.3429E+00,-23.3657E+00,-26.5548E+00,40.838E+00,40.855E+00,39.429E+00,+99999.9E+99,+99999.9E+99,+99999.9E+99,1.546E+00,0.28744E+03,0.28572E+03,0.30541E+03,0.87857E+03,0.51541E+03,0.51815E+03,0.53078E+03,1.56434E+03,0.43412E+03,0.41638E+03,0.44169E+03,1.29219E+03,0.59482E+03,0.58961E+03,0.60480E+03,1.78912E+03,-0.32533E+03,-0.30288E+03,-0.31908E+03,-0.94730E+03,-0.29692E+03,-0.28136E+03,-0.28993E+03,-0.86821E+03,-0.66212E+00,-0.68620E+00,-0.69146E+00,-0.67991E+00,-0.86650E+00,-0.87880E+00,-0.87761E+00,-0.87436E+00,0.000E+00,120.091E+00,-119.926E+00,59.964E+00,178.538E+00,-61.244E+00,-48.539E+00,-46.670E+00,-46.254E+00,-47.164E+00,201.891E+00,202.308E+00,202.568E+00,91.861E+00,+99999.9E+99,+99999.9E+99,0.00007E+06,-0.00052E+06,0.00000E+00,10.191E+00,0.756E+03,0.00081E+06,43.810E+00,F0F08
2021/11/30,17:34:00,00000:00:25,150,38003F00,2A00,3B00,3B00,3F00,99.984E+00,0.000E+00,0.000E+00,111.052E+00,0.000E+00,0.000E+00,0.500E+00,0.000E+00,0.000E+00,99.982E+00,0.000E+00,0.000E+00,0.000E+00,0.000E+00,0.000E+00,100.943E+00,0.000E+00,0.000E+00,98.793E+00,0.000E+00,0.000E+00,67.126E+00,367.916E+00,437.073E+00,1.075E+00,+99999.9E+99,+99999.9E+99,11.5265E+00,0.00000E+00,0.00000E+00,11.7318E+00,0.00000E+00,0.00000E+00,4.6148E+00,0.00000E+00,0.00000E+00,10.5624E+00,0.00000E+00,0.00000E+00,4.0292E+00,0.00000E+00,0.00000E+00,18.2224E+00,0.0000E+00,0.0000E+00,4.1386E+00,0.0000E+00,0.0000E+00,48.739E+00,+99999.9E+99,+99999.9E+99,66.670E+00,+99999.9E+99,+99999.9E+99,1.05398E+03,0.00000E+03,0.00000E+03,0.00000E+03,0.00000E+03,0.00000E+03,1.15246E+03,0.00000E+03,0.00000E+03,0.00000E+03,0.00000E+03,0.00000E+03,0.46614E+03,0.00000E+03,0.00000E+03,0.00000E+03,0.00000E+03,0.00000E+03,0.91455E+00,0.00000E+00,0.00000E+00,0.88154E+00,0.94441E+00,0.93056E+00,0.000E+00,40.496E+00,156.150E+00,151.828E+00,21.302E+00,177.628E+00,23.858E+00,90.000E+00,90.000E+00,0.00000E+00,0.00000E+00,0.00000E+00,92.928E+00,100.000E+00,100.000E+00,0.07454E+03,0.00000E+03,0.00000E+03,+99999.9E+99,+99999.9E+99,+99999.9E+99,+99999.9E+99,+99999.9E+99,+99999.9E+99,+99999.9E+99,+99999.9E+99,+99999.9E+99,+99999.9E+99,+99999.9E+99,+99999.9E+99,1B00,0,0,0,1B00,76.6031E+00,76.8585E+00,76.8185E+00,76.7600E+00,72.0829E+00,72.6859E+00,72.5269E+00,72.4319E+00,76.6031E+00,76.8585E+00,76.8185E+00,0.0000E+00,0.0000E+00,0.0000E+00,73.0483E+00,73.0414E+00,72.9327E+00,105.694E+00,106.041E+00,105.649E+00,-104.363E+00,-104.414E+00,-104.997E+00,15.472E+00,15.308E+00,15.416E+00,+99999.9E+99,+99999.9E+99,+99999.9E+99,0.105E+00,11.0076E+00,10.7088E+00,10.6491E+00,10.7885E+00,9.4875E+00,9.2169E+00,9.1294E+00,9.2780E+00,11.0065E+00,10.7047E+00,10.6393E+00,-0.1568E+00,-0.2987E+00,0.4565E+00,5.2579E+00,5.1663E+00,5.5709E+00,27.7771E+00,27.1143E+00,28.4886E+00,-26.7238E+00,-27.1652E+00,-26.0838E+00,58.176E+00,57.428E+00,53.270E+00,+99999.9E+99,+99999.9E+99,+99999.9E+99,3.463E+00,0.33454E+03,0.31667E+03,0.32823E+03,0.97945E+03,0.18712E+03,0.19287E+03,0.20036E+03,0.58034E+03,0.49101E+03,0.47686E+03,0.47518E+03,1.44305E+03,0.21646E+03,0.21577E+03,0.22720E+03,0.65922E+03,-0.35940E+03,-0.35653E+03,-0.34360E+03,-1.05953E+03,-0.10882E+03,-0.09674E+03,-0.10714E+03,-0.31269E+03,-0.68134E+00,-0.66408E+00,-0.69075E+00,-0.67874E+00,-0.86445E+00,-0.89387E+00,-0.88184E+00,-0.88035E+00,0.000E+00,120.098E+00,-119.959E+00,60.174E+00,176.688E+00,-61.772E+00,-47.051E+00,-48.388E+00,-46.310E+00,-47.255E+00,201.921E+00,201.306E+00,201.287E+00,93.153E+00,+99999.9E+99,+99999.9E+99,0.00007E+06,-0.00060E+06,0.00000E+00,11.520E+00,0.756E+03,0.00091E+06,43.816E+00,F0F08
2021/11/30,17:34:00,00000:00:25,200,38003F00,2D00,3F00,3F00,3F00,99.984E+00,0.000E+00,0.000E+00,111.052E+00,0.000E+00,0.000E+00,0.500E+00,0.000E+00,0.000E+00,99.982E+00,0.000E+00,0.000E+00,0.000E+00,0.000E+00,0.000E+00,100.943E+00,0.000E+00,0.000E+00,98.793E+00,0.000E+00,0.000E+00,37.612E+00,407.000E+00,489.914E+00,1.075E+00,+99999.9E+99,+99999.9E+99,11.5265E+00,0.00000E+00,0.00000E+00,11.7318E+00,0.00000E+00,0.00000E+00,4.6148E+00,0.00000E+00,0.00000E+00,10.5624E+00,0.00000E+00,0.00000E+00,4.1962E+00,0.00000E+00,0.00000E+00,18.2224E+00,0.0000E+00,0.0000E+00,4.1386E+00,0.0000E+00,0.0000E+00,41.819E+00,+99999.9E+99,+99999.9E+99,66.670E+00,+99999.9E+99,+99999.9E+99,1.05398E+03,0.00000E+03,0.00000E+03,0.00000E+03,0.00000E+03,0.00000E+03,1.15246E+03,0.00000E+03,0.00000E+03,0.00000E+03,0.00000E+03,0.00000E+03,0.46614E+03,0.00000E+03,0.00000E+03,0.00000E+03,0.00000E+03,0.00000E+03,0.91455E+00,0.00000E+00,0.00000E+00,0.93574E+00,0.80706E+00,0.62538E+00,0.000E+00,-46.998E+00,122.495E+00,159.348E+00,-83.188E+00,71.206E+00,23.858E+00,90.000E+00,90.000E+00,0.00000E+00,0.00000E+00,0.00000E+00,129.248E+00,100.000E+00,100.000E+00,-0.30827E+03,0.00000E+03,0.00000E+03,+99999.9E+99,+99999.9E+99,+99999.9E+99,+99999.9E+99,+99999.9E+99,+99999.9E+99,+99999.9E+99,+99999.9E+99,+99999.9E+99,+99999.9E+99,+99999.9E+99,+99999.9E+99,1B00,0,0,0,1B00,77.0140E+00,77.4493E+00,77.3426E+00,77.2686E+00,71.7211E+00,72.5454E+00,72.3380E+00,72.2015E+00,77.0140E+00,77.4493E+00,77.3426E+00,0.0000E+00,0.0000E+00,0.0000E+00,70.9701E+00,71.6935E+00,71.4770E+00,105.663E+00,106.070E+00,105.576E+00,-104.993E+00,-104.651E+00,-104.610E+00,29.678E+00,29.762E+00,29.735E+00,+99999.9E+99,+99999.9E+99,+99999.9E+99,0.592E+00,14.0092E+00,13.6930E+00,13.8171E+00,13.8398E+00,13.0919E+00,12.9031E+00,12.8540E+00,12.9497E+00,14.0083E+00,13.6909E+00,13.8112E+00,-0.1586E+00,-0.2443E+00,0.4039E+00,12.1600E+00,10.9632E+00,11.1242E+00,27.7424E+00,27.1348E+00,28.5290E+00,-26.7062E+00,-27.1971E+00,-26.5600E+00,41.663E+00,45.189E+00,45.237E+00,+99999.9E+99,+99999.9E+99,+99999.9E+99,6.461E+00,0.45851E+03,0.44659E+03,0.45715E+03,1.36226E+03,0.43083E+03,0.37842E+03,0.40788E+03,1.21713E+03,0.63129E+03,0.61722E+03,0.62511E+03,1.87361E+03,0.48774E+03,0.44498E+03,0.44895E+03,1.37997E+03,-0.43393E+03,-0.42604E+03,-0.42634E+03,-1.28631E+03,-0.22863E+03,-0.23410E+03,-0.18758E+03,-0.65031E+03,-0.72631E+00,-0.72356E+00,-0.73132E+00,-0.72708E+00,-0.88332E+00,-0.85043E+00,-0.90853E+00,-0.88200E+00,0.000E+00,119.871E+00,-119.568E+00,58.286E+00,-178.489E+00,-65.101E+00,-43.422E+00,-43.651E+00,-43.003E+00,-43.358E+00,201.318E+00,202.127E+00,201.880E+00,90.131E+00,+99999.9E+99,+99999.9E+99,0.00013E+06,-0.00078E+06,0.00000E+00,15.481E+00,0.757E+03,0.00123E+06,43.568E+00,F0F08
2021/11/30,17:34:00,00000:00:25,250,38003F00,2800,3B00,3B00,3F00,99.853E+00,0.000E+00,0.000E+00,110.908E+00,0.000E+00,0.000E+00,0.537E+00,0.000E+00,0.000E+00,99.852E+00,0.000E+00,0.000E+00,0.000E+00,0.000E+00,0.000E+00,100.957E+00,0.000E+00,0.000E+00,98.825E+00,0.000E+00,0.000E+00,37.612E+00,407.000E+00,489.914E+00,1.068E+00,+99999.9E+99,+99999.9E+99,12.7102E+00,0.00000E+00,0.00000E+00,13.2332E+00,0.00000E+00,0.00000E+00,4.4277E+00,0.00000E+00,0.00000E+00,11.9140E+00,0.00000E+00,0.00000E+00,4.1962E+00,0.00000E+00,0.00000E+00,18.2364E+00,0.0000E+00,0.0000E+00,3.4648E+00,0.0000E+00,0.0000E+00,41.819E+00,+99999.9E+99,+99999.9E+99,61.993E+00,+99999.9E+99,+99999.9E+99,1.18750E+03,0.00000E+03,0.00000E+03,0.00000E+03,0.00000E+03,0.00000E+03,1.26916E+03,0.00000E+03,0.00000E+03,0.00000E+03,0.00000E+03,0.00000E+03,0.44790E+03,0.00000E+03,0.00000E+03,0.00000E+03,0.00000E+03,0.00000E+03,0.93566E+00,0.00000E+00,0.00000E+00,0.93574E+00,0.80706E+00,0.62538E+00,0.000E+00,-46.998E+00,122.495E+00,159.348E+00,-83.188E+00,71.206E+00,20.666E+00,90.000E+00,90.000E+00,15.0526E+00,0.00000E+00,0.00000E+00,71.668E+00,100.000E+00,100.000E+00,0.33644E+03,0.00000E+03,0.00000E+03,+99999.9E+99,+99999.9E+99,+99999.9E+99,+99999.9E+99,+99999.9E+99,+99999.9E+99,+99999.9E+99,+99999.9E+99,+99999.9E+99,+99999.9E+99,+99999.9E+99,+99999.9E+99,1B00,0,0,0,1B00,76.6982E+00,76.6637E+00,76.3825E+00,76.5815E+00,72.5035E+00,72.6256E+00,71.9801E+00,72.3697E+00,76.6982E+00,76.6637E+00,76.3825E+00,0.0000E+00,0.0000E+00,0.0000E+00,70.7382E+00,70.6141E+00,70.4750E+00,105.737E+00,106.010E+00,105.924E+00,-104.451E+00,-104.834E+00,-104.827E+00,35.791E+00,35.363E+00,35.761E+00,+99999.9E+99,+99999.9E+99,+99999.9E+99,0.218E+00,9.6398E+00,9.2173E+00,9.8334E+00,9.5635E+00,8.2901E+00,7.9326E+00,8.3277E+00,8.1835E+00,9.6398E+00,9.2173E+00,9.8334E+00,0.0000E+00,0.0000E+00,0.0000E+00,13.4293E+00,13.4986E+00,14.0123E+00,26.4148E+00,24.7667E+00,27.1448E+00,-25.5924E+00,-23.3152E+00,-26.6633E+00,42.760E+00,41.987E+00,40.214E+00,+99999.9E+99,+99999.9E+99,+99999.9E+99,2.407E+00,0.27865E+03,0.27634E+03,0.29606E+03,0.85106E+03,0.46892E+03,0.48422E+03,0.49165E+03,1.44479E+03,0.42860E+03,0.41003E+03,0.43614E+03,1.27477E+03,0.54347E+03,0.54730E+03,0.56344E+03,1.65394E+03,-0.32565E+03,-0.30292E+03,-0.32026E+03,-0.94883E+03,-0.27473E+03,-0.25508E+03,-0.27522E+03,-0.80503E+03,-0.65015E+00,-0.67396E+00,-0.67882E+00,-0.66762E+00,-0.86283E+00,-0.88475E+00,-0.87258E+00,-0.87355E+00,0.000E+00,120.182E+00,-120.006E+00,60.300E+00,177.902E+00,-60.642E+00,-49.447E+00,-47.627E+00,-47.249E+00,-48.117E+00,202.330E+00,201.660E+00,201.990E+00,91.642E+00,+99999.9E+99,+99999.9E+99,0.00007E+06,-0.00050E+06,0.00000E+00,9.848E+00,0.756E+03,0.00078E+06,43.933E+00,F0F08
2021/11/30,17:34:00,00000:00:25,300,38003F00,0,1B00,1B00,3F00,99.923E+00,0.000E+00,0.000E+00,110.985E+00,0.000E+00,0.000E+00,0.512E+00,0.000E+00,0.000E+00,99.922E+00,0.000E+00,0.000E+00,0.000E+00,0.000E+00,0.000E+00,100.936E+00,0.000E+00,0.000E+00,98.811E+00,0.000E+00,0.000E+00,22.384E+00,+99999.9E+99,+99999.9E+99,1.063E+00,+99999.9E+99,+99999.9E+99,11.7984E+00,0.00000E+00,0.00000E+00,12.0326E+00,0.00000E+00,0.00000E+00,4.6737E+00,0.00000E+00,0.00000E+00,10.8332E+00,0.00000E+00,0.00000E+00,4.5023E+00,0.00000E+00,0.00000E+00,18.3143E+00,0.0000E+00,0.0000E+00,3.4717E+00,0.0000E+00,0.0000E+00,9.681E+00,+99999.9E+99,+99999.9E+99,68.505E+00,+99999.9E+99,+99999.9E+99,1.08033E+03,0.00000E+03,0.00000E+03,0.00000E+03,0.00000E+03,0.00000E+03,1.17893E+03,0.00000E+03,0.00000E+03,0.00000E+03,0.00000E+03,0.00000E+03,0.47198E+03,0.00000E+03,0.00000E+03,0.00000E+03,0.00000E+03,0.00000E+03,0.91636E+00,0.00000E+00,0.00000E+00,0.90139E+00,0.77309E+00,0.93463E+00,0.000E+00,-36.023E+00,139.766E+00,154.342E+00,104.609E+00,118.935E+00,23.600E+00,90.000E+00,90.000E+00,12.6277E+00,0.00000E+00,0.00000E+00,97.885E+00,100.000E+00,100.000E+00,0.02285E+03,0.00000E+03,0.00000E+03,+99999.9E+99,+99999.9E+99,+99999.9E+99,+99999.9E+99,+99999.9E+99,+99999.9E+99,+99999.9E+99,+99999.9E+99,+99999.9E+99,+99999.9E+99,+99999.9E+99,+99999.9E+99,1B00,0,0,0,1B00,76.5204E+00,77.0349E+00,77.0441E+00,76.8665E+00,71.8586E+00,72.8098E+00,72.8243E+00,72.4976E+00,76.5204E+00,77.0349E+00,77.0441E+00,0.0000E+00,0.0000E+00,0.0000E+00,73.0937E+00,73.1940E+00,73.1083E+00,105.819E+00,106.184E+00,105.843E+00,-104.919E+00,-104.301E+00,-104.550E+00,13.456E+00,13.308E+00,13.605E+00,+99999.9E+99,+99999.9E+99,+99999.9E+99,0.081E+00,11.7271E+00,11.5163E+00,11.3066E+00,11.5167E+00,10.1279E+00,10.0036E+00,9.7057E+00,9.9457E+00,11.7261E+00,11.5094E+00,11.2929E+00,-0.1558E+00,-0.3984E+00,0.5554E+00,4.5173E+00,4.2634E+00,4.4864E+00,27.6371E+00,27.1290E+00,28.5776E+00,-26.3929E+00,-27.2600E+00,-26.0895E+00,61.878E+00,63.494E+00,59.891E+00,+99999.9E+99,+99999.9E+99,+99999.9E+99,2.584E+00,0.36330E+03,0.34518E+03,0.34900E+03,1.05748E+03,0.15870E+03,0.15430E+03,0.16265E+03,0.47565E+03,0.52354E+03,0.51367E+03,0.50712E+03,1.54433E+03,0.18582E+03,0.17864E+03,0.18560E+03,0.54996E+03,-0.37697E+03,-0.38041E+03,-0.36792E+03,-1.12529E+03,-0.09666E+03,-0.09001E+03,-0.08939E+03,-0.27607E+03,-0.69393E+00,-0.67199E+00,-0.68821E+00,-0.68475E+00,-0.85404E+00,-0.86377E+00,-0.87637E+00,-0.86488E+00,0.000E+00,120.029E+00,-119.921E+00,61.388E+00,-179.749E+00,-61.134E+00,-46.058E+00,-47.779E+00,-46.511E+00,-46.784E+00,201.197E+00,201.942E+00,201.628E+00,93.449E+00,+99999.9E+99,+99999.9E+99,0.00007E+06,-0.00064E+06,0.00000E+00,12.474E+00,0.756E+03,0.00099E+06,43.601E+00,F0F0F
2021/11/30,17:34:00,00000:00:25,350,38003F00,700,1C00,1C00,3800,99.923E+00,0.000E+00,0.000E+00,110.985E+00,0.000E+00,0.000E+00,0.512E+00,0.000E+00,0.000E+00,99.922E+00,0.000E+00,0.000E+00,0.000E+00,0.000E+00,0.000E+00,100.936E+00,0.000E+00,0.000E+00,98.811E+00,0.000E+00,0.000E+00,21.814E+00,+99999.9E+99,470.111E+00,1.063E+00,+99999.9E+99,+99999.9E+99,11.7984E+00,0.00000E+00,0.00000E+00,12.0326E+00,0.00000E+00,0.00000E+00,4.6737E+00,0.00000E+00,0.00000E+00,10.8332E+00,0.00000E+00,0.00000E+00,4.6664E+00,0.00000E+00,0.00000E+00,18.3143E+00,0.0000E+00,0.0000E+00,3.4717E+00,0.0000E+00,0.0000E+00,8.064E+00,+99999.9E+99,+99999.9E+99,68.505E+00,+99999.9E+99,+99999.9E+99,1.08033E+03,0.00000E+03,0.00000E+03,0.00000E+03,0.00000E+03,0.00000E+03,1.17893E+03,0.00000E+03,0.00000E+03,0.00000E+03,0.00000E+03,0.00000E+03,0.47198E+03,0.00000E+03,0.00000E+03,0.00000E+03,0.00000E+03,0.00000E+03,0.91636E+00,0.00000E+00,0.00000E+00,0.90204E+00,0.27517E+00,0.76659E+00,0.000E+00,176.091E+00,173.689E+00,154.428E+00,102.063E+00,-46.262E+00,23.600E+00,90.000E+00,90.000E+00,12.6277E+00,0.00000E+00,0.00000E+00,117.180E+00,100.000E+00,100.000E+00,-0.18560E+03,0.00000E+03,0.00000E+03,+99999.9E+99,+99999.9E+99,+99999.9E+99,+99999.9E+99,+99999.9E+99,+99999.9E+99,+99999.9E+99,+99999.9E+99,+99999.9E+99,+99999.9E+99,+99999.9E+99,+99999.9E+99,1B00,0,0,0,1B00,77.1933E+00,77.2232E+00,76.9879E+00,77.1348E+00,72.1316E+00,72.3440E+00,71.7992E+00,72.0916E+00,77.1933E+00,77.2232E+00,76.9879E+00,0.0000E+00,0.0000E+00,0.0000E+00,70.4840E+00,71.0255E+00,70.9201E+00,105.249E+00,105.673E+00,105.650E+00,-104.093E+00,-104.566E+00,-104.459E+00,34.768E+00,34.819E+00,34.706E+00,+99999.9E+99,+99999.9E+99,+99999.9E+99,0.469E+00,13.4526E+00,13.0275E+00,13.4156E+00,13.2986E+00,12.3421E+00,11.9316E+00,12.2862E+00,12.1866E+00,13.4517E+00,13.0275E+00,13.4138E+00,-0.1591E+00,0.0000E+00,0.2193E+00,14.0939E+00,13.2325E+00,13.1858E+00,27.7809E+00,27.1233E+00,28.6210E+00,-26.3662E+00,-27.2248E+00,-26.7105E+00,39.708E+00,41.730E+00,42.166E+00,+99999.9E+99,+99999.9E+99,+99999.9E+99,4.159E+00,0.41939E+03,0.41198E+03,0.43456E+03,1.26593E+03,0.50382E+03,0.46314E+03,0.48591E+03,1.45288E+03,0.60552E+03,0.58662E+03,0.60297E+03,1.79511E+03,0.56788E+03,0.53494E+03,0.53841E+03,1.64039E+03,-0.43677E+03,-0.41761E+03,-0.41800E+03,-1.27238E+03,-0.26202E+03,-0.26769E+03,-0.23189E+03,-0.76159E+03,-0.69261E+00,-0.70229E+00,-0.72070E+00,-0.70521E+00,-0.88720E+00,-0.86579E+00,-0.90250E+00,-0.88569E+00,0.000E+00,119.850E+00,-119.694E+00,57.732E+00,179.824E+00,-64.384E+00,-46.163E+00,-45.389E+00,-43.887E+00,-45.153E+00,202.100E+00,201.486E+00,201.702E+00,89.468E+00,+99999.9E+99,+99999.9E+99,0.00013E+06,-0.00072E+06,0.00000E+00,14.284E+00,0.757E+03,0.00113E+06,43.803E+00,F0F08
2021/11/30,17:34:00,00000:00:25,400,38003F00,500,1F00,1F00,3F00,99.923E+00,0.000E+00,0.000E+00,110.985E+00,0.000E+00,0.000E+00,0.512E+00,0.000E+00,0.000E+00,99.922E+00,0.000E+00,0.000E+00,0.000E+00,0.000E+00,0.000E+00,100.936E+00,0.000E+00,0.000E+00,98.811E+00,0.000E+00,0.000E+00,21.814E+00,+99999.9E+99,470.111E+00,1.063E+00,+99999.9E+99,+99999.9E+99,11.7984E+00,0.00000E+00,0.00000E+00,12.0326E+00,0.00000E+00,0.00000E+00,4.6737E+00,0.00000E+00,0.00000E+00,10.8332E+00,0.00000E+00,0.00000E+00,4.6664E+00,0.00000E+00,0.00000E+00,18.3143E+00,0.0000E+00,0.0000E+00,3.4717E+00,0.0000E+00,0.0000E+00,8.064E+00,+99999.9E+99,+99999.9E+99,68.505E+00,+99999.9E+99,+99999.9E+99,1.08033E+03,0.00000E+03,0.00000E+03,0.00000E+03,0.00000E+03,0.00000E+03,1.17893E+03,0.00000E+03,0.00000E+03,0.00000E+03,0.00000E+03,0.00000E+03,0.47198E+03,0.00000E+03,0.00000E+03,0.00000E+03,0.00000E+03,0.00000E+03,0.91636E+00,0.00000E+00,0.00000E+00,0.90204E+00,0.27517E+00,0.76659E+00,0.000E+00,176.091E+00,173.689E+00,154.428E+00,102.063E+00,-46.262E+00,23.600E+00,90.000E+00,90.000E+00,12.6277E+00,0.00000E+00,0.00000E+00,72.540E+00,100.000E+00,100.000E+00,0.29665E+03,0.00000E+03,0.00000E+03,+99999.9E+99,+99999.9E+99,+99999.9E+99,+99999.9E+99,+99999.9E+99,+99999.9E+99,+99999.9E+99,+99999.9E+99,+99999.9E+99,+99999.9E+99,+99999.9E+99,+99999.9E+99,1B00,0,0,0,1B00,76.2675E+00,76.6654E+00,76.5092E+00,76.4807E+00,72.1722E+00,72.9203E+00,72.6386E+00,72.5770E+00,76.2675E+00,76.6654E+00,76.5092E+00,0.0000E+00,0.0000E+00,0.0000E+00,71.8896E+00,71.7146E+00,71.6524E+00,105.901E+00,106.101E+00,105.639E+00,-104.383E+00,-104.344E+00,-105.207E+00,26.064E+00,25.110E+00,25.886E+00,+99999.9E+99,+99999.9E+99,+99999.9E+99,0.201E+00,8.2973E+00,8.2493E+00,8.1961E+00,8.2475E+00,7.3971E+00,7.3630E+00,7.2950E+00,7.3517E+00,8.2973E+00,8.2482E+00,8.1931E+00,0.0000E+00,-0.1303E+00,0.2211E+00,9.2358E+00,9.3888E+00,9.7396E+00,22.2738E+00,20.7519E+00,20.4210E+00,-18.5881E+00,-19.2438E+00,-19.9629E+00,50.233E+00,47.864E+00,46.160E+00,+99999.9E+99,+99999.9E+99,+99999.9E+99,4.438E+00,0.26286E+03,0.25755E+03,0.26327E+03,0.78367E+03,0.31125E+03,0.33485E+03,0.33843E+03,0.98452E+03,0.36708E+03,0.36544E+03,0.36405E+03,1.09657E+03,0.36970E+03,0.38012E+03,0.39752E+03,1.14672E+03,-0.25623E+03,-0.25927E+03,-0.25144E+03,-0.76694E+03,-0.19950E+03,-0.17990E+03,-0.20854E+03,-0.58794E+03,-0.71609E+00,-0.70475E+00,-0.72316E+00,-0.71466E+00,-0.84190E+00,-0.88091E+00,-0.85134E+00,-0.85856E+00,0.000E+00,120.140E+00,-120.049E+00,62.578E+00,178.356E+00,-58.297E+00,-44.268E+00,-45.191E+00,-43.684E+00,-44.385E+00,201.648E+00,201.926E+00,201.924E+00,95.157E+00,+99999.9E+99,+99999.9E+99,0.00004E+06,-0.00049E+06,0.00000E+00,9.421E+00,0.756E+03,0.00075E+06,43.775E+00,F0F08
2021/11/30,17:34:00,00000:00:25,450,38003F00,700,1F00,1F00,3F00,99.923E+00,0.000E+00,0.000E+00,110.985E+00,0.000E+00,0.000E+00,0.512E+00,0.000E+00,0.000E+00,99.922E+00,0.000E+00,0.000E+00,0.000E+00,0.000E+00,0.000E+00,100.936E+00,0.000E+00,0.000E+00,98.811E+00,0.000E+00,0.000E+00,72.110E+00,+99999.9E+99,+99999.9E+99,1.063E+00,+99999.9E+99,+99999.9E+99,11.7984E+00,0.00000E+00,0.00000E+00,12.0326E+00,0.00000E+00,0.00000E+00,4.6737E+00,0.00000E+00,0.00000E+00,10.8332E+00,0.00000E+00,0.00000E+00,3.9441E+00,0.00000E+00,0.00000E+00,18.3143E+00,0.0000E+00,0.0000E+00,3.4717E+00,0.0000E+00,0.0000E+00,51.511E+00,+99999.9E+99,+99999.9E+99,68.505E+00,+99999.9E+99,+99999.9E+99,1.08033E+03,0.00000E+03,0.00000E+03,0.00000E+03,0.00000E+03,0.00000E+03,1.17893E+03,0.00000E+03,0.00000E+03,0.00000E+03,0.00000E+03,0.00000E+03,0.47198E+03,0.00000E+03,0.00000E+03,0.00000E+03,0.00000E+03,0.00000E+03,0.91636E+00,0.00000E+00,0.00000E+00,0.89345E+00,0.09073E+00,0.09219E+00,0.000E+00,146.826E+00,143.522E+00,153.310E+00,51.620E+00,58.812E+00,23.600E+00,90.000E+00,90.000E+00,12.6277E+00,0.00000E+00,0.00000E+00,115.075E+00,100.000E+00,100.000E+00,-0.16286E+03,0.00000E+03,0.00000E+03,+99999.9E+99,+99999.9E+99,+99999.9E+99,+99999.9E+99,+99999.9E+99,+99999.9E+99,+99999.9E+99,+99999.9E+99,+99999.9E+99,+99999.9E+99,+99999.9E+99,+99999.9E+99,1B00,0,0,0,1B00,77.0495E+00,77.1856E+00,77.1055E+00,77.1135E+00,72.0678E+00,72.4939E+00,72.2281E+00,72.2633E+00,77.0495E+00,77.1856E+00,77.1055E+00,0.0000E+00,0.0000E+00,0.0000E+00,72.6930E+00,73.1370E+00,72.9961E+00,105.684E+00,106.091E+00,105.727E+00,-104.487E+00,-105.214E+00,-105.126E+00,16.443E+00,16.436E+00,16.834E+00,+99999.9E+99,+99999.9E+99,+99999.9E+99,0.367E+00,13.2867E+00,12.8427E+00,13.0227E+00,13.0507E+00,12.1114E+00,11.6472E+00,11.7018E+00,11.8201E+00,13.2854E+00,12.8381E+00,13.0121E+00,-0.1791E+00,-0.3441E+00,0.5243E+00,6.5310E+00,5.8322E+00,5.7441E+00,27.3219E+00,27.0667E+00,28.6224E+00,-26.4486E+00,-27.3005E+00,-26.6919E+00,49.095E+00,53.798E+00,54.146E+00,+99999.9E+99,+99999.9E+99,+99999.9E+99,7.148E+00,0.42274E+03,0.40158E+03,0.41887E+03,1.24319E+03,0.23549E+03,0.20480E+03,0.22184E+03,0.66213E+03,0.59787E+03,0.57685E+03,0.58510E+03,1.75982E+03,0.26279E+03,0.23624E+03,0.23979E+03,0.73777E+03,-0.42278E+03,-0.41411E+03,-0.40852E+03,-1.24541E+03,-0.11663E+03,-0.11775E+03,-0.09103E+03,-0.32541E+03,-0.70707E+00,-0.69616E+00,-0.71590E+00,-0.70643E+00,-0.89611E+00,-0.86694E+00,-0.92514E+00,-0.89747E+00,0.000E+00,119.925E+00,-119.730E+00,56.553E+00,179.755E+00,-67.559E+00,-45.003E+00,-45.880E+00,-44.283E+00,-45.055E+00,201.619E+00,201.342E+00,201.550E+00,91.076E+00,+99999.9E+99,+99999.9E+99,0.00011E+06,-0.00073E+06,0.00000E+00,14.288E+00,0.757E+03,0.00113E+06,43.699E+00,F0F08
2021/11/30,17:34:00,00000:00:25,500,38003F00,500,1F00,1F00,3F00,99.923E+00,0.000E+00,0.000E+00,110.985E+00,0.000E+00,0.000E+00,0.512E+00,0.000E+00,0.000E+00,99.922E+00,0.000E+00,0.000E+00,0.000E+00,0.000E+00,0.000E+00,100.936E+00,0.000E+00,0.000E+00,98.811E+00,0.000E+00,0.000E+00,72.110E+00,+99999.9E+99,+99999.9E+99,1.063E+00,+99999.9E+99,+99999.9E+99,11.7984E+00,0.00000E+00,0.00000E+00,12.0326E+00,0.00000E+00,0.00000E+00,4.6737E+00,0.00000E+00,0.00000E+00,10.8332E+00,0.00000E+00,0.00000E+00,3.9441E+00,0.00000E+00,0.00000E+00,18.3143E+00,0.0000E+00,0.0000E+00,3.4717E+00,0.0000E+00,0.0000E+00,51.511E+00,+99999.9E+99,+99999.9E+99,68.505E+00,+99999.9E+99,+99999.9E+99,1.08033E+03,0.00000E+03,0.00000E+03,0.00000E+03,0.00000E+03,0.00000E+03,1.17893E+03,0.00000E+03,0.00000E+03,0.00000E+03,0.00000E+03,0.00000E+03,0.47198E+03,0.00000E+03,0.00000E+03,0.00000E+03,0.00000E+03,0.00000E+03,0.91636E+00,0.00000E+00,0.00000E+00,0.89345E+00,0.09073E+00,0.09219E+00,0.000E+00,146.826E+00,143.522E+00,153.310E+00,51.620E+00,58.812E+00,23.600E+00,90.000E+00,90.000E+00,12.6277E+00,0.00000E+00,0.00000E+00,101.909E+00,100.000E+00,100.000E+00,-0.02062E+03,0.00000E+03,0.00000E+03,+99999.9E+99,+99999.9E+99,+99999.9E+99,+99999.9E+99,+99999.9E+99,+99999.9E+99,+99999.9E+99,+99999.9E+99,+99999.9E+99,+99999.9E+99,+99999.9E+99,+99999.9E+99,1B00,0,0,0,1B00,76.7530E+00,77.0717E+00,76.8199E+00,76.8815E+00,72.0487E+00,72.6430E+00,72.1809E+00,72.2909E+00,76.7530E+00,77.0717E+00,76.8199E+00,0.0000E+00,0.0000E+00,0.0000E+00,70.0032E+00,70.2114E+00,70.1254E+00,105.380E+00,105.994E+00,105.453E+00,-104.523E+00,-104.314E+00,-104.443E+00,38.800E+00,38.688E+00,38.683E+00,+99999.9E+99,+99999.9E+99,+99999.9E+99,0.179E+00,12.0095E+00,11.8583E+00,12.1271E+00,11.9983E+00,10.5218E+00,10.4596E+00,10.6376E+00,10.5397E+00,12.0090E+00,11.8583E+00,12.1271E+00,-0.1041E+00,0.0000E+00,0.0000E+00,15.2751E+00,14.8920E+00,15.0805E+00,27.8152E+00,27.1376E+00,28.5814E+00,-26.1171E+00,-27.1976E+00,-26.5890E+00,39.625E+00,40.509E+00,39.706E+00,+99999.9E+99,+99999.9E+99,+99999.9E+99,1.626E+00,0.36140E+03,0.36376E+03,0.37578E+03,1.10095E+03,0.53742E+03,0.52209E+03,0.53839E+03,1.59791E+03,0.53657E+03,0.53114E+03,0.54390E+03,1.61160E+03,0.61640E+03,0.59996E+03,0.60958E+03,1.82581E+03,-0.39660E+03,-0.38702E+03,-0.39321E+03,-1.17683E+03,-0.30188E+03,-0.29558E+03,-0.28587E+03,-0.88333E+03,-0.67355E+00,-0.68488E+00,-0.69091E+00,-0.68314E+00,-0.87187E+00,-0.87022E+00,-0.88322E+00,-0.87518E+00,0.000E+00,119.978E+00,-119.859E+00,59.424E+00,179.454E+00,-61.953E+00,-47.659E+00,-46.774E+00,-46.298E+00,-46.911E+00,201.873E+00,202.187E+00,201.748E+00,90.286E+00,+99999.9E+99,+99999.9E+99,0.00011E+06,-0.00063E+06,0.00000E+00,12.546E+00,0.757E+03,0.00099E+06,43.782E+00,F0F08
2021/11/30,17:34:00,00000:00:25,550,38003A00,2A00,3800,3800,3800,99.869E+00,0.000E+00,0.000E+00,110.925E+00,0.000E+00,0.000E+00,0.502E+00,0.000E+00,0.000E+00,99.868E+00,0.000E+00,0.000E+00,0.000E+00,0.000E+00,0.000E+00,100.932E+00,0.000E+00,0.000E+00,98.700E+00,0.000E+00,0.000E+00,72.110E+00,+99999.9E+99,+99999.9E+99,1.118E+00,+99999.9E+99,+99999.9E+99,12.0450E+00,0.00000E+00,0.00000E+00,12.3620E+00,0.00000E+00,0.00000E+00,4.6056E+00,0.00000E+00,0.00000E+00,11.1297E+00,0.00000E+00,0.00000E+00,3.9441E+00,0.00000E+00,0.00000E+00,18.3895E+00,0.0000E+00,0.0000E+00,4.1993E+00,0.0000E+00,0.0000E+00,51.511E+00,+99999.9E+99,+99999.9E+99,63.749E+00,+99999.9E+99,+99999.9E+99,1.10942E+03,0.00000E+03,0.00000E+03,0.00000E+03,0.00000E+03,0.00000E+03,1.20292E+03,0.00000E+03,0.00000E+03,0.00000E+03,0.00000E+03,0.00000E+03,0.46498E+03,0.00000E+03,0.00000E+03,0.00000E+03,0.00000E+03,0.00000E+03,0.92227E+00,0.00000E+00,0.00000E+00,0.89345E+00,0.09073E+00,0.09219E+00,0.000E+00,146.826E+00,143.522E+00,153.310E+00,51.620E+00,58.812E+00,22.740E+00,90.000E+00,90.000E+00,0.00000E+00,0.00000E+00,0.00000E+00,77.982E+00,100.000E+00,100.000E+00,0.24427E+03,0.00000E+03,0.00000E+03,+99999.9E+99,+99999.9E+99,+99999.9E+99,+99999.9E+99,+99999.9E+99,+99999.9E+99,+99999.9E+99,+99999.9E+99,+99999.9E+99,+99999.9E+99,+99999.9E+99,+99999.9E+99,1B00,0,0,0,1B00,76.5570E+00,76.5959E+00,76.5555E+00,76.5695E+00,72.4623E+00,72.7573E+00,72.5205E+00,72.5800E+00,76.5570E+00,76.5959E+00,76.5555E+00,0.0000E+00,0.0000E+00,0.0000E+00,72.8381E+00,72.6647E+00,72.6111E+00,105.850E+00,106.074E+00,105.779E+00,-104.234E+00,-104.579E+00,-105.026E+00,18.512E+00,18.062E+00,18.026E+00,+99999.9E+99,+99999.9E+99,+99999.9E+99,0.190E+00,9.6340E+00,9.1158E+00,9.2478E+00,9.3325E+00,8.3329E+00,7.8963E+00,7.9371E+00,8.0555E+00,9.6329E+00,9.1118E+00,9.2385E+00,-0.1455E+00,-0.2681E+00,0.4147E+00,6.1890E+00,6.4920E+00,6.8729E+00,26.3657E+00,24.1295E+00,25.1476E+00,-26.6262E+00,-25.5276E+00,-22.5357E+00,56.380E+00,52.376E+00,49.618E+00,+99999.9E+99,+99999.9E+99,+99999.9E+99,4.632E+00,0.29654E+03,0.27698E+03,0.29162E+03,0.86515E+03,0.22262E+03,0.23885E+03,0.24271E+03,0.70417E+03,0.42861E+03,0.40433E+03,0.41009E+03,1.24303E+03,0.25745E+03,0.26472E+03,0.27766E+03,0.79937E+03,-0.30947E+03,-0.29455E+03,-0.28832E+03,-0.89235E+03,-0.12932E+03,-0.11414E+03,-0.13486E+03,-0.37832E+03,-0.69187E+00,-0.68505E+00,-0.71112E+00,-0.69600E+00,-0.86469E+00,-0.90227E+00,-0.87412E+00,-0.88091E+00,0.000E+00,120.122E+00,-120.060E+00,60.072E+00,175.642E+00,-60.899E+00,-46.222E+00,-46.761E+00,-44.674E+00,-45.893E+00,201.897E+00,201.311E+00,202.011E+00,94.611E+00,+99999.9E+99,+99999.9E+99,0.00005E+06,-0.00054E+06,0.00000E+00,10.339E+00,0.756E+03,0.00082E+06,43.832E+00,F0F08
2021/11/30,17:34:00,00000:00:25,600,38003F00,2D00,3F00,3F00,3F00,99.869E+00,0.000E+00,0.000E+00,110.925E+00,0.000E+00,0.000E+00,0.502E+00,0.000E+00,0.000E+00,99.868E+00,0.000E+00,0.000E+00,0.000E+00,0.000E+00,0.000E+00,100.932E+00,0.000E+00,0.000E+00,98.700E+00,0.000E+00,0.000E+00,35.438E+00,448.298E+00,349.914E+00,1.118E+00,+99999.9E+99,+99999.9E+99,12.0450E+00,0.00000E+00,0.00000E+00,12.3620E+00,0.00000E+00,0.00000E+00,4.6056E+00,0.00000E+00,0.00000E+00,11.1297E+00,0.00000E+00,0.00000E+00,4.1036E+00,0.00000E+00,0.00000E+00,18.3895E+00,0.0000E+00,0.0000E+00,4.1993E+00,0.0000E+00,0.0000E+00,43.818E+00,+99999.9E+99,+99999.9E+99,63.749E+00,+99999.9E+99,+99999.9E+99,1.10942E+03,0.00000E+03,0.00000E+03,0.00000E+03,0.00000E+03,0.00000E+03,1.20292E+03,0.00000E+03,0.00000E+03,0.00000E+03,0.00000E+03,0.00000E+03,0.46498E+03,0.00000E+03,0.00000E+03,0.00000E+03,0.00000E+03,0.00000E+03,0.92227E+00,0.00000E+00,0.00000E+00,0.93218E+00,0.95344E+00,0.96553E+00,0.000E+00,20.986E+00,150.595E+00,158.777E+00,-176.568E+00,135.507E+00,22.740E+00,90.000E+00,90.000E+00,0.00000E+00,0.00000E+00,0.00000E+00,122.727E+00,100.000E+00,100.000E+00,-0.25214E+03,0.00000E+03,0.00000E+03,+99999.9E+99,+99999.9E+99,+99999.9E+99,+99999.9E+99,+99999.9E+99,+99999.9E+99,+99999.9E+99,+99999.9E+99,+99999.9E+99,+99999.9E+99,+99999.9E+99,+99999.9E+99,1B00,0,0,0,1B00,77.0182E+00,77.4556E+00,77.3495E+00,77.2744E+00,71.7244E+00,72.5635E+00,72.3597E+00,72.2159E+00,77.0182E+00,77.4556E+00,77.3495E+00,0.0000E+00,0.0000E+00,0.0000E+00,71.6938E+00,72.2834E+00,72.0812E+00,105.666E+00,106.037E+00,105.514E+00,-104.529E+00,-104.641E+00,-104.780E+00,25.267E+00,25.608E+00,25.550E+00,+99999.9E+99,+99999.9E+99,+99999.9E+99,0.475E+00,14.0083E+00,13.6760E+00,13.8084E+00,13.8309E+00,13.0876E+00,12.8859E+00,12.8412E+00,12.9382E+00,14.0075E+00,13.6738E+00,13.8027E+00,-0.1528E+00,-0.2443E+00,0.3984E+00,10.2392E+00,9.3710E+00,9.5070E+00,27.6386E+00,27.1371E+00,28.4400E+00,-26.6071E+00,-27.1405E+00,-26.4771E+00,43.652E+00,46.554E+00,47.000E+00,+99999.9E+99,+99999.9E+99,+99999.9E+99,6.810E+00,0.45843E+03,0.44595E+03,0.45718E+03,1.36156E+03,0.37442E+03,0.32771E+03,0.35249E+03,1.05462E+03,0.63138E+03,0.61660E+03,0.62474E+03,1.87272E+03,0.41746E+03,0.37847E+03,0.38205E+03,1.17642E+03,-0.43415E+03,-0.42582E+03,-0.42578E+03,-1.28575E+03,-0.18463E+03,-0.18933E+03,-0.14734E+03,-0.52129E+03,-0.72608E+00,-0.72324E+00,-0.73179E+00,-0.72705E+00,-0.89689E+00,-0.86588E+00,-0.92265E+00,-0.89646E+00,0.000E+00,119.908E+00,-119.646E+00,56.515E+00,179.837E+00,-67.141E+00,-43.441E+00,-43.678E+00,-42.963E+00,-43.361E+00,201.337E+00,202.149E+00,201.048E+00,90.025E+00,+99999.9E+99,+99999.9E+99,0.00014E+06,-0.00078E+06,0.00000E+00,15.457E+00,0.757E+03,0.00123E+06,43.583E+00,F0F08
2021/11/30,17:34:00,00000:00:25,650,38003F00,2800,3B00,3B00,3F00,100.032E+00,0.000E+00,0.000E+00,111.106E+00,0.000E+00,0.000E+00,0.502E+00,0.000E+00,0.000E+00,100.031E+00,0.000E+00,0.000E+00,0.000E+00,0.000E+00,0.000E+00,100.950E+00,0.000E+00,0.000E+00,98.807E+00,0.000E+00,0.000E+00,35.438E+00,448.298E+00,349.914E+00,1.071E+00,+99999.9E+99,+99999.9E+99,11.3113E+00,0.00000E+00,0.00000E+00,11.5545E+00,0.00000E+00,0.00000E+00,4.4416E+00,0.00000E+00,0.00000E+00,10.4027E+00,0.00000E+00,0.00000E+00,4.1036E+00,0.00000E+00,0.00000E+00,18.2333E+00,0.0000E+00,0.0000E+00,4.1469E+00,0.0000E+00,0.0000E+00,43.818E+00,+99999.9E+99,+99999.9E+99,67.705E+00,+99999.9E+99,+99999.9E+99,1.03860E+03,0.00000E+03,0.00000E+03,0.00000E+03,0.00000E+03,0.00000E+03,1.13149E+03,0.00000E+03,0.00000E+03,0.00000E+03,0.00000E+03,0.00000E+03,-0.44896E+03,0.00000E+03,0.00000E+03,0.00000E+03,0.00000E+03,0.00000E+03,-0.91791E+00,0.00000E+00,0.00000E+00,0.93218E+00,0.95344E+00,0.96553E+00,0.000E+00,20.986E+00,150.595E+00,158.777E+00,-176.568E+00,135.507E+00,-23.378E+00,90.000E+00,90.000E+00,9.32086E+00,0.00000E+00,0.00000E+00,84.402E+00,100.000E+00,100.000E+00,0.16200E+03,0.00000E+03,0.00000E+03,+99999.9E+99,+99999.9E+99,+99999.9E+99,+99999.9E+99,+99999.9E+99,+99999.9E+99,+99999.9E+99,+99999.9E+99,+99999.9E+99,+99999.9E+99,+99999.9E+99,+99999.9E+99,1B00,0,0,0,1B00,76.7266E+00,76.6787E+00,76.3904E+00,76.5986E+00,72.6125E+00,72.7179E+00,72.0650E+00,72.4651E+00,76.7266E+00,76.6787E+00,76.3904E+00,0.0000E+00,0.0000E+00,0.0000E+00,70.7337E+00,70.6348E+00,70.4897E+00,105.681E+00,106.034E+00,105.781E+00,-104.707E+00,-104.594E+00,-104.421E+00,35.814E+00,35.320E+00,35.740E+00,+99999.9E+99,+99999.9E+99,+99999.9E+99,0.203E+00,9.7470E+00,9.3281E+00,9.9336E+00,9.6696E+00,8.4482E+00,8.0930E+00,8.4938E+00,8.3450E+00,9.7464E+00,9.3281E+00,9.9336E+00,-0.1078E+00,0.0000E+00,0.0000E+00,13.4501E+00,13.4832E+00,14.0133E+00,26.3876E+00,24.7933E+00,27.0162E+00,-25.5538E+00,-23.3714E+00,-26.7529E+00,42.698E+00,42.048E+00,40.180E+00,+99999.9E+99,+99999.9E+99,+99999.9E+99,2.382E+00,0.28708E+03,0.28480E+03,0.30472E+03,0.87660E+03,0.46931E+03,0.48345E+03,0.49203E+03,1.44479E+03,0.43376E+03,0.41540E+03,0.44086E+03,1.29002E+03,0.54406E+03,0.54673E+03,0.56352E+03,1.65404E+03,-0.32516E+03,-0.30240E+03,-0.31860E+03,-0.94615E+03,-0.27524E+03,-0.25532E+03,-0.27471E+03,-0.80526E+03,-0.66185E+00,-0.68561E+00,-0.69120E+00,-0.67953E+00,-0.86260E+00,-0.88426E+00,-0.87313E+00,-0.87349E+00,0.000E+00,120.175E+00,-119.992E+00,60.337E+00,177.953E+00,-60.702E+00,-48.559E+00,-46.717E+00,-46.275E+00,-47.193E+00,202.393E+00,201.730E+00,202.634E+00,91.848E+00,+99999.9E+99,+99999.9E+99,0.00007E+06,-0.00052E+06,0.00000E+00,10.161E+00,0.757E+03,0.00081E+06,43.919E+00,F0F08
2021/11/30,17:34:00,00000:00:25,700,38003F00,0,1B00,1B00,3F00,99.923E+00,0.000E+00,0.000E+00,110.985E+00,0.000E+00,0.000E+00,0.505E+00,0.000E+00,0.000E+00,99.922E+00,0.000E+00,0.000E+00,0.000E+00,0.000E+00,0.000E+00,100.907E+00,0.000E+00,0.000E+00,98.807E+00,0.000E+00,0.000E+00,106.739E+00,+99999.9E+99,+99999.9E+99,1.051E+00,+99999.9E+99,+99999.9E+99,11.8143E+00,0.00000E+00,0.00000E+00,12.1036E+00,0.00000E+00,0.00000E+00,4.5642E+00,0.00000E+00,0.00000E+00,10.8971E+00,0.00000E+00,0.00000E+00,3.0915E+00,0.00000E+00,0.00000E+00,18.2433E+00,0.0000E+00,0.0000E+00,4.1479E+00,0.0000E+00,0.0000E+00,103.626E+00,+99999.9E+99,+99999.9E+99,64.675E+00,+99999.9E+99,+99999.9E+99,1.08678E+03,0.00000E+03,0.00000E+03,0.00000E+03,0.00000E+03,0.00000E+03,1.18053E+03,0.00000E+03,0.00000E+03,0.00000E+03,0.00000E+03,0.00000E+03,0.46103E+03,0.00000E+03,0.00000E+03,0.00000E+03,0.00000E+03,0.00000E+03,0.92059E+00,0.00000E+00,0.00000E+00,0.82121E+00,0.13619E+00,0.65753E+00,0.000E+00,141.306E+00,141.752E+00,145.206E+00,43.479E+00,92.864E+00,22.987E+00,90.000E+00,90.000E+00,12.6184E+00,0.00000E+00,0.00000E+00,96.707E+00,100.000E+00,100.000E+00,0.03579E+03,0.00000E+03,0.00000E+03,+99999.9E+99,+99999.9E+99,+99999.9E+99,+99999.9E+99,+99999.9E+99,+99999.9E+99,+99999.9E+99,+99999.9E+99,+99999.9E+99,+99999.9E+99,+99999.9E+99,+99999.9E+99,1B00,0,0,0,1B00,76.5257E+00,77.0261E+00,77.0214E+00,76.8577E+00,71.8600E+00,72.8066E+00,72.7853E+00,72.4840E+00,76.5257E+00,77.0260E+00,77.0214E+00,0.0000E+00,0.0000E+00,0.0000E+00,73.1268E+00,73.2285E+00,73.1270E+00,105.741E+00,106.050E+00,105.653E+00,-104.446E+00,-104.847E+00,-104.406E+00,13.970E+00,13.779E+00,14.072E+00,+99999.9E+99,+99999.9E+99,+99999.9E+99,0.096E+00,11.6948E+00,11.4604E+00,11.2640E+00,11.4731E+00,10.0922E+00,9.9565E+00,9.6673E+00,9.9053E+00,11.6936E+00,11.4546E+00,11.2513E+00,-0.1676E+00,-0.3658E+00,0.5345E+00,4.8517E+00,4.6144E+00,4.8367E+00,27.6457E+00,27.1152E+00,28.6476E+00,-26.5543E+00,-27.1514E+00,-26.3105E+00,58.218E+00,59.586E+00,56.217E+00,+99999.9E+99,+99999.9E+99,+99999.9E+99,2.564E+00,0.36106E+03,0.34272E+03,0.34720E+03,1.05099E+03,0.17508E+03,0.17115E+03,0.18011E+03,0.52635E+03,0.52201E+03,0.51104E+03,0.50484E+03,1.53789E+03,0.20064E+03,0.19357E+03,0.20159E+03,0.59571E+03,-0.37700E+03,-0.37908E+03,-0.36649E+03,-1.12257E+03,-0.09800E+03,-0.09043E+03,-0.09055E+03,-0.27897E+03,-0.69168E+00,-0.67064E+00,-0.68775E+00,-0.68340E+00,-0.87261E+00,-0.88418E+00,-0.89344E+00,-0.88357E+00,0.000E+00,120.044E+00,-119.912E+00,59.279E+00,177.849E+00,-63.220E+00,-46.237E+00,-47.883E+00,-46.548E+00,-46.890E+00,201.784E+00,202.023E+00,201.383E+00,93.108E+00,+99999.9E+99,+99999.9E+99,0.00007E+06,-0.00064E+06,0.00000E+00,12.351E+00,0.757E+03,0.00098E+06,43.757E+00,F0F0F
2021/11/30,17:34:00,00000:00:25,750,38003F00,700,1C00,1C00,3800,99.923E+00,0.000E+00,0.000E+00,110.985E+00,0.000E+00,0.000E+00,0.505E+00,0.000E+00,0.000E+00,99.922E+00,0.000E+00,0.000E+00,0.000E+00,0.000E+00,0.000E+00,100.907E+00,0.000E+00,0.000E+00,98.807E+00,0.000E+00,0.000E+00,20.004E+00,+99999.9E+99,417.270E+00,1.051E+00,+99999.9E+99,+99999.9E+99,11.8143E+00,0.00000E+00,0.00000E+00,12.1036E+00,0.00000E+00,0.00000E+00,4.5642E+00,0.00000E+00,0.00000E+00,10.8971E+00,0.00000E+00,0.00000E+00,4.6323E+00,0.00000E+00,0.00000E+00,18.2433E+00,0.0000E+00,0.0000E+00,4.1479E+00,0.0000E+00,0.0000E+00,11.768E+00,+99999.9E+99,+99999.9E+99,64.675E+00,+99999.9E+99,+99999.9E+99,1.08678E+03,0.00000E+03,0.00000E+03,0.00000E+03,0.00000E+03,0.00000E+03,1.18053E+03,0.00000E+03,0.00000E+03,0.00000E+03,0.00000E+03,0.00000E+03,0.46103E+03,0.00000E+03,0.00000E+03,0.00000E+03,0.00000E+03,0.00000E+03,0.92059E+00,0.00000E+00,0.00000E+00,0.91696E+00,0.37337E+00,0.22738E+00,0.000E+00,-94.555E+00,165.113E+00,156.485E+00,153.522E+00,61.970E+00,22.987E+00,90.000E+00,90.000E+00,12.6184E+00,0.00000E+00,0.00000E+00,118.901E+00,100.000E+00,100.000E+00,-0.20541E+03,0.00000E+03,0.00000E+03,+99999.9E+99,+99999.9E+99,+99999.9E+99,+99999.9E+99,+99999.9E+99,+99999.9E+99,+99999.9E+99,+99999.9E+99,+99999.9E+99,+99999.9E+99,+99999.9E+99,+99999.9E+99,1B00,0,0,0,1B00,77.2174E+00,77.2243E+00,77.0136E+00,77.1518E+00,72.2307E+00,72.4159E+00,71.8966E+00,72.1811E+00,77.2174E+00,77.2243E+00,77.0136E+00,0.0000E+00,0.0000E+00,0.0000E+00,70.4910E+00,71.0672E+00,70.9535E+00,105.220E+00,105.623E+00,105.477E+00,-104.369E+00,-104.889E+00,-104.420E+00,34.594E+00,34.627E+00,34.621E+00,+99999.9E+99,+99999.9E+99,+99999.9E+99,0.499E+00,13.5878E+00,13.1595E+00,13.5419E+00,13.4297E+00,12.5041E+00,12.0831E+00,12.4439E+00,12.3437E+00,13.5869E+00,13.1595E+00,13.5405E+00,-0.1506E+00,0.0000E+00,0.1985E+00,14.0661E+00,13.1463E+00,13.1147E+00,27.8733E+00,27.0909E+00,28.5262E+00,-26.6129E+00,-27.2043E+00,-26.5519E+00,39.699E+00,41.932E+00,42.194E+00,+99999.9E+99,+99999.9E+99,+99999.9E+99,4.418E+00,0.42846E+03,0.42037E+03,0.44337E+03,1.29219E+03,0.50224E+03,0.45920E+03,0.48379E+03,1.44523E+03,0.61231E+03,0.59293E+03,0.60905E+03,1.81429E+03,0.56675E+03,0.53169E+03,0.53587E+03,1.63337E+03,-0.43744E+03,-0.41815E+03,-0.41757E+03,-1.27316E+03,-0.26262E+03,-0.26802E+03,-0.23044E+03,-0.76108E+03,-0.69973E+00,-0.70898E+00,-0.72796E+00,-0.71223E+00,-0.88617E+00,-0.86365E+00,-0.90282E+00,-0.88481E+00,0.000E+00,119.841E+00,-119.674E+00,57.875E+00,-179.944E+00,-64.419E+00,-45.594E+00,-44.848E+00,-43.284E+00,-44.583E+00,201.386E+00,201.595E+00,201.976E+00,89.721E+00,+99999.9E+99,+99999.9E+99,0.00013E+06,-0.00074E+06,0.00000E+00,14.611E+00,0.758E+03,0.00116E+06,43.560E+00,F0F08
2021/11/30,17:34:01,00000:00:25,800,38003F00,500,1F00,1F00,3F00,99.923E+00,0.000E+00,0.000E+00,110.985E+00,0.000E+00,0.000E+00,0.505E+00,0.000E+00,0.000E+00,99.922E+00,0.000E+00,0.000E+00,0.000E+00,0.000E+00,0.000E+00,100.907E+00,0.000E+00,0.000E+00,98.807E+00,0.000E+00,0.000E+00,20.004E+00,+99999.9E+99,417.270E+00,1.051E+00,+99999.9E+99,+99999.9E+99,11.8143E+00,0.00000E+00,0.00000E+00,12.1036E+00,0.00000E+00,0.00000E+00,4.5642E+00,0.00000E+00,0.00000E+00,10.8971E+00,0.00000E+00,0.00000E+00,4.6323E+00,0.00000E+00,0.00000E+00,18.2433E+00,0.0000E+00,0.0000E+00,4.1479E+00,0.0000E+00,0.0000E+00,11.768E+00,+99999.9E+99,+99999.9E+99,64.675E+00,+99999.9E+99,+99999.9E+99,1.08678E+03,0.00000E+03,0.00000E+03,0.00000E+03,0.00000E+03,0.00000E+03,1.18053E+03,0.00000E+03,0.00000E+03,0.00000E+03,0.00000E+03,0.00000E+03,0.46103E+03,0.00000E+03,0.00000E+03,0.00000E+03,0.00000E+03,0.00000E+03,0.92059E+00,0.00000E+00,0.00000E+00,0.91696E+00,0.37337E+00,0.22738E+00,0.000E+00,-94.555E+00,165.113E+00,156.485E+00,153.522E+00,61.970E+00,22.987E+00,90.000E+00,90.000E+00,12.6184E+00,0.00000E+00,0.00000E+00,69.432E+00,100.000E+00,100.000E+00,0.33221E+03,0.00000E+03,0.00000E+03,+99999.9E+99,+99999.9E+99,+99999.9E+99,+99999.9E+99,+99999.9E+99,+99999.9E+99,+99999.9E+99,+99999.9E+99,+99999.9E+99,+99999.9E+99,+99999.9E+99,+99999.9E+99,1B00,0,0,0,1B00,76.2534E+00,76.6764E+00,76.5156E+00,76.4818E+00,72.0808E+00,72.8687E+00,72.5812E+00,72.5102E+00,76.2534E+00,76.6764E+00,76.5156E+00,0.0000E+00,0.0000E+00,0.0000E+00,71.9364E+00,71.7784E+00,71.7126E+00,105.747E+00,106.127E+00,105.976E+00,-104.399E+00,-104.774E+00,-104.611E+00,27.085E+00,26.066E+00,26.758E+00,+99999.9E+99,+99999.9E+99,+99999.9E+99,0.185E+00,8.1791E+00,8.1082E+00,8.0629E+00,8.1167E+00,7.2233E+00,7.1674E+00,7.1057E+00,7.1654E+00,8.1783E+00,8.1075E+00,8.0599E+00,-0.1075E+00,-0.1092E+00,0.2177E+00,9.6819E+00,9.8468E+00,10.1955E+00,22.3543E+00,20.7514E+00,20.4424E+00,-18.7300E+00,-19.1757E+00,-19.9543E+00,48.628E+00,46.233E+00,44.644E+00,+99999.9E+99,+99999.9E+99,+99999.9E+99,4.222E+00,0.25340E+03,0.24722E+03,0.25395E+03,0.75457E+03,0.33355E+03,0.35672E+03,0.36096E+03,1.05122E+03,0.36163E+03,0.35902E+03,0.35805E+03,1.07870E+03,0.38902E+03,0.39962E+03,0.41694E+03,1.20500E+03,-0.25800E+03,-0.26034E+03,-0.25242E+03,-0.77075E+03,-0.20021E+03,-0.18015E+03,-0.20867E+03,-0.58903E+03,-0.70072E+00,-0.68861E+00,-0.70924E+00,-0.69952E+00,-0.85740E+00,-0.89263E+00,-0.86574E+00,-0.87238E+00,0.000E+00,120.135E+00,-120.040E+00,60.902E+00,176.897E+00,-59.903E+00,-45.515E+00,-46.480E+00,-44.827E+00,-45.612E+00,202.357E+00,202.005E+00,201.967E+00,95.226E+00,+99999.9E+99,+99999.9E+99,0.00004E+06,-0.00047E+06,0.00000E+00,9.076E+00,0.756E+03,0.00072E+06,43.959E+00,F0F08
2021/11/30,17:34:01,00000:00:25,850,38003F00,700,1F00,1F00,3F00,99.923E+00,0.000E+00,0.000E+00,110.985E+00,0.000E+00,0.000E+00,0.505E+00,0.000E+00,0.000E+00,99.922E+00,0.000E+00,0.000E+00,0.000E+00,0.000E+00,0.000E+00,100.907E+00,0.000E+00,0.000E+00,98.807E+00,0.000E+00,0.000E+00,65.784E+00,+99999.9E+99,439.963E+00,1.051E+00,+99999.9E+99,+99999.9E+99,11.8143E+00,0.00000E+00,0.00000E+00,12.1036E+00,0.00000E+00,0.00000E+00,4.5642E+00,0.00000E+00,0.00000E+00,10.8971E+00,0.00000E+00,0.00000E+00,4.1539E+00,0.00000E+00,0.00000E+00,18.2433E+00,0.0000E+00,0.0000E+00,4.1479E+00,0.0000E+00,0.0000E+00,47.295E+00,+99999.9E+99,+99999.9E+99,64.675E+00,+99999.9E+99,+99999.9E+99,1.08678E+03,0.00000E+03,0.00000E+03,0.00000E+03,0.00000E+03,0.00000E+03,1.18053E+03,0.00000E+03,0.00000E+03,0.00000E+03,0.00000E+03,0.00000E+03,0.46103E+03,0.00000E+03,0.00000E+03,0.00000E+03,0.00000E+03,0.00000E+03,0.92059E+00,0.00000E+00,0.00000E+00,0.89468E+00,0.73793E+00,0.92017E+00,0.000E+00,149.953E+00,156.286E+00,153.467E+00,107.508E+00,179.335E+00,22.987E+00,90.000E+00,90.000E+00,12.6184E+00,0.00000E+00,0.00000E+00,114.053E+00,100.000E+00,100.000E+00,-0.15273E+03,0.00000E+03,0.00000E+03,+99999.9E+99,+99999.9E+99,+99999.9E+99,+99999.9E+99,+99999.9E+99,+99999.9E+99,+99999.9E+99,+99999.9E+99,+99999.9E+99,+99999.9E+99,+99999.9E+99,+99999.9E+99,1B00,0,0,0,1B00,77.0626E+00,77.1920E+00,77.0843E+00,77.1130E+00,72.0867E+00,72.5039E+00,72.1845E+00,72.2584E+00,77.0626E+00,77.1920E+00,77.0843E+00,0.0000E+00,0.0000E+00,0.0000E+00,72.9954E+00,73.2687E+00,73.1317E+00,105.769E+00,106.073E+00,105.807E+00,-104.223E+00,-104.836E+00,-104.360E+00,13.672E+00,13.921E+00,13.987E+00,+99999.9E+99,+99999.9E+99,+99999.9E+99,0.216E+00,13.2985E+00,12.8520E+00,13.0331E+00,13.0612E+00,12.0848E+00,11.6338E+00,11.6772E+00,11.7986E+00,13.2970E+00,12.8484E+00,13.0236E+00,-0.1968E+00,-0.3004E+00,0.4982E+00,4.9846E+00,4.4179E+00,4.6014E+00,27.6271E+00,27.2138E+00,28.7486E+00,-26.5481E+00,-27.0967E+00,-26.7781E+00,56.830E+00,62.395E+00,60.008E+00,+99999.9E+99,+99999.9E+99,+99999.9E+99,5.434E+00,0.42142E+03,0.40074E+03,0.41735E+03,1.23951E+03,0.17472E+03,0.15730E+03,0.17058E+03,0.50260E+03,0.59838E+03,0.57725E+03,0.58529E+03,1.76092E+03,0.20100E+03,0.18403E+03,0.18941E+03,0.57399E+03,-0.42480E+03,-0.41548E+03,-0.41035E+03,-1.25063E+03,-0.09938E+03,-0.09551E+03,-0.08235E+03,-0.27723E+03,-0.70428E+00,-0.69422E+00,-0.71307E+00,-0.70390E+00,-0.86924E+00,-0.85478E+00,-0.90054E+00,-0.87562E+00,0.000E+00,120.001E+00,-119.815E+00,59.752E+00,-178.797E+00,-64.105E+00,-45.229E+00,-46.035E+00,-44.515E+00,-45.259E+00,201.214E+00,201.381E+00,201.664E+00,90.943E+00,+99999.9E+99,+99999.9E+99,0.00011E+06,-0.00073E+06,0.00000E+00,14.220E+00,0.757E+03,0.00113E+06,43.567E+00,F0F08
2021/11/30,17:34:01,00000:00:25,900,38003F00,2800,3B00,3B00,3F00,99.875E+00,0.000E+00,0.000E+00,110.932E+00,0.000E+00,0.000E+00,0.512E+00,0.000E+00,0.000E+00,99.874E+00,0.000E+00,0.000E+00,0.000E+00,0.000E+00,0.000E+00,100.975E+00,0.000E+00,0.000E+00,98.804E+00,0.000E+00,0.000E+00,65.784E+00,+99999.9E+99,439.963E+00,1.087E+00,+99999.9E+99,+99999.9E+99,12.0369E+00,0.00000E+00,0.00000E+00,12.3112E+00,0.00000E+00,0.00000E+00,4.6938E+00,0.00000E+00,0.00000E+00,11.0840E+00,0.00000E+00,0.00000E+00,4.1539E+00,0.00000E+00,0.00000E+00,18.3193E+00,0.0000E+00,0.0000E+00,3.4419E+00,0.0000E+00,0.0000E+00,47.295E+00,+99999.9E+99,+99999.9E+99,67.112E+00,+99999.9E+99,+99999.9E+99,1.10485E+03,0.00000E+03,0.00000E+03,0.00000E+03,0.00000E+03,0.00000E+03,1.20218E+03,0.00000E+03,0.00000E+03,0.00000E+03,0.00000E+03,0.00000E+03,0.47387E+03,0.00000E+03,0.00000E+03,0.00000E+03,0.00000E+03,0.00000E+03,0.91904E+00,0.00000E+00,0.00000E+00,0.89468E+00,0.73793E+00,0.92017E+00,0.000E+00,149.953E+00,156.286E+00,153.467E+00,107.508E+00,179.335E+00,23.215E+00,90.000E+00,90.000E+00,0.00000E+00,0.00000E+00,0.00000E+00,99.014E+00,100.000E+00,100.000E+00,0.01090E+03,0.00000E+03,0.00000E+03,+99999.9E+99,+99999.9E+99,+99999.9E+99,+99999.9E+99,+99999.9E+99,+99999.9E+99,+99999.9E+99,+99999.9E+99,+99999.9E+99,+99999.9E+99,+99999.9E+99,+99999.9E+99,1B00,0,0,0,1B00,76.7427E+00,77.0928E+00,76.8258E+00,76.8871E+00,72.0200E+00,72.6627E+00,72.1745E+00,72.2857E+00,76.7427E+00,77.0928E+00,76.8258E+00,0.0000E+00,0.0000E+00,0.0000E+00,70.1145E+00,70.4792E+00,70.4350E+00,105.406E+00,105.889E+00,105.550E+00,-104.670E+00,-104.639E+00,-104.579E+00,37.463E+00,37.472E+00,37.429E+00,+99999.9E+99,+99999.9E+99,+99999.9E+99,0.329E+00,11.9608E+00,11.8005E+00,12.0857E+00,11.9490E+00,10.4792E+00,10.4064E+00,10.6011E+00,10.4956E+00,11.9602E+00,11.8005E+00,12.0857E+00,-0.1184E+00,0.0000E+00,0.0000E+00,14.9794E+00,14.3839E+00,14.3797E+00,27.6262E+00,27.1805E+00,28.5338E+00,-26.1676E+00,-26.8576E+00,-26.7743E+00,39.476E+00,40.880E+00,40.856E+00,+99999.9E+99,+99999.9E+99,+99999.9E+99,2.914E+00,0.35888E+03,0.36133E+03,0.37375E+03,1.09395E+03,0.53179E+03,0.50080E+03,0.52051E+03,1.55310E+03,0.53428E+03,0.52854E+03,0.54216E+03,1.60498E+03,0.60509E+03,0.57871E+03,0.58399E+03,1.76736E+03,-0.39580E+03,-0.38574E+03,-0.39274E+03,-1.17429E+03,-0.28869E+03,-0.29001E+03,-0.26478E+03,-0.84348E+03,-0.67170E+00,-0.68363E+00,-0.68937E+00,-0.68160E+00,-0.87885E+00,-0.86537E+00,-0.89131E+00,-0.87877E+00,0.000E+00,119.870E+00,-119.805E+00,58.669E+00,179.923E+00,-62.995E+00,-47.801E+00,-46.872E+00,-46.420E+00,-47.031E+00,202.140E+00,202.266E+00,201.750E+00,90.400E+00,+99999.9E+99,+99999.9E+99,0.00011E+06,-0.00063E+06,0.00000E+00,12.477E+00,0.757E+03,0.00099E+06,43.837E+00,F0F08
2021/11/30,17:34:01,00000:00:25,950,38003D00,2D00,3C00,3C00,3800,99.875E+00,0.000E+00,0.000E+00,110.932E+00,0.000E+00,0.000E+00,0.512E+00,0.000E+00,0.000E+00,99.874E+00,0.000E+00,0.000E+00,0.000E+00,0.000E+00,0.000E+00,100.975E+00,0.000E+00,0.000E+00,98.804E+00,0.000E+00,0.000E+00,35.679E+00,+99999.9E+99,422.889E+00,1.087E+00,+99999.9E+99,+99999.9E+99,12.0369E+00,0.00000E+00,0.00000E+00,12.3112E+00,0.00000E+00,0.00000E+00,4.6938E+00,0.00000E+00,0.00000E+00,11.0840E+00,0.00000E+00,0.00000E+00,4.1784E+00,0.00000E+00,0.00000E+00,18.3193E+00,0.0000E+00,0.0000E+00,3.4419E+00,0.0000E+00,0.0000E+00,43.552E+00,+99999.9E+99,+99999.9E+99,67.112E+00,+99999.9E+99,+99999.9E+99,1.10485E+03,0.00000E+03,0.00000E+03,0.00000E+03,0.00000E+03,0.00000E+03,1.20218E+03,0.00000E+03,0.00000E+03,0.00000E+03,0.00000E+03,0.00000E+03,0.47387E+03,0.00000E+03,0.00000E+03,0.00000E+03,0.00000E+03,0.00000E+03,0.91904E+00,0.00000E+00,0.00000E+00,0.93210E+00,0.19275E+00,0.98915E+00,0.000E+00,-124.999E+00,179.213E+00,158.764E+00,-46.112E+00,-9.234E+00,23.215E+00,90.000E+00,90.000E+00,0.00000E+00,0.00000E+00,0.00000E+00,75.921E+00,100.000E+00,100.000E+00,0.26603E+03,0.00000E+03,0.00000E+03,+99999.9E+99,+99999.9E+99,+99999.9E+99,+99999.9E+99,+99999.9E+99,+99999.9E+99,+99999.9E+99,+99999.9E+99,+99999.9E+99,+99999.9E+99,+99999.9E+99,+99999.9E+99,1B00,0,0,0,1B00,76.5258E+00,76.6169E+00,76.5324E+00,76.5584E+00,72.3625E+00,72.7165E+00,72.4221E+00,72.5004E+00,76.5258E+00,76.6169E+00,76.5324E+00,0.0000E+00,0.0000E+00,0.0000E+00,72.4584E+00,72.2392E+00,72.2328E+00,105.786E+00,106.023E+00,105.694E+00,-104.443E+00,-104.901E+00,-104.050E+00,22.600E+00,21.690E+00,22.156E+00,+99999.9E+99,+99999.9E+99,+99999.9E+99,0.204E+00,9.3762E+00,8.8652E+00,8.9967E+00,9.0794E+00,8.1628E+00,7.7520E+00,7.7823E+00,7.8990E+00,9.3748E+00,8.8623E+00,8.9881E+00,-0.1662E+00,-0.2268E+00,0.3940E+00,7.7256E+00,8.1442E+00,8.3359E+00,25.8314E+00,23.7624E+00,24.7995E+00,-26.1781E+00,-25.1876E+00,-21.8571E+00,52.506E+00,48.434E+00,47.246E+00,+99999.9E+99,+99999.9E+99,+99999.9E+99,4.499E+00,0.28726E+03,0.26872E+03,0.28283E+03,0.83882E+03,0.27354E+03,0.29429E+03,0.29663E+03,0.86446E+03,0.41663E+03,0.39303E+03,0.39882E+03,1.20848E+03,0.31699E+03,0.32740E+03,0.34134E+03,0.98518E+03,-0.30177E+03,-0.28681E+03,-0.28118E+03,-0.86976E+03,-0.16018E+03,-0.14348E+03,-0.16888E+03,-0.47254E+03,-0.68948E+00,-0.68373E+00,-0.70917E+00,-0.69411E+00,-0.86293E+00,-0.89886E+00,-0.86903E+00,-0.87746E+00,0.000E+00,120.100E+00,-120.098E+00,60.253E+00,176.090E+00,-60.344E+00,-46.411E+00,-46.864E+00,-44.832E+00,-46.044E+00,201.620E+00,201.309E+00,202.048E+00,94.476E+00,+99999.9E+99,+99999.9E+99,0.00005E+06,-0.00052E+06,0.00000E+00,10.010E+00,0.756E+03,0.00079E+06,43.755E+00,F0F08
2021/11/30,17:34:01,00000:00:26,0,38003F00,2800,3B00,3B00,3F00,99.995E+00,0.000E+00,0.000E+00,111.065E+00,0.000E+00,0.000E+00,0.500E+00,0.000E+00,0.000E+00,99.994E+00,0.000E+00,0.000E+00,0.000E+00,0.000E+00,0.000E+00,100.875E+00,0.000E+00,0.000E+00,98.754E+00,0.000E+00,0.000E+00,35.679E+00,+99999.9E+99,422.889E+00,1.061E+00,+99999.9E+99,+99999.9E+99,10.7483E+00,0.00000E+00,0.00000E+00,11.0075E+00,0.00000E+00,0.00000E+00,4.1610E+00,0.00000E+00,0.00000E+00,9.9102E+00,0.00000E+00,0.00000E+00,4.1784E+00,0.00000E+00,0.00000E+00,18.2205E+00,0.0000E+00,0.0000E+00,4.2255E+00,0.0000E+00,0.0000E+00,43.552E+00,+99999.9E+99,+99999.9E+99,70.609E+00,+99999.9E+99,+99999.9E+99,0.98909E+03,0.00000E+03,0.00000E+03,0.00000E+03,0.00000E+03,0.00000E+03,1.07478E+03,0.00000E+03,0.00000E+03,0.00000E+03,0.00000E+03,0.00000E+03,0.42054E+03,0.00000E+03,0.00000E+03,0.00000E+03,0.00000E+03,0.00000E+03,0.92027E+00,0.00000E+00,0.00000E+00,0.93210E+00,0.19275E+00,0.98915E+00,0.000E+00,-124.999E+00,179.213E+00,158.764E+00,-46.112E+00,-9.234E+00,23.034E+00,90.000E+00,90.000E+00,14.5846E+00,0.00000E+00,0.00000E+00,137.298E+00,100.000E+00,100.000E+00,-0.36891E+03,0.00000E+03,0.00000E+03,+99999.9E+99,+99999.9E+99,+99999.9E+99,+99999.9E+99,+99999.9E+99,+99999.9E+99,+99999.9E+99,+99999.9E+99,+99999.9E+99,+99999.9E+99,+99999.9E+99,+99999.9E+99,1B00,0,0,0,1B00,77.0050E+00,77.4584E+00,77.3378E+00,77.2670E+00,71.7110E+00,72.5733E+00,72.3394E+00,72.2079E+00,77.0050E+00,77.4584E+00,77.3378E+00,0.0000E+00,0.0000E+00,0.0000E+00,72.3023E+00,72.7727E+00,72.6267E+00,105.731E+00,106.124E+00,105.574E+00,-105.111E+00,-104.673E+00,-104.567E+00,19.793E+00,19.897E+00,20.173E+00,+99999.9E+99,+99999.9E+99,+99999.9E+99,0.389E+00,13.9691E+00,13.6563E+00,13.7873E+00,13.8042E+00,13.0533E+00,12.8673E+00,12.8238E+00,12.9148E+00,13.9684E+00,13.6541E+00,13.7817E+00,-0.1481E+00,-0.2443E+00,0.3935E+00,7.8142E+00,7.2375E+00,7.1056E+00,27.6462E+00,27.0800E+00,28.5643E+00,-26.6781E+00,-26.9433E+00,-26.7624E+00,47.943E+00,50.619E+00,51.684E+00,+99999.9E+99,+99999.9E+99,+99999.9E+99,6.842E+00,0.45688E+03,0.44542E+03,0.45571E+03,1.35800E+03,0.28532E+03,0.24933E+03,0.26793E+03,0.80258E+03,0.62942E+03,0.61553E+03,0.62370E+03,1.86865E+03,0.32014E+03,0.29017E+03,0.29211E+03,0.90124E+03,-0.43293E+03,-0.42483E+03,-0.42583E+03,-1.28359E+03,-0.14521E+03,-0.14844E+03,-0.11635E+03,-0.41000E+03,-0.72587E+00,-0.72364E+00,-0.73065E+00,-0.72673E+00,-0.89122E+00,-0.85925E+00,-0.91725E+00,-0.89053E+00,0.000E+00,119.908E+00,-119.722E+00,57.189E+00,-179.387E+00,-66.402E+00,-43.459E+00,-43.645E+00,-43.059E+00,-43.387E+00,201.723E+00,202.144E+00,201.054E+00,90.169E+00,+99999.9E+99,+99999.9E+99,0.00013E+06,-0.00078E+06,0.00000E+00,15.440E+00,0.757E+03,0.00122E+06,43.685E+00,F0F08
2021/11/30,17:34:01,00000:00:26,50,38003F00,0,1B00,1B00,3F00,99.920E+00,0.000E+00,0.000E+00,110.982E+00,0.000E+00,0.000E+00,0.510E+00,0.000E+00,0.000E+00,99.919E+00,0.000E+00,0.000E+00,0.000E+00,0.000E+00,0.000E+00,100.921E+00,0.000E+00,0.000E+00,98.836E+00,0.000E+00,0.000E+00,23.994E+00,+99999.9E+99,446.781E+00,1.044E+00,+99999.9E+99,+99999.9E+99,11.8452E+00,0.00000E+00,0.00000E+00,12.1281E+00,0.00000E+00,0.00000E+00,4.5913E+00,0.00000E+00,0.00000E+00,10.9192E+00,0.00000E+00,0.00000E+00,4.3596E+00,0.00000E+00,0.00000E+00,18.2474E+00,0.0000E+00,0.0000E+00,4.0900E+00,0.0000E+00,0.0000E+00,11.117E+00,+99999.9E+99,+99999.9E+99,64.828E+00,+99999.9E+99,+99999.9E+99,1.08893E+03,0.00000E+03,0.00000E+03,0.00000E+03,0.00000E+03,0.00000E+03,1.18357E+03,0.00000E+03,0.00000E+03,0.00000E+03,0.00000E+03,0.00000E+03,0.46375E+03,0.00000E+03,0.00000E+03,0.00000E+03,0.00000E+03,0.00000E+03,0.92004E+00,0.00000E+00,0.00000E+00,0.90107E+00,0.96530E+00,0.81842E+00,0.000E+00,19.974E+00,159.203E+00,154.299E+00,35.112E+00,-55.870E+00,23.068E+00,90.000E+00,90.000E+00,12.5937E+00,0.00000E+00,0.00000E+00,80.577E+00,100.000E+00,100.000E+00,0.21150E+03,0.00000E+03,0.00000E+03,+99999.9E+99,+99999.9E+99,+99999.9E+99,+99999.9E+99,+99999.9E+99,+99999.9E+99,+99999.9E+99,+99999.9E+99,+99999.9E+99,+99999.9E+99,+99999.9E+99,+99999.9E+99,1B00,0,0,0,1B00,76.7128E+00,76.6636E+00,76.3760E+00,76.5841E+00,72.5967E+00,72.6981E+00,72.0240E+00,72.4396E+00,76.7128E+00,76.6636E+00,76.3759E+00,0.0000E+00,0.0000E+00,0.0000E+00,70.2724E+00,70.2939E+00,70.1868E+00,105.691E+00,105.980E+00,105.831E+00,-104.289E+00,-104.504E+00,-104.143E+00,38.237E+00,37.984E+00,38.178E+00,+99999.9E+99,+99999.9E+99,+99999.9E+99,0.086E+00,9.7700E+00,9.3477E+00,9.9669E+00,9.6948E+00,8.4618E+00,8.1002E+00,8.5154E+00,8.3591E+00,9.7692E+00,9.3477E+00,9.9669E+00,-0.1217E+00,0.0000E+00,0.0000E+00,14.7222E+00,14.6346E+00,14.9644E+00,26.4295E+00,24.7681E+00,27.1952E+00,-25.5105E+00,-23.3795E+00,-26.6090E+00,40.843E+00,40.748E+00,39.451E+00,+99999.9E+99,+99999.9E+99,+99999.9E+99,1.414E+00,0.28696E+03,0.28513E+03,0.30534E+03,0.87743E+03,0.51637E+03,0.51950E+03,0.53054E+03,1.56641E+03,0.43459E+03,0.41605E+03,0.44224E+03,1.29288E+03,0.59532E+03,0.59109E+03,0.60486E+03,1.79117E+03,-0.32638E+03,-0.30298E+03,-0.31990E+03,-0.94926E+03,-0.29627E+03,-0.28196E+03,-0.29048E+03,-0.86871E+03,-0.66029E+00,-0.68533E+00,-0.69046E+00,-0.67867E+00,-0.86737E+00,-0.87889E+00,-0.87713E+00,-0.87452E+00,0.000E+00,120.078E+00,-119.948E+00,59.854E+00,178.525E+00,-61.210E+00,-48.678E+00,-46.738E+00,-46.334E+00,-47.260E+00,201.975E+00,201.910E+00,202.600E+00,92.037E+00,+99999.9E+99,+99999.9E+99,0.00007E+06,-0.00052E+06,0.00000E+00,10.193E+00,0.757E+03,0.00081E+06,43.814E+00,F0F0F
2021/11/30,17:34:01,00000:00:26,100,38003F00,700,1F00,1F00,3F00,99.920E+00,0.000E+00,0.000E+00,110.982E+00,0.000E+00,0.000E+00,0.510E+00,0.000E+00,0.000E+00,99.919E+00,0.000E+00,0.000E+00,0.000E+00,0.000E+00,0.000E+00,100.921E+00,0.000E+00,0.000E+00,98.836E+00,0.000E+00,0.000E+00,23.994E+00,+99999.9E+99,446.781E+00,1.044E+00,+99999.9E+99,+99999.9E+99,11.8452E+00,0.00000E+00,0.00000E+00,12.1281E+00,0.00000E+00,0.00000E+00,4.5913E+00,0.00000E+00,0.00000E+00,10.9192E+00,0.00000E+00,0.00000E+00,4.3596E+00,0.00000E+00,0.00000E+00,18.2474E+00,0.0000E+00,0.0000E+00,4.0900E+00,0.0000E+00,0.0000E+00,11.117E+00,+99999.9E+99,+99999.9E+99,64.828E+00,+99999.9E+99,+99999.9E+99,1.08893E+03,0.00000E+03,0.00000E+03,0.00000E+03,0.00000E+03,0.00000E+03,1.18357E+03,0.00000E+03,0.00000E+03,0.00000E+03,0.00000E+03,0.00000E+03,0.46375E+03,0.00000E+03,0.00000E+03,0.00000E+03,0.00000E+03,0.00000E+03,0.92004E+00,0.00000E+00,0.00000E+00,0.90107E+00,0.96530E+00,0.81842E+00,0.000E+00,19.974E+00,159.203E+00,154.299E+00,35.112E+00,-55.870E+00,23.068E+00,90.000E+00,90.000E+00,12.5937E+00,0.00000E+00,0.00000E+00,96.826E+00,100.000E+00,100.000E+00,0.03456E+03,0.00000E+03,0.00000E+03,+99999.9E+99,+99999.9E+99,+99999.9E+99,+99999.9E+99,+99999.9E+99,+99999.9E+99,+99999.9E+99,+99999.9E+99,+99999.9E+99,+99999.9E+99,+99999.9E+99,+99999.9E+99,1B00,0,0,0,1B00,76.5181E+00,77.0448E+00,77.0392E+00,76.8674E+00,71.8451E+00,72.8142E+00,72.8050E+00,72.4881E+00,76.5181E+00,77.0448E+00,77.0391E+00,0.0000E+00,0.0000E+00,0.0000E+00,73.0660E+00,73.0570E+00,72.9446E+00,105.856E+00,106.039E+00,105.727E+00,-103.701E+00,-104.744E+00,-104.409E+00,15.412E+00,15.244E+00,15.364E+00,+99999.9E+99,+99999.9E+99,+99999.9E+99,0.104E+00,11.7054E+00,11.4933E+00,11.2876E+00,11.4954E+00,10.1097E+00,9.9874E+00,9.6918E+00,9.9296E+00,11.7045E+00,11.4862E+00,11.2741E+00,-0.1470E+00,-0.4040E+00,0.5521E+00,5.2213E+00,5.1335E+00,5.5428E+00,27.6919E+00,27.0771E+00,28.5795E+00,-26.3486E+00,-27.1900E+00,-26.0767E+00,58.490E+00,57.638E+00,53.475E+00,+99999.9E+99,+99999.9E+99,+99999.9E+99,3.542E+00,0.36221E+03,0.34408E+03,0.34809E+03,1.05437E+03,0.18555E+03,0.19155E+03,0.19902E+03,0.57612E+03,0.52248E+03,0.51265E+03,0.50627E+03,1.54141E+03,0.21498E+03,0.21442E+03,0.22598E+03,0.65516E+03,-0.37655E+03,-0.38003E+03,-0.36762E+03,-1.12421E+03,-0.10858E+03,-0.09636E+03,-0.10703E+03,-0.31197E+03,-0.69324E+00,-0.67117E+00,-0.68755E+00,-0.68403E+00,-0.86308E+00,-0.89333E+00,-0.88073E+00,-0.87935E+00,0.000E+00,120.102E+00,-119.959E+00,60.329E+00,176.759E+00,-61.634E+00,-46.113E+00,-47.843E+00,-46.563E+00,-46.840E+00,202.005E+00,201.403E+00,201.398E+00,92.975E+00,+99999.9E+99,+99999.9E+99,0.00007E+06,-0.00064E+06,0.00000E+00,12.371E+00,0.757E+03,0.00098E+06,43.810E+00,F0F0F
2021/11/30,17:34:01,00000:00:26,150,38003D00,500,1C00,1C00,3800,99.920E+00,0.000E+00,0.000E+00,110.982E+00,0.000E+00,0.000E+00,0.510E+00,0.000E+00,0.000E+00,99.919E+00,0.000E+00,0.000E+00,0.000E+00,0.000E+00,0.000E+00,100.921E+00,0.000E+00,0.000E+00,98.836E+00,0.000E+00,0.000E+00,20.731E+00,+99999.9E+99,429.280E+00,1.044E+00,+99999.9E+99,+99999.9E+99,11.8452E+00,0.00000E+00,0.00000E+00,12.1281E+00,0.00000E+00,0.00000E+00,4.5913E+00,0.00000E+00,0.00000E+00,10.9192E+00,0.00000E+00,0.00000E+00,4.5771E+00,0.00000E+00,0.00000E+00,18.2474E+00,0.0000E+00,0.0000E+00,4.0900E+00,0.0000E+00,0.0000E+00,7.642E+00,+99999.9E+99,+99999.9E+99,64.828E+00,+99999.9E+99,+99999.9E+99,1.08893E+03,0.00000E+03,0.00000E+03,0.00000E+03,0.00000E+03,0.00000E+03,1.18357E+03,0.00000E+03,0.00000E+03,0.00000E+03,0.00000E+03,0.00000E+03,0.46375E+03,0.00000E+03,0.00000E+03,0.00000E+03,0.00000E+03,0.00000E+03,0.92004E+00,0.00000E+00,0.00000E+00,0.90553E+00,0.66593E+00,0.56922E+00,0.000E+00,-23.789E+00,153.678E+00,154.894E+00,24.458E+00,-81.626E+00,23.068E+00,90.000E+00,90.000E+00,12.5937E+00,0.00000E+00,0.00000E+00,117.083E+00,100.000E+00,100.000E+00,-0.18602E+03,0.00000E+03,0.00000E+03,+99999.9E+99,+99999.9E+99,+99999.9E+99,+99999.9E+99,+99999.9E+99,+99999.9E+99,+99999.9E+99,+99999.9E+99,+99999.9E+99,+99999.9E+99,+99999.9E+99,+99999.9E+99,1B00,0,0,0,1B00,77.2100E+00,77.2371E+00,77.0012E+00,77.1494E+00,72.1811E+00,72.4078E+00,71.8450E+00,72.1446E+00,77.2099E+00,77.2371E+00,77.0012E+00,0.0000E+00,0.0000E+00,0.0000E+00,71.0782E+00,71.7113E+00,71.5171E+00,105.356E+00,105.730E+00,105.700E+00,-104.409E+00,-105.089E+00,-104.801E+00,30.283E+00,30.554E+00,30.395E+00,+99999.9E+99,+99999.9E+99,+99999.9E+99,0.517E+00,13.4328E+00,13.0235E+00,13.3997E+00,13.2853E+00,12.3907E+00,11.9782E+00,12.3307E+00,12.2332E+00,13.4318E+00,13.0235E+00,13.3979E+00,-0.1620E+00,0.0000E+00,0.2217E+00,12.3903E+00,11.3365E+00,11.4519E+00,27.2452E+00,27.3348E+00,28.5571E+00,-26.0838E+00,-26.8752E+00,-26.7424E+00,41.077E+00,44.078E+00,44.194E+00,+99999.9E+99,+99999.9E+99,+99999.9E+99,5.607E+00,0.42259E+03,0.41499E+03,0.43738E+03,1.27496E+03,0.44499E+03,0.39825E+03,0.42286E+03,1.26610E+03,0.60514E+03,0.58660E+03,0.60231E+03,1.79406E+03,0.49926E+03,0.46155E+03,0.46384E+03,1.42334E+03,-0.43315E+03,-0.41459E+03,-0.41410E+03,-1.26184E+03,-0.22638E+03,-0.23329E+03,-0.19063E+03,-0.65030E+03,-0.69833E+00,-0.70744E+00,-0.72617E+00,-0.71066E+00,-0.89130E+00,-0.86286E+00,-0.91164E+00,-0.88953E+00,0.000E+00,119.891E+00,-119.620E+00,57.254E+00,-179.839E+00,-65.552E+00,-45.707E+00,-44.973E+00,-43.434E+00,-44.712E+00,201.381E+00,202.113E+00,201.942E+00,89.942E+00,+99999.9E+99,+99999.9E+99,0.00013E+06,-0.00073E+06,0.00000E+00,14.459E+00,0.757E+03,0.00115E+06,43.587E+00,F0F08
2021/11/30,17:34:01,00000:00:26,200,38003F00,500,1F00,1F00,3F00,99.920E+00,0.000E+00,0.000E+00,110.982E+00,0.000E+00,0.000E+00,0.510E+00,0.000E+00,0.000E+00,99.919E+00,0.000E+00,0.000E+00,0.000E+00,0.000E+00,0.000E+00,100.921E+00,0.000E+00,0.000E+00,98.836E+00,0.000E+00,0.000E+00,20.731E+00,+99999.9E+99,429.280E+00,1.044E+00,+99999.9E+99,+99999.9E+99,11.8452E+00,0.00000E+00,0.00000E+00,12.1281E+00,0.00000E+00,0.00000E+00,4.5913E+00,0.00000E+00,0.00000E+00,10.9192E+00,0.00000E+00,0.00000E+00,4.5771E+00,0.00000E+00,0.00000E+00,18.2474E+00,0.0000E+00,0.0000E+00,4.0900E+00,0.0000E+00,0.0000E+00,7.642E+00,+99999.9E+99,+99999.9E+99,64.828E+00,+99999.9E+99,+99999.9E+99,1.08893E+03,0.00000E+03,0.00000E+03,0.00000E+03,0.00000E+03,0.00000E+03,1.18357E+03,0.00000E+03,0.00000E+03,0.00000E+03,0.00000E+03,0.00000E+03,0.46375E+03,0.00000E+03,0.00000E+03,0.00000E+03,0.00000E+03,0.00000E+03,0.92004E+00,0.00000E+00,0.00000E+00,0.90553E+00,0.66593E+00,0.56922E+00,0.000E+00,-23.789E+00,153.678E+00,154.894E+00,24.458E+00,-81.626E+00,23.068E+00,90.000E+00,90.000E+00,12.5937E+00,0.00000E+00,0.00000E+00,71.140E+00,100.000E+00,100.000E+00,0.31427E+03,0.00000E+03,0.00000E+03,+99999.9E+99,+99999.9E+99,+99999.9E+99,+99999.9E+99,+99999.9E+99,+99999.9E+99,+99999.9E+99,+99999.9E+99,+99999.9E+99,+99999.9E+99,+99999.9E+99,+99999.9E+99,1B00,0,0,0,1B00,76.2729E+00,76.6390E+00,76.4949E+00,76.4689E+00,72.1812E+00,72.8722E+00,72.6009E+00,72.5514E+00,76.2729E+00,76.6389E+00,76.4949E+00,0.0000E+00,0.0000E+00,0.0000E+00,71.3106E+00,71.1878E+00,71.0143E+00,105.841E+00,106.011E+00,105.697E+00,-105.119E+00,-104.807E+00,-104.013E+00,31.905E+00,31.187E+00,31.812E+00,+99999.9E+99,+99999.9E+99,+99999.9E+99,0.251E+00,8.2184E+00,8.1690E+00,8.1270E+00,8.1715E+00,7.3295E+00,7.3065E+00,7.2473E+00,7.2945E+00,8.2184E+00,8.1683E+00,8.1243E+00,0.0000E+00,-0.1089E+00,0.2099E+00,11.7399E+00,11.7670E+00,12.3744E+00,22.3652E+00,20.8929E+00,20.5133E+00,-18.6724E+00,-18.5724E+00,-19.8110E+00,45.122E+00,43.879E+00,41.937E+00,+99999.9E+99,+99999.9E+99,+99999.9E+99,3.479E+00,0.25940E+03,0.25485E+03,0.26041E+03,0.77466E+03,0.40451E+03,0.42668E+03,0.43281E+03,1.26400E+03,0.36350E+03,0.36177E+03,0.36082E+03,1.08609E+03,0.47125E+03,0.48006E+03,0.49829E+03,1.44911E+03,-0.25464E+03,-0.25677E+03,-0.24975E+03,-0.76116E+03,-0.24175E+03,-0.22000E+03,-0.24693E+03,-0.70869E+03,-0.71362E+00,-0.70446E+00,-0.72173E+00,-0.71326E+00,-0.85839E+00,-0.88881E+00,-0.86858E+00,-0.87226E+00,0.000E+00,120.220E+00,-119.982E+00,60.802E+00,177.417E+00,-60.133E+00,-44.469E+00,-45.214E+00,-43.803E+00,-44.499E+00,202.308E+00,201.695E+00,201.874E+00,94.775E+00,+99999.9E+99,+99999.9E+99,0.00004E+06,-0.00048E+06,0.00000E+00,9.274E+00,0.756E+03,0.00073E+06,43.945E+00,F0F08
2021/11/30,17:34:01,00000:00:26,250,38003F00,700,1F00,1F00,3F00,99.920E+00,0.000E+00,0.000E+00,110.982E+00,0.000E+00,0.000E+00,0.510E+00,0.000E+00,0.000E+00,99.919E+00,0.000E+00,0.000E+00,0.000E+00,0.000E+00,0.000E+00,100.921E+00,0.000E+00,0.000E+00,98.836E+00,0.000E+00,0.000E+00,74.211E+00,360.198E+00,418.835E+00,1.044E+00,+99999.9E+99,+99999.9E+99,11.8452E+00,0.00000E+00,0.00000E+00,12.1281E+00,0.00000E+00,0.00000E+00,4.5913E+00,0.00000E+00,0.00000E+00,10.9192E+00,0.00000E+00,0.00000E+00,3.8492E+00,0.00000E+00,0.00000E+00,18.2474E+00,0.0000E+00,0.0000E+00,4.0900E+00,0.0000E+00,0.0000E+00,55.828E+00,+99999.9E+99,+99999.9E+99,64.828E+00,+99999.9E+99,+99999.9E+99,1.08893E+03,0.00000E+03,0.00000E+03,0.00000E+03,0.00000E+03,0.00000E+03,1.18357E+03,0.00000E+03,0.00000E+03,0.00000E+03,0.00000E+03,0.00000E+03,0.46375E+03,0.00000E+03,0.00000E+03,0.00000E+03,0.00000E+03,0.00000E+03,0.92004E+00,0.00000E+00,0.00000E+00,0.87572E+00,0.32506E+00,0.99987E+00,0.000E+00,-167.919E+00,-177.241E+00,151.130E+00,121.050E+00,-178.149E+00,23.068E+00,90.000E+00,90.000E+00,12.5937E+00,0.00000E+00,0.00000E+00,115.981E+00,100.000E+00,100.000E+00,-0.17402E+03,0.00000E+03,0.00000E+03,+99999.9E+99,+99999.9E+99,+99999.9E+99,+99999.9E+99,+99999.9E+99,+99999.9E+99,+99999.9E+99,+99999.9E+99,+99999.9E+99,+99999.9E+99,+99999.9E+99,+99999.9E+99,1B00,0,0,0,1B00,77.0810E+00,77.1628E+00,77.1040E+00,77.1160E+00,72.1560E+00,72.5263E+00,72.2674E+00,72.3166E+00,77.0810E+00,77.1628E+00,77.1040E+00,0.0000E+00,0.0000E+00,0.0000E+00,73.0248E+00,73.2442E+00,73.1184E+00,105.724E+00,106.086E+00,105.710E+00,-104.674E+00,-105.034E+00,-104.657E+00,14.156E+00,14.496E+00,14.524E+00,+99999.9E+99,+99999.9E+99,+99999.9E+99,0.174E+00,13.4414E+00,12.9682E+00,13.1577E+00,13.1891E+00,12.2413E+00,11.7587E+00,11.8199E+00,11.9400E+00,13.4402E+00,12.9646E+00,13.1486E+00,-0.1843E+00,-0.3051E+00,0.4906E+00,5.2463E+00,4.7999E+00,4.9322E+00,27.6433E+00,27.3186E+00,28.5333E+00,-26.6638E+00,-26.9710E+00,-26.6667E+00,54.450E+00,58.326E+00,56.500E+00,+99999.9E+99,+99999.9E+99,+99999.9E+99,4.021E+00,0.42971E+03,0.40772E+03,0.42552E+03,1.26295E+03,0.18954E+03,0.17573E+03,0.18639E+03,0.55165E+03,0.60551E+03,0.58255E+03,0.59091E+03,1.77897E+03,0.21399E+03,0.20034E+03,0.20514E+03,0.61921E+03,-0.42660E+03,-0.41609E+03,-0.41001E+03,-1.25270E+03,-0.09934E+03,-0.09621E+03,-0.08569E+03,-0.28124E+03,-0.70967E+00,-0.69989E+00,-0.72011E+00,-0.70993E+00,-0.88571E+00,-0.87715E+00,-0.90858E+00,-0.89090E+00,0.000E+00,120.016E+00,-119.844E+00,57.759E+00,178.658E+00,-65.195E+00,-44.792E+00,-45.582E+00,-43.937E+00,-44.770E+00,201.200E+00,201.945E+00,201.663E+00,90.857E+00,+99999.9E+99,+99999.9E+99,0.00012E+06,-0.00074E+06,0.00000E+00,14.478E+00,0.757E+03,0.00115E+06,43.575E+00,F0F08
2021/11/30,17:34:01,00000:00:26,300,38003F00,2800,3B00,3B00,3F00,99.984E+00,0.000E+00,0.000E+00,111.053E+00,0.000E+00,0.000E+00,0.497E+00,0.000E+00,0.000E+00,99.983E+00,0.000E+00,0.000E+00,0.000E+00,0.000E+00,0.000E+00,100.943E+00,0.000E+00,0.000E+00,98.804E+00,0.000E+00,0.000E+00,74.211E+00,360.198E+00,418.835E+00,1.070E+00,+99999.9E+99,+99999.9E+99,11.5022E+00,0.00000E+00,0.00000E+00,11.7222E+00,0.00000E+00,0.00000E+00,4.5737E+00,0.00000E+00,0.00000E+00,10.5537E+00,0.00000E+00,0.00000E+00,3.8492E+00,0.00000E+00,0.00000E+00,18.3617E+00,0.0000E+00,0.0000E+00,4.0157E+00,0.0000E+00,0.0000E+00,55.828E+00,+99999.9E+99,+99999.9E+99,67.966E+00,+99999.9E+99,+99999.9E+99,1.05316E+03,0.00000E+03,0.00000E+03,0.00000E+03,0.00000E+03,0.00000E+03,1.15004E+03,0.00000E+03,0.00000E+03,0.00000E+03,0.00000E+03,0.00000E+03,0.46199E+03,0.00000E+03,0.00000E+03,0.00000E+03,0.00000E+03,0.00000E+03,0.91577E+00,0.00000E+00,0.00000E+00,0.87572E+00,0.32506E+00,0.99987E+00,0.000E+00,-167.919E+00,-177.241E+00,151.130E+00,121.050E+00,-178.149E+00,23.685E+00,90.000E+00,90.000E+00,0.00000E+00,0.00000E+00,0.00000E+00,110.037E+00,100.000E+00,100.000E+00,-0.10570E+03,0.00000E+03,0.00000E+03,+99999.9E+99,+99999.9E+99,+99999.9E+99,+99999.9E+99,+99999.9E+99,+99999.9E+99,+99999.9E+99,+99999.9E+99,+99999.9E+99,+99999.9E+99,+99999.9E+99,+99999.9E+99,1B00,0,0,0,1B00,76.9104E+00,77.1175E+00,76.9043E+00,76.9774E+00,72.1299E+00,72.5946E+00,72.1281E+00,72.2842E+00,76.9104E+00,77.1175E+00,76.9043E+00,0.0000E+00,0.0000E+00,0.0000E+00,70.1191E+00,70.5043E+00,70.4570E+00,105.386E+00,105.997E+00,105.406E+00,-104.480E+00,-105.259E+00,-104.656E+00,37.539E+00,37.529E+00,37.395E+00,+99999.9E+99,+99999.9E+99,+99999.9E+99,0.348E+00,12.5734E+00,12.2219E+00,12.5386E+00,12.4446E+00,11.1711E+00,10.9054E+00,11.1224E+00,11.0663E+00,12.5726E+00,12.2219E+00,12.5371E+00,-0.1363E+00,0.0000E+00,0.1953E+00,15.1014E+00,14.4862E+00,14.4950E+00,27.7662E+00,27.0338E+00,28.5448E+00,-26.4390E+00,-27.1895E+00,-26.5862E+00,39.175E+00,40.706E+00,40.527E+00,+99999.9E+99,+99999.9E+99,+99999.9E+99,2.945E+00,0.38423E+03,0.37932E+03,0.39531E+03,1.15887E+03,0.53837E+03,0.50673E+03,0.52685E+03,1.57195E+03,0.56355E+03,0.54823E+03,0.56277E+03,1.67456E+03,0.61057E+03,0.58368E+03,0.58921E+03,1.78302E+03,-0.41226E+03,-0.39582E+03,-0.40055E+03,-1.20863E+03,-0.28803E+03,-0.28967E+03,-0.26381E+03,-0.84151E+03,-0.68181E+00,-0.69189E+00,-0.70244E+00,-0.69204E+00,-0.88174E+00,-0.86816E+00,-0.89417E+00,-0.88162E+00,0.000E+00,119.863E+00,-119.794E+00,58.330E+00,179.593E+00,-63.356E+00,-47.015E+00,-46.220E+00,-45.377E+00,-46.208E+00,202.191E+00,201.589E+00,201.856E+00,90.217E+00,+99999.9E+99,+99999.9E+99,0.00011E+06,-0.00067E+06,0.00000E+00,13.184E+00,0.757E+03,0.00105E+06,43.822E+00,F0F08
2021/11/30,17:34:01,00000:00:26,350,38003F00,2D00,3F00,3F00,3F00,99.984E+00,0.000E+00,0.000E+00,111.053E+00,0.000E+00,0.000E+00,0.497E+00,0.000E+00,0.000E+00,99.983E+00,0.000E+00,0.000E+00,0.000E+00,0.000E+00,0.000E+00,100.943E+00,0.000E+00,0.000E+00,98.804E+00,0.000E+00,0.000E+00,36.471E+00,+99999.9E+99,302.062E+00,1.070E+00,+99999.9E+99,+99999.9E+99,11.5022E+00,0.00000E+00,0.00000E+00,11.7222E+00,0.00000E+00,0.00000E+00,4.5737E+00,0.00000E+00,0.00000E+00,10.5537E+00,0.00000E+00,0.00000E+00,4.2482E+00,0.00000E+00,0.00000E+00,18.3617E+00,0.0000E+00,0.0000E+00,4.0157E+00,0.0000E+00,0.0000E+00,40.288E+00,+99999.9E+99,+99999.9E+99,67.966E+00,+99999.9E+99,+99999.9E+99,1.05316E+03,0.00000E+03,0.00000E+03,0.00000E+03,0.00000E+03,0.00000E+03,1.15004E+03,0.00000E+03,0.00000E+03,0.00000E+03,0.00000E+03,0.00000E+03,0.46199E+03,0.00000E+03,0.00000E+03,0.00000E+03,0.00000E+03,0.00000E+03,0.91577E+00,0.00000E+00,0.00000E+00,0.93473E+00,0.65873E+00,0.46353E+00,0.000E+00,132.623E+00,150.622E+00,159.184E+00,83.826E+00,-146.994E+00,23.685E+00,90.000E+00,90.000E+00,0.00000E+00,0.00000E+00,0.00000E+00,69.208E+00,100.000E+00,100.000E+00,0.32429E+03,0.00000E+03,0.00000E+03,+99999.9E+99,+99999.9E+99,+99999.9E+99,+99999.9E+99,+99999.9E+99,+99999.9E+99,+99999.9E+99,+99999.9E+99,+99999.9E+99,+99999.9E+99,+99999.9E+99,+99999.9E+99,1B00,0,0,0,1B00,76.2478E+00,76.6806E+00,76.5122E+00,76.4802E+00,72.0033E+00,72.7899E+00,72.5018E+00,72.4317E+00,76.2477E+00,76.6806E+00,76.5122E+00,0.0000E+00,0.0000E+00,0.0000E+00,72.4868E+00,72.2692E+00,72.2578E+00,105.859E+00,106.044E+00,105.717E+00,-104.236E+00,-105.210E+00,-104.076E+00,22.477E+00,21.538E+00,22.113E+00,+99999.9E+99,+99999.9E+99,+99999.9E+99,0.203E+00,8.0271E+00,7.9632E+00,7.8910E+00,7.9604E+00,7.0644E+00,7.0204E+00,6.9473E+00,7.0107E+00,8.0263E+00,7.9617E+00,7.8864E+00,-0.1131E+00,-0.1544E+00,0.2684E+00,7.6791E+00,8.1091E+00,8.3036E+00,22.2519E+00,20.6919E+00,20.4600E+00,-18.6295E+00,-19.1867E+00,-19.6733E+00,52.748E+00,48.518E+00,47.429E+00,+99999.9E+99,+99999.9E+99,+99999.9E+99,4.657E+00,0.24492E+03,0.23911E+03,0.24485E+03,0.72887E+03,0.27155E+03,0.29311E+03,0.29527E+03,0.85993E+03,0.35464E+03,0.35246E+03,0.35028E+03,1.05738E+03,0.31508E+03,0.32607E+03,0.34024E+03,0.98081E+03,-0.25649E+03,-0.25895E+03,-0.25048E+03,-0.76593E+03,-0.15980E+03,-0.14286E+03,-0.16906E+03,-0.47172E+03,-0.69060E+00,-0.67839E+00,-0.69902E+00,-0.68932E+00,-0.86184E+00,-0.89891E+00,-0.86782E+00,-0.87675E+00,0.000E+00,120.104E+00,-120.096E+00,60.377E+00,176.085E+00,-60.200E+00,-46.322E+00,-47.282E+00,-45.652E+00,-46.424E+00,201.789E+00,202.061E+00,202.196E+00,95.485E+00,+99999.9E+99,+99999.9E+99,0.00003E+06,-0.00046E+06,0.00000E+00,8.788E+00,0.756E+03,0.00070E+06,43.781E+00,F0F08
2021/11/30,17:34:01,00000:00:26,400,38003800,2800,3800,3800,3800,99.822E+00,0.000E+00,0.000E+00,110.873E+00,0.000E+00,0.000E+00,0.533E+00,0.000E+00,0.000E+00,99.821E+00,0.000E+00,0.000E+00,0.000E+00,0.000E+00,0.000E+00,101.057E+00,0.000E+00,0.000E+00,98.814E+00,0.000E+00,0.000E+00,36.471E+00,+99999.9E+99,302.062E+00,1.123E+00,+99999.9E+99,+99999.9E+99,12.2565E+00,0.00000E+00,0.00000E+00,12.5806E+00,0.00000E+00,0.00000E+00,4.6832E+00,0.00000E+00,0.00000E+00,11.3265E+00,0.00000E+00,0.00000E+00,4.2482E+00,0.00000E+00,0.00000E+00,18.2619E+00,0.0000E+00,0.0000E+00,3.3229E+00,0.0000E+00,0.0000E+00,40.288E+00,+99999.9E+99,+99999.9E+99,65.947E+00,+99999.9E+99,+99999.9E+99,1.12838E+03,0.00000E+03,0.00000E+03,0.00000E+03,0.00000E+03,0.00000E+03,1.22347E+03,0.00000E+03,0.00000E+03,0.00000E+03,0.00000E+03,0.00000E+03,-0.47292E+03,0.00000E+03,0.00000E+03,0.00000E+03,0.00000E+03,0.00000E+03,-0.92227E+00,0.00000E+00,0.00000E+00,0.93473E+00,0.65873E+00,0.46353E+00,0.000E+00,132.623E+00,150.622E+00,159.184E+00,83.826E+00,-146.994E+00,-22.739E+00,90.000E+00,90.000E+00,9.33527E+00,0.00000E+00,0.00000E+00,109.828E+00,100.000E+00,100.000E+00,-0.11090E+03,0.00000E+03,0.00000E+03,+99999.9E+99,+99999.9E+99,+99999.9E+99,+99999.9E+99,+99999.9E+99,+99999.9E+99,+99999.9E+99,+99999.9E+99,+99999.9E+99,+99999.9E+99,+99999.9E+99,+99999.9E+99,1B00,0,0,0,1B00,77.0563E+00,77.1849E+00,77.0913E+00,77.1108E+00,72.0764E+00,72.4985E+00,72.2036E+00,72.2595E+00,77.0563E+00,77.1849E+00,77.0913E+00,0.0000E+00,0.0000E+00,0.0000E+00,72.7005E+00,73.1334E+00,73.0098E+00,105.750E+00,106.070E+00,105.727E+00,-104.494E+00,-105.161E+00,-104.539E+00,16.132E+00,16.149E+00,16.589E+00,+99999.9E+99,+99999.9E+99,+99999.9E+99,0.360E+00,13.3107E+00,12.8521E+00,13.0526E+00,13.0718E+00,12.0761E+00,11.6151E+00,11.6774E+00,11.7896E+00,13.3096E+00,12.8486E+00,13.0442E+00,-0.1698E+00,-0.2986E+00,0.4695E+00,6.2936E+00,5.5667E+00,5.4287E+00,27.6295E+00,27.1348E+00,28.6567E+00,-26.5686E+00,-26.7724E+00,-26.7886E+00,50.808E+00,55.993E+00,57.538E+00,+99999.9E+99,+99999.9E+99,+99999.9E+99,7.784E+00,0.42112E+03,0.40033E+03,0.41782E+03,1.23928E+03,0.22061E+03,0.18904E+03,0.20573E+03,0.61537E+03,0.59898E+03,0.57716E+03,0.58615E+03,1.76229E+03,0.24937E+03,0.22285E+03,0.22468E+03,0.69574E+03,-0.42594E+03,-0.41575E+03,-0.41109E+03,-1.25279E+03,-0.11626E+03,-0.11802E+03,-0.09032E+03,-0.32461E+03,-0.70307E+00,-0.69362E+00,-0.71282E+00,-0.70322E+00,-0.88467E+00,-0.84825E+00,-0.91564E+00,-0.88449E+00,0.000E+00,119.915E+00,-119.743E+00,57.988E+00,-178.165E+00,-66.180E+00,-45.326E+00,-46.083E+00,-44.535E+00,-45.314E+00,201.700E+00,201.317E+00,201.000E+00,91.114E+00,+99999.9E+99,+99999.9E+99,0.00011E+06,-0.00073E+06,0.00000E+00,14.249E+00,0.757E+03,0.00113E+06,43.725E+00,F0F08
2021/11/30,17:34:01,00000:00:26,450,38003F00,0,1B00,1B00,3F00,99.931E+00,0.000E+00,0.000E+00,110.994E+00,0.000E+00,0.000E+00,0.514E+00,0.000E+00,0.000E+00,99.929E+00,0.000E+00,0.000E+00,0.000E+00,0.000E+00,0.000E+00,100.918E+00,0.000E+00,0.000E+00,98.807E+00,0.000E+00,0.000E+00,96.539E+00,+99999.9E+99,340.746E+00,1.056E+00,+99999.9E+99,+99999.9E+99,11.7521E+00,0.00000E+00,0.00000E+00,12.0018E+00,0.00000E+00,0.00000E+00,4.6211E+00,0.00000E+00,0.00000E+00,10.8054E+00,0.00000E+00,0.00000E+00,3.2846E+00,0.00000E+00,0.00000E+00,18.2700E+00,0.0000E+00,0.0000E+00,4.1495E+00,0.0000E+00,0.0000E+00,96.325E+00,+99999.9E+99,+99999.9E+99,65.340E+00,+99999.9E+99,+99999.9E+99,1.07765E+03,0.00000E+03,0.00000E+03,0.00000E+03,0.00000E+03,0.00000E+03,1.17439E+03,0.00000E+03,0.00000E+03,0.00000E+03,0.00000E+03,0.00000E+03,0.46677E+03,0.00000E+03,0.00000E+03,0.00000E+03,0.00000E+03,0.00000E+03,0.91762E+00,0.00000E+00,0.00000E+00,0.84145E+00,0.36905E+00,0.71928E+00,0.000E+00,39.065E+00,128.462E+00,147.294E+00,-29.278E+00,84.458E+00,23.419E+00,90.000E+00,90.000E+00,12.6083E+00,0.00000E+00,0.00000E+00,102.012E+00,100.000E+00,100.000E+00,-0.02169E+03,0.00000E+03,0.00000E+03,+99999.9E+99,+99999.9E+99,+99999.9E+99,+99999.9E+99,+99999.9E+99,+99999.9E+99,+99999.9E+99,+99999.9E+99,+99999.9E+99,+99999.9E+99,+99999.9E+99,+99999.9E+99,1B00,0,0,0,1B00,76.7431E+00,77.0774E+00,76.8112E+00,76.8772E+00,72.0274E+00,72.6445E+00,72.1636E+00,72.2785E+00,76.7431E+00,77.0774E+00,76.8112E+00,0.0000E+00,0.0000E+00,0.0000E+00,70.0127E+00,70.2443E+00,70.1552E+00,105.414E+00,105.917E+00,105.504E+00,-104.289E+00,-104.866E+00,-104.533E+00,39.060E+00,38.826E+00,38.884E+00,+99999.9E+99,+99999.9E+99,+99999.9E+99,0.198E+00,12.0000E+00,11.8486E+00,12.1300E+00,11.9929E+00,10.5106E+00,10.4463E+00,10.6333E+00,10.5301E+00,11.9994E+00,11.8486E+00,12.1300E+00,-0.1186E+00,0.0000E+00,0.0000E+00,15.4010E+00,14.9820E+00,15.1861E+00,27.7171E+00,27.1152E+00,28.7052E+00,-26.0176E+00,-27.0890E+00,-26.8524E+00,39.418E+00,40.426E+00,39.451E+00,+99999.9E+99,+99999.9E+99,+99999.9E+99,1.685E+00,0.36050E+03,0.36331E+03,0.37552E+03,1.09933E+03,0.54357E+03,0.52732E+03,0.54433E+03,1.61523E+03,0.53594E+03,0.53073E+03,0.54401E+03,1.61068E+03,0.62156E+03,0.60437E+03,0.61436E+03,1.84014E+03,-0.39658E+03,-0.38688E+03,-0.39361E+03,-1.17707E+03,-0.30143E+03,-0.29527E+03,-0.28486E+03,-0.88157E+03,-0.67265E+00,-0.68455E+00,-0.69028E+00,-0.68253E+00,-0.87453E+00,-0.87253E+00,-0.88601E+00,-0.87777E+00,0.000E+00,119.968E+00,-119.849E+00,59.121E+00,179.175E+00,-62.296E+00,-47.728E+00,-46.800E+00,-46.348E+00,-46.959E+00,201.766E+00,202.183E+00,202.028E+00,90.217E+00,+99999.9E+99,+99999.9E+99,0.00011E+06,-0.00063E+06,0.00000E+00,12.516E+00,0.757E+03,0.00099E+06,43.744E+00,F0F0F
2021/11/30,17:34:01,00000:00:26,500,38003F00,700,1F00,1F00,3F00,99.931E+00,0.000E+00,0.000E+00,110.994E+00,0.000E+00,0.000E+00,0.514E+00,0.000E+00,0.000E+00,99.929E+00,0.000E+00,0.000E+00,0.000E+00,0.000E+00,0.000E+00,100.918E+00,0.000E+00,0.000E+00,98.807E+00,0.000E+00,0.000E+00,96.539E+00,+99999.9E+99,340.746E+00,1.056E+00,+99999.9E+99,+99999.9E+99,11.7521E+00,0.00000E+00,0.00000E+00,12.0018E+00,0.00000E+00,0.00000E+00,4.6211E+00,0.00000E+00,0.00000E+00,10.8054E+00,0.00000E+00,0.00000E+00,3.2846E+00,0.00000E+00,0.00000E+00,18.2700E+00,0.0000E+00,0.0000E+00,4.1495E+00,0.0000E+00,0.0000E+00,96.325E+00,+99999.9E+99,+99999.9E+99,65.340E+00,+99999.9E+99,+99999.9E+99,1.07765E+03,0.00000E+03,0.00000E+03,0.00000E+03,0.00000E+03,0.00000E+03,1.17439E+03,0.00000E+03,0.00000E+03,0.00000E+03,0.00000E+03,0.00000E+03,0.46677E+03,0.00000E+03,0.00000E+03,0.00000E+03,0.00000E+03,0.00000E+03,0.91762E+00,0.00000E+00,0.00000E+00,0.84145E+00,0.36905E+00,0.71928E+00,0.000E+00,39.065E+00,128.462E+00,147.294E+00,-29.278E+00,84.458E+00,23.419E+00,90.000E+00,90.000E+00,12.6083E+00,0.00000E+00,0.00000E+00,80.201E+00,100.000E+00,100.000E+00,0.21336E+03,0.00000E+03,0.00000E+03,+99999.9E+99,+99999.9E+99,+99999.9E+99,+99999.9E+99,+99999.9E+99,+99999.9E+99,+99999.9E+99,+99999.9E+99,+99999.9E+99,+99999.9E+99,+99999.9E+99,+99999.9E+99,1B00,0,0,0,1B00,76.5284E+00,76.6294E+00,76.5485E+00,76.5688E+00,72.4215E+00,72.7952E+00,72.5042E+00,72.5736E+00,76.5284E+00,76.6294E+00,76.5485E+00,0.0000E+00,0.0000E+00,0.0000E+00,72.8343E+00,72.6630E+00,72.5910E+00,105.789E+00,106.040E+00,105.659E+00,-104.541E+00,-104.616E+00,-104.231E+00,18.484E+00,18.068E+00,18.170E+00,+99999.9E+99,+99999.9E+99,+99999.9E+99,0.199E+00,9.5977E+00,9.0912E+00,9.2406E+00,9.3098E+00,8.3149E+00,7.8953E+00,7.9423E+00,8.0509E+00,9.5964E+00,9.0883E+00,9.2325E+00,-0.1557E+00,-0.2303E+00,0.3871E+00,6.1844E+00,6.4822E+00,6.8790E+00,26.1686E+00,24.1814E+00,24.9000E+00,-26.4629E+00,-25.1048E+00,-22.4986E+00,56.468E+00,52.395E+00,49.707E+00,+99999.9E+99,+99999.9E+99,+99999.9E+99,4.804E+00,0.29542E+03,0.27714E+03,0.29172E+03,0.86428E+03,0.22217E+03,0.23886E+03,0.24315E+03,0.70417E+03,0.42673E+03,0.40327E+03,0.40995E+03,1.23995E+03,0.25723E+03,0.26454E+03,0.27815E+03,0.79942E+03,-0.30793E+03,-0.29295E+03,-0.28802E+03,-0.88890E+03,-0.12964E+03,-0.11371E+03,-0.13509E+03,-0.37844E+03,-0.69230E+00,-0.68723E+00,-0.71161E+00,-0.69703E+00,-0.86370E+00,-0.90291E+00,-0.87415E+00,-0.88085E+00,0.000E+00,120.138E+00,-120.051E+00,60.185E+00,175.565E+00,-60.885E+00,-46.188E+00,-46.589E+00,-44.634E+00,-45.811E+00,201.929E+00,201.331E+00,202.056E+00,94.569E+00,+99999.9E+99,+99999.9E+99,0.00005E+06,-0.00054E+06,0.00000E+00,10.324E+00,0.756E+03,0.00082E+06,43.843E+00,F0F0F
2021/11/30,17:34:01,00000:00:26,550,38003F00,500,1F00,1F00,3F00,99.931E+00,0.000E+00,0.000E+00,110.994E+00,0.000E+00,0.000E+00,0.514E+00,0.000E+00,0.000E+00,99.929E+00,0.000E+00,0.000E+00,0.000E+00,0.000E+00,0.000E+00,100.918E+00,0.000E+00,0.000E+00,98.807E+00,0.000E+00,0.000E+00,19.496E+00,+99999.9E+99,423.465E+00,1.056E+00,+99999.9E+99,+99999.9E+99,11.7521E+00,0.00000E+00,0.00000E+00,12.0018E+00,0.00000E+00,0.00000E+00,4.6211E+00,0.00000E+00,0.00000E+00,10.8054E+00,0.00000E+00,0.00000E+00,4.7400E+00,0.00000E+00,0.00000E+00,18.2700E+00,0.0000E+00,0.0000E+00,4.1495E+00,0.0000E+00,0.0000E+00,9.096E+00,+99999.9E+99,+99999.9E+99,65.340E+00,+99999.9E+99,+99999.9E+99,1.07765E+03,0.00000E+03,0.00000E+03,0.00000E+03,0.00000E+03,0.00000E+03,1.17439E+03,0.00000E+03,0.00000E+03,0.00000E+03,0.00000E+03,0.00000E+03,0.46677E+03,0.00000E+03,0.00000E+03,0.00000E+03,0.00000E+03,0.00000E+03,0.91762E+00,0.00000E+00,0.00000E+00,0.91867E+00,0.75156E+00,0.97127E+00,0.000E+00,-144.084E+00,178.224E+00,156.733E+00,174.642E+00,11.992E+00,23.419E+00,90.000E+00,90.000E+00,12.6083E+00,0.00000E+00,0.00000E+00,124.102E+00,100.000E+00,100.000E+00,-0.25973E+03,0.00000E+03,0.00000E+03,+99999.9E+99,+99999.9E+99,+99999.9E+99,+99999.9E+99,+99999.9E+99,+99999.9E+99,+99999.9E+99,+99999.9E+99,+99999.9E+99,+99999.9E+99,+99999.9E+99,+99999.9E+99,1B00,0,0,0,1B00,76.9968E+00,77.4740E+00,77.3097E+00,77.2602E+00,71.6501E+00,72.5371E+00,72.2424E+00,72.1432E+00,76.9968E+00,77.4740E+00,77.3097E+00,0.0000E+00,0.0000E+00,0.0000E+00,71.7333E+00,72.2691E+00,72.0681E+00,105.601E+00,106.184E+00,105.600E+00,-104.180E+00,-104.756E+00,-104.606E+00,25.221E+00,25.697E+00,25.567E+00,+99999.9E+99,+99999.9E+99,+99999.9E+99,0.428E+00,13.8665E+00,13.5595E+00,13.6832E+00,13.7031E+00,12.9283E+00,12.7533E+00,12.6904E+00,12.7907E+00,13.8652E+00,13.5578E+00,13.6774E+00,-0.1834E+00,-0.2153E+00,0.3999E+00,10.1807E+00,9.3628E+00,9.4896E+00,27.6648E+00,27.2290E+00,28.7343E+00,-26.5457E+00,-27.1805E+00,-26.8148E+00,43.853E+00,46.534E+00,47.096E+00,+99999.9E+99,+99999.9E+99,+99999.9E+99,6.476E+00,0.45002E+03,0.43876E+03,0.44859E+03,1.33738E+03,0.37212E+03,0.32794E+03,0.35111E+03,1.05117E+03,0.62416E+03,0.61106E+03,0.61869E+03,1.85392E+03,0.41520E+03,0.37834E+03,0.38131E+03,1.17345E+03,-0.43250E+03,-0.42530E+03,-0.42608E+03,-1.28389E+03,-0.18418E+03,-0.18867E+03,-0.14872E+03,-0.52157E+03,-0.72100E+00,-0.71804E+00,-0.72506E+00,-0.72138E+00,-0.89623E+00,-0.86679E+00,-0.92081E+00,-0.89579E+00,0.000E+00,119.932E+00,-119.671E+00,56.576E+00,179.756E+00,-66.870E+00,-43.863E+00,-44.107E+00,-43.526E+00,-43.831E+00,201.351E+00,202.209E+00,201.128E+00,90.358E+00,+99999.9E+99,+99999.9E+99,0.00013E+06,-0.00077E+06,0.00000E+00,15.237E+00,0.757E+03,0.00121E+06,43.582E+00,F0F08
2021/11/30,17:34:01,00000:00:26,600,38003D00,500,1C00,1C00,3800,99.931E+00,0.000E+00,0.000E+00,110.994E+00,0.000E+00,0.000E+00,0.514E+00,0.000E+00,0.000E+00,99.929E+00,0.000E+00,0.000E+00,0.000E+00,0.000E+00,0.000E+00,100.918E+00,0.000E+00,0.000E+00,98.807E+00,0.000E+00,0.000E+00,19.496E+00,+99999.9E+99,423.465E+00,1.056E+00,+99999.9E+99,+99999.9E+99,11.7521E+00,0.00000E+00,0.00000E+00,12.0018E+00,0.00000E+00,0.00000E+00,4.6211E+00,0.00000E+00,0.00000E+00,10.8054E+00,0.00000E+00,0.00000E+00,4.7400E+00,0.00000E+00,0.00000E+00,18.2700E+00,0.0000E+00,0.0000E+00,4.1495E+00,0.0000E+00,0.0000E+00,9.096E+00,+99999.9E+99,+99999.9E+99,65.340E+00,+99999.9E+99,+99999.9E+99,1.07765E+03,0.00000E+03,0.00000E+03,0.00000E+03,0.00000E+03,0.00000E+03,1.17439E+03,0.00000E+03,0.00000E+03,0.00000E+03,0.00000E+03,0.00000E+03,0.46677E+03,0.00000E+03,0.00000E+03,0.00000E+03,0.00000E+03,0.00000E+03,0.91762E+00,0.00000E+00,0.00000E+00,0.91867E+00,0.75156E+00,0.97127E+00,0.000E+00,-144.084E+00,178.224E+00,156.733E+00,174.642E+00,11.992E+00,23.419E+00,90.000E+00,90.000E+00,12.6083E+00,0.00000E+00,0.00000E+00,81.640E+00,100.000E+00,100.000E+00,0.19786E+03,0.00000E+03,0.00000E+03,+99999.9E+99,+99999.9E+99,+99999.9E+99,+99999.9E+99,+99999.9E+99,+99999.9E+99,+99999.9E+99,+99999.9E+99,+99999.9E+99,+99999.9E+99,+99999.9E+99,+99999.9E+99,1B00,0,0,0,1B00,76.6998E+00,76.6760E+00,76.3814E+00,76.5857E+00,72.5689E+00,72.7063E+00,72.0418E+00,72.4390E+00,76.6998E+00,76.6760E+00,76.3814E+00,0.0000E+00,0.0000E+00,0.0000E+00,70.7296E+00,70.6385E+00,70.4819E+00,105.701E+00,105.934E+00,105.857E+00,-104.697E+00,-105.056E+00,-104.136E+00,35.867E+00,35.349E+00,35.797E+00,+99999.9E+99,+99999.9E+99,+99999.9E+99,0.206E+00,9.7778E+00,9.3634E+00,9.9809E+00,9.7074E+00,8.4711E+00,8.1205E+00,8.5289E+00,8.3735E+00,9.7770E+00,9.3634E+00,9.9809E+00,-0.1215E+00,0.0000E+00,0.0000E+00,13.4553E+00,13.5027E+00,14.0580E+00,26.3405E+00,24.9309E+00,27.2257E+00,-25.6348E+00,-23.3705E+00,-26.7214E+00,42.782E+00,42.040E+00,40.148E+00,+99999.9E+99,+99999.9E+99,+99999.9E+99,2.523E+00,0.28764E+03,0.28610E+03,0.30605E+03,0.87979E+03,0.46907E+03,0.48434E+03,0.49325E+03,1.44666E+03,0.43491E+03,0.41686E+03,0.44297E+03,1.29473E+03,0.54431E+03,0.54751E+03,0.56521E+03,1.65674E+03,-0.32621E+03,-0.30318E+03,-0.32023E+03,-0.94962E+03,-0.27613E+03,-0.25531E+03,-0.27599E+03,-0.80743E+03,-0.66137E+00,-0.68632E+00,-0.69092E+00,-0.67951E+00,-0.86176E+00,-0.88462E+00,-0.87268E+00,-0.87320E+00,0.000E+00,120.182E+00,-119.982E+00,60.435E+00,177.910E+00,-60.637E+00,-48.595E+00,-46.660E+00,-46.297E+00,-47.194E+00,202.302E+00,201.601E+00,202.447E+00,91.485E+00,+99999.9E+99,+99999.9E+99,0.00007E+06,-0.00052E+06,0.00000E+00,10.162E+00,0.756E+03,0.00080E+06,43.922E+00,F0F08
2021/11/30,17:34:01,00000:00:26,650,38003F00,700,1F00,1F00,3F00,99.931E+00,0.000E+00,0.000E+00,110.994E+00,0.000E+00,0.000E+00,0.514E+00,0.000E+00,0.000E+00,99.929E+00,0.000E+00,0.000E+00,0.000E+00,0.000E+00,0.000E+00,100.918E+00,0.000E+00,0.000E+00,98.807E+00,0.000E+00,0.000E+00,74.932E+00,373.365E+00,+99999.9E+99,1.056E+00,+99999.9E+99,+99999.9E+99,11.7521E+00,0.00000E+00,0.00000E+00,12.0018E+00,0.00000E+00,0.00000E+00,4.6211E+00,0.00000E+00,0.00000E+00,10.8054E+00,0.00000E+00,0.00000E+00,3.9181E+00,0.00000E+00,0.00000E+00,18.2700E+00,0.0000E+00,0.0000E+00,4.1495E+00,0.0000E+00,0.0000E+00,54.933E+00,+99999.9E+99,+99999.9E+99,65.340E+00,+99999.9E+99,+99999.9E+99,1.07765E+03,0.00000E+03,0.00000E+03,0.00000E+03,0.00000E+03,0.00000E+03,1.17439E+03,0.00000E+03,0.00000E+03,0.00000E+03,0.00000E+03,0.00000E+03,0.46677E+03,0.00000E+03,0.00000E+03,0.00000E+03,0.00000E+03,0.00000E+03,0.91762E+00,0.00000E+00,0.00000E+00,0.87213E+00,0.19245E+00,0.73273E+00,0.000E+00,-167.607E+00,91.432E+00,150.707E+00,91.297E+00,-131.453E+00,23.419E+00,90.000E+00,90.000E+00,12.6083E+00,0.00000E+00,0.00000E+00,97.542E+00,100.000E+00,100.000E+00,0.02649E+03,0.00000E+03,0.00000E+03,+99999.9E+99,+99999.9E+99,+99999.9E+99,+99999.9E+99,+99999.9E+99,+99999.9E+99,+99999.9E+99,+99999.9E+99,+99999.9E+99,+99999.9E+99,+99999.9E+99,+99999.9E+99,1B00,0,0,0,1B00,76.5274E+00,77.0125E+00,77.0194E+00,76.8531E+00,71.8690E+00,72.7979E+00,72.7932E+00,72.4867E+00,76.5274E+00,77.0125E+00,77.0194E+00,0.0000E+00,0.0000E+00,0.0000E+00,73.1001E+00,73.1965E+00,73.0984E+00,105.886E+00,106.083E+00,105.781E+00,-104.934E+00,-104.771E+00,-104.941E+00,14.082E+00,13.980E+00,14.240E+00,+99999.9E+99,+99999.9E+99,+99999.9E+99,0.086E+00,11.7016E+00,11.4569E+00,11.2509E+00,11.4698E+00,10.0978E+00,9.9515E+00,9.6532E+00,9.9008E+00,11.7003E+00,11.4506E+00,11.2372E+00,-0.1740E+00,-0.3812E+00,0.5564E+00,4.8791E+00,4.6397E+00,4.8591E+00,27.5881E+00,27.2805E+00,28.5881E+00,-26.6152E+00,-26.8567E+00,-26.0124E+00,57.974E+00,59.283E+00,56.140E+00,+99999.9E+99,+99999.9E+99,+99999.9E+99,2.427E+00,0.36183E+03,0.34233E+03,0.34699E+03,1.05115E+03,0.17608E+03,0.17229E+03,0.18080E+03,0.52917E+03,0.52242E+03,0.51080E+03,0.50412E+03,1.53733E+03,0.20141E+03,0.19467E+03,0.20226E+03,0.59824E+03,-0.37683E+03,-0.37912E+03,-0.36569E+03,-1.12163E+03,-0.09779E+03,-0.09061E+03,-0.09067E+03,-0.27907E+03,-0.69261E+00,-0.67018E+00,-0.68832E+00,-0.68375E+00,-0.87423E+00,-0.88506E+00,-0.89390E+00,-0.88453E+00,0.000E+00,120.043E+00,-119.917E+00,59.086E+00,177.742E+00,-63.282E+00,-46.163E+00,-47.919E+00,-46.502E+00,-46.863E+00,201.237E+00,201.994E+00,201.390E+00,92.862E+00,+99999.9E+99,+99999.9E+99,0.00008E+06,-0.00063E+06,0.00000E+00,12.320E+00,0.757E+03,0.00098E+06,43.605E+00,F0F08
2021/11/30,17:34:01,00000:00:26,700,38003F00,2800,3B00,3B00,3F00,99.984E+00,0.000E+00,0.000E+00,111.053E+00,0.000E+00,0.000E+00,0.500E+00,0.000E+00,0.000E+00,99.982E+00,0.000E+00,0.000E+00,0.000E+00,0.000E+00,0.000E+00,100.929E+00,0.000E+00,0.000E+00,98.789E+00,0.000E+00,0.000E+00,74.932E+00,373.365E+00,+99999.9E+99,1.070E+00,+99999.9E+99,+99999.9E+99,11.5327E+00,0.00000E+00,0.00000E+00,11.7354E+00,0.00000E+00,0.00000E+00,4.6230E+00,0.00000E+00,0.00000E+00,10.5656E+00,0.00000E+00,0.00000E+00,3.9181E+00,0.00000E+00,0.00000E+00,18.3481E+00,0.0000E+00,0.0000E+00,4.1236E+00,0.0000E+00,0.0000E+00,54.933E+00,+99999.9E+99,+99999.9E+99,67.315E+00,+99999.9E+99,+99999.9E+99,1.05430E+03,0.00000E+03,0.00000E+03,0.00000E+03,0.00000E+03,0.00000E+03,1.15308E+03,0.00000E+03,0.00000E+03,0.00000E+03,0.00000E+03,0.00000E+03,0.46696E+03,0.00000E+03,0.00000E+03,0.00000E+03,0.00000E+03,0.00000E+03,0.91433E+00,0.00000E+00,0.00000E+00,0.87213E+00,0.19245E+00,0.73273E+00,0.000E+00,-167.607E+00,91.432E+00,150.707E+00,91.297E+00,-131.453E+00,23.889E+00,90.000E+00,90.000E+00,0.00000E+00,0.00000E+00,0.00000E+00,122.812E+00,100.000E+00,100.000E+00,-0.24050E+03,0.00000E+03,0.00000E+03,+99999.9E+99,+99999.9E+99,+99999.9E+99,+99999.9E+99,+99999.9E+99,+99999.9E+99,+99999.9E+99,+99999.9E+99,+99999.9E+99,+99999.9E+99,+99999.9E+99,+99999.9E+99,1B00,0,0,0,1B00,77.2213E+00,77.2329E+00,77.0062E+00,77.1535E+00,72.2441E+00,72.4336E+00,71.8800E+00,72.1859E+00,77.2213E+00,77.2329E+00,77.0062E+00,0.0000E+00,0.0000E+00,0.0000E+00,70.4715E+00,71.0658E+00,70.9557E+00,105.271E+00,105.743E+00,105.664E+00,-104.130E+00,-104.914E+00,-104.321E+00,34.582E+00,34.601E+00,34.589E+00,+99999.9E+99,+99999.9E+99,+99999.9E+99,0.516E+00,13.5950E+00,13.1762E+00,13.5667E+00,13.4460E+00,12.5160E+00,12.1036E+00,12.4705E+00,12.3634E+00,13.5941E+00,13.1762E+00,13.5652E+00,-0.1514E+00,0.0000E+00,0.1994E+00,14.0787E+00,13.1346E+00,13.1161E+00,27.7062E+00,27.1071E+00,28.5619E+00,-26.3986E+00,-27.2148E+00,-26.6200E+00,39.623E+00,41.972E+00,42.210E+00,+99999.9E+99,+99999.9E+99,+99999.9E+99,4.527E+00,0.42885E+03,0.42160E+03,0.44435E+03,1.29480E+03,0.50285E+03,0.45867E+03,0.48424E+03,1.44576E+03,0.61262E+03,0.59372E+03,0.61024E+03,1.81659E+03,0.56725E+03,0.53111E+03,0.53585E+03,1.63322E+03,-0.43749E+03,-0.41803E+03,-0.41827E+03,-1.27380E+03,-0.26252E+03,-0.26776E+03,-0.22945E+03,-0.75973E+03,-0.70002E+00,-0.71011E+00,-0.72815E+00,-0.71277E+00,-0.88647E+00,-0.86362E+00,-0.90368E+00,-0.88522E+00,0.000E+00,119.829E+00,-119.668E+00,57.847E+00,-179.950E+00,-64.538E+00,-45.571E+00,-44.756E+00,-43.268E+00,-44.540E+00,202.193E+00,201.570E+00,201.958E+00,89.554E+00,+99999.9E+99,+99999.9E+99,0.00014E+06,-0.00074E+06,0.00000E+00,14.615E+00,0.758E+03,0.00116E+06,43.793E+00,F0F08
2021/11/30,17:34:01,00000:00:26,750,38003F00,2D00,3F00,3F00,3F00,99.984E+00,0.000E+00,0.000E+00,111.053E+00,0.000E+00,0.000E+00,0.500E+00,0.000E+00,0.000E+00,99.982E+00,0.000E+00,0.000E+00,0.000E+00,0.000E+00,0.000E+00,100.929E+00,0.000E+00,0.000E+00,98.789E+00,0.000E+00,0.000E+00,34.453E+00,+99999.9E+99,+99999.9E+99,1.070E+00,+99999.9E+99,+99999.9E+99,11.5327E+00,0.00000E+00,0.00000E+00,11.7354E+00,0.00000E+00,0.00000E+00,4.6230E+00,0.00000E+00,0.00000E+00,10.5656E+00,0.00000E+00,0.00000E+00,4.3042E+00,0.00000E+00,0.00000E+00,18.3481E+00,0.0000E+00,0.0000E+00,4.1236E+00,0.0000E+00,0.0000E+00,37.138E+00,+99999.9E+99,+99999.9E+99,67.315E+00,+99999.9E+99,+99999.9E+99,1.05430E+03,0.00000E+03,0.00000E+03,0.00000E+03,0.00000E+03,0.00000E+03,1.15308E+03,0.00000E+03,0.00000E+03,0.00000E+03,0.00000E+03,0.00000E+03,0.46696E+03,0.00000E+03,0.00000E+03,0.00000E+03,0.00000E+03,0.00000E+03,0.91433E+00,0.00000E+00,0.00000E+00,0.93493E+00,0.98918E+00,0.98592E+00,0.000E+00,103.612E+00,138.482E+00,159.218E+00,112.050E+00,-31.891E+00,23.889E+00,90.000E+00,90.000E+00,0.00000E+00,0.00000E+00,0.00000E+00,73.657E+00,100.000E+00,100.000E+00,0.27773E+03,0.00000E+03,0.00000E+03,+99999.9E+99,+99999.9E+99,+99999.9E+99,+99999.9E+99,+99999.9E+99,+99999.9E+99,+99999.9E+99,+99999.9E+99,+99999.9E+99,+99999.9E+99,+99999.9E+99,+99999.9E+99,1B00,0,0,0,1B00,76.2648E+00,76.6864E+00,76.5167E+00,76.4893E+00,72.1496E+00,72.9331E+00,72.6302E+00,72.5710E+00,76.2647E+00,76.6864E+00,76.5167E+00,0.0000E+00,0.0000E+00,0.0000E+00,71.9338E+00,71.7601E+00,71.6905E+00,105.847E+00,106.064E+00,105.669E+00,-104.477E+00,-104.601E+00,-104.826E+00,27.193E+00,26.204E+00,26.885E+00,+99999.9E+99,+99999.9E+99,+99999.9E+99,0.205E+00,8.2681E+00,8.2026E+00,8.1604E+00,8.2103E+00,7.3661E+00,7.3148E+00,7.2589E+00,7.3132E+00,8.2673E+00,8.2016E+00,8.1567E+00,-0.1141E+00,-0.1298E+00,0.2449E+00,9.7231E+00,9.9015E+00,10.2537E+00,22.3633E+00,20.8119E+00,20.5738E+00,-18.6048E+00,-19.2076E+00,-19.8719E+00,48.553E+00,46.114E+00,44.555E+00,+99999.9E+99,+99999.9E+99,+99999.9E+99,4.315E+00,0.26057E+03,0.25472E+03,0.26128E+03,0.77657E+03,0.33480E+03,0.35899E+03,0.36272E+03,1.05651E+03,0.36573E+03,0.36343E+03,0.36255E+03,1.09171E+03,0.39037E+03,0.40181E+03,0.41906E+03,1.21062E+03,-0.25664E+03,-0.25923E+03,-0.25134E+03,-0.76721E+03,-0.20074E+03,-0.18049E+03,-0.20986E+03,-0.59110E+03,-0.71245E+00,-0.70088E+00,-0.72068E+00,-0.71133E+00,-0.85765E+00,-0.89343E+00,-0.86557E+00,-0.87270E+00,0.000E+00,120.145E+00,-120.045E+00,60.868E+00,176.804E+00,-59.880E+00,-44.565E+00,-45.502E+00,-43.889E+00,-44.657E+00,201.752E+00,202.062E+00,202.010E+00,94.971E+00,+99999.9E+99,+99999.9E+99,0.00004E+06,-0.00048E+06,0.00000E+00,9.312E+00,0.756E+03,0.00074E+06,43.773E+00,F0F08
2021/11/30,17:34:02,00000:00:26,800,38003800,2800,3800,3800,3800,99.805E+00,0.000E+00,0.000E+00,110.854E+00,0.000E+00,0.000E+00,0.501E+00,0.000E+00,0.000E+00,99.803E+00,0.000E+00,0.000E+00,0.000E+00,0.000E+00,0.000E+00,100.929E+00,0.000E+00,0.000E+00,98.807E+00,0.000E+00,0.000E+00,34.453E+00,+99999.9E+99,+99999.9E+99,1.063E+00,+99999.9E+99,+99999.9E+99,12.3505E+00,0.00000E+00,0.00000E+00,12.8120E+00,0.00000E+00,0.00000E+00,4.4138E+00,0.00000E+00,0.00000E+00,11.5349E+00,0.00000E+00,0.00000E+00,4.3042E+00,0.00000E+00,0.00000E+00,18.2193E+00,0.0000E+00,0.0000E+00,4.0764E+00,0.0000E+00,0.0000E+00,37.138E+00,+99999.9E+99,+99999.9E+99,61.305E+00,+99999.9E+99,+99999.9E+99,1.14923E+03,0.00000E+03,0.00000E+03,0.00000E+03,0.00000E+03,0.00000E+03,1.23263E+03,0.00000E+03,0.00000E+03,0.00000E+03,0.00000E+03,0.00000E+03,-0.44571E+03,0.00000E+03,0.00000E+03,0.00000E+03,0.00000E+03,0.00000E+03,-0.93234E+00,0.00000E+00,0.00000E+00,0.93493E+00,0.98918E+00,0.98592E+00,0.000E+00,103.612E+00,138.482E+00,159.218E+00,112.050E+00,-31.891E+00,-21.198E+00,90.000E+00,90.000E+00,9.33217E+00,0.00000E+00,0.00000E+00,109.471E+00,100.000E+00,100.000E+00,-0.10885E+03,0.00000E+03,0.00000E+03,+99999.9E+99,+99999.9E+99,+99999.9E+99,+99999.9E+99,+99999.9E+99,+99999.9E+99,+99999.9E+99,+99999.9E+99,+99999.9E+99,+99999.9E+99,+99999.9E+99,+99999.9E+99,1B00,0,0,0,1B00,77.1004E+00,77.1857E+00,77.1176E+00,77.1346E+00,72.1753E+00,72.5540E+00,72.2796E+00,72.3363E+00,77.1004E+00,77.1857E+00,77.1176E+00,0.0000E+00,0.0000E+00,0.0000E+00,72.7201E+00,73.1578E+00,73.0224E+00,105.701E+00,106.136E+00,105.836E+00,-105.017E+00,-104.764E+00,-105.330E+00,16.470E+00,16.465E+00,16.863E+00,+99999.9E+99,+99999.9E+99,+99999.9E+99,0.362E+00,13.4017E+00,12.9275E+00,13.1311E+00,13.1534E+00,12.2089E+00,11.7239E+00,11.7949E+00,11.9092E+00,13.4007E+00,12.9234E+00,13.1219E+00,-0.1645E+00,-0.3271E+00,0.4927E+00,6.5017E+00,5.7923E+00,5.6991E+00,27.5267E+00,27.0805E+00,28.4243E+00,-26.6038E+00,-26.9986E+00,-26.6757E+00,49.463E+00,54.248E+00,54.792E+00,+99999.9E+99,+99999.9E+99,+99999.9E+99,7.335E+00,0.42789E+03,0.40600E+03,0.42418E+03,1.25808E+03,0.23375E+03,0.20246E+03,0.21976E+03,0.65597E+03,0.60395E+03,0.58098E+03,0.58997E+03,1.77489E+03,0.26155E+03,0.23455E+03,0.23794E+03,0.73296E+03,-0.42622E+03,-0.41557E+03,-0.41004E+03,-1.25182E+03,-0.11735E+03,-0.11843E+03,-0.09122E+03,-0.32700E+03,-0.70849E+00,-0.69883E+00,-0.71900E+00,-0.70882E+00,-0.89371E+00,-0.86317E+00,-0.92359E+00,-0.89497E+00,0.000E+00,119.923E+00,-119.735E+00,56.859E+00,-179.814E+00,-67.331E+00,-44.888E+00,-45.667E+00,-44.028E+00,-44.861E+00,201.655E+00,201.463E+00,201.734E+00,90.997E+00,+99999.9E+99,+99999.9E+99,0.00011E+06,-0.00074E+06,0.00000E+00,14.436E+00,0.757E+03,0.00114E+06,43.669E+00,F0F08
2021/11/30,17:34:02,00000:00:26,850,38003F00,0,1B00,1B00,3F00,99.926E+00,0.000E+00,0.000E+00,110.988E+00,0.000E+00,0.000E+00,0.507E+00,0.000E+00,0.000E+00,99.924E+00,0.000E+00,0.000E+00,0.000E+00,0.000E+00,0.000E+00,100.964E+00,0.000E+00,0.000E+00,98.825E+00,0.000E+00,0.000E+00,100.708E+00,+99999.9E+99,+99999.9E+99,1.070E+00,+99999.9E+99,+99999.9E+99,11.7796E+00,0.00000E+00,0.00000E+00,12.0661E+00,0.00000E+00,0.00000E+00,4.5548E+00,0.00000E+00,0.00000E+00,10.8633E+00,0.00000E+00,0.00000E+00,3.0312E+00,0.00000E+00,0.00000E+00,18.0486E+00,0.0000E+00,0.0000E+00,4.1964E+00,0.0000E+00,0.0000E+00,102.668E+00,+99999.9E+99,+99999.9E+99,63.756E+00,+99999.9E+99,+99999.9E+99,1.08344E+03,0.00000E+03,0.00000E+03,0.00000E+03,0.00000E+03,0.00000E+03,1.17708E+03,0.00000E+03,0.00000E+03,0.00000E+03,0.00000E+03,0.00000E+03,0.46007E+03,0.00000E+03,0.00000E+03,0.00000E+03,0.00000E+03,0.00000E+03,0.92045E+00,0.00000E+00,0.00000E+00,0.83156E+00,0.20810E+00,0.77450E+00,0.000E+00,-179.889E+00,173.929E+00,146.259E+00,78.099E+00,134.688E+00,23.008E+00,90.000E+00,90.000E+00,12.6804E+00,0.00000E+00,0.00000E+00,99.810E+00,100.000E+00,100.000E+00,0.00205E+03,0.00000E+03,0.00000E+03,+99999.9E+99,+99999.9E+99,+99999.9E+99,+99999.9E+99,+99999.9E+99,+99999.9E+99,+99999.9E+99,+99999.9E+99,+99999.9E+99,+99999.9E+99,+99999.9E+99,+99999.9E+99,1B00,0,0,0,1B00,76.7520E+00,77.1022E+00,76.8333E+00,76.8958E+00,72.0084E+00,72.6476E+00,72.1658E+00,72.2739E+00,76.7520E+00,77.1022E+00,76.8333E+00,0.0000E+00,0.0000E+00,0.0000E+00,70.0498E+00,70.2559E+00,70.1655E+00,105.257E+00,105.921E+00,105.604E+00,-104.226E+00,-104.637E+00,-104.370E+00,38.912E+00,38.724E+00,38.708E+00,+99999.9E+99,+99999.9E+99,+99999.9E+99,0.174E+00,11.8690E+00,11.7043E+00,11.9661E+00,11.8464E+00,10.4204E+00,10.3450E+00,10.5099E+00,10.4251E+00,11.8682E+00,11.7043E+00,11.9656E+00,-0.1318E+00,0.0000E+00,0.1070E+00,15.3250E+00,14.9200E+00,15.1278E+00,27.1343E+00,27.1281E+00,28.6814E+00,-25.8900E+00,-26.5162E+00,-26.7962E+00,39.554E+00,40.533E+00,39.569E+00,+99999.9E+99,+99999.9E+99,+99999.9E+99,1.627E+00,0.35556E+03,0.35689E+03,0.36894E+03,1.08139E+03,0.54007E+03,0.52489E+03,0.54140E+03,1.60635E+03,0.53014E+03,0.52430E+03,0.53677E+03,1.59121E+03,0.61866E+03,0.60216E+03,0.61212E+03,1.83281E+03,-0.39323E+03,-0.38409E+03,-0.38987E+03,-1.16719E+03,-0.30178E+03,-0.29510E+03,-0.28563E+03,-0.88250E+03,-0.67069E+00,-0.68069E+00,-0.68734E+00,-0.67960E+00,-0.87296E+00,-0.87169E+00,-0.88446E+00,-0.87644E+00,0.000E+00,119.982E+00,-119.861E+00,59.294E+00,179.286E+00,-62.103E+00,-47.880E+00,-47.102E+00,-46.580E+00,-47.188E+00,202.237E+00,202.378E+00,201.885E+00,90.369E+00,+99999.9E+99,+99999.9E+99,0.00010E+06,-0.00062E+06,0.00000E+00,12.326E+00,0.757E+03,0.00098E+06,43.846E+00,F0F0F
2021/11/30,17:34:02,00000:00:26,900,38003F00,700,1F00,1F00,3F00,99.926E+00,0.000E+00,0.000E+00,110.988E+00,0.000E+00,0.000E+00,0.507E+00,0.000E+00,0.000E+00,99.924E+00,0.000E+00,0.000E+00,0.000E+00,0.000E+00,0.000E+00,100.964E+00,0.000E+00,0.000E+00,98.825E+00,0.000E+00,0.000E+00,18.524E+00,+99999.9E+99,+99999.9E+99,1.070E+00,+99999.9E+99,+99999.9E+99,11.7796E+00,0.00000E+00,0.00000E+00,12.0661E+00,0.00000E+00,0.00000E+00,4.5548E+00,0.00000E+00,0.00000E+00,10.8633E+00,0.00000E+00,0.00000E+00,4.6595E+00,0.00000E+00,0.00000E+00,18.0486E+00,0.0000E+00,0.0000E+00,4.1964E+00,0.0000E+00,0.0000E+00,8.772E+00,+99999.9E+99,+99999.9E+99,63.756E+00,+99999.9E+99,+99999.9E+99,1.08344E+03,0.00000E+03,0.00000E+03,0.00000E+03,0.00000E+03,0.00000E+03,1.17708E+03,0.00000E+03,0.00000E+03,0.00000E+03,0.00000E+03,0.00000E+03,0.46007E+03,0.00000E+03,0.00000E+03,0.00000E+03,0.00000E+03,0.00000E+03,0.92045E+00,0.00000E+00,0.00000E+00,0.91727E+00,0.24337E+00,0.69042E+00,0.000E+00,-45.301E+00,172.081E+00,156.530E+00,-149.386E+00,-141.582E+00,23.008E+00,90.000E+00,90.000E+00,12.6804E+00,0.00000E+00,0.00000E+00,77.923E+00,100.000E+00,100.000E+00,0.23919E+03,0.00000E+03,0.00000E+03,+99999.9E+99,+99999.9E+99,+99999.9E+99,+99999.9E+99,+99999.9E+99,+99999.9E+99,+99999.9E+99,+99999.9E+99,+99999.9E+99,+99999.9E+99,+99999.9E+99,+99999.9E+99,1B00,0,0,0,1B00,76.5397E+00,76.6365E+00,76.5486E+00,76.5749E+00,72.4138E+00,72.7759E+00,72.4710E+00,72.5536E+00,76.5397E+00,76.6364E+00,76.5486E+00,0.0000E+00,0.0000E+00,0.0000E+00,72.8770E+00,72.7048E+00,72.6574E+00,105.877E+00,106.006E+00,105.810E+00,-104.371E+00,-105.021E+00,-104.374E+00,18.403E+00,17.973E+00,18.013E+00,+99999.9E+99,+99999.9E+99,+99999.9E+99,0.187E+00,9.4000E+00,8.8904E+00,9.0415E+00,9.1106E+00,8.1883E+00,7.7711E+00,7.8214E+00,7.9269E+00,9.3987E+00,8.8879E+00,9.0340E+00,-0.1555E+00,-0.2122E+00,0.3687E+00,6.1581E+00,6.4394E+00,6.8146E+00,25.7190E+00,23.7376E+00,24.5481E+00,-26.0295E+00,-24.7209E+00,-21.7062E+00,56.644E+00,52.712E+00,50.020E+00,+99999.9E+99,+99999.9E+99,+99999.9E+99,4.445E+00,0.28866E+03,0.27041E+03,0.28518E+03,0.84425E+03,0.22105E+03,0.23626E+03,0.24029E+03,0.69759E+03,0.41792E+03,0.39435E+03,0.40108E+03,1.21334E+03,0.25628E+03,0.26272E+03,0.27542E+03,0.79400E+03,-0.30221E+03,-0.28703E+03,-0.28202E+03,-0.87126E+03,-0.12969E+03,-0.11491E+03,-0.13460E+03,-0.37920E+03,-0.69071E+00,-0.68572E+00,-0.71103E+00,-0.69580E+00,-0.86252E+00,-0.89927E+00,-0.87245E+00,-0.87859E+00,0.000E+00,120.115E+00,-120.062E+00,60.319E+00,176.035E+00,-60.708E+00,-46.313E+00,-46.708E+00,-44.681E+00,-45.909E+00,201.680E+00,201.326E+00,202.079E+00,94.694E+00,+99999.9E+99,+99999.9E+99,0.00004E+06,-0.00053E+06,0.00000E+00,10.094E+00,0.756E+03,0.00080E+06,43.749E+00,F0F08
2021/11/30,17:34:02,00000:00:26,950,38003F00,700,1F00,1F00,3F00,99.926E+00,0.000E+00,0.000E+00,110.988E+00,0.000E+00,0.000E+00,0.507E+00,0.000E+00,0.000E+00,99.924E+00,0.000E+00,0.000E+00,0.000E+00,0.000E+00,0.000E+00,100.964E+00,0.000E+00,0.000E+00,98.825E+00,0.000E+00,0.000E+00,18.524E+00,+99999.9E+99,+99999.9E+99,1.070E+00,+99999.9E+99,+99999.9E+99,11.7796E+00,0.00000E+00,0.00000E+00,12.0661E+00,0.00000E+00,0.00000E+00,4.5548E+00,0.00000E+00,0.00000E+00,10.8633E+00,0.00000E+00,0.00000E+00,4.6595E+00,0.00000E+00,0.00000E+00,18.0486E+00,0.0000E+00,0.0000E+00,4.1964E+00,0.0000E+00,0.0000E+00,8.772E+00,+99999.9E+99,+99999.9E+99,63.756E+00,+99999.9E+99,+99999.9E+99,1.08344E+03,0.00000E+03,0.00000E+03,0.00000E+03,0.00000E+03,0.00000E+03,1.17708E+03,0.00000E+03,0.00000E+03,0.00000E+03,0.00000E+03,0.00000E+03,0.46007E+03,0.00000E+03,0.00000E+03,0.00000E+03,0.00000E+03,0.00000E+03,0.92045E+00,0.00000E+00,0.00000E+00,0.91727E+00,0.24337E+00,0.69042E+00,0.000E+00,-45.301E+00,172.081E+00,156.530E+00,-149.386E+00,-141.582E+00,23.008E+00,90.000E+00,90.000E+00,12.6804E+00,0.00000E+00,0.00000E+00,125.175E+00,100.000E+00,100.000E+00,-0.27275E+03,0.00000E+03,0.00000E+03,+99999.9E+99,+99999.9E+99,+99999.9E+99,+99999.9E+99,+99999.9E+99,+99999.9E+99,+99999.9E+99,+99999.9E+99,+99999.9E+99,+99999.9E+99,+99999.9E+99,+99999.9E+99,1B00,0,0,0,1B00,77.0232E+00,77.4748E+00,77.3446E+00,77.2809E+00,71.7378E+00,72.5988E+00,72.3472E+00,72.2279E+00,77.0232E+00,77.4748E+00,77.3446E+00,0.0000E+00,0.0000E+00,0.0000E+00,72.3315E+00,72.7909E+00,72.6440E+00,105.686E+00,105.840E+00,105.641E+00,-104.999E+00,-104.616E+00,-104.684E+00,20.159E+00,20.319E+00,20.617E+00,+99999.9E+99,+99999.9E+99,+99999.9E+99,0.380E+00,13.9620E+00,13.6312E+00,13.7721E+00,13.7884E+00,13.0464E+00,12.8454E+00,12.8089E+00,12.9003E+00,13.9610E+00,13.6288E+00,13.7655E+00,-0.1688E+00,-0.2571E+00,0.4269E+00,8.0081E+00,7.4372E+00,7.3061E+00,27.5762E+00,27.1005E+00,28.4914E+00,-26.6305E+00,-27.0471E+00,-26.3748E+00,47.076E+00,49.451E+00,50.795E+00,+99999.9E+99,+99999.9E+99,+99999.9E+99,6.678E+00,0.45648E+03,0.44427E+03,0.45544E+03,1.35620E+03,0.29296E+03,0.25709E+03,0.27578E+03,0.82584E+03,0.62931E+03,0.61465E+03,0.62320E+03,1.86716E+03,0.32690E+03,0.29670E+03,0.29923E+03,0.92168E+03,-0.43319E+03,-0.42475E+03,-0.42539E+03,-1.28333E+03,-0.14503E+03,-0.14811E+03,-0.11611E+03,-0.40925E+03,-0.72537E+00,-0.72281E+00,-0.73081E+00,-0.72634E+00,-0.89620E+00,-0.86649E+00,-0.92165E+00,-0.89601E+00,0.000E+00,119.916E+00,-119.724E+00,56.549E+00,179.798E+00,-67.040E+00,-43.500E+00,-43.713E+00,-43.046E+00,-43.419E+00,201.746E+00,202.217E+00,201.073E+00,90.070E+00,+99999.9E+99,+99999.9E+99,0.00013E+06,-0.00078E+06,0.00000E+00,15.401E+00,0.757E+03,0.00122E+06,43.685E+00,F0F08
2021/11/30,17:34:02,00000:00:27,0,38003D00,500,1C00,1C00,3800,99.926E+00,0.000E+00,0.000E+00,110.988E+00,0.000E+00,0.000E+00,0.507E+00,0.000E+00,0.000E+00,99.924E+00,0.000E+00,0.000E+00,0.000E+00,0.000E+00,0.000E+00,100.964E+00,0.000E+00,0.000E+00,98.825E+00,0.000E+00,0.000E+00,62.426E+00,+99999.9E+99,416.558E+00,1.070E+00,+99999.9E+99,+99999.9E+99,11.7796E+00,0.00000E+00,0.00000E+00,12.0661E+00,0.00000E+00,0.00000E+00,4.5548E+00,0.00000E+00,0.00000E+00,10.8633E+00,0.00000E+00,0.00000E+00,3.9930E+00,0.00000E+00,0.00000E+00,18.0486E+00,0.0000E+00,0.0000E+00,4.1964E+00,0.0000E+00,0.0000E+00,44.508E+00,+99999.9E+99,+99999.9E+99,63.756E+00,+99999.9E+99,+99999.9E+99,1.08344E+03,0.00000E+03,0.00000E+03,0.00000E+03,0.00000E+03,0.00000E+03,1.17708E+03,0.00000E+03,0.00000E+03,0.00000E+03,0.00000E+03,0.00000E+03,0.46007E+03,0.00000E+03,0.00000E+03,0.00000E+03,0.00000E+03,0.00000E+03,0.92045E+00,0.00000E+00,0.00000E+00,0.88465E+00,0.85867E+00,0.25336E+00,0.000E+00,3.327E+00,142.003E+00,152.209E+00,-145.840E+00,66.679E+00,23.008E+00,90.000E+00,90.000E+00,12.6804E+00,0.00000E+00,0.00000E+00,80.522E+00,100.000E+00,100.000E+00,0.21104E+03,0.00000E+03,0.00000E+03,+99999.9E+99,+99999.9E+99,+99999.9E+99,+99999.9E+99,+99999.9E+99,+99999.9E+99,+99999.9E+99,+99999.9E+99,+99999.9E+99,+99999.9E+99,+99999.9E+99,+99999.9E+99,1B00,0,0,0,1B00,76.7244E+00,76.6806E+00,76.4188E+00,76.6079E+00,72.5891E+00,72.7071E+00,72.0840E+00,72.4601E+00,76.7244E+00,76.6806E+00,76.4188E+00,0.0000E+00,0.0000E+00,0.0000E+00,70.2806E+00,70.3199E+00,70.1994E+00,105.871E+00,106.093E+00,105.634E+00,-104.741E+00,-104.571E+00,-105.323E+00,38.148E+00,37.847E+00,38.033E+00,+99999.9E+99,+99999.9E+99,+99999.9E+99,0.095E+00,9.7365E+00,9.3148E+00,9.9308E+00,9.6607E+00,8.4272E+00,8.0724E+00,8.4800E+00,8.3265E+00,9.7365E+00,9.3148E+00,9.9308E+00,0.0000E+00,0.0000E+00,0.0000E+00,14.7055E+00,14.5880E+00,14.9419E+00,26.5005E+00,24.8419E+00,27.1986E+00,-25.5457E+00,-23.3600E+00,-26.7100E+00,40.828E+00,40.862E+00,39.454E+00,+99999.9E+99,+99999.9E+99,+99999.9E+99,1.505E+00,0.28539E+03,0.28347E+03,0.30356E+03,0.87241E+03,0.51530E+03,0.51764E+03,0.53010E+03,1.56304E+03,0.43340E+03,0.41472E+03,0.44087E+03,1.28899E+03,0.59474E+03,0.58936E+03,0.60423E+03,1.78822E+03,-0.32618E+03,-0.30272E+03,-0.31971E+03,-0.94861E+03,-0.29696E+03,-0.28177E+03,-0.28997E+03,-0.86870E+03,-0.65848E+00,-0.68352E+00,-0.68854E+00,-0.67682E+00,-0.86642E+00,-0.87831E+00,-0.87732E+00,-0.87407E+00,0.000E+00,120.082E+00,-119.933E+00,59.971E+00,178.593E+00,-61.220E+00,-48.816E+00,-46.881E+00,-46.485E+00,-47.405E+00,202.044E+00,201.805E+00,202.693E+00,91.765E+00,+99999.9E+99,+99999.9E+99,0.00007E+06,-0.00052E+06,0.00000E+00,10.100E+00,0.757E+03,0.00080E+06,43.804E+00,F0F08
2021/11/30,17:34:02,00000:00:27,50,38003F00,2A00,3B00,3B00,3F00,99.991E+00,0.000E+00,0.000E+00,111.061E+00,0.000E+00,0.000E+00,0.498E+00,0.000E+00,0.000E+00,99.990E+00,0.000E+00,0.000E+00,0.000E+00,0.000E+00,0.000E+00,100.950E+00,0.000E+00,0.000E+00,98.782E+00,0.000E+00,0.000E+00,62.426E+00,+99999.9E+99,416.558E+00,1.084E+00,+99999.9E+99,+99999.9E+99,11.4659E+00,0.00000E+00,0.00000E+00,11.6702E+00,0.00000E+00,0.00000E+00,4.5905E+00,0.00000E+00,0.00000E+00,10.5068E+00,0.00000E+00,0.00000E+00,3.9930E+00,0.00000E+00,0.00000E+00,18.1910E+00,0.0000E+00,0.0000E+00,4.0629E+00,0.0000E+00,0.0000E+00,44.508E+00,+99999.9E+99,+99999.9E+99,67.233E+00,+99999.9E+99,+99999.9E+99,1.04852E+03,0.00000E+03,0.00000E+03,0.00000E+03,0.00000E+03,0.00000E+03,1.14648E+03,0.00000E+03,0.00000E+03,0.00000E+03,0.00000E+03,0.00000E+03,0.46371E+03,0.00000E+03,0.00000E+03,0.00000E+03,0.00000E+03,0.00000E+03,0.91456E+00,0.00000E+00,0.00000E+00,0.88465E+00,0.85867E+00,0.25336E+00,0.000E+00,3.327E+00,142.003E+00,152.209E+00,-145.840E+00,66.679E+00,23.857E+00,90.000E+00,90.000E+00,0.00000E+00,0.00000E+00,0.00000E+00,99.780E+00,100.000E+00,100.000E+00,0.00231E+03,0.00000E+03,0.00000E+03,+99999.9E+99,+99999.9E+99,+99999.9E+99,+99999.9E+99,+99999.9E+99,+99999.9E+99,+99999.9E+99,+99999.9E+99,+99999.9E+99,+99999.9E+99,+99999.9E+99,+99999.9E+99,1B00,0,0,0,1B00,76.5474E+00,77.0245E+00,77.0640E+00,76.8786E+00,71.8735E+00,72.8005E+00,72.8391E+00,72.5044E+00,76.5474E+00,77.0245E+00,77.0640E+00,0.0000E+00,0.0000E+00,0.0000E+00,73.0920E+00,73.0865E+00,72.9791E+00,105.740E+00,106.079E+00,105.807E+00,-105.053E+00,-104.346E+00,-105.141E+00,15.437E+00,15.292E+00,15.318E+00,+99999.9E+99,+99999.9E+99,+99999.9E+99,0.101E+00,11.6841E+00,11.4435E+00,11.2269E+00,11.4515E+00,10.0698E+00,9.9316E+00,9.6176E+00,9.8730E+00,11.6829E+00,11.4365E+00,11.2126E+00,-0.1630E+00,-0.4018E+00,0.5659E+00,5.1998E+00,5.1171E+00,5.5220E+00,27.5605E+00,27.2905E+00,28.5152E+00,-26.6695E+00,-26.9657E+00,-26.0095E+00,58.829E+00,57.909E+00,53.686E+00,+99999.9E+99,+99999.9E+99,+99999.9E+99,3.566E+00,0.36039E+03,0.34074E+03,0.34509E+03,1.04621E+03,0.18437E+03,0.19074E+03,0.19792E+03,0.57304E+03,0.52211E+03,0.51033E+03,0.50331E+03,1.53575E+03,0.21406E+03,0.21385E+03,0.22530E+03,0.65299E+03,-0.37778E+03,-0.37991E+03,-0.36639E+03,-1.12408E+03,-0.10876E+03,-0.09669E+03,-0.10764E+03,-0.31308E+03,-0.69026E+00,-0.66768E+00,-0.68563E+00,-0.68124E+00,-0.86131E+00,-0.89196E+00,-0.87850E+00,-0.87756E+00,0.000E+00,120.096E+00,-119.959E+00,60.530E+00,176.930E+00,-61.370E+00,-46.349E+00,-48.112E+00,-46.715E+00,-47.060E+00,202.298E+00,202.072E+00,201.539E+00,92.838E+00,+99999.9E+99,+99999.9E+99,0.00007E+06,-0.00063E+06,0.00000E+00,12.254E+00,0.757E+03,0.00097E+06,43.878E+00,F0F08
2021/11/30,17:34:02,00000:00:27,100,38003F00,2D00,3F00,3F00,3F00,99.991E+00,0.000E+00,0.000E+00,111.061E+00,0.000E+00,0.000E+00,0.498E+00,0.000E+00,0.000E+00,99.990E+00,0.000E+00,0.000E+00,0.000E+00,0.000E+00,0.000E+00,100.950E+00,0.000E+00,0.000E+00,98.782E+00,0.000E+00,0.000E+00,35.102E+00,+99999.9E+99,+99999.9E+99,1.084E+00,+99999.9E+99,+99999.9E+99,11.4659E+00,0.00000E+00,0.00000E+00,11.6702E+00,0.00000E+00,0.00000E+00,4.5905E+00,0.00000E+00,0.00000E+00,10.5068E+00,0.00000E+00,0.00000E+00,4.2370E+00,0.00000E+00,0.00000E+00,18.1910E+00,0.0000E+00,0.0000E+00,4.0629E+00,0.0000E+00,0.0000E+00,41.118E+00,+99999.9E+99,+99999.9E+99,67.233E+00,+99999.9E+99,+99999.9E+99,1.04852E+03,0.00000E+03,0.00000E+03,0.00000E+03,0.00000E+03,0.00000E+03,1.14648E+03,0.00000E+03,0.00000E+03,0.00000E+03,0.00000E+03,0.00000E+03,0.46371E+03,0.00000E+03,0.00000E+03,0.00000E+03,0.00000E+03,0.00000E+03,0.91456E+00,0.00000E+00,0.00000E+00,0.93356E+00,0.74180E+00,0.63911E+00,0.000E+00,137.601E+00,146.242E+00,158.997E+00,-84.514E+00,95.968E+00,23.857E+00,90.000E+00,90.000E+00,0.00000E+00,0.00000E+00,0.00000E+00,120.676E+00,100.000E+00,100.000E+00,-0.21679E+03,0.00000E+03,0.00000E+03,+99999.9E+99,+99999.9E+99,+99999.9E+99,+99999.9E+99,+99999.9E+99,+99999.9E+99,+99999.9E+99,+99999.9E+99,+99999.9E+99,+99999.9E+99,+99999.9E+99,+99999.9E+99,1800,0,0,0,1800,77.2269E+00,77.2204E+00,77.0174E+00,77.1549E+00,72.1615E+00,72.3483E+00,71.8372E+00,72.1157E+00,77.2269E+00,77.2204E+00,77.0173E+00,0.0000E+00,0.0000E+00,0.0000E+00,71.0504E+00,71.7603E+00,71.5450E+00,105.456E+00,105.670E+00,105.624E+00,-104.746E+00,-104.286E+00,-104.506E+00,30.222E+00,30.357E+00,30.246E+00,+99999.9E+99,+99999.9E+99,+99999.9E+99,0.582E+00,13.4845E+00,13.0416E+00,13.4242E+00,13.3168E+00,12.3479E+00,11.9197E+00,12.2811E+00,12.1829E+00,13.4836E+00,13.0416E+00,13.4228E+00,-0.1596E+00,0.0000E+00,0.1982E+00,12.4154E+00,11.2450E+00,11.4131E+00,27.6100E+00,27.2862E+00,28.5519E+00,-26.6776E+00,-26.9219E+00,-26.6776E+00,41.022E+00,44.494E+00,44.280E+00,+99999.9E+99,+99999.9E+99,+99999.9E+99,6.159E+00,0.41950E+03,0.41126E+03,0.43455E+03,1.26531E+03,0.44488E+03,0.39356E+03,0.42260E+03,1.26104E+03,0.60770E+03,0.58736E+03,0.60328E+03,1.79835E+03,0.50021E+03,0.45792E+03,0.46269E+03,1.41924E+03,-0.43968E+03,-0.41935E+03,-0.41847E+03,-1.27751E+03,-0.22866E+03,-0.23411E+03,-0.18841E+03,-0.65117E+03,-0.69031E+00,-0.70018E+00,-0.72031E+00,-0.70360E+00,-0.88940E+00,-0.85944E+00,-0.91334E+00,-0.88853E+00,0.000E+00,119.877E+00,-119.574E+00,57.528E+00,-179.479E+00,-65.770E+00,-46.346E+00,-45.558E+00,-43.920E+00,-45.284E+00,201.240E+00,201.653E+00,201.938E+00,89.622E+00,+99999.9E+99,+99999.9E+99,0.00013E+06,-0.00072E+06,0.00000E+00,14.290E+00,0.758E+03,0.00113E+06,43.515E+00,F0F08
2021/11/30,17:34:02,00000:00:27,150,38003F00,2800,3B00,3B00,3F00,99.866E+00,0.000E+00,0.000E+00,110.921E+00,0.000E+00,0.000E+00,0.541E+00,0.000E+00,0.000E+00,99.864E+00,0.000E+00,0.000E+00,0.000E+00,0.000E+00,0.000E+00,100.975E+00,0.000E+00,0.000E+00,98.811E+00,0.000E+00,0.000E+00,35.102E+00,+99999.9E+99,+99999.9E+99,1.084E+00,+99999.9E+99,+99999.9E+99,12.5225E+00,0.00000E+00,0.00000E+00,12.9819E+00,0.00000E+00,0.00000E+00,4.4954E+00,0.00000E+00,0.00000E+00,11.6878E+00,0.00000E+00,0.00000E+00,4.2370E+00,0.00000E+00,0.00000E+00,18.2110E+00,0.0000E+00,0.0000E+00,3.4510E+00,0.0000E+00,0.0000E+00,41.118E+00,+99999.9E+99,+99999.9E+99,63.142E+00,+99999.9E+99,+99999.9E+99,1.16503E+03,0.00000E+03,0.00000E+03,0.00000E+03,0.00000E+03,0.00000E+03,1.25057E+03,0.00000E+03,0.00000E+03,0.00000E+03,0.00000E+03,0.00000E+03,0.45458E+03,0.00000E+03,0.00000E+03,0.00000E+03,0.00000E+03,0.00000E+03,0.93160E+00,0.00000E+00,0.00000E+00,0.93356E+00,0.74180E+00,0.63911E+00,0.000E+00,137.601E+00,146.242E+00,158.997E+00,-84.514E+00,95.968E+00,21.315E+00,90.000E+00,90.000E+00,14.9979E+00,0.00000E+00,0.00000E+00,65.276E+00,100.000E+00,100.000E+00,0.40454E+03,0.00000E+03,0.00000E+03,+99999.9E+99,+99999.9E+99,+99999.9E+99,+99999.9E+99,+99999.9E+99,+99999.9E+99,+99999.9E+99,+99999.9E+99,+99999.9E+99,+99999.9E+99,+99999.9E+99,+99999.9E+99,1B00,0,0,0,1B00,76.2892E+00,76.6485E+00,76.5392E+00,76.4923E+00,72.1653E+00,72.8532E+00,72.6437E+00,72.5540E+00,76.2892E+00,76.6485E+00,76.5392E+00,0.0000E+00,0.0000E+00,0.0000E+00,71.3453E+00,71.2104E+00,71.0500E+00,105.827E+00,106.153E+00,105.820E+00,-104.994E+00,-104.761E+00,-106.660E+00,31.536E+00,30.819E+00,31.435E+00,+99999.9E+99,+99999.9E+99,+99999.9E+99,0.250E+00,8.1971E+00,8.1343E+00,8.0748E+00,8.1354E+00,7.2528E+00,7.2071E+00,7.1320E+00,7.1973E+00,8.1964E+00,8.1333E+00,8.0711E+00,-0.1131E+00,-0.1297E+00,0.2438E+00,11.5191E+00,11.5403E+00,12.1584E+00,22.2267E+00,20.8000E+00,20.3848E+00,-18.7519E+00,-19.1267E+00,-19.8871E+00,45.819E+00,44.610E+00,42.537E+00,+99999.9E+99,+99999.9E+99,+99999.9E+99,3.589E+00,0.25572E+03,0.24949E+03,0.25527E+03,0.76049E+03,0.39220E+03,0.41524E+03,0.42039E+03,1.22783E+03,0.36276E+03,0.36019E+03,0.35860E+03,1.08154E+03,0.46057E+03,0.47003E+03,0.48799E+03,1.41808E+03,-0.25729E+03,-0.25978E+03,-0.25185E+03,-0.76893E+03,-0.24146E+03,-0.22024E+03,-0.24780E+03,-0.70949E+03,-0.70494E+00,-0.69268E+00,-0.71186E+00,-0.70315E+00,-0.85155E+00,-0.88343E+00,-0.86148E+00,-0.86584E+00,0.000E+00,120.214E+00,-119.995E+00,61.550E+00,178.081E+00,-59.336E+00,-45.175E+00,-46.158E+00,-44.614E+00,-45.320E+00,202.402E+00,201.908E+00,202.004E+00,95.811E+00,+99999.9E+99,+99999.9E+99,0.00003E+06,-0.00048E+06,0.00000E+00,9.202E+00,0.756E+03,0.00073E+06,43.962E+00,F0F08
2021/11/30,17:34:02,00000:00:27,200,38003800,0,1800,1800,3800,99.929E+00,0.000E+00,0.000E+00,110.992E+00,0.000E+00,0.000E+00,0.487E+00,0.000E+00,0.000E+00,99.928E+00,0.000E+00,0.000E+00,0.000E+00,0.000E+00,0.000E+00,100.964E+00,0.000E+00,0.000E+00,98.943E+00,0.000E+00,0.000E+00,20.689E+00,+99999.9E+99,+99999.9E+99,1.011E+00,+99999.9E+99,+99999.9E+99,11.6439E+00,0.00000E+00,0.00000E+00,11.9533E+00,0.00000E+00,0.00000E+00,4.4459E+00,0.00000E+00,0.00000E+00,10.7617E+00,0.00000E+00,0.00000E+00,4.6342E+00,0.00000E+00,0.00000E+00,17.4007E+00,0.0000E+00,0.0000E+00,3.3700E+00,0.0000E+00,0.0000E+00,7.587E+00,+99999.9E+99,+99999.9E+99,65.188E+00,+99999.9E+99,+99999.9E+99,1.07346E+03,0.00000E+03,0.00000E+03,0.00000E+03,0.00000E+03,0.00000E+03,1.16357E+03,0.00000E+03,0.00000E+03,0.00000E+03,0.00000E+03,0.00000E+03,0.44897E+03,0.00000E+03,0.00000E+03,0.00000E+03,0.00000E+03,0.00000E+03,0.92256E+00,0.00000E+00,0.00000E+00,0.90069E+00,0.27955E+00,0.91780E+00,0.000E+00,-0.964E+00,177.609E+00,154.249E+00,-107.197E+00,-158.997E+00,22.697E+00,90.000E+00,90.000E+00,12.6191E+00,0.00000E+00,0.00000E+00,115.761E+00,100.000E+00,100.000E+00,-0.16919E+03,0.00000E+03,0.00000E+03,+99999.9E+99,+99999.9E+99,+99999.9E+99,+99999.9E+99,+99999.9E+99,+99999.9E+99,+99999.9E+99,+99999.9E+99,+99999.9E+99,+99999.9E+99,+99999.9E+99,+99999.9E+99,1B00,0,0,0,1B00,77.0750E+00,77.1744E+00,77.1006E+00,77.1167E+00,72.1035E+00,72.4790E+00,72.2149E+00,72.2658E+00,77.0750E+00,77.1744E+00,77.1006E+00,0.0000E+00,0.0000E+00,0.0000E+00,73.0230E+00,73.2755E+00,73.1570E+00,105.894E+00,106.093E+00,105.621E+00,-104.757E+00,-104.561E+00,-105.330E+00,13.728E+00,14.051E+00,14.082E+00,+99999.9E+99,+99999.9E+99,+99999.9E+99,0.198E+00,13.2589E+00,12.7917E+00,12.9974E+00,13.0160E+00,12.1158E+00,11.6394E+00,11.7143E+00,11.8232E+00,13.2578E+00,12.7871E+00,12.9872E+00,-0.1718E+00,-0.3436E+00,0.5165E+00,5.0352E+00,4.5039E+00,4.6485E+00,27.7495E+00,26.6705E+00,28.1609E+00,-26.5695E+00,-26.7114E+00,-26.1190E+00,56.280E+00,61.524E+00,59.220E+00,+99999.9E+99,+99999.9E+99,+99999.9E+99,5.035E+00,0.42228E+03,0.40126E+03,0.41910E+03,1.24265E+03,0.17744E+03,0.16086E+03,0.17264E+03,0.51094E+03,0.59684E+03,0.57462E+03,0.58382E+03,1.75528E+03,0.20305E+03,0.18732E+03,0.19156E+03,0.58153E+03,-0.42178E+03,-0.41131E+03,-0.40644E+03,-1.23953E+03,-0.09870E+03,-0.09598E+03,-0.08301E+03,-0.27770E+03,-0.70753E+00,-0.69831E+00,-0.71787E+00,-0.70795E+00,-0.87390E+00,-0.85875E+00,-0.90122E+00,-0.87861E+00,0.000E+00,119.993E+00,-119.834E+00,59.198E+00,-179.236E+00,-64.212E+00,-44.966E+00,-45.709E+00,-44.121E+00,-44.932E+00,201.119E+00,201.884E+00,201.559E+00,90.916E+00,+99999.9E+99,+99999.9E+99,0.00011E+06,-0.00073E+06,0.00000E+00,14.256E+00,0.757E+03,0.00113E+06,43.559E+00,F0F0F
2021/11/30,17:34:02,00000:00:27,250,38003F00,700,1F00,1F00,3F00,99.929E+00,0.000E+00,0.000E+00,110.992E+00,0.000E+00,0.000E+00,0.487E+00,0.000E+00,0.000E+00,99.928E+00,0.000E+00,0.000E+00,0.000E+00,0.000E+00,0.000E+00,100.964E+00,0.000E+00,0.000E+00,98.943E+00,0.000E+00,0.000E+00,20.689E+00,+99999.9E+99,+99999.9E+99,1.011E+00,+99999.9E+99,+99999.9E+99,11.6439E+00,0.00000E+00,0.00000E+00,11.9533E+00,0.00000E+00,0.00000E+00,4.4459E+00,0.00000E+00,0.00000E+00,10.7617E+00,0.00000E+00,0.00000E+00,4.6342E+00,0.00000E+00,0.00000E+00,17.4007E+00,0.0000E+00,0.0000E+00,3.3700E+00,0.0000E+00,0.0000E+00,7.587E+00,+99999.9E+99,+99999.9E+99,65.188E+00,+99999.9E+99,+99999.9E+99,1.07346E+03,0.00000E+03,0.00000E+03,0.00000E+03,0.00000E+03,0.00000E+03,1.16357E+03,0.00000E+03,0.00000E+03,0.00000E+03,0.00000E+03,0.00000E+03,0.44897E+03,0.00000E+03,0.00000E+03,0.00000E+03,0.00000E+03,0.00000E+03,0.92256E+00,0.00000E+00,0.00000E+00,0.90069E+00,0.27955E+00,0.91780E+00,0.000E+00,-0.964E+00,177.609E+00,154.249E+00,-107.197E+00,-158.997E+00,22.697E+00,90.000E+00,90.000E+00,12.6191E+00,0.00000E+00,0.00000E+00,102.334E+00,100.000E+00,100.000E+00,-0.02505E+03,0.00000E+03,0.00000E+03,+99999.9E+99,+99999.9E+99,+99999.9E+99,+99999.9E+99,+99999.9E+99,+99999.9E+99,+99999.9E+99,+99999.9E+99,+99999.9E+99,+99999.9E+99,+99999.9E+99,+99999.9E+99,1B00,0,0,0,1B00,76.7419E+00,77.0817E+00,76.8214E+00,76.8817E+00,72.0189E+00,72.6566E+00,72.1768E+00,72.2841E+00,76.7419E+00,77.0817E+00,76.8214E+00,0.0000E+00,0.0000E+00,0.0000E+00,70.1091E+00,70.4750E+00,70.3921E+00,105.460E+00,105.931E+00,105.399E+00,-103.990E+00,-104.251E+00,-104.099E+00,37.255E+00,37.171E+00,37.113E+00,+99999.9E+99,+99999.9E+99,+99999.9E+99,0.319E+00,12.0058E+00,11.8345E+00,12.1160E+00,11.9854E+00,10.5189E+00,10.4372E+00,10.6273E+00,10.5278E+00,12.0053E+00,11.8345E+00,12.1160E+00,-0.1136E+00,0.0000E+00,0.0000E+00,14.8498E+00,14.2705E+00,14.3239E+00,27.7557E+00,27.1124E+00,28.5629E+00,-26.4305E+00,-27.2095E+00,-26.5952E+00,39.711E+00,41.114E+00,40.771E+00,+99999.9E+99,+99999.9E+99,+99999.9E+99,2.694E+00,0.36068E+03,0.36248E+03,0.37535E+03,1.09851E+03,0.52537E+03,0.49726E+03,0.51667E+03,1.53930E+03,0.53635E+03,0.53006E+03,0.54344E+03,1.60985E+03,0.60015E+03,0.57567E+03,0.58176E+03,1.75721E+03,-0.39697E+03,-0.38674E+03,-0.39299E+03,-1.17670E+03,-0.29011E+03,-0.29006E+03,-0.26739E+03,-0.84755E+03,-0.67247E+00,-0.68385E+00,-0.69069E+00,-0.68237E+00,-0.87540E+00,-0.86379E+00,-0.88811E+00,-0.87599E+00,0.000E+00,119.905E+00,-119.788E+00,59.080E+00,-179.880E+00,-62.559E+00,-47.742E+00,-46.855E+00,-46.315E+00,-46.971E+00,202.109E+00,201.493E+00,201.778E+00,90.383E+00,+99999.9E+99,+99999.9E+99,0.00011E+06,-0.00063E+06,0.00000E+00,12.528E+00,0.757E+03,0.00099E+06,43.833E+00,F0F0F
2021/11/30,17:34:02,00000:00:27,300,38003F00,500,1F00,1F00,3F00,99.929E+00,0.000E+00,0.000E+00,110.992E+00,0.000E+00,0.000E+00,0.487E+00,0.000E+00,0.000E+00,99.928E+00,0.000E+00,0.000E+00,0.000E+00,0.000E+00,0.000E+00,100.964E+00,0.000E+00,0.000E+00,98.943E+00,0.000E+00,0.000E+00,23.035E+00,+99999.9E+99,+99999.9E+99,1.011E+00,+99999.9E+99,+99999.9E+99,11.6439E+00,0.00000E+00,0.00000E+00,11.9533E+00,0.00000E+00,0.00000E+00,4.4459E+00,0.00000E+00,0.00000E+00,10.7617E+00,0.00000E+00,0.00000E+00,4.4362E+00,0.00000E+00,0.00000E+00,17.4007E+00,0.0000E+00,0.0000E+00,3.3700E+00,0.0000E+00,0.0000E+00,9.137E+00,+99999.9E+99,+99999.9E+99,65.188E+00,+99999.9E+99,+99999.9E+99,1.07346E+03,0.00000E+03,0.00000E+03,0.00000E+03,0.00000E+03,0.00000E+03,1.16357E+03,0.00000E+03,0.00000E+03,0.00000E+03,0.00000E+03,0.00000E+03,0.44897E+03,0.00000E+03,0.00000E+03,0.00000E+03,0.00000E+03,0.00000E+03,0.92256E+00,0.00000E+00,0.00000E+00,0.90221E+00,0.80678E+00,0.39050E+00,0.000E+00,98.600E+00,149.058E+00,154.450E+00,-45.183E+00,82.043E+00,22.697E+00,90.000E+00,90.000E+00,12.6191E+00,0.00000E+00,0.00000E+00,78.488E+00,100.000E+00,100.000E+00,0.23092E+03,0.00000E+03,0.00000E+03,+99999.9E+99,+99999.9E+99,+99999.9E+99,+99999.9E+99,+99999.9E+99,+99999.9E+99,+99999.9E+99,+99999.9E+99,+99999.9E+99,+99999.9E+99,+99999.9E+99,+99999.9E+99,1B00,0,0,0,1B00,76.5443E+00,76.6042E+00,76.5461E+00,76.5649E+00,72.3770E+00,72.7055E+00,72.4395E+00,72.5073E+00,76.5443E+00,76.6042E+00,76.5461E+00,0.0000E+00,0.0000E+00,0.0000E+00,72.4569E+00,72.2431E+00,72.2298E+00,105.673E+00,106.053E+00,105.716E+00,-104.451E+00,-104.624E+00,-105.209E+00,22.555E+00,21.589E+00,22.141E+00,+99999.9E+99,+99999.9E+99,+99999.9E+99,0.201E+00,9.4867E+00,8.9617E+00,9.1005E+00,9.1830E+00,8.1990E+00,7.7588E+00,7.7925E+00,7.9168E+00,9.4854E+00,8.9584E+00,9.0918E+00,-0.1556E+00,-0.2419E+00,0.3986E+00,7.7206E+00,8.1422E+00,8.3352E+00,26.0757E+00,24.1538E+00,25.1295E+00,-26.5748E+00,-25.5276E+00,-22.5109E+00,52.523E+00,48.388E+00,47.202E+00,+99999.9E+99,+99999.9E+99,+99999.9E+99,4.547E+00,0.28879E+03,0.26957E+03,0.28418E+03,0.84254E+03,0.27365E+03,0.29467E+03,0.29701E+03,0.86534E+03,0.42176E+03,0.39733E+03,0.40342E+03,1.22251E+03,0.31689E+03,0.32753E+03,0.34154E+03,0.98540E+03,-0.30737E+03,-0.29190E+03,-0.28633E+03,-0.88561E+03,-0.15978E+03,-0.14298E+03,-0.16863E+03,-0.47139E+03,-0.68474E+00,-0.67844E+00,-0.70443E+00,-0.68919E+00,-0.86357E+00,-0.89969E+00,-0.86961E+00,-0.87816E+00,0.000E+00,120.104E+00,-120.093E+00,60.183E+00,175.983E+00,-60.406E+00,-46.785E+00,-47.278E+00,-45.216E+00,-46.434E+00,201.602E+00,201.880E+00,201.991E+00,94.808E+00,+99999.9E+99,+99999.9E+99,0.00004E+06,-0.00053E+06,0.00000E+00,10.092E+00,0.756E+03,0.00080E+06,43.762E+00,F0F08
2021/11/30,17:34:02,00000:00:27,350,38003F00,700,1F00,1F00,3F00,99.929E+00,0.000E+00,0.000E+00,110.992E+00,0.000E+00,0.000E+00,0.487E+00,0.000E+00,0.000E+00,99.928E+00,0.000E+00,0.000E+00,0.000E+00,0.000E+00,0.000E+00,100.964E+00,0.000E+00,0.000E+00,98.943E+00,0.000E+00,0.000E+00,23.035E+00,+99999.9E+99,+99999.9E+99,1.011E+00,+99999.9E+99,+99999.9E+99,11.6439E+00,0.00000E+00,0.00000E+00,11.9533E+00,0.00000E+00,0.00000E+00,4.4459E+00,0.00000E+00,0.00000E+00,10.7617E+00,0.00000E+00,0.00000E+00,4.4362E+00,0.00000E+00,0.00000E+00,17.4007E+00,0.0000E+00,0.0000E+00,3.3700E+00,0.0000E+00,0.0000E+00,9.137E+00,+99999.9E+99,+99999.9E+99,65.188E+00,+99999.9E+99,+99999.9E+99,1.07346E+03,0.00000E+03,0.00000E+03,0.00000E+03,0.00000E+03,0.00000E+03,1.16357E+03,0.00000E+03,0.00000E+03,0.00000E+03,0.00000E+03,0.00000E+03,0.44897E+03,0.00000E+03,0.00000E+03,0.00000E+03,0.00000E+03,0.00000E+03,0.92256E+00,0.00000E+00,0.00000E+00,0.90221E+00,0.80678E+00,0.39050E+00,0.000E+00,98.600E+00,149.058E+00,154.450E+00,-45.183E+00,82.043E+00,22.697E+00,90.000E+00,90.000E+00,12.6191E+00,0.00000E+00,0.00000E+00,126.829E+00,100.000E+00,100.000E+00,-0.28799E+03,0.00000E+03,0.00000E+03,+99999.9E+99,+99999.9E+99,+99999.9E+99,+99999.9E+99,+99999.9E+99,+99999.9E+99,+99999.9E+99,+99999.9E+99,+99999.9E+99,+99999.9E+99,+99999.9E+99,+99999.9E+99,1B00,0,0,0,1B00,77.0123E+00,77.4312E+00,77.3381E+00,77.2605E+00,71.7285E+00,72.5365E+00,72.3497E+00,72.2049E+00,77.0123E+00,77.4312E+00,77.3381E+00,0.0000E+00,0.0000E+00,0.0000E+00,72.2776E+00,72.7439E+00,72.6136E+00,105.440E+00,106.110E+00,105.620E+00,-104.639E+00,-104.491E+00,-105.074E+00,20.071E+00,19.938E+00,20.304E+00,+99999.9E+99,+99999.9E+99,+99999.9E+99,0.388E+00,14.0037E+00,13.6806E+00,13.8047E+00,13.8296E+00,13.0792E+00,12.8916E+00,12.8408E+00,12.9372E+00,14.0027E+00,13.6785E+00,13.7987E+00,-0.1684E+00,-0.2380E+00,0.4074E+00,7.9809E+00,7.3591E+00,7.2098E+00,27.6257E+00,27.1305E+00,28.4905E+00,-26.6971E+00,-27.1195E+00,-26.4652E+00,47.210E+00,49.685E+00,51.087E+00,+99999.9E+99,+99999.9E+99,+99999.9E+99,7.307E+00,0.45840E+03,0.44623E+03,0.45683E+03,1.36145E+03,0.29182E+03,0.25286E+03,0.27269E+03,0.81736E+03,0.63113E+03,0.61652E+03,0.62429E+03,1.87195E+03,0.32591E+03,0.29333E+03,0.29554E+03,0.91342E+03,-0.43382E+03,-0.42542E+03,-0.42550E+03,-1.28474E+03,-0.14512E+03,-0.14868E+03,-0.11394E+03,-0.40774E+03,-0.72631E+00,-0.72378E+00,-0.73175E+00,-0.72729E+00,-0.89539E+00,-0.86202E+00,-0.92269E+00,-0.89484E+00,0.000E+00,119.897E+00,-119.730E+00,56.655E+00,-179.703E+00,-67.211E+00,-43.422E+00,-43.633E+00,-42.967E+00,-43.340E+00,201.697E+00,201.307E+00,200.984E+00,90.110E+00,+99999.9E+99,+99999.9E+99,0.00013E+06,-0.00078E+06,0.00000E+00,15.472E+00,0.757E+03,0.00123E+06,43.688E+00,F0F08
2021/11/30,17:34:02,00000:00:27,400,38003F00,500,1F00,1F00,3F00,99.929E+00,0.000E+00,0.000E+00,110.992E+00,0.000E+00,0.000E+00,0.487E+00,0.000E+00,0.000E+00,99.928E+00,0.000E+00,0.000E+00,0.000E+00,0.000E+00,0.000E+00,100.964E+00,0.000E+00,0.000E+00,98.943E+00,0.000E+00,0.000E+00,66.537E+00,426.484E+00,+99999.9E+99,1.011E+00,+99999.9E+99,+99999.9E+99,11.6439E+00,0.00000E+00,0.00000E+00,11.9533E+00,0.00000E+00,0.00000E+00,4.4459E+00,0.00000E+00,0.00000E+00,10.7617E+00,0.00000E+00,0.00000E+00,4.0507E+00,0.00000E+00,0.00000E+00,17.4007E+00,0.0000E+00,0.0000E+00,3.3700E+00,0.0000E+00,0.0000E+00,47.986E+00,+99999.9E+99,+99999.9E+99,65.188E+00,+99999.9E+99,+99999.9E+99,1.07346E+03,0.00000E+03,0.00000E+03,0.00000E+03,0.00000E+03,0.00000E+03,1.16357E+03,0.00000E+03,0.00000E+03,0.00000E+03,0.00000E+03,0.00000E+03,0.44897E+03,0.00000E+03,0.00000E+03,0.00000E+03,0.00000E+03,0.00000E+03,0.92256E+00,0.00000E+00,0.00000E+00,0.89412E+00,0.63535E+00,0.52853E+00,0.000E+00,129.522E+00,170.822E+00,153.396E+00,0.076E+00,112.728E+00,22.697E+00,90.000E+00,90.000E+00,12.6191E+00,0.00000E+00,0.00000E+00,92.584E+00,100.000E+00,100.000E+00,0.07961E+03,0.00000E+03,0.00000E+03,+99999.9E+99,+99999.9E+99,+99999.9E+99,+99999.9E+99,+99999.9E+99,+99999.9E+99,+99999.9E+99,+99999.9E+99,+99999.9E+99,+99999.9E+99,+99999.9E+99,+99999.9E+99,1B00,0,0,0,1B00,76.7325E+00,76.8747E+00,76.6772E+00,76.7615E+00,72.2123E+00,72.5812E+00,72.1465E+00,72.3133E+00,76.7324E+00,76.8747E+00,76.6772E+00,0.0000E+00,0.0000E+00,0.0000E+00,70.2442E+00,70.2778E+00,70.1714E+00,105.856E+00,106.056E+00,105.861E+00,-104.487E+00,-104.763E+00,-104.741E+00,38.243E+00,37.943E+00,38.115E+00,+99999.9E+99,+99999.9E+99,+99999.9E+99,0.085E+00,11.2077E+00,10.9709E+00,11.2566E+00,11.1451E+00,9.6113E+00,9.3943E+00,9.6215E+00,9.5424E+00,11.2071E+00,10.9708E+00,11.2556E+00,-0.1237E+00,0.0000E+00,0.1513E+00,14.7512E+00,14.6396E+00,14.9746E+00,27.7052E+00,27.1495E+00,28.4867E+00,-26.3410E+00,-27.1610E+00,-26.5243E+00,40.746E+00,40.783E+00,39.408E+00,+99999.9E+99,+99999.9E+99,+99999.9E+99,1.430E+00,0.32836E+03,0.32469E+03,0.34079E+03,0.99385E+03,0.51752E+03,0.51955E+03,0.53150E+03,1.56857E+03,0.49995E+03,0.48972E+03,0.50234E+03,1.49200E+03,0.59636E+03,0.59107E+03,0.60527E+03,1.79260E+03,-0.37700E+03,-0.36660E+03,-0.36906E+03,-1.11265E+03,-0.29633E+03,-0.28183E+03,-0.28959E+03,-0.86775E+03,-0.65680E+00,-0.66302E+00,-0.67841E+00,-0.66612E+00,-0.86780E+00,-0.87900E+00,-0.87812E+00,-0.87503E+00,0.000E+00,120.073E+00,-119.942E+00,59.810E+00,178.506E+00,-61.328E+00,-48.944E+00,-48.469E+00,-47.280E+00,-48.232E+00,201.867E+00,202.299E+00,202.531E+00,91.032E+00,+99999.9E+99,+99999.9E+99,0.00009E+06,-0.00058E+06,0.00000E+00,11.420E+00,0.757E+03,0.00090E+06,43.783E+00,F0F08
2021/11/30,17:34:02,00000:00:27,450,38003A00,2A00,3800,3800,3800,99.868E+00,0.000E+00,0.000E+00,110.924E+00,0.000E+00,0.000E+00,0.516E+00,0.000E+00,0.000E+00,99.867E+00,0.000E+00,0.000E+00,0.000E+00,0.000E+00,0.000E+00,101.000E+00,0.000E+00,0.000E+00,98.800E+00,0.000E+00,0.000E+00,66.537E+00,426.484E+00,+99999.9E+99,1.101E+00,+99999.9E+99,+99999.9E+99,12.1076E+00,0.00000E+00,0.00000E+00,12.3746E+00,0.00000E+00,0.00000E+00,4.7403E+00,0.00000E+00,0.00000E+00,11.1411E+00,0.00000E+00,0.00000E+00,4.0507E+00,0.00000E+00,0.00000E+00,18.2374E+00,0.0000E+00,0.0000E+00,3.3876E+00,0.0000E+00,0.0000E+00,47.986E+00,+99999.9E+99,+99999.9E+99,66.644E+00,+99999.9E+99,+99999.9E+99,1.11042E+03,0.00000E+03,0.00000E+03,0.00000E+03,0.00000E+03,0.00000E+03,1.20916E+03,0.00000E+03,0.00000E+03,0.00000E+03,0.00000E+03,0.00000E+03,0.47857E+03,0.00000E+03,0.00000E+03,0.00000E+03,0.00000E+03,0.00000E+03,0.91834E+00,0.00000E+00,0.00000E+00,0.89412E+00,0.63535E+00,0.52853E+00,0.000E+00,129.522E+00,170.822E+00,153.396E+00,0.076E+00,112.728E+00,23.315E+00,90.000E+00,90.000E+00,0.00000E+00,0.00000E+00,0.00000E+00,77.560E+00,100.000E+00,100.000E+00,0.24918E+03,0.00000E+03,0.00000E+03,+99999.9E+99,+99999.9E+99,+99999.9E+99,+99999.9E+99,+99999.9E+99,+99999.9E+99,+99999.9E+99,+99999.9E+99,+99999.9E+99,+99999.9E+99,+99999.9E+99,+99999.9E+99,1B00,0,0,0,1B00,76.5714E+00,76.6081E+00,76.5701E+00,76.5832E+00,72.4720E+00,72.7703E+00,72.5433E+00,72.5952E+00,76.5714E+00,76.6081E+00,76.5701E+00,0.0000E+00,0.0000E+00,0.0000E+00,73.0390E+00,73.0432E+00,72.9192E+00,105.743E+00,106.093E+00,105.797E+00,-104.543E+00,-104.773E+00,-104.677E+00,15.030E+00,14.830E+00,14.911E+00,+99999.9E+99,+99999.9E+99,+99999.9E+99,0.113E+00,9.6052E+00,9.0869E+00,9.2095E+00,9.3005E+00,8.3084E+00,7.8744E+00,7.9022E+00,8.0284E+00,9.6040E+00,9.0831E+00,9.2003E+00,-0.1489E+00,-0.2613E+00,0.4113E+00,4.9053E+00,4.8033E+00,5.2602E+00,26.1995E+00,24.1643E+00,25.1110E+00,-26.6495E+00,-25.3590E+00,-22.4171E+00,61.945E+00,60.915E+00,55.783E+00,+99999.9E+99,+99999.9E+99,+99999.9E+99,3.985E+00,0.29549E+03,0.27555E+03,0.29020E+03,0.86124E+03,0.16924E+03,0.17527E+03,0.18341E+03,0.52793E+03,0.42750E+03,0.40319E+03,0.40847E+03,1.23916E+03,0.20073E+03,0.19938E+03,0.21187E+03,0.61172E+03,-0.30894E+03,-0.29433E+03,-0.28746E+03,-0.89073E+03,-0.10792E+03,-0.09503E+03,-0.10607E+03,-0.30902E+03,-0.69120E+00,-0.68343E+00,-0.71045E+00,-0.69502E+00,-0.84316E+00,-0.87910E+00,-0.86567E+00,-0.86302E+00,0.000E+00,120.106E+00,-119.947E+00,62.524E+00,178.519E+00,-59.852E+00,-46.275E+00,-46.887E+00,-44.729E+00,-45.971E+00,201.986E+00,201.352E+00,201.334E+00,94.396E+00,+99999.9E+99,+99999.9E+99,0.00005E+06,-0.00054E+06,0.00000E+00,10.268E+00,0.756E+03,0.00081E+06,43.850E+00,F0F08
2021/11/30,17:34:02,00000:00:27,500,38003F00,2D00,3F00,3F00,3F00,99.868E+00,0.000E+00,0.000E+00,110.924E+00,0.000E+00,0.000E+00,0.516E+00,0.000E+00,0.000E+00,99.867E+00,0.000E+00,0.000E+00,0.000E+00,0.000E+00,0.000E+00,101.000E+00,0.000E+00,0.000E+00,98.800E+00,0.000E+00,0.000E+00,37.268E+00,+99999.9E+99,420.124E+00,1.101E+00,+99999.9E+99,+99999.9E+99,12.1076E+00,0.00000E+00,0.00000E+00,12.3746E+00,0.00000E+00,0.00000E+00,4.7403E+00,0.00000E+00,0.00000E+00,11.1411E+00,0.00000E+00,0.00000E+00,4.3086E+00,0.00000E+00,0.00000E+00,18.2374E+00,0.0000E+00,0.0000E+00,3.3876E+00,0.0000E+00,0.0000E+00,45.423E+00,+99999.9E+99,+99999.9E+99,66.644E+00,+99999.9E+99,+99999.9E+99,1.11042E+03,0.00000E+03,0.00000E+03,0.00000E+03,0.00000E+03,0.00000E+03,1.20916E+03,0.00000E+03,0.00000E+03,0.00000E+03,0.00000E+03,0.00000E+03,0.47857E+03,0.00000E+03,0.00000E+03,0.00000E+03,0.00000E+03,0.00000E+03,0.91834E+00,0.00000E+00,0.00000E+00,0.93008E+00,0.29329E+00,0.62571E+00,0.000E+00,-100.027E+00,129.696E+00,158.447E+00,-172.972E+00,-101.570E+00,23.315E+00,90.000E+00,90.000E+00,0.00000E+00,0.00000E+00,0.00000E+00,122.399E+00,100.000E+00,100.000E+00,-0.24873E+03,0.00000E+03,0.00000E+03,+99999.9E+99,+99999.9E+99,+99999.9E+99,+99999.9E+99,+99999.9E+99,+99999.9E+99,+99999.9E+99,+99999.9E+99,+99999.9E+99,+99999.9E+99,+99999.9E+99,+99999.9E+99,1B00,0,0,0,1B00,77.0038E+00,77.4939E+00,77.3315E+00,77.2764E+00,71.7165E+00,72.5978E+00,72.3127E+00,72.2090E+00,77.0037E+00,77.4939E+00,77.3315E+00,0.0000E+00,0.0000E+00,0.0000E+00,71.7146E+00,72.3126E+00,72.1151E+00,105.681E+00,105.900E+00,105.574E+00,-104.470E+00,-104.910E+00,-104.661E+00,25.172E+00,25.484E+00,25.431E+00,+99999.9E+99,+99999.9E+99,+99999.9E+99,0.484E+00,13.9666E+00,13.6787E+00,13.8102E+00,13.8185E+00,13.0504E+00,12.8917E+00,12.8483E+00,12.9301E+00,13.9657E+00,13.6765E+00,13.8042E+00,-0.1616E+00,-0.2423E+00,0.4050E+00,10.1899E+00,9.3133E+00,9.4445E+00,27.6819E+00,27.0971E+00,28.5909E+00,-26.4271E+00,-27.2505E+00,-26.6857E+00,43.769E+00,46.772E+00,47.193E+00,+99999.9E+99,+99999.9E+99,+99999.9E+99,6.947E+00,0.45651E+03,0.44652E+03,0.45612E+03,1.35915E+03,0.37231E+03,0.32490E+03,0.35004E+03,1.04725E+03,0.62892E+03,0.61682E+03,0.62522E+03,1.87097E+03,0.41561E+03,0.37610E+03,0.37962E+03,1.16971E+03,-0.43259E+03,-0.42555E+03,-0.42762E+03,-1.28576E+03,-0.18469E+03,-0.18945E+03,-0.14690E+03,-0.52104E+03,-0.72586E+00,-0.72390E+00,-0.72954E+00,-0.72644E+00,-0.89583E+00,-0.86387E+00,-0.92209E+00,-0.89531E+00,0.000E+00,119.900E+00,-119.644E+00,56.656E+00,-179.940E+00,-67.063E+00,-43.459E+00,-43.622E+00,-43.153E+00,-43.411E+00,201.357E+00,202.172E+00,201.958E+00,90.241E+00,+99999.9E+99,+99999.9E+99,0.00013E+06,-0.00078E+06,0.00000E+00,15.459E+00,0.758E+03,0.00123E+06,43.561E+00,F0F08
2021/11/30,17:34:02,00000:00:27,550,38003F00,2800,3B00,3B00,3F00,100.034E+00,0.000E+00,0.000E+00,111.108E+00,0.000E+00,0.000E+00,0.502E+00,0.000E+00,0.000E+00,100.033E+00,0.000E+00,0.000E+00,0.000E+00,0.000E+00,0.000E+00,100.929E+00,0.000E+00,0.000E+00,98.836E+00,0.000E+00,0.000E+00,37.268E+00,+99999.9E+99,420.124E+00,1.046E+00,+99999.9E+99,+99999.9E+99,11.2796E+00,0.00000E+00,0.00000E+00,11.5223E+00,0.00000E+00,0.00000E+00,4.4290E+00,0.00000E+00,0.00000E+00,10.3737E+00,0.00000E+00,0.00000E+00,4.3086E+00,0.00000E+00,0.00000E+00,18.2507E+00,0.0000E+00,0.0000E+00,4.1081E+00,0.0000E+00,0.0000E+00,45.423E+00,+99999.9E+99,+99999.9E+99,68.166E+00,+99999.9E+99,+99999.9E+99,1.03573E+03,0.00000E+03,0.00000E+03,0.00000E+03,0.00000E+03,0.00000E+03,1.12835E+03,0.00000E+03,0.00000E+03,0.00000E+03,0.00000E+03,0.00000E+03,-0.44769E+03,0.00000E+03,0.00000E+03,0.00000E+03,0.00000E+03,0.00000E+03,-0.91792E+00,0.00000E+00,0.00000E+00,0.93008E+00,0.29329E+00,0.62571E+00,0.000E+00,-100.027E+00,129.696E+00,158.447E+00,-172.972E+00,-101.570E+00,-23.376E+00,90.000E+00,90.000E+00,9.32076E+00,0.00000E+00,0.00000E+00,84.602E+00,100.000E+00,100.000E+00,0.15948E+03,0.00000E+03,0.00000E+03,+99999.9E+99,+99999.9E+99,+99999.9E+99,+99999.9E+99,+99999.9E+99,+99999.9E+99,+99999.9E+99,+99999.9E+99,+99999.9E+99,+99999.9E+99,+99999.9E+99,+99999.9E+99,1B00,0,0,0,1B00,76.7036E+00,76.6893E+00,76.3914E+00,76.5948E+00,72.5715E+00,72.7229E+00,72.0568E+00,72.4504E+00,76.7036E+00,76.6893E+00,76.3914E+00,0.0000E+00,0.0000E+00,0.0000E+00,70.7503E+00,70.6456E+00,70.4791E+00,105.757E+00,106.083E+00,105.627E+00,-104.311E+00,-104.626E+00,-104.076E+00,35.757E+00,35.282E+00,35.721E+00,+99999.9E+99,+99999.9E+99,+99999.9E+99,0.224E+00,9.7518E+00,9.3348E+00,9.9343E+00,9.6736E+00,8.4494E+00,8.0991E+00,8.4917E+00,8.3468E+00,9.7511E+00,9.3348E+00,9.9343E+00,-0.1127E+00,0.0000E+00,0.0000E+00,13.4079E+00,13.4511E+00,14.0067E+00,26.3019E+00,24.8195E+00,27.2490E+00,-25.7348E+00,-23.5329E+00,-26.3819E+00,42.836E+00,42.099E+00,40.221E+00,+99999.9E+99,+99999.9E+99,+99999.9E+99,2.540E+00,0.28702E+03,0.28478E+03,0.30445E+03,0.87624E+03,0.46703E+03,0.48234E+03,0.49129E+03,1.44066E+03,0.43376E+03,0.41565E+03,0.44094E+03,1.29034E+03,0.54252E+03,0.54559E+03,0.56330E+03,1.65111E+03,-0.32522E+03,-0.30276E+03,-0.31896E+03,-0.94694E+03,-0.27607E+03,-0.25498E+03,-0.27558E+03,-0.80662E+03,-0.66170E+00,-0.68515E+00,-0.69045E+00,-0.67908E+00,-0.86085E+00,-0.88408E+00,-0.87216E+00,-0.87254E+00,0.000E+00,120.198E+00,-119.984E+00,60.532E+00,177.988E+00,-60.567E+00,-48.571E+00,-46.753E+00,-46.334E+00,-47.228E+00,202.427E+00,201.777E+00,202.135E+00,92.041E+00,+99999.9E+99,+99999.9E+99,0.00007E+06,-0.00052E+06,0.00000E+00,10.180E+00,0.757E+03,0.00081E+06,43.939E+00,F0F08
2021/11/30,17:34:02,00000:00:27,600,38003F00,0,1B00,1B00,3F00,99.936E+00,0.000E+00,0.000E+00,111.000E+00,0.000E+00,0.000E+00,0.493E+00,0.000E+00,0.000E+00,99.935E+00,0.000E+00,0.000E+00,0.000E+00,0.000E+00,0.000E+00,100.918E+00,0.000E+00,0.000E+00,98.764E+00,0.000E+00,0.000E+00,105.692E+00,490.785E+00,+99999.9E+99,1.077E+00,+99999.9E+99,+99999.9E+99,11.6102E+00,0.00000E+00,0.00000E+00,11.9315E+00,0.00000E+00,0.00000E+00,4.4050E+00,0.00000E+00,0.00000E+00,10.7421E+00,0.00000E+00,0.00000E+00,3.0927E+00,0.00000E+00,0.00000E+00,18.0148E+00,0.0000E+00,0.0000E+00,4.0376E+00,0.0000E+00,0.0000E+00,103.052E+00,+99999.9E+99,+99999.9E+99,65.058E+00,+99999.9E+99,+99999.9E+99,1.07158E+03,0.00000E+03,0.00000E+03,0.00000E+03,0.00000E+03,0.00000E+03,1.16028E+03,0.00000E+03,0.00000E+03,0.00000E+03,0.00000E+03,0.00000E+03,0.44494E+03,0.00000E+03,0.00000E+03,0.00000E+03,0.00000E+03,0.00000E+03,0.92355E+00,0.00000E+00,0.00000E+00,0.82324E+00,0.77127E+00,0.90341E+00,0.000E+00,92.562E+00,150.549E+00,145.410E+00,53.030E+00,-4.061E+00,22.549E+00,90.000E+00,90.000E+00,12.6323E+00,0.00000E+00,0.00000E+00,95.834E+00,100.000E+00,100.000E+00,0.04464E+03,0.00000E+03,0.00000E+03,+99999.9E+99,+99999.9E+99,+99999.9E+99,+99999.9E+99,+99999.9E+99,+99999.9E+99,+99999.9E+99,+99999.9E+99,+99999.9E+99,+99999.9E+99,+99999.9E+99,+99999.9E+99,1B00,0,0,0,1B00,76.5483E+00,77.0132E+00,77.0451E+00,76.8688E+00,71.8268E+00,72.7310E+00,72.7742E+00,72.4440E+00,76.5483E+00,77.0132E+00,77.0451E+00,0.0000E+00,0.0000E+00,0.0000E+00,73.1318E+00,73.2309E+00,73.1371E+00,105.656E+00,106.064E+00,105.801E+00,-104.924E+00,-104.747E+00,-104.576E+00,13.997E+00,13.928E+00,14.146E+00,+99999.9E+99,+99999.9E+99,+99999.9E+99,0.086E+00,11.4912E+00,11.2489E+00,11.0252E+00,11.2551E+00,9.9585E+00,9.8152E+00,9.5017E+00,9.7585E+00,11.4901E+00,11.2416E+00,11.0107E+00,-0.1577E+00,-0.4051E+00,0.5639E+00,4.8485E+00,4.6047E+00,4.8157E+00,27.3176E+00,27.0986E+00,28.4510E+00,-25.9838E+00,-26.5119E+00,-25.7162E+00,58.191E+00,59.718E+00,56.560E+00,+99999.9E+99,+99999.9E+99,+99999.9E+99,2.403E+00,0.35416E+03,0.33394E+03,0.33884E+03,1.02694E+03,0.17486E+03,0.17056E+03,0.17894E+03,0.52436E+03,0.51319E+03,0.50153E+03,0.49396E+03,1.50869E+03,0.20025E+03,0.19327E+03,0.20044E+03,0.59387E+03,-0.37140E+03,-0.37419E+03,-0.35943E+03,-1.10502E+03,-0.09761E+03,-0.09089E+03,-0.09031E+03,-0.27881E+03,-0.69010E+00,-0.66585E+00,-0.68596E+00,-0.68068E+00,-0.87317E+00,-0.88252E+00,-0.89274E+00,-0.88295E+00,0.000E+00,120.038E+00,-119.917E+00,59.212E+00,178.050E+00,-63.138E+00,-46.362E+00,-48.253E+00,-46.689E+00,-47.103E+00,201.240E+00,202.039E+00,201.373E+00,93.012E+00,+99999.9E+99,+99999.9E+99,0.00007E+06,-0.00062E+06,0.00000E+00,12.054E+00,0.757E+03,0.00096E+06,43.599E+00,F0F0F
2021/11/30,17:34:02,00000:00:27,650,38003D00,500,1C00,1C00,3800,99.936E+00,0.000E+00,0.000E+00,111.000E+00,0.000E+00,0.000E+00,0.493E+00,0.000E+00,0.000E+00,99.935E+00,0.000E+00,0.000E+00,0.000E+00,0.000E+00,0.000E+00,100.918E+00,0.000E+00,0.000E+00,98.764E+00,0.000E+00,0.000E+00,105.692E+00,490.785E+00,+99999.9E+99,1.077E+00,+99999.9E+99,+99999.9E+99,11.6102E+00,0.00000E+00,0.00000E+00,11.9315E+00,0.00000E+00,0.00000E+00,4.4050E+00,0.00000E+00,0.00000E+00,10.7421E+00,0.00000E+00,0.00000E+00,3.0927E+00,0.00000E+00,0.00000E+00,18.0148E+00,0.0000E+00,0.0000E+00,4.0376E+00,0.0000E+00,0.0000E+00,103.052E+00,+99999.9E+99,+99999.9E+99,65.058E+00,+99999.9E+99,+99999.9E+99,1.07158E+03,0.00000E+03,0.00000E+03,0.00000E+03,0.00000E+03,0.00000E+03,1.16028E+03,0.00000E+03,0.00000E+03,0.00000E+03,0.00000E+03,0.00000E+03,0.44494E+03,0.00000E+03,0.00000E+03,0.00000E+03,0.00000E+03,0.00000E+03,0.92355E+00,0.00000E+00,0.00000E+00,0.82324E+00,0.77127E+00,0.90341E+00,0.000E+00,92.562E+00,150.549E+00,145.410E+00,53.030E+00,-4.061E+00,22.549E+00,90.000E+00,90.000E+00,12.6323E+00,0.00000E+00,0.00000E+00,120.843E+00,100.000E+00,100.000E+00,-0.22335E+03,0.00000E+03,0.00000E+03,+99999.9E+99,+99999.9E+99,+99999.9E+99,+99999.9E+99,+99999.9E+99,+99999.9E+99,+99999.9E+99,+99999.9E+99,+99999.9E+99,+99999.9E+99,+99999.9E+99,+99999.9E+99,1B00,0,0,0,1B00,77.2327E+00,77.2373E+00,76.9995E+00,77.1565E+00,72.2677E+00,72.4467E+00,71.8871E+00,72.2005E+00,77.2327E+00,77.2373E+00,76.9995E+00,0.0000E+00,0.0000E+00,0.0000E+00,70.4616E+00,71.0679E+00,70.9602E+00,105.384E+00,105.656E+00,105.476E+00,-104.420E+00,-104.760E+00,-104.689E+00,33.881E+00,33.808E+00,33.764E+00,+99999.9E+99,+99999.9E+99,+99999.9E+99,0.529E+00,13.5859E+00,13.1562E+00,13.5605E+00,13.4342E+00,12.5120E+00,12.0899E+00,12.4644E+00,12.3554E+00,13.5850E+00,13.1562E+00,13.5594E+00,-0.1503E+00,0.0000E+00,0.1793E+00,13.6812E+00,12.7637E+00,12.7128E+00,27.6781E+00,27.1348E+00,28.5909E+00,-26.4419E+00,-27.0948E+00,-26.7405E+00,40.412E+00,42.757E+00,42.996E+00,+99999.9E+99,+99999.9E+99,+99999.9E+99,4.613E+00,0.42886E+03,0.42137E+03,0.44470E+03,1.29493E+03,0.48382E+03,0.43998E+03,0.46530E+03,1.38911E+03,0.61232E+03,0.59302E+03,0.60987E+03,1.81520E+03,0.55136E+03,0.51601E+03,0.51984E+03,1.58621E+03,-0.43705E+03,-0.41727E+03,-0.41736E+03,-1.27167E+03,-0.26441E+03,-0.26960E+03,-0.23179E+03,-0.76579E+03,-0.70039E+00,-0.71056E+00,-0.72917E+00,-0.71338E+00,-0.87751E+00,-0.85266E+00,-0.89509E+00,-0.87574E+00,0.000E+00,119.823E+00,-119.662E+00,58.942E+00,-178.734E+00,-63.412E+00,-45.542E+00,-44.720E+00,-43.183E+00,-44.490E+00,202.179E+00,201.535E+00,201.962E+00,89.552E+00,+99999.9E+99,+99999.9E+99,0.00014E+06,-0.00074E+06,0.00000E+00,14.619E+00,0.757E+03,0.00116E+06,43.802E+00,F0F0F
2021/11/30,17:34:02,00000:00:27,700,38003F00,500,1F00,1F00,3F00,99.936E+00,0.000E+00,0.000E+00,111.000E+00,0.000E+00,0.000E+00,0.493E+00,0.000E+00,0.000E+00,99.935E+00,0.000E+00,0.000E+00,0.000E+00,0.000E+00,0.000E+00,100.918E+00,0.000E+00,0.000E+00,98.764E+00,0.000E+00,0.000E+00,21.473E+00,+99999.9E+99,332.911E+00,1.077E+00,+99999.9E+99,+99999.9E+99,11.6102E+00,0.00000E+00,0.00000E+00,11.9315E+00,0.00000E+00,0.00000E+00,4.4050E+00,0.00000E+00,0.00000E+00,10.7421E+00,0.00000E+00,0.00000E+00,4.4779E+00,0.00000E+00,0.00000E+00,18.0148E+00,0.0000E+00,0.0000E+00,4.0376E+00,0.0000E+00,0.0000E+00,11.300E+00,+99999.9E+99,+99999.9E+99,65.058E+00,+99999.9E+99,+99999.9E+99,1.07158E+03,0.00000E+03,0.00000E+03,0.00000E+03,0.00000E+03,0.00000E+03,1.16028E+03,0.00000E+03,0.00000E+03,0.00000E+03,0.00000E+03,0.00000E+03,0.44494E+03,0.00000E+03,0.00000E+03,0.00000E+03,0.00000E+03,0.00000E+03,0.92355E+00,0.00000E+00,0.00000E+00,0.91709E+00,0.87067E+00,0.60740E+00,0.000E+00,-63.591E+00,156.120E+00,156.504E+00,145.872E+00,-151.282E+00,22.549E+00,90.000E+00,90.000E+00,12.6323E+00,0.00000E+00,0.00000E+00,72.171E+00,100.000E+00,100.000E+00,0.29821E+03,0.00000E+03,0.00000E+03,+99999.9E+99,+99999.9E+99,+99999.9E+99,+99999.9E+99,+99999.9E+99,+99999.9E+99,+99999.9E+99,+99999.9E+99,+99999.9E+99,+99999.9E+99,+99999.9E+99,+99999.9E+99,1B00,0,0,0,1B00,76.2843E+00,76.6679E+00,76.5179E+00,76.4900E+00,72.2032E+00,72.9113E+00,72.6329E+00,72.5825E+00,76.2843E+00,76.6679E+00,76.5179E+00,0.0000E+00,0.0000E+00,0.0000E+00,71.9383E+00,71.7591E+00,71.6916E+00,105.839E+00,106.153E+00,105.886E+00,-104.180E+00,-104.471E+00,-104.469E+00,27.086E+00,26.136E+00,26.845E+00,+99999.9E+99,+99999.9E+99,+99999.9E+99,0.207E+00,8.2185E+00,8.1943E+00,8.1217E+00,8.1782E+00,7.3174E+00,7.3066E+00,7.2259E+00,7.2833E+00,8.2178E+00,8.1934E+00,8.1184E+00,-0.1068E+00,-0.1215E+00,0.2293E+00,9.6967E+00,9.8899E+00,10.2302E+00,22.0667E+00,20.9009E+00,20.4105E+00,-18.7490E+00,-19.1562E+00,-19.7195E+00,48.522E+00,46.016E+00,44.571E+00,+99999.9E+99,+99999.9E+99,+99999.9E+99,4.282E+00,0.25912E+03,0.25486E+03,0.25939E+03,0.77337E+03,0.33486E+03,0.35910E+03,0.36237E+03,1.05634E+03,0.36360E+03,0.36302E+03,0.36079E+03,1.08741E+03,0.38992E+03,0.40167E+03,0.41839E+03,1.20937E+03,-0.25507E+03,-0.25852E+03,-0.25077E+03,-0.76436E+03,-0.19976E+03,-0.17995E+03,-0.20914E+03,-0.58884E+03,-0.71266E+00,-0.70205E+00,-0.71895E+00,-0.71120E+00,-0.85880E+00,-0.89403E+00,-0.86611E+00,-0.87346E+00,0.000E+00,120.146E+00,-120.049E+00,60.736E+00,176.729E+00,-59.943E+00,-44.549E+00,-45.409E+00,-44.033E+00,-44.667E+00,201.772E+00,202.063E+00,202.049E+00,94.650E+00,+99999.9E+99,+99999.9E+99,0.00004E+06,-0.00048E+06,0.00000E+00,9.241E+00,0.756E+03,0.00073E+06,43.764E+00,F0F08
2021/11/30,17:34:02,00000:00:27,750,38003F00,700,1F00,1F00,3F00,99.936E+00,0.000E+00,0.000E+00,111.000E+00,0.000E+00,0.000E+00,0.493E+00,0.000E+00,0.000E+00,99.935E+00,0.000E+00,0.000E+00,0.000E+00,0.000E+00,0.000E+00,100.918E+00,0.000E+00,0.000E+00,98.764E+00,0.000E+00,0.000E+00,64.813E+00,+99999.9E+99,+99999.9E+99,1.077E+00,+99999.9E+99,+99999.9E+99,11.6102E+00,0.00000E+00,0.00000E+00,11.9315E+00,0.00000E+00,0.00000E+00,4.4050E+00,0.00000E+00,0.00000E+00,10.7421E+00,0.00000E+00,0.00000E+00,4.0455E+00,0.00000E+00,0.00000E+00,18.0148E+00,0.0000E+00,0.0000E+00,4.0376E+00,0.0000E+00,0.0000E+00,46.890E+00,+99999.9E+99,+99999.9E+99,65.058E+00,+99999.9E+99,+99999.9E+99,1.07158E+03,0.00000E+03,0.00000E+03,0.00000E+03,0.00000E+03,0.00000E+03,1.16028E+03,0.00000E+03,0.00000E+03,0.00000E+03,0.00000E+03,0.00000E+03,0.44494E+03,0.00000E+03,0.00000E+03,0.00000E+03,0.00000E+03,0.00000E+03,0.92355E+00,0.00000E+00,0.00000E+00,0.89478E+00,0.99527E+00,0.81052E+00,0.000E+00,120.696E+00,138.032E+00,153.481E+00,-53.729E+00,-77.822E+00,22.549E+00,90.000E+00,90.000E+00,12.6323E+00,0.00000E+00,0.00000E+00,117.539E+00,100.000E+00,100.000E+00,-0.18795E+03,0.00000E+03,0.00000E+03,+99999.9E+99,+99999.9E+99,+99999.9E+99,+99999.9E+99,+99999.9E+99,+99999.9E+99,+99999.9E+99,+99999.9E+99,+99999.9E+99,+99999.9E+99,+99999.9E+99,+99999.9E+99,1B00,0,0,0,1B00,77.0788E+00,77.2162E+00,77.1155E+00,77.1368E+00,72.1463E+00,72.5685E+00,72.2719E+00,72.3289E+00,77.0788E+00,77.2162E+00,77.1155E+00,0.0000E+00,0.0000E+00,0.0000E+00,72.7597E+00,73.1335E+00,73.0223E+00,105.823E+00,106.049E+00,105.727E+00,-104.506E+00,-104.594E+00,-104.691E+00,16.326E+00,16.520E+00,16.826E+00,+99999.9E+99,+99999.9E+99,+99999.9E+99,0.311E+00,13.3989E+00,12.9556E+00,13.1493E+00,13.1679E+00,12.2068E+00,11.7517E+00,11.8182E+00,11.9256E+00,13.3978E+00,12.9517E+00,13.1402E+00,-0.1691E+00,-0.3187E+00,0.4888E+00,6.4230E+00,5.7992E+00,5.6558E+00,27.8619E+00,27.0714E+00,28.5033E+00,-26.5729E+00,-27.1443E+00,-26.5429E+00,49.678E+00,53.928E+00,55.115E+00,+99999.9E+99,+99999.9E+99,+99999.9E+99,6.626E+00,0.42766E+03,0.40737E+03,0.42450E+03,1.25953E+03,0.23126E+03,0.20318E+03,0.21731E+03,0.65176E+03,0.60334E+03,0.58246E+03,0.59120E+03,1.77700E+03,0.25832E+03,0.23473E+03,0.23614E+03,0.72831E+03,-0.42559E+03,-0.41631E+03,-0.41147E+03,-1.25337E+03,-0.11508E+03,-0.11754E+03,-0.09241E+03,-0.32503E+03,-0.70882E+00,-0.69938E+00,-0.71804E+00,-0.70880E+00,-0.89527E+00,-0.86560E+00,-0.92026E+00,-0.89489E+00,0.000E+00,119.930E+00,-119.775E+00,56.629E+00,179.927E+00,-66.860E+00,-44.861E+00,-45.622E+00,-44.107E+00,-44.863E+00,201.812E+00,201.484E+00,201.756E+00,90.878E+00,+99999.9E+99,+99999.9E+99,0.00011E+06,-0.00074E+06,0.00000E+00,14.434E+00,0.757E+03,0.00114E+06,43.714E+00,F0F08
2021/11/30,17:34:03,00000:00:27,800,38003F00,500,1F00,1F00,3F00,99.936E+00,0.000E+00,0.000E+00,111.000E+00,0.000E+00,0.000E+00,0.493E+00,0.000E+00,0.000E+00,99.935E+00,0.000E+00,0.000E+00,0.000E+00,0.000E+00,0.000E+00,100.918E+00,0.000E+00,0.000E+00,98.764E+00,0.000E+00,0.000E+00,64.813E+00,+99999.9E+99,+99999.9E+99,1.077E+00,+99999.9E+99,+99999.9E+99,11.6102E+00,0.00000E+00,0.00000E+00,11.9315E+00,0.00000E+00,0.00000E+00,4.4050E+00,0.00000E+00,0.00000E+00,10.7421E+00,0.00000E+00,0.00000E+00,4.0455E+00,0.00000E+00,0.00000E+00,18.0148E+00,0.0000E+00,0.0000E+00,4.0376E+00,0.0000E+00,0.0000E+00,46.890E+00,+99999.9E+99,+99999.9E+99,65.058E+00,+99999.9E+99,+99999.9E+99,1.07158E+03,0.00000E+03,0.00000E+03,0.00000E+03,0.00000E+03,0.00000E+03,1.16028E+03,0.00000E+03,0.00000E+03,0.00000E+03,0.00000E+03,0.00000E+03,0.44494E+03,0.00000E+03,0.00000E+03,0.00000E+03,0.00000E+03,0.00000E+03,0.92355E+00,0.00000E+00,0.00000E+00,0.89478E+00,0.99527E+00,0.81052E+00,0.000E+00,120.696E+00,138.032E+00,153.481E+00,-53.729E+00,-77.822E+00,22.549E+00,90.000E+00,90.000E+00,12.6323E+00,0.00000E+00,0.00000E+00,101.385E+00,100.000E+00,100.000E+00,-0.01484E+03,0.00000E+03,0.00000E+03,+99999.9E+99,+99999.9E+99,+99999.9E+99,+99999.9E+99,+99999.9E+99,+99999.9E+99,+99999.9E+99,+99999.9E+99,+99999.9E+99,+99999.9E+99,+99999.9E+99,+99999.9E+99,1B00,0,0,0,1B00,76.7589E+00,77.0965E+00,76.8473E+00,76.9009E+00,72.0261E+00,72.6502E+00,72.1966E+00,72.2910E+00,76.7589E+00,77.0965E+00,76.8473E+00,0.0000E+00,0.0000E+00,0.0000E+00,70.0489E+00,70.2642E+00,70.1707E+00,105.460E+00,106.004E+00,105.524E+00,-104.501E+00,-104.664E+00,-104.639E+00,38.984E+00,38.793E+00,38.778E+00,+99999.9E+99,+99999.9E+99,+99999.9E+99,0.182E+00,11.9348E+00,11.7612E+00,12.0443E+00,11.9134E+00,10.4408E+00,10.3665E+00,10.5489E+00,10.4521E+00,11.9344E+00,11.7612E+00,12.0443E+00,-0.1001E+00,0.0000E+00,0.0000E+00,15.3512E+00,14.9594E+00,15.1554E+00,27.8233E+00,27.0867E+00,28.4629E+00,-26.4010E+00,-27.1386E+00,-26.5019E+00,39.540E+00,40.455E+00,39.563E+00,+99999.9E+99,+99999.9E+99,+99999.9E+99,1.580E+00,0.35659E+03,0.35865E+03,0.37118E+03,1.08642E+03,0.54101E+03,0.52618E+03,0.54231E+03,1.60950E+03,0.53329E+03,0.52694E+03,0.54044E+03,1.60067E+03,0.61971E+03,0.60370E+03,0.61338E+03,1.83667E+03,-0.39654E+03,-0.38604E+03,-0.39281E+03,-1.17540E+03,-0.30224E+03,-0.29595E+03,-0.28660E+03,-0.88479E+03,-0.66866E+00,-0.68063E+00,-0.68681E+00,-0.67873E+00,-0.87301E+00,-0.87160E+00,-0.88413E+00,-0.87632E+00,0.000E+00,119.982E+00,-119.855E+00,59.293E+00,179.294E+00,-62.059E+00,-48.036E+00,-47.107E+00,-46.622E+00,-47.256E+00,202.056E+00,202.418E+00,201.907E+00,90.426E+00,+99999.9E+99,+99999.9E+99,0.00010E+06,-0.00062E+06,0.00000E+00,12.386E+00,0.757E+03,0.00098E+06,43.771E+00,F0F08
2021/11/30,17:34:03,00000:00:27,850,38003A00,2A00,3800,3800,3800,99.865E+00,0.000E+00,0.000E+00,110.920E+00,0.000E+00,0.000E+00,0.503E+00,0.000E+00,0.000E+00,99.863E+00,0.000E+00,0.000E+00,0.000E+00,0.000E+00,0.000E+00,100.925E+00,0.000E+00,0.000E+00,98.807E+00,0.000E+00,0.000E+00,64.813E+00,+99999.9E+99,+99999.9E+99,1.060E+00,+99999.9E+99,+99999.9E+99,12.1029E+00,0.00000E+00,0.00000E+00,12.4175E+00,0.00000E+00,0.00000E+00,4.6364E+00,0.00000E+00,0.00000E+00,11.1797E+00,0.00000E+00,0.00000E+00,4.0455E+00,0.00000E+00,0.00000E+00,18.2988E+00,0.0000E+00,0.0000E+00,3.9690E+00,0.0000E+00,0.0000E+00,46.890E+00,+99999.9E+99,+99999.9E+99,64.089E+00,+99999.9E+99,+99999.9E+99,1.11434E+03,0.00000E+03,0.00000E+03,0.00000E+03,0.00000E+03,0.00000E+03,1.20865E+03,0.00000E+03,0.00000E+03,0.00000E+03,0.00000E+03,0.00000E+03,0.46808E+03,0.00000E+03,0.00000E+03,0.00000E+03,0.00000E+03,0.00000E+03,0.92196E+00,0.00000E+00,0.00000E+00,0.89478E+00,0.99527E+00,0.81052E+00,0.000E+00,120.696E+00,138.032E+00,153.481E+00,-53.729E+00,-77.822E+00,22.785E+00,90.000E+00,90.000E+00,0.00000E+00,0.00000E+00,0.00000E+00,76.980E+00,100.000E+00,100.000E+00,0.25652E+03,0.00000E+03,0.00000E+03,+99999.9E+99,+99999.9E+99,+99999.9E+99,+99999.9E+99,+99999.9E+99,+99999.9E+99,+99999.9E+99,+99999.9E+99,+99999.9E+99,+99999.9E+99,+99999.9E+99,+99999.9E+99,1B00,0,0,0,1B00,76.5419E+00,76.6567E+00,76.5683E+00,76.5890E+00,72.4148E+00,72.8104E+00,72.5165E+00,72.5806E+00,76.5419E+00,76.6567E+00,76.5683E+00,0.0000E+00,0.0000E+00,0.0000E+00,72.9113E+00,72.7345E+00,72.6699E+00,105.774E+00,106.026E+00,105.739E+00,-104.666E+00,-105.130E+00,-104.484E+00,18.342E+00,17.930E+00,17.950E+00,+99999.9E+99,+99999.9E+99,+99999.9E+99,0.198E+00,9.5791E+00,9.0753E+00,9.2059E+00,9.2868E+00,8.2902E+00,7.8666E+00,7.8985E+00,8.0184E+00,9.5779E+00,9.0718E+00,9.1971E+00,-0.1522E+00,-0.2500E+00,0.4032E+00,6.0737E+00,6.3844E+00,6.7851E+00,26.0957E+00,24.1495E+00,25.0524E+00,-26.5890E+00,-25.5048E+00,-22.5205E+00,57.401E+00,53.062E+00,50.248E+00,+99999.9E+99,+99999.9E+99,+99999.9E+99,4.923E+00,0.29374E+03,0.27478E+03,0.28928E+03,0.85781E+03,0.21718E+03,0.23431E+03,0.23820E+03,0.68969E+03,0.42597E+03,0.40276E+03,0.40860E+03,1.23734E+03,0.25291E+03,0.26052E+03,0.27407E+03,0.78698E+03,-0.30849E+03,-0.29447E+03,-0.28857E+03,-0.89153E+03,-0.12960E+03,-0.11387E+03,-0.13557E+03,-0.37905E+03,-0.68958E+00,-0.68225E+00,-0.70798E+00,-0.69327E+00,-0.85872E+00,-0.89941E+00,-0.86910E+00,-0.87637E+00,0.000E+00,120.133E+00,-120.057E+00,60.743E+00,176.027E+00,-60.302E+00,-46.403E+00,-46.980E+00,-44.929E+00,-46.110E+00,202.048E+00,201.425E+00,202.161E+00,94.687E+00,+99999.9E+99,+99999.9E+99,0.00005E+06,-0.00054E+06,0.00000E+00,10.253E+00,0.756E+03,0.00081E+06,43.841E+00,F0F08
2021/11/30,17:34:03,00000:00:27,900,38003F00,2D00,3F00,3F00,3F00,99.865E+00,0.000E+00,0.000E+00,110.920E+00,0.000E+00,0.000E+00,0.503E+00,0.000E+00,0.000E+00,99.863E+00,0.000E+00,0.000E+00,0.000E+00,0.000E+00,0.000E+00,100.925E+00,0.000E+00,0.000E+00,98.807E+00,0.000E+00,0.000E+00,36.623E+00,355.765E+00,399.776E+00,1.060E+00,+99999.9E+99,+99999.9E+99,12.1029E+00,0.00000E+00,0.00000E+00,12.4175E+00,0.00000E+00,0.00000E+00,4.6364E+00,0.00000E+00,0.00000E+00,11.1797E+00,0.00000E+00,0.00000E+00,4.1435E+00,0.00000E+00,0.00000E+00,18.2988E+00,0.0000E+00,0.0000E+00,3.9690E+00,0.0000E+00,0.0000E+00,45.352E+00,+99999.9E+99,+99999.9E+99,64.089E+00,+99999.9E+99,+99999.9E+99,1.11434E+03,0.00000E+03,0.00000E+03,0.00000E+03,0.00000E+03,0.00000E+03,1.20865E+03,0.00000E+03,0.00000E+03,0.00000E+03,0.00000E+03,0.00000E+03,0.46808E+03,0.00000E+03,0.00000E+03,0.00000E+03,0.00000E+03,0.00000E+03,0.92196E+00,0.00000E+00,0.00000E+00,0.93019E+00,0.99995E+00,0.62596E+00,0.000E+00,-3.767E+00,138.852E+00,158.465E+00,176.800E+00,-169.901E+00,22.785E+00,90.000E+00,90.000E+00,0.00000E+00,0.00000E+00,0.00000E+00,121.526E+00,100.000E+00,100.000E+00,-0.23987E+03,0.00000E+03,0.00000E+03,+99999.9E+99,+99999.9E+99,+99999.9E+99,+99999.9E+99,+99999.9E+99,+99999.9E+99,+99999.9E+99,+99999.9E+99,+99999.9E+99,+99999.9E+99,+99999.9E+99,+99999.9E+99,1B00,0,0,0,1B00,77.0272E+00,77.4678E+00,77.3383E+00,77.2778E+00,71.7376E+00,72.5861E+00,72.3286E+00,72.2174E+00,77.0272E+00,77.4678E+00,77.3383E+00,0.0000E+00,0.0000E+00,0.0000E+00,71.7531E+00,72.3192E+00,72.1145E+00,105.544E+00,106.131E+00,105.544E+00,-104.757E+00,-104.689E+00,-104.496E+00,25.255E+00,25.526E+00,25.424E+00,+99999.9E+99,+99999.9E+99,+99999.9E+99,0.454E+00,13.9490E+00,13.6203E+00,13.7658E+00,13.7783E+00,13.0385E+00,12.8373E+00,12.8063E+00,12.8940E+00,13.9481E+00,13.6182E+00,13.7602E+00,-0.1561E+00,-0.2349E+00,0.3921E+00,10.1507E+00,9.3039E+00,9.4407E+00,27.5657E+00,27.0843E+00,28.4033E+00,-26.6657E+00,-27.0286E+00,-26.6743E+00,44.062E+00,46.844E+00,47.245E+00,+99999.9E+99,+99999.9E+99,+99999.9E+99,6.698E+00,0.45557E+03,0.44374E+03,0.45490E+03,1.35420E+03,0.37030E+03,0.32476E+03,0.34906E+03,1.04412E+03,0.62875E+03,0.61410E+03,0.62278E+03,1.86563E+03,0.41403E+03,0.37599E+03,0.37936E+03,1.16789E+03,-0.43334E+03,-0.42451E+03,-0.42536E+03,-1.28321E+03,-0.18520E+03,-0.18948E+03,-0.14857E+03,-0.52325E+03,-0.72456E+00,-0.72259E+00,-0.73043E+00,-0.72587E+00,-0.89438E+00,-0.86374E+00,-0.92012E+00,-0.89402E+00,0.000E+00,119.921E+00,-119.655E+00,56.828E+00,-179.907E+00,-66.766E+00,-43.568E+00,-43.731E+00,-43.078E+00,-43.459E+00,201.601E+00,202.229E+00,201.126E+00,90.411E+00,+99999.9E+99,+99999.9E+99,0.00013E+06,-0.00078E+06,0.00000E+00,15.432E+00,0.758E+03,0.00122E+06,43.628E+00,F0F08
2021/11/30,17:34:03,00000:00:27,950,38003F00,2800,3B00,3B00,3F00,100.038E+00,0.000E+00,0.000E+00,111.113E+00,0.000E+00,0.000E+00,0.500E+00,0.000E+00,0.000E+00,100.037E+00,0.000E+00,0.000E+00,0.000E+00,0.000E+00,0.000E+00,100.929E+00,0.000E+00,0.000E+00,98.804E+00,0.000E+00,0.000E+00,36.623E+00,355.765E+00,399.776E+00,1.062E+00,+99999.9E+99,+99999.9E+99,11.2321E+00,0.00000E+00,0.00000E+00,11.4699E+00,0.00000E+00,0.00000E+00,4.4183E+00,0.00000E+00,0.00000E+00,10.3266E+00,0.00000E+00,0.00000E+00,4.1435E+00,0.00000E+00,0.00000E+00,18.1048E+00,0.0000E+00,0.0000E+00,4.0214E+00,0.0000E+00,0.0000E+00,45.352E+00,+99999.9E+99,+99999.9E+99,68.190E+00,+99999.9E+99,+99999.9E+99,1.03106E+03,0.00000E+03,0.00000E+03,0.00000E+03,0.00000E+03,0.00000E+03,1.12363E+03,0.00000E+03,0.00000E+03,0.00000E+03,0.00000E+03,0.00000E+03,0.44661E+03,0.00000E+03,0.00000E+03,0.00000E+03,0.00000E+03,0.00000E+03,0.91762E+00,0.00000E+00,0.00000E+00,0.93019E+00,0.99995E+00,0.62596E+00,0.000E+00,-3.767E+00,138.852E+00,158.465E+00,176.800E+00,-169.901E+00,23.420E+00,90.000E+00,90.000E+00,9.34218E+00,0.00000E+00,0.00000E+00,84.941E+00,100.000E+00,100.000E+00,0.15526E+03,0.00000E+03,0.00000E+03,+99999.9E+99,+99999.9E+99,+99999.9E+99,+99999.9E+99,+99999.9E+99,+99999.9E+99,+99999.9E+99,+99999.9E+99,+99999.9E+99,+99999.9E+99,+99999.9E+99,+99999.9E+99,1B00,0,0,0,1B00,76.7332E+00,76.6896E+00,76.3930E+00,76.6053E+00,72.6185E+00,72.7276E+00,72.0550E+00,72.4670E+00,76.7331E+00,76.6896E+00,76.3930E+00,0.0000E+00,0.0000E+00,0.0000E+00,70.7797E+00,70.6894E+00,70.5105E+00,105.767E+00,105.919E+00,105.836E+00,-104.607E+00,-106.714E+00,-104.587E+00,35.702E+00,35.205E+00,35.708E+00,+99999.9E+99,+99999.9E+99,+99999.9E+99,0.226E+00,9.7480E+00,9.3333E+00,9.9428E+00,9.6747E+00,8.4410E+00,8.0900E+00,8.4951E+00,8.3420E+00,9.7480E+00,9.3333E+00,9.9428E+00,0.0000E+00,0.0000E+00,0.0000E+00,13.3542E+00,13.4025E+00,13.9839E+00,26.3771E+00,24.8386E+00,27.0886E+00,-25.5552E+00,-23.3943E+00,-26.7505E+00,42.979E+00,42.198E+00,40.242E+00,+99999.9E+99,+99999.9E+99,+99999.9E+99,2.697E+00,0.28662E+03,0.28463E+03,0.30455E+03,0.87580E+03,0.46462E+03,0.48101E+03,0.49039E+03,1.43602E+03,0.43383E+03,0.41569E+03,0.44137E+03,1.29089E+03,0.54042E+03,0.54396E+03,0.56270E+03,1.64674E+03,-0.32567E+03,-0.30296E+03,-0.31946E+03,-0.94809E+03,-0.27602E+03,-0.25402E+03,-0.27594E+03,-0.80598E+03,-0.66067E+00,-0.68471E+00,-0.69002E+00,-0.67844E+00,-0.85973E+00,-0.88427E+00,-0.87151E+00,-0.87204E+00,0.000E+00,120.203E+00,-119.972E+00,60.664E+00,177.963E+00,-60.479E+00,-48.649E+00,-46.787E+00,-46.368E+00,-47.278E+00,202.029E+00,201.759E+00,202.638E+00,91.800E+00,+99999.9E+99,+99999.9E+99,0.00007E+06,-0.00052E+06,0.00000E+00,10.146E+00,0.757E+03,0.00080E+06,43.815E+00,F0F08
2021/11/30,17:34:03,00000:00:28,0,38003F00,0,1B00,1B00,3F00,99.939E+00,0.000E+00,0.000E+00,111.002E+00,0.000E+00,0.000E+00,0.511E+00,0.000E+00,0.000E+00,99.937E+00,0.000E+00,0.000E+00,0.000E+00,0.000E+00,0.000E+00,100.921E+00,0.000E+00,0.000E+00,98.821E+00,0.000E+00,0.000E+00,106.242E+00,+99999.9E+99,+99999.9E+99,1.051E+00,+99999.9E+99,+99999.9E+99,11.6600E+00,0.00000E+00,0.00000E+00,11.9069E+00,0.00000E+00,0.00000E+00,4.5867E+00,0.00000E+00,0.00000E+00,10.7200E+00,0.00000E+00,0.00000E+00,3.0682E+00,0.00000E+00,0.00000E+00,18.1940E+00,0.0000E+00,0.0000E+00,4.1529E+00,0.0000E+00,0.0000E+00,104.348E+00,+99999.9E+99,+99999.9E+99,65.491E+00,+99999.9E+99,+99999.9E+99,1.06923E+03,0.00000E+03,0.00000E+03,0.00000E+03,0.00000E+03,0.00000E+03,1.16529E+03,0.00000E+03,0.00000E+03,0.00000E+03,0.00000E+03,0.00000E+03,0.46330E+03,0.00000E+03,0.00000E+03,0.00000E+03,0.00000E+03,0.00000E+03,0.91757E+00,0.00000E+00,0.00000E+00,0.82195E+00,0.21525E+00,0.96372E+00,0.000E+00,2.515E+00,158.562E+00,145.280E+00,-99.915E+00,174.044E+00,23.427E+00,90.000E+00,90.000E+00,12.6195E+00,0.00000E+00,0.00000E+00,95.654E+00,100.000E+00,100.000E+00,0.04646E+03,0.00000E+03,0.00000E+03,+99999.9E+99,+99999.9E+99,+99999.9E+99,+99999.9E+99,+99999.9E+99,+99999.9E+99,+99999.9E+99,+99999.9E+99,+99999.9E+99,+99999.9E+99,+99999.9E+99,+99999.9E+99,1B00,0,0,0,1B00,76.5191E+00,77.0174E+00,77.0197E+00,76.8521E+00,71.7819E+00,72.7376E+00,72.7296E+00,72.4164E+00,76.5191E+00,77.0173E+00,77.0197E+00,0.0000E+00,0.0000E+00,0.0000E+00,73.1396E+00,73.2413E+00,73.1408E+00,105.784E+00,106.107E+00,105.724E+00,-104.473E+00,-104.847E+00,-105.011E+00,13.965E+00,13.763E+00,14.066E+00,+99999.9E+99,+99999.9E+99,+99999.9E+99,0.095E+00,11.5379E+00,11.2813E+00,11.0822E+00,11.3005E+00,9.9305E+00,9.7750E+00,9.4774E+00,9.7276E+00,11.5364E+00,11.2759E+00,11.0692E+00,-0.1859E+00,-0.3505E+00,0.5374E+00,4.8454E+00,4.6019E+00,4.8260E+00,27.6205E+00,27.0976E+00,28.6548E+00,-26.5581E+00,-26.7524E+00,-26.2176E+00,58.309E+00,59.758E+00,56.318E+00,+99999.9E+99,+99999.9E+99,+99999.9E+99,2.583E+00,0.35248E+03,0.33235E+03,0.33793E+03,1.02276E+03,0.17464E+03,0.17054E+03,0.17954E+03,0.52472E+03,0.51483E+03,0.50278E+03,0.49634E+03,1.51394E+03,0.20033E+03,0.19312E+03,0.20110E+03,0.59444E+03,-0.37524E+03,-0.37726E+03,-0.36353E+03,-1.11603E+03,-0.09814E+03,-0.09061E+03,-0.09058E+03,-0.27933E+03,-0.68466E+00,-0.66103E+00,-0.68085E+00,-0.67556E+00,-0.87177E+00,-0.88308E+00,-0.89282E+00,-0.88271E+00,0.000E+00,120.043E+00,-119.913E+00,59.378E+00,177.983E+00,-63.141E+00,-46.791E+00,-48.621E+00,-47.090E+00,-47.502E+00,202.034E+00,202.020E+00,201.417E+00,93.111E+00,+99999.9E+99,+99999.9E+99,0.00007E+06,-0.00062E+06,0.00000E+00,12.019E+00,0.757E+03,0.00095E+06,43.823E+00,F0F0F
2021/11/30,17:34:03,00000:00:28,50,38003F00,700,1C00,1C00,3800,99.939E+00,0.000E+00,0.000E+00,111.002E+00,0.000E+00,0.000E+00,0.511E+00,0.000E+00,0.000E+00,99.937E+00,0.000E+00,0.000E+00,0.000E+00,0.000E+00,0.000E+00,100.921E+00,0.000E+00,0.000E+00,98.821E+00,0.000E+00,0.000E+00,23.294E+00,+99999.9E+99,400.252E+00,1.051E+00,+99999.9E+99,+99999.9E+99,11.6600E+00,0.00000E+00,0.00000E+00,11.9069E+00,0.00000E+00,0.00000E+00,4.5867E+00,0.00000E+00,0.00000E+00,10.7200E+00,0.00000E+00,0.00000E+00,4.6227E+00,0.00000E+00,0.00000E+00,18.1940E+00,0.0000E+00,0.0000E+00,4.1529E+00,0.0000E+00,0.0000E+00,14.413E+00,+99999.9E+99,+99999.9E+99,65.491E+00,+99999.9E+99,+99999.9E+99,1.06923E+03,0.00000E+03,0.00000E+03,0.00000E+03,0.00000E+03,0.00000E+03,1.16529E+03,0.00000E+03,0.00000E+03,0.00000E+03,0.00000E+03,0.00000E+03,0.46330E+03,0.00000E+03,0.00000E+03,0.00000E+03,0.00000E+03,0.00000E+03,0.91757E+00,0.00000E+00,0.00000E+00,0.91671E+00,0.21449E+00,0.99568E+00,0.000E+00,-94.087E+00,158.174E+00,156.450E+00,163.528E+00,-16.498E+00,23.427E+00,90.000E+00,90.000E+00,12.6195E+00,0.00000E+00,0.00000E+00,121.047E+00,100.000E+00,100.000E+00,-0.22504E+03,0.00000E+03,0.00000E+03,+99999.9E+99,+99999.9E+99,+99999.9E+99,+99999.9E+99,+99999.9E+99,+99999.9E+99,+99999.9E+99,+99999.9E+99,+99999.9E+99,+99999.9E+99,+99999.9E+99,+99999.9E+99,1B00,0,0,0,1B00,77.2189E+00,77.2352E+00,77.0105E+00,77.1549E+00,72.2393E+00,72.4374E+00,71.8863E+00,72.1877E+00,77.2189E+00,77.2352E+00,77.0105E+00,0.0000E+00,0.0000E+00,0.0000E+00,71.0163E+00,71.7118E+00,71.5028E+00,105.250E+00,105.587E+00,105.581E+00,-104.507E+00,-104.659E+00,-104.631E+00,29.499E+00,29.775E+00,29.700E+00,+99999.9E+99,+99999.9E+99,+99999.9E+99,0.570E+00,13.5856E+00,13.1686E+00,13.5583E+00,13.4375E+00,12.5092E+00,12.0983E+00,12.4641E+00,12.3572E+00,13.5848E+00,13.1686E+00,13.5567E+00,-0.1507E+00,0.0000E+00,0.2020E+00,12.0917E+00,10.8960E+00,11.0625E+00,27.6671E+00,27.0624E+00,28.5367E+00,-26.3200E+00,-27.1738E+00,-26.6010E+00,41.743E+00,45.388E+00,45.431E+00,+99999.9E+99,+99999.9E+99,+99999.9E+99,6.466E+00,0.42871E+03,0.42145E+03,0.44410E+03,1.29426E+03,0.42784E+03,0.37575E+03,0.40465E+03,1.20824E+03,0.61222E+03,0.59336E+03,0.60991E+03,1.81550E+03,0.48478E+03,0.44238E+03,0.44583E+03,1.37132E+03,-0.43706E+03,-0.41768E+03,-0.41805E+03,-1.27280E+03,-0.22796E+03,-0.23348E+03,-0.18715E+03,-0.64859E+03,-0.70026E+00,-0.71027E+00,-0.72814E+00,-0.71290E+00,-0.88254E+00,-0.84939E+00,-0.90763E+00,-0.88108E+00,0.000E+00,119.877E+00,-119.585E+00,58.368E+00,-178.366E+00,-64.985E+00,-45.552E+00,-44.743E+00,-43.270E+00,-44.529E+00,201.390E+00,201.580E+00,201.955E+00,89.452E+00,+99999.9E+99,+99999.9E+99,0.00014E+06,-0.00074E+06,0.00000E+00,14.591E+00,0.758E+03,0.00116E+06,43.566E+00,F0F08
2021/11/30,17:34:03,00000:00:28,100,38003F00,500,1F00,1F00,3F00,99.939E+00,0.000E+00,0.000E+00,111.002E+00,0.000E+00,0.000E+00,0.511E+00,0.000E+00,0.000E+00,99.937E+00,0.000E+00,0.000E+00,0.000E+00,0.000E+00,0.000E+00,100.921E+00,0.000E+00,0.000E+00,98.821E+00,0.000E+00,0.000E+00,23.294E+00,+99999.9E+99,400.252E+00,1.051E+00,+99999.9E+99,+99999.9E+99,11.6600E+00,0.00000E+00,0.00000E+00,11.9069E+00,0.00000E+00,0.00000E+00,4.5867E+00,0.00000E+00,0.00000E+00,10.7200E+00,0.00000E+00,0.00000E+00,4.6227E+00,0.00000E+00,0.00000E+00,18.1940E+00,0.0000E+00,0.0000E+00,4.1529E+00,0.0000E+00,0.0000E+00,14.413E+00,+99999.9E+99,+99999.9E+99,65.491E+00,+99999.9E+99,+99999.9E+99,1.06923E+03,0.00000E+03,0.00000E+03,0.00000E+03,0.00000E+03,0.00000E+03,1.16529E+03,0.00000E+03,0.00000E+03,0.00000E+03,0.00000E+03,0.00000E+03,0.46330E+03,0.00000E+03,0.00000E+03,0.00000E+03,0.00000E+03,0.00000E+03,0.91757E+00,0.00000E+00,0.00000E+00,0.91671E+00,0.21449E+00,0.99568E+00,0.000E+00,-94.087E+00,158.174E+00,156.450E+00,163.528E+00,-16.498E+00,23.427E+00,90.000E+00,90.000E+00,12.6195E+00,0.00000E+00,0.00000E+00,70.233E+00,100.000E+00,100.000E+00,0.31827E+03,0.00000E+03,0.00000E+03,+99999.9E+99,+99999.9E+99,+99999.9E+99,+99999.9E+99,+99999.9E+99,+99999.9E+99,+99999.9E+99,+99999.9E+99,+99999.9E+99,+99999.9E+99,+99999.9E+99,+99999.9E+99,1B00,0,0,0,1B00,76.2606E+00,76.6742E+00,76.5117E+00,76.4822E+00,72.0798E+00,72.8475E+00,72.5668E+00,72.4980E+00,76.2606E+00,76.6742E+00,76.5117E+00,0.0000E+00,0.0000E+00,0.0000E+00,71.3113E+00,71.2264E+00,71.0533E+00,105.839E+00,106.149E+00,105.799E+00,-104.489E+00,-104.673E+00,-104.591E+00,31.921E+00,31.168E+00,31.808E+00,+99999.9E+99,+99999.9E+99,+99999.9E+99,0.220E+00,8.0935E+00,8.0623E+00,7.9994E+00,8.0517E+00,7.1885E+00,7.1623E+00,7.0911E+00,7.1473E+00,8.0935E+00,8.0611E+00,7.9960E+00,0.0000E+00,-0.1411E+00,0.2316E+00,11.7458E+00,11.7396E+00,12.3617E+00,22.3662E+00,20.7186E+00,20.5333E+00,-18.6629E+00,-19.2952E+00,-19.9014E+00,45.117E+00,44.056E+00,41.952E+00,+99999.9E+99,+99999.9E+99,+99999.9E+99,3.442E+00,0.25184E+03,0.24652E+03,0.25259E+03,0.75096E+03,0.40437E+03,0.42537E+03,0.43275E+03,1.26249E+03,0.35780E+03,0.35703E+03,0.35516E+03,1.06998E+03,0.47140E+03,0.47903E+03,0.49808E+03,1.44804E+03,-0.25416E+03,-0.25825E+03,-0.24967E+03,-0.76208E+03,-0.24229E+03,-0.22030E+03,-0.24659E+03,-0.70917E+03,-0.70387E+00,-0.69050E+00,-0.71120E+00,-0.70184E+00,-0.85781E+00,-0.88798E+00,-0.86884E+00,-0.87186E+00,0.000E+00,120.203E+00,-119.964E+00,60.885E+00,177.502E+00,-60.164E+00,-45.262E+00,-46.331E+00,-44.667E+00,-45.425E+00,202.384E+00,202.041E+00,201.972E+00,95.271E+00,+99999.9E+99,+99999.9E+99,0.00004E+06,-0.00047E+06,0.00000E+00,9.036E+00,0.756E+03,0.00072E+06,43.962E+00,F0F08
2021/11/30,17:34:03,00000:00:28,150,38003F00,700,1F00,1F00,3F00,99.939E+00,0.000E+00,0.000E+00,111.002E+00,0.000E+00,0.000E+00,0.511E+00,0.000E+00,0.000E+00,99.937E+00,0.000E+00,0.000E+00,0.000E+00,0.000E+00,0.000E+00,100.921E+00,0.000E+00,0.000E+00,98.821E+00,0.000E+00,0.000E+00,68.024E+00,+99999.9E+99,+99999.9E+99,1.051E+00,+99999.9E+99,+99999.9E+99,11.6600E+00,0.00000E+00,0.00000E+00,11.9069E+00,0.00000E+00,0.00000E+00,4.5867E+00,0.00000E+00,0.00000E+00,10.7200E+00,0.00000E+00,0.00000E+00,4.0643E+00,0.00000E+00,0.00000E+00,18.1940E+00,0.0000E+00,0.0000E+00,4.1529E+00,0.0000E+00,0.0000E+00,49.812E+00,+99999.9E+99,+99999.9E+99,65.491E+00,+99999.9E+99,+99999.9E+99,1.06923E+03,0.00000E+03,0.00000E+03,0.00000E+03,0.00000E+03,0.00000E+03,1.16529E+03,0.00000E+03,0.00000E+03,0.00000E+03,0.00000E+03,0.00000E+03,0.46330E+03,0.00000E+03,0.00000E+03,0.00000E+03,0.00000E+03,0.00000E+03,0.91757E+00,0.00000E+00,0.00000E+00,0.89345E+00,0.69556E+00,0.71317E+00,0.000E+00,-121.106E+00,118.734E+00,153.310E+00,12.966E+00,163.240E+00,23.427E+00,90.000E+00,90.000E+00,12.6195E+00,0.00000E+00,0.00000E+00,117.835E+00,100.000E+00,100.000E+00,-0.19070E+03,0.00000E+03,0.00000E+03,+99999.9E+99,+99999.9E+99,+99999.9E+99,+99999.9E+99,+99999.9E+99,+99999.9E+99,+99999.9E+99,+99999.9E+99,+99999.9E+99,+99999.9E+99,+99999.9E+99,+99999.9E+99,1B00,0,0,0,1B00,77.0767E+00,77.1761E+00,77.1145E+00,77.1224E+00,72.1524E+00,72.5415E+00,72.2850E+00,72.3263E+00,77.0767E+00,77.1761E+00,77.1145E+00,0.0000E+00,0.0000E+00,0.0000E+00,73.0275E+00,73.2797E+00,73.1290E+00,105.723E+00,106.156E+00,105.826E+00,-104.509E+00,-104.710E+00,-104.704E+00,13.848E+00,13.842E+00,14.058E+00,+99999.9E+99,+99999.9E+99,+99999.9E+99,0.204E+00,13.4115E+00,12.9443E+00,13.1358E+00,13.1638E+00,12.2176E+00,11.7373E+00,11.8004E+00,11.9184E+00,13.4102E+00,12.9404E+00,13.1261E+00,-0.1869E+00,-0.3169E+00,0.5049E+00,4.9582E+00,4.5010E+00,4.6348E+00,27.6167E+00,27.1976E+00,28.5452E+00,-26.6405E+00,-26.9148E+00,-26.7033E+00,57.399E+00,61.578E+00,59.257E+00,+99999.9E+99,+99999.9E+99,+99999.9E+99,4.716E+00,0.42863E+03,0.40685E+03,0.42445E+03,1.25993E+03,0.17629E+03,0.16149E+03,0.17432E+03,0.51210E+03,0.60414E+03,0.58148E+03,0.59013E+03,1.77575E+03,0.20281E+03,0.18753E+03,0.19387E+03,0.58386E+03,-0.42574E+03,-0.41545E+03,-0.40999E+03,-1.25118E+03,-0.10027E+03,-0.09533E+03,-0.08484E+03,-0.28045E+03,-0.70949E+00,-0.69967E+00,-0.71926E+00,-0.70952E+00,-0.86922E+00,-0.86116E+00,-0.89915E+00,-0.87709E+00,0.000E+00,120.025E+00,-119.816E+00,59.745E+00,-179.492E+00,-63.907E+00,-44.806E+00,-45.600E+00,-44.007E+00,-44.804E+00,201.228E+00,201.408E+00,201.677E+00,90.945E+00,+99999.9E+99,+99999.9E+99,0.00011E+06,-0.00074E+06,0.00000E+00,14.451E+00,0.757E+03,0.00115E+06,43.559E+00,F0F08
2021/11/30,17:34:03,00000:00:28,200,38003F00,2800,3B00,3B00,3F00,99.868E+00,0.000E+00,0.000E+00,110.924E+00,0.000E+00,0.000E+00,0.511E+00,0.000E+00,0.000E+00,99.867E+00,0.000E+00,0.000E+00,0.000E+00,0.000E+00,0.000E+00,100.964E+00,0.000E+00,0.000E+00,98.800E+00,0.000E+00,0.000E+00,68.024E+00,+99999.9E+99,+99999.9E+99,1.084E+00,+99999.9E+99,+99999.9E+99,12.0829E+00,0.00000E+00,0.00000E+00,12.3708E+00,0.00000E+00,0.00000E+00,4.6850E+00,0.00000E+00,0.00000E+00,11.1376E+00,0.00000E+00,0.00000E+00,4.0643E+00,0.00000E+00,0.00000E+00,18.2107E+00,0.0000E+00,0.0000E+00,4.0148E+00,0.0000E+00,0.0000E+00,49.812E+00,+99999.9E+99,+99999.9E+99,63.730E+00,+99999.9E+99,+99999.9E+99,1.11013E+03,0.00000E+03,0.00000E+03,0.00000E+03,0.00000E+03,0.00000E+03,1.20669E+03,0.00000E+03,0.00000E+03,0.00000E+03,0.00000E+03,0.00000E+03,0.47299E+03,0.00000E+03,0.00000E+03,0.00000E+03,0.00000E+03,0.00000E+03,0.91998E+00,0.00000E+00,0.00000E+00,0.89345E+00,0.69556E+00,0.71317E+00,0.000E+00,-121.106E+00,118.734E+00,153.310E+00,12.966E+00,163.240E+00,23.077E+00,90.000E+00,90.000E+00,0.00000E+00,0.00000E+00,0.00000E+00,98.341E+00,100.000E+00,100.000E+00,0.01842E+03,0.00000E+03,0.00000E+03,+99999.9E+99,+99999.9E+99,+99999.9E+99,+99999.9E+99,+99999.9E+99,+99999.9E+99,+99999.9E+99,+99999.9E+99,+99999.9E+99,+99999.9E+99,+99999.9E+99,+99999.9E+99,1B00,0,0,0,1B00,76.7528E+00,77.0766E+00,76.8314E+00,76.8869E+00,72.0366E+00,72.6446E+00,72.1847E+00,72.2886E+00,76.7528E+00,77.0766E+00,76.8314E+00,0.0000E+00,0.0000E+00,0.0000E+00,70.1441E+00,70.5171E+00,70.4649E+00,105.427E+00,105.666E+00,105.634E+00,-104.421E+00,-104.660E+00,-104.631E+00,37.467E+00,37.448E+00,37.376E+00,+99999.9E+99,+99999.9E+99,+99999.9E+99,0.336E+00,11.9548E+00,11.7960E+00,12.0765E+00,11.9424E+00,10.4659E+00,10.3912E+00,10.5874E+00,10.4815E+00,11.9542E+00,11.7960E+00,12.0765E+00,-0.1240E+00,0.0000E+00,0.0000E+00,15.0473E+00,14.4448E+00,14.4613E+00,27.7310E+00,27.1219E+00,28.5367E+00,-26.3062E+00,-27.1743E+00,-26.5371E+00,39.292E+00,40.738E+00,40.615E+00,+99999.9E+99,+99999.9E+99,+99999.9E+99,2.879E+00,0.35810E+03,0.36051E+03,0.37310E+03,1.09171E+03,0.53602E+03,0.50527E+03,0.52516E+03,1.56646E+03,0.53415E+03,0.52835E+03,0.54169E+03,1.60419E+03,0.60853E+03,0.58221E+03,0.58788E+03,1.77820E+03,-0.39634E+03,-0.38624E+03,-0.39271E+03,-1.17529E+03,-0.28807E+03,-0.28925E+03,-0.26422E+03,-0.84155E+03,-0.67041E+00,-0.68233E+00,-0.68877E+00,-0.68054E+00,-0.88085E+00,-0.86786E+00,-0.89331E+00,-0.88092E+00,0.000E+00,119.873E+00,-119.798E+00,58.432E+00,179.637E+00,-63.241E+00,-47.901E+00,-46.974E+00,-46.467E+00,-47.114E+00,202.155E+00,202.296E+00,201.832E+00,90.423E+00,+99999.9E+99,+99999.9E+99,0.00010E+06,-0.00063E+06,0.00000E+00,12.454E+00,0.757E+03,0.00099E+06,43.838E+00,F0F08
2021/11/30,17:34:03,00000:00:28,250,38003D00,2D00,3C00,3C00,3800,99.868E+00,0.000E+00,0.000E+00,110.924E+00,0.000E+00,0.000E+00,0.511E+00,0.000E+00,0.000E+00,99.867E+00,0.000E+00,0.000E+00,0.000E+00,0.000E+00,0.000E+00,100.964E+00,0.000E+00,0.000E+00,98.800E+00,0.000E+00,0.000E+00,36.405E+00,+99999.9E+99,490.415E+00,1.084E+00,+99999.9E+99,+99999.9E+99,12.0829E+00,0.00000E+00,0.00000E+00,12.3708E+00,0.00000E+00,0.00000E+00,4.6850E+00,0.00000E+00,0.00000E+00,11.1376E+00,0.00000E+00,0.00000E+00,4.1407E+00,0.00000E+00,0.00000E+00,18.2107E+00,0.0000E+00,0.0000E+00,4.0148E+00,0.0000E+00,0.0000E+00,45.154E+00,+99999.9E+99,+99999.9E+99,63.730E+00,+99999.9E+99,+99999.9E+99,1.11013E+03,0.00000E+03,0.00000E+03,0.00000E+03,0.00000E+03,0.00000E+03,1.20669E+03,0.00000E+03,0.00000E+03,0.00000E+03,0.00000E+03,0.00000E+03,0.47299E+03,0.00000E+03,0.00000E+03,0.00000E+03,0.00000E+03,0.00000E+03,0.91998E+00,0.00000E+00,0.00000E+00,0.93028E+00,0.24476E+00,0.55501E+00,0.000E+00,-85.541E+00,179.967E+00,158.478E+00,170.291E+00,-123.744E+00,23.077E+00,90.000E+00,90.000E+00,0.00000E+00,0.00000E+00,0.00000E+00,77.726E+00,100.000E+00,100.000E+00,0.24727E+03,0.00000E+03,0.00000E+03,+99999.9E+99,+99999.9E+99,+99999.9E+99,+99999.9E+99,+99999.9E+99,+99999.9E+99,+99999.9E+99,+99999.9E+99,+99999.9E+99,+99999.9E+99,+99999.9E+99,+99999.9E+99,1B00,0,0,0,1B00,76.5495E+00,76.6341E+00,76.5738E+00,76.5858E+00,72.4357E+00,72.7969E+00,72.5330E+00,72.5885E+00,76.5495E+00,76.6341E+00,76.5738E+00,0.0000E+00,0.0000E+00,0.0000E+00,72.4798E+00,72.2729E+00,72.2552E+00,105.871E+00,106.093E+00,105.801E+00,-105.037E+00,-104.846E+00,-104.427E+00,22.456E+00,21.476E+00,22.084E+00,+99999.9E+99,+99999.9E+99,+99999.9E+99,0.197E+00,9.6144E+00,9.0977E+00,9.2329E+00,9.3150E+00,8.3224E+00,7.8904E+00,7.9267E+00,8.0465E+00,9.6134E+00,9.0941E+00,9.2242E+00,-0.1423E+00,-0.2578E+00,0.4012E+00,7.6690E+00,8.0867E+00,8.2904E+00,26.1200E+00,24.1524E+00,25.1100E+00,-26.6300E+00,-25.4795E+00,-22.4729E+00,52.751E+00,48.576E+00,47.404E+00,+99999.9E+99,+99999.9E+99,+99999.9E+99,4.630E+00,0.29556E+03,0.27626E+03,0.29104E+03,0.86286E+03,0.27127E+03,0.29235E+03,0.29505E+03,0.85867E+03,0.42775E+03,0.40367E+03,0.40972E+03,1.24115E+03,0.31477E+03,0.32522E+03,0.33971E+03,0.97913E+03,-0.30922E+03,-0.29434E+03,-0.28839E+03,-0.89194E+03,-0.15967E+03,-0.14248E+03,-0.16837E+03,-0.47052E+03,-0.69096E+00,-0.68436E+00,-0.71034E+00,-0.69521E+00,-0.86179E+00,-0.89892E+00,-0.86853E+00,-0.87697E+00,0.000E+00,120.105E+00,-120.088E+00,60.387E+00,176.082E+00,-60.276E+00,-46.294E+00,-46.814E+00,-44.737E+00,-45.956E+00,201.700E+00,201.751E+00,202.100E+00,94.659E+00,+99999.9E+99,+99999.9E+99,0.00005E+06,-0.00054E+06,0.00000E+00,10.312E+00,0.756E+03,0.00082E+06,43.750E+00,F0F08
2021/11/30,17:34:03,00000:00:28,300,38003F00,2800,3B00,3B00,3F00,99.989E+00,0.000E+00,0.000E+00,111.058E+00,0.000E+00,0.000E+00,0.510E+00,0.000E+00,0.000E+00,99.987E+00,0.000E+00,0.000E+00,0.000E+00,0.000E+00,0.000E+00,100.914E+00,0.000E+00,0.000E+00,98.814E+00,0.000E+00,0.000E+00,36.405E+00,+99999.9E+99,490.415E+00,1.050E+00,+99999.9E+99,+99999.9E+99,10.9026E+00,0.00000E+00,0.00000E+00,11.1508E+00,0.00000E+00,0.00000E+00,4.2521E+00,0.00000E+00,0.00000E+00,10.0392E+00,0.00000E+00,0.00000E+00,4.1407E+00,0.00000E+00,0.00000E+00,18.4090E+00,0.0000E+00,0.0000E+00,4.2350E+00,0.0000E+00,0.0000E+00,45.154E+00,+99999.9E+99,+99999.9E+99,70.593E+00,+99999.9E+99,+99999.9E+99,1.00187E+03,0.00000E+03,0.00000E+03,0.00000E+03,0.00000E+03,0.00000E+03,1.09014E+03,0.00000E+03,0.00000E+03,0.00000E+03,0.00000E+03,0.00000E+03,0.42972E+03,0.00000E+03,0.00000E+03,0.00000E+03,0.00000E+03,0.00000E+03,0.91903E+00,0.00000E+00,0.00000E+00,0.93028E+00,0.24476E+00,0.55501E+00,0.000E+00,-85.541E+00,179.967E+00,158.478E+00,170.291E+00,-123.744E+00,23.215E+00,90.000E+00,90.000E+00,14.5616E+00,0.00000E+00,0.00000E+00,135.322E+00,100.000E+00,100.000E+00,-0.35388E+03,0.00000E+03,0.00000E+03,+99999.9E+99,+99999.9E+99,+99999.9E+99,+99999.9E+99,+99999.9E+99,+99999.9E+99,+99999.9E+99,+99999.9E+99,+99999.9E+99,+99999.9E+99,+99999.9E+99,+99999.9E+99,1B00,0,0,0,1B00,77.0104E+00,77.4783E+00,77.3280E+00,77.2722E+00,71.7245E+00,72.5956E+00,72.3255E+00,72.2152E+00,77.0104E+00,77.4783E+00,77.3280E+00,0.0000E+00,0.0000E+00,0.0000E+00,72.2972E+00,72.7861E+00,72.6458E+00,105.731E+00,105.926E+00,105.656E+00,-103.967E+00,-104.584E+00,-104.366E+00,20.325E+00,20.205E+00,20.558E+00,+99999.9E+99,+99999.9E+99,+99999.9E+99,0.407E+00,13.9617E+00,13.6411E+00,13.7797E+00,13.7942E+00,13.0454E+00,12.8518E+00,12.8147E+00,12.9040E+00,13.9606E+00,13.6395E+00,13.7743E+00,-0.1729E+00,-0.2111E+00,0.3852E+00,8.1210E+00,7.4728E+00,7.3469E+00,27.6290E+00,27.1567E+00,28.6581E+00,-26.5524E+00,-27.1976E+00,-26.8014E+00,46.652E+00,49.270E+00,50.599E+00,+99999.9E+99,+99999.9E+99,+99999.9E+99,7.368E+00,0.45600E+03,0.44444E+03,0.45531E+03,1.35575E+03,0.29706E+03,0.25716E+03,0.27829E+03,0.83252E+03,0.62893E+03,0.61504E+03,0.62346E+03,1.86743E+03,0.33105E+03,0.29721E+03,0.30065E+03,0.92750E+03,-0.43314E+03,-0.42515E+03,-0.42590E+03,-1.28419E+03,-0.14611E+03,-0.14899E+03,-0.11376E+03,-0.40886E+03,-0.72505E+00,-0.72261E+00,-0.73030E+00,-0.72600E+00,-0.89734E+00,-0.86527E+00,-0.92564E+00,-0.89760E+00,0.000E+00,119.896E+00,-119.714E+00,56.415E+00,179.921E+00,-67.644E+00,-43.527E+00,-43.729E+00,-43.089E+00,-43.448E+00,201.779E+00,201.365E+00,201.114E+00,90.144E+00,+99999.9E+99,+99999.9E+99,0.00013E+06,-0.00078E+06,0.00000E+00,15.409E+00,0.757E+03,0.00122E+06,43.697E+00,F0F08
2021/11/30,17:34:03,00000:00:28,350,38003F00,0,1B00,1B00,3F00,99.923E+00,0.000E+00,0.000E+00,110.985E+00,0.000E+00,0.000E+00,0.507E+00,0.000E+00,0.000E+00,99.922E+00,0.000E+00,0.000E+00,0.000E+00,0.000E+00,0.000E+00,100.900E+00,0.000E+00,0.000E+00,98.839E+00,0.000E+00,0.000E+00,22.377E+00,+99999.9E+99,+99999.9E+99,1.031E+00,+99999.9E+99,+99999.9E+99,11.8235E+00,0.00000E+00,0.00000E+00,12.1092E+00,0.00000E+00,0.00000E+00,4.5758E+00,0.00000E+00,0.00000E+00,10.9021E+00,0.00000E+00,0.00000E+00,4.4751E+00,0.00000E+00,0.00000E+00,18.1536E+00,0.0000E+00,0.0000E+00,4.1152E+00,0.0000E+00,0.0000E+00,9.561E+00,+99999.9E+99,+99999.9E+99,64.384E+00,+99999.9E+99,+99999.9E+99,1.08728E+03,0.00000E+03,0.00000E+03,0.00000E+03,0.00000E+03,0.00000E+03,1.18143E+03,0.00000E+03,0.00000E+03,0.00000E+03,0.00000E+03,0.00000E+03,0.46219E+03,0.00000E+03,0.00000E+03,0.00000E+03,0.00000E+03,0.00000E+03,0.92030E+00,0.00000E+00,0.00000E+00,0.90105E+00,0.81103E+00,0.97525E+00,0.000E+00,-91.627E+00,163.911E+00,154.296E+00,52.570E+00,151.136E+00,23.030E+00,90.000E+00,90.000E+00,12.6154E+00,0.00000E+00,0.00000E+00,80.639E+00,100.000E+00,100.000E+00,0.21051E+03,0.00000E+03,0.00000E+03,+99999.9E+99,+99999.9E+99,+99999.9E+99,+99999.9E+99,+99999.9E+99,+99999.9E+99,+99999.9E+99,+99999.9E+99,+99999.9E+99,+99999.9E+99,+99999.9E+99,+99999.9E+99,1B00,0,0,0,1B00,76.7104E+00,76.6525E+00,76.3976E+00,76.5868E+00,72.5878E+00,72.6637E+00,72.0590E+00,72.4369E+00,76.7104E+00,76.6525E+00,76.3976E+00,0.0000E+00,0.0000E+00,0.0000E+00,70.2651E+00,70.3035E+00,70.1939E+00,105.837E+00,106.121E+00,105.613E+00,-104.193E+00,-104.736E+00,-104.034E+00,38.340E+00,37.972E+00,38.185E+00,+99999.9E+99,+99999.9E+99,+99999.9E+99,0.086E+00,9.7523E+00,9.3521E+00,9.9412E+00,9.6819E+00,8.4432E+00,8.1127E+00,8.4994E+00,8.3518E+00,9.7518E+00,9.3521E+00,9.9412E+00,-0.1025E+00,0.0000E+00,0.0000E+00,14.7406E+00,14.6373E+00,14.9726E+00,26.3790E+00,24.8229E+00,27.1757E+00,-25.6086E+00,-23.5086E+00,-26.4752E+00,40.870E+00,40.803E+00,39.460E+00,+99999.9E+99,+99999.9E+99,+99999.9E+99,1.427E+00,0.28675E+03,0.28552E+03,0.30450E+03,0.87677E+03,0.51646E+03,0.51885E+03,0.53060E+03,1.56592E+03,0.43385E+03,0.41625E+03,0.44114E+03,1.29123E+03,0.59597E+03,0.59102E+03,0.60518E+03,1.79207E+03,-0.32558E+03,-0.30289E+03,-0.31919E+03,-0.94765E+03,-0.29741E+03,-0.28301E+03,-0.29103E+03,-0.87145E+03,-0.66094E+00,-0.68594E+00,-0.69026E+00,-0.67902E+00,-0.86659E+00,-0.87790E+00,-0.87677E+00,-0.87380E+00,0.000E+00,120.073E+00,-119.938E+00,59.952E+00,178.638E+00,-61.165E+00,-48.628E+00,-46.691E+00,-46.349E+00,-47.233E+00,201.959E+00,202.389E+00,202.562E+00,92.238E+00,+99999.9E+99,+99999.9E+99,0.00007E+06,-0.00052E+06,0.00000E+00,10.207E+00,0.757E+03,0.00081E+06,43.804E+00,F0F0F
2021/11/30,17:34:03,00000:00:28,400,38003F00,700,1F00,1F00,3F00,99.923E+00,0.000E+00,0.000E+00,110.985E+00,0.000E+00,0.000E+00,0.507E+00,0.000E+00,0.000E+00,99.922E+00,0.000E+00,0.000E+00,0.000E+00,0.000E+00,0.000E+00,100.900E+00,0.000E+00,0.000E+00,98.839E+00,0.000E+00,0.000E+00,22.377E+00,+99999.9E+99,+99999.9E+99,1.031E+00,+99999.9E+99,+99999.9E+99,11.8235E+00,0.00000E+00,0.00000E+00,12.1092E+00,0.00000E+00,0.00000E+00,4.5758E+00,0.00000E+00,0.00000E+00,10.9021E+00,0.00000E+00,0.00000E+00,4.4751E+00,0.00000E+00,0.00000E+00,18.1536E+00,0.0000E+00,0.0000E+00,4.1152E+00,0.0000E+00,0.0000E+00,9.561E+00,+99999.9E+99,+99999.9E+99,64.384E+00,+99999.9E+99,+99999.9E+99,1.08728E+03,0.00000E+03,0.00000E+03,0.00000E+03,0.00000E+03,0.00000E+03,1.18143E+03,0.00000E+03,0.00000E+03,0.00000E+03,0.00000E+03,0.00000E+03,0.46219E+03,0.00000E+03,0.00000E+03,0.00000E+03,0.00000E+03,0.00000E+03,0.92030E+00,0.00000E+00,0.00000E+00,0.90105E+00,0.81103E+00,0.97525E+00,0.000E+00,-91.627E+00,163.911E+00,154.296E+00,52.570E+00,151.136E+00,23.030E+00,90.000E+00,90.000E+00,12.6154E+00,0.00000E+00,0.00000E+00,94.717E+00,100.000E+00,100.000E+00,0.05744E+03,0.00000E+03,0.00000E+03,+99999.9E+99,+99999.9E+99,+99999.9E+99,+99999.9E+99,+99999.9E+99,+99999.9E+99,+99999.9E+99,+99999.9E+99,+99999.9E+99,+99999.9E+99,+99999.9E+99,+99999.9E+99,1B00,0,0,0,1B00,76.5371E+00,77.0249E+00,77.0623E+00,76.8748E+00,71.8005E+00,72.7345E+00,72.7776E+00,72.4375E+00,76.5371E+00,77.0249E+00,77.0623E+00,0.0000E+00,0.0000E+00,0.0000E+00,73.0677E+00,73.0437E+00,72.9387E+00,105.881E+00,106.116E+00,105.904E+00,-104.824E+00,-104.723E+00,-104.346E+00,15.450E+00,15.309E+00,15.325E+00,+99999.9E+99,+99999.9E+99,+99999.9E+99,0.109E+00,11.6492E+00,11.3990E+00,11.1970E+00,11.4151E+00,9.9703E+00,9.8204E+00,9.5225E+00,9.7710E+00,11.6484E+00,11.3914E+00,11.1832E+00,-0.1371E+00,-0.4166E+00,0.5547E+00,5.2317E+00,5.1588E+00,5.5567E+00,27.7281E+00,27.0824E+00,28.4224E+00,-26.6590E+00,-27.1310E+00,-26.1590E+00,58.467E+00,57.582E+00,53.379E+00,+99999.9E+99,+99999.9E+99,+99999.9E+99,3.537E+00,0.35458E+03,0.33508E+03,0.34017E+03,1.02983E+03,0.18594E+03,0.19262E+03,0.19944E+03,0.57799E+03,0.52021E+03,0.50816E+03,0.50190E+03,1.53027E+03,0.21529E+03,0.21547E+03,0.22666E+03,0.65720E+03,-0.38064E+03,-0.38204E+03,-0.36903E+03,-1.13171E+03,-0.10853E+03,-0.09657E+03,-0.10769E+03,-0.31279E+03,-0.68162E+00,-0.65939E+00,-0.67777E+00,-0.67297E+00,-0.86365E+00,-0.89394E+00,-0.87993E+00,-0.87948E+00,0.000E+00,120.102E+00,-119.969E+00,60.257E+00,176.685E+00,-61.543E+00,-47.030E+00,-48.747E+00,-47.330E+00,-47.703E+00,202.048E+00,201.411E+00,201.426E+00,92.682E+00,+99999.9E+99,+99999.9E+99,0.00008E+06,-0.00062E+06,0.00000E+00,12.046E+00,0.757E+03,0.00095E+06,43.827E+00,F0F0F
2021/11/30,17:34:03,00000:00:28,450,38003F00,500,1F00,1F00,3F00,99.923E+00,0.000E+00,0.000E+00,110.985E+00,0.000E+00,0.000E+00,0.507E+00,0.000E+00,0.000E+00,99.922E+00,0.000E+00,0.000E+00,0.000E+00,0.000E+00,0.000E+00,100.900E+00,0.000E+00,0.000E+00,98.839E+00,0.000E+00,0.000E+00,20.819E+00,+99999.9E+99,439.004E+00,1.031E+00,+99999.9E+99,+99999.9E+99,11.8235E+00,0.00000E+00,0.00000E+00,12.1092E+00,0.00000E+00,0.00000E+00,4.5758E+00,0.00000E+00,0.00000E+00,10.9021E+00,0.00000E+00,0.00000E+00,4.5626E+00,0.00000E+00,0.00000E+00,18.1536E+00,0.0000E+00,0.0000E+00,4.1152E+00,0.0000E+00,0.0000E+00,7.921E+00,+99999.9E+99,+99999.9E+99,64.384E+00,+99999.9E+99,+99999.9E+99,1.08728E+03,0.00000E+03,0.00000E+03,0.00000E+03,0.00000E+03,0.00000E+03,1.18143E+03,0.00000E+03,0.00000E+03,0.00000E+03,0.00000E+03,0.00000E+03,0.46219E+03,0.00000E+03,0.00000E+03,0.00000E+03,0.00000E+03,0.00000E+03,0.92030E+00,0.00000E+00,0.00000E+00,0.90483E+00,0.04075E+00,0.21844E+00,0.000E+00,129.274E+00,161.080E+00,154.800E+00,41.610E+00,58.463E+00,23.030E+00,90.000E+00,90.000E+00,12.6154E+00,0.00000E+00,0.00000E+00,118.896E+00,100.000E+00,100.000E+00,-0.20545E+03,0.00000E+03,0.00000E+03,+99999.9E+99,+99999.9E+99,+99999.9E+99,+99999.9E+99,+99999.9E+99,+99999.9E+99,+99999.9E+99,+99999.9E+99,+99999.9E+99,+99999.9E+99,+99999.9E+99,+99999.9E+99,1B00,0,0,0,1B00,77.2120E+00,77.2457E+00,77.0051E+00,77.1542E+00,72.2209E+00,72.4675E+00,71.8938E+00,72.1941E+00,77.2120E+00,77.2457E+00,77.0051E+00,0.0000E+00,0.0000E+00,0.0000E+00,71.0213E+00,71.7404E+00,71.5125E+00,105.316E+00,105.583E+00,105.527E+00,-104.329E+00,-104.279E+00,-104.330E+00,30.281E+00,30.343E+00,30.322E+00,+99999.9E+99,+99999.9E+99,+99999.9E+99,0.589E+00,13.5885E+00,13.1397E+00,13.5401E+00,13.4227E+00,12.5121E+00,12.0778E+00,12.4420E+00,12.3440E+00,13.5876E+00,13.1397E+00,13.5388E+00,-0.1550E+00,0.0000E+00,0.1828E+00,12.4240E+00,11.2480E+00,11.4323E+00,27.6181E+00,27.1162E+00,28.7086E+00,-26.5905E+00,-26.7033E+00,-26.8748E+00,41.072E+00,44.379E+00,44.382E+00,+99999.9E+99,+99999.9E+99,+99999.9E+99,6.200E+00,0.42867E+03,0.42022E+03,0.44384E+03,1.29273E+03,0.44494E+03,0.39335E+03,0.42303E+03,1.26131E+03,0.61240E+03,0.59210E+03,0.60891E+03,1.81342E+03,0.50027E+03,0.45753E+03,0.46287E+03,1.41906E+03,-0.43735E+03,-0.41713E+03,-0.41688E+03,-1.27136E+03,-0.22869E+03,-0.23369E+03,-0.18787E+03,-0.65025E+03,-0.69998E+00,-0.70971E+00,-0.72890E+00,-0.71287E+00,-0.88940E+00,-0.85972E+00,-0.91393E+00,-0.88884E+00,0.000E+00,119.884E+00,-119.563E+00,57.534E+00,-179.509E+00,-65.840E+00,-45.574E+00,-44.789E+00,-43.206E+00,-44.531E+00,201.360E+00,202.153E+00,201.935E+00,89.778E+00,+99999.9E+99,+99999.9E+99,0.00013E+06,-0.00074E+06,0.00000E+00,14.629E+00,0.758E+03,0.00116E+06,43.564E+00,F0F08
2021/11/30,17:34:03,00000:00:28,500,38003D00,500,1C00,1C00,3800,99.923E+00,0.000E+00,0.000E+00,110.985E+00,0.000E+00,0.000E+00,0.507E+00,0.000E+00,0.000E+00,99.922E+00,0.000E+00,0.000E+00,0.000E+00,0.000E+00,0.000E+00,100.900E+00,0.000E+00,0.000E+00,98.839E+00,0.000E+00,0.000E+00,20.819E+00,+99999.9E+99,439.004E+00,1.031E+00,+99999.9E+99,+99999.9E+99,11.8235E+00,0.00000E+00,0.00000E+00,12.1092E+00,0.00000E+00,0.00000E+00,4.5758E+00,0.00000E+00,0.00000E+00,10.9021E+00,0.00000E+00,0.00000E+00,4.5626E+00,0.00000E+00,0.00000E+00,18.1536E+00,0.0000E+00,0.0000E+00,4.1152E+00,0.0000E+00,0.0000E+00,7.921E+00,+99999.9E+99,+99999.9E+99,64.384E+00,+99999.9E+99,+99999.9E+99,1.08728E+03,0.00000E+03,0.00000E+03,0.00000E+03,0.00000E+03,0.00000E+03,1.18143E+03,0.00000E+03,0.00000E+03,0.00000E+03,0.00000E+03,0.00000E+03,0.46219E+03,0.00000E+03,0.00000E+03,0.00000E+03,0.00000E+03,0.00000E+03,0.92030E+00,0.00000E+00,0.00000E+00,0.90483E+00,0.04075E+00,0.21844E+00,0.000E+00,129.274E+00,161.080E+00,154.800E+00,41.610E+00,58.463E+00,23.030E+00,90.000E+00,90.000E+00,12.6154E+00,0.00000E+00,0.00000E+00,82.970E+00,100.000E+00,100.000E+00,0.18516E+03,0.00000E+03,0.00000E+03,+99999.9E+99,+99999.9E+99,+99999.9E+99,+99999.9E+99,+99999.9E+99,+99999.9E+99,+99999.9E+99,+99999.9E+99,+99999.9E+99,+99999.9E+99,+99999.9E+99,+99999.9E+99,1B00,0,0,0,1B00,76.5798E+00,76.7482E+00,76.5577E+00,76.6285E+00,72.3185E+00,72.7430E+00,72.3137E+00,72.4584E+00,76.5798E+00,76.7482E+00,76.5577E+00,0.0000E+00,0.0000E+00,0.0000E+00,71.3074E+00,71.2086E+00,71.0373E+00,105.847E+00,106.099E+00,105.834E+00,-105.074E+00,-104.476E+00,-104.031E+00,31.869E+00,31.131E+00,31.735E+00,+99999.9E+99,+99999.9E+99,+99999.9E+99,0.228E+00,9.8527E+00,9.5462E+00,9.8838E+00,9.7609E+00,8.6449E+00,8.4063E+00,8.5694E+00,8.5402E+00,9.8520E+00,9.5462E+00,9.8822E+00,-0.1216E+00,0.0000E+00,0.1729E+00,11.7381E+00,11.7305E+00,12.3469E+00,26.4614E+00,24.9005E+00,27.2071E+00,-25.7133E+00,-23.5514E+00,-26.4948E+00,45.128E+00,44.036E+00,41.971E+00,+99999.9E+99,+99999.9E+99,+99999.9E+99,3.408E+00,0.29991E+03,0.29440E+03,0.30780E+03,0.90211E+03,0.40397E+03,0.42474E+03,0.43197E+03,1.26068E+03,0.43810E+03,0.42470E+03,0.43967E+03,1.30247E+03,0.47102E+03,0.47850E+03,0.49728E+03,1.44634E+03,-0.31936E+03,-0.30609E+03,-0.31396E+03,-0.93941E+03,-0.24223E+03,-0.22035E+03,-0.24634E+03,-0.70892E+03,-0.68456E+00,-0.69321E+00,-0.70007E+00,-0.69262E+00,-0.85763E+00,-0.88766E+00,-0.86867E+00,-0.87164E+00,0.000E+00,120.206E+00,-119.972E+00,60.897E+00,177.547E+00,-60.148E+00,-46.799E+00,-46.115E+00,-45.567E+00,-46.162E+00,202.372E+00,201.747E+00,201.986E+00,92.798E+00,+99999.9E+99,+99999.9E+99,0.00006E+06,-0.00054E+06,0.00000E+00,10.568E+00,0.756E+03,0.00084E+06,43.933E+00,F0F08
2021/11/30,17:34:03,00000:00:28,550,38003F00,700,1F00,1F00,3F00,99.923E+00,0.000E+00,0.000E+00,110.985E+00,0.000E+00,0.000E+00,0.507E+00,0.000E+00,0.000E+00,99.922E+00,0.000E+00,0.000E+00,0.000E+00,0.000E+00,0.000E+00,100.900E+00,0.000E+00,0.000E+00,98.839E+00,0.000E+00,0.000E+00,67.215E+00,+99999.9E+99,386.055E+00,1.031E+00,+99999.9E+99,+99999.9E+99,11.8235E+00,0.00000E+00,0.00000E+00,12.1092E+00,0.00000E+00,0.00000E+00,4.5758E+00,0.00000E+00,0.00000E+00,10.9021E+00,0.00000E+00,0.00000E+00,4.1721E+00,0.00000E+00,0.00000E+00,18.1536E+00,0.0000E+00,0.0000E+00,4.1152E+00,0.0000E+00,0.0000E+00,49.268E+00,+99999.9E+99,+99999.9E+99,64.384E+00,+99999.9E+99,+99999.9E+99,1.08728E+03,0.00000E+03,0.00000E+03,0.00000E+03,0.00000E+03,0.00000E+03,1.18143E+03,0.00000E+03,0.00000E+03,0.00000E+03,0.00000E+03,0.00000E+03,0.46219E+03,0.00000E+03,0.00000E+03,0.00000E+03,0.00000E+03,0.00000E+03,0.92030E+00,0.00000E+00,0.00000E+00,0.88410E+00,0.93839E+00,0.60086E+00,0.000E+00,-85.769E+00,150.242E+00,152.141E+00,-105.985E+00,97.174E+00,23.030E+00,90.000E+00,90.000E+00,12.6154E+00,0.00000E+00,0.00000E+00,95.496E+00,100.000E+00,100.000E+00,0.04897E+03,0.00000E+03,0.00000E+03,+99999.9E+99,+99999.9E+99,+99999.9E+99,+99999.9E+99,+99999.9E+99,+99999.9E+99,+99999.9E+99,+99999.9E+99,+99999.9E+99,+99999.9E+99,+99999.9E+99,+99999.9E+99,1B00,0,0,0,1B00,76.5419E+00,77.0197E+00,77.0426E+00,76.8680E+00,71.8277E+00,72.7554E+00,72.7853E+00,72.4561E+00,76.5419E+00,77.0196E+00,77.0426E+00,0.0000E+00,0.0000E+00,0.0000E+00,73.0375E+00,73.2768E+00,73.1398E+00,105.830E+00,106.121E+00,105.700E+00,-105.070E+00,-104.710E+00,-105.346E+00,14.109E+00,14.409E+00,14.508E+00,+99999.9E+99,+99999.9E+99,+99999.9E+99,0.189E+00,11.6453E+00,11.3930E+00,11.1846E+00,11.4077E+00,10.0241E+00,9.8796E+00,9.5677E+00,9.8238E+00,11.6442E+00,11.3859E+00,11.1704E+00,-0.1587E+00,-0.4046E+00,0.5643E+00,5.2198E+00,4.7468E+00,4.9029E+00,27.7595E+00,27.1467E+00,28.4543E+00,-26.6000E+00,-27.1195E+00,-26.0705E+00,54.746E+00,58.849E+00,56.692E+00,+99999.9E+99,+99999.9E+99,+99999.9E+99,4.353E+00,0.35799E+03,0.33766E+03,0.34266E+03,1.03831E+03,0.18811E+03,0.17347E+03,0.18545E+03,0.54703E+03,0.52006E+03,0.50806E+03,0.50119E+03,1.52931E+03,0.21299E+03,0.19818E+03,0.20402E+03,0.61488E+03,-0.37723E+03,-0.37962E+03,-0.36576E+03,-1.12261E+03,-0.09990E+03,-0.09583E+03,-0.08505E+03,-0.28078E+03,-0.68837E+00,-0.66460E+00,-0.68368E+00,-0.67894E+00,-0.88318E+00,-0.87532E+00,-0.90896E+00,-0.88965E+00,0.000E+00,120.017E+00,-119.830E+00,58.079E+00,178.871E+00,-65.236E+00,-46.499E+00,-48.348E+00,-46.868E+00,-47.239E+00,201.217E+00,201.990E+00,201.628E+00,93.083E+00,+99999.9E+99,+99999.9E+99,0.00007E+06,-0.00063E+06,0.00000E+00,12.200E+00,0.756E+03,0.00097E+06,43.608E+00,F0F08
2021/11/30,17:34:03,00000:00:28,600,38003F00,2800,3B00,3B00,3F00,99.988E+00,0.000E+00,0.000E+00,111.057E+00,0.000E+00,0.000E+00,0.509E+00,0.000E+00,0.000E+00,99.986E+00,0.000E+00,0.000E+00,0.000E+00,0.000E+00,0.000E+00,101.046E+00,0.000E+00,0.000E+00,98.757E+00,0.000E+00,0.000E+00,67.215E+00,+99999.9E+99,386.055E+00,1.145E+00,+99999.9E+99,+99999.9E+99,11.5125E+00,0.00000E+00,0.00000E+00,11.6744E+00,0.00000E+00,0.00000E+00,4.6973E+00,0.00000E+00,0.00000E+00,10.5106E+00,0.00000E+00,0.00000E+00,4.1721E+00,0.00000E+00,0.00000E+00,18.2700E+00,0.0000E+00,0.0000E+00,3.5088E+00,0.0000E+00,0.0000E+00,49.268E+00,+99999.9E+99,+99999.9E+99,70.220E+00,+99999.9E+99,+99999.9E+99,1.04878E+03,0.00000E+03,0.00000E+03,0.00000E+03,0.00000E+03,0.00000E+03,1.15111E+03,0.00000E+03,0.00000E+03,0.00000E+03,0.00000E+03,0.00000E+03,0.47447E+03,0.00000E+03,0.00000E+03,0.00000E+03,0.00000E+03,0.00000E+03,0.91110E+00,0.00000E+00,0.00000E+00,0.88410E+00,0.93839E+00,0.60086E+00,0.000E+00,-85.769E+00,150.242E+00,152.141E+00,-105.985E+00,97.174E+00,24.342E+00,90.000E+00,90.000E+00,0.00000E+00,0.00000E+00,0.00000E+00,121.365E+00,100.000E+00,100.000E+00,-0.22408E+03,0.00000E+03,0.00000E+03,+99999.9E+99,+99999.9E+99,+99999.9E+99,+99999.9E+99,+99999.9E+99,+99999.9E+99,+99999.9E+99,+99999.9E+99,+99999.9E+99,+99999.9E+99,+99999.9E+99,+99999.9E+99,1B00,0,0,0,1B00,77.2151E+00,77.2381E+00,76.9983E+00,77.1505E+00,72.1840E+00,72.3857E+00,71.8254E+00,72.1317E+00,77.2151E+00,77.2381E+00,76.9983E+00,0.0000E+00,0.0000E+00,0.0000E+00,70.4289E+00,71.0468E+00,70.9431E+00,105.384E+00,105.747E+00,105.539E+00,-104.379E+00,-105.287E+00,-104.349E+00,34.512E+00,34.439E+00,34.406E+00,+99999.9E+99,+99999.9E+99,+99999.9E+99,0.540E+00,13.4158E+00,12.9801E+00,13.3802E+00,13.2587E+00,12.3910E+00,11.9678E+00,12.3374E+00,12.2321E+00,13.4148E+00,12.9801E+00,13.3783E+00,-0.1638E+00,0.0000E+00,0.2223E+00,14.0601E+00,13.0929E+00,13.0651E+00,27.6033E+00,26.6705E+00,28.1971E+00,-26.5643E+00,-26.6900E+00,-26.0452E+00,39.689E+00,42.087E+00,42.408E+00,+99999.9E+99,+99999.9E+99,+99999.9E+99,4.667E+00,0.42182E+03,0.41396E+03,0.43707E+03,1.27285E+03,0.50026E+03,0.45479E+03,0.48078E+03,1.43583E+03,0.60420E+03,0.58474E+03,0.60164E+03,1.79058E+03,0.56539E+03,0.52850E+03,0.53290E+03,1.62575E+03,-0.43258E+03,-0.41298E+03,-0.41344E+03,-1.25900E+03,-0.26346E+03,-0.26923E+03,-0.22985E+03,-0.76255E+03,-0.69814E+00,-0.70795E+00,-0.72647E+00,-0.71086E+00,-0.88480E+00,-0.86051E+00,-0.90220E+00,-0.88318E+00,0.000E+00,119.811E+00,-119.662E+00,58.063E+00,-179.614E+00,-64.348E+00,-45.722E+00,-44.932E+00,-43.409E+00,-44.695E+00,202.123E+00,201.489E+00,201.822E+00,89.767E+00,+99999.9E+99,+99999.9E+99,0.00013E+06,-0.00073E+06,0.00000E+00,14.408E+00,0.757E+03,0.00114E+06,43.800E+00,F0F08
2021/11/30,17:34:03,00000:00:28,650,38003F00,2D00,3F00,3F00,3F00,99.988E+00,0.000E+00,0.000E+00,111.057E+00,0.000E+00,0.000E+00,0.509E+00,0.000E+00,0.000E+00,99.986E+00,0.000E+00,0.000E+00,0.000E+00,0.000E+00,0.000E+00,101.046E+00,0.000E+00,0.000E+00,98.757E+00,0.000E+00,0.000E+00,38.173E+00,+99999.9E+99,373.435E+00,1.145E+00,+99999.9E+99,+99999.9E+99,11.5125E+00,0.00000E+00,0.00000E+00,11.6744E+00,0.00000E+00,0.00000E+00,4.6973E+00,0.00000E+00,0.00000E+00,10.5106E+00,0.00000E+00,0.00000E+00,4.2328E+00,0.00000E+00,0.00000E+00,18.2700E+00,0.0000E+00,0.0000E+00,3.5088E+00,0.0000E+00,0.0000E+00,42.141E+00,+99999.9E+99,+99999.9E+99,70.220E+00,+99999.9E+99,+99999.9E+99,1.04878E+03,0.00000E+03,0.00000E+03,0.00000E+03,0.00000E+03,0.00000E+03,1.15111E+03,0.00000E+03,0.00000E+03,0.00000E+03,0.00000E+03,0.00000E+03,0.47447E+03,0.00000E+03,0.00000E+03,0.00000E+03,0.00000E+03,0.00000E+03,0.91110E+00,0.00000E+00,0.00000E+00,0.93563E+00,0.60013E+00,0.45004E+00,0.000E+00,-10.986E+00,176.067E+00,159.331E+00,-137.865E+00,112.813E+00,24.342E+00,90.000E+00,90.000E+00,0.00000E+00,0.00000E+00,0.00000E+00,74.582E+00,100.000E+00,100.000E+00,0.26657E+03,0.00000E+03,0.00000E+03,+99999.9E+99,+99999.9E+99,+99999.9E+99,+99999.9E+99,+99999.9E+99,+99999.9E+99,+99999.9E+99,+99999.9E+99,+99999.9E+99,+99999.9E+99,+99999.9E+99,+99999.9E+99,1B00,0,0,0,1B00,76.2769E+00,76.6669E+00,76.5229E+00,76.4889E+00,72.1793E+00,72.9192E+00,72.6556E+00,72.5847E+00,76.2769E+00,76.6669E+00,76.5229E+00,0.0000E+00,0.0000E+00,0.0000E+00,71.9030E+00,71.7255E+00,71.6741E+00,105.717E+00,106.087E+00,105.753E+00,-104.313E+00,-103.959E+00,-105.236E+00,27.097E+00,26.169E+00,26.821E+00,+99999.9E+99,+99999.9E+99,+99999.9E+99,0.195E+00,8.2941E+00,8.2366E+00,8.1822E+00,8.2377E+00,7.3931E+00,7.3519E+00,7.2821E+00,7.3424E+00,8.2935E+00,8.2357E+00,8.1789E+00,-0.1052E+00,-0.1262E+00,0.2323E+00,9.7239E+00,9.8735E+00,10.2040E+00,22.2533E+00,20.7481E+00,20.3976E+00,-18.7162E+00,-19.2310E+00,-19.9562E+00,48.290E+00,46.135E+00,44.559E+00,+99999.9E+99,+99999.9E+99,+99999.9E+99,4.008E+00,0.26261E+03,0.25681E+03,0.26278E+03,0.78220E+03,0.33565E+03,0.35757E+03,0.36168E+03,1.05490E+03,0.36704E+03,0.36491E+03,0.36348E+03,1.09542E+03,0.39079E+03,0.40065E+03,0.41717E+03,1.20807E+03,-0.25642E+03,-0.25925E+03,-0.25112E+03,-0.76679E+03,-0.20014E+03,-0.18072E+03,-0.20789E+03,-0.58875E+03,-0.71549E+00,-0.70376E+00,-0.72297E+00,-0.71406E+00,-0.85890E+00,-0.89249E+00,-0.86699E+00,-0.87321E+00,0.000E+00,120.132E+00,-120.055E+00,60.726E+00,176.918E+00,-60.058E+00,-44.316E+00,-45.271E+00,-43.700E+00,-44.433E+00,201.660E+00,201.928E+00,201.865E+00,94.751E+00,+99999.9E+99,+99999.9E+99,0.00004E+06,-0.00048E+06,0.00000E+00,9.361E+00,0.756E+03,0.00074E+06,43.765E+00,F0F08
2021/11/30,17:34:03,00000:00:28,700,38003800,2800,3800,3800,3800,99.825E+00,0.000E+00,0.000E+00,110.876E+00,0.000E+00,0.000E+00,0.481E+00,0.000E+00,0.000E+00,99.824E+00,0.000E+00,0.000E+00,0.000E+00,0.000E+00,0.000E+00,100.925E+00,0.000E+00,0.000E+00,98.814E+00,0.000E+00,0.000E+00,38.173E+00,+99999.9E+99,373.435E+00,1.057E+00,+99999.9E+99,+99999.9E+99,12.0824E+00,0.00000E+00,0.00000E+00,12.5863E+00,0.00000E+00,0.00000E+00,4.1927E+00,0.00000E+00,0.00000E+00,11.3316E+00,0.00000E+00,0.00000E+00,4.2328E+00,0.00000E+00,0.00000E+00,17.5036E+00,0.0000E+00,0.0000E+00,4.2293E+00,0.0000E+00,0.0000E+00,42.141E+00,+99999.9E+99,+99999.9E+99,58.572E+00,+99999.9E+99,+99999.9E+99,1.12936E+03,0.00000E+03,0.00000E+03,0.00000E+03,0.00000E+03,0.00000E+03,1.20613E+03,0.00000E+03,0.00000E+03,0.00000E+03,0.00000E+03,0.00000E+03,-0.42342E+03,0.00000E+03,0.00000E+03,0.00000E+03,0.00000E+03,0.00000E+03,-0.93635E+00,0.00000E+00,0.00000E+00,0.93563E+00,0.60013E+00,0.45004E+00,0.000E+00,-10.986E+00,176.067E+00,159.331E+00,-137.865E+00,112.813E+00,-20.552E+00,90.000E+00,90.000E+00,9.51078E+00,0.00000E+00,0.00000E+00,109.776E+00,100.000E+00,100.000E+00,-0.11041E+03,0.00000E+03,0.00000E+03,+99999.9E+99,+99999.9E+99,+99999.9E+99,+99999.9E+99,+99999.9E+99,+99999.9E+99,+99999.9E+99,+99999.9E+99,+99999.9E+99,+99999.9E+99,+99999.9E+99,+99999.9E+99,1B00,0,0,0,1B00,77.0632E+00,77.1952E+00,77.1019E+00,77.1201E+00,72.0815E+00,72.4991E+00,72.2135E+00,72.2647E+00,77.0632E+00,77.1952E+00,77.1018E+00,0.0000E+00,0.0000E+00,0.0000E+00,72.6919E+00,73.1343E+00,72.9889E+00,105.861E+00,106.017E+00,105.737E+00,-104.346E+00,-105.194E+00,-104.470E+00,16.418E+00,16.431E+00,16.839E+00,+99999.9E+99,+99999.9E+99,+99999.9E+99,0.365E+00,13.2253E+00,12.7827E+00,12.9784E+00,12.9955E+00,12.0894E+00,11.6343E+00,11.6914E+00,11.8050E+00,13.2240E+00,12.7786E+00,12.9685E+00,-0.1842E+00,-0.3214E+00,0.5067E+00,6.5273E+00,5.8191E+00,5.7345E+00,27.2171E+00,26.7352E+00,28.2529E+00,-25.8748E+00,-26.6014E+00,-26.6986E+00,49.189E+00,53.876E+00,54.328E+00,+99999.9E+99,+99999.9E+99,+99999.9E+99,7.230E+00,0.42118E+03,0.40067E+03,0.41791E+03,1.23977E+03,0.23506E+03,0.20411E+03,0.22141E+03,0.66057E+03,0.59512E+03,0.57428E+03,0.58309E+03,1.75250E+03,0.26245E+03,0.23560E+03,0.23930E+03,0.73627E+03,-0.42045E+03,-0.41141E+03,-0.40662E+03,-1.23849E+03,-0.11673E+03,-0.11767E+03,-0.09078E+03,-0.32518E+03,-0.70772E+00,-0.69769E+00,-0.71672E+00,-0.70743E+00,-0.89563E+00,-0.86634E+00,-0.92526E+00,-0.89718E+00,0.000E+00,119.930E+00,-119.728E+00,56.615E+00,179.827E+00,-67.571E+00,-44.950E+00,-45.758E+00,-44.215E+00,-44.974E+00,201.691E+00,201.387E+00,201.628E+00,90.787E+00,+99999.9E+99,+99999.9E+99,0.00011E+06,-0.00072E+06,0.00000E+00,14.201E+00,0.757E+03,0.00113E+06,43.711E+00,F0F08
2021/11/30,17:34:03,00000:00:28,750,38003F00,0,1B00,1B00,3F00,99.929E+00,0.000E+00,0.000E+00,110.991E+00,0.000E+00,0.000E+00,0.476E+00,0.000E+00,0.000E+00,99.927E+00,0.000E+00,0.000E+00,0.000E+00,0.000E+00,0.000E+00,100.979E+00,0.000E+00,0.000E+00,98.939E+00,0.000E+00,0.000E+00,102.970E+00,+99999.9E+99,+99999.9E+99,1.020E+00,+99999.9E+99,+99999.9E+99,11.6684E+00,0.00000E+00,0.00000E+00,12.0366E+00,0.00000E+00,0.00000E+00,4.3262E+00,0.00000E+00,0.00000E+00,10.8368E+00,0.00000E+00,0.00000E+00,2.8567E+00,0.00000E+00,0.00000E+00,17.4921E+00,0.0000E+00,0.0000E+00,4.1755E+00,0.0000E+00,0.0000E+00,105.512E+00,+99999.9E+99,+99999.9E+99,61.442E+00,+99999.9E+99,+99999.9E+99,1.08103E+03,0.00000E+03,0.00000E+03,0.00000E+03,0.00000E+03,0.00000E+03,1.16601E+03,0.00000E+03,0.00000E+03,0.00000E+03,0.00000E+03,0.00000E+03,0.43696E+03,0.00000E+03,0.00000E+03,0.00000E+03,0.00000E+03,0.00000E+03,0.92713E+00,0.00000E+00,0.00000E+00,0.82665E+00,0.62211E+00,0.57982E+00,0.000E+00,63.641E+00,170.574E+00,145.757E+00,-64.830E+00,-63.988E+00,22.009E+00,90.000E+00,90.000E+00,12.3418E+00,0.00000E+00,0.00000E+00,98.854E+00,100.000E+00,100.000E+00,0.01238E+03,0.00000E+03,0.00000E+03,+99999.9E+99,+99999.9E+99,+99999.9E+99,+99999.9E+99,+99999.9E+99,+99999.9E+99,+99999.9E+99,+99999.9E+99,+99999.9E+99,+99999.9E+99,+99999.9E+99,+99999.9E+99,1B00,0,0,0,1B00,76.7435E+00,77.0942E+00,76.8264E+00,76.8881E+00,71.9712E+00,72.6181E+00,72.1281E+00,72.2391E+00,76.7435E+00,77.0942E+00,76.8264E+00,0.0000E+00,0.0000E+00,0.0000E+00,70.0102E+00,70.2246E+00,70.1202E+00,105.406E+00,106.030E+00,105.560E+00,-104.387E+00,-104.249E+00,-104.567E+00,38.438E+00,38.258E+00,38.289E+00,+99999.9E+99,+99999.9E+99,+99999.9E+99,0.179E+00,11.7391E+00,11.5657E+00,11.8688E+00,11.7245E+00,10.3293E+00,10.2480E+00,10.4567E+00,10.3447E+00,11.7386E+00,11.5657E+00,11.8688E+00,-0.1054E+00,0.0000E+00,0.0000E+00,15.0170E+00,14.6217E+00,14.8382E+00,27.5295E+00,26.7714E+00,28.3452E+00,-25.5519E+00,-26.2519E+00,-26.2052E+00,40.094E+00,40.996E+00,40.059E+00,+99999.9E+99,+99999.9E+99,+99999.9E+99,1.671E+00,0.35006E+03,0.35279E+03,0.36580E+03,1.06865E+03,0.52494E+03,0.50993E+03,0.52670E+03,1.56157E+03,0.52419E+03,0.51788E+03,0.53223E+03,1.57430E+03,0.60621E+03,0.58969E+03,0.59977E+03,1.79553E+03,-0.39018E+03,-0.37913E+03,-0.38660E+03,-1.15590E+03,-0.30319E+03,-0.29616E+03,-0.28689E+03,-0.88624E+03,-0.66780E+00,-0.68122E+00,-0.68730E+00,-0.67881E+00,-0.86595E+00,-0.86473E+00,-0.87817E+00,-0.86970E+00,0.000E+00,119.990E+00,-119.851E+00,60.111E+00,-179.909E+00,-61.329E+00,-48.102E+00,-47.061E+00,-46.583E+00,-47.249E+00,201.982E+00,202.349E+00,201.821E+00,90.424E+00,+99999.9E+99,+99999.9E+99,0.00010E+06,-0.00061E+06,0.00000E+00,12.189E+00,0.757E+03,0.00097E+06,43.777E+00,F0F0F
2021/11/30,17:34:04,00000:00:28,800,38003F00,700,1F00,1F00,3F00,99.929E+00,0.000E+00,0.000E+00,110.991E+00,0.000E+00,0.000E+00,0.476E+00,0.000E+00,0.000E+00,99.927E+00,0.000E+00,0.000E+00,0.000E+00,0.000E+00,0.000E+00,100.979E+00,0.000E+00,0.000E+00,98.939E+00,0.000E+00,0.000E+00,102.970E+00,+99999.9E+99,+99999.9E+99,1.020E+00,+99999.9E+99,+99999.9E+99,11.6684E+00,0.00000E+00,0.00000E+00,12.0366E+00,0.00000E+00,0.00000E+00,4.3262E+00,0.00000E+00,0.00000E+00,10.8368E+00,0.00000E+00,0.00000E+00,2.8567E+00,0.00000E+00,0.00000E+00,17.4921E+00,0.0000E+00,0.0000E+00,4.1755E+00,0.0000E+00,0.0000E+00,105.512E+00,+99999.9E+99,+99999.9E+99,61.442E+00,+99999.9E+99,+99999.9E+99,1.08103E+03,0.00000E+03,0.00000E+03,0.00000E+03,0.00000E+03,0.00000E+03,1.16601E+03,0.00000E+03,0.00000E+03,0.00000E+03,0.00000E+03,0.00000E+03,0.43696E+03,0.00000E+03,0.00000E+03,0.00000E+03,0.00000E+03,0.00000E+03,0.92713E+00,0.00000E+00,0.00000E+00,0.82665E+00,0.62211E+00,0.57982E+00,0.000E+00,63.641E+00,170.574E+00,145.757E+00,-64.830E+00,-63.988E+00,22.009E+00,90.000E+00,90.000E+00,12.3418E+00,0.00000E+00,0.00000E+00,76.631E+00,100.000E+00,100.000E+00,0.25263E+03,0.00000E+03,0.00000E+03,+99999.9E+99,+99999.9E+99,+99999.9E+99,+99999.9E+99,+99999.9E+99,+99999.9E+99,+99999.9E+99,+99999.9E+99,+99999.9E+99,+99999.9E+99,+99999.9E+99,+99999.9E+99,1B00,0,0,0,1B00,76.5160E+00,76.6344E+00,76.5395E+00,76.5633E+00,72.3198E+00,72.7113E+00,72.3967E+00,72.4760E+00,76.5160E+00,76.6344E+00,76.5395E+00,0.0000E+00,0.0000E+00,0.0000E+00,72.8689E+00,72.6923E+00,72.6147E+00,105.693E+00,106.079E+00,105.780E+00,-104.424E+00,-105.120E+00,-103.711E+00,18.379E+00,17.956E+00,18.042E+00,+99999.9E+99,+99999.9E+99,+99999.9E+99,0.208E+00,9.4436E+00,8.9424E+00,9.0639E+00,9.1500E+00,8.0838E+00,7.6811E+00,7.6993E+00,7.8214E+00,9.4426E+00,8.9390E+00,9.0557E+00,-0.1395E+00,-0.2461E+00,0.3866E+00,6.1321E+00,6.4209E+00,6.8349E+00,26.1105E+00,24.0448E+00,24.9586E+00,-26.4933E+00,-25.2624E+00,-22.1614E+00,56.890E+00,52.738E+00,49.902E+00,+99999.9E+99,+99999.9E+99,+99999.9E+99,4.934E+00,0.28366E+03,0.26573E+03,0.27901E+03,0.82840E+03,0.21948E+03,0.23624E+03,0.24096E+03,0.69668E+03,0.41949E+03,0.39637E+03,0.40188E+03,1.21774E+03,0.25498E+03,0.26200E+03,0.27618E+03,0.79264E+03,-0.30905E+03,-0.29410E+03,-0.28924E+03,-0.89239E+03,-0.12979E+03,-0.11330E+03,-0.13496E+03,-0.37804E+03,-0.67620E+00,-0.67042E+00,-0.69426E+00,-0.68028E+00,-0.86076E+00,-0.90167E+00,-0.87247E+00,-0.87893E+00,0.000E+00,120.145E+00,-120.051E+00,60.515E+00,175.735E+00,-60.683E+00,-47.453E+00,-47.901E+00,-46.032E+00,-47.135E+00,201.981E+00,201.349E+00,202.126E+00,94.626E+00,+99999.9E+99,+99999.9E+99,0.00004E+06,-0.00052E+06,0.00000E+00,9.902E+00,0.756E+03,0.00078E+06,43.861E+00,F0F0F
2021/11/30,17:34:04,00000:00:28,850,38003F00,500,1F00,1F00,3F00,99.929E+00,0.000E+00,0.000E+00,110.991E+00,0.000E+00,0.000E+00,0.476E+00,0.000E+00,0.000E+00,99.927E+00,0.000E+00,0.000E+00,0.000E+00,0.000E+00,0.000E+00,100.979E+00,0.000E+00,0.000E+00,98.939E+00,0.000E+00,0.000E+00,20.363E+00,+99999.9E+99,+99999.9E+99,1.020E+00,+99999.9E+99,+99999.9E+99,11.6684E+00,0.00000E+00,0.00000E+00,12.0366E+00,0.00000E+00,0.00000E+00,4.3262E+00,0.00000E+00,0.00000E+00,10.8368E+00,0.00000E+00,0.00000E+00,4.3940E+00,0.00000E+00,0.00000E+00,17.4921E+00,0.0000E+00,0.0000E+00,4.1755E+00,0.0000E+00,0.0000E+00,8.918E+00,+99999.9E+99,+99999.9E+99,61.442E+00,+99999.9E+99,+99999.9E+99,1.08103E+03,0.00000E+03,0.00000E+03,0.00000E+03,0.00000E+03,0.00000E+03,1.16601E+03,0.00000E+03,0.00000E+03,0.00000E+03,0.00000E+03,0.00000E+03,0.43696E+03,0.00000E+03,0.00000E+03,0.00000E+03,0.00000E+03,0.00000E+03,0.92713E+00,0.00000E+00,0.00000E+00,0.91577E+00,0.63713E+00,0.30234E+00,0.000E+00,-112.642E+00,157.284E+00,156.315E+00,-163.064E+00,-95.118E+00,22.009E+00,90.000E+00,90.000E+00,12.3418E+00,0.00000E+00,0.00000E+00,125.445E+00,100.000E+00,100.000E+00,-0.27507E+03,0.00000E+03,0.00000E+03,+99999.9E+99,+99999.9E+99,+99999.9E+99,+99999.9E+99,+99999.9E+99,+99999.9E+99,+99999.9E+99,+99999.9E+99,+99999.9E+99,+99999.9E+99,+99999.9E+99,+99999.9E+99,1B00,0,0,0,1B00,76.9952E+00,77.4668E+00,77.3005E+00,77.2541E+00,71.6947E+00,72.5593E+00,72.2697E+00,72.1746E+00,76.9952E+00,77.4667E+00,77.3005E+00,0.0000E+00,0.0000E+00,0.0000E+00,71.7405E+00,72.2826E+00,72.0697E+00,105.674E+00,105.964E+00,105.560E+00,-104.839E+00,-104.894E+00,-104.520E+00,25.153E+00,25.610E+00,25.523E+00,+99999.9E+99,+99999.9E+99,+99999.9E+99,0.432E+00,13.9848E+00,13.6722E+00,13.8086E+00,13.8218E+00,13.0437E+00,12.8630E+00,12.8206E+00,12.9091E+00,13.9838E+00,13.6704E+00,13.8032E+00,-0.1635E+00,-0.2206E+00,0.3852E+00,10.1521E+00,9.3228E+00,9.4676E+00,27.7190E+00,27.1752E+00,28.6319E+00,-26.5052E+00,-27.1943E+00,-26.8909E+00,43.961E+00,46.719E+00,47.059E+00,+99999.9E+99,+99999.9E+99,+99999.9E+99,6.472E+00,0.45601E+03,0.44493E+03,0.45517E+03,1.35610E+03,0.37076E+03,0.32677E+03,0.35038E+03,1.04791E+03,0.62959E+03,0.61640E+03,0.62467E+03,1.87066E+03,0.41405E+03,0.37711E+03,0.38061E+03,1.17038E+03,-0.43410E+03,-0.42660E+03,-0.42782E+03,-1.28853E+03,-0.18433E+03,-0.18825E+03,-0.14864E+03,-0.52122E+03,-0.72429E+00,-0.72181E+00,-0.72865E+00,-0.72493E+00,-0.89544E+00,-0.86650E+00,-0.92059E+00,-0.89536E+00,0.000E+00,119.940E+00,-119.662E+00,56.680E+00,179.793E+00,-66.827E+00,-43.590E+00,-43.796E+00,-43.226E+00,-43.537E+00,201.123E+00,201.944E+00,200.819E+00,90.298E+00,+99999.9E+99,+99999.9E+99,0.00013E+06,-0.00078E+06,0.00000E+00,15.447E+00,0.757E+03,0.00122E+06,43.543E+00,F0F08
2021/11/30,17:34:04,00000:00:28,900,38003D00,500,1C00,1C00,3800,99.929E+00,0.000E+00,0.000E+00,110.991E+00,0.000E+00,0.000E+00,0.476E+00,0.000E+00,0.000E+00,99.927E+00,0.000E+00,0.000E+00,0.000E+00,0.000E+00,0.000E+00,100.979E+00,0.000E+00,0.000E+00,98.939E+00,0.000E+00,0.000E+00,65.511E+00,353.676E+00,498.709E+00,1.020E+00,+99999.9E+99,+99999.9E+99,11.6684E+00,0.00000E+00,0.00000E+00,12.0366E+00,0.00000E+00,0.00000E+00,4.3262E+00,0.00000E+00,0.00000E+00,10.8368E+00,0.00000E+00,0.00000E+00,4.2698E+00,0.00000E+00,0.00000E+00,17.4921E+00,0.0000E+00,0.0000E+00,4.1755E+00,0.0000E+00,0.0000E+00,46.024E+00,+99999.9E+99,+99999.9E+99,61.442E+00,+99999.9E+99,+99999.9E+99,1.08103E+03,0.00000E+03,0.00000E+03,0.00000E+03,0.00000E+03,0.00000E+03,1.16601E+03,0.00000E+03,0.00000E+03,0.00000E+03,0.00000E+03,0.00000E+03,0.43696E+03,0.00000E+03,0.00000E+03,0.00000E+03,0.00000E+03,0.00000E+03,0.92713E+00,0.00000E+00,0.00000E+00,0.89545E+00,0.99129E+00,0.83061E+00,0.000E+00,135.078E+00,160.933E+00,153.566E+00,142.647E+00,14.771E+00,22.009E+00,90.000E+00,90.000E+00,12.3418E+00,0.00000E+00,0.00000E+00,79.041E+00,100.000E+00,100.000E+00,0.22657E+03,0.00000E+03,0.00000E+03,+99999.9E+99,+99999.9E+99,+99999.9E+99,+99999.9E+99,+99999.9E+99,+99999.9E+99,+99999.9E+99,+99999.9E+99,+99999.9E+99,+99999.9E+99,+99999.9E+99,+99999.9E+99,1B00,0,0,0,1B00,76.6903E+00,76.6513E+00,76.3655E+00,76.5690E+00,72.4838E+00,72.5913E+00,71.9504E+00,72.3418E+00,76.6903E+00,76.6513E+00,76.3655E+00,0.0000E+00,0.0000E+00,0.0000E+00,70.7033E+00,70.6068E+00,70.4563E+00,105.763E+00,106.030E+00,105.679E+00,-104.356E+00,-104.877E+00,-103.894E+00,35.773E+00,35.285E+00,35.667E+00,+99999.9E+99,+99999.9E+99,+99999.9E+99,0.206E+00,9.6093E+00,9.1944E+00,9.7737E+00,9.5258E+00,8.3209E+00,7.9704E+00,8.3585E+00,8.2166E+00,9.6087E+00,9.1944E+00,9.7737E+00,-0.1075E+00,0.0000E+00,0.0000E+00,13.3958E+00,13.4551E+00,14.0029E+00,26.0257E+00,24.6624E+00,26.9090E+00,-25.2395E+00,-23.1405E+00,-26.0205E+00,42.973E+00,42.192E+00,40.309E+00,+99999.9E+99,+99999.9E+99,+99999.9E+99,2.514E+00,0.27977E+03,0.27757E+03,0.29712E+03,0.85446E+03,0.46595E+03,0.48149E+03,0.48981E+03,1.43724E+03,0.42705E+03,0.40898E+03,0.43329E+03,1.26932E+03,0.54125E+03,0.54484E+03,0.56210E+03,1.64790E+03,-0.32265E+03,-0.30036E+03,-0.31538E+03,-0.93839E+03,-0.27540E+03,-0.25499E+03,-0.27577E+03,-0.80616E+03,-0.65512E+00,-0.67870E+00,-0.68572E+00,-0.67316E+00,-0.86088E+00,-0.88372E+00,-0.87139E+00,-0.87217E+00,0.000E+00,120.179E+00,-119.990E+00,60.532E+00,178.021E+00,-60.493E+00,-49.071E+00,-47.258E+00,-46.708E+00,-47.688E+00,202.272E+00,201.596E+00,202.465E+00,92.567E+00,+99999.9E+99,+99999.9E+99,0.00006E+06,-0.00051E+06,0.00000E+00,9.993E+00,0.756E+03,0.00079E+06,43.950E+00,F0F08
2021/11/30,17:34:04,00000:00:28,950,38003F00,700,1F00,1F00,3F00,99.929E+00,0.000E+00,0.000E+00,110.991E+00,0.000E+00,0.000E+00,0.476E+00,0.000E+00,0.000E+00,99.927E+00,0.000E+00,0.000E+00,0.000E+00,0.000E+00,0.000E+00,100.979E+00,0.000E+00,0.000E+00,98.939E+00,0.000E+00,0.000E+00,65.511E+00,353.676E+00,498.709E+00,1.020E+00,+99999.9E+99,+99999.9E+99,11.6684E+00,0.00000E+00,0.00000E+00,12.0366E+00,0.00000E+00,0.00000E+00,4.3262E+00,0.00000E+00,0.00000E+00,10.8368E+00,0.00000E+00,0.00000E+00,4.2698E+00,0.00000E+00,0.00000E+00,17.4921E+00,0.0000E+00,0.0000E+00,4.1755E+00,0.0000E+00,0.0000E+00,46.024E+00,+99999.9E+99,+99999.9E+99,61.442E+00,+99999.9E+99,+99999.9E+99,1.08103E+03,0.00000E+03,0.00000E+03,0.00000E+03,0.00000E+03,0.00000E+03,1.16601E+03,0.00000E+03,0.00000E+03,0.00000E+03,0.00000E+03,0.00000E+03,0.43696E+03,0.00000E+03,0.00000E+03,0.00000E+03,0.00000E+03,0.00000E+03,0.92713E+00,0.00000E+00,0.00000E+00,0.89545E+00,0.99129E+00,0.83061E+00,0.000E+00,135.078E+00,160.933E+00,153.566E+00,142.647E+00,14.771E+00,22.009E+00,90.000E+00,90.000E+00,12.3418E+00,0.00000E+00,0.00000E+00,97.584E+00,100.000E+00,100.000E+00,0.02612E+03,0.00000E+03,0.00000E+03,+99999.9E+99,+99999.9E+99,+99999.9E+99,+99999.9E+99,+99999.9E+99,+99999.9E+99,+99999.9E+99,+99999.9E+99,+99999.9E+99,+99999.9E+99,+99999.9E+99,+99999.9E+99,1B00,0,0,0,1B00,76.4907E+00,77.0019E+00,77.0060E+00,76.8329E+00,71.8212E+00,72.7898E+00,72.7739E+00,72.4616E+00,76.4907E+00,77.0019E+00,77.0059E+00,0.0000E+00,0.0000E+00,0.0000E+00,73.0557E+00,73.1726E+00,73.0725E+00,105.804E+00,106.090E+00,105.791E+00,-105.159E+00,-104.673E+00,-104.713E+00,13.823E+00,13.603E+00,13.904E+00,+99999.9E+99,+99999.9E+99,+99999.9E+99,0.104E+00,11.6690E+00,11.4199E+00,11.2385E+00,11.4424E+00,10.1141E+00,9.9739E+00,9.6973E+00,9.9284E+00,11.6679E+00,11.4142E+00,11.2265E+00,-0.1586E+00,-0.3589E+00,0.5184E+00,4.7741E+00,4.5288E+00,4.7456E+00,27.6700E+00,26.7976E+00,28.1524E+00,-26.6800E+00,-26.5905E+00,-25.5557E+00,58.985E+00,60.365E+00,57.329E+00,+99999.9E+99,+99999.9E+99,+99999.9E+99,2.857E+00,0.36249E+03,0.34392E+03,0.34850E+03,1.05492E+03,0.17208E+03,0.16673E+03,0.17655E+03,0.51535E+03,0.52077E+03,0.50890E+03,0.50352E+03,1.53319E+03,0.19813E+03,0.18973E+03,0.19795E+03,0.58568E+03,-0.37390E+03,-0.37510E+03,-0.36342E+03,-1.11242E+03,-0.09821E+03,-0.09054E+03,-0.08953E+03,-0.27828E+03,-0.69607E+00,-0.67581E+00,-0.69214E+00,-0.68805E+00,-0.86850E+00,-0.87878E+00,-0.89188E+00,-0.87991E+00,0.000E+00,120.037E+00,-119.904E+00,59.766E+00,178.497E+00,-63.020E+00,-45.888E+00,-47.483E+00,-46.200E+00,-46.524E+00,200.956E+00,201.632E+00,201.114E+00,92.673E+00,+99999.9E+99,+99999.9E+99,0.00008E+06,-0.00063E+06,0.00000E+00,12.352E+00,0.756E+03,0.00098E+06,43.585E+00,F0F08
2021/11/30,17:34:04,00000:00:29,0,38003F00,2800,3B00,3B00,3F00,99.989E+00,0.000E+00,0.000E+00,111.058E+00,0.000E+00,0.000E+00,0.505E+00,0.000E+00,0.000E+00,99.988E+00,0.000E+00,0.000E+00,0.000E+00,0.000E+00,0.000E+00,100.939E+00,0.000E+00,0.000E+00,98.800E+00,0.000E+00,0.000E+00,65.511E+00,353.676E+00,498.709E+00,1.070E+00,+99999.9E+99,+99999.9E+99,11.4609E+00,0.00000E+00,0.00000E+00,11.6342E+00,0.00000E+00,0.00000E+00,4.6515E+00,0.00000E+00,0.00000E+00,10.4745E+00,0.00000E+00,0.00000E+00,4.2698E+00,0.00000E+00,0.00000E+00,18.3867E+00,0.0000E+00,0.0000E+00,3.3512E+00,0.0000E+00,0.0000E+00,46.024E+00,+99999.9E+99,+99999.9E+99,71.772E+00,+99999.9E+99,+99999.9E+99,1.04521E+03,0.00000E+03,0.00000E+03,0.00000E+03,0.00000E+03,0.00000E+03,1.14596E+03,0.00000E+03,0.00000E+03,0.00000E+03,0.00000E+03,0.00000E+03,0.46986E+03,0.00000E+03,0.00000E+03,0.00000E+03,0.00000E+03,0.00000E+03,0.91208E+00,0.00000E+00,0.00000E+00,0.89545E+00,0.99129E+00,0.83061E+00,0.000E+00,135.078E+00,160.933E+00,153.566E+00,142.647E+00,14.771E+00,24.206E+00,90.000E+00,90.000E+00,0.00000E+00,0.00000E+00,0.00000E+00,122.827E+00,100.000E+00,100.000E+00,-0.23859E+03,0.00000E+03,0.00000E+03,+99999.9E+99,+99999.9E+99,+99999.9E+99,+99999.9E+99,+99999.9E+99,+99999.9E+99,+99999.9E+99,+99999.9E+99,+99999.9E+99,+99999.9E+99,+99999.9E+99,+99999.9E+99,1B00,0,0,0,1B00,77.1929E+00,77.2018E+00,76.9741E+00,77.1229E+00,72.1510E+00,72.3502E+00,71.8043E+00,72.1018E+00,77.1929E+00,77.2018E+00,76.9740E+00,0.0000E+00,0.0000E+00,0.0000E+00,70.4101E+00,70.9876E+00,70.8760E+00,105.374E+00,105.690E+00,105.641E+00,-104.551E+00,-104.136E+00,-104.570E+00,34.564E+00,34.531E+00,34.543E+00,+99999.9E+99,+99999.9E+99,+99999.9E+99,0.500E+00,13.5014E+00,13.0750E+00,13.4641E+00,13.3468E+00,12.4607E+00,12.0447E+00,12.3986E+00,12.3013E+00,13.5005E+00,13.0750E+00,13.4626E+00,-0.1537E+00,0.0000E+00,0.2040E+00,14.0587E+00,13.1578E+00,13.1312E+00,27.4495E+00,27.1600E+00,28.5838E+00,-26.2195E+00,-26.7700E+00,-26.6548E+00,39.672E+00,41.871E+00,41.978E+00,+99999.9E+99,+99999.9E+99,+99999.9E+99,4.353E+00,0.42560E+03,0.41761E+03,0.44059E+03,1.28379E+03,0.50208E+03,0.45963E+03,0.48371E+03,1.44543E+03,0.60796E+03,0.58869E+03,0.60487E+03,1.80152E+03,0.56632E+03,0.53188E+03,0.53582E+03,1.63311E+03,-0.43414E+03,-0.41492E+03,-0.41443E+03,-1.26349E+03,-0.26197E+03,-0.26764E+03,-0.23049E+03,-0.76010E+03,-0.70005E+00,-0.70938E+00,-0.72840E+00,-0.71262E+00,-0.88658E+00,-0.86417E+00,-0.90275E+00,-0.88508E+00,0.000E+00,119.838E+00,-119.676E+00,57.825E+00,179.994E+00,-64.414E+00,-45.569E+00,-44.815E+00,-43.248E+00,-44.552E+00,202.076E+00,201.532E+00,201.824E+00,89.734E+00,+99999.9E+99,+99999.9E+99,0.00013E+06,-0.00073E+06,0.00000E+00,14.535E+00,0.757E+03,0.00115E+06,43.819E+00,F0F08
2021/11/30,17:34:04,00000:00:29,50,38003F00,2D00,3F00,3F00,3F00,99.989E+00,0.000E+00,0.000E+00,111.058E+00,0.000E+00,0.000E+00,0.505E+00,0.000E+00,0.000E+00,99.988E+00,0.000E+00,0.000E+00,0.000E+00,0.000E+00,0.000E+00,100.939E+00,0.000E+00,0.000E+00,98.800E+00,0.000E+00,0.000E+00,36.490E+00,375.980E+00,+99999.9E+99,1.070E+00,+99999.9E+99,+99999.9E+99,11.4609E+00,0.00000E+00,0.00000E+00,11.6342E+00,0.00000E+00,0.00000E+00,4.6515E+00,0.00000E+00,0.00000E+00,10.4745E+00,0.00000E+00,0.00000E+00,4.1046E+00,0.00000E+00,0.00000E+00,18.3867E+00,0.0000E+00,0.0000E+00,3.3512E+00,0.0000E+00,0.0000E+00,41.924E+00,+99999.9E+99,+99999.9E+99,71.772E+00,+99999.9E+99,+99999.9E+99,1.04521E+03,0.00000E+03,0.00000E+03,0.00000E+03,0.00000E+03,0.00000E+03,1.14596E+03,0.00000E+03,0.00000E+03,0.00000E+03,0.00000E+03,0.00000E+03,0.46986E+03,0.00000E+03,0.00000E+03,0.00000E+03,0.00000E+03,0.00000E+03,0.91208E+00,0.00000E+00,0.00000E+00,0.93152E+00,0.45969E+00,0.55709E+00,0.000E+00,-53.533E+00,163.151E+00,158.674E+00,-170.900E+00,107.006E+00,24.206E+00,90.000E+00,90.000E+00,0.00000E+00,0.00000E+00,0.00000E+00,74.872E+00,100.000E+00,100.000E+00,0.26264E+03,0.00000E+03,0.00000E+03,+99999.9E+99,+99999.9E+99,+99999.9E+99,+99999.9E+99,+99999.9E+99,+99999.9E+99,+99999.9E+99,+99999.9E+99,+99999.9E+99,+99999.9E+99,+99999.9E+99,+99999.9E+99,1B00,0,0,0,1B00,76.2715E+00,76.6185E+00,76.4846E+00,76.4582E+00,72.1952E+00,72.8705E+00,72.6142E+00,72.5600E+00,76.2715E+00,76.6185E+00,76.4846E+00,0.0000E+00,0.0000E+00,0.0000E+00,71.8785E+00,71.7022E+00,71.6377E+00,105.739E+00,105.943E+00,105.749E+00,-104.350E+00,-104.306E+00,-105.124E+00,27.315E+00,26.341E+00,27.028E+00,+99999.9E+99,+99999.9E+99,+99999.9E+99,0.201E+00,8.2857E+00,8.2306E+00,8.1856E+00,8.2340E+00,7.3860E+00,7.3494E+00,7.2871E+00,7.3408E+00,8.2849E+00,8.2299E+00,8.1824E+00,-0.1129E+00,-0.1141E+00,0.2281E+00,9.7855E+00,9.9733E+00,10.3189E+00,22.2776E+00,20.8281E+00,20.6395E+00,-18.7486E+00,-18.7500E+00,-19.9981E+00,48.218E+00,45.766E+00,44.259E+00,+99999.9E+99,+99999.9E+99,+99999.9E+99,4.223E+00,0.26247E+03,0.25706E+03,0.26305E+03,0.78257E+03,0.33882E+03,0.36278E+03,0.36623E+03,1.06782E+03,0.36654E+03,0.36447E+03,0.36331E+03,1.09432E+03,0.39332E+03,0.40494E+03,0.42164E+03,1.21931E+03,-0.25585E+03,-0.25838E+03,-0.25060E+03,-0.76484E+03,-0.19977E+03,-0.17992E+03,-0.20893E+03,-0.58862E+03,-0.71608E+00,-0.70529E+00,-0.72402E+00,-0.71512E+00,-0.86142E+00,-0.89587E+00,-0.86859E+00,-0.87576E+00,0.000E+00,120.142E+00,-120.049E+00,60.443E+00,176.490E+00,-60.232E+00,-44.269E+00,-45.147E+00,-43.613E+00,-44.347E+00,201.836E+00,201.812E+00,201.797E+00,94.470E+00,+99999.9E+99,+99999.9E+99,0.00004E+06,-0.00048E+06,0.00000E+00,9.343E+00,0.756E+03,0.00074E+06,43.843E+00,F0F08
2021/11/30,17:34:04,00000:00:29,100,38003800,2800,3800,3800,3800,99.808E+00,0.000E+00,0.000E+00,110.857E+00,0.000E+00,0.000E+00,0.492E+00,0.000E+00,0.000E+00,99.807E+00,0.000E+00,0.000E+00,0.000E+00,0.000E+00,0.000E+00,100.921E+00,0.000E+00,0.000E+00,98.811E+00,0.000E+00,0.000E+00,36.490E+00,375.980E+00,+99999.9E+99,1.057E+00,+99999.9E+99,+99999.9E+99,12.2768E+00,0.00000E+00,0.00000E+00,12.7640E+00,0.00000E+00,0.00000E+00,4.3198E+00,0.00000E+00,0.00000E+00,11.4917E+00,0.00000E+00,0.00000E+00,4.1046E+00,0.00000E+00,0.00000E+00,18.3174E+00,0.0000E+00,0.0000E+00,4.2581E+00,0.0000E+00,0.0000E+00,41.924E+00,+99999.9E+99,+99999.9E+99,61.172E+00,+99999.9E+99,+99999.9E+99,1.14503E+03,0.00000E+03,0.00000E+03,0.00000E+03,0.00000E+03,0.00000E+03,1.22532E+03,0.00000E+03,0.00000E+03,0.00000E+03,0.00000E+03,0.00000E+03,-0.43626E+03,0.00000E+03,0.00000E+03,0.00000E+03,0.00000E+03,0.00000E+03,-0.93447E+00,0.00000E+00,0.00000E+00,0.93152E+00,0.45969E+00,0.55709E+00,0.000E+00,-53.533E+00,163.151E+00,158.674E+00,-170.900E+00,107.006E+00,-20.857E+00,90.000E+00,90.000E+00,9.30970E+00,0.00000E+00,0.00000E+00,110.134E+00,100.000E+00,100.000E+00,-0.11604E+03,0.00000E+03,0.00000E+03,+99999.9E+99,+99999.9E+99,+99999.9E+99,+99999.9E+99,+99999.9E+99,+99999.9E+99,+99999.9E+99,+99999.9E+99,+99999.9E+99,+99999.9E+99,+99999.9E+99,+99999.9E+99,1B00,0,0,0,1B00,77.0421E+00,77.1876E+00,77.0956E+00,77.1084E+00,72.0970E+00,72.5416E+00,72.2483E+00,72.2956E+00,77.0421E+00,77.1876E+00,77.0956E+00,0.0000E+00,0.0000E+00,0.0000E+00,72.6629E+00,73.0752E+00,72.9417E+00,105.724E+00,106.053E+00,105.796E+00,-104.467E+00,-104.884E+00,-104.923E+00,16.429E+00,16.575E+00,16.921E+00,+99999.9E+99,+99999.9E+99,+99999.9E+99,0.340E+00,13.4408E+00,12.9877E+00,13.1719E+00,13.2001E+00,12.2095E+00,11.7490E+00,11.8011E+00,11.9199E+00,13.4394E+00,12.9842E+00,13.1623E+00,-0.1979E+00,-0.3024E+00,0.5014E+00,6.5117E+00,5.8165E+00,5.7174E+00,27.6914E+00,27.2171E+00,28.5895E+00,-26.6329E+00,-26.8071E+00,-26.7333E+00,49.175E+00,53.901E+00,54.433E+00,+99999.9E+99,+99999.9E+99,+99999.9E+99,7.192E+00,0.42868E+03,0.40779E+03,0.42459E+03,1.26106E+03,0.23477E+03,0.20404E+03,0.22060E+03,0.65941E+03,0.60491E+03,0.58328E+03,0.59173E+03,1.77992E+03,0.26190E+03,0.23547E+03,0.23846E+03,0.73478E+03,-0.42679E+03,-0.41704E+03,-0.41215E+03,-1.25598E+03,-0.11608E+03,-0.11752E+03,-0.09056E+03,-0.32416E+03,-0.70867E+00,-0.69913E+00,-0.71754E+00,-0.70849E+00,-0.89642E+00,-0.86654E+00,-0.92509E+00,-0.89743E+00,0.000E+00,119.933E+00,-119.747E+00,56.500E+00,179.812E+00,-67.558E+00,-44.873E+00,-45.643E+00,-44.148E+00,-44.888E+00,201.200E+00,201.356E+00,201.701E+00,90.998E+00,+99999.9E+99,+99999.9E+99,0.00011E+06,-0.00074E+06,0.00000E+00,14.483E+00,0.757E+03,0.00115E+06,43.591E+00,F0F08
2021/11/30,17:34:04,00000:00:29,150,38003F00,0,1B00,1B00,3F00,99.923E+00,0.000E+00,0.000E+00,110.985E+00,0.000E+00,0.000E+00,0.529E+00,0.000E+00,0.000E+00,99.922E+00,0.000E+00,0.000E+00,0.000E+00,0.000E+00,0.000E+00,101.061E+00,0.000E+00,0.000E+00,98.818E+00,0.000E+00,0.000E+00,100.178E+00,+99999.9E+99,+99999.9E+99,1.122E+00,+99999.9E+99,+99999.9E+99,11.8819E+00,0.00000E+00,0.00000E+00,12.0916E+00,0.00000E+00,0.00000E+00,4.7612E+00,0.00000E+00,0.00000E+00,10.8863E+00,0.00000E+00,0.00000E+00,2.9493E+00,0.00000E+00,0.00000E+00,18.4017E+00,0.0000E+00,0.0000E+00,3.4093E+00,0.0000E+00,0.0000E+00,101.685E+00,+99999.9E+99,+99999.9E+99,68.859E+00,+99999.9E+99,+99999.9E+99,1.08552E+03,0.00000E+03,0.00000E+03,0.00000E+03,0.00000E+03,0.00000E+03,1.18728E+03,0.00000E+03,0.00000E+03,0.00000E+03,0.00000E+03,0.00000E+03,0.48091E+03,0.00000E+03,0.00000E+03,0.00000E+03,0.00000E+03,0.00000E+03,0.91429E+00,0.00000E+00,0.00000E+00,0.83102E+00,0.99455E+00,0.36477E+00,0.000E+00,-174.910E+00,135.552E+00,146.203E+00,-0.893E+00,66.945E+00,23.895E+00,90.000E+00,90.000E+00,12.5711E+00,0.00000E+00,0.00000E+00,100.382E+00,100.000E+00,100.000E+00,-0.00415E+03,0.00000E+03,0.00000E+03,+99999.9E+99,+99999.9E+99,+99999.9E+99,+99999.9E+99,+99999.9E+99,+99999.9E+99,+99999.9E+99,+99999.9E+99,+99999.9E+99,+99999.9E+99,+99999.9E+99,+99999.9E+99,1B00,0,0,0,1B00,76.7030E+00,77.0636E+00,76.8066E+00,76.8577E+00,71.9566E+00,72.6171E+00,72.1421E+00,72.2386E+00,76.7030E+00,77.0636E+00,76.8066E+00,0.0000E+00,0.0000E+00,0.0000E+00,70.1044E+00,70.4829E+00,70.4341E+00,105.504E+00,106.120E+00,105.551E+00,-104.146E+00,-104.789E+00,-104.629E+00,37.667E+00,37.599E+00,37.536E+00,+99999.9E+99,+99999.9E+99,+99999.9E+99,0.343E+00,11.9937E+00,11.8217E+00,12.1195E+00,11.9783E+00,10.4502E+00,10.3607E+00,10.5688E+00,10.4599E+00,11.9933E+00,11.8217E+00,12.1195E+00,-0.1021E+00,0.0000E+00,0.0000E+00,15.1248E+00,14.5125E+00,14.5332E+00,27.8467E+00,27.2038E+00,28.6629E+00,-26.3800E+00,-27.2567E+00,-26.6952E+00,39.156E+00,40.660E+00,40.421E+00,+99999.9E+99,+99999.9E+99,+99999.9E+99,2.909E+00,0.35751E+03,0.35954E+03,0.37261E+03,1.08966E+03,0.53946E+03,0.50822E+03,0.52843E+03,1.57611E+03,0.53538E+03,0.52909E+03,0.54342E+03,1.60789E+03,0.61139E+03,0.58462E+03,0.59051E+03,1.78608E+03,-0.39853E+03,-0.38815E+03,-0.39556E+03,-1.18224E+03,-0.28772E+03,-0.28895E+03,-0.26356E+03,-0.84022E+03,-0.66776E+00,-0.67955E+00,-0.68568E+00,-0.67770E+00,-0.88235E+00,-0.86932E+00,-0.89487E+00,-0.88244E+00,0.000E+00,119.867E+00,-119.796E+00,58.253E+00,179.463E+00,-63.444E+00,-48.106E+00,-47.191E+00,-46.711E+00,-47.336E+00,201.886E+00,202.086E+00,201.500E+00,90.605E+00,+99999.9E+99,+99999.9E+99,0.00010E+06,-0.00063E+06,0.00000E+00,12.465E+00,0.756E+03,0.00099E+06,43.805E+00,F0F0F
2021/11/30,17:34:04,00000:00:29,200,38003F00,700,1F00,1F00,3F00,99.923E+00,0.000E+00,0.000E+00,110.985E+00,0.000E+00,0.000E+00,0.529E+00,0.000E+00,0.000E+00,99.922E+00,0.000E+00,0.000E+00,0.000E+00,0.000E+00,0.000E+00,101.061E+00,0.000E+00,0.000E+00,98.818E+00,0.000E+00,0.000E+00,19.435E+00,+99999.9E+99,389.213E+00,1.122E+00,+99999.9E+99,+99999.9E+99,11.8819E+00,0.00000E+00,0.00000E+00,12.0916E+00,0.00000E+00,0.00000E+00,4.7612E+00,0.00000E+00,0.00000E+00,10.8863E+00,0.00000E+00,0.00000E+00,4.8550E+00,0.00000E+00,0.00000E+00,18.4017E+00,0.0000E+00,0.0000E+00,3.4093E+00,0.0000E+00,0.0000E+00,10.492E+00,+99999.9E+99,+99999.9E+99,68.859E+00,+99999.9E+99,+99999.9E+99,1.08552E+03,0.00000E+03,0.00000E+03,0.00000E+03,0.00000E+03,0.00000E+03,1.18728E+03,0.00000E+03,0.00000E+03,0.00000E+03,0.00000E+03,0.00000E+03,0.48091E+03,0.00000E+03,0.00000E+03,0.00000E+03,0.00000E+03,0.00000E+03,0.91429E+00,0.00000E+00,0.00000E+00,0.91945E+00,0.93792E+00,0.94381E+00,0.000E+00,-36.611E+00,164.513E+00,156.846E+00,-16.316E+00,-176.190E+00,23.895E+00,90.000E+00,90.000E+00,12.5711E+00,0.00000E+00,0.00000E+00,78.305E+00,100.000E+00,100.000E+00,0.23551E+03,0.00000E+03,0.00000E+03,+99999.9E+99,+99999.9E+99,+99999.9E+99,+99999.9E+99,+99999.9E+99,+99999.9E+99,+99999.9E+99,+99999.9E+99,+99999.9E+99,+99999.9E+99,+99999.9E+99,+99999.9E+99,1800,0,0,0,1800,76.5271E+00,76.5606E+00,76.5146E+00,76.5341E+00,72.3715E+00,72.6412E+00,72.4043E+00,72.4723E+00,76.5271E+00,76.5606E+00,76.5146E+00,0.0000E+00,0.0000E+00,0.0000E+00,72.4367E+00,72.2031E+00,72.1795E+00,105.817E+00,106.269E+00,105.851E+00,-105.020E+00,-104.544E+00,-104.139E+00,22.614E+00,21.707E+00,22.263E+00,+99999.9E+99,+99999.9E+99,+99999.9E+99,0.222E+00,9.5303E+00,9.0305E+00,9.1688E+00,9.2432E+00,8.2257E+00,7.8140E+00,7.8552E+00,7.9650E+00,9.5290E+00,9.0273E+00,9.1599E+00,-0.1608E+00,-0.2428E+00,0.4047E+00,7.7271E+00,8.1761E+00,8.3812E+00,26.2886E+00,24.2157E+00,25.2395E+00,-26.6595E+00,-25.5262E+00,-22.5676E+00,52.573E+00,48.113E+00,47.068E+00,+99999.9E+99,+99999.9E+99,+99999.9E+99,4.803E+00,0.29082E+03,0.27237E+03,0.28681E+03,0.85001E+03,0.27418E+03,0.29682E+03,0.29874E+03,0.86975E+03,0.42347E+03,0.40017E+03,0.40613E+03,1.22976E+03,0.31707E+03,0.32894E+03,0.34323E+03,0.98861E+03,-0.30780E+03,-0.29318E+03,-0.28753E+03,-0.88852E+03,-0.15923E+03,-0.14177E+03,-0.16899E+03,-0.46999E+03,-0.68677E+00,-0.68063E+00,-0.70622E+00,-0.69120E+00,-0.86475E+00,-0.90235E+00,-0.87040E+00,-0.87977E+00,0.000E+00,120.122E+00,-120.098E+00,60.040E+00,175.644E+00,-60.488E+00,-46.625E+00,-47.107E+00,-45.072E+00,-46.275E+00,201.473E+00,201.139E+00,201.858E+00,94.616E+00,+99999.9E+99,+99999.9E+99,0.00005E+06,-0.00053E+06,0.00000E+00,10.166E+00,0.755E+03,0.00080E+06,43.757E+00,F0F08
2021/11/30,17:34:04,00000:00:29,250,38003F00,700,1F00,1F00,3F00,99.923E+00,0.000E+00,0.000E+00,110.985E+00,0.000E+00,0.000E+00,0.529E+00,0.000E+00,0.000E+00,99.922E+00,0.000E+00,0.000E+00,0.000E+00,0.000E+00,0.000E+00,101.061E+00,0.000E+00,0.000E+00,98.818E+00,0.000E+00,0.000E+00,19.435E+00,+99999.9E+99,389.213E+00,1.122E+00,+99999.9E+99,+99999.9E+99,11.8819E+00,0.00000E+00,0.00000E+00,12.0916E+00,0.00000E+00,0.00000E+00,4.7612E+00,0.00000E+00,0.00000E+00,10.8863E+00,0.00000E+00,0.00000E+00,4.8550E+00,0.00000E+00,0.00000E+00,18.4017E+00,0.0000E+00,0.0000E+00,3.4093E+00,0.0000E+00,0.0000E+00,10.492E+00,+99999.9E+99,+99999.9E+99,68.859E+00,+99999.9E+99,+99999.9E+99,1.08552E+03,0.00000E+03,0.00000E+03,0.00000E+03,0.00000E+03,0.00000E+03,1.18728E+03,0.00000E+03,0.00000E+03,0.00000E+03,0.00000E+03,0.00000E+03,0.48091E+03,0.00000E+03,0.00000E+03,0.00000E+03,0.00000E+03,0.00000E+03,0.91429E+00,0.00000E+00,0.00000E+00,0.91945E+00,0.93792E+00,0.94381E+00,0.000E+00,-36.611E+00,164.513E+00,156.846E+00,-16.316E+00,-176.190E+00,23.895E+00,90.000E+00,90.000E+00,12.5711E+00,0.00000E+00,0.00000E+00,126.257E+00,100.000E+00,100.000E+00,-0.28502E+03,0.00000E+03,0.00000E+03,+99999.9E+99,+99999.9E+99,+99999.9E+99,+99999.9E+99,+99999.9E+99,+99999.9E+99,+99999.9E+99,+99999.9E+99,+99999.9E+99,+99999.9E+99,+99999.9E+99,+99999.9E+99,1B00,0,0,0,1B00,77.0025E+00,77.4305E+00,77.3107E+00,77.2479E+00,71.7295E+00,72.5444E+00,72.3246E+00,72.1995E+00,77.0025E+00,77.4305E+00,77.3107E+00,0.0000E+00,0.0000E+00,0.0000E+00,72.2357E+00,72.7020E+00,72.5449E+00,105.571E+00,106.011E+00,105.576E+00,-104.440E+00,-104.707E+00,-105.149E+00,19.670E+00,19.743E+00,20.056E+00,+99999.9E+99,+99999.9E+99,+99999.9E+99,0.386E+00,14.0670E+00,13.7437E+00,13.8750E+00,13.8952E+00,13.1374E+00,12.9409E+00,12.8980E+00,12.9921E+00,14.0661E+00,13.7413E+00,13.8687E+00,-0.1600E+00,-0.2553E+00,0.4164E+00,7.7508E+00,7.1675E+00,7.0217E+00,27.7800E+00,27.1600E+00,28.6614E+00,-26.7257E+00,-27.2524E+00,-26.7581E+00,48.352E+00,50.880E+00,52.530E+00,+99999.9E+99,+99999.9E+99,+99999.9E+99,7.222E+00,0.46136E+03,0.44917E+03,0.46001E+03,1.37054E+03,0.27967E+03,0.24246E+03,0.26236E+03,0.78449E+03,0.63366E+03,0.61949E+03,0.62744E+03,1.88059E+03,0.31507E+03,0.28377E+03,0.28632E+03,0.88387E+03,-0.43437E+03,-0.42662E+03,-0.42671E+03,-1.28769E+03,-0.14509E+03,-0.14744E+03,-0.11465E+03,-0.40719E+03,-0.72808E+00,-0.72508E+00,-0.73315E+00,-0.72878E+00,-0.88765E+00,-0.85442E+00,-0.91632E+00,-0.88756E+00,0.000E+00,119.920E+00,-119.717E+00,57.636E+00,-178.844E+00,-66.259E+00,-43.274E+00,-43.525E+00,-42.849E+00,-43.216E+00,201.580E+00,201.984E+00,200.896E+00,90.144E+00,+99999.9E+99,+99999.9E+99,0.00014E+06,-0.00079E+06,0.00000E+00,15.591E+00,0.757E+03,0.00124E+06,43.693E+00,F0F08
2021/11/30,17:34:04,00000:00:29,300,38003D00,500,1C00,1C00,3800,99.923E+00,0.000E+00,0.000E+00,110.985E+00,0.000E+00,0.000E+00,0.529E+00,0.000E+00,0.000E+00,99.922E+00,0.000E+00,0.000E+00,0.000E+00,0.000E+00,0.000E+00,101.061E+00,0.000E+00,0.000E+00,98.818E+00,0.000E+00,0.000E+00,64.831E+00,+99999.9E+99,+99999.9E+99,1.122E+00,+99999.9E+99,+99999.9E+99,11.8819E+00,0.00000E+00,0.00000E+00,12.0916E+00,0.00000E+00,0.00000E+00,4.7612E+00,0.00000E+00,0.00000E+00,10.8863E+00,0.00000E+00,0.00000E+00,4.1598E+00,0.00000E+00,0.00000E+00,18.4017E+00,0.0000E+00,0.0000E+00,3.4093E+00,0.0000E+00,0.0000E+00,46.993E+00,+99999.9E+99,+99999.9E+99,68.859E+00,+99999.9E+99,+99999.9E+99,1.08552E+03,0.00000E+03,0.00000E+03,0.00000E+03,0.00000E+03,0.00000E+03,1.18728E+03,0.00000E+03,0.00000E+03,0.00000E+03,0.00000E+03,0.00000E+03,0.48091E+03,0.00000E+03,0.00000E+03,0.00000E+03,0.00000E+03,0.00000E+03,0.91429E+00,0.00000E+00,0.00000E+00,0.88439E+00,0.64585E+00,0.93717E+00,0.000E+00,61.159E+00,-179.910E+00,152.177E+00,110.929E+00,20.509E+00,23.895E+00,90.000E+00,90.000E+00,12.5711E+00,0.00000E+00,0.00000E+00,80.707E+00,100.000E+00,100.000E+00,0.20943E+03,0.00000E+03,0.00000E+03,+99999.9E+99,+99999.9E+99,+99999.9E+99,+99999.9E+99,+99999.9E+99,+99999.9E+99,+99999.9E+99,+99999.9E+99,+99999.9E+99,+99999.9E+99,+99999.9E+99,+99999.9E+99,1B00,0,0,0,1B00,76.6879E+00,76.6325E+00,76.3633E+00,76.5612E+00,72.5503E+00,72.6451E+00,72.0018E+00,72.3991E+00,76.6879E+00,76.6325E+00,76.3633E+00,0.0000E+00,0.0000E+00,0.0000E+00,70.2059E+00,70.2368E+00,70.1252E+00,105.819E+00,105.881E+00,105.741E+00,-103.876E+00,-104.407E+00,-104.154E+00,38.381E+00,38.046E+00,38.229E+00,+99999.9E+99,+99999.9E+99,+99999.9E+99,0.090E+00,9.7103E+00,9.2940E+00,9.8912E+00,9.6318E+00,8.4537E+00,8.0949E+00,8.5020E+00,8.3502E+00,9.7096E+00,9.2940E+00,9.8912E+00,-0.1141E+00,0.0000E+00,0.0000E+00,14.8262E+00,14.7199E+00,15.0595E+00,26.0143E+00,24.5548E+00,26.8967E+00,-25.2548E+00,-22.9890E+00,-26.2876E+00,40.632E+00,40.627E+00,39.271E+00,+99999.9E+99,+99999.9E+99,+99999.9E+99,1.447E+00,0.28667E+03,0.28479E+03,0.30462E+03,0.87609E+03,0.52069E+03,0.52299E+03,0.53498E+03,1.57866E+03,0.43175E+03,0.41337E+03,0.43860E+03,1.28372E+03,0.59899E+03,0.59386E+03,0.60822E+03,1.80097E+03,-0.32285E+03,-0.29961E+03,-0.31555E+03,-0.93801E+03,-0.29610E+03,-0.28134E+03,-0.28935E+03,-0.86680E+03,-0.66396E+00,-0.68896E+00,-0.69454E+00,-0.68246E+00,-0.86927E+00,-0.88066E+00,-0.87959E+00,-0.87656E+00,0.000E+00,120.079E+00,-119.940E+00,59.639E+00,178.310E+00,-61.499E+00,-48.397E+00,-46.452E+00,-46.009E+00,-46.964E+00,201.845E+00,201.646E+00,202.497E+00,91.824E+00,+99999.9E+99,+99999.9E+99,0.00007E+06,-0.00052E+06,0.00000E+00,10.160E+00,0.756E+03,0.00080E+06,43.810E+00,F0F08
2021/11/30,17:34:04,00000:00:29,350,38003F00,2A00,3B00,3B00,3F00,99.981E+00,0.000E+00,0.000E+00,111.050E+00,0.000E+00,0.000E+00,0.495E+00,0.000E+00,0.000E+00,99.980E+00,0.000E+00,0.000E+00,0.000E+00,0.000E+00,0.000E+00,100.954E+00,0.000E+00,0.000E+00,98.796E+00,0.000E+00,0.000E+00,64.831E+00,+99999.9E+99,+99999.9E+99,1.079E+00,+99999.9E+99,+99999.9E+99,11.5412E+00,0.00000E+00,0.00000E+00,11.7637E+00,0.00000E+00,0.00000E+00,4.5856E+00,0.00000E+00,0.00000E+00,10.5911E+00,0.00000E+00,0.00000E+00,4.1598E+00,0.00000E+00,0.00000E+00,18.3602E+00,0.0000E+00,0.0000E+00,4.1002E+00,0.0000E+00,0.0000E+00,46.993E+00,+99999.9E+99,+99999.9E+99,67.321E+00,+99999.9E+99,+99999.9E+99,1.05685E+03,0.00000E+03,0.00000E+03,0.00000E+03,0.00000E+03,0.00000E+03,1.15390E+03,0.00000E+03,0.00000E+03,0.00000E+03,0.00000E+03,0.00000E+03,0.46318E+03,0.00000E+03,0.00000E+03,0.00000E+03,0.00000E+03,0.00000E+03,0.91590E+00,0.00000E+00,0.00000E+00,0.88439E+00,0.64585E+00,0.93717E+00,0.000E+00,61.159E+00,-179.910E+00,152.177E+00,110.929E+00,20.509E+00,23.666E+00,90.000E+00,90.000E+00,0.00000E+00,0.00000E+00,0.00000E+00,98.710E+00,100.000E+00,100.000E+00,0.01364E+03,0.00000E+03,0.00000E+03,+99999.9E+99,+99999.9E+99,+99999.9E+99,+99999.9E+99,+99999.9E+99,+99999.9E+99,+99999.9E+99,+99999.9E+99,+99999.9E+99,+99999.9E+99,+99999.9E+99,+99999.9E+99,1B00,0,0,0,1B00,76.5019E+00,77.0062E+00,77.0137E+00,76.8406E+00,71.8191E+00,72.7698E+00,72.7688E+00,72.4526E+00,76.5019E+00,77.0062E+00,77.0137E+00,0.0000E+00,0.0000E+00,0.0000E+00,73.0164E+00,73.0175E+00,72.9048E+00,105.734E+00,106.050E+00,105.659E+00,-104.511E+00,-104.820E+00,-104.679E+00,15.527E+00,15.351E+00,15.445E+00,+99999.9E+99,+99999.9E+99,+99999.9E+99,0.101E+00,11.5916E+00,11.3459E+00,11.1493E+00,11.3623E+00,10.0404E+00,9.9064E+00,9.6129E+00,9.8532E+00,11.5904E+00,11.3404E+00,11.1371E+00,-0.1683E+00,-0.3516E+00,0.5209E+00,5.3069E+00,5.2137E+00,5.6232E+00,27.4443E+00,27.0105E+00,28.1243E+00,-26.6386E+00,-26.4405E+00,-25.4690E+00,57.715E+00,56.954E+00,52.771E+00,+99999.9E+99,+99999.9E+99,+99999.9E+99,3.543E+00,0.35886E+03,0.34000E+03,0.34436E+03,1.04322E+03,0.18942E+03,0.19531E+03,0.20311E+03,0.58785E+03,0.51726E+03,0.50561E+03,0.49950E+03,1.52237E+03,0.21848E+03,0.21780E+03,0.22963E+03,0.66569E+03,-0.37253E+03,-0.37423E+03,-0.36182E+03,-1.10858E+03,-0.10888E+03,-0.09640E+03,-0.10711E+03,-0.31238E+03,-0.69377E+00,-0.67245E+00,-0.68941E+00,-0.68526E+00,-0.86699E+00,-0.89673E+00,-0.88455E+00,-0.88306E+00,0.000E+00,120.098E+00,-119.954E+00,59.887E+00,176.319E+00,-62.099E+00,-46.070E+00,-47.744E+00,-46.416E+00,-46.744E+00,201.842E+00,201.796E+00,201.236E+00,92.998E+00,+99999.9E+99,+99999.9E+99,0.00007E+06,-0.00063E+06,0.00000E+00,12.254E+00,0.756E+03,0.00097E+06,43.815E+00,F0F08
2021/11/30,17:34:04,00000:00:29,400,38003F00,2D00,3F00,3F00,3F00,99.981E+00,0.000E+00,0.000E+00,111.050E+00,0.000E+00,0.000E+00,0.495E+00,0.000E+00,0.000E+00,99.980E+00,0.000E+00,0.000E+00,0.000E+00,0.000E+00,0.000E+00,100.954E+00,0.000E+00,0.000E+00,98.796E+00,0.000E+00,0.000E+00,33.152E+00,+99999.9E+99,368.653E+00,1.079E+00,+99999.9E+99,+99999.9E+99,11.5412E+00,0.00000E+00,0.00000E+00,11.7637E+00,0.00000E+00,0.00000E+00,4.5856E+00,0.00000E+00,0.00000E+00,10.5911E+00,0.00000E+00,0.00000E+00,4.0725E+00,0.00000E+00,0.00000E+00,18.3602E+00,0.0000E+00,0.0000E+00,4.1002E+00,0.0000E+00,0.0000E+00,39.187E+00,+99999.9E+99,+99999.9E+99,67.321E+00,+99999.9E+99,+99999.9E+99,1.05685E+03,0.00000E+03,0.00000E+03,0.00000E+03,0.00000E+03,0.00000E+03,1.15390E+03,0.00000E+03,0.00000E+03,0.00000E+03,0.00000E+03,0.00000E+03,0.46318E+03,0.00000E+03,0.00000E+03,0.00000E+03,0.00000E+03,0.00000E+03,0.91590E+00,0.00000E+00,0.00000E+00,0.93419E+00,0.73522E+00,0.99700E+00,0.000E+00,6.546E+00,160.005E+00,159.097E+00,-130.780E+00,-15.557E+00,23.666E+00,90.000E+00,90.000E+00,0.00000E+00,0.00000E+00,0.00000E+00,120.634E+00,100.000E+00,100.000E+00,-0.21807E+03,0.00000E+03,0.00000E+03,+99999.9E+99,+99999.9E+99,+99999.9E+99,+99999.9E+99,+99999.9E+99,+99999.9E+99,+99999.9E+99,+99999.9E+99,+99999.9E+99,+99999.9E+99,+99999.9E+99,+99999.9E+99,1B00,0,0,0,1B00,77.2035E+00,77.2319E+00,76.9689E+00,77.1348E+00,72.1672E+00,72.3995E+00,71.7955E+00,72.1207E+00,77.2035E+00,77.2319E+00,76.9689E+00,0.0000E+00,0.0000E+00,0.0000E+00,71.0063E+00,71.6797E+00,71.4669E+00,105.186E+00,105.614E+00,105.484E+00,-104.676E+00,-104.813E+00,-104.580E+00,30.187E+00,30.421E+00,30.391E+00,+99999.9E+99,+99999.9E+99,+99999.9E+99,0.550E+00,13.4317E+00,12.9949E+00,13.3980E+00,13.2749E+00,12.4067E+00,11.9795E+00,12.3393E+00,12.2418E+00,13.4305E+00,12.9949E+00,13.3967E+00,-0.1774E+00,0.0000E+00,0.1909E+00,12.4318E+00,11.2980E+00,11.4532E+00,27.2862E+00,26.7805E+00,28.4190E+00,-25.9881E+00,-26.5881E+00,-26.8152E+00,40.863E+00,44.205E+00,44.032E+00,+99999.9E+99,+99999.9E+99,+99999.9E+99,5.938E+00,0.42260E+03,0.41441E+03,0.43791E+03,1.27492E+03,0.44630E+03,0.39678E+03,0.42433E+03,1.26742E+03,0.60477E+03,0.58535E+03,0.60200E+03,1.79212E+03,0.50071E+03,0.45996E+03,0.46419E+03,1.42338E+03,-0.43262E+03,-0.41339E+03,-0.41309E+03,-1.25910E+03,-0.22698E+03,-0.23265E+03,-0.18819E+03,-0.64782E+03,-0.69878E+00,-0.70797E+00,-0.72741E+00,-0.71140E+00,-0.89135E+00,-0.86264E+00,-0.91413E+00,-0.89043E+00,0.000E+00,119.890E+00,-119.592E+00,57.266E+00,-179.825E+00,-65.884E+00,-45.671E+00,-44.930E+00,-43.330E+00,-44.651E+00,201.286E+00,201.659E+00,201.852E+00,89.432E+00,+99999.9E+99,+99999.9E+99,0.00013E+06,-0.00073E+06,0.00000E+00,14.378E+00,0.757E+03,0.00114E+06,43.568E+00,F0F08
2021/11/30,17:34:04,00000:00:29,450,38003F00,2800,3B00,3B00,3F00,99.855E+00,0.000E+00,0.000E+00,110.909E+00,0.000E+00,0.000E+00,0.496E+00,0.000E+00,0.000E+00,99.853E+00,0.000E+00,0.000E+00,0.000E+00,0.000E+00,0.000E+00,100.904E+00,0.000E+00,0.000E+00,98.786E+00,0.000E+00,0.000E+00,33.152E+00,+99999.9E+99,368.653E+00,1.060E+00,+99999.9E+99,+99999.9E+99,12.4960E+00,0.00000E+00,0.00000E+00,13.1247E+00,0.00000E+00,0.00000E+00,4.0650E+00,0.00000E+00,0.00000E+00,11.8164E+00,0.00000E+00,0.00000E+00,4.0725E+00,0.00000E+00,0.00000E+00,17.5617E+00,0.0000E+00,0.0000E+00,4.3017E+00,0.0000E+00,0.0000E+00,39.187E+00,+99999.9E+99,+99999.9E+99,56.109E+00,+99999.9E+99,+99999.9E+99,1.17811E+03,0.00000E+03,0.00000E+03,0.00000E+03,0.00000E+03,0.00000E+03,1.24778E+03,0.00000E+03,0.00000E+03,0.00000E+03,0.00000E+03,0.00000E+03,0.41112E+03,0.00000E+03,0.00000E+03,0.00000E+03,0.00000E+03,0.00000E+03,0.94416E+00,0.00000E+00,0.00000E+00,0.93419E+00,0.73522E+00,0.99700E+00,0.000E+00,6.546E+00,160.005E+00,159.097E+00,-130.780E+00,-15.557E+00,19.237E+00,90.000E+00,90.000E+00,15.0478E+00,0.00000E+00,0.00000E+00,64.594E+00,100.000E+00,100.000E+00,0.41712E+03,0.00000E+03,0.00000E+03,+99999.9E+99,+99999.9E+99,+99999.9E+99,+99999.9E+99,+99999.9E+99,+99999.9E+99,+99999.9E+99,+99999.9E+99,+99999.9E+99,+99999.9E+99,+99999.9E+99,+99999.9E+99,1B00,0,0,0,1B00,76.2437E+00,76.6509E+00,76.5093E+00,76.4680E+00,72.0887E+00,72.8415E+00,72.5862E+00,72.5055E+00,76.2437E+00,76.6509E+00,76.5093E+00,0.0000E+00,0.0000E+00,0.0000E+00,71.2840E+00,71.1763E+00,71.0077E+00,105.696E+00,106.086E+00,105.794E+00,-104.359E+00,-104.823E+00,-104.549E+00,31.940E+00,31.206E+00,31.798E+00,+99999.9E+99,+99999.9E+99,+99999.9E+99,0.234E+00,8.1363E+00,8.0730E+00,8.0246E+00,8.0779E+00,7.2555E+00,7.2154E+00,7.1630E+00,7.2113E+00,8.1363E+00,8.0717E+00,8.0214E+00,0.0000E+00,-0.1414E+00,0.2265E+00,11.7672E+00,11.7701E+00,12.3776E+00,22.2638E+00,20.3576E+00,20.2843E+00,-18.5400E+00,-19.3224E+00,-19.7895E+00,45.051E+00,43.913E+00,41.895E+00,+99999.9E+99,+99999.9E+99,+99999.9E+99,3.388E+00,0.25506E+03,0.25007E+03,0.25585E+03,0.76099E+03,0.40568E+03,0.42663E+03,0.43349E+03,1.26580E+03,0.35969E+03,0.35734E+03,0.35626E+03,1.07328E+03,0.47223E+03,0.48002E+03,0.49844E+03,1.45023E+03,-0.25361E+03,-0.25525E+03,-0.24791E+03,-0.75677E+03,-0.24170E+03,-0.22001E+03,-0.24603E+03,-0.70775E+03,-0.70911E+00,-0.69983E+00,-0.71817E+00,-0.70903E+00,-0.85908E+00,-0.88878E+00,-0.86969E+00,-0.87283E+00,0.000E+00,120.208E+00,-119.978E+00,60.731E+00,177.411E+00,-60.268E+00,-44.837E+00,-45.587E+00,-44.096E+00,-44.844E+00,202.262E+00,201.640E+00,201.867E+00,95.305E+00,+99999.9E+99,+99999.9E+99,0.00004E+06,-0.00048E+06,0.00000E+00,9.166E+00,0.756E+03,0.00073E+06,43.963E+00,F0F08
2021/11/30,17:34:04,00000:00:29,500,38003F00,0,1B00,1B00,3F00,99.928E+00,0.000E+00,0.000E+00,110.990E+00,0.000E+00,0.000E+00,0.519E+00,0.000E+00,0.000E+00,99.927E+00,0.000E+00,0.000E+00,0.000E+00,0.000E+00,0.000E+00,100.936E+00,0.000E+00,0.000E+00,98.779E+00,0.000E+00,0.000E+00,24.806E+00,+99999.9E+99,+99999.9E+99,1.079E+00,+99999.9E+99,+99999.9E+99,11.7953E+00,0.00000E+00,0.00000E+00,12.0383E+00,0.00000E+00,0.00000E+00,4.6540E+00,0.00000E+00,0.00000E+00,10.8383E+00,0.00000E+00,0.00000E+00,4.1848E+00,0.00000E+00,0.00000E+00,18.3198E+00,0.0000E+00,0.0000E+00,4.2121E+00,0.0000E+00,0.0000E+00,9.612E+00,+99999.9E+99,+99999.9E+99,65.082E+00,+99999.9E+99,+99999.9E+99,1.08087E+03,0.00000E+03,0.00000E+03,0.00000E+03,0.00000E+03,0.00000E+03,1.17868E+03,0.00000E+03,0.00000E+03,0.00000E+03,0.00000E+03,0.00000E+03,0.47010E+03,0.00000E+03,0.00000E+03,0.00000E+03,0.00000E+03,0.00000E+03,0.91702E+00,0.00000E+00,0.00000E+00,0.89607E+00,0.49547E+00,0.24290E+00,0.000E+00,-44.225E+00,153.394E+00,153.646E+00,-104.524E+00,77.452E+00,23.506E+00,90.000E+00,90.000E+00,12.6018E+00,0.00000E+00,0.00000E+00,117.457E+00,100.000E+00,100.000E+00,-0.18868E+03,0.00000E+03,0.00000E+03,+99999.9E+99,+99999.9E+99,+99999.9E+99,+99999.9E+99,+99999.9E+99,+99999.9E+99,+99999.9E+99,+99999.9E+99,+99999.9E+99,+99999.9E+99,+99999.9E+99,+99999.9E+99,1B00,0,0,0,1B00,77.0591E+00,77.1797E+00,77.1060E+00,77.1149E+00,72.1321E+00,72.5462E+00,72.2798E+00,72.3194E+00,77.0591E+00,77.1797E+00,77.1059E+00,0.0000E+00,0.0000E+00,0.0000E+00,72.9843E+00,73.2449E+00,73.1068E+00,105.901E+00,106.039E+00,105.651E+00,-104.309E+00,-104.617E+00,-105.249E+00,14.236E+00,14.404E+00,14.531E+00,+99999.9E+99,+99999.9E+99,+99999.9E+99,0.206E+00,13.4872E+00,13.0123E+00,13.2173E+00,13.2389E+00,12.2896E+00,11.7968E+00,11.8728E+00,11.9864E+00,13.4859E+00,13.0080E+00,13.2073E+00,-0.1821E+00,-0.3315E+00,0.5147E+00,5.3243E+00,4.8169E+00,4.9873E+00,27.8476E+00,27.1081E+00,28.8895E+00,-26.6614E+00,-27.2971E+00,-26.6948E+00,53.776E+00,58.011E+00,55.953E+00,+99999.9E+99,+99999.9E+99,+99999.9E+99,4.643E+00,0.43169E+03,0.40971E+03,0.42816E+03,1.26956E+03,0.19264E+03,0.17662E+03,0.18936E+03,0.55861E+03,0.60733E+03,0.58469E+03,0.59401E+03,1.78602E+03,0.21718E+03,0.20115E+03,0.20727E+03,0.62524E+03,-0.42719E+03,-0.41713E+03,-0.41173E+03,-1.25606E+03,-0.10028E+03,-0.09627E+03,-0.08430E+03,-0.28085E+03,-0.71080E+00,-0.70073E+00,-0.72080E+00,-0.71083E+00,-0.88701E+00,-0.87803E+00,-0.91356E+00,-0.89344E+00,0.000E+00,120.008E+00,-119.819E+00,57.616E+00,178.539E+00,-65.876E+00,-44.700E+00,-45.514E+00,-43.880E+00,-44.698E+00,201.146E+00,201.920E+00,201.544E+00,90.627E+00,+99999.9E+99,+99999.9E+99,0.00012E+06,-0.00074E+06,0.00000E+00,14.518E+00,0.757E+03,0.00115E+06,43.565E+00,F0F0F
2021/11/30,17:34:04,00000:00:29,550,38003F00,700,1C00,1C00,3800,99.928E+00,0.000E+00,0.000E+00,110.990E+00,0.000E+00,0.000E+00,0.519E+00,0.000E+00,0.000E+00,99.927E+00,0.000E+00,0.000E+00,0.000E+00,0.000E+00,0.000E+00,100.936E+00,0.000E+00,0.000E+00,98.779E+00,0.000E+00,0.000E+00,24.806E+00,+99999.9E+99,+99999.9E+99,1.079E+00,+99999.9E+99,+99999.9E+99,11.7953E+00,0.00000E+00,0.00000E+00,12.0383E+00,0.00000E+00,0.00000E+00,4.6540E+00,0.00000E+00,0.00000E+00,10.8383E+00,0.00000E+00,0.00000E+00,4.1848E+00,0.00000E+00,0.00000E+00,18.3198E+00,0.0000E+00,0.0000E+00,4.2121E+00,0.0000E+00,0.0000E+00,9.612E+00,+99999.9E+99,+99999.9E+99,65.082E+00,+99999.9E+99,+99999.9E+99,1.08087E+03,0.00000E+03,0.00000E+03,0.00000E+03,0.00000E+03,0.00000E+03,1.17868E+03,0.00000E+03,0.00000E+03,0.00000E+03,0.00000E+03,0.00000E+03,0.47010E+03,0.00000E+03,0.00000E+03,0.00000E+03,0.00000E+03,0.00000E+03,0.91702E+00,0.00000E+00,0.00000E+00,0.89607E+00,0.49547E+00,0.24290E+00,0.000E+00,-44.225E+00,153.394E+00,153.646E+00,-104.524E+00,77.452E+00,23.506E+00,90.000E+00,90.000E+00,12.6018E+00,0.00000E+00,0.00000E+00,99.453E+00,100.000E+00,100.000E+00,0.00591E+03,0.00000E+03,0.00000E+03,+99999.9E+99,+99999.9E+99,+99999.9E+99,+99999.9E+99,+99999.9E+99,+99999.9E+99,+99999.9E+99,+99999.9E+99,+99999.9E+99,+99999.9E+99,+99999.9E+99,+99999.9E+99,1B00,0,0,0,1B00,76.7413E+00,77.0751E+00,76.8180E+00,76.8781E+00,71.9663E+00,72.5867E+00,72.1175E+00,72.2235E+00,76.7413E+00,77.0751E+00,76.8180E+00,0.0000E+00,0.0000E+00,0.0000E+00,70.0907E+00,70.4625E+00,70.3944E+00,105.501E+00,106.023E+00,105.454E+00,-104.264E+00,-104.109E+00,-104.231E+00,37.775E+00,37.731E+00,37.606E+00,+99999.9E+99,+99999.9E+99,+99999.9E+99,0.329E+00,11.9000E+00,11.7237E+00,11.9959E+00,11.8732E+00,10.3722E+00,10.2914E+00,10.4715E+00,10.3784E+00,11.8993E+00,11.7237E+00,11.9959E+00,-0.1257E+00,0.0000E+00,0.0000E+00,15.1672E+00,14.5725E+00,14.6078E+00,27.6838E+00,27.1752E+00,28.5195E+00,-26.3619E+00,-27.1757E+00,-26.5552E+00,39.144E+00,40.583E+00,40.379E+00,+99999.9E+99,+99999.9E+99,+99999.9E+99,2.778E+00,0.35307E+03,0.35469E+03,0.36719E+03,1.07496E+03,0.54028E+03,0.51055E+03,0.53056E+03,1.58139E+03,0.53138E+03,0.52487E+03,0.53780E+03,1.59405E+03,0.61279E+03,0.58699E+03,0.59332E+03,1.79270E+03,-0.39712E+03,-0.38689E+03,-0.39293E+03,-1.17694E+03,-0.28916E+03,-0.28964E+03,-0.26557E+03,-0.84437E+03,-0.66445E+00,-0.67577E+00,-0.68277E+00,-0.67436E+00,-0.88167E+00,-0.86978E+00,-0.89424E+00,-0.88213E+00,0.000E+00,119.888E+00,-119.790E+00,58.333E+00,179.422E+00,-63.344E+00,-48.360E+00,-47.486E+00,-46.940E+00,-47.596E+00,202.052E+00,201.421E+00,201.720E+00,90.552E+00,+99999.9E+99,+99999.9E+99,0.00010E+06,-0.00062E+06,0.00000E+00,12.287E+00,0.757E+03,0.00097E+06,43.839E+00,F0F0F
2021/11/30,17:34:04,00000:00:29,600,38003F00,500,1F00,1F00,3F00,99.928E+00,0.000E+00,0.000E+00,110.990E+00,0.000E+00,0.000E+00,0.519E+00,0.000E+00,0.000E+00,99.927E+00,0.000E+00,0.000E+00,0.000E+00,0.000E+00,0.000E+00,100.936E+00,0.000E+00,0.000E+00,98.779E+00,0.000E+00,0.000E+00,23.145E+00,+99999.9E+99,483.821E+00,1.079E+00,+99999.9E+99,+99999.9E+99,11.7953E+00,0.00000E+00,0.00000E+00,12.0383E+00,0.00000E+00,0.00000E+00,4.6540E+00,0.00000E+00,0.00000E+00,10.8383E+00,0.00000E+00,0.00000E+00,4.6288E+00,0.00000E+00,0.00000E+00,18.3198E+00,0.0000E+00,0.0000E+00,4.2121E+00,0.0000E+00,0.0000E+00,10.278E+00,+99999.9E+99,+99999.9E+99,65.082E+00,+99999.9E+99,+99999.9E+99,1.08087E+03,0.00000E+03,0.00000E+03,0.00000E+03,0.00000E+03,0.00000E+03,1.17868E+03,0.00000E+03,0.00000E+03,0.00000E+03,0.00000E+03,0.00000E+03,0.47010E+03,0.00000E+03,0.00000E+03,0.00000E+03,0.00000E+03,0.00000E+03,0.91702E+00,0.00000E+00,0.00000E+00,0.90558E+00,0.88718E+00,0.99751E+00,0.000E+00,150.994E+00,147.602E+00,154.901E+00,-1.527E+00,151.648E+00,23.506E+00,90.000E+00,90.000E+00,12.6018E+00,0.00000E+00,0.00000E+00,80.173E+00,100.000E+00,100.000E+00,0.21430E+03,0.00000E+03,0.00000E+03,+99999.9E+99,+99999.9E+99,+99999.9E+99,+99999.9E+99,+99999.9E+99,+99999.9E+99,+99999.9E+99,+99999.9E+99,+99999.9E+99,+99999.9E+99,+99999.9E+99,+99999.9E+99,1B00,0,0,0,1B00,76.5372E+00,76.5794E+00,76.5362E+00,76.5509E+00,72.4289E+00,72.7368E+00,72.4878E+00,72.5512E+00,76.5372E+00,76.5793E+00,76.5362E+00,0.0000E+00,0.0000E+00,0.0000E+00,72.4157E+00,72.2022E+00,72.2122E+00,105.686E+00,106.021E+00,105.616E+00,-104.526E+00,-103.960E+00,-104.906E+00,21.766E+00,20.800E+00,21.419E+00,+99999.9E+99,+99999.9E+99,+99999.9E+99,0.189E+00,9.6448E+00,9.1262E+00,9.2629E+00,9.3446E+00,8.3460E+00,7.9141E+00,7.9580E+00,8.0727E+00,9.6436E+00,9.1230E+00,9.2545E+00,-0.1507E+00,-0.2431E+00,0.3948E+00,7.3636E+00,7.7571E+00,7.9265E+00,26.3776E+00,24.2090E+00,25.1538E+00,-26.7738E+00,-25.3610E+00,-22.5314E+00,54.409E+00,50.241E+00,49.162E+00,+99999.9E+99,+99999.9E+99,+99999.9E+99,4.505E+00,0.29666E+03,0.27754E+03,0.29237E+03,0.86657E+03,0.25564E+03,0.27551E+03,0.27744E+03,0.80859E+03,0.42893E+03,0.40464E+03,0.41060E+03,1.24417E+03,0.30103E+03,0.31060E+03,0.32416E+03,0.93527E+03,-0.30979E+03,-0.29446E+03,-0.28829E+03,-0.89255E+03,-0.15896E+03,-0.14341E+03,-0.16765E+03,-0.47003E+03,-0.69163E+00,-0.68588E+00,-0.71205E+00,-0.69650E+00,-0.84920E+00,-0.88702E+00,-0.85587E+00,-0.86454E+00,0.000E+00,120.083E+00,-120.104E+00,61.777E+00,177.588E+00,-58.869E+00,-46.241E+00,-46.695E+00,-44.598E+00,-45.853E+00,201.623E+00,201.906E+00,202.017E+00,94.259E+00,+99999.9E+99,+99999.9E+99,0.00005E+06,-0.00054E+06,0.00000E+00,10.318E+00,0.756E+03,0.00082E+06,43.757E+00,F0F08
2021/11/30,17:34:04,00000:00:29,650,38003F00,700,1F00,1F00,3F00,99.928E+00,0.000E+00,0.000E+00,110.990E+00,0.000E+00,0.000E+00,0.519E+00,0.000E+00,0.000E+00,99.927E+00,0.000E+00,0.000E+00,0.000E+00,0.000E+00,0.000E+00,100.936E+00,0.000E+00,0.000E+00,98.779E+00,0.000E+00,0.000E+00,23.145E+00,+99999.9E+99,483.821E+00,1.079E+00,+99999.9E+99,+99999.9E+99,11.7953E+00,0.00000E+00,0.00000E+00,12.0383E+00,0.00000E+00,0.00000E+00,4.6540E+00,0.00000E+00,0.00000E+00,10.8383E+00,0.00000E+00,0.00000E+00,4.6288E+00,0.00000E+00,0.00000E+00,18.3198E+00,0.0000E+00,0.0000E+00,4.2121E+00,0.0000E+00,0.0000E+00,10.278E+00,+99999.9E+99,+99999.9E+99,65.082E+00,+99999.9E+99,+99999.9E+99,1.08087E+03,0.00000E+03,0.00000E+03,0.00000E+03,0.00000E+03,0.00000E+03,1.17868E+03,0.00000E+03,0.00000E+03,0.00000E+03,0.00000E+03,0.00000E+03,0.47010E+03,0.00000E+03,0.00000E+03,0.00000E+03,0.00000E+03,0.00000E+03,0.91702E+00,0.00000E+00,0.00000E+00,0.90558E+00,0.88718E+00,0.99751E+00,0.000E+00,150.994E+00,147.602E+00,154.901E+00,-1.527E+00,151.648E+00,23.506E+00,90.000E+00,90.000E+00,12.6018E+00,0.00000E+00,0.00000E+00,113.138E+00,100.000E+00,100.000E+00,-0.14201E+03,0.00000E+03,0.00000E+03,+99999.9E+99,+99999.9E+99,+99999.9E+99,+99999.9E+99,+99999.9E+99,+99999.9E+99,+99999.9E+99,+99999.9E+99,+99999.9E+99,+99999.9E+99,+99999.9E+99,+99999.9E+99,1B00,0,0,0,1B00,76.9475E+00,77.1869E+00,77.0876E+00,77.0740E+00,71.9808E+00,72.5416E+00,72.2811E+00,72.2678E+00,76.9475E+00,77.1869E+00,77.0876E+00,0.0000E+00,0.0000E+00,0.0000E+00,72.2770E+00,72.7484E+00,72.6141E+00,105.803E+00,106.041E+00,105.749E+00,-104.561E+00,-104.816E+00,-105.013E+00,20.368E+00,20.458E+00,20.777E+00,+99999.9E+99,+99999.9E+99,+99999.9E+99,0.394E+00,12.9478E+00,12.5957E+00,12.7456E+00,12.7630E+00,11.8092E+00,11.5201E+00,11.5410E+00,11.6234E+00,12.9470E+00,12.5931E+00,12.7392E+00,-0.1458E+00,-0.2552E+00,0.4019E+00,8.1211E+00,7.5045E+00,7.3574E+00,27.2605E+00,27.1186E+00,28.4752E+00,-26.2005E+00,-27.0129E+00,-26.6157E+00,46.638E+00,49.185E+00,50.818E+00,+99999.9E+99,+99999.9E+99,+99999.9E+99,7.116E+00,0.41283E+03,0.39807E+03,0.41198E+03,1.22288E+03,0.29731E+03,0.25871E+03,0.27857E+03,0.83459E+03,0.58169E+03,0.56531E+03,0.57281E+03,1.71981E+03,0.33098E+03,0.29850E+03,0.30118E+03,0.92935E+03,-0.40980E+03,-0.40139E+03,-0.39798E+03,-1.20916E+03,-0.14544E+03,-0.14890E+03,-0.11450E+03,-0.40884E+03,-0.70971E+00,-0.70417E+00,-0.71922E+00,-0.71105E+00,-0.89827E+00,-0.86670E+00,-0.92492E+00,-0.89804E+00,0.000E+00,119.898E+00,-119.725E+00,56.285E+00,179.763E+00,-67.541E+00,-44.789E+00,-45.238E+00,-44.010E+00,-44.679E+00,201.667E+00,201.355E+00,201.002E+00,90.932E+00,+99999.9E+99,+99999.9E+99,0.00011E+06,-0.00071E+06,0.00000E+00,14.031E+00,0.757E+03,0.00111E+06,43.708E+00,F0F08
2021/11/30,17:34:04,00000:00:29,700,38003F00,500,1F00,1F00,3F00,99.928E+00,0.000E+00,0.000E+00,110.990E+00,0.000E+00,0.000E+00,0.519E+00,0.000E+00,0.000E+00,99.927E+00,0.000E+00,0.000E+00,0.000E+00,0.000E+00,0.000E+00,100.936E+00,0.000E+00,0.000E+00,98.779E+00,0.000E+00,0.000E+00,69.781E+00,+99999.9E+99,+99999.9E+99,1.079E+00,+99999.9E+99,+99999.9E+99,11.7953E+00,0.00000E+00,0.00000E+00,12.0383E+00,0.00000E+00,0.00000E+00,4.6540E+00,0.00000E+00,0.00000E+00,10.8383E+00,0.00000E+00,0.00000E+00,4.0345E+00,0.00000E+00,0.00000E+00,18.3198E+00,0.0000E+00,0.0000E+00,4.2121E+00,0.0000E+00,0.0000E+00,50.443E+00,+99999.9E+99,+99999.9E+99,65.082E+00,+99999.9E+99,+99999.9E+99,1.08087E+03,0.00000E+03,0.00000E+03,0.00000E+03,0.00000E+03,0.00000E+03,1.17868E+03,0.00000E+03,0.00000E+03,0.00000E+03,0.00000E+03,0.00000E+03,0.47010E+03,0.00000E+03,0.00000E+03,0.00000E+03,0.00000E+03,0.00000E+03,0.91702E+00,0.00000E+00,0.00000E+00,0.89542E+00,0.98137E+00,0.95774E+00,0.000E+00,93.190E+00,-177.120E+00,153.562E+00,-97.888E+00,166.164E+00,23.506E+00,90.000E+00,90.000E+00,12.6018E+00,0.00000E+00,0.00000E+00,101.322E+00,100.000E+00,100.000E+00,-0.01429E+03,0.00000E+03,0.00000E+03,+99999.9E+99,+99999.9E+99,+99999.9E+99,+99999.9E+99,+99999.9E+99,+99999.9E+99,+99999.9E+99,+99999.9E+99,+99999.9E+99,+99999.9E+99,+99999.9E+99,+99999.9E+99,1B00,0,0,0,1B00,76.7323E+00,77.0818E+00,76.8305E+00,76.8815E+00,72.0149E+00,72.6676E+00,72.1895E+00,72.2906E+00,76.7323E+00,77.0818E+00,76.8305E+00,0.0000E+00,0.0000E+00,0.0000E+00,70.2428E+00,70.2864E+00,70.1630E+00,105.471E+00,106.057E+00,105.530E+00,-104.334E+00,-104.643E+00,-104.423E+00,38.054E+00,37.785E+00,38.062E+00,+99999.9E+99,+99999.9E+99,+99999.9E+99,0.095E+00,11.9687E+00,11.8023E+00,12.0846E+00,11.9519E+00,10.4831E+00,10.4087E+00,10.6046E+00,10.4988E+00,11.9681E+00,11.8023E+00,12.0846E+00,-0.1127E+00,0.0000E+00,0.0000E+00,14.6606E+00,14.5318E+00,14.8989E+00,27.6219E+00,27.0905E+00,28.4771E+00,-26.3448E+00,-27.0890E+00,-26.4148E+00,40.871E+00,40.931E+00,39.531E+00,+99999.9E+99,+99999.9E+99,+99999.9E+99,1.522E+00,0.35927E+03,0.36166E+03,0.37424E+03,1.09517E+03,0.51303E+03,0.51484E+03,0.52775E+03,1.55562E+03,0.53469E+03,0.52851E+03,0.54212E+03,1.60531E+03,0.59273E+03,0.58681E+03,0.60187E+03,1.78130E+03,-0.39600E+03,-0.38539E+03,-0.39222E+03,-1.17361E+03,-0.29687E+03,-0.28158E+03,-0.28936E+03,-0.86780E+03,-0.67193E+00,-0.68430E+00,-0.69033E+00,-0.68221E+00,-0.86554E+00,-0.87735E+00,-0.87685E+00,-0.87330E+00,0.000E+00,120.083E+00,-119.928E+00,60.076E+00,178.706E+00,-61.160E+00,-47.784E+00,-46.819E+00,-46.344E+00,-46.983E+00,201.910E+00,202.271E+00,202.529E+00,90.065E+00,+99999.9E+99,+99999.9E+99,0.00011E+06,-0.00062E+06,0.00000E+00,12.445E+00,0.757E+03,0.00099E+06,43.774E+00,F0F08
2021/11/30,17:34:04,00000:00:29,750,38003A00,2A00,3800,3800,3800,99.866E+00,0.000E+00,0.000E+00,110.922E+00,0.000E+00,0.000E+00,0.503E+00,0.000E+00,0.000E+00,99.865E+00,0.000E+00,0.000E+00,0.000E+00,0.000E+00,0.000E+00,100.964E+00,0.000E+00,0.000E+00,98.775E+00,0.000E+00,0.000E+00,69.781E+00,+99999.9E+99,+99999.9E+99,1.096E+00,+99999.9E+99,+99999.9E+99,12.0817E+00,0.00000E+00,0.00000E+00,12.3967E+00,0.00000E+00,0.00000E+00,4.6260E+00,0.00000E+00,0.00000E+00,11.1610E+00,0.00000E+00,0.00000E+00,4.0345E+00,0.00000E+00,0.00000E+00,18.3071E+00,0.0000E+00,0.0000E+00,4.0564E+00,0.0000E+00,0.0000E+00,50.443E+00,+99999.9E+99,+99999.9E+99,63.842E+00,+99999.9E+99,+99999.9E+99,1.11249E+03,0.00000E+03,0.00000E+03,0.00000E+03,0.00000E+03,0.00000E+03,1.20655E+03,0.00000E+03,0.00000E+03,0.00000E+03,0.00000E+03,0.00000E+03,0.46703E+03,0.00000E+03,0.00000E+03,0.00000E+03,0.00000E+03,0.00000E+03,0.92204E+00,0.00000E+00,0.00000E+00,0.89542E+00,0.98137E+00,0.95774E+00,0.000E+00,93.190E+00,-177.120E+00,153.562E+00,-97.888E+00,166.164E+00,22.773E+00,90.000E+00,90.000E+00,0.00000E+00,0.00000E+00,0.00000E+00,77.265E+00,100.000E+00,100.000E+00,0.25292E+03,0.00000E+03,0.00000E+03,+99999.9E+99,+99999.9E+99,+99999.9E+99,+99999.9E+99,+99999.9E+99,+99999.9E+99,+99999.9E+99,+99999.9E+99,+99999.9E+99,+99999.9E+99,+99999.9E+99,+99999.9E+99,1B00,0,0,0,1B00,76.5724E+00,76.6207E+00,76.5683E+00,76.5871E+00,72.4715E+00,72.7849E+00,72.5301E+00,72.5955E+00,76.5724E+00,76.6207E+00,76.5683E+00,0.0000E+00,0.0000E+00,0.0000E+00,72.8576E+00,72.6879E+00,72.6106E+00,105.747E+00,106.164E+00,105.857E+00,-104.857E+00,-104.769E+00,-104.567E+00,18.542E+00,18.114E+00,18.137E+00,+99999.9E+99,+99999.9E+99,+99999.9E+99,0.201E+00,9.5990E+00,9.0797E+00,9.2095E+00,9.2961E+00,8.2989E+00,7.8679E+00,7.9003E+00,8.0224E+00,9.5980E+00,9.0760E+00,9.2006E+00,-0.1450E+00,-0.2593E+00,0.4053E+00,6.1574E+00,6.4697E+00,6.8769E+00,26.2910E+00,24.1614E+00,25.1262E+00,-26.6981E+00,-25.3157E+00,-22.4900E+00,56.870E+00,52.494E+00,49.719E+00,+99999.9E+99,+99999.9E+99,+99999.9E+99,5.003E+00,0.29473E+03,0.27505E+03,0.28979E+03,0.85957E+03,0.22084E+03,0.23832E+03,0.24261E+03,0.70176E+03,0.42722E+03,0.40291E+03,0.40854E+03,1.23867E+03,0.25624E+03,0.26400E+03,0.27805E+03,0.79775E+03,-0.30927E+03,-0.29443E+03,-0.28797E+03,-0.89167E+03,-0.12996E+03,-0.11359E+03,-0.13584E+03,-0.37939E+03,-0.68988E+00,-0.68265E+00,-0.70933E+00,-0.69394E+00,-0.86183E+00,-0.90271E+00,-0.87254E+00,-0.87968E+00,0.000E+00,120.142E+00,-120.048E+00,60.398E+00,175.593E+00,-60.692E+00,-46.379E+00,-46.949E+00,-44.820E+00,-46.057E+00,202.019E+00,201.410E+00,201.373E+00,94.671E+00,+99999.9E+99,+99999.9E+99,0.00005E+06,-0.00054E+06,0.00000E+00,10.274E+00,0.756E+03,0.00081E+06,43.840E+00,F0F08
2021/11/30,17:34:05,00000:00:29,800,38003F00,2D00,3F00,3F00,3F00,99.866E+00,0.000E+00,0.000E+00,110.922E+00,0.000E+00,0.000E+00,0.503E+00,0.000E+00,0.000E+00,99.865E+00,0.000E+00,0.000E+00,0.000E+00,0.000E+00,0.000E+00,100.964E+00,0.000E+00,0.000E+00,98.775E+00,0.000E+00,0.000E+00,35.727E+00,374.164E+00,403.448E+00,1.096E+00,+99999.9E+99,+99999.9E+99,12.0817E+00,0.00000E+00,0.00000E+00,12.3967E+00,0.00000E+00,0.00000E+00,4.6260E+00,0.00000E+00,0.00000E+00,11.1610E+00,0.00000E+00,0.00000E+00,4.0775E+00,0.00000E+00,0.00000E+00,18.3071E+00,0.0000E+00,0.0000E+00,4.0564E+00,0.0000E+00,0.0000E+00,44.302E+00,+99999.9E+99,+99999.9E+99,63.842E+00,+99999.9E+99,+99999.9E+99,1.11249E+03,0.00000E+03,0.00000E+03,0.00000E+03,0.00000E+03,0.00000E+03,1.20655E+03,0.00000E+03,0.00000E+03,0.00000E+03,0.00000E+03,0.00000E+03,0.46703E+03,0.00000E+03,0.00000E+03,0.00000E+03,0.00000E+03,0.00000E+03,0.92204E+00,0.00000E+00,0.00000E+00,0.93093E+00,0.59475E+00,0.97113E+00,0.000E+00,91.540E+00,-169.591E+00,158.580E+00,-34.955E+00,24.209E+00,22.773E+00,90.000E+00,90.000E+00,0.00000E+00,0.00000E+00,0.00000E+00,121.421E+00,100.000E+00,100.000E+00,-0.23831E+03,0.00000E+03,0.00000E+03,+99999.9E+99,+99999.9E+99,+99999.9E+99,+99999.9E+99,+99999.9E+99,+99999.9E+99,+99999.9E+99,+99999.9E+99,+99999.9E+99,+99999.9E+99,+99999.9E+99,+99999.9E+99,1B00,0,0,0,1B00,77.0137E+00,77.4744E+00,77.3404E+00,77.2761E+00,71.7159E+00,72.5826E+00,72.3381E+00,72.2122E+00,77.0137E+00,77.4743E+00,77.3404E+00,0.0000E+00,0.0000E+00,0.0000E+00,71.7237E+00,72.3233E+00,72.1194E+00,105.633E+00,106.083E+00,105.566E+00,-104.334E+00,-104.869E+00,-104.809E+00,25.178E+00,25.474E+00,25.426E+00,+99999.9E+99,+99999.9E+99,+99999.9E+99,0.483E+00,13.9362E+00,13.6024E+00,13.7408E+00,13.7598E+00,13.0260E+00,12.8187E+00,12.7825E+00,12.8757E+00,13.9353E+00,13.6003E+00,13.7350E+00,-0.1601E+00,-0.2388E+00,0.4000E+00,10.1837E+00,9.3049E+00,9.4430E+00,27.5967E+00,27.1419E+00,28.6248E+00,-26.5657E+00,-27.1005E+00,-26.7724E+00,43.874E+00,46.828E+00,47.268E+00,+99999.9E+99,+99999.9E+99,+99999.9E+99,6.943E+00,0.45473E+03,0.44236E+03,0.45371E+03,1.35080E+03,0.37174E+03,0.32441E+03,0.34972E+03,1.04586E+03,0.62790E+03,0.61323E+03,0.62168E+03,1.86281E+03,0.41525E+03,0.37573E+03,0.37942E+03,1.16879E+03,-0.43298E+03,-0.42470E+03,-0.42502E+03,-1.28270E+03,-0.18504E+03,-0.18956E+03,-0.14715E+03,-0.52176E+03,-0.72421E+00,-0.72136E+00,-0.72980E+00,-0.72514E+00,-0.89522E+00,-0.86340E+00,-0.92173E+00,-0.89483E+00,0.000E+00,119.905E+00,-119.641E+00,56.735E+00,-179.884E+00,-67.003E+00,-43.597E+00,-43.833E+00,-43.130E+00,-43.520E+00,201.426E+00,202.228E+00,201.639E+00,89.995E+00,+99999.9E+99,+99999.9E+99,0.00014E+06,-0.00077E+06,0.00000E+00,15.320E+00,0.758E+03,0.00122E+06,43.573E+00,F0F08
2021/11/30,17:34:05,00000:00:29,850,38003F00,2800,3B00,3B00,3F00,100.056E+00,0.000E+00,0.000E+00,111.132E+00,0.000E+00,0.000E+00,0.505E+00,0.000E+00,0.000E+00,100.054E+00,0.000E+00,0.000E+00,0.000E+00,0.000E+00,0.000E+00,100.971E+00,0.000E+00,0.000E+00,98.814E+00,0.000E+00,0.000E+00,35.727E+00,374.164E+00,403.448E+00,1.078E+00,+99999.9E+99,+99999.9E+99,11.1107E+00,0.00000E+00,0.00000E+00,11.2885E+00,0.00000E+00,0.00000E+00,4.4896E+00,0.00000E+00,0.00000E+00,10.1633E+00,0.00000E+00,0.00000E+00,4.0775E+00,0.00000E+00,0.00000E+00,18.3240E+00,0.0000E+00,0.0000E+00,3.3660E+00,0.0000E+00,0.0000E+00,44.302E+00,+99999.9E+99,+99999.9E+99,73.589E+00,+99999.9E+99,+99999.9E+99,1.01484E+03,0.00000E+03,0.00000E+03,0.00000E+03,0.00000E+03,0.00000E+03,1.11169E+03,0.00000E+03,0.00000E+03,0.00000E+03,0.00000E+03,0.00000E+03,-0.45382E+03,0.00000E+03,0.00000E+03,0.00000E+03,0.00000E+03,0.00000E+03,-0.91288E+00,0.00000E+00,0.00000E+00,0.93093E+00,0.59475E+00,0.97113E+00,0.000E+00,91.540E+00,-169.591E+00,158.580E+00,-34.955E+00,24.209E+00,-24.093E+00,90.000E+00,90.000E+00,9.13085E+00,0.00000E+00,0.00000E+00,83.729E+00,100.000E+00,100.000E+00,0.16512E+03,0.00000E+03,0.00000E+03,+99999.9E+99,+99999.9E+99,+99999.9E+99,+99999.9E+99,+99999.9E+99,+99999.9E+99,+99999.9E+99,+99999.9E+99,+99999.9E+99,+99999.9E+99,+99999.9E+99,+99999.9E+99,1B00,0,0,0,1B00,76.7091E+00,76.6773E+00,76.3791E+00,76.5885E+00,72.5239E+00,72.6515E+00,71.9733E+00,72.3829E+00,76.7091E+00,76.6773E+00,76.3791E+00,0.0000E+00,0.0000E+00,0.0000E+00,70.7552E+00,70.6688E+00,70.4959E+00,105.769E+00,106.064E+00,105.797E+00,-104.079E+00,-104.889E+00,-104.697E+00,35.764E+00,35.277E+00,35.763E+00,+99999.9E+99,+99999.9E+99,+99999.9E+99,0.216E+00,9.6509E+00,9.2269E+00,9.8448E+00,9.5742E+00,8.2809E+00,7.9139E+00,8.3278E+00,8.1742E+00,9.6499E+00,9.2269E+00,9.8448E+00,-0.1342E+00,0.0000E+00,0.0000E+00,13.3948E+00,13.4277E+00,13.9961E+00,26.4338E+00,24.7681E+00,27.1267E+00,-25.5300E+00,-23.2467E+00,-26.6624E+00,42.925E+00,42.218E+00,40.286E+00,+99999.9E+99,+99999.9E+99,+99999.9E+99,2.566E+00,0.27772E+03,0.27568E+03,0.29632E+03,0.84972E+03,0.46582E+03,0.48087E+03,0.49044E+03,1.43713E+03,0.42909E+03,0.41055E+03,0.43671E+03,1.27636E+03,0.54197E+03,0.54461E+03,0.56287E+03,1.64914E+03,-0.32710E+03,-0.30423E+03,-0.32080E+03,-0.95213E+03,-0.27702E+03,-0.25567E+03,-0.27621E+03,-0.80890E+03,-0.64722E+00,-0.67149E+00,-0.67852E+00,-0.66574E+00,-0.85950E+00,-0.88296E+00,-0.87132E+00,-0.87144E+00,0.000E+00,120.195E+00,-119.972E+00,60.693E+00,178.118E+00,-60.462E+00,-49.668E+00,-47.818E+00,-47.272E+00,-48.261E+00,202.415E+00,201.758E+00,202.630E+00,92.175E+00,+99999.9E+99,+99999.9E+99,0.00007E+06,-0.00051E+06,0.00000E+00,9.885E+00,0.757E+03,0.00078E+06,43.929E+00,F0F08
2021/11/30,17:34:05,00000:00:29,900,38003F00,0,1B00,1B00,3F00,99.915E+00,0.000E+00,0.000E+00,110.976E+00,0.000E+00,0.000E+00,0.519E+00,0.000E+00,0.000E+00,99.914E+00,0.000E+00,0.000E+00,0.000E+00,0.000E+00,0.000E+00,100.943E+00,0.000E+00,0.000E+00,98.811E+00,0.000E+00,0.000E+00,107.829E+00,+99999.9E+99,+99999.9E+99,1.067E+00,+99999.9E+99,+99999.9E+99,11.8789E+00,0.00000E+00,0.00000E+00,12.1138E+00,0.00000E+00,0.00000E+00,4.7076E+00,0.00000E+00,0.00000E+00,10.9062E+00,0.00000E+00,0.00000E+00,3.0512E+00,0.00000E+00,0.00000E+00,18.2471E+00,0.0000E+00,0.0000E+00,3.8267E+00,0.0000E+00,0.0000E+00,105.361E+00,+99999.9E+99,+99999.9E+99,66.111E+00,+99999.9E+99,+99999.9E+99,1.08751E+03,0.00000E+03,0.00000E+03,0.00000E+03,0.00000E+03,0.00000E+03,1.18688E+03,0.00000E+03,0.00000E+03,0.00000E+03,0.00000E+03,0.00000E+03,0.47540E+03,0.00000E+03,0.00000E+03,0.00000E+03,0.00000E+03,0.00000E+03,0.91628E+00,0.00000E+00,0.00000E+00,0.81985E+00,0.84285E+00,0.32838E+00,0.000E+00,56.510E+00,139.533E+00,145.070E+00,23.952E+00,-149.637E+00,23.612E+00,90.000E+00,90.000E+00,12.9971E+00,0.00000E+00,0.00000E+00,95.707E+00,100.000E+00,100.000E+00,0.04669E+03,0.00000E+03,0.00000E+03,+99999.9E+99,+99999.9E+99,+99999.9E+99,+99999.9E+99,+99999.9E+99,+99999.9E+99,+99999.9E+99,+99999.9E+99,+99999.9E+99,+99999.9E+99,+99999.9E+99,+99999.9E+99,1B00,0,0,0,1B00,76.5118E+00,77.0413E+00,77.0259E+00,76.8597E+00,71.8042E+00,72.7757E+00,72.7494E+00,72.4431E+00,76.5118E+00,77.0413E+00,77.0259E+00,0.0000E+00,0.0000E+00,0.0000E+00,73.1191E+00,73.2430E+00,73.1228E+00,105.837E+00,106.099E+00,105.784E+00,-104.460E+00,-104.896E+00,-104.599E+00,13.369E+00,13.222E+00,13.551E+00,+99999.9E+99,+99999.9E+99,+99999.9E+99,0.112E+00,11.6404E+00,11.4391E+00,11.2353E+00,11.4383E+00,10.0211E+00,9.9010E+00,9.6078E+00,9.8433E+00,11.6394E+00,11.4324E+00,11.2220E+00,-0.1562E+00,-0.3903E+00,0.5478E+00,4.4668E+00,4.1807E+00,4.4551E+00,27.6452E+00,27.0481E+00,28.5643E+00,-26.3614E+00,-27.2795E+00,-26.0957E+00,62.580E+00,64.471E+00,60.305E+00,+99999.9E+99,+99999.9E+99,+99999.9E+99,3.349E+00,0.35755E+03,0.33951E+03,0.34377E+03,1.04082E+03,0.15634E+03,0.15125E+03,0.16193E+03,0.46952E+03,0.51931E+03,0.51006E+03,0.50375E+03,1.53312E+03,0.18421E+03,0.17528E+03,0.18446E+03,0.54380E+03,-0.37662E+03,-0.38065E+03,-0.36823E+03,-1.12550E+03,-0.09742E+03,-0.08859E+03,-0.08834E+03,-0.27435E+03,-0.68851E+00,-0.66562E+00,-0.68241E+00,-0.67889E+00,-0.84871E+00,-0.86287E+00,-0.87787E+00,-0.86341E+00,0.000E+00,120.050E+00,-119.894E+00,61.981E+00,-179.642E+00,-61.281E+00,-46.488E+00,-48.270E+00,-46.968E+00,-47.243E+00,201.229E+00,201.982E+00,201.325E+00,93.136E+00,+99999.9E+99,+99999.9E+99,0.00007E+06,-0.00063E+06,0.00000E+00,12.236E+00,0.757E+03,0.00097E+06,43.604E+00,F0F0F
2021/11/30,17:34:05,00000:00:29,950,38003F00,700,1C00,1C00,3800,99.915E+00,0.000E+00,0.000E+00,110.976E+00,0.000E+00,0.000E+00,0.519E+00,0.000E+00,0.000E+00,99.914E+00,0.000E+00,0.000E+00,0.000E+00,0.000E+00,0.000E+00,100.943E+00,0.000E+00,0.000E+00,98.811E+00,0.000E+00,0.000E+00,107.829E+00,+99999.9E+99,+99999.9E+99,1.067E+00,+99999.9E+99,+99999.9E+99,11.8789E+00,0.00000E+00,0.00000E+00,12.1138E+00,0.00000E+00,0.00000E+00,4.7076E+00,0.00000E+00,0.00000E+00,10.9062E+00,0.00000E+00,0.00000E+00,3.0512E+00,0.00000E+00,0.00000E+00,18.2471E+00,0.0000E+00,0.0000E+00,3.8267E+00,0.0000E+00,0.0000E+00,105.361E+00,+99999.9E+99,+99999.9E+99,66.111E+00,+99999.9E+99,+99999.9E+99,1.08751E+03,0.00000E+03,0.00000E+03,0.00000E+03,0.00000E+03,0.00000E+03,1.18688E+03,0.00000E+03,0.00000E+03,0.00000E+03,0.00000E+03,0.00000E+03,0.47540E+03,0.00000E+03,0.00000E+03,0.00000E+03,0.00000E+03,0.00000E+03,0.91628E+00,0.00000E+00,0.00000E+00,0.81985E+00,0.84285E+00,0.32838E+00,0.000E+00,56.510E+00,139.533E+00,145.070E+00,23.952E+00,-149.637E+00,23.612E+00,90.000E+00,90.000E+00,12.9971E+00,0.00000E+00,0.00000E+00,117.908E+00,100.000E+00,100.000E+00,-0.19475E+03,0.00000E+03,0.00000E+03,+99999.9E+99,+99999.9E+99,+99999.9E+99,+99999.9E+99,+99999.9E+99,+99999.9E+99,+99999.9E+99,+99999.9E+99,+99999.9E+99,+99999.9E+99,+99999.9E+99,+99999.9E+99,1B00,0,0,0,1B00,77.2110E+00,77.2207E+00,76.9789E+00,77.1369E+00,72.1944E+00,72.3830E+00,71.8164E+00,72.1313E+00,77.2110E+00,77.2207E+00,76.9789E+00,0.0000E+00,0.0000E+00,0.0000E+00,70.4906E+00,71.0205E+00,70.9176E+00,105.343E+00,105.654E+00,105.614E+00,-104.314E+00,-104.716E+00,-104.539E+00,34.650E+00,34.821E+00,34.713E+00,+99999.9E+99,+99999.9E+99,+99999.9E+99,0.461E+00,13.5644E+00,13.1435E+00,13.5311E+00,13.4130E+00,12.4354E+00,12.0164E+00,12.3816E+00,12.2778E+00,13.5635E+00,13.1435E+00,13.5300E+00,-0.1533E+00,0.0000E+00,0.1728E+00,14.0709E+00,13.2111E+00,13.1646E+00,27.6986E+00,27.1576E+00,28.6214E+00,-26.4138E+00,-27.1871E+00,-26.8290E+00,39.705E+00,41.783E+00,42.251E+00,+99999.9E+99,+99999.9E+99,+99999.9E+99,4.148E+00,0.42467E+03,0.41740E+03,0.44019E+03,1.28226E+03,0.50275E+03,0.46227E+03,0.48464E+03,1.44967E+03,0.61085E+03,0.59206E+03,0.60817E+03,1.81108E+03,0.56693E+03,0.53426E+03,0.53736E+03,1.63772E+03,-0.43909E+03,-0.41989E+03,-0.41964E+03,-1.27862E+03,-0.26202E+03,-0.26784E+03,-0.23210E+03,-0.76196E+03,-0.69520E+00,-0.70501E+00,-0.72380E+00,-0.70801E+00,-0.88679E+00,-0.86526E+00,-0.90190E+00,-0.88518E+00,0.000E+00,119.852E+00,-119.701E+00,57.776E+00,179.889E+00,-64.308E+00,-45.957E+00,-45.170E+00,-43.631E+00,-44.927E+00,202.088E+00,201.469E+00,201.882E+00,89.691E+00,+99999.9E+99,+99999.9E+99,0.00013E+06,-0.00073E+06,0.00000E+00,14.505E+00,0.757E+03,0.00115E+06,43.803E+00,F0F0F
2021/11/30,17:34:05,00000:00:30,0,38003F00,500,1F00,1F00,3F00,99.915E+00,0.000E+00,0.000E+00,110.976E+00,0.000E+00,0.000E+00,0.519E+00,0.000E+00,0.000E+00,99.914E+00,0.000E+00,0.000E+00,0.000E+00,0.000E+00,0.000E+00,100.943E+00,0.000E+00,0.000E+00,98.811E+00,0.000E+00,0.000E+00,22.046E+00,+99999.9E+99,+99999.9E+99,1.067E+00,+99999.9E+99,+99999.9E+99,11.8789E+00,0.00000E+00,0.00000E+00,12.1138E+00,0.00000E+00,0.00000E+00,4.7076E+00,0.00000E+00,0.00000E+00,10.9062E+00,0.00000E+00,0.00000E+00,4.8492E+00,0.00000E+00,0.00000E+00,18.2471E+00,0.0000E+00,0.0000E+00,3.8267E+00,0.0000E+00,0.0000E+00,12.404E+00,+99999.9E+99,+99999.9E+99,66.111E+00,+99999.9E+99,+99999.9E+99,1.08751E+03,0.00000E+03,0.00000E+03,0.00000E+03,0.00000E+03,0.00000E+03,1.18688E+03,0.00000E+03,0.00000E+03,0.00000E+03,0.00000E+03,0.00000E+03,0.47540E+03,0.00000E+03,0.00000E+03,0.00000E+03,0.00000E+03,0.00000E+03,0.91628E+00,0.00000E+00,0.00000E+00,0.91580E+00,0.77703E+00,0.66104E+00,0.000E+00,33.578E+00,135.226E+00,156.320E+00,174.568E+00,-176.153E+00,23.612E+00,90.000E+00,90.000E+00,12.9971E+00,0.00000E+00,0.00000E+00,71.880E+00,100.000E+00,100.000E+00,0.30581E+03,0.00000E+03,0.00000E+03,+99999.9E+99,+99999.9E+99,+99999.9E+99,+99999.9E+99,+99999.9E+99,+99999.9E+99,+99999.9E+99,+99999.9E+99,+99999.9E+99,+99999.9E+99,+99999.9E+99,+99999.9E+99,1B00,0,0,0,1B00,76.2554E+00,76.6707E+00,76.5218E+00,76.4826E+00,72.1493E+00,72.9275E+00,72.6535E+00,72.5768E+00,76.2554E+00,76.6707E+00,76.5218E+00,0.0000E+00,0.0000E+00,0.0000E+00,71.9107E+00,71.7426E+00,71.6756E+00,105.687E+00,106.167E+00,105.843E+00,-104.233E+00,-104.239E+00,-104.471E+00,26.805E+00,25.794E+00,26.576E+00,+99999.9E+99,+99999.9E+99,+99999.9E+99,0.198E+00,8.2846E+00,8.2249E+00,8.1840E+00,8.2311E+00,7.3847E+00,7.3413E+00,7.2897E+00,7.3385E+00,8.2846E+00,8.2237E+00,8.1806E+00,0.0000E+00,-0.1372E+00,0.2349E+00,9.5491E+00,9.7233E+00,10.0598E+00,22.3467E+00,20.7619E+00,20.4071E+00,-18.6971E+00,-19.3062E+00,-19.9381E+00,49.191E+00,46.722E+00,45.195E+00,+99999.9E+99,+99999.9E+99,+99999.9E+99,4.439E+00,0.26199E+03,0.25664E+03,0.26307E+03,0.78170E+03,0.32431E+03,0.34898E+03,0.35215E+03,1.02544E+03,0.36649E+03,0.36432E+03,0.36357E+03,1.09438E+03,0.38062E+03,0.39242E+03,0.40954E+03,1.18195E+03,-0.25628E+03,-0.25858E+03,-0.25095E+03,-0.76581E+03,-0.19924E+03,-0.17946E+03,-0.20907E+03,-0.58778E+03,-0.71484E+00,-0.70443E+00,-0.72359E+00,-0.71428E+00,-0.85205E+00,-0.88930E+00,-0.85987E+00,-0.86758E+00,0.000E+00,120.142E+00,-120.044E+00,61.487E+00,177.324E+00,-59.236E+00,-44.370E+00,-45.216E+00,-43.649E+00,-44.416E+00,201.658E+00,201.974E+00,201.927E+00,94.407E+00,+99999.9E+99,+99999.9E+99,0.00004E+06,-0.00048E+06,0.00000E+00,9.321E+00,0.756E+03,0.00074E+06,43.761E+00,F0F08
2021/11/30,17:34:05,00000:00:30,50,38003F00,700,1F00,1F00,3F00,99.915E+00,0.000E+00,0.000E+00,110.976E+00,0.000E+00,0.000E+00,0.519E+00,0.000E+00,0.000E+00,99.914E+00,0.000E+00,0.000E+00,0.000E+00,0.000E+00,0.000E+00,100.943E+00,0.000E+00,0.000E+00,98.811E+00,0.000E+00,0.000E+00,68.854E+00,+99999.9E+99,+99999.9E+99,1.067E+00,+99999.9E+99,+99999.9E+99,11.8789E+00,0.00000E+00,0.00000E+00,12.1138E+00,0.00000E+00,0.00000E+00,4.7076E+00,0.00000E+00,0.00000E+00,10.9062E+00,0.00000E+00,0.00000E+00,4.0581E+00,0.00000E+00,0.00000E+00,18.2471E+00,0.0000E+00,0.0000E+00,3.8267E+00,0.0000E+00,0.0000E+00,49.702E+00,+99999.9E+99,+99999.9E+99,66.111E+00,+99999.9E+99,+99999.9E+99,1.08751E+03,0.00000E+03,0.00000E+03,0.00000E+03,0.00000E+03,0.00000E+03,1.18688E+03,0.00000E+03,0.00000E+03,0.00000E+03,0.00000E+03,0.00000E+03,0.47540E+03,0.00000E+03,0.00000E+03,0.00000E+03,0.00000E+03,0.00000E+03,0.91628E+00,0.00000E+00,0.00000E+00,0.89542E+00,0.79080E+00,0.83719E+00,0.000E+00,-170.233E+00,155.999E+00,153.562E+00,152.027E+00,122.843E+00,23.612E+00,90.000E+00,90.000E+00,12.9971E+00,0.00000E+00,0.00000E+00,115.714E+00,100.000E+00,100.000E+00,-0.17089E+03,0.00000E+03,0.00000E+03,+99999.9E+99,+99999.9E+99,+99999.9E+99,+99999.9E+99,+99999.9E+99,+99999.9E+99,+99999.9E+99,+99999.9E+99,+99999.9E+99,+99999.9E+99,+99999.9E+99,+99999.9E+99,1B00,0,0,0,1B00,77.0767E+00,77.1856E+00,77.0899E+00,77.1174E+00,72.1494E+00,72.5378E+00,72.2314E+00,72.3062E+00,77.0767E+00,77.1856E+00,77.0899E+00,0.0000E+00,0.0000E+00,0.0000E+00,72.6943E+00,73.1397E+00,72.9906E+00,105.894E+00,106.077E+00,105.790E+00,-104.210E+00,-104.393E+00,-104.574E+00,16.515E+00,16.515E+00,16.951E+00,+99999.9E+99,+99999.9E+99,+99999.9E+99,0.367E+00,13.4133E+00,12.9553E+00,13.1489E+00,13.1725E+00,12.2038E+00,11.7380E+00,11.7978E+00,11.9132E+00,13.4119E+00,12.9515E+00,13.1393E+00,-0.1888E+00,-0.3131E+00,0.5030E+00,6.5329E+00,5.8387E+00,5.7588E+00,27.4314E+00,27.2248E+00,28.8100E+00,-26.5567E+00,-27.0214E+00,-26.7843E+00,49.203E+00,53.734E+00,54.173E+00,+99999.9E+99,+99999.9E+99,+99999.9E+99,7.076E+00,0.42767E+03,0.40683E+03,0.42390E+03,1.25840E+03,0.23550E+03,0.20512E+03,0.22227E+03,0.66289E+03,0.60388E+03,0.58205E+03,0.59063E+03,1.77657E+03,0.26296E+03,0.23653E+03,0.24034E+03,0.73881E+03,-0.42635E+03,-0.41626E+03,-0.41128E+03,-1.25390E+03,-0.11698E+03,-0.11779E+03,-0.09144E+03,-0.32621E+03,-0.70819E+00,-0.69895E+00,-0.71771E+00,-0.70833E+00,-0.89559E+00,-0.86718E+00,-0.92481E+00,-0.89724E+00,0.000E+00,119.932E+00,-119.725E+00,56.621E+00,179.730E+00,-67.501E+00,-44.912E+00,-45.657E+00,-44.134E+00,-44.901E+00,201.773E+00,201.360E+00,201.782E+00,91.067E+00,+99999.9E+99,+99999.9E+99,0.00011E+06,-0.00074E+06,0.00000E+00,14.456E+00,0.757E+03,0.00115E+06,43.725E+00,F0F08
2021/11/30,17:34:05,00000:00:30,100,38003F00,500,1F00,1F00,3F00,99.915E+00,0.000E+00,0.000E+00,110.976E+00,0.000E+00,0.000E+00,0.519E+00,0.000E+00,0.000E+00,99.914E+00,0.000E+00,0.000E+00,0.000E+00,0.000E+00,0.000E+00,100.943E+00,0.000E+00,0.000E+00,98.811E+00,0.000E+00,0.000E+00,68.854E+00,+99999.9E+99,+99999.9E+99,1.067E+00,+99999.9E+99,+99999.9E+99,11.8789E+00,0.00000E+00,0.00000E+00,12.1138E+00,0.00000E+00,0.00000E+00,4.7076E+00,0.00000E+00,0.00000E+00,10.9062E+00,0.00000E+00,0.00000E+00,4.0581E+00,0.00000E+00,0.00000E+00,18.2471E+00,0.0000E+00,0.0000E+00,3.8267E+00,0.0000E+00,0.0000E+00,49.702E+00,+99999.9E+99,+99999.9E+99,66.111E+00,+99999.9E+99,+99999.9E+99,1.08751E+03,0.00000E+03,0.00000E+03,0.00000E+03,0.00000E+03,0.00000E+03,1.18688E+03,0.00000E+03,0.00000E+03,0.00000E+03,0.00000E+03,0.00000E+03,0.47540E+03,0.00000E+03,0.00000E+03,0.00000E+03,0.00000E+03,0.00000E+03,0.91628E+00,0.00000E+00,0.00000E+00,0.89542E+00,0.79080E+00,0.83719E+00,0.000E+00,-170.233E+00,155.999E+00,153.562E+00,152.027E+00,122.843E+00,23.612E+00,90.000E+00,90.000E+00,12.9971E+00,0.00000E+00,0.00000E+00,96.274E+00,100.000E+00,100.000E+00,0.04052E+03,0.00000E+03,0.00000E+03,+99999.9E+99,+99999.9E+99,+99999.9E+99,+99999.9E+99,+99999.9E+99,+99999.9E+99,+99999.9E+99,+99999.9E+99,+99999.9E+99,+99999.9E+99,+99999.9E+99,+99999.9E+99,1B00,0,0,0,1B00,76.7383E+00,77.0801E+00,76.8229E+00,76.8804E+00,71.9147E+00,72.5575E+00,72.0691E+00,72.1804E+00,76.7383E+00,77.0801E+00,76.8229E+00,0.0000E+00,0.0000E+00,0.0000E+00,70.0262E+00,70.2493E+00,70.1655E+00,105.536E+00,106.071E+00,105.483E+00,-103.861E+00,-104.690E+00,-104.397E+00,39.051E+00,38.841E+00,38.929E+00,+99999.9E+99,+99999.9E+99,+99999.9E+99,0.192E+00,11.6849E+00,11.4978E+00,11.7949E+00,11.6592E+00,10.1986E+00,10.0950E+00,10.3061E+00,10.1999E+00,11.6842E+00,11.4978E+00,11.7949E+00,-0.1237E+00,0.0000E+00,0.0000E+00,15.3741E+00,14.9717E+00,15.1650E+00,27.5229E+00,26.8567E+00,28.0548E+00,-26.2229E+00,-26.5190E+00,-25.8305E+00,39.502E+00,40.427E+00,39.562E+00,+99999.9E+99,+99999.9E+99,+99999.9E+99,1.634E+00,0.34315E+03,0.34513E+03,0.35871E+03,1.04699E+03,0.54241E+03,0.52658E+03,0.54296E+03,1.61195E+03,0.52160E+03,0.51453E+03,0.52870E+03,1.56484E+03,0.62058E+03,0.60392E+03,0.61344E+03,1.83780E+03,-0.39284E+03,-0.38161E+03,-0.38840E+03,-1.16285E+03,-0.30151E+03,-0.29568E+03,-0.28549E+03,-0.88269E+03,-0.65787E+00,-0.67077E+00,-0.67847E+00,-0.66907E+00,-0.87404E+00,-0.87194E+00,-0.88510E+00,-0.87711E+00,0.000E+00,119.967E+00,-119.856E+00,59.175E+00,179.244E+00,-62.189E+00,-48.863E+00,-47.873E+00,-47.275E+00,-48.005E+00,201.948E+00,202.371E+00,201.703E+00,90.287E+00,+99999.9E+99,+99999.9E+99,0.00010E+06,-0.00060E+06,0.00000E+00,11.924E+00,0.757E+03,0.00095E+06,43.771E+00,F0F08
2021/11/30,17:34:05,00000:00:30,150,38003800,2800,3800,3800,3800,99.874E+00,0.000E+00,0.000E+00,110.931E+00,0.000E+00,0.000E+00,0.508E+00,0.000E+00,0.000E+00,99.873E+00,0.000E+00,0.000E+00,0.000E+00,0.000E+00,0.000E+00,100.968E+00,0.000E+00,0.000E+00,98.821E+00,0.000E+00,0.000E+00,37.110E+00,487.137E+00,+99999.9E+99,1.075E+00,+99999.9E+99,+99999.9E+99,12.0187E+00,0.00000E+00,0.00000E+00,12.2965E+00,0.00000E+00,0.00000E+00,4.6785E+00,0.00000E+00,0.00000E+00,11.0707E+00,0.00000E+00,0.00000E+00,4.2200E+00,0.00000E+00,0.00000E+00,18.3409E+00,0.0000E+00,0.0000E+00,3.3440E+00,0.0000E+00,0.0000E+00,43.348E+00,+99999.9E+99,+99999.9E+99,67.732E+00,+99999.9E+99,+99999.9E+99,1.10352E+03,0.00000E+03,0.00000E+03,0.00000E+03,0.00000E+03,0.00000E+03,1.20036E+03,0.00000E+03,0.00000E+03,0.00000E+03,0.00000E+03,0.00000E+03,0.47234E+03,0.00000E+03,0.00000E+03,0.00000E+03,0.00000E+03,0.00000E+03,0.91933E+00,0.00000E+00,0.00000E+00,0.92854E+00,0.06710E+00,0.91776E+00,0.000E+00,12.960E+00,-168.095E+00,158.208E+00,106.808E+00,-144.696E+00,23.172E+00,90.000E+00,90.000E+00,0.00000E+00,0.00000E+00,0.00000E+00,74.127E+00,100.000E+00,100.000E+00,0.28552E+03,0.00000E+03,0.00000E+03,+99999.9E+99,+99999.9E+99,+99999.9E+99,+99999.9E+99,+99999.9E+99,+99999.9E+99,+99999.9E+99,+99999.9E+99,+99999.9E+99,+99999.9E+99,+99999.9E+99,+99999.9E+99,1B00,0,0,0,1B00,76.5218E+00,76.5585E+00,76.5304E+00,76.5369E+00,72.2975E+00,72.5710E+00,72.3578E+00,72.4088E+00,76.5218E+00,76.5585E+00,76.5304E+00,0.0000E+00,0.0000E+00,0.0000E+00,72.8807E+00,72.7171E+00,72.6287E+00,105.799E+00,106.099E+00,105.780E+00,-105.151E+00,-104.596E+00,-104.276E+00,18.208E+00,17.683E+00,17.743E+00,+99999.9E+99,+99999.9E+99,+99999.9E+99,0.201E+00,9.3638E+00,8.8555E+00,8.9805E+00,9.0666E+00,8.0286E+00,7.6207E+00,7.6440E+00,7.7644E+00,9.3629E+00,8.8518E+00,8.9724E+00,-0.1245E+00,-0.2553E+00,0.3808E+00,5.8812E+00,6.2174E+00,6.6490E+00,26.2890E+00,24.1629E+00,25.0662E+00,-26.6848E+00,-25.3143E+00,-22.5033E+00,59.386E+00,54.209E+00,51.219E+00,+99999.9E+99,+99999.9E+99,+99999.9E+99,5.454E+00,0.28036E+03,0.26178E+03,0.27587E+03,0.81801E+03,0.20618E+03,0.22411E+03,0.22894E+03,0.65923E+03,0.41595E+03,0.39217E+03,0.39768E+03,1.20580E+03,0.24340E+03,0.25065E+03,0.26589E+03,0.75934E+03,-0.30726E+03,-0.29202E+03,-0.28643E+03,-0.88571E+03,-0.12936E+03,-0.11225E+03,-0.13523E+03,-0.37684E+03,-0.67403E+00,-0.66750E+00,-0.69370E+00,-0.67839E+00,-0.84709E+00,-0.89412E+00,-0.86102E+00,-0.86817E+00,0.000E+00,120.148E+00,-120.039E+00,62.027E+00,176.716E+00,-59.357E+00,-47.621E+00,-48.125E+00,-46.077E+00,-47.282E+00,201.798E+00,201.182E+00,201.928E+00,94.766E+00,+99999.9E+99,+99999.9E+99,0.00004E+06,-0.00051E+06,0.00000E+00,9.797E+00,0.756E+03,0.00078E+06,43.838E+00,F0F08
2021/11/30,17:34:05,00000:00:30,200,38003F00,2D00,3F00,3F00,3F00,99.874E+00,0.000E+00,0.000E+00,110.931E+00,0.000E+00,0.000E+00,0.508E+00,0.000E+00,0.000E+00,99.873E+00,0.000E+00,0.000E+00,0.000E+00,0.000E+00,0.000E+00,100.968E+00,0.000E+00,0.000E+00,98.821E+00,0.000E+00,0.000E+00,37.110E+00,487.137E+00,+99999.9E+99,1.075E+00,+99999.9E+99,+99999.9E+99,12.0187E+00,0.00000E+00,0.00000E+00,12.2965E+00,0.00000E+00,0.00000E+00,4.6785E+00,0.00000E+00,0.00000E+00,11.0707E+00,0.00000E+00,0.00000E+00,4.2200E+00,0.00000E+00,0.00000E+00,18.3409E+00,0.0000E+00,0.0000E+00,3.3440E+00,0.0000E+00,0.0000E+00,43.348E+00,+99999.9E+99,+99999.9E+99,67.732E+00,+99999.9E+99,+99999.9E+99,1.10352E+03,0.00000E+03,0.00000E+03,0.00000E+03,0.00000E+03,0.00000E+03,1.20036E+03,0.00000E+03,0.00000E+03,0.00000E+03,0.00000E+03,0.00000E+03,0.47234E+03,0.00000E+03,0.00000E+03,0.00000E+03,0.00000E+03,0.00000E+03,0.91933E+00,0.00000E+00,0.00000E+00,0.92854E+00,0.06710E+00,0.91776E+00,0.000E+00,12.960E+00,-168.095E+00,158.208E+00,106.808E+00,-144.696E+00,23.172E+00,90.000E+00,90.000E+00,0.00000E+00,0.00000E+00,0.00000E+00,124.078E+00,100.000E+00,100.000E+00,-0.26570E+03,0.00000E+03,0.00000E+03,+99999.9E+99,+99999.9E+99,+99999.9E+99,+99999.9E+99,+99999.9E+99,+99999.9E+99,+99999.9E+99,+99999.9E+99,+99999.9E+99,+99999.9E+99,+99999.9E+99,+99999.9E+99,1B00,0,0,0,1B00,77.0018E+00,77.4661E+00,77.3105E+00,77.2595E+00,71.7260E+00,72.5818E+00,72.3090E+00,72.2056E+00,77.0018E+00,77.4661E+00,77.3105E+00,0.0000E+00,0.0000E+00,0.0000E+00,71.6629E+00,72.2335E+00,72.0253E+00,105.550E+00,106.047E+00,105.576E+00,-104.463E+00,-105.081E+00,-104.797E+00,24.429E+00,24.752E+00,24.701E+00,+99999.9E+99,+99999.9E+99,+99999.9E+99,0.456E+00,14.0418E+00,13.7388E+00,13.8757E+00,13.8854E+00,13.1216E+00,12.9414E+00,12.9021E+00,12.9884E+00,14.0410E+00,13.7364E+00,13.8697E+00,-0.1542E+00,-0.2524E+00,0.4076E+00,9.7672E+00,8.9097E+00,9.0324E+00,27.6714E+00,27.1795E+00,28.6210E+00,-26.4329E+00,-27.2767E+00,-26.8033E+00,45.477E+00,48.320E+00,49.160E+00,+99999.9E+99,+99999.9E+99,+99999.9E+99,7.177E+00,0.46019E+03,0.44932E+03,0.45972E+03,1.36923E+03,0.35129E+03,0.30468E+03,0.32956E+03,0.98553E+03,0.63231E+03,0.61949E+03,0.62785E+03,1.87965E+03,0.39688E+03,0.35836E+03,0.36088E+03,1.11450E+03,-0.43365E+03,-0.42647E+03,-0.42762E+03,-1.28774E+03,-0.18470E+03,-0.18866E+03,-0.14706E+03,-0.52041E+03,-0.72778E+00,-0.72531E+00,-0.73220E+00,-0.72845E+00,-0.88512E+00,-0.85021E+00,-0.91321E+00,-0.88428E+00,0.000E+00,119.922E+00,-119.653E+00,57.992E+00,-178.402E+00,-65.773E+00,-43.299E+00,-43.505E+00,-42.929E+00,-43.244E+00,201.408E+00,202.034E+00,200.925E+00,90.173E+00,+99999.9E+99,+99999.9E+99,0.00013E+06,-0.00079E+06,0.00000E+00,15.575E+00,0.757E+03,0.00123E+06,43.621E+00,F0F08
2021/11/30,17:34:05,00000:00:30,250,38003F00,2800,3B00,3B00,3F00,100.059E+00,0.000E+00,0.000E+00,111.136E+00,0.000E+00,0.000E+00,0.517E+00,0.000E+00,0.000E+00,100.058E+00,0.000E+00,0.000E+00,0.000E+00,0.000E+00,0.000E+00,100.979E+00,0.000E+00,0.000E+00,98.811E+00,0.000E+00,0.000E+00,37.110E+00,487.137E+00,+99999.9E+99,1.083E+00,+99999.9E+99,+99999.9E+99,11.0969E+00,0.00000E+00,0.00000E+00,11.2103E+00,0.00000E+00,0.00000E+00,4.6126E+00,0.00000E+00,0.00000E+00,10.0928E+00,0.00000E+00,0.00000E+00,4.2200E+00,0.00000E+00,0.00000E+00,18.3274E+00,0.0000E+00,0.0000E+00,3.4493E+00,0.0000E+00,0.0000E+00,43.348E+00,+99999.9E+99,+99999.9E+99,73.706E+00,+99999.9E+99,+99999.9E+99,1.00773E+03,0.00000E+03,0.00000E+03,0.00000E+03,0.00000E+03,0.00000E+03,1.11034E+03,0.00000E+03,0.00000E+03,0.00000E+03,0.00000E+03,0.00000E+03,-0.46619E+03,0.00000E+03,0.00000E+03,0.00000E+03,0.00000E+03,0.00000E+03,-0.90759E+00,0.00000E+00,0.00000E+00,0.92854E+00,0.06710E+00,0.91776E+00,0.000E+00,12.960E+00,-168.095E+00,158.208E+00,106.808E+00,-144.696E+00,-24.826E+00,90.000E+00,90.000E+00,9.10380E+00,0.00000E+00,0.00000E+00,86.266E+00,100.000E+00,100.000E+00,0.13841E+03,0.00000E+03,0.00000E+03,+99999.9E+99,+99999.9E+99,+99999.9E+99,+99999.9E+99,+99999.9E+99,+99999.9E+99,+99999.9E+99,+99999.9E+99,+99999.9E+99,+99999.9E+99,+99999.9E+99,+99999.9E+99,1B00,0,0,0,1B00,76.6951E+00,76.6545E+00,76.3752E+00,76.5749E+00,72.5309E+00,72.6417E+00,72.0034E+00,72.3920E+00,76.6951E+00,76.6545E+00,76.3752E+00,0.0000E+00,0.0000E+00,0.0000E+00,70.7029E+00,70.6092E+00,70.4590E+00,105.767E+00,106.173E+00,105.723E+00,-104.354E+00,-104.606E+00,-104.007E+00,35.860E+00,35.369E+00,35.779E+00,+99999.9E+99,+99999.9E+99,+99999.9E+99,0.201E+00,9.7500E+00,9.3442E+00,9.9372E+00,9.6771E+00,8.4063E+00,8.0567E+00,8.4425E+00,8.3018E+00,9.7493E+00,9.3442E+00,9.9372E+00,-0.1157E+00,0.0000E+00,0.0000E+00,13.4820E+00,13.5376E+00,14.0858E+00,26.4400E+00,24.9895E+00,27.2024E+00,-25.4371E+00,-23.4629E+00,-26.5662E+00,42.683E+00,41.924E+00,40.041E+00,+99999.9E+99,+99999.9E+99,+99999.9E+99,2.518E+00,0.28489E+03,0.28237E+03,0.30207E+03,0.86933E+03,0.47087E+03,0.48628E+03,0.49499E+03,1.45214E+03,0.43352E+03,0.41572E+03,0.44074E+03,1.28998E+03,0.54527E+03,0.54873E+03,0.56628E+03,1.65999E+03,-0.32677E+03,-0.30511E+03,-0.32094E+03,-0.95282E+03,-0.27497E+03,-0.25424E+03,-0.27507E+03,-0.80428E+03,-0.65714E+00,-0.67923E+00,-0.68537E+00,-0.67391E+00,-0.86354E+00,-0.88619E+00,-0.87410E+00,-0.87479E+00,0.000E+00,120.178E+00,-119.986E+00,60.232E+00,177.715E+00,-60.810E+00,-48.918E+00,-47.216E+00,-46.735E+00,-47.631E+00,201.870E+00,201.594E+00,202.498E+00,91.547E+00,+99999.9E+99,+99999.9E+99,0.00007E+06,-0.00051E+06,0.00000E+00,10.052E+00,0.756E+03,0.00080E+06,43.823E+00,F0F08
2021/11/30,17:34:05,00000:00:30,300,38003F00,0,1B00,1B00,3F00,99.914E+00,0.000E+00,0.000E+00,110.975E+00,0.000E+00,0.000E+00,0.507E+00,0.000E+00,0.000E+00,99.913E+00,0.000E+00,0.000E+00,0.000E+00,0.000E+00,0.000E+00,100.936E+00,0.000E+00,0.000E+00,98.818E+00,0.000E+00,0.000E+00,99.244E+00,+99999.9E+99,+99999.9E+99,1.060E+00,+99999.9E+99,+99999.9E+99,11.8548E+00,0.00000E+00,0.00000E+00,12.1715E+00,0.00000E+00,0.00000E+00,4.5227E+00,0.00000E+00,0.00000E+00,10.9582E+00,0.00000E+00,0.00000E+00,3.3642E+00,0.00000E+00,0.00000E+00,18.2605E+00,0.0000E+00,0.0000E+00,3.9893E+00,0.0000E+00,0.0000E+00,93.853E+00,+99999.9E+99,+99999.9E+99,65.117E+00,+99999.9E+99,+99999.9E+99,1.09283E+03,0.00000E+03,0.00000E+03,0.00000E+03,0.00000E+03,0.00000E+03,1.18446E+03,0.00000E+03,0.00000E+03,0.00000E+03,0.00000E+03,0.00000E+03,0.45681E+03,0.00000E+03,0.00000E+03,0.00000E+03,0.00000E+03,0.00000E+03,0.92264E+00,0.00000E+00,0.00000E+00,0.84471E+00,0.99853E+00,0.26547E+00,0.000E+00,50.240E+00,153.593E+00,147.641E+00,47.134E+00,48.198E+00,22.685E+00,90.000E+00,90.000E+00,13.0423E+00,0.00000E+00,0.00000E+00,94.945E+00,100.000E+00,100.000E+00,0.05524E+03,0.00000E+03,0.00000E+03,+99999.9E+99,+99999.9E+99,+99999.9E+99,+99999.9E+99,+99999.9E+99,+99999.9E+99,+99999.9E+99,+99999.9E+99,+99999.9E+99,+99999.9E+99,+99999.9E+99,+99999.9E+99,1B00,0,0,0,1B00,76.5286E+00,76.9820E+00,77.0115E+00,76.8407E+00,71.8125E+00,72.7016E+00,72.7275E+00,72.4138E+00,76.5286E+00,76.9820E+00,77.0115E+00,0.0000E+00,0.0000E+00,0.0000E+00,73.0080E+00,73.0002E+00,72.9094E+00,105.756E+00,106.093E+00,105.843E+00,-104.664E+00,-104.479E+00,-104.823E+00,15.129E+00,14.948E+00,14.900E+00,+99999.9E+99,+99999.9E+99,+99999.9E+99,0.085E+00,11.5859E+00,11.3358E+00,11.1390E+00,11.3536E+00,10.0256E+00,9.8705E+00,9.5904E+00,9.8288E+00,11.5850E+00,11.3285E+00,11.1252E+00,-0.1459E+00,-0.4078E+00,0.5547E+00,5.0181E+00,4.9460E+00,5.3333E+00,27.4290E+00,27.1500E+00,28.5709E+00,-26.4105E+00,-27.2390E+00,-26.1300E+00,60.374E+00,59.537E+00,55.124E+00,+99999.9E+99,+99999.9E+99,+99999.9E+99,3.283E+00,0.35700E+03,0.33749E+03,0.34309E+03,1.03759E+03,0.17633E+03,0.18109E+03,0.18822E+03,0.54564E+03,0.51715E+03,0.50514E+03,0.49882E+03,1.52112E+03,0.20671E+03,0.20535E+03,0.21601E+03,0.62789E+03,-0.37416E+03,-0.37586E+03,-0.36209E+03,-1.11211E+03,-0.10788E+03,-0.09681E+03,-0.10599E+03,-0.31068E+03,-0.69032E+00,-0.66812E+00,-0.68781E+00,-0.68212E+00,-0.85301E+00,-0.88188E+00,-0.87136E+00,-0.86901E+00,0.000E+00,120.081E+00,-119.966E+00,61.454E+00,178.172E+00,-60.539E+00,-46.345E+00,-48.078E+00,-46.543E+00,-46.990E+00,201.834E+00,201.851E+00,201.212E+00,93.014E+00,+99999.9E+99,+99999.9E+99,0.00007E+06,-0.00063E+06,0.00000E+00,12.188E+00,0.756E+03,0.00097E+06,43.804E+00,F0F0F
2021/11/30,17:34:05,00000:00:30,350,38003F00,700,1C00,1C00,3800,99.914E+00,0.000E+00,0.000E+00,110.975E+00,0.000E+00,0.000E+00,0.507E+00,0.000E+00,0.000E+00,99.913E+00,0.000E+00,0.000E+00,0.000E+00,0.000E+00,0.000E+00,100.936E+00,0.000E+00,0.000E+00,98.818E+00,0.000E+00,0.000E+00,21.429E+00,370.592E+00,371.099E+00,1.060E+00,+99999.9E+99,+99999.9E+99,11.8548E+00,0.00000E+00,0.00000E+00,12.1715E+00,0.00000E+00,0.00000E+00,4.5227E+00,0.00000E+00,0.00000E+00,10.9582E+00,0.00000E+00,0.00000E+00,4.6428E+00,0.00000E+00,0.00000E+00,18.2605E+00,0.0000E+00,0.0000E+00,3.9893E+00,0.0000E+00,0.0000E+00,12.191E+00,+99999.9E+99,+99999.9E+99,65.117E+00,+99999.9E+99,+99999.9E+99,1.09283E+03,0.00000E+03,0.00000E+03,0.00000E+03,0.00000E+03,0.00000E+03,1.18446E+03,0.00000E+03,0.00000E+03,0.00000E+03,0.00000E+03,0.00000E+03,0.45681E+03,0.00000E+03,0.00000E+03,0.00000E+03,0.00000E+03,0.00000E+03,0.92264E+00,0.00000E+00,0.00000E+00,0.91727E+00,0.14213E+00,0.94961E+00,0.000E+00,-50.287E+00,157.964E+00,156.531E+00,-148.458E+00,139.699E+00,22.685E+00,90.000E+00,90.000E+00,13.0423E+00,0.00000E+00,0.00000E+00,114.499E+00,100.000E+00,100.000E+00,-0.15845E+03,0.00000E+03,0.00000E+03,+99999.9E+99,+99999.9E+99,+99999.9E+99,+99999.9E+99,+99999.9E+99,+99999.9E+99,+99999.9E+99,+99999.9E+99,+99999.9E+99,+99999.9E+99,+99999.9E+99,+99999.9E+99,1B00,0,0,0,1B00,77.1875E+00,77.1752E+00,76.9592E+00,77.1073E+00,72.1166E+00,72.2765E+00,71.7383E+00,72.0438E+00,77.1875E+00,77.1752E+00,76.9592E+00,0.0000E+00,0.0000E+00,0.0000E+00,70.9791E+00,71.6980E+00,71.4634E+00,105.377E+00,105.670E+00,105.526E+00,-104.579E+00,-104.700E+00,-103.513E+00,29.640E+00,29.727E+00,29.669E+00,+99999.9E+99,+99999.9E+99,+99999.9E+99,0.585E+00,13.2690E+00,12.8337E+00,13.2328E+00,13.1119E+00,12.2510E+00,11.8313E+00,12.1958E+00,12.0927E+00,13.2684E+00,12.8337E+00,13.2314E+00,-0.1327E+00,0.0000E+00,0.1932E+00,12.1223E+00,10.9651E+00,11.1295E+00,27.2729E+00,26.8200E+00,28.1848E+00,-25.9914E+00,-26.3105E+00,-26.1829E+00,41.626E+00,45.091E+00,44.853E+00,+99999.9E+99,+99999.9E+99,+99999.9E+99,6.154E+00,0.41464E+03,0.40680E+03,0.42984E+03,1.25128E+03,0.43066E+03,0.38071E+03,0.40964E+03,1.22102E+03,0.59715E+03,0.57734E+03,0.59396E+03,1.76845E+03,0.48759E+03,0.44649E+03,0.45115E+03,1.38368E+03,-0.42972E+03,-0.40968E+03,-0.40991E+03,-1.24932E+03,-0.22864E+03,-0.23326E+03,-0.18902E+03,-0.65093E+03,-0.69437E+00,-0.70461E+00,-0.72368E+00,-0.70756E+00,-0.88324E+00,-0.85268E+00,-0.90800E+00,-0.88244E+00,0.000E+00,119.891E+00,-119.561E+00,58.294E+00,-178.724E+00,-65.010E+00,-46.023E+00,-45.202E+00,-43.641E+00,-44.964E+00,201.200E+00,201.436E+00,201.685E+00,89.837E+00,+99999.9E+99,+99999.9E+99,0.00013E+06,-0.00072E+06,0.00000E+00,14.184E+00,0.757E+03,0.00112E+06,43.578E+00,F0F08
2021/11/30,17:34:05,00000:00:30,400,38003F00,500,1F00,1F00,3F00,99.914E+00,0.000E+00,0.000E+00,110.975E+00,0.000E+00,0.000E+00,0.507E+00,0.000E+00,0.000E+00,99.913E+00,0.000E+00,0.000E+00,0.000E+00,0.000E+00,0.000E+00,100.936E+00,0.000E+00,0.000E+00,98.818E+00,0.000E+00,0.000E+00,21.429E+00,370.592E+00,371.099E+00,1.060E+00,+99999.9E+99,+99999.9E+99,11.8548E+00,0.00000E+00,0.00000E+00,12.1715E+00,0.00000E+00,0.00000E+00,4.5227E+00,0.00000E+00,0.00000E+00,10.9582E+00,0.00000E+00,0.00000E+00,4.6428E+00,0.00000E+00,0.00000E+00,18.2605E+00,0.0000E+00,0.0000E+00,3.9893E+00,0.0000E+00,0.0000E+00,12.191E+00,+99999.9E+99,+99999.9E+99,65.117E+00,+99999.9E+99,+99999.9E+99,1.09283E+03,0.00000E+03,0.00000E+03,0.00000E+03,0.00000E+03,0.00000E+03,1.18446E+03,0.00000E+03,0.00000E+03,0.00000E+03,0.00000E+03,0.00000E+03,0.45681E+03,0.00000E+03,0.00000E+03,0.00000E+03,0.00000E+03,0.00000E+03,0.92264E+00,0.00000E+00,0.00000E+00,0.91727E+00,0.14213E+00,0.94961E+00,0.000E+00,-50.287E+00,157.964E+00,156.531E+00,-148.458E+00,139.699E+00,22.685E+00,90.000E+00,90.000E+00,13.0423E+00,0.00000E+00,0.00000E+00,72.428E+00,100.000E+00,100.000E+00,0.30132E+03,0.00000E+03,0.00000E+03,+99999.9E+99,+99999.9E+99,+99999.9E+99,+99999.9E+99,+99999.9E+99,+99999.9E+99,+99999.9E+99,+99999.9E+99,+99999.9E+99,+99999.9E+99,+99999.9E+99,+99999.9E+99,1B00,0,0,0,1B00,76.2489E+00,76.6386E+00,76.4992E+00,76.4623E+00,72.1680E+00,72.9017E+00,72.6399E+00,72.5699E+00,76.2489E+00,76.6386E+00,76.4992E+00,0.0000E+00,0.0000E+00,0.0000E+00,71.2538E+00,71.1320E+00,70.9606E+00,105.871E+00,106.091E+00,105.634E+00,-103.686E+00,-104.983E+00,-105.173E+00,31.043E+00,30.331E+00,31.013E+00,+99999.9E+99,+99999.9E+99,+99999.9E+99,0.244E+00,8.3493E+00,8.2951E+00,8.2374E+00,8.2939E+00,7.4461E+00,7.4084E+00,7.3409E+00,7.3985E+00,8.3484E+00,8.2942E+00,8.2337E+00,-0.1191E+00,-0.1260E+00,0.2462E+00,11.3492E+00,11.3394E+00,11.9791E+00,22.1633E+00,20.9605E+00,20.4762E+00,-18.7976E+00,-19.4014E+00,-19.7790E+00,46.048E+00,44.931E+00,42.716E+00,+99999.9E+99,+99999.9E+99,+99999.9E+99,3.612E+00,0.26564E+03,0.25998E+03,0.26589E+03,0.79151E+03,0.38521E+03,0.40660E+03,0.41381E+03,1.20562E+03,0.36932E+03,0.36729E+03,0.36578E+03,1.10239E+03,0.45496E+03,0.46216E+03,0.48162E+03,1.39824E+03,-0.25657E+03,-0.25945E+03,-0.25120E+03,-0.76722E+03,-0.24209E+03,-0.21970E+03,-0.24641E+03,-0.70819E+03,-0.71928E+00,-0.70783E+00,-0.72691E+00,-0.71799E+00,-0.84668E+00,-0.87979E+00,-0.85921E+00,-0.86225E+00,0.000E+00,120.216E+00,-119.983E+00,62.087E+00,178.521E+00,-59.071E+00,-44.005E+00,-44.942E+00,-43.372E+00,-44.111E+00,202.184E+00,201.770E+00,201.848E+00,94.670E+00,+99999.9E+99,+99999.9E+99,0.00004E+06,-0.00049E+06,0.00000E+00,9.472E+00,0.755E+03,0.00075E+06,43.957E+00,F0F08
2021/11/30,17:34:05,00000:00:30,450,38003F00,700,1F00,1F00,3F00,99.914E+00,0.000E+00,0.000E+00,110.975E+00,0.000E+00,0.000E+00,0.507E+00,0.000E+00,0.000E+00,99.913E+00,0.000E+00,0.000E+00,0.000E+00,0.000E+00,0.000E+00,100.936E+00,0.000E+00,0.000E+00,98.818E+00,0.000E+00,0.000E+00,68.872E+00,442.759E+00,+99999.9E+99,1.060E+00,+99999.9E+99,+99999.9E+99,11.8548E+00,0.00000E+00,0.00000E+00,12.1715E+00,0.00000E+00,0.00000E+00,4.5227E+00,0.00000E+00,0.00000E+00,10.9582E+00,0.00000E+00,0.00000E+00,3.7223E+00,0.00000E+00,0.00000E+00,18.2605E+00,0.0000E+00,0.0000E+00,3.9893E+00,0.0000E+00,0.0000E+00,48.546E+00,+99999.9E+99,+99999.9E+99,65.117E+00,+99999.9E+99,+99999.9E+99,1.09283E+03,0.00000E+03,0.00000E+03,0.00000E+03,0.00000E+03,0.00000E+03,1.18446E+03,0.00000E+03,0.00000E+03,0.00000E+03,0.00000E+03,0.00000E+03,0.45681E+03,0.00000E+03,0.00000E+03,0.00000E+03,0.00000E+03,0.00000E+03,0.92264E+00,0.00000E+00,0.00000E+00,0.89067E+00,0.92160E+00,0.95761E+00,0.000E+00,-0.338E+00,177.405E+00,152.958E+00,156.823E+00,14.148E+00,22.685E+00,90.000E+00,90.000E+00,13.0423E+00,0.00000E+00,0.00000E+00,116.309E+00,100.000E+00,100.000E+00,-0.17823E+03,0.00000E+03,0.00000E+03,+99999.9E+99,+99999.9E+99,+99999.9E+99,+99999.9E+99,+99999.9E+99,+99999.9E+99,+99999.9E+99,+99999.9E+99,+99999.9E+99,+99999.9E+99,+99999.9E+99,+99999.9E+99,1B00,0,0,0,1B00,77.0502E+00,77.1846E+00,77.0845E+00,77.1064E+00,72.1351E+00,72.5757E+00,72.2539E+00,72.3216E+00,77.0502E+00,77.1846E+00,77.0845E+00,0.0000E+00,0.0000E+00,0.0000E+00,72.9510E+00,73.2061E+00,73.0745E+00,105.687E+00,106.004E+00,105.687E+00,-104.696E+00,-105.181E+00,-104.536E+00,14.271E+00,14.452E+00,14.532E+00,+99999.9E+99,+99999.9E+99,+99999.9E+99,0.201E+00,13.4773E+00,13.0124E+00,13.2182E+00,13.2360E+00,12.2713E+00,11.8007E+00,11.8779E+00,11.9833E+00,13.4758E+00,13.0091E+00,13.2089E+00,-0.2020E+00,-0.2933E+00,0.4964E+00,5.3637E+00,4.8613E+00,5.0207E+00,27.6495E+00,27.3090E+00,28.5214E+00,-26.6948E+00,-27.0357E+00,-26.6295E+00,53.387E+00,57.680E+00,55.569E+00,+99999.9E+99,+99999.9E+99,+99999.9E+99,4.623E+00,0.43177E+03,0.41080E+03,0.42849E+03,1.27106E+03,0.19463E+03,0.17846E+03,0.19101E+03,0.56409E+03,0.60675E+03,0.58452E+03,0.59380E+03,1.78507E+03,0.21889E+03,0.20285E+03,0.20875E+03,0.63013E+03,-0.42628E+03,-0.41582E+03,-0.41109E+03,-1.25319E+03,-0.10017E+03,-0.09644E+03,-0.08421E+03,-0.28083E+03,-0.71161E+00,-0.70280E+00,-0.72161E+00,-0.71205E+00,-0.88914E+00,-0.87974E+00,-0.91501E+00,-0.89520E+00,0.000E+00,120.005E+00,-119.825E+00,57.349E+00,178.333E+00,-66.087E+00,-44.634E+00,-45.348E+00,-43.812E+00,-44.598E+00,201.112E+00,201.246E+00,201.590E+00,90.740E+00,+99999.9E+99,+99999.9E+99,0.00012E+06,-0.00074E+06,0.00000E+00,14.559E+00,0.757E+03,0.00115E+06,43.575E+00,F0F08
2021/11/30,17:34:05,00000:00:30,500,38003F00,2800,3B00,3B00,3F00,99.866E+00,0.000E+00,0.000E+00,110.922E+00,0.000E+00,0.000E+00,0.488E+00,0.000E+00,0.000E+00,99.865E+00,0.000E+00,0.000E+00,0.000E+00,0.000E+00,0.000E+00,100.929E+00,0.000E+00,0.000E+00,98.804E+00,0.000E+00,0.000E+00,68.872E+00,442.759E+00,+99999.9E+99,1.064E+00,+99999.9E+99,+99999.9E+99,12.0390E+00,0.00000E+00,0.00000E+00,12.4001E+00,0.00000E+00,0.00000E+00,4.5060E+00,0.00000E+00,0.00000E+00,11.1640E+00,0.00000E+00,0.00000E+00,3.7223E+00,0.00000E+00,0.00000E+00,18.3083E+00,0.0000E+00,0.0000E+00,4.1762E+00,0.0000E+00,0.0000E+00,48.546E+00,+99999.9E+99,+99999.9E+99,63.293E+00,+99999.9E+99,+99999.9E+99,1.11290E+03,0.00000E+03,0.00000E+03,0.00000E+03,0.00000E+03,0.00000E+03,1.20229E+03,0.00000E+03,0.00000E+03,0.00000E+03,0.00000E+03,0.00000E+03,0.45491E+03,0.00000E+03,0.00000E+03,0.00000E+03,0.00000E+03,0.00000E+03,0.92565E+00,0.00000E+00,0.00000E+00,0.89067E+00,0.92160E+00,0.95761E+00,0.000E+00,-0.338E+00,177.405E+00,152.958E+00,156.823E+00,14.148E+00,22.233E+00,90.000E+00,90.000E+00,0.00000E+00,0.00000E+00,0.00000E+00,98.411E+00,100.000E+00,100.000E+00,0.01769E+03,0.00000E+03,0.00000E+03,+99999.9E+99,+99999.9E+99,+99999.9E+99,+99999.9E+99,+99999.9E+99,+99999.9E+99,+99999.9E+99,+99999.9E+99,+99999.9E+99,+99999.9E+99,+99999.9E+99,+99999.9E+99,1B00,0,0,0,1B00,76.7421E+00,77.0858E+00,76.8293E+00,76.8858E+00,72.0210E+00,72.6496E+00,72.1813E+00,72.2840E+00,76.7421E+00,77.0858E+00,76.8293E+00,0.0000E+00,0.0000E+00,0.0000E+00,70.0907E+00,70.4850E+00,70.4086E+00,105.469E+00,106.057E+00,105.376E+00,-104.581E+00,-104.913E+00,-104.511E+00,37.555E+00,37.570E+00,37.469E+00,+99999.9E+99,+99999.9E+99,+99999.9E+99,0.347E+00,11.9653E+00,11.8079E+00,12.0894E+00,11.9542E+00,10.4854E+00,10.4188E+00,10.6086E+00,10.5043E+00,11.9647E+00,11.8079E+00,12.0894E+00,-0.1196E+00,0.0000E+00,0.0000E+00,15.1297E+00,14.4982E+00,14.5502E+00,27.6443E+00,27.2014E+00,28.5343E+00,-26.1948E+00,-26.7957E+00,-26.7929E+00,39.119E+00,40.661E+00,40.381E+00,+99999.9E+99,+99999.9E+99,+99999.9E+99,2.935E+00,0.35937E+03,0.36189E+03,0.37395E+03,1.09522E+03,0.53927E+03,0.50807E+03,0.52948E+03,1.57683E+03,0.53448E+03,0.52884E+03,0.54231E+03,1.60563E+03,0.61131E+03,0.58400E+03,0.59113E+03,1.78600E+03,-0.39562E+03,-0.38563E+03,-0.39276E+03,-1.17402E+03,-0.28789E+03,-0.28796E+03,-0.26284E+03,-0.83870E+03,-0.67238E+00,-0.68430E+00,-0.68955E+00,-0.68211E+00,-0.88216E+00,-0.86998E+00,-0.89571E+00,-0.88288E+00,0.000E+00,119.886E+00,-119.776E+00,58.283E+00,179.392E+00,-63.526E+00,-47.749E+00,-46.819E+00,-46.405E+00,-46.991E+00,202.118E+00,202.291E+00,201.732E+00,90.249E+00,+99999.9E+99,+99999.9E+99,0.00011E+06,-0.00063E+06,0.00000E+00,12.471E+00,0.757E+03,0.00099E+06,43.832E+00,F0F08
2021/11/30,17:34:05,00000:00:30,550,38003F00,2D00,3F00,3F00,3F00,99.866E+00,0.000E+00,0.000E+00,110.922E+00,0.000E+00,0.000E+00,0.488E+00,0.000E+00,0.000E+00,99.865E+00,0.000E+00,0.000E+00,0.000E+00,0.000E+00,0.000E+00,100.929E+00,0.000E+00,0.000E+00,98.804E+00,0.000E+00,0.000E+00,36.902E+00,+99999.9E+99,+99999.9E+99,1.064E+00,+99999.9E+99,+99999.9E+99,12.0390E+00,0.00000E+00,0.00000E+00,12.4001E+00,0.00000E+00,0.00000E+00,4.5060E+00,0.00000E+00,0.00000E+00,11.1640E+00,0.00000E+00,0.00000E+00,4.1379E+00,0.00000E+00,0.00000E+00,18.3083E+00,0.0000E+00,0.0000E+00,4.1762E+00,0.0000E+00,0.0000E+00,45.074E+00,+99999.9E+99,+99999.9E+99,63.293E+00,+99999.9E+99,+99999.9E+99,1.11290E+03,0.00000E+03,0.00000E+03,0.00000E+03,0.00000E+03,0.00000E+03,1.20229E+03,0.00000E+03,0.00000E+03,0.00000E+03,0.00000E+03,0.00000E+03,0.45491E+03,0.00000E+03,0.00000E+03,0.00000E+03,0.00000E+03,0.00000E+03,0.92565E+00,0.00000E+00,0.00000E+00,0.92948E+00,0.23704E+00,0.47904E+00,0.000E+00,-64.100E+00,163.983E+00,158.355E+00,39.612E+00,-134.640E+00,22.233E+00,90.000E+00,90.000E+00,0.00000E+00,0.00000E+00,0.00000E+00,75.335E+00,100.000E+00,100.000E+00,0.27450E+03,0.00000E+03,0.00000E+03,+99999.9E+99,+99999.9E+99,+99999.9E+99,+99999.9E+99,+99999.9E+99,+99999.9E+99,+99999.9E+99,+99999.9E+99,+99999.9E+99,+99999.9E+99,+99999.9E+99,+99999.9E+99,1B00,0,0,0,1B00,76.5339E+00,76.5984E+00,76.5452E+00,76.5591E+00,72.3696E+00,72.6893E+00,72.4378E+00,72.4989E+00,76.5339E+00,76.5984E+00,76.5452E+00,0.0000E+00,0.0000E+00,0.0000E+00,72.4574E+00,72.2288E+00,72.2289E+00,105.904E+00,106.103E+00,105.883E+00,-104.284E+00,-105.043E+00,-104.910E+00,22.618E+00,21.715E+00,22.165E+00,+99999.9E+99,+99999.9E+99,+99999.9E+99,0.206E+00,9.4965E+00,8.9889E+00,9.1146E+00,9.2000E+00,8.1525E+00,7.7397E+00,7.7670E+00,7.8864E+00,9.4956E+00,8.9853E+00,9.1062E+00,-0.1373E+00,-0.2528E+00,0.3912E+00,7.7305E+00,8.1601E+00,8.3441E+00,26.1586E+00,24.1767E+00,25.0329E+00,-26.6138E+00,-25.3176E+00,-22.3833E+00,52.462E+00,48.357E+00,47.211E+00,+99999.9E+99,+99999.9E+99,+99999.9E+99,4.499E+00,0.28717E+03,0.26848E+03,0.28275E+03,0.83840E+03,0.27397E+03,0.29505E+03,0.29684E+03,0.86587E+03,0.42210E+03,0.39842E+03,0.40404E+03,1.22456E+03,0.31720E+03,0.32811E+03,0.34161E+03,0.98638E+03,-0.30936E+03,-0.29438E+03,-0.28861E+03,-0.89235E+03,-0.15987E+03,-0.14353E+03,-0.16906E+03,-0.47246E+03,-0.68033E+00,-0.67386E+00,-0.69982E+00,-0.68466E+00,-0.86370E+00,-0.89925E+00,-0.86895E+00,-0.87782E+00,0.000E+00,120.099E+00,-120.106E+00,60.162E+00,176.041E+00,-60.341E+00,-47.130E+00,-47.634E+00,-45.588E+00,-46.791E+00,201.672E+00,201.687E+00,202.061E+00,94.620E+00,+99999.9E+99,+99999.9E+99,0.00005E+06,-0.00052E+06,0.00000E+00,10.019E+00,0.756E+03,0.00079E+06,43.761E+00,F0F08
2021/11/30,17:34:05,00000:00:30,600,38003800,2800,3800,3800,3800,100.002E+00,0.000E+00,0.000E+00,111.073E+00,0.000E+00,0.000E+00,0.530E+00,0.000E+00,0.000E+00,100.001E+00,0.000E+00,0.000E+00,0.000E+00,0.000E+00,0.000E+00,101.018E+00,0.000E+00,0.000E+00,98.800E+00,0.000E+00,0.000E+00,36.902E+00,+99999.9E+99,+99999.9E+99,1.109E+00,+99999.9E+99,+99999.9E+99,10.8256E+00,0.00000E+00,0.00000E+00,10.9721E+00,0.00000E+00,0.00000E+00,4.4286E+00,0.00000E+00,0.00000E+00,9.8784E+00,0.00000E+00,0.00000E+00,4.1379E+00,0.00000E+00,0.00000E+00,18.3174E+00,0.0000E+00,0.0000E+00,3.4083E+00,0.0000E+00,0.0000E+00,45.074E+00,+99999.9E+99,+99999.9E+99,75.463E+00,+99999.9E+99,+99999.9E+99,0.98576E+03,0.00000E+03,0.00000E+03,0.00000E+03,0.00000E+03,0.00000E+03,1.08259E+03,0.00000E+03,0.00000E+03,0.00000E+03,0.00000E+03,0.00000E+03,0.44752E+03,0.00000E+03,0.00000E+03,0.00000E+03,0.00000E+03,0.00000E+03,0.91056E+00,0.00000E+00,0.00000E+00,0.92948E+00,0.23704E+00,0.47904E+00,0.000E+00,-64.100E+00,163.983E+00,158.355E+00,39.612E+00,-134.640E+00,24.417E+00,90.000E+00,90.000E+00,14.5624E+00,0.00000E+00,0.00000E+00,138.096E+00,100.000E+00,100.000E+00,-0.37554E+03,0.00000E+03,0.00000E+03,+99999.9E+99,+99999.9E+99,+99999.9E+99,+99999.9E+99,+99999.9E+99,+99999.9E+99,+99999.9E+99,+99999.9E+99,+99999.9E+99,+99999.9E+99,+99999.9E+99,+99999.9E+99,1B00,0,0,0,1B00,76.9920E+00,77.4493E+00,77.3220E+00,77.2544E+00,71.7109E+00,72.5782E+00,72.3292E+00,72.2061E+00,76.9920E+00,77.4493E+00,77.3220E+00,0.0000E+00,0.0000E+00,0.0000E+00,72.2799E+00,72.7537E+00,72.6207E+00,105.626E+00,106.047E+00,105.550E+00,-104.276E+00,-104.849E+00,-105.160E+00,19.990E+00,20.087E+00,20.386E+00,+99999.9E+99,+99999.9E+99,+99999.9E+99,0.396E+00,13.9935E+00,13.6690E+00,13.8079E+00,13.8235E+00,13.0733E+00,12.8756E+00,12.8440E+00,12.9310E+00,13.9925E+00,13.6671E+00,13.8022E+00,-0.1642E+00,-0.2308E+00,0.3961E+00,7.8645E+00,7.2696E+00,7.0943E+00,27.6405E+00,27.3390E+00,28.5648E+00,-26.6633E+00,-26.9990E+00,-26.7033E+00,47.932E+00,50.496E+00,52.700E+00,+99999.9E+99,+99999.9E+99,+99999.9E+99,7.403E+00,0.45792E+03,0.44623E+03,0.45715E+03,1.36130E+03,0.28277E+03,0.24426E+03,0.26440E+03,0.79142E+03,0.63038E+03,0.61592E+03,0.62451E+03,1.87081E+03,0.31792E+03,0.28571E+03,0.28802E+03,0.89029E+03,-0.43323E+03,-0.42455E+03,-0.42548E+03,-1.28325E+03,-0.14531E+03,-0.14823E+03,-0.11422E+03,-0.40776E+03,-0.72642E+00,-0.72449E+00,-0.73201E+00,-0.72765E+00,-0.88943E+00,-0.85490E+00,-0.91800E+00,-0.88895E+00,0.000E+00,119.897E+00,-119.723E+00,57.417E+00,-178.910E+00,-66.519E+00,-43.413E+00,-43.574E+00,-42.945E+00,-43.310E+00,201.663E+00,201.342E+00,201.000E+00,90.203E+00,+99999.9E+99,+99999.9E+99,0.00013E+06,-0.00078E+06,0.00000E+00,15.488E+00,0.757E+03,0.00123E+06,43.686E+00,F0F08
2021/11/30,17:34:05,00000:00:30,650,38003F00,0,1B00,1B00,3F00,99.916E+00,0.000E+00,0.000E+00,110.977E+00,0.000E+00,0.000E+00,0.507E+00,0.000E+00,0.000E+00,99.915E+00,0.000E+00,0.000E+00,0.000E+00,0.000E+00,0.000E+00,100.936E+00,0.000E+00,0.000E+00,98.807E+00,0.000E+00,0.000E+00,23.501E+00,+99999.9E+99,+99999.9E+99,1.065E+00,+99999.9E+99,+99999.9E+99,11.8874E+00,0.00000E+00,0.00000E+00,12.1834E+00,0.00000E+00,0.00000E+00,4.5818E+00,0.00000E+00,0.00000E+00,10.9689E+00,0.00000E+00,0.00000E+00,4.6341E+00,0.00000E+00,0.00000E+00,18.2398E+00,0.0000E+00,0.0000E+00,4.1395E+00,0.0000E+00,0.0000E+00,10.880E+00,+99999.9E+99,+99999.9E+99,64.274E+00,+99999.9E+99,+99999.9E+99,1.09387E+03,0.00000E+03,0.00000E+03,0.00000E+03,0.00000E+03,0.00000E+03,1.18774E+03,0.00000E+03,0.00000E+03,0.00000E+03,0.00000E+03,0.00000E+03,0.46280E+03,0.00000E+03,0.00000E+03,0.00000E+03,0.00000E+03,0.00000E+03,0.92097E+00,0.00000E+00,0.00000E+00,0.90141E+00,0.84646E+00,0.97184E+00,0.000E+00,1.865E+00,142.744E+00,154.344E+00,-145.963E+00,-23.626E+00,22.932E+00,90.000E+00,90.000E+00,12.5815E+00,0.00000E+00,0.00000E+00,80.578E+00,100.000E+00,100.000E+00,0.21245E+03,0.00000E+03,0.00000E+03,+99999.9E+99,+99999.9E+99,+99999.9E+99,+99999.9E+99,+99999.9E+99,+99999.9E+99,+99999.9E+99,+99999.9E+99,+99999.9E+99,+99999.9E+99,+99999.9E+99,+99999.9E+99,1B00,0,0,0,1B00,76.7038E+00,76.6507E+00,76.3715E+00,76.5753E+00,72.5914E+00,72.6842E+00,72.0282E+00,72.4346E+00,76.7038E+00,76.6507E+00,76.3715E+00,0.0000E+00,0.0000E+00,0.0000E+00,70.2463E+00,70.2885E+00,70.1664E+00,105.781E+00,106.057E+00,105.810E+00,-104.413E+00,-104.549E+00,-104.301E+00,38.300E+00,37.987E+00,38.202E+00,+99999.9E+99,+99999.9E+99,+99999.9E+99,0.091E+00,9.7766E+00,9.3703E+00,9.9894E+00,9.7121E+00,8.4728E+00,8.1259E+00,8.5410E+00,8.3799E+00,9.7761E+00,9.3703E+00,9.9894E+00,-0.1005E+00,0.0000E+00,0.0000E+00,14.7580E+00,14.6446E+00,14.9936E+00,26.3852E+00,24.8733E+00,27.2843E+00,-25.6871E+00,-23.4829E+00,-26.8076E+00,40.765E+00,40.774E+00,39.380E+00,+99999.9E+99,+99999.9E+99,+99999.9E+99,1.496E+00,0.28791E+03,0.28686E+03,0.30664E+03,0.88142E+03,0.51744E+03,0.51980E+03,0.53222E+03,1.56946E+03,0.43483E+03,0.41701E+03,0.44318E+03,1.29503E+03,0.59646E+03,0.59117E+03,0.60599E+03,1.79351E+03,-0.32586E+03,-0.30267E+03,-0.31997E+03,-0.94850E+03,-0.29669E+03,-0.28159E+03,-0.28975E+03,-0.86803E+03,-0.66212E+00,-0.68789E+00,-0.69192E+00,-0.68062E+00,-0.86751E+00,-0.87927E+00,-0.87828E+00,-0.87508E+00,0.000E+00,120.083E+00,-119.930E+00,59.848E+00,178.477E+00,-61.333E+00,-48.538E+00,-46.537E+00,-46.218E+00,-47.108E+00,201.885E+00,202.260E+00,202.514E+00,92.080E+00,+99999.9E+99,+99999.9E+99,0.00007E+06,-0.00052E+06,0.00000E+00,10.247E+00,0.756E+03,0.00081E+06,43.802E+00,F0F0F
2021/11/30,17:34:05,00000:00:30,700,38003F00,700,1F00,1F00,3F00,99.916E+00,0.000E+00,0.000E+00,110.977E+00,0.000E+00,0.000E+00,0.507E+00,0.000E+00,0.000E+00,99.915E+00,0.000E+00,0.000E+00,0.000E+00,0.000E+00,0.000E+00,100.936E+00,0.000E+00,0.000E+00,98.807E+00,0.000E+00,0.000E+00,23.501E+00,+99999.9E+99,+99999.9E+99,1.065E+00,+99999.9E+99,+99999.9E+99,11.8874E+00,0.00000E+00,0.00000E+00,12.1834E+00,0.00000E+00,0.00000E+00,4.5818E+00,0.00000E+00,0.00000E+00,10.9689E+00,0.00000E+00,0.00000E+00,4.6341E+00,0.00000E+00,0.00000E+00,18.2398E+00,0.0000E+00,0.0000E+00,4.1395E+00,0.0000E+00,0.0000E+00,10.880E+00,+99999.9E+99,+99999.9E+99,64.274E+00,+99999.9E+99,+99999.9E+99,1.09387E+03,0.00000E+03,0.00000E+03,0.00000E+03,0.00000E+03,0.00000E+03,1.18774E+03,0.00000E+03,0.00000E+03,0.00000E+03,0.00000E+03,0.00000E+03,0.46280E+03,0.00000E+03,0.00000E+03,0.00000E+03,0.00000E+03,0.00000E+03,0.92097E+00,0.00000E+00,0.00000E+00,0.90141E+00,0.84646E+00,0.97184E+00,0.000E+00,1.865E+00,142.744E+00,154.344E+00,-145.963E+00,-23.626E+00,22.932E+00,90.000E+00,90.000E+00,12.5815E+00,0.00000E+00,0.00000E+00,95.719E+00,100.000E+00,100.000E+00,0.04683E+03,0.00000E+03,0.00000E+03,+99999.9E+99,+99999.9E+99,+99999.9E+99,+99999.9E+99,+99999.9E+99,+99999.9E+99,+99999.9E+99,+99999.9E+99,+99999.9E+99,+99999.9E+99,+99999.9E+99,+99999.9E+99,1B00,0,0,0,1B00,76.5233E+00,76.9962E+00,77.0168E+00,76.8454E+00,71.8371E+00,72.7573E+00,72.7659E+00,72.4534E+00,76.5233E+00,76.9962E+00,77.0168E+00,0.0000E+00,0.0000E+00,0.0000E+00,73.0503E+00,73.0320E+00,72.9235E+00,105.716E+00,106.099E+00,105.730E+00,-104.524E+00,-104.674E+00,-104.707E+00,15.457E+00,15.322E+00,15.341E+00,+99999.9E+99,+99999.9E+99,+99999.9E+99,0.105E+00,11.6800E+00,11.4321E+00,11.2245E+00,11.4455E+00,10.0743E+00,9.9366E+00,9.6321E+00,9.8810E+00,11.6787E+00,11.4257E+00,11.2108E+00,-0.1725E+00,-0.3805E+00,0.5541E+00,5.2522E+00,5.1790E+00,5.5804E+00,27.6400E+00,27.2652E+00,28.5205E+00,-26.6967E+00,-27.0076E+00,-26.0405E+00,58.141E+00,57.345E+00,53.057E+00,+99999.9E+99,+99999.9E+99,+99999.9E+99,3.571E+00,0.36044E+03,0.34102E+03,0.34558E+03,1.04704E+03,0.18711E+03,0.19375E+03,0.20081E+03,0.58166E+03,0.52143E+03,0.50951E+03,0.50277E+03,1.53371E+03,0.21624E+03,0.21632E+03,0.22773E+03,0.66007E+03,-0.37679E+03,-0.37856E+03,-0.36518E+03,-1.12052E+03,-0.10840E+03,-0.09622E+03,-0.10741E+03,-0.31204E+03,-0.69126E+00,-0.66931E+00,-0.68735E+00,-0.68269E+00,-0.86527E+00,-0.89562E+00,-0.88179E+00,-0.88121E+00,0.000E+00,120.103E+00,-119.965E+00,60.075E+00,176.468E+00,-61.766E+00,-46.270E+00,-47.986E+00,-46.579E+00,-46.946E+00,201.934E+00,201.321E+00,201.310E+00,92.471E+00,+99999.9E+99,+99999.9E+99,0.00008E+06,-0.00063E+06,0.00000E+00,12.226E+00,0.756E+03,0.00097E+06,43.824E+00,F0F0F
2021/11/30,17:34:05,00000:00:30,750,38003F00,500,1F00,1F00,3F00,99.916E+00,0.000E+00,0.000E+00,110.977E+00,0.000E+00,0.000E+00,0.507E+00,0.000E+00,0.000E+00,99.915E+00,0.000E+00,0.000E+00,0.000E+00,0.000E+00,0.000E+00,100.936E+00,0.000E+00,0.000E+00,98.807E+00,0.000E+00,0.000E+00,20.827E+00,+99999.9E+99,425.500E+00,1.065E+00,+99999.9E+99,+99999.9E+99,11.8874E+00,0.00000E+00,0.00000E+00,12.1834E+00,0.00000E+00,0.00000E+00,4.5818E+00,0.00000E+00,0.00000E+00,10.9689E+00,0.00000E+00,0.00000E+00,4.5691E+00,0.00000E+00,0.00000E+00,18.2398E+00,0.0000E+00,0.0000E+00,4.1395E+00,0.0000E+00,0.0000E+00,7.841E+00,+99999.9E+99,+99999.9E+99,64.274E+00,+99999.9E+99,+99999.9E+99,1.09387E+03,0.00000E+03,0.00000E+03,0.00000E+03,0.00000E+03,0.00000E+03,1.18774E+03,0.00000E+03,0.00000E+03,0.00000E+03,0.00000E+03,0.00000E+03,0.46280E+03,0.00000E+03,0.00000E+03,0.00000E+03,0.00000E+03,0.00000E+03,0.92097E+00,0.00000E+00,0.00000E+00,0.90543E+00,0.99994E+00,0.62072E+00,0.000E+00,-43.194E+00,148.944E+00,154.882E+00,-42.578E+00,97.312E+00,22.932E+00,90.000E+00,90.000E+00,12.5815E+00,0.00000E+00,0.00000E+00,118.504E+00,100.000E+00,100.000E+00,-0.20241E+03,0.00000E+03,0.00000E+03,+99999.9E+99,+99999.9E+99,+99999.9E+99,+99999.9E+99,+99999.9E+99,+99999.9E+99,+99999.9E+99,+99999.9E+99,+99999.9E+99,+99999.9E+99,+99999.9E+99,+99999.9E+99,1B00,0,0,0,1B00,77.2192E+00,77.2105E+00,77.0059E+00,77.1452E+00,72.2384E+00,72.4164E+00,71.8945E+00,72.1831E+00,77.2192E+00,77.2104E+00,77.0059E+00,0.0000E+00,0.0000E+00,0.0000E+00,70.9990E+00,71.6794E+00,71.4889E+00,105.373E+00,105.570E+00,105.537E+00,-104.194E+00,-104.749E+00,-104.457E+00,30.050E+00,30.229E+00,30.164E+00,+99999.9E+99,+99999.9E+99,+99999.9E+99,0.558E+00,13.6052E+00,13.1708E+00,13.5567E+00,13.4443E+00,12.5253E+00,12.1050E+00,12.4634E+00,12.3646E+00,13.6044E+00,13.1708E+00,13.5552E+00,-0.1496E+00,0.0000E+00,0.1992E+00,12.3423E+00,11.1786E+00,11.3217E+00,27.6629E+00,27.1257E+00,28.4486E+00,-26.6552E+00,-27.0948E+00,-26.4333E+00,41.143E+00,44.692E+00,44.558E+00,+99999.9E+99,+99999.9E+99,+99999.9E+99,6.198E+00,0.42995E+03,0.42167E+03,0.44465E+03,1.29628E+03,0.44010E+03,0.38893E+03,0.41633E+03,1.24536E+03,0.61328E+03,0.59337E+03,0.60948E+03,1.81613E+03,0.49536E+03,0.45395E+03,0.45683E+03,1.40456E+03,-0.43733E+03,-0.41746E+03,-0.41684E+03,-1.27163E+03,-0.22736E+03,-0.23409E+03,-0.18806E+03,-0.64951E+03,-0.70107E+00,-0.71065E+00,-0.72955E+00,-0.71376E+00,-0.88845E+00,-0.85678E+00,-0.91134E+00,-0.88666E+00,0.000E+00,119.866E+00,-119.602E+00,57.632E+00,-179.180E+00,-65.515E+00,-45.487E+00,-44.712E+00,-43.151E+00,-44.458E+00,201.359E+00,202.176E+00,201.931E+00,89.723E+00,+99999.9E+99,+99999.9E+99,0.00013E+06,-0.00074E+06,0.00000E+00,14.662E+00,0.758E+03,0.00116E+06,43.570E+00,F0F08
2021/11/30,17:34:06,00000:00:30,800,38003D00,500,1C00,1C00,3800,99.916E+00,0.000E+00,0.000E+00,110.977E+00,0.000E+00,0.000E+00,0.507E+00,0.000E+00,0.000E+00,99.915E+00,0.000E+00,0.000E+00,0.000E+00,0.000E+00,0.000E+00,100.936E+00,0.000E+00,0.000E+00,98.807E+00,0.000E+00,0.000E+00,20.827E+00,+99999.9E+99,425.500E+00,1.065E+00,+99999.9E+99,+99999.9E+99,11.8874E+00,0.00000E+00,0.00000E+00,12.1834E+00,0.00000E+00,0.00000E+00,4.5818E+00,0.00000E+00,0.00000E+00,10.9689E+00,0.00000E+00,0.00000E+00,4.5691E+00,0.00000E+00,0.00000E+00,18.2398E+00,0.0000E+00,0.0000E+00,4.1395E+00,0.0000E+00,0.0000E+00,7.841E+00,+99999.9E+99,+99999.9E+99,64.274E+00,+99999.9E+99,+99999.9E+99,1.09387E+03,0.00000E+03,0.00000E+03,0.00000E+03,0.00000E+03,0.00000E+03,1.18774E+03,0.00000E+03,0.00000E+03,0.00000E+03,0.00000E+03,0.00000E+03,0.46280E+03,0.00000E+03,0.00000E+03,0.00000E+03,0.00000E+03,0.00000E+03,0.92097E+00,0.00000E+00,0.00000E+00,0.90543E+00,0.99994E+00,0.62072E+00,0.000E+00,-43.194E+00,148.944E+00,154.882E+00,-42.578E+00,97.312E+00,22.932E+00,90.000E+00,90.000E+00,12.5815E+00,0.00000E+00,0.00000E+00,82.112E+00,100.000E+00,100.000E+00,0.19568E+03,0.00000E+03,0.00000E+03,+99999.9E+99,+99999.9E+99,+99999.9E+99,+99999.9E+99,+99999.9E+99,+99999.9E+99,+99999.9E+99,+99999.9E+99,+99999.9E+99,+99999.9E+99,+99999.9E+99,+99999.9E+99,1B00,0,0,0,1B00,76.6041E+00,76.7820E+00,76.5767E+00,76.6543E+00,72.3469E+00,72.7879E+00,72.3405E+00,72.4918E+00,76.6041E+00,76.7819E+00,76.5767E+00,0.0000E+00,0.0000E+00,0.0000E+00,71.3007E+00,71.1916E+00,71.0415E+00,105.793E+00,106.154E+00,105.831E+00,-105.001E+00,-104.753E+00,-107.546E+00,31.809E+00,31.116E+00,31.729E+00,+99999.9E+99,+99999.9E+99,+99999.9E+99,0.218E+00,9.8237E+00,9.5119E+00,9.8560E+00,9.7305E+00,8.6237E+00,8.3773E+00,8.5394E+00,8.5134E+00,9.8231E+00,9.5119E+00,9.8544E+00,-0.1157E+00,0.0000E+00,0.1810E+00,11.7454E+00,11.7546E+00,12.3410E+00,26.3971E+00,24.8281E+00,27.1181E+00,-25.5671E+00,-23.3386E+00,-26.7733E+00,45.008E+00,43.946E+00,41.948E+00,+99999.9E+99,+99999.9E+99,+99999.9E+99,3.304E+00,0.29899E+03,0.29281E+03,0.30640E+03,0.89819E+03,0.40521E+03,0.42584E+03,0.43210E+03,1.26314E+03,0.43706E+03,0.42342E+03,0.43868E+03,1.29917E+03,0.47146E+03,0.47939E+03,0.49709E+03,1.44751E+03,-0.31879E+03,-0.30586E+03,-0.31395E+03,-0.93860E+03,-0.24100E+03,-0.22018E+03,-0.24574E+03,-0.70693E+03,-0.68409E+00,-0.69152E+00,-0.69845E+00,-0.69136E+00,-0.85947E+00,-0.88829E+00,-0.86926E+00,-0.87263E+00,0.000E+00,120.192E+00,-119.987E+00,60.687E+00,177.464E+00,-60.235E+00,-46.836E+00,-46.249E+00,-45.697E+00,-46.262E+00,202.432E+00,201.752E+00,202.024E+00,92.511E+00,+99999.9E+99,+99999.9E+99,0.00007E+06,-0.00054E+06,0.00000E+00,10.487E+00,0.757E+03,0.00083E+06,43.936E+00,F0F08
2021/11/30,17:34:06,00000:00:30,850,38003F00,700,1F00,1F00,3F00,99.916E+00,0.000E+00,0.000E+00,110.977E+00,0.000E+00,0.000E+00,0.507E+00,0.000E+00,0.000E+00,99.915E+00,0.000E+00,0.000E+00,0.000E+00,0.000E+00,0.000E+00,100.936E+00,0.000E+00,0.000E+00,98.807E+00,0.000E+00,0.000E+00,66.158E+00,+99999.9E+99,435.434E+00,1.065E+00,+99999.9E+99,+99999.9E+99,11.8874E+00,0.00000E+00,0.00000E+00,12.1834E+00,0.00000E+00,0.00000E+00,4.5818E+00,0.00000E+00,0.00000E+00,10.9689E+00,0.00000E+00,0.00000E+00,4.0531E+00,0.00000E+00,0.00000E+00,18.2398E+00,0.0000E+00,0.0000E+00,4.1395E+00,0.0000E+00,0.0000E+00,47.783E+00,+99999.9E+99,+99999.9E+99,64.274E+00,+99999.9E+99,+99999.9E+99,1.09387E+03,0.00000E+03,0.00000E+03,0.00000E+03,0.00000E+03,0.00000E+03,1.18774E+03,0.00000E+03,0.00000E+03,0.00000E+03,0.00000E+03,0.00000E+03,0.46280E+03,0.00000E+03,0.00000E+03,0.00000E+03,0.00000E+03,0.00000E+03,0.92097E+00,0.00000E+00,0.00000E+00,0.88204E+00,0.96081E+00,0.53994E+00,0.000E+00,69.225E+00,143.982E+00,151.890E+00,-94.682E+00,-158.698E+00,22.932E+00,90.000E+00,90.000E+00,12.5815E+00,0.00000E+00,0.00000E+00,95.807E+00,100.000E+00,100.000E+00,0.04586E+03,0.00000E+03,0.00000E+03,+99999.9E+99,+99999.9E+99,+99999.9E+99,+99999.9E+99,+99999.9E+99,+99999.9E+99,+99999.9E+99,+99999.9E+99,+99999.9E+99,+99999.9E+99,+99999.9E+99,+99999.9E+99,1B00,0,0,0,1B00,76.5311E+00,77.0145E+00,77.0203E+00,76.8553E+00,71.8641E+00,72.7899E+00,72.7816E+00,72.4785E+00,76.5311E+00,77.0145E+00,77.0203E+00,0.0000E+00,0.0000E+00,0.0000E+00,73.0334E+00,73.2845E+00,73.1577E+00,105.891E+00,106.079E+00,105.827E+00,-104.946E+00,-104.360E+00,-104.326E+00,14.054E+00,14.308E+00,14.356E+00,+99999.9E+99,+99999.9E+99,+99999.9E+99,0.199E+00,11.6816E+00,11.4368E+00,11.2402E+00,11.4529E+00,10.0820E+00,9.9349E+00,9.6423E+00,9.8864E+00,11.6802E+00,11.4304E+00,11.2260E+00,-0.1820E+00,-0.3817E+00,0.5648E+00,5.2328E+00,4.7278E+00,4.8697E+00,27.5195E+00,27.1248E+00,28.7495E+00,-26.5333E+00,-26.9533E+00,-26.2367E+00,54.526E+00,59.185E+00,57.061E+00,+99999.9E+99,+99999.9E+99,+99999.9E+99,4.852E+00,0.36050E+03,0.34127E+03,0.34625E+03,1.04801E+03,0.18860E+03,0.17196E+03,0.18447E+03,0.54503E+03,0.52149E+03,0.50988E+03,0.50365E+03,1.53502E+03,0.21354E+03,0.19728E+03,0.20268E+03,0.61312E+03,-0.37683E+03,-0.37883E+03,-0.36575E+03,-1.12141E+03,-0.10015E+03,-0.09670E+03,-0.08397E+03,-0.28082E+03,-0.69128E+00,-0.66931E+00,-0.68748E+00,-0.68273E+00,-0.88319E+00,-0.87164E+00,-0.91015E+00,-0.88894E+00,0.000E+00,120.002E+00,-119.829E+00,58.083E+00,179.294E+00,-65.409E+00,-46.269E+00,-47.986E+00,-46.569E+00,-46.942E+00,201.315E+00,202.057E+00,201.744E+00,92.898E+00,+99999.9E+99,+99999.9E+99,0.00007E+06,-0.00063E+06,0.00000E+00,12.286E+00,0.757E+03,0.00097E+06,43.617E+00,F0F08
2021/11/30,17:34:06,00000:00:30,900,38003F00,2800,3B00,3B00,3F00,99.983E+00,0.000E+00,0.000E+00,111.052E+00,0.000E+00,0.000E+00,0.502E+00,0.000E+00,0.000E+00,99.982E+00,0.000E+00,0.000E+00,0.000E+00,0.000E+00,0.000E+00,100.954E+00,0.000E+00,0.000E+00,98.807E+00,0.000E+00,0.000E+00,66.158E+00,+99999.9E+99,435.434E+00,1.073E+00,+99999.9E+99,+99999.9E+99,11.5351E+00,0.00000E+00,0.00000E+00,11.7368E+00,0.00000E+00,0.00000E+00,4.6261E+00,0.00000E+00,0.00000E+00,10.5669E+00,0.00000E+00,0.00000E+00,4.0531E+00,0.00000E+00,0.00000E+00,18.2081E+00,0.0000E+00,0.0000E+00,4.0731E+00,0.0000E+00,0.0000E+00,47.783E+00,+99999.9E+99,+99999.9E+99,66.884E+00,+99999.9E+99,+99999.9E+99,1.05442E+03,0.00000E+03,0.00000E+03,0.00000E+03,0.00000E+03,0.00000E+03,1.15332E+03,0.00000E+03,0.00000E+03,0.00000E+03,0.00000E+03,0.00000E+03,0.46728E+03,0.00000E+03,0.00000E+03,0.00000E+03,0.00000E+03,0.00000E+03,0.91424E+00,0.00000E+00,0.00000E+00,0.88204E+00,0.96081E+00,0.53994E+00,0.000E+00,69.225E+00,143.982E+00,151.890E+00,-94.682E+00,-158.698E+00,23.901E+00,90.000E+00,90.000E+00,0.00000E+00,0.00000E+00,0.00000E+00,120.225E+00,100.000E+00,100.000E+00,-0.21326E+03,0.00000E+03,0.00000E+03,+99999.9E+99,+99999.9E+99,+99999.9E+99,+99999.9E+99,+99999.9E+99,+99999.9E+99,+99999.9E+99,+99999.9E+99,+99999.9E+99,+99999.9E+99,+99999.9E+99,+99999.9E+99,1B00,0,0,0,1B00,77.2340E+00,77.2417E+00,77.0241E+00,77.1666E+00,72.2115E+00,72.3953E+00,71.8725E+00,72.1598E+00,77.2339E+00,77.2417E+00,77.0241E+00,0.0000E+00,0.0000E+00,0.0000E+00,70.4931E+00,71.0810E+00,70.9788E+00,105.339E+00,105.707E+00,105.697E+00,-105.326E+00,-104.903E+00,-106.879E+00,34.563E+00,34.586E+00,34.567E+00,+99999.9E+99,+99999.9E+99,+99999.9E+99,0.513E+00,13.3975E+00,12.9860E+00,13.3541E+00,13.2459E+00,12.3542E+00,11.9427E+00,12.2846E+00,12.1939E+00,13.3967E+00,12.9860E+00,13.3523E+00,-0.1453E+00,0.0000E+00,0.2157E+00,14.0422E+00,13.1037E+00,13.0739E+00,27.2448E+00,27.1157E+00,28.6490E+00,-26.0224E+00,-27.0976E+00,-26.6929E+00,39.696E+00,42.049E+00,42.284E+00,+99999.9E+99,+99999.9E+99,+99999.9E+99,4.539E+00,0.42044E+03,0.41242E+03,0.43482E+03,1.26768E+03,0.50145E+03,0.45722E+03,0.48253E+03,1.44120E+03,0.60375E+03,0.58508E+03,0.60046E+03,1.78928E+03,0.56602E+03,0.52996E+03,0.53436E+03,1.62935E+03,-0.43329E+03,-0.41500E+03,-0.41411E+03,-1.26239E+03,-0.26253E+03,-0.26797E+03,-0.22959E+03,-0.76009E+03,-0.69638E+00,-0.70490E+00,-0.72414E+00,-0.70848E+00,-0.88593E+00,-0.86275E+00,-0.90299E+00,-0.88452E+00,0.000E+00,119.825E+00,-119.675E+00,57.910E+00,-179.852E+00,-64.453E+00,-45.862E+00,-45.179E+00,-43.602E+00,-44.888E+00,202.276E+00,201.720E+00,201.935E+00,89.645E+00,+99999.9E+99,+99999.9E+99,0.00013E+06,-0.00072E+06,0.00000E+00,14.317E+00,0.758E+03,0.00114E+06,43.792E+00,F0F08
2021/11/30,17:34:06,00000:00:30,950,38003F00,2D00,3F00,3F00,3F00,99.983E+00,0.000E+00,0.000E+00,111.052E+00,0.000E+00,0.000E+00,0.502E+00,0.000E+00,0.000E+00,99.982E+00,0.000E+00,0.000E+00,0.000E+00,0.000E+00,0.000E+00,100.954E+00,0.000E+00,0.000E+00,98.807E+00,0.000E+00,0.000E+00,35.001E+00,+99999.9E+99,448.674E+00,1.073E+00,+99999.9E+99,+99999.9E+99,11.5351E+00,0.00000E+00,0.00000E+00,11.7368E+00,0.00000E+00,0.00000E+00,4.6261E+00,0.00000E+00,0.00000E+00,10.5669E+00,0.00000E+00,0.00000E+00,4.2449E+00,0.00000E+00,0.00000E+00,18.2081E+00,0.0000E+00,0.0000E+00,4.0731E+00,0.0000E+00,0.0000E+00,39.915E+00,+99999.9E+99,+99999.9E+99,66.884E+00,+99999.9E+99,+99999.9E+99,1.05442E+03,0.00000E+03,0.00000E+03,0.00000E+03,0.00000E+03,0.00000E+03,1.15332E+03,0.00000E+03,0.00000E+03,0.00000E+03,0.00000E+03,0.00000E+03,0.46728E+03,0.00000E+03,0.00000E+03,0.00000E+03,0.00000E+03,0.00000E+03,0.91424E+00,0.00000E+00,0.00000E+00,0.93464E+00,0.94575E+00,0.02551E+00,0.000E+00,95.770E+00,174.424E+00,159.170E+00,114.729E+00,-94.115E+00,23.901E+00,90.000E+00,90.000E+00,0.00000E+00,0.00000E+00,0.00000E+00,72.828E+00,100.000E+00,100.000E+00,0.28651E+03,0.00000E+03,0.00000E+03,+99999.9E+99,+99999.9E+99,+99999.9E+99,+99999.9E+99,+99999.9E+99,+99999.9E+99,+99999.9E+99,+99999.9E+99,+99999.9E+99,+99999.9E+99,+99999.9E+99,+99999.9E+99,1B00,0,0,0,1B00,76.2869E+00,76.6342E+00,76.4975E+00,76.4729E+00,72.1919E+00,72.8671E+00,72.5972E+00,72.5521E+00,76.2869E+00,76.6342E+00,76.4974E+00,0.0000E+00,0.0000E+00,0.0000E+00,71.9654E+00,71.7765E+00,71.7278E+00,105.793E+00,106.053E+00,105.631E+00,-104.286E+00,-103.649E+00,-104.159E+00,27.010E+00,26.091E+00,26.760E+00,+99999.9E+99,+99999.9E+99,+99999.9E+99,0.203E+00,8.1753E+00,8.1142E+00,8.0871E+00,8.1255E+00,7.2902E+00,7.2484E+00,7.2092E+00,7.2493E+00,8.1744E+00,8.1142E+00,8.0846E+00,-0.1161E+00,0.0000E+00,0.2024E+00,9.6449E+00,9.8391E+00,10.1588E+00,22.0462E+00,20.9548E+00,20.4048E+00,-18.7857E+00,-18.6900E+00,-19.7786E+00,48.750E+00,46.283E+00,44.857E+00,+99999.9E+99,+99999.9E+99,+99999.9E+99,4.184E+00,0.25702E+03,0.25217E+03,0.25871E+03,0.76791E+03,0.33247E+03,0.35630E+03,0.35889E+03,1.04766E+03,0.36167E+03,0.35935E+03,0.35898E+03,1.08000E+03,0.38781E+03,0.39954E+03,0.41547E+03,1.20225E+03,-0.25445E+03,-0.25601E+03,-0.24887E+03,-0.75933E+03,-0.19966E+03,-0.18079E+03,-0.20932E+03,-0.58977E+03,-0.71065E+00,-0.70175E+00,-0.72068E+00,-0.71102E+00,-0.85729E+00,-0.89177E+00,-0.86381E+00,-0.87141E+00,0.000E+00,120.133E+00,-120.062E+00,60.900E+00,177.012E+00,-59.699E+00,-44.712E+00,-45.432E+00,-43.889E+00,-44.682E+00,201.703E+00,201.968E+00,201.941E+00,95.262E+00,+99999.9E+99,+99999.9E+99,0.00004E+06,-0.00048E+06,0.00000E+00,9.239E+00,0.756E+03,0.00073E+06,43.772E+00,F0F08
2021/11/30,17:34:06,00000:00:31,0,38003800,2800,3800,3800,3800,99.817E+00,0.000E+00,0.000E+00,110.868E+00,0.000E+00,0.000E+00,0.496E+00,0.000E+00,0.000E+00,99.816E+00,0.000E+00,0.000E+00,0.000E+00,0.000E+00,0.000E+00,100.971E+00,0.000E+00,0.000E+00,98.796E+00,0.000E+00,0.000E+00,35.001E+00,+99999.9E+99,448.674E+00,1.090E+00,+99999.9E+99,+99999.9E+99,12.1775E+00,0.00000E+00,0.00000E+00,12.6407E+00,0.00000E+00,0.00000E+00,4.3328E+00,0.00000E+00,0.00000E+00,11.3806E+00,0.00000E+00,0.00000E+00,4.2449E+00,0.00000E+00,0.00000E+00,18.2098E+00,0.0000E+00,0.0000E+00,4.0550E+00,0.0000E+00,0.0000E+00,39.915E+00,+99999.9E+99,+99999.9E+99,62.188E+00,+99999.9E+99,+99999.9E+99,1.13404E+03,0.00000E+03,0.00000E+03,0.00000E+03,0.00000E+03,0.00000E+03,1.21553E+03,0.00000E+03,0.00000E+03,0.00000E+03,0.00000E+03,0.00000E+03,-0.43756E+03,0.00000E+03,0.00000E+03,0.00000E+03,0.00000E+03,0.00000E+03,-0.93296E+00,0.00000E+00,0.00000E+00,0.93464E+00,0.94575E+00,0.02551E+00,0.000E+00,95.770E+00,174.424E+00,159.170E+00,114.729E+00,-94.115E+00,-21.099E+00,90.000E+00,90.000E+00,9.33632E+00,0.00000E+00,0.00000E+00,111.532E+00,100.000E+00,100.000E+00,-0.13078E+03,0.00000E+03,0.00000E+03,+99999.9E+99,+99999.9E+99,+99999.9E+99,+99999.9E+99,+99999.9E+99,+99999.9E+99,+99999.9E+99,+99999.9E+99,+99999.9E+99,+99999.9E+99,+99999.9E+99,+99999.9E+99,1B00,0,0,0,1B00,77.0917E+00,77.1864E+00,77.1331E+00,77.1371E+00,72.1567E+00,72.5465E+00,72.3157E+00,72.3397E+00,77.0917E+00,77.1864E+00,77.1331E+00,0.0000E+00,0.0000E+00,0.0000E+00,72.7415E+00,73.1415E+00,72.9974E+00,105.704E+00,106.134E+00,105.841E+00,-104.966E+00,-104.781E+00,-105.100E+00,16.215E+00,16.459E+00,16.795E+00,+99999.9E+99,+99999.9E+99,+99999.9E+99,0.328E+00,13.4616E+00,12.9733E+00,13.1738E+00,13.2029E+00,12.2569E+00,11.7623E+00,11.8273E+00,11.9488E+00,13.4605E+00,12.9689E+00,13.1642E+00,-0.1659E+00,-0.3365E+00,0.5035E+00,6.4074E+00,5.7510E+00,5.6505E+00,27.7514E+00,27.1014E+00,28.4990E+00,-26.5695E+00,-27.1500E+00,-26.4762E+00,49.890E+00,54.356E+00,55.038E+00,+99999.9E+99,+99999.9E+99,+99999.9E+99,6.841E+00,0.43055E+03,0.40780E+03,0.42648E+03,1.26482E+03,0.23010E+03,0.20129E+03,0.21716E+03,0.64855E+03,0.60666E+03,0.58314E+03,0.59204E+03,1.78184E+03,0.25772E+03,0.23286E+03,0.23580E+03,0.72545E+03,-0.42739E+03,-0.41684E+03,-0.41064E+03,-1.25487E+03,-0.11607E+03,-0.11708E+03,-0.09190E+03,-0.32504E+03,-0.70970E+00,-0.69931E+00,-0.72035E+00,-0.70984E+00,-0.89285E+00,-0.86441E+00,-0.92093E+00,-0.89400E+00,0.000E+00,119.948E+00,-119.748E+00,56.952E+00,-179.934E+00,-66.929E+00,-44.789E+00,-45.628E+00,-43.916E+00,-44.778E+00,201.714E+00,201.389E+00,201.664E+00,90.670E+00,+99999.9E+99,+99999.9E+99,0.00012E+06,-0.00074E+06,0.00000E+00,14.464E+00,0.757E+03,0.00115E+06,43.699E+00,F0F08
2021/11/30,17:34:06,00000:00:31,50,38003F00,0,1B00,1B00,3F00,99.934E+00,0.000E+00,0.000E+00,110.997E+00,0.000E+00,0.000E+00,0.498E+00,0.000E+00,0.000E+00,99.932E+00,0.000E+00,0.000E+00,0.000E+00,0.000E+00,0.000E+00,100.921E+00,0.000E+00,0.000E+00,98.854E+00,0.000E+00,0.000E+00,101.401E+00,+99999.9E+99,+99999.9E+99,1.035E+00,+99999.9E+99,+99999.9E+99,11.6741E+00,0.00000E+00,0.00000E+00,11.9694E+00,0.00000E+00,0.00000E+00,4.4897E+00,0.00000E+00,0.00000E+00,10.7762E+00,0.00000E+00,0.00000E+00,2.9082E+00,0.00000E+00,0.00000E+00,18.2914E+00,0.0000E+00,0.0000E+00,4.2250E+00,0.0000E+00,0.0000E+00,105.383E+00,455.363E+00,+99999.9E+99,65.266E+00,+99999.9E+99,+99999.9E+99,1.07489E+03,0.00000E+03,0.00000E+03,0.00000E+03,0.00000E+03,0.00000E+03,1.16663E+03,0.00000E+03,0.00000E+03,0.00000E+03,0.00000E+03,0.00000E+03,0.45349E+03,0.00000E+03,0.00000E+03,0.00000E+03,0.00000E+03,0.00000E+03,0.92136E+00,0.00000E+00,0.00000E+00,0.82994E+00,0.52760E+00,0.14756E+00,0.000E+00,-110.388E+00,151.562E+00,146.093E+00,127.768E+00,70.048E+00,22.875E+00,90.000E+00,90.000E+00,12.6090E+00,0.00000E+00,0.00000E+00,99.367E+00,100.000E+00,100.000E+00,0.00680E+03,0.00000E+03,0.00000E+03,+99999.9E+99,+99999.9E+99,+99999.9E+99,+99999.9E+99,+99999.9E+99,+99999.9E+99,+99999.9E+99,+99999.9E+99,+99999.9E+99,+99999.9E+99,+99999.9E+99,+99999.9E+99,1B00,0,0,0,1B00,76.7567E+00,77.0827E+00,76.8226E+00,76.8874E+00,71.9944E+00,72.5845E+00,72.1224E+00,72.2338E+00,76.7567E+00,77.0827E+00,76.8226E+00,0.0000E+00,0.0000E+00,0.0000E+00,70.0109E+00,70.2459E+00,70.1607E+00,105.261E+00,105.913E+00,105.594E+00,-104.227E+00,-104.656E+00,-104.287E+00,39.036E+00,38.794E+00,38.771E+00,+99999.9E+99,+99999.9E+99,+99999.9E+99,0.203E+00,11.7709E+00,11.6156E+00,11.9001E+00,11.7622E+00,10.3245E+00,10.2554E+00,10.4468E+00,10.3422E+00,11.7709E+00,11.6156E+00,11.9001E+00,0.0000E+00,0.0000E+00,0.0000E+00,15.4145E+00,14.9850E+00,15.1870E+00,27.6962E+00,27.0957E+00,28.6400E+00,-26.0300E+00,-27.0890E+00,-26.5890E+00,39.385E+00,40.425E+00,39.445E+00,+99999.9E+99,+99999.9E+99,+99999.9E+99,1.722E+00,0.35017E+03,0.35272E+03,0.36520E+03,1.06809E+03,0.54392E+03,0.52718E+03,0.54445E+03,1.61555E+03,0.52564E+03,0.52020E+03,0.53361E+03,1.57945E+03,0.62214E+03,0.60453E+03,0.61459E+03,1.84111E+03,-0.39202E+03,-0.38236E+03,-0.38906E+03,-1.16344E+03,-0.30201E+03,-0.29588E+03,-0.28511E+03,-0.88300E+03,-0.66617E+00,-0.67804E+00,-0.68440E+00,-0.67624E+00,-0.87427E+00,-0.87204E+00,-0.88588E+00,-0.87749E+00,0.000E+00,119.964E+00,-119.849E+00,59.153E+00,179.228E+00,-62.284E+00,-48.228E+00,-47.309E+00,-46.812E+00,-47.449E+00,201.984E+00,202.306E+00,201.803E+00,90.451E+00,+99999.9E+99,+99999.9E+99,0.00010E+06,-0.00061E+06,0.00000E+00,12.187E+00,0.757E+03,0.00097E+06,43.783E+00,F0F0F
2021/11/30,17:34:06,00000:00:31,100,38003F00,700,1F00,1F00,3F00,99.934E+00,0.000E+00,0.000E+00,110.997E+00,0.000E+00,0.000E+00,0.498E+00,0.000E+00,0.000E+00,99.932E+00,0.000E+00,0.000E+00,0.000E+00,0.000E+00,0.000E+00,100.921E+00,0.000E+00,0.000E+00,98.854E+00,0.000E+00,0.000E+00,101.401E+00,+99999.9E+99,+99999.9E+99,1.035E+00,+99999.9E+99,+99999.9E+99,11.6741E+00,0.00000E+00,0.00000E+00,11.9694E+00,0.00000E+00,0.00000E+00,4.4897E+00,0.00000E+00,0.00000E+00,10.7762E+00,0.00000E+00,0.00000E+00,2.9082E+00,0.00000E+00,0.00000E+00,18.2914E+00,0.0000E+00,0.0000E+00,4.2250E+00,0.0000E+00,0.0000E+00,105.383E+00,455.363E+00,+99999.9E+99,65.266E+00,+99999.9E+99,+99999.9E+99,1.07489E+03,0.00000E+03,0.00000E+03,0.00000E+03,0.00000E+03,0.00000E+03,1.16663E+03,0.00000E+03,0.00000E+03,0.00000E+03,0.00000E+03,0.00000E+03,0.45349E+03,0.00000E+03,0.00000E+03,0.00000E+03,0.00000E+03,0.00000E+03,0.92136E+00,0.00000E+00,0.00000E+00,0.82994E+00,0.52760E+00,0.14756E+00,0.000E+00,-110.388E+00,151.562E+00,146.093E+00,127.768E+00,70.048E+00,22.875E+00,90.000E+00,90.000E+00,12.6090E+00,0.00000E+00,0.00000E+00,80.221E+00,100.000E+00,100.000E+00,0.21261E+03,0.00000E+03,0.00000E+03,+99999.9E+99,+99999.9E+99,+99999.9E+99,+99999.9E+99,+99999.9E+99,+99999.9E+99,+99999.9E+99,+99999.9E+99,+99999.9E+99,+99999.9E+99,+99999.9E+99,+99999.9E+99,1B00,0,0,0,1B00,76.5331E+00,76.6394E+00,76.5445E+00,76.5723E+00,72.4271E+00,72.8014E+00,72.4897E+00,72.5727E+00,76.5331E+00,76.6394E+00,76.5445E+00,0.0000E+00,0.0000E+00,0.0000E+00,72.8629E+00,72.6842E+00,72.6282E+00,105.869E+00,106.057E+00,105.757E+00,-104.496E+00,-104.580E+00,-104.449E+00,18.237E+00,17.862E+00,17.898E+00,+99999.9E+99,+99999.9E+99,+99999.9E+99,0.194E+00,9.5828E+00,9.0860E+00,9.2289E+00,9.2992E+00,8.2987E+00,7.8878E+00,7.9267E+00,8.0378E+00,9.5815E+00,9.0829E+00,9.2202E+00,-0.1590E+00,-0.2395E+00,0.3995E+00,6.1196E+00,6.3907E+00,6.7833E+00,26.1362E+00,24.1605E+00,24.9500E+00,-26.4452E+00,-25.1081E+00,-22.4962E+00,56.690E+00,52.882E+00,50.033E+00,+99999.9E+99,+99999.9E+99,+99999.9E+99,4.540E+00,0.29476E+03,0.27671E+03,0.29080E+03,0.86228E+03,0.21914E+03,0.23461E+03,0.23869E+03,0.69245E+03,0.42600E+03,0.40310E+03,0.40946E+03,1.23856E+03,0.25462E+03,0.26112E+03,0.27403E+03,0.78932E+03,-0.30756E+03,-0.29312E+03,-0.28825E+03,-0.88893E+03,-0.12964E+03,-0.11463E+03,-0.13460E+03,-0.37887E+03,-0.69193E+00,-0.68646E+00,-0.71022E+00,-0.69620E+00,-0.86067E+00,-0.89849E+00,-0.87105E+00,-0.87727E+00,0.000E+00,120.125E+00,-120.062E+00,60.524E+00,176.144E+00,-60.538E+00,-46.217E+00,-46.649E+00,-44.747E+00,-45.877E+00,201.945E+00,201.359E+00,202.075E+00,94.472E+00,+99999.9E+99,+99999.9E+99,0.00005E+06,-0.00054E+06,0.00000E+00,10.288E+00,0.756E+03,0.00081E+06,43.837E+00,F0F0F
2021/11/30,17:34:06,00000:00:31,150,38003F00,500,1F00,1F00,3F00,99.934E+00,0.000E+00,0.000E+00,110.997E+00,0.000E+00,0.000E+00,0.498E+00,0.000E+00,0.000E+00,99.932E+00,0.000E+00,0.000E+00,0.000E+00,0.000E+00,0.000E+00,100.921E+00,0.000E+00,0.000E+00,98.854E+00,0.000E+00,0.000E+00,20.416E+00,+99999.9E+99,317.040E+00,1.035E+00,+99999.9E+99,+99999.9E+99,11.6741E+00,0.00000E+00,0.00000E+00,11.9694E+00,0.00000E+00,0.00000E+00,4.4897E+00,0.00000E+00,0.00000E+00,10.7762E+00,0.00000E+00,0.00000E+00,4.6154E+00,0.00000E+00,0.00000E+00,18.2914E+00,0.0000E+00,0.0000E+00,4.2250E+00,0.0000E+00,0.0000E+00,9.685E+00,+99999.9E+99,+99999.9E+99,65.266E+00,+99999.9E+99,+99999.9E+99,1.07489E+03,0.00000E+03,0.00000E+03,0.00000E+03,0.00000E+03,0.00000E+03,1.16663E+03,0.00000E+03,0.00000E+03,0.00000E+03,0.00000E+03,0.00000E+03,0.45349E+03,0.00000E+03,0.00000E+03,0.00000E+03,0.00000E+03,0.00000E+03,0.92136E+00,0.00000E+00,0.00000E+00,0.91748E+00,0.12348E+00,0.80568E+00,0.000E+00,-102.769E+00,133.039E+00,156.561E+00,174.324E+00,169.364E+00,22.875E+00,90.000E+00,90.000E+00,12.6090E+00,0.00000E+00,0.00000E+00,126.345E+00,100.000E+00,100.000E+00,-0.28318E+03,0.00000E+03,0.00000E+03,+99999.9E+99,+99999.9E+99,+99999.9E+99,+99999.9E+99,+99999.9E+99,+99999.9E+99,+99999.9E+99,+99999.9E+99,+99999.9E+99,+99999.9E+99,+99999.9E+99,+99999.9E+99,1B00,0,0,0,1B00,77.0034E+00,77.4703E+00,77.3286E+00,77.2674E+00,71.7146E+00,72.5914E+00,72.3310E+00,72.2123E+00,77.0034E+00,77.4703E+00,77.3286E+00,0.0000E+00,0.0000E+00,0.0000E+00,71.7430E+00,72.2704E+00,72.0710E+00,105.707E+00,105.891E+00,105.663E+00,-104.674E+00,-105.229E+00,-104.607E+00,25.207E+00,25.698E+00,25.550E+00,+99999.9E+99,+99999.9E+99,+99999.9E+99,0.422E+00,13.9781E+00,13.6509E+00,13.7885E+00,13.8058E+00,13.0623E+00,12.8645E+00,12.8221E+00,12.9163E+00,13.9770E+00,13.6493E+00,13.7831E+00,-0.1717E+00,-0.2129E+00,0.3857E+00,10.1681E+00,9.3580E+00,9.4807E+00,27.6200E+00,27.1624E+00,28.7238E+00,-26.5014E+00,-26.7462E+00,-26.8733E+00,43.907E+00,46.567E+00,47.113E+00,+99999.9E+99,+99999.9E+99,+99999.9E+99,6.433E+00,0.45700E+03,0.44507E+03,0.45600E+03,1.35807E+03,0.37155E+03,0.32772E+03,0.35052E+03,1.04979E+03,0.62970E+03,0.61538E+03,0.62379E+03,1.86887E+03,0.41465E+03,0.37816E+03,0.38086E+03,1.17229E+03,-0.43321E+03,-0.42498E+03,-0.42565E+03,-1.28384E+03,-0.18407E+03,-0.18869E+03,-0.14896E+03,-0.52173E+03,-0.72575E+00,-0.72324E+00,-0.73101E+00,-0.72668E+00,-0.89606E+00,-0.86662E+00,-0.92034E+00,-0.89550E+00,0.000E+00,119.934E+00,-119.676E+00,56.593E+00,179.779E+00,-66.803E+00,-43.469E+00,-43.678E+00,-43.029E+00,-43.391E+00,201.325E+00,202.108E+00,201.076E+00,90.247E+00,+99999.9E+99,+99999.9E+99,0.00013E+06,-0.00078E+06,0.00000E+00,15.453E+00,0.757E+03,0.00123E+06,43.571E+00,F0F08
2021/11/30,17:34:06,00000:00:31,200,38003D00,500,1C00,1C00,3800,99.934E+00,0.000E+00,0.000E+00,110.997E+00,0.000E+00,0.000E+00,0.498E+00,0.000E+00,0.000E+00,99.932E+00,0.000E+00,0.000E+00,0.000E+00,0.000E+00,0.000E+00,100.921E+00,0.000E+00,0.000E+00,98.854E+00,0.000E+00,0.000E+00,67.821E+00,+99999.9E+99,+99999.9E+99,1.035E+00,+99999.9E+99,+99999.9E+99,11.6741E+00,0.00000E+00,0.00000E+00,11.9694E+00,0.00000E+00,0.00000E+00,4.4897E+00,0.00000E+00,0.00000E+00,10.7762E+00,0.00000E+00,0.00000E+00,4.0175E+00,0.00000E+00,0.00000E+00,18.2914E+00,0.0000E+00,0.0000E+00,4.2250E+00,0.0000E+00,0.0000E+00,49.417E+00,+99999.9E+99,+99999.9E+99,65.266E+00,+99999.9E+99,+99999.9E+99,1.07489E+03,0.00000E+03,0.00000E+03,0.00000E+03,0.00000E+03,0.00000E+03,1.16663E+03,0.00000E+03,0.00000E+03,0.00000E+03,0.00000E+03,0.00000E+03,0.45349E+03,0.00000E+03,0.00000E+03,0.00000E+03,0.00000E+03,0.00000E+03,0.92136E+00,0.00000E+00,0.00000E+00,0.88255E+00,0.68991E+00,0.58986E+00,0.000E+00,124.742E+00,178.628E+00,151.952E+00,-8.882E+00,52.481E+00,22.875E+00,90.000E+00,90.000E+00,12.6090E+00,0.00000E+00,0.00000E+00,79.700E+00,100.000E+00,100.000E+00,0.21820E+03,0.00000E+03,0.00000E+03,+99999.9E+99,+99999.9E+99,+99999.9E+99,+99999.9E+99,+99999.9E+99,+99999.9E+99,+99999.9E+99,+99999.9E+99,+99999.9E+99,+99999.9E+99,+99999.9E+99,+99999.9E+99,1B00,0,0,0,1B00,76.6883E+00,76.6514E+00,76.3788E+00,76.5728E+00,72.5031E+00,72.6125E+00,71.9715E+00,72.3624E+00,76.6883E+00,76.6514E+00,76.3788E+00,0.0000E+00,0.0000E+00,0.0000E+00,70.7281E+00,70.6421E+00,70.4830E+00,105.840E+00,106.016E+00,105.776E+00,-104.307E+00,-104.474E+00,-104.543E+00,35.890E+00,35.359E+00,35.795E+00,+99999.9E+99,+99999.9E+99,+99999.9E+99,0.204E+00,9.6898E+00,9.2852E+00,9.8937E+00,9.6229E+00,8.3172E+00,7.9753E+00,8.3753E+00,8.2226E+00,9.6898E+00,9.2852E+00,9.8937E+00,0.0000E+00,0.0000E+00,0.0000E+00,13.4435E+00,13.4883E+00,14.0457E+00,26.3424E+00,24.8652E+00,27.4033E+00,-25.9414E+00,-23.5471E+00,-26.4795E+00,42.808E+00,42.072E+00,40.142E+00,+99999.9E+99,+99999.9E+99,+99999.9E+99,2.527E+00,0.27984E+03,0.27875E+03,0.29810E+03,0.85669E+03,0.46850E+03,0.48371E+03,0.49274E+03,1.44495E+03,0.43071E+03,0.41298E+03,0.43881E+03,1.28250E+03,0.54384E+03,0.54696E+03,0.56475E+03,1.65524E+03,-0.32742E+03,-0.30472E+03,-0.32201E+03,-0.95415E+03,-0.27616E+03,-0.25531E+03,-0.27595E+03,-0.80742E+03,-0.64971E+00,-0.67496E+00,-0.67934E+00,-0.66798E+00,-0.86148E+00,-0.88437E+00,-0.87250E+00,-0.87296E+00,0.000E+00,120.182E+00,-119.979E+00,60.470E+00,177.940E+00,-60.613E+00,-49.480E+00,-47.549E+00,-47.208E+00,-48.089E+00,202.352E+00,201.730E+00,202.526E+00,92.123E+00,+99999.9E+99,+99999.9E+99,0.00007E+06,-0.00051E+06,0.00000E+00,9.964E+00,0.756E+03,0.00079E+06,43.932E+00,F0F08
2021/11/30,17:34:06,00000:00:31,250,38003F00,700,1F00,1F00,3F00,99.934E+00,0.000E+00,0.000E+00,110.997E+00,0.000E+00,0.000E+00,0.498E+00,0.000E+00,0.000E+00,99.932E+00,0.000E+00,0.000E+00,0.000E+00,0.000E+00,0.000E+00,100.921E+00,0.000E+00,0.000E+00,98.854E+00,0.000E+00,0.000E+00,67.821E+00,+99999.9E+99,+99999.9E+99,1.035E+00,+99999.9E+99,+99999.9E+99,11.6741E+00,0.00000E+00,0.00000E+00,11.9694E+00,0.00000E+00,0.00000E+00,4.4897E+00,0.00000E+00,0.00000E+00,10.7762E+00,0.00000E+00,0.00000E+00,4.0175E+00,0.00000E+00,0.00000E+00,18.2914E+00,0.0000E+00,0.0000E+00,4.2250E+00,0.0000E+00,0.0000E+00,49.417E+00,+99999.9E+99,+99999.9E+99,65.266E+00,+99999.9E+99,+99999.9E+99,1.07489E+03,0.00000E+03,0.00000E+03,0.00000E+03,0.00000E+03,0.00000E+03,1.16663E+03,0.00000E+03,0.00000E+03,0.00000E+03,0.00000E+03,0.00000E+03,0.45349E+03,0.00000E+03,0.00000E+03,0.00000E+03,0.00000E+03,0.00000E+03,0.92136E+00,0.00000E+00,0.00000E+00,0.88255E+00,0.68991E+00,0.58986E+00,0.000E+00,124.742E+00,178.628E+00,151.952E+00,-8.882E+00,52.481E+00,22.875E+00,90.000E+00,90.000E+00,12.6090E+00,0.00000E+00,0.00000E+00,95.993E+00,100.000E+00,100.000E+00,0.04307E+03,0.00000E+03,0.00000E+03,+99999.9E+99,+99999.9E+99,+99999.9E+99,+99999.9E+99,+99999.9E+99,+99999.9E+99,+99999.9E+99,+99999.9E+99,+99999.9E+99,+99999.9E+99,+99999.9E+99,+99999.9E+99,1B00,0,0,0,1B00,76.5241E+00,76.9867E+00,77.0241E+00,76.8450E+00,71.8072E+00,72.7038E+00,72.7415E+00,72.4175E+00,76.5241E+00,76.9867E+00,77.0241E+00,0.0000E+00,0.0000E+00,0.0000E+00,73.1092E+00,73.1992E+00,73.0979E+00,105.847E+00,106.081E+00,105.814E+00,-104.716E+00,-104.863E+00,-104.493E+00,13.525E+00,13.474E+00,13.624E+00,+99999.9E+99,+99999.9E+99,+99999.9E+99,0.086E+00,11.6578E+00,11.4111E+00,11.2015E+00,11.4235E+00,9.9765E+00,9.8312E+00,9.5287E+00,9.7788E+00,11.6567E+00,11.4040E+00,11.1873E+00,-0.1626E+00,-0.4010E+00,0.5648E+00,4.4711E+00,4.2314E+00,4.4819E+00,27.5952E+00,27.1614E+00,28.5029E+00,-26.7076E+00,-27.0586E+00,-26.0529E+00,62.588E+00,64.095E+00,60.064E+00,+99999.9E+99,+99999.9E+99,+99999.9E+99,2.738E+00,0.35556E+03,0.33574E+03,0.34052E+03,1.03181E+03,0.15655E+03,0.15339E+03,0.16206E+03,0.47200E+03,0.52039E+03,0.50839E+03,0.50167E+03,1.53045E+03,0.18405E+03,0.17734E+03,0.18533E+03,0.54662E+03,-0.37998E+03,-0.38176E+03,-0.36840E+03,-1.13014E+03,-0.09679E+03,-0.08900E+03,-0.08992E+03,-0.27570E+03,-0.68325E+00,-0.66039E+00,-0.67878E+00,-0.67419E+00,-0.85056E+00,-0.86495E+00,-0.87442E+00,-0.86348E+00,0.000E+00,120.048E+00,-119.918E+00,61.765E+00,-179.872E+00,-60.889E+00,-46.902E+00,-48.670E+00,-47.252E+00,-47.609E+00,201.291E+00,201.942E+00,201.310E+00,92.979E+00,+99999.9E+99,+99999.9E+99,0.00007E+06,-0.00062E+06,0.00000E+00,12.111E+00,0.756E+03,0.00096E+06,43.632E+00,F0F08
2021/11/30,17:34:06,00000:00:31,300,38003F00,2800,3B00,3B00,3F00,99.988E+00,0.000E+00,0.000E+00,111.058E+00,0.000E+00,0.000E+00,0.516E+00,0.000E+00,0.000E+00,99.987E+00,0.000E+00,0.000E+00,0.000E+00,0.000E+00,0.000E+00,101.025E+00,0.000E+00,0.000E+00,98.796E+00,0.000E+00,0.000E+00,67.821E+00,+99999.9E+99,+99999.9E+99,1.114E+00,+99999.9E+99,+99999.9E+99,11.5343E+00,0.00000E+00,0.00000E+00,11.6722E+00,0.00000E+00,0.00000E+00,4.7548E+00,0.00000E+00,0.00000E+00,10.5087E+00,0.00000E+00,0.00000E+00,4.0175E+00,0.00000E+00,0.00000E+00,18.3052E+00,0.0000E+00,0.0000E+00,3.3800E+00,0.0000E+00,0.0000E+00,49.417E+00,+99999.9E+99,+99999.9E+99,71.014E+00,+99999.9E+99,+99999.9E+99,1.04854E+03,0.00000E+03,0.00000E+03,0.00000E+03,0.00000E+03,0.00000E+03,1.15330E+03,0.00000E+03,0.00000E+03,0.00000E+03,0.00000E+03,0.00000E+03,0.48028E+03,0.00000E+03,0.00000E+03,0.00000E+03,0.00000E+03,0.00000E+03,0.90916E+00,0.00000E+00,0.00000E+00,0.88255E+00,0.68991E+00,0.58986E+00,0.000E+00,124.742E+00,178.628E+00,151.952E+00,-8.882E+00,52.481E+00,24.610E+00,90.000E+00,90.000E+00,0.00000E+00,0.00000E+00,0.00000E+00,121.795E+00,100.000E+00,100.000E+00,-0.22853E+03,0.00000E+03,0.00000E+03,+99999.9E+99,+99999.9E+99,+99999.9E+99,+99999.9E+99,+99999.9E+99,+99999.9E+99,+99999.9E+99,+99999.9E+99,+99999.9E+99,+99999.9E+99,+99999.9E+99,+99999.9E+99,1800,0,0,0,1800,77.1911E+00,77.2068E+00,76.9838E+00,77.1273E+00,72.1704E+00,72.3876E+00,71.8300E+00,72.1294E+00,77.1911E+00,77.2068E+00,76.9838E+00,0.0000E+00,0.0000E+00,0.0000E+00,70.4477E+00,71.0478E+00,70.9395E+00,105.221E+00,105.587E+00,105.430E+00,-104.566E+00,-104.933E+00,-104.870E+00,34.691E+00,34.683E+00,34.594E+00,+99999.9E+99,+99999.9E+99,+99999.9E+99,0.522E+00,13.4360E+00,13.0040E+00,13.4059E+00,13.2820E+00,12.3989E+00,11.9843E+00,12.3517E+00,12.2449E+00,13.4349E+00,13.0040E+00,13.4042E+00,-0.1696E+00,0.0000E+00,0.2134E+00,14.1290E+00,13.1865E+00,13.1653E+00,27.2395E+00,26.8376E+00,28.1286E+00,-26.6143E+00,-26.4686E+00,-26.1529E+00,39.563E+00,41.937E+00,42.113E+00,+99999.9E+99,+99999.9E+99,+99999.9E+99,4.504E+00,0.42314E+03,0.41549E+03,0.43843E+03,1.27706E+03,0.50479E+03,0.46064E+03,0.48614E+03,1.45157E+03,0.60516E+03,0.58541E+03,0.60235E+03,1.79293E+03,0.56917E+03,0.53311E+03,0.53783E+03,1.63913E+03,-0.43264E+03,-0.41240E+03,-0.41305E+03,-1.25809E+03,-0.26295E+03,-0.26837E+03,-0.23007E+03,-0.76139E+03,-0.69922E+00,-0.70975E+00,-0.72786E+00,-0.71228E+00,-0.88689E+00,-0.86405E+00,-0.90389E+00,-0.88557E+00,0.000E+00,119.825E+00,-119.666E+00,57.797E+00,179.996E+00,-64.567E+00,-45.635E+00,-44.786E+00,-43.293E+00,-44.580E+00,201.644E+00,201.440E+00,201.714E+00,89.660E+00,+99999.9E+99,+99999.9E+99,0.00013E+06,-0.00073E+06,0.00000E+00,14.444E+00,0.757E+03,0.00115E+06,43.689E+00,F0F08
2021/11/30,17:34:06,00000:00:31,350,38003F00,2D00,3F00,3F00,3F00,99.988E+00,0.000E+00,0.000E+00,111.058E+00,0.000E+00,0.000E+00,0.516E+00,0.000E+00,0.000E+00,99.987E+00,0.000E+00,0.000E+00,0.000E+00,0.000E+00,0.000E+00,101.025E+00,0.000E+00,0.000E+00,98.796E+00,0.000E+00,0.000E+00,37.768E+00,+99999.9E+99,337.291E+00,1.114E+00,+99999.9E+99,+99999.9E+99,11.5343E+00,0.00000E+00,0.00000E+00,11.6722E+00,0.00000E+00,0.00000E+00,4.7548E+00,0.00000E+00,0.00000E+00,10.5087E+00,0.00000E+00,0.00000E+00,4.4411E+00,0.00000E+00,0.00000E+00,18.3052E+00,0.0000E+00,0.0000E+00,3.3800E+00,0.0000E+00,0.0000E+00,42.003E+00,+99999.9E+99,+99999.9E+99,71.014E+00,+99999.9E+99,+99999.9E+99,1.04854E+03,0.00000E+03,0.00000E+03,0.00000E+03,0.00000E+03,0.00000E+03,1.15330E+03,0.00000E+03,0.00000E+03,0.00000E+03,0.00000E+03,0.00000E+03,0.48028E+03,0.00000E+03,0.00000E+03,0.00000E+03,0.00000E+03,0.00000E+03,0.90916E+00,0.00000E+00,0.00000E+00,0.93485E+00,0.27871E+00,0.39800E+00,0.000E+00,3.598E+00,152.268E+00,159.205E+00,-102.585E+00,38.815E+00,24.610E+00,90.000E+00,90.000E+00,0.00000E+00,0.00000E+00,0.00000E+00,72.490E+00,100.000E+00,100.000E+00,0.28846E+03,0.00000E+03,0.00000E+03,+99999.9E+99,+99999.9E+99,+99999.9E+99,+99999.9E+99,+99999.9E+99,+99999.9E+99,+99999.9E+99,+99999.9E+99,+99999.9E+99,+99999.9E+99,+99999.9E+99,+99999.9E+99,1B00,0,0,0,1B00,76.2523E+00,76.6557E+00,76.4882E+00,76.4654E+00,72.0890E+00,72.8415E+00,72.5446E+00,72.4917E+00,76.2523E+00,76.6557E+00,76.4882E+00,0.0000E+00,0.0000E+00,0.0000E+00,71.9109E+00,71.7507E+00,71.6720E+00,105.750E+00,106.083E+00,105.821E+00,-106.269E+00,-104.899E+00,-104.539E+00,27.134E+00,26.180E+00,26.865E+00,+99999.9E+99,+99999.9E+99,+99999.9E+99,0.195E+00,8.1479E+00,8.0878E+00,8.0235E+00,8.0864E+00,7.2542E+00,7.2200E+00,7.1466E+00,7.2069E+00,8.1471E+00,8.0871E+00,8.0204E+00,-0.1173E+00,-0.1062E+00,0.2245E+00,9.7255E+00,9.9225E+00,10.2726E+00,22.2300E+00,20.6876E+00,20.2019E+00,-18.7252E+00,-19.1933E+00,-19.8981E+00,48.395E+00,45.885E+00,44.414E+00,+99999.9E+99,+99999.9E+99,+99999.9E+99,4.363E+00,0.25496E+03,0.24990E+03,0.25522E+03,0.76008E+03,0.33620E+03,0.36089E+03,0.36447E+03,1.06156E+03,0.36008E+03,0.35804E+03,0.35609E+03,1.07421E+03,0.39086E+03,0.40291E+03,0.42009E+03,1.21323E+03,-0.25426E+03,-0.25640E+03,-0.24833E+03,-0.75900E+03,-0.19935E+03,-0.17913E+03,-0.20890E+03,-0.58738E+03,-0.70808E+00,-0.69797E+00,-0.71671E+00,-0.70757E+00,-0.86016E+00,-0.89573E+00,-0.86759E+00,-0.87499E+00,0.000E+00,120.148E+00,-120.035E+00,60.593E+00,176.507E+00,-60.104E+00,-44.921E+00,-45.736E+00,-44.216E+00,-44.962E+00,202.237E+00,201.935E+00,201.934E+00,95.086E+00,+99999.9E+99,+99999.9E+99,0.00004E+06,-0.00047E+06,0.00000E+00,9.132E+00,0.756E+03,0.00072E+06,43.947E+00,F0F08
2021/11/30,17:34:06,00000:00:31,400,38003800,2800,3800,3800,3800,99.817E+00,0.000E+00,0.000E+00,110.867E+00,0.000E+00,0.000E+00,0.501E+00,0.000E+00,0.000E+00,99.816E+00,0.000E+00,0.000E+00,0.000E+00,0.000E+00,0.000E+00,100.921E+00,0.000E+00,0.000E+00,98.796E+00,0.000E+00,0.000E+00,37.768E+00,+99999.9E+99,337.291E+00,1.064E+00,+99999.9E+99,+99999.9E+99,12.1971E+00,0.00000E+00,0.00000E+00,12.6519E+00,0.00000E+00,0.00000E+00,4.3613E+00,0.00000E+00,0.00000E+00,11.3907E+00,0.00000E+00,0.00000E+00,4.4411E+00,0.00000E+00,0.00000E+00,18.3731E+00,0.0000E+00,0.0000E+00,4.1143E+00,0.0000E+00,0.0000E+00,42.003E+00,+99999.9E+99,+99999.9E+99,62.590E+00,+99999.9E+99,+99999.9E+99,1.13500E+03,0.00000E+03,0.00000E+03,0.00000E+03,0.00000E+03,0.00000E+03,1.21747E+03,0.00000E+03,0.00000E+03,0.00000E+03,0.00000E+03,0.00000E+03,-0.44046E+03,0.00000E+03,0.00000E+03,0.00000E+03,0.00000E+03,0.00000E+03,-0.93226E+00,0.00000E+00,0.00000E+00,0.93485E+00,0.27871E+00,0.39800E+00,0.000E+00,3.598E+00,152.268E+00,159.205E+00,-102.585E+00,38.815E+00,-21.210E+00,90.000E+00,90.000E+00,9.32938E+00,0.00000E+00,0.00000E+00,112.071E+00,100.000E+00,100.000E+00,-0.13700E+03,0.00000E+03,0.00000E+03,+99999.9E+99,+99999.9E+99,+99999.9E+99,+99999.9E+99,+99999.9E+99,+99999.9E+99,+99999.9E+99,+99999.9E+99,+99999.9E+99,+99999.9E+99,+99999.9E+99,+99999.9E+99,1B00,0,0,0,1B00,77.0711E+00,77.1685E+00,77.0924E+00,77.1107E+00,72.1622E+00,72.5350E+00,72.2679E+00,72.3217E+00,77.0711E+00,77.1685E+00,77.0924E+00,0.0000E+00,0.0000E+00,0.0000E+00,72.6958E+00,73.0753E+00,72.9479E+00,105.866E+00,106.080E+00,105.727E+00,-105.053E+00,-104.956E+00,-104.657E+00,16.424E+00,16.674E+00,17.003E+00,+99999.9E+99,+99999.9E+99,+99999.9E+99,0.315E+00,13.4922E+00,13.0403E+00,13.2322E+00,13.2549E+00,12.2950E+00,11.8193E+00,11.8861E+00,12.0001E+00,13.4912E+00,13.0359E+00,13.2226E+00,-0.1658E+00,-0.3375E+00,0.5043E+00,6.4907E+00,5.8449E+00,5.7351E+00,27.7138E+00,27.1419E+00,28.6733E+00,-26.4148E+00,-27.3367E+00,-26.8076E+00,49.290E+00,53.611E+00,54.554E+00,+99999.9E+99,+99999.9E+99,+99999.9E+99,6.617E+00,0.43237E+03,0.41108E+03,0.42856E+03,1.27200E+03,0.23416E+03,0.20586E+03,0.22076E+03,0.66078E+03,0.60753E+03,0.58598E+03,0.59453E+03,1.78804E+03,0.26105E+03,0.23685E+03,0.23919E+03,0.73620E+03,-0.42679E+03,-0.41760E+03,-0.41207E+03,-1.25647E+03,-0.11539E+03,-0.11714E+03,-0.09206E+03,-0.32459E+03,-0.71168E+00,-0.70151E+00,-0.72084E+00,-0.71139E+00,-0.89701E+00,-0.86913E+00,-0.92296E+00,-0.89755E+00,0.000E+00,119.942E+00,-119.765E+00,56.408E+00,179.525E+00,-67.243E+00,-44.628E+00,-45.451E+00,-43.876E+00,-44.652E+00,201.075E+00,201.163E+00,201.507E+00,90.895E+00,+99999.9E+99,+99999.9E+99,0.00012E+06,-0.00075E+06,0.00000E+00,14.597E+00,0.756E+03,0.00116E+06,43.577E+00,F0F08
2021/11/30,17:34:06,00000:00:31,450,38003F00,0,1B00,1B00,3F00,99.919E+00,0.000E+00,0.000E+00,110.980E+00,0.000E+00,0.000E+00,0.512E+00,0.000E+00,0.000E+00,99.917E+00,0.000E+00,0.000E+00,0.000E+00,0.000E+00,0.000E+00,100.921E+00,0.000E+00,0.000E+00,98.789E+00,0.000E+00,0.000E+00,97.142E+00,+99999.9E+99,+99999.9E+99,1.067E+00,+99999.9E+99,+99999.9E+99,11.8814E+00,0.00000E+00,0.00000E+00,12.1635E+00,0.00000E+00,0.00000E+00,4.6090E+00,0.00000E+00,0.00000E+00,10.9510E+00,0.00000E+00,0.00000E+00,3.0287E+00,0.00000E+00,0.00000E+00,18.1983E+00,0.0000E+00,0.0000E+00,4.2086E+00,0.0000E+00,0.0000E+00,97.596E+00,+99999.9E+99,+99999.9E+99,63.874E+00,+99999.9E+99,+99999.9E+99,1.09208E+03,0.00000E+03,0.00000E+03,0.00000E+03,0.00000E+03,0.00000E+03,1.18717E+03,0.00000E+03,0.00000E+03,0.00000E+03,0.00000E+03,0.00000E+03,0.46554E+03,0.00000E+03,0.00000E+03,0.00000E+03,0.00000E+03,0.00000E+03,0.91990E+00,0.00000E+00,0.00000E+00,0.82825E+00,0.46046E+00,0.92935E+00,0.000E+00,132.805E+00,161.756E+00,145.920E+00,70.221E+00,140.089E+00,23.088E+00,90.000E+00,90.000E+00,12.6052E+00,0.00000E+00,0.00000E+00,99.857E+00,100.000E+00,100.000E+00,0.00156E+03,0.00000E+03,0.00000E+03,+99999.9E+99,+99999.9E+99,+99999.9E+99,+99999.9E+99,+99999.9E+99,+99999.9E+99,+99999.9E+99,+99999.9E+99,+99999.9E+99,+99999.9E+99,+99999.9E+99,+99999.9E+99,1B00,0,0,0,1B00,76.7381E+00,77.0815E+00,76.8170E+00,76.8789E+00,71.9976E+00,72.6393E+00,72.1499E+00,72.2622E+00,76.7381E+00,77.0815E+00,76.8170E+00,0.0000E+00,0.0000E+00,0.0000E+00,70.0875E+00,70.4429E+00,70.3808E+00,105.419E+00,105.994E+00,105.513E+00,-104.153E+00,-105.009E+00,-104.344E+00,37.813E+00,37.805E+00,37.686E+00,+99999.9E+99,+99999.9E+99,+99999.9E+99,0.316E+00,11.9665E+00,11.7855E+00,12.0698E+00,11.9406E+00,10.4645E+00,10.3809E+00,10.5775E+00,10.4743E+00,11.9659E+00,11.7855E+00,12.0698E+00,-0.1205E+00,0.0000E+00,0.0000E+00,15.1534E+00,14.5897E+00,14.6109E+00,27.6462E+00,27.1514E+00,28.4495E+00,-26.3395E+00,-27.1567E+00,-26.4738E+00,39.212E+00,40.532E+00,40.418E+00,+99999.9E+99,+99999.9E+99,+99999.9E+99,2.674E+00,0.35798E+03,0.35984E+03,0.37271E+03,1.09053E+03,0.54012E+03,0.51145E+03,0.53042E+03,1.58199E+03,0.53444E+03,0.52775E+03,0.54127E+03,1.60346E+03,0.61222E+03,0.58748E+03,0.59325E+03,1.79258E+03,-0.39684E+03,-0.38605E+03,-0.39250E+03,-1.17539E+03,-0.28825E+03,-0.28904E+03,-0.26571E+03,-0.84300E+03,-0.66981E+00,-0.68183E+00,-0.68859E+00,-0.68011E+00,-0.88223E+00,-0.87059E+00,-0.89409E+00,-0.88252E+00,0.000E+00,119.890E+00,-119.801E+00,58.257E+00,179.333E+00,-63.332E+00,-47.947E+00,-47.013E+00,-46.481E+00,-47.148E+00,202.068E+00,202.217E+00,201.727E+00,90.117E+00,+99999.9E+99,+99999.9E+99,0.00011E+06,-0.00062E+06,0.00000E+00,12.401E+00,0.757E+03,0.00098E+06,43.825E+00,F0F0F
2021/11/30,17:34:06,00000:00:31,500,38003F00,500,1F00,1F00,3F00,99.919E+00,0.000E+00,0.000E+00,110.980E+00,0.000E+00,0.000E+00,0.512E+00,0.000E+00,0.000E+00,99.917E+00,0.000E+00,0.000E+00,0.000E+00,0.000E+00,0.000E+00,100.921E+00,0.000E+00,0.000E+00,98.789E+00,0.000E+00,0.000E+00,19.844E+00,+99999.9E+99,+99999.9E+99,1.067E+00,+99999.9E+99,+99999.9E+99,11.8814E+00,0.00000E+00,0.00000E+00,12.1635E+00,0.00000E+00,0.00000E+00,4.6090E+00,0.00000E+00,0.00000E+00,10.9510E+00,0.00000E+00,0.00000E+00,4.7228E+00,0.00000E+00,0.00000E+00,18.1983E+00,0.0000E+00,0.0000E+00,4.2086E+00,0.0000E+00,0.0000E+00,9.136E+00,+99999.9E+99,+99999.9E+99,63.874E+00,+99999.9E+99,+99999.9E+99,1.09208E+03,0.00000E+03,0.00000E+03,0.00000E+03,0.00000E+03,0.00000E+03,1.18717E+03,0.00000E+03,0.00000E+03,0.00000E+03,0.00000E+03,0.00000E+03,0.46554E+03,0.00000E+03,0.00000E+03,0.00000E+03,0.00000E+03,0.00000E+03,0.91990E+00,0.00000E+00,0.00000E+00,0.91787E+00,0.53031E+00,0.03295E+00,0.000E+00,-150.296E+00,-173.612E+00,156.617E+00,87.678E+00,-81.724E+00,23.088E+00,90.000E+00,90.000E+00,12.6052E+00,0.00000E+00,0.00000E+00,79.105E+00,100.000E+00,100.000E+00,0.22819E+03,0.00000E+03,0.00000E+03,+99999.9E+99,+99999.9E+99,+99999.9E+99,+99999.9E+99,+99999.9E+99,+99999.9E+99,+99999.9E+99,+99999.9E+99,+99999.9E+99,+99999.9E+99,+99999.9E+99,+99999.9E+99,1B00,0,0,0,1B00,76.5476E+00,76.5830E+00,76.5524E+00,76.5610E+00,72.4497E+00,72.7421E+00,72.5162E+00,72.5693E+00,76.5476E+00,76.5829E+00,76.5523E+00,0.0000E+00,0.0000E+00,0.0000E+00,72.4384E+00,72.2278E+00,72.2027E+00,105.741E+00,106.043E+00,105.799E+00,-105.084E+00,-104.450E+00,-104.256E+00,22.189E+00,21.306E+00,21.835E+00,+99999.9E+99,+99999.9E+99,+99999.9E+99,0.205E+00,9.6266E+00,9.1085E+00,9.2397E+00,9.3249E+00,8.3241E+00,7.8941E+00,7.9351E+00,8.0511E+00,9.6254E+00,9.1050E+00,9.2308E+00,-0.1533E+00,-0.2521E+00,0.4065E+00,7.5683E+00,7.9767E+00,8.1921E+00,26.3667E+00,24.2167E+00,25.1371E+00,-26.8081E+00,-25.3738E+00,-22.4695E+00,53.191E+00,49.139E+00,47.886E+00,+99999.9E+99,+99999.9E+99,+99999.9E+99,4.748E+00,0.29594E+03,0.27660E+03,0.29135E+03,0.86389E+03,0.26646E+03,0.28803E+03,0.29047E+03,0.84496E+03,0.42827E+03,0.40390E+03,0.40965E+03,1.24183E+03,0.31063E+03,0.32134E+03,0.33591E+03,0.96729E+03,-0.30958E+03,-0.29433E+03,-0.28797E+03,-0.89188E+03,-0.15965E+03,-0.14247E+03,-0.16871E+03,-0.47083E+03,-0.69100E+00,-0.68482E+00,-0.71122E+00,-0.69566E+00,-0.85781E+00,-0.89635E+00,-0.86472E+00,-0.87354E+00,0.000E+00,120.113E+00,-120.088E+00,60.832E+00,176.422E+00,-59.833E+00,-46.290E+00,-46.779E+00,-44.666E+00,-45.920E+00,201.649E+00,201.296E+00,202.014E+00,94.832E+00,+99999.9E+99,+99999.9E+99,0.00004E+06,-0.00054E+06,0.00000E+00,10.350E+00,0.756E+03,0.00082E+06,43.772E+00,F0F08
2021/11/30,17:34:06,00000:00:31,550,38003F00,700,1F00,1F00,3F00,99.919E+00,0.000E+00,0.000E+00,110.980E+00,0.000E+00,0.000E+00,0.512E+00,0.000E+00,0.000E+00,99.917E+00,0.000E+00,0.000E+00,0.000E+00,0.000E+00,0.000E+00,100.921E+00,0.000E+00,0.000E+00,98.789E+00,0.000E+00,0.000E+00,19.844E+00,+99999.9E+99,+99999.9E+99,1.067E+00,+99999.9E+99,+99999.9E+99,11.8814E+00,0.00000E+00,0.00000E+00,12.1635E+00,0.00000E+00,0.00000E+00,4.6090E+00,0.00000E+00,0.00000E+00,10.9510E+00,0.00000E+00,0.00000E+00,4.7228E+00,0.00000E+00,0.00000E+00,18.1983E+00,0.0000E+00,0.0000E+00,4.2086E+00,0.0000E+00,0.0000E+00,9.136E+00,+99999.9E+99,+99999.9E+99,63.874E+00,+99999.9E+99,+99999.9E+99,1.09208E+03,0.00000E+03,0.00000E+03,0.00000E+03,0.00000E+03,0.00000E+03,1.18717E+03,0.00000E+03,0.00000E+03,0.00000E+03,0.00000E+03,0.00000E+03,0.46554E+03,0.00000E+03,0.00000E+03,0.00000E+03,0.00000E+03,0.00000E+03,0.91990E+00,0.00000E+00,0.00000E+00,0.91787E+00,0.53031E+00,0.03295E+00,0.000E+00,-150.296E+00,-173.612E+00,156.617E+00,87.678E+00,-81.724E+00,23.088E+00,90.000E+00,90.000E+00,12.6052E+00,0.00000E+00,0.00000E+00,122.579E+00,100.000E+00,100.000E+00,-0.24658E+03,0.00000E+03,0.00000E+03,+99999.9E+99,+99999.9E+99,+99999.9E+99,+99999.9E+99,+99999.9E+99,+99999.9E+99,+99999.9E+99,+99999.9E+99,+99999.9E+99,+99999.9E+99,+99999.9E+99,+99999.9E+99,1B00,0,0,0,1B00,77.0163E+00,77.4391E+00,77.3388E+00,77.2647E+00,71.6812E+00,72.4948E+00,72.3024E+00,72.1595E+00,77.0163E+00,77.4391E+00,77.3388E+00,0.0000E+00,0.0000E+00,0.0000E+00,72.2855E+00,72.7623E+00,72.6247E+00,105.557E+00,106.063E+00,105.729E+00,-104.901E+00,-104.041E+00,-105.154E+00,20.285E+00,20.410E+00,20.728E+00,+99999.9E+99,+99999.9E+99,+99999.9E+99,0.397E+00,13.8775E+00,13.5580E+00,13.6733E+00,13.7029E+00,12.9326E+00,12.7515E+00,12.6814E+00,12.7885E+00,13.8767E+00,13.5552E+00,13.6668E+00,-0.1491E+00,-0.2727E+00,0.4228E+00,8.1090E+00,7.4895E+00,7.3458E+00,27.6929E+00,27.1243E+00,28.4424E+00,-26.6562E+00,-27.1100E+00,-26.3748E+00,46.637E+00,49.234E+00,50.862E+00,+99999.9E+99,+99999.9E+99,+99999.9E+99,7.152E+00,0.45113E+03,0.43865E+03,0.44888E+03,1.33866E+03,0.29676E+03,0.25803E+03,0.27815E+03,0.83293E+03,0.62521E+03,0.61093E+03,0.61815E+03,1.85429E+03,0.33050E+03,0.29784E+03,0.30073E+03,0.92775E+03,-0.43286E+03,-0.42524E+03,-0.42498E+03,-1.28308E+03,-0.14549E+03,-0.14876E+03,-0.11434E+03,-0.40858E+03,-0.72157E+00,-0.71800E+00,-0.72618E+00,-0.72193E+00,-0.89790E+00,-0.86634E+00,-0.92491E+00,-0.89780E+00,0.000E+00,119.898E+00,-119.722E+00,56.336E+00,179.803E+00,-67.536E+00,-43.816E+00,-44.111E+00,-43.433E+00,-43.786E+00,201.743E+00,202.245E+00,201.098E+00,90.263E+00,+99999.9E+99,+99999.9E+99,0.00013E+06,-0.00077E+06,0.00000E+00,15.235E+00,0.757E+03,0.00121E+06,43.687E+00,F0F08
2021/11/30,17:34:06,00000:00:31,600,38003F00,500,1F00,1F00,3F00,99.919E+00,0.000E+00,0.000E+00,110.980E+00,0.000E+00,0.000E+00,0.512E+00,0.000E+00,0.000E+00,99.917E+00,0.000E+00,0.000E+00,0.000E+00,0.000E+00,0.000E+00,100.921E+00,0.000E+00,0.000E+00,98.789E+00,0.000E+00,0.000E+00,74.432E+00,+99999.9E+99,+99999.9E+99,1.067E+00,+99999.9E+99,+99999.9E+99,11.8814E+00,0.00000E+00,0.00000E+00,12.1635E+00,0.00000E+00,0.00000E+00,4.6090E+00,0.00000E+00,0.00000E+00,10.9510E+00,0.00000E+00,0.00000E+00,3.9638E+00,0.00000E+00,0.00000E+00,18.1983E+00,0.0000E+00,0.0000E+00,4.2086E+00,0.0000E+00,0.0000E+00,53.554E+00,+99999.9E+99,+99999.9E+99,63.874E+00,+99999.9E+99,+99999.9E+99,1.09208E+03,0.00000E+03,0.00000E+03,0.00000E+03,0.00000E+03,0.00000E+03,1.18717E+03,0.00000E+03,0.00000E+03,0.00000E+03,0.00000E+03,0.00000E+03,0.46554E+03,0.00000E+03,0.00000E+03,0.00000E+03,0.00000E+03,0.00000E+03,0.91990E+00,0.00000E+00,0.00000E+00,0.87320E+00,0.83982E+00,0.99488E+00,0.000E+00,51.286E+00,164.415E+00,150.833E+00,-95.835E+00,158.614E+00,23.088E+00,90.000E+00,90.000E+00,12.6052E+00,0.00000E+00,0.00000E+00,80.148E+00,100.000E+00,100.000E+00,0.21680E+03,0.00000E+03,0.00000E+03,+99999.9E+99,+99999.9E+99,+99999.9E+99,+99999.9E+99,+99999.9E+99,+99999.9E+99,+99999.9E+99,+99999.9E+99,+99999.9E+99,+99999.9E+99,+99999.9E+99,+99999.9E+99,1B00,0,0,0,1B00,76.7072E+00,76.6247E+00,76.3881E+00,76.5733E+00,72.5825E+00,72.6358E+00,72.0540E+00,72.4241E+00,76.7072E+00,76.6247E+00,76.3881E+00,0.0000E+00,0.0000E+00,0.0000E+00,70.2592E+00,70.2822E+00,70.1926E+00,105.931E+00,106.093E+00,105.661E+00,-104.821E+00,-104.653E+00,-104.439E+00,38.190E+00,37.904E+00,38.030E+00,+99999.9E+99,+99999.9E+99,+99999.9E+99,0.073E+00,9.7570E+00,9.3429E+00,9.9341E+00,9.6780E+00,8.4410E+00,8.0824E+00,8.4852E+00,8.3362E+00,9.7561E+00,9.3429E+00,9.9340E+00,-0.1269E+00,0.0000E+00,0.0000E+00,14.7233E+00,14.6095E+00,14.9277E+00,26.3386E+00,24.8533E+00,27.1805E+00,-25.5838E+00,-23.5705E+00,-26.3305E+00,40.779E+00,40.846E+00,39.503E+00,+99999.9E+99,+99999.9E+99,+99999.9E+99,1.367E+00,0.28669E+03,0.28419E+03,0.30440E+03,0.87529E+03,0.51656E+03,0.51803E+03,0.52962E+03,1.56421E+03,0.43409E+03,0.41565E+03,0.44057E+03,1.29031E+03,0.59543E+03,0.58991E+03,0.60354E+03,1.78878E+03,-0.32595E+03,-0.30332E+03,-0.31850E+03,-0.94776E+03,-0.29615E+03,-0.28220E+03,-0.28941E+03,-0.86775E+03,-0.66044E+00,-0.68373E+00,-0.69093E+00,-0.67835E+00,-0.86754E+00,-0.87816E+00,-0.87753E+00,-0.87445E+00,0.000E+00,120.061E+00,-119.955E+00,59.835E+00,178.605E+00,-61.274E+00,-48.667E+00,-46.865E+00,-46.296E+00,-47.285E+00,201.819E+00,201.526E+00,202.449E+00,91.981E+00,+99999.9E+99,+99999.9E+99,0.00007E+06,-0.00052E+06,0.00000E+00,10.168E+00,0.756E+03,0.00081E+06,43.803E+00,F0F08
2021/11/30,17:34:06,00000:00:31,650,38003A00,2A00,3800,3800,3800,99.987E+00,0.000E+00,0.000E+00,111.057E+00,0.000E+00,0.000E+00,0.507E+00,0.000E+00,0.000E+00,99.986E+00,0.000E+00,0.000E+00,0.000E+00,0.000E+00,0.000E+00,100.950E+00,0.000E+00,0.000E+00,98.779E+00,0.000E+00,0.000E+00,74.432E+00,+99999.9E+99,+99999.9E+99,1.086E+00,+99999.9E+99,+99999.9E+99,11.5369E+00,0.00000E+00,0.00000E+00,11.7148E+00,0.00000E+00,0.00000E+00,4.6755E+00,0.00000E+00,0.00000E+00,10.5470E+00,0.00000E+00,0.00000E+00,3.9638E+00,0.00000E+00,0.00000E+00,18.2283E+00,0.0000E+00,0.0000E+00,4.2090E+00,0.0000E+00,0.0000E+00,53.554E+00,+99999.9E+99,+99999.9E+99,66.461E+00,+99999.9E+99,+99999.9E+99,1.05242E+03,0.00000E+03,0.00000E+03,0.00000E+03,0.00000E+03,0.00000E+03,1.15354E+03,0.00000E+03,0.00000E+03,0.00000E+03,0.00000E+03,0.00000E+03,0.47229E+03,0.00000E+03,0.00000E+03,0.00000E+03,0.00000E+03,0.00000E+03,0.91234E+00,0.00000E+00,0.00000E+00,0.87320E+00,0.83982E+00,0.99488E+00,0.000E+00,51.286E+00,164.415E+00,150.833E+00,-95.835E+00,158.614E+00,24.169E+00,90.000E+00,90.000E+00,0.00000E+00,0.00000E+00,0.00000E+00,100.168E+00,100.000E+00,100.000E+00,-0.00177E+03,0.00000E+03,0.00000E+03,+99999.9E+99,+99999.9E+99,+99999.9E+99,+99999.9E+99,+99999.9E+99,+99999.9E+99,+99999.9E+99,+99999.9E+99,+99999.9E+99,+99999.9E+99,+99999.9E+99,+99999.9E+99,1B00,0,0,0,1B00,76.5322E+00,76.9900E+00,77.0201E+00,76.8475E+00,71.8647E+00,72.7586E+00,72.7851E+00,72.4695E+00,76.5322E+00,76.9900E+00,77.0201E+00,0.0000E+00,0.0000E+00,0.0000E+00,73.0288E+00,73.0240E+00,72.9151E+00,105.794E+00,106.033E+00,105.713E+00,-104.460E+00,-103.794E+00,-104.981E+00,15.499E+00,15.310E+00,15.450E+00,+99999.9E+99,+99999.9E+99,+99999.9E+99,0.101E+00,11.7423E+00,11.4939E+00,11.2899E+00,11.5087E+00,10.1222E+00,9.9744E+00,9.6770E+00,9.9245E+00,11.7411E+00,11.4866E+00,11.2753E+00,-0.1638E+00,-0.4096E+00,0.5744E+00,5.2762E+00,5.1869E+00,5.5910E+00,27.6252E+00,27.1576E+00,28.4662E+00,-26.7586E+00,-27.1267E+00,-26.0948E+00,57.983E+00,57.162E+00,53.080E+00,+99999.9E+99,+99999.9E+99,+99999.9E+99,3.484E+00,0.36303E+03,0.34320E+03,0.34797E+03,1.05419E+03,0.18812E+03,0.19403E+03,0.20152E+03,0.58367E+03,0.52435E+03,0.51233E+03,0.50577E+03,1.54246E+03,0.21725E+03,0.21670E+03,0.22819E+03,0.66193E+03,-0.37837E+03,-0.38039E+03,-0.36705E+03,-1.12580E+03,-0.10865E+03,-0.09649E+03,-0.10707E+03,-0.31221E+03,-0.69233E+00,-0.66988E+00,-0.68799E+00,-0.68345E+00,-0.86595E+00,-0.89539E+00,-0.88309E+00,-0.88178E+00,0.000E+00,120.097E+00,-119.958E+00,60.003E+00,176.492E+00,-61.924E+00,-46.185E+00,-47.942E+00,-46.529E+00,-46.886E+00,202.080E+00,201.922E+00,201.355E+00,93.247E+00,+99999.9E+99,+99999.9E+99,0.00007E+06,-0.00064E+06,0.00000E+00,12.410E+00,0.756E+03,0.00098E+06,43.855E+00,F0F08
2021/11/30,17:34:06,00000:00:31,700,38003F00,2D00,3F00,3F00,3F00,99.987E+00,0.000E+00,0.000E+00,111.057E+00,0.000E+00,0.000E+00,0.507E+00,0.000E+00,0.000E+00,99.986E+00,0.000E+00,0.000E+00,0.000E+00,0.000E+00,0.000E+00,100.950E+00,0.000E+00,0.000E+00,98.779E+00,0.000E+00,0.000E+00,33.141E+00,449.107E+00,439.782E+00,1.086E+00,+99999.9E+99,+99999.9E+99,11.5369E+00,0.00000E+00,0.00000E+00,11.7148E+00,0.00000E+00,0.00000E+00,4.6755E+00,0.00000E+00,0.00000E+00,10.5470E+00,0.00000E+00,0.00000E+00,4.3573E+00,0.00000E+00,0.00000E+00,18.2283E+00,0.0000E+00,0.0000E+00,4.2090E+00,0.0000E+00,0.0000E+00,35.470E+00,425.288E+00,+99999.9E+99,66.461E+00,+99999.9E+99,+99999.9E+99,1.05242E+03,0.00000E+03,0.00000E+03,0.00000E+03,0.00000E+03,0.00000E+03,1.15354E+03,0.00000E+03,0.00000E+03,0.00000E+03,0.00000E+03,0.00000E+03,0.47229E+03,0.00000E+03,0.00000E+03,0.00000E+03,0.00000E+03,0.00000E+03,0.91234E+00,0.00000E+00,0.00000E+00,0.93449E+00,0.86900E+00,0.44161E+00,0.000E+00,5.649E+00,161.544E+00,159.145E+00,-24.008E+00,-134.662E+00,24.169E+00,90.000E+00,90.000E+00,0.00000E+00,0.00000E+00,0.00000E+00,121.612E+00,100.000E+00,100.000E+00,-0.22745E+03,0.00000E+03,0.00000E+03,+99999.9E+99,+99999.9E+99,+99999.9E+99,+99999.9E+99,+99999.9E+99,+99999.9E+99,+99999.9E+99,+99999.9E+99,+99999.9E+99,+99999.9E+99,+99999.9E+99,+99999.9E+99,1B00,0,0,0,1B00,77.1885E+00,77.2061E+00,76.9850E+00,77.1265E+00,72.1606E+00,72.3836E+00,71.8287E+00,72.1243E+00,77.1885E+00,77.2061E+00,76.9850E+00,0.0000E+00,0.0000E+00,0.0000E+00,70.9993E+00,71.6919E+00,71.4921E+00,105.557E+00,105.794E+00,105.536E+00,-104.427E+00,-104.789E+00,-104.757E+00,30.367E+00,30.551E+00,30.437E+00,+99999.9E+99,+99999.9E+99,+99999.9E+99,0.570E+00,13.5720E+00,13.1149E+00,13.5169E+00,13.4012E+00,12.4250E+00,11.9793E+00,12.3655E+00,12.2566E+00,13.5709E+00,13.1149E+00,13.5154E+00,-0.1739E+00,0.0000E+00,0.1991E+00,12.4927E+00,11.3355E+00,11.4855E+00,27.6967E+00,27.2829E+00,28.7114E+00,-26.6910E+00,-27.0276E+00,-26.6048E+00,40.809E+00,44.247E+00,44.154E+00,+99999.9E+99,+99999.9E+99,+99999.9E+99,6.087E+00,0.42428E+03,0.41572E+03,0.43987E+03,1.27987E+03,0.44847E+03,0.39743E+03,0.42543E+03,1.27134E+03,0.61129E+03,0.59036E+03,0.60734E+03,1.80900E+03,0.50292E+03,0.46116E+03,0.46516E+03,1.42769E+03,-0.44008E+03,-0.41917E+03,-0.41878E+03,-1.27803E+03,-0.22760E+03,-0.23393E+03,-0.18810E+03,-0.64963E+03,-0.69407E+00,-0.70418E+00,-0.72426E+00,-0.70750E+00,-0.89174E+00,-0.86180E+00,-0.91459E+00,-0.89048E+00,0.000E+00,119.870E+00,-119.589E+00,57.226E+00,-179.744E+00,-65.961E+00,-46.047E+00,-45.237E+00,-43.593E+00,-44.968E+00,201.062E+00,201.619E+00,201.740E+00,89.674E+00,+99999.9E+99,+99999.9E+99,0.00013E+06,-0.00073E+06,0.00000E+00,14.479E+00,0.757E+03,0.00115E+06,43.529E+00,F0F08
2021/11/30,17:34:06,00000:00:31,750,38003F00,2800,3B00,3B00,3F00,99.837E+00,0.000E+00,0.000E+00,110.889E+00,0.000E+00,0.000E+00,0.522E+00,0.000E+00,0.000E+00,99.836E+00,0.000E+00,0.000E+00,0.000E+00,0.000E+00,0.000E+00,100.893E+00,0.000E+00,0.000E+00,98.786E+00,0.000E+00,0.000E+00,33.141E+00,449.107E+00,439.782E+00,1.055E+00,+99999.9E+99,+99999.9E+99,12.7125E+00,0.00000E+00,0.00000E+00,13.2611E+00,0.00000E+00,0.00000E+00,4.3660E+00,0.00000E+00,0.00000E+00,11.9392E+00,0.00000E+00,0.00000E+00,4.3573E+00,0.00000E+00,0.00000E+00,18.2879E+00,0.0000E+00,0.0000E+00,4.3919E+00,0.0000E+00,0.0000E+00,35.470E+00,425.288E+00,+99999.9E+99,58.195E+00,+99999.9E+99,+99999.9E+99,1.18995E+03,0.00000E+03,0.00000E+03,0.00000E+03,0.00000E+03,0.00000E+03,1.26917E+03,0.00000E+03,0.00000E+03,0.00000E+03,0.00000E+03,0.00000E+03,0.44139E+03,0.00000E+03,0.00000E+03,0.00000E+03,0.00000E+03,0.00000E+03,0.93758E+00,0.00000E+00,0.00000E+00,0.93449E+00,0.86900E+00,0.44161E+00,0.000E+00,5.649E+00,161.544E+00,159.145E+00,-24.008E+00,-134.662E+00,20.352E+00,90.000E+00,90.000E+00,15.0477E+00,0.00000E+00,0.00000E+00,66.211E+00,100.000E+00,100.000E+00,0.40207E+03,0.00000E+03,0.00000E+03,+99999.9E+99,+99999.9E+99,+99999.9E+99,+99999.9E+99,+99999.9E+99,+99999.9E+99,+99999.9E+99,+99999.9E+99,+99999.9E+99,+99999.9E+99,+99999.9E+99,+99999.9E+99,1B00,0,0,0,1B00,76.2469E+00,76.6466E+00,76.4889E+00,76.4608E+00,72.1569E+00,72.8965E+00,72.6174E+00,72.5569E+00,76.2469E+00,76.6466E+00,76.4889E+00,0.0000E+00,0.0000E+00,0.0000E+00,71.2787E+00,71.1803E+00,71.0041E+00,105.736E+00,106.059E+00,105.657E+00,-104.244E+00,-105.060E+00,-104.606E+00,31.713E+00,31.006E+00,31.580E+00,+99999.9E+99,+99999.9E+99,+99999.9E+99,0.236E+00,8.3171E+00,8.2674E+00,8.2204E+00,8.2683E+00,7.4191E+00,7.3862E+00,7.3243E+00,7.3765E+00,8.3163E+00,8.2665E+00,8.2172E+00,-0.1111E+00,-0.1178E+00,0.2300E+00,11.6689E+00,11.6686E+00,12.2957E+00,22.3495E+00,20.8319E+00,20.3786E+00,-18.7233E+00,-19.1833E+00,-20.0690E+00,45.298E+00,44.258E+00,42.115E+00,+99999.9E+99,+99999.9E+99,+99999.9E+99,3.529E+00,0.26403E+03,0.25906E+03,0.26477E+03,0.78787E+03,0.39950E+03,0.42137E+03,0.42813E+03,1.24900E+03,0.36774E+03,0.36608E+03,0.36500E+03,1.09882E+03,0.46666E+03,0.47497E+03,0.49383E+03,1.43497E+03,-0.25596E+03,-0.25865E+03,-0.25124E+03,-0.76585E+03,-0.24118E+03,-0.21920E+03,-0.24612E+03,-0.70649E+03,-0.71800E+00,-0.70767E+00,-0.72541E+00,-0.71702E+00,-0.85610E+00,-0.88714E+00,-0.86696E+00,-0.87040E+00,0.000E+00,120.212E+00,-119.971E+00,61.067E+00,177.616E+00,-59.945E+00,-44.110E+00,-44.955E+00,-43.497E+00,-44.191E+00,202.225E+00,201.573E+00,201.850E+00,94.871E+00,+99999.9E+99,+99999.9E+99,0.00004E+06,-0.00049E+06,0.00000E+00,9.447E+00,0.756E+03,0.00075E+06,43.954E+00,F0F08
2021/11/30,17:34:07,00000:00:31,800,38003F00,0,1B00,1B00,3F00,99.918E+00,0.000E+00,0.000E+00,110.979E+00,0.000E+00,0.000E+00,0.526E+00,0.000E+00,0.000E+00,99.917E+00,0.000E+00,0.000E+00,0.000E+00,0.000E+00,0.000E+00,100.996E+00,0.000E+00,0.000E+00,98.789E+00,0.000E+00,0.000E+00,20.132E+00,+99999.9E+99,+99999.9E+99,1.104E+00,+99999.9E+99,+99999.9E+99,11.9319E+00,0.00000E+00,0.00000E+00,12.1955E+00,0.00000E+00,0.00000E+00,4.6705E+00,0.00000E+00,0.00000E+00,10.9798E+00,0.00000E+00,0.00000E+00,4.5680E+00,0.00000E+00,0.00000E+00,18.3600E+00,0.0000E+00,0.0000E+00,3.9102E+00,0.0000E+00,0.0000E+00,6.601E+00,+99999.9E+99,+99999.9E+99,65.802E+00,+99999.9E+99,+99999.9E+99,1.09487E+03,0.00000E+03,0.00000E+03,0.00000E+03,0.00000E+03,0.00000E+03,1.19221E+03,0.00000E+03,0.00000E+03,0.00000E+03,0.00000E+03,0.00000E+03,0.47184E+03,0.00000E+03,0.00000E+03,0.00000E+03,0.00000E+03,0.00000E+03,0.91835E+00,0.00000E+00,0.00000E+00,0.89646E+00,0.99977E+00,0.95125E+00,0.000E+00,-89.600E+00,134.010E+00,153.696E+00,91.618E+00,116.047E+00,23.314E+00,90.000E+00,90.000E+00,12.8845E+00,0.00000E+00,0.00000E+00,113.784E+00,100.000E+00,100.000E+00,-0.15091E+03,0.00000E+03,0.00000E+03,+99999.9E+99,+99999.9E+99,+99999.9E+99,+99999.9E+99,+99999.9E+99,+99999.9E+99,+99999.9E+99,+99999.9E+99,+99999.9E+99,+99999.9E+99,+99999.9E+99,+99999.9E+99,1B00,0,0,0,1B00,77.0654E+00,77.1905E+00,77.1086E+00,77.1215E+00,72.0878E+00,72.4910E+00,72.2241E+00,72.2676E+00,77.0654E+00,77.1905E+00,77.1086E+00,0.0000E+00,0.0000E+00,0.0000E+00,72.9806E+00,73.2170E+00,73.0953E+00,105.819E+00,106.286E+00,105.881E+00,-104.109E+00,-104.774E+00,-104.406E+00,14.277E+00,14.516E+00,14.560E+00,+99999.9E+99,+99999.9E+99,+99999.9E+99,0.190E+00,13.3757E+00,12.9447E+00,13.1273E+00,13.1492E+00,12.1174E+00,11.6628E+00,11.7189E+00,11.8331E+00,13.3746E+00,12.9400E+00,13.1171E+00,-0.1686E+00,-0.3457E+00,0.5156E+00,5.3079E+00,4.8391E+00,4.9846E+00,27.7124E+00,27.1410E+00,28.6776E+00,-26.3371E+00,-27.3167E+00,-26.6771E+00,53.850E+00,57.803E+00,55.950E+00,+99999.9E+99,+99999.9E+99,+99999.9E+99,4.303E+00,0.42344E+03,0.40255E+03,0.41979E+03,1.24578E+03,0.19276E+03,0.17774E+03,0.18921E+03,0.55971E+03,0.60195E+03,0.58152E+03,0.58982E+03,1.77329E+03,0.21689E+03,0.20210E+03,0.20731E+03,0.62599E+03,-0.42783E+03,-0.41966E+03,-0.41433E+03,-1.26182E+03,-0.09943E+03,-0.09618E+03,-0.08473E+03,-0.28034E+03,-0.70345E+00,-0.69225E+00,-0.71172E+00,-0.70252E+00,-0.88873E+00,-0.87950E+00,-0.91267E+00,-0.89412E+00,0.000E+00,120.004E+00,-119.838E+00,57.391E+00,178.367E+00,-65.765E+00,-45.296E+00,-46.192E+00,-44.625E+00,-45.370E+00,201.158E+00,201.921E+00,201.597E+00,91.004E+00,+99999.9E+99,+99999.9E+99,0.00011E+06,-0.00073E+06,0.00000E+00,14.307E+00,0.757E+03,0.00113E+06,43.573E+00,F0F0F
2021/11/30,17:34:07,00000:00:31,850,38003F00,700,1C00,1C00,3800,99.918E+00,0.000E+00,0.000E+00,110.979E+00,0.000E+00,0.000E+00,0.526E+00,0.000E+00,0.000E+00,99.917E+00,0.000E+00,0.000E+00,0.000E+00,0.000E+00,0.000E+00,100.996E+00,0.000E+00,0.000E+00,98.789E+00,0.000E+00,0.000E+00,22.268E+00,+99999.9E+99,+99999.9E+99,1.104E+00,+99999.9E+99,+99999.9E+99,11.9319E+00,0.00000E+00,0.00000E+00,12.1955E+00,0.00000E+00,0.00000E+00,4.6705E+00,0.00000E+00,0.00000E+00,10.9798E+00,0.00000E+00,0.00000E+00,4.6441E+00,0.00000E+00,0.00000E+00,18.3600E+00,0.0000E+00,0.0000E+00,3.9102E+00,0.0000E+00,0.0000E+00,10.444E+00,+99999.9E+99,+99999.9E+99,65.802E+00,+99999.9E+99,+99999.9E+99,1.09487E+03,0.00000E+03,0.00000E+03,0.00000E+03,0.00000E+03,0.00000E+03,1.19221E+03,0.00000E+03,0.00000E+03,0.00000E+03,0.00000E+03,0.00000E+03,0.47184E+03,0.00000E+03,0.00000E+03,0.00000E+03,0.00000E+03,0.00000E+03,0.91835E+00,0.00000E+00,0.00000E+00,0.90417E+00,0.37776E+00,0.74882E+00,0.000E+00,-61.931E+00,139.458E+00,154.712E+00,-174.126E+00,-179.031E+00,23.314E+00,90.000E+00,90.000E+00,12.8845E+00,0.00000E+00,0.00000E+00,100.603E+00,100.000E+00,100.000E+00,-0.00660E+03,0.00000E+03,0.00000E+03,+99999.9E+99,+99999.9E+99,+99999.9E+99,+99999.9E+99,+99999.9E+99,+99999.9E+99,+99999.9E+99,+99999.9E+99,+99999.9E+99,+99999.9E+99,+99999.9E+99,+99999.9E+99,1B00,0,0,0,1B00,76.7335E+00,77.0747E+00,76.8132E+00,76.8738E+00,72.0164E+00,72.6476E+00,72.1747E+00,72.2795E+00,76.7335E+00,77.0747E+00,76.8132E+00,0.0000E+00,0.0000E+00,0.0000E+00,70.1246E+00,70.4662E+00,70.4071E+00,105.269E+00,105.866E+00,105.521E+00,-104.297E+00,-104.623E+00,-104.430E+00,37.677E+00,37.727E+00,37.556E+00,+99999.9E+99,+99999.9E+99,+99999.9E+99,0.305E+00,12.0231E+00,11.8529E+00,12.1271E+00,12.0010E+00,10.5350E+00,10.4601E+00,10.6422E+00,10.5458E+00,12.0226E+00,11.8529E+00,12.1271E+00,-0.1114E+00,0.0000E+00,0.0000E+00,15.1122E+00,14.5647E+00,14.5792E+00,27.7457E+00,27.0838E+00,28.5319E+00,-26.4376E+00,-27.2414E+00,-26.5943E+00,39.244E+00,40.543E+00,40.399E+00,+99999.9E+99,+99999.9E+99,+99999.9E+99,2.613E+00,0.36188E+03,0.36346E+03,0.37613E+03,1.10147E+03,0.53872E+03,0.51074E+03,0.52898E+03,1.57845E+03,0.53704E+03,0.53087E+03,0.54393E+03,1.61184E+03,0.61085E+03,0.58682E+03,0.59212E+03,1.78944E+03,-0.39681E+03,-0.38694E+03,-0.39292E+03,-1.17666E+03,-0.28796E+03,-0.28895E+03,-0.26606E+03,-0.84297E+03,-0.67384E+00,-0.68465E+00,-0.69151E+00,-0.68336E+00,-0.88191E+00,-0.87036E+00,-0.89337E+00,-0.88209E+00,0.000E+00,119.894E+00,-119.809E+00,58.289E+00,179.364E+00,-63.242E+00,-47.636E+00,-46.792E+00,-46.250E+00,-46.893E+00,202.072E+00,201.442E+00,201.712E+00,90.205E+00,+99999.9E+99,+99999.9E+99,0.00011E+06,-0.00063E+06,0.00000E+00,12.540E+00,0.757E+03,0.00099E+06,43.836E+00,F0F08
2021/11/30,17:34:07,00000:00:31,900,38003F00,500,1F00,1F00,3F00,99.918E+00,0.000E+00,0.000E+00,110.979E+00,0.000E+00,0.000E+00,0.526E+00,0.000E+00,0.000E+00,99.917E+00,0.000E+00,0.000E+00,0.000E+00,0.000E+00,0.000E+00,100.996E+00,0.000E+00,0.000E+00,98.789E+00,0.000E+00,0.000E+00,22.268E+00,+99999.9E+99,+99999.9E+99,1.104E+00,+99999.9E+99,+99999.9E+99,11.9319E+00,0.00000E+00,0.00000E+00,12.1955E+00,0.00000E+00,0.00000E+00,4.6705E+00,0.00000E+00,0.00000E+00,10.9798E+00,0.00000E+00,0.00000E+00,4.6441E+00,0.00000E+00,0.00000E+00,18.3600E+00,0.0000E+00,0.0000E+00,3.9102E+00,0.0000E+00,0.0000E+00,10.444E+00,+99999.9E+99,+99999.9E+99,65.802E+00,+99999.9E+99,+99999.9E+99,1.09487E+03,0.00000E+03,0.00000E+03,0.00000E+03,0.00000E+03,0.00000E+03,1.19221E+03,0.00000E+03,0.00000E+03,0.00000E+03,0.00000E+03,0.00000E+03,0.47184E+03,0.00000E+03,0.00000E+03,0.00000E+03,0.00000E+03,0.00000E+03,0.91835E+00,0.00000E+00,0.00000E+00,0.90417E+00,0.37776E+00,0.74882E+00,0.000E+00,-61.931E+00,139.458E+00,154.712E+00,-174.126E+00,-179.031E+00,23.314E+00,90.000E+00,90.000E+00,12.8845E+00,0.00000E+00,0.00000E+00,76.209E+00,100.000E+00,100.000E+00,0.26048E+03,0.00000E+03,0.00000E+03,+99999.9E+99,+99999.9E+99,+99999.9E+99,+99999.9E+99,+99999.9E+99,+99999.9E+99,+99999.9E+99,+99999.9E+99,+99999.9E+99,+99999.9E+99,+99999.9E+99,+99999.9E+99,1B00,0,0,0,1B00,76.5434E+00,76.6198E+00,76.5500E+00,76.5711E+00,72.3536E+00,72.7089E+00,72.4300E+00,72.4975E+00,76.5434E+00,76.6198E+00,76.5500E+00,0.0000E+00,0.0000E+00,0.0000E+00,72.4402E+00,72.2169E+00,72.2076E+00,105.973E+00,106.139E+00,105.746E+00,-104.433E+00,-104.593E+00,-105.319E+00,22.634E+00,21.724E+00,22.236E+00,+99999.9E+99,+99999.9E+99,+99999.9E+99,0.205E+00,9.4377E+00,8.9273E+00,9.0606E+00,9.1419E+00,8.1416E+00,7.7130E+00,7.7415E+00,7.8654E+00,9.4365E+00,8.9235E+00,9.0511E+00,-0.1512E+00,-0.2620E+00,0.4142E+00,7.7691E+00,8.1995E+00,8.3869E+00,26.1352E+00,24.1757E+00,25.1457E+00,-26.6271E+00,-25.5229E+00,-22.5009E+00,52.199E+00,48.110E+00,46.985E+00,+99999.9E+99,+99999.9E+99,+99999.9E+99,4.501E+00,0.28606E+03,0.26673E+03,0.28159E+03,0.83438E+03,0.27605E+03,0.29717E+03,0.29916E+03,0.87239E+03,0.41953E+03,0.39586E+03,0.40168E+03,1.21707E+03,0.31895E+03,0.32988E+03,0.34351E+03,0.99179E+03,-0.30688E+03,-0.29251E+03,-0.28644E+03,-0.88583E+03,-0.15977E+03,-0.14320E+03,-0.16882E+03,-0.47180E+03,-0.68187E+00,-0.67380E+00,-0.70104E+00,-0.68557E+00,-0.86549E+00,-0.90086E+00,-0.87090E+00,-0.87961E+00,0.000E+00,120.105E+00,-120.099E+00,59.960E+00,175.831E+00,-60.559E+00,-47.010E+00,-47.639E+00,-45.490E+00,-46.720E+00,201.624E+00,201.919E+00,202.018E+00,95.243E+00,+99999.9E+99,+99999.9E+99,0.00004E+06,-0.00053E+06,0.00000E+00,10.038E+00,0.756E+03,0.00079E+06,43.756E+00,F0F08
2021/11/30,17:34:07,00000:00:31,950,38003F00,700,1F00,1F00,3F00,99.918E+00,0.000E+00,0.000E+00,110.979E+00,0.000E+00,0.000E+00,0.526E+00,0.000E+00,0.000E+00,99.917E+00,0.000E+00,0.000E+00,0.000E+00,0.000E+00,0.000E+00,100.996E+00,0.000E+00,0.000E+00,98.789E+00,0.000E+00,0.000E+00,22.268E+00,+99999.9E+99,+99999.9E+99,1.104E+00,+99999.9E+99,+99999.9E+99,11.9319E+00,0.00000E+00,0.00000E+00,12.1955E+00,0.00000E+00,0.00000E+00,4.6705E+00,0.00000E+00,0.00000E+00,10.9798E+00,0.00000E+00,0.00000E+00,4.6441E+00,0.00000E+00,0.00000E+00,18.3600E+00,0.0000E+00,0.0000E+00,3.9102E+00,0.0000E+00,0.0000E+00,10.444E+00,+99999.9E+99,+99999.9E+99,65.802E+00,+99999.9E+99,+99999.9E+99,1.09487E+03,0.00000E+03,0.00000E+03,0.00000E+03,0.00000E+03,0.00000E+03,1.19221E+03,0.00000E+03,0.00000E+03,0.00000E+03,0.00000E+03,0.00000E+03,0.47184E+03,0.00000E+03,0.00000E+03,0.00000E+03,0.00000E+03,0.00000E+03,0.91835E+00,0.00000E+00,0.00000E+00,0.90417E+00,0.37776E+00,0.74882E+00,0.000E+00,-61.931E+00,139.458E+00,154.712E+00,-174.126E+00,-179.031E+00,23.314E+00,90.000E+00,90.000E+00,12.8845E+00,0.00000E+00,0.00000E+00,111.053E+00,100.000E+00,100.000E+00,-0.12102E+03,0.00000E+03,0.00000E+03,+99999.9E+99,+99999.9E+99,+99999.9E+99,+99999.9E+99,+99999.9E+99,+99999.9E+99,+99999.9E+99,+99999.9E+99,+99999.9E+99,+99999.9E+99,+99999.9E+99,+99999.9E+99,1B00,0,0,0,1B00,76.9680E+00,77.1771E+00,77.0853E+00,77.0768E+00,71.9839E+00,72.5001E+00,72.2572E+00,72.2471E+00,76.9680E+00,77.1771E+00,77.0853E+00,0.0000E+00,0.0000E+00,0.0000E+00,72.2792E+00,72.7559E+00,72.6155E+00,105.781E+00,106.130E+00,105.681E+00,-104.810E+00,-104.567E+00,-104.346E+00,19.495E+00,19.232E+00,19.612E+00,+99999.9E+99,+99999.9E+99,+99999.9E+99,0.397E+00,12.9355E+00,12.5867E+00,12.7364E+00,12.7529E+00,11.7636E+00,11.4747E+00,11.5014E+00,11.5799E+00,12.9347E+00,12.5841E+00,12.7301E+00,-0.1430E+00,-0.2565E+00,0.4006E+00,7.6265E+00,7.0360E+00,6.8681E+00,27.7409E+00,27.1362E+00,28.5529E+00,-26.4595E+00,-27.1448E+00,-26.5152E+00,48.981E+00,51.451E+00,52.946E+00,+99999.9E+99,+99999.9E+99,+99999.9E+99,7.699E+00,0.41033E+03,0.39581E+03,0.40974E+03,1.21588E+03,0.27394E+03,0.23502E+03,0.25531E+03,0.76427E+03,0.58120E+03,0.56500E+03,0.57223E+03,1.71842E+03,0.30992E+03,0.27765E+03,0.27939E+03,0.86553E+03,-0.41160E+03,-0.40318E+03,-0.39944E+03,-1.21423E+03,-0.14494E+03,-0.14783E+03,-0.11346E+03,-0.40623E+03,-0.70601E+00,-0.70055E+00,-0.71605E+00,-0.70756E+00,-0.88390E+00,-0.84647E+00,-0.91383E+00,-0.88301E+00,0.000E+00,119.902E+00,-119.719E+00,58.104E+00,-177.989E+00,-65.917E+00,-45.089E+00,-45.528E+00,-44.271E+00,-44.963E+00,201.661E+00,201.316E+00,200.982E+00,90.749E+00,+99999.9E+99,+99999.9E+99,0.00011E+06,-0.00071E+06,0.00000E+00,13.924E+00,0.757E+03,0.00110E+06,43.713E+00,F0F08
2021/11/30,17:34:07,00000:00:32,0,38003F00,500,1F00,1F00,3F00,99.918E+00,0.000E+00,0.000E+00,110.979E+00,0.000E+00,0.000E+00,0.526E+00,0.000E+00,0.000E+00,99.917E+00,0.000E+00,0.000E+00,0.000E+00,0.000E+00,0.000E+00,100.996E+00,0.000E+00,0.000E+00,98.789E+00,0.000E+00,0.000E+00,63.870E+00,326.157E+00,+99999.9E+99,1.104E+00,+99999.9E+99,+99999.9E+99,11.9319E+00,0.00000E+00,0.00000E+00,12.1955E+00,0.00000E+00,0.00000E+00,4.6705E+00,0.00000E+00,0.00000E+00,10.9798E+00,0.00000E+00,0.00000E+00,4.1469E+00,0.00000E+00,0.00000E+00,18.3600E+00,0.0000E+00,0.0000E+00,3.9102E+00,0.0000E+00,0.0000E+00,45.861E+00,+99999.9E+99,+99999.9E+99,65.802E+00,+99999.9E+99,+99999.9E+99,1.09487E+03,0.00000E+03,0.00000E+03,0.00000E+03,0.00000E+03,0.00000E+03,1.19221E+03,0.00000E+03,0.00000E+03,0.00000E+03,0.00000E+03,0.00000E+03,0.47184E+03,0.00000E+03,0.00000E+03,0.00000E+03,0.00000E+03,0.00000E+03,0.91835E+00,0.00000E+00,0.00000E+00,0.90072E+00,0.51043E+00,0.41533E+00,0.000E+00,160.440E+00,167.049E+00,154.253E+00,101.133E+00,101.590E+00,23.314E+00,90.000E+00,90.000E+00,12.8845E+00,0.00000E+00,0.00000E+00,100.325E+00,100.000E+00,100.000E+00,-0.00356E+03,0.00000E+03,0.00000E+03,+99999.9E+99,+99999.9E+99,+99999.9E+99,+99999.9E+99,+99999.9E+99,+99999.9E+99,+99999.9E+99,+99999.9E+99,+99999.9E+99,+99999.9E+99,+99999.9E+99,+99999.9E+99,1B00,0,0,0,1B00,76.7310E+00,77.0731E+00,76.8046E+00,76.8696E+00,72.0217E+00,72.6662E+00,72.1524E+00,72.2801E+00,76.7310E+00,77.0731E+00,76.8046E+00,0.0000E+00,0.0000E+00,0.0000E+00,70.2382E+00,70.2658E+00,70.1561E+00,105.434E+00,106.020E+00,105.466E+00,-104.544E+00,-104.650E+00,-104.389E+00,38.314E+00,37.963E+00,38.142E+00,+99999.9E+99,+99999.9E+99,+99999.9E+99,0.090E+00,11.9879E+00,11.8249E+00,12.1184E+00,11.9771E+00,10.5039E+00,10.4255E+00,10.6345E+00,10.5213E+00,11.9873E+00,11.8249E+00,12.1184E+00,-0.1207E+00,0.0000E+00,0.0000E+00,14.7793E+00,14.6633E+00,15.0114E+00,27.6362E+00,27.2824E+00,28.5038E+00,-26.2214E+00,-27.0219E+00,-26.7486E+00,40.728E+00,40.748E+00,39.332E+00,+99999.9E+99,+99999.9E+99,+99999.9E+99,1.476E+00,0.36002E+03,0.36277E+03,0.37563E+03,1.09842E+03,0.51851E+03,0.52064E+03,0.53293E+03,1.57207E+03,0.53541E+03,0.52946E+03,0.54340E+03,1.60827E+03,0.59744E+03,0.59198E+03,0.60661E+03,1.79593E+03,-0.39630E+03,-0.38564E+03,-0.39267E+03,-1.17461E+03,-0.29680E+03,-0.28173E+03,-0.28977E+03,-0.86829E+03,-0.67242E+00,-0.68518E+00,-0.69125E+00,-0.68298E+00,-0.86787E+00,-0.87949E+00,-0.87853E+00,-0.87536E+00,0.000E+00,120.078E+00,-119.944E+00,59.799E+00,178.451E+00,-61.375E+00,-47.746E+00,-46.750E+00,-46.271E+00,-46.923E+00,201.823E+00,202.212E+00,202.455E+00,90.318E+00,+99999.9E+99,+99999.9E+99,0.00011E+06,-0.00063E+06,0.00000E+00,12.521E+00,0.757E+03,0.00099E+06,43.768E+00,F0F08
2021/11/30,17:34:07,00000:00:32,50,38003A00,2A00,3800,3800,3800,99.874E+00,0.000E+00,0.000E+00,110.930E+00,0.000E+00,0.000E+00,0.510E+00,0.000E+00,0.000E+00,99.872E+00,0.000E+00,0.000E+00,0.000E+00,0.000E+00,0.000E+00,100.964E+00,0.000E+00,0.000E+00,98.804E+00,0.000E+00,0.000E+00,63.870E+00,326.157E+00,+99999.9E+99,1.082E+00,+99999.9E+99,+99999.9E+99,12.0003E+00,0.00000E+00,0.00000E+00,12.2742E+00,0.00000E+00,0.00000E+00,4.6788E+00,0.00000E+00,0.00000E+00,11.0506E+00,0.00000E+00,0.00000E+00,4.1469E+00,0.00000E+00,0.00000E+00,18.3167E+00,0.0000E+00,0.0000E+00,4.0424E+00,0.0000E+00,0.0000E+00,45.861E+00,+99999.9E+99,+99999.9E+99,64.586E+00,+99999.9E+99,+99999.9E+99,1.10150E+03,0.00000E+03,0.00000E+03,0.00000E+03,0.00000E+03,0.00000E+03,1.19851E+03,0.00000E+03,0.00000E+03,0.00000E+03,0.00000E+03,0.00000E+03,0.47237E+03,0.00000E+03,0.00000E+03,0.00000E+03,0.00000E+03,0.00000E+03,0.91906E+00,0.00000E+00,0.00000E+00,0.90072E+00,0.51043E+00,0.41533E+00,0.000E+00,160.440E+00,167.049E+00,154.253E+00,101.133E+00,101.590E+00,23.212E+00,90.000E+00,90.000E+00,0.00000E+00,0.00000E+00,0.00000E+00,78.327E+00,100.000E+00,100.000E+00,0.23873E+03,0.00000E+03,0.00000E+03,+99999.9E+99,+99999.9E+99,+99999.9E+99,+99999.9E+99,+99999.9E+99,+99999.9E+99,+99999.9E+99,+99999.9E+99,+99999.9E+99,+99999.9E+99,+99999.9E+99,+99999.9E+99,1B00,0,0,0,1B00,76.5336E+00,76.6004E+00,76.5491E+00,76.5610E+00,72.4267E+00,72.7642E+00,72.5075E+00,72.5661E+00,76.5336E+00,76.6004E+00,76.5491E+00,0.0000E+00,0.0000E+00,0.0000E+00,72.8441E+00,72.6775E+00,72.5908E+00,105.814E+00,106.077E+00,105.777E+00,-104.311E+00,-104.829E+00,-105.111E+00,18.551E+00,18.138E+00,18.186E+00,+99999.9E+99,+99999.9E+99,+99999.9E+99,0.204E+00,9.6053E+00,9.0905E+00,9.2234E+00,9.3064E+00,8.3138E+00,7.8891E+00,7.9264E+00,8.0431E+00,9.6043E+00,9.0873E+00,9.2153E+00,-0.1432E+00,-0.2423E+00,0.3865E+00,6.1717E+00,6.4857E+00,6.9007E+00,26.1976E+00,24.2100E+00,25.0986E+00,-26.6790E+00,-25.3929E+00,-22.4452E+00,56.720E+00,52.324E+00,49.557E+00,+99999.9E+99,+99999.9E+99,+99999.9E+99,5.080E+00,0.29539E+03,0.27645E+03,0.29094E+03,0.86277E+03,0.22128E+03,0.23887E+03,0.24355E+03,0.70370E+03,0.42718E+03,0.40310E+03,0.40902E+03,1.23930E+03,0.25667E+03,0.26433E+03,0.27881E+03,0.79924E+03,-0.30859E+03,-0.29337E+03,-0.28749E+03,-0.88945E+03,-0.13005E+03,-0.11318E+03,-0.13571E+03,-0.37895E+03,-0.69149E+00,-0.68580E+00,-0.71131E+00,-0.69618E+00,-0.86212E+00,-0.90369E+00,-0.87354E+00,-0.88045E+00,0.000E+00,120.149E+00,-120.042E+00,60.366E+00,175.466E+00,-60.800E+00,-46.252E+00,-46.701E+00,-44.658E+00,-45.879E+00,201.914E+00,201.317E+00,201.317E+00,94.486E+00,+99999.9E+99,+99999.9E+99,0.00005E+06,-0.00054E+06,0.00000E+00,10.295E+00,0.756E+03,0.00082E+06,43.824E+00,F0F08
2021/11/30,17:34:07,00000:00:32,100,38003F00,2D00,3F00,3F00,3F00,99.874E+00,0.000E+00,0.000E+00,110.930E+00,0.000E+00,0.000E+00,0.510E+00,0.000E+00,0.000E+00,99.872E+00,0.000E+00,0.000E+00,0.000E+00,0.000E+00,0.000E+00,100.964E+00,0.000E+00,0.000E+00,98.804E+00,0.000E+00,0.000E+00,38.225E+00,+99999.9E+99,+99999.9E+99,1.082E+00,+99999.9E+99,+99999.9E+99,12.0003E+00,0.00000E+00,0.00000E+00,12.2742E+00,0.00000E+00,0.00000E+00,4.6788E+00,0.00000E+00,0.00000E+00,11.0506E+00,0.00000E+00,0.00000E+00,4.0321E+00,0.00000E+00,0.00000E+00,18.3167E+00,0.0000E+00,0.0000E+00,4.0424E+00,0.0000E+00,0.0000E+00,48.608E+00,+99999.9E+99,+99999.9E+99,64.586E+00,+99999.9E+99,+99999.9E+99,1.10150E+03,0.00000E+03,0.00000E+03,0.00000E+03,0.00000E+03,0.00000E+03,1.19851E+03,0.00000E+03,0.00000E+03,0.00000E+03,0.00000E+03,0.00000E+03,0.47237E+03,0.00000E+03,0.00000E+03,0.00000E+03,0.00000E+03,0.00000E+03,0.91906E+00,0.00000E+00,0.00000E+00,0.92532E+00,0.95945E+00,0.66952E+00,0.000E+00,-37.805E+00,128.616E+00,157.716E+00,125.822E+00,80.646E+00,23.212E+00,90.000E+00,90.000E+00,0.00000E+00,0.00000E+00,0.00000E+00,123.391E+00,100.000E+00,100.000E+00,-0.25766E+03,0.00000E+03,0.00000E+03,+99999.9E+99,+99999.9E+99,+99999.9E+99,+99999.9E+99,+99999.9E+99,+99999.9E+99,+99999.9E+99,+99999.9E+99,+99999.9E+99,+99999.9E+99,+99999.9E+99,+99999.9E+99,1B00,0,0,0,1B00,77.0025E+00,77.4446E+00,77.3388E+00,77.2620E+00,71.7138E+00,72.5584E+00,72.3481E+00,72.2068E+00,77.0025E+00,77.4446E+00,77.3388E+00,0.0000E+00,0.0000E+00,0.0000E+00,71.7168E+00,72.2908E+00,72.0826E+00,105.589E+00,106.147E+00,105.521E+00,-104.877E+00,-104.711E+00,-104.544E+00,25.165E+00,25.518E+00,25.520E+00,+99999.9E+99,+99999.9E+99,+99999.9E+99,0.459E+00,13.9838E+00,13.6639E+00,13.7883E+00,13.8120E+00,13.0617E+00,12.8788E+00,12.8251E+00,12.9219E+00,13.9827E+00,13.6617E+00,13.7819E+00,-0.1760E+00,-0.2449E+00,0.4220E+00,10.1778E+00,9.3065E+00,9.4510E+00,27.5767E+00,27.1252E+00,28.4929E+00,-26.7086E+00,-27.0795E+00,-26.4119E+00,43.828E+00,46.772E+00,47.153E+00,+99999.9E+99,+99999.9E+99,+99999.9E+99,6.766E+00,0.45761E+03,0.44557E+03,0.45597E+03,1.35916E+03,0.37160E+03,0.32552E+03,0.35049E+03,1.04761E+03,0.63015E+03,0.61578E+03,0.62369E+03,1.86961E+03,0.41492E+03,0.37616E+03,0.38019E+03,1.16975E+03,-0.43322E+03,-0.42503E+03,-0.42553E+03,-1.28378E+03,-0.18460E+03,-0.18850E+03,-0.14731E+03,-0.52041E+03,-0.72619E+00,-0.72360E+00,-0.73109E+00,-0.72697E+00,-0.89558E+00,-0.86538E+00,-0.92189E+00,-0.89559E+00,0.000E+00,119.921E+00,-119.651E+00,56.677E+00,179.904E+00,-67.024E+00,-43.432E+00,-43.648E+00,-43.022E+00,-43.367E+00,201.355E+00,202.138E+00,201.506E+00,90.286E+00,+99999.9E+99,+99999.9E+99,0.00013E+06,-0.00078E+06,0.00000E+00,15.477E+00,0.757E+03,0.00123E+06,43.596E+00,F0F08
2021/11/30,17:34:07,00000:00:32,150,38003F00,2800,3B00,3B00,3F00,100.027E+00,0.000E+00,0.000E+00,111.101E+00,0.000E+00,0.000E+00,0.500E+00,0.000E+00,0.000E+00,100.026E+00,0.000E+00,0.000E+00,0.000E+00,0.000E+00,0.000E+00,100.957E+00,0.000E+00,0.000E+00,98.796E+00,0.000E+00,0.000E+00,38.225E+00,+99999.9E+99,+99999.9E+99,1.080E+00,+99999.9E+99,+99999.9E+99,11.3648E+00,0.00000E+00,0.00000E+00,11.6210E+00,0.00000E+00,0.00000E+00,4.4376E+00,0.00000E+00,0.00000E+00,10.4626E+00,0.00000E+00,0.00000E+00,4.0321E+00,0.00000E+00,0.00000E+00,18.1662E+00,0.0000E+00,0.0000E+00,4.1607E+00,0.0000E+00,0.0000E+00,48.608E+00,+99999.9E+99,+99999.9E+99,66.931E+00,+99999.9E+99,+99999.9E+99,1.04456E+03,0.00000E+03,0.00000E+03,0.00000E+03,0.00000E+03,0.00000E+03,1.13679E+03,0.00000E+03,0.00000E+03,0.00000E+03,0.00000E+03,0.00000E+03,-0.44854E+03,0.00000E+03,0.00000E+03,0.00000E+03,0.00000E+03,0.00000E+03,-0.91887E+00,0.00000E+00,0.00000E+00,0.92532E+00,0.95945E+00,0.66952E+00,0.000E+00,-37.805E+00,128.616E+00,157.716E+00,125.822E+00,80.646E+00,-23.239E+00,90.000E+00,90.000E+00,9.18058E+00,0.00000E+00,0.00000E+00,83.869E+00,100.000E+00,100.000E+00,0.16850E+03,0.00000E+03,0.00000E+03,+99999.9E+99,+99999.9E+99,+99999.9E+99,+99999.9E+99,+99999.9E+99,+99999.9E+99,+99999.9E+99,+99999.9E+99,+99999.9E+99,+99999.9E+99,+99999.9E+99,+99999.9E+99,1B00,0,0,0,1B00,76.7128E+00,76.6623E+00,76.3864E+00,76.5872E+00,72.5909E+00,72.6941E+00,72.0456E+00,72.4436E+00,76.7128E+00,76.6623E+00,76.3864E+00,0.0000E+00,0.0000E+00,0.0000E+00,70.7475E+00,70.6477E+00,70.5014E+00,105.779E+00,105.957E+00,105.841E+00,-104.494E+00,-104.714E+00,-104.181E+00,35.723E+00,35.302E+00,35.712E+00,+99999.9E+99,+99999.9E+99,+99999.9E+99,0.205E+00,9.7489E+00,9.3255E+00,9.9374E+00,9.6706E+00,8.4510E+00,8.0898E+00,8.4998E+00,8.3469E+00,9.7481E+00,9.3255E+00,9.9374E+00,-0.1227E+00,0.0000E+00,0.0000E+00,13.4149E+00,13.4572E+00,13.9881E+00,26.3952E+00,24.7548E+00,27.1095E+00,-25.5386E+00,-23.1376E+00,-26.5824E+00,42.702E+00,42.074E+00,40.229E+00,+99999.9E+99,+99999.9E+99,+99999.9E+99,2.417E+00,0.28671E+03,0.28454E+03,0.30481E+03,0.87606E+03,0.46822E+03,0.48283E+03,0.49122E+03,1.44227E+03,0.43371E+03,0.41503E+03,0.44093E+03,1.28966E+03,0.54276E+03,0.54582E+03,0.56263E+03,1.65092E+03,-0.32543E+03,-0.30213E+03,-0.31860E+03,-0.94616E+03,-0.27451E+03,-0.25453E+03,-0.27433E+03,-0.80336E+03,-0.66106E+00,-0.68559E+00,-0.69130E+00,-0.67929E+00,-0.86267E+00,-0.88461E+00,-0.87308E+00,-0.87362E+00,0.000E+00,120.176E+00,-119.992E+00,60.328E+00,177.911E+00,-60.694E+00,-48.619E+00,-46.718E+00,-46.267E+00,-47.212E+00,202.376E+00,201.716E+00,202.615E+00,91.607E+00,+99999.9E+99,+99999.9E+99,0.00007E+06,-0.00052E+06,0.00000E+00,10.129E+00,0.757E+03,0.00080E+06,43.919E+00,F0F08
2021/11/30,17:34:07,00000:00:32,200,38003F00,0,1B00,1B00,3F00,99.922E+00,0.000E+00,0.000E+00,110.984E+00,0.000E+00,0.000E+00,0.509E+00,0.000E+00,0.000E+00,99.921E+00,0.000E+00,0.000E+00,0.000E+00,0.000E+00,0.000E+00,100.893E+00,0.000E+00,0.000E+00,98.846E+00,0.000E+00,0.000E+00,108.990E+00,+99999.9E+99,+99999.9E+99,1.024E+00,+99999.9E+99,+99999.9E+99,11.8215E+00,0.00000E+00,0.00000E+00,12.1077E+00,0.00000E+00,0.00000E+00,4.5738E+00,0.00000E+00,0.00000E+00,10.9008E+00,0.00000E+00,0.00000E+00,3.1783E+00,0.00000E+00,0.00000E+00,18.1867E+00,0.0000E+00,0.0000E+00,4.0633E+00,0.0000E+00,0.0000E+00,97.392E+00,+99999.9E+99,+99999.9E+99,64.781E+00,+99999.9E+99,+99999.9E+99,1.08713E+03,0.00000E+03,0.00000E+03,0.00000E+03,0.00000E+03,0.00000E+03,1.18122E+03,0.00000E+03,0.00000E+03,0.00000E+03,0.00000E+03,0.00000E+03,0.46200E+03,0.00000E+03,0.00000E+03,0.00000E+03,0.00000E+03,0.00000E+03,0.92034E+00,0.00000E+00,0.00000E+00,0.82777E+00,0.12820E+00,0.87961E+00,0.000E+00,-106.481E+00,-175.930E+00,145.871E+00,156.154E+00,32.475E+00,23.024E+00,90.000E+00,90.000E+00,12.6083E+00,0.00000E+00,0.00000E+00,96.747E+00,100.000E+00,100.000E+00,0.03536E+03,0.00000E+03,0.00000E+03,+99999.9E+99,+99999.9E+99,+99999.9E+99,+99999.9E+99,+99999.9E+99,+99999.9E+99,+99999.9E+99,+99999.9E+99,+99999.9E+99,+99999.9E+99,+99999.9E+99,+99999.9E+99,1B00,0,0,0,1B00,76.5198E+00,77.0553E+00,77.0367E+00,76.8706E+00,71.8476E+00,72.8314E+00,72.7985E+00,72.4925E+00,76.5198E+00,77.0553E+00,77.0367E+00,0.0000E+00,0.0000E+00,0.0000E+00,73.1169E+00,73.2302E+00,73.1177E+00,105.829E+00,106.076E+00,105.769E+00,-104.476E+00,-104.904E+00,-104.663E+00,13.928E+00,13.824E+00,14.146E+00,+99999.9E+99,+99999.9E+99,+99999.9E+99,0.104E+00,11.6918E+00,11.4835E+00,11.2746E+00,11.4833E+00,10.0865E+00,9.9734E+00,9.6696E+00,9.9098E+00,11.6909E+00,11.4768E+00,11.2618E+00,-0.1449E+00,-0.3899E+00,0.5359E+00,4.8463E+00,4.5970E+00,4.8339E+00,27.6305E+00,27.0767E+00,28.4890E+00,-26.3610E+00,-27.2381E+00,-26.1067E+00,58.296E+00,59.702E+00,56.346E+00,+99999.9E+99,+99999.9E+99,+99999.9E+99,2.758E+00,0.36129E+03,0.34350E+03,0.34698E+03,1.05177E+03,0.17464E+03,0.17051E+03,0.18012E+03,0.52526E+03,0.52182E+03,0.51227E+03,0.50573E+03,1.53982E+03,0.20036E+03,0.19283E+03,0.20147E+03,0.59453E+03,-0.37652E+03,-0.38004E+03,-0.36792E+03,-1.12448E+03,-0.09820E+03,-0.09004E+03,-0.09026E+03,-0.27851E+03,-0.69237E+00,-0.67054E+00,-0.68610E+00,-0.68305E+00,-0.87164E+00,-0.88427E+00,-0.89403E+00,-0.88349E+00,0.000E+00,120.049E+00,-119.902E+00,59.399E+00,177.838E+00,-63.285E+00,-46.182E+00,-47.892E+00,-46.678E+00,-46.918E+00,201.282E+00,202.054E+00,201.421E+00,92.968E+00,+99999.9E+99,+99999.9E+99,0.00007E+06,-0.00063E+06,0.00000E+00,12.340E+00,0.757E+03,0.00098E+06,43.613E+00,F0F0F
2021/11/30,17:34:07,00000:00:32,250,38003D00,500,1C00,1C00,3800,99.922E+00,0.000E+00,0.000E+00,110.984E+00,0.000E+00,0.000E+00,0.509E+00,0.000E+00,0.000E+00,99.921E+00,0.000E+00,0.000E+00,0.000E+00,0.000E+00,0.000E+00,100.893E+00,0.000E+00,0.000E+00,98.846E+00,0.000E+00,0.000E+00,108.990E+00,+99999.9E+99,+99999.9E+99,1.024E+00,+99999.9E+99,+99999.9E+99,11.8215E+00,0.00000E+00,0.00000E+00,12.1077E+00,0.00000E+00,0.00000E+00,4.5738E+00,0.00000E+00,0.00000E+00,10.9008E+00,0.00000E+00,0.00000E+00,3.1783E+00,0.00000E+00,0.00000E+00,18.1867E+00,0.0000E+00,0.0000E+00,4.0633E+00,0.0000E+00,0.0000E+00,97.392E+00,+99999.9E+99,+99999.9E+99,64.781E+00,+99999.9E+99,+99999.9E+99,1.08713E+03,0.00000E+03,0.00000E+03,0.00000E+03,0.00000E+03,0.00000E+03,1.18122E+03,0.00000E+03,0.00000E+03,0.00000E+03,0.00000E+03,0.00000E+03,0.46200E+03,0.00000E+03,0.00000E+03,0.00000E+03,0.00000E+03,0.00000E+03,0.92034E+00,0.00000E+00,0.00000E+00,0.82777E+00,0.12820E+00,0.87961E+00,0.000E+00,-106.481E+00,-175.930E+00,145.871E+00,156.154E+00,32.475E+00,23.024E+00,90.000E+00,90.000E+00,12.6083E+00,0.00000E+00,0.00000E+00,118.833E+00,100.000E+00,100.000E+00,-0.20474E+03,0.00000E+03,0.00000E+03,+99999.9E+99,+99999.9E+99,+99999.9E+99,+99999.9E+99,+99999.9E+99,+99999.9E+99,+99999.9E+99,+99999.9E+99,+99999.9E+99,+99999.9E+99,+99999.9E+99,+99999.9E+99,1B00,0,0,0,1B00,77.2272E+00,77.2407E+00,77.0074E+00,77.1584E+00,72.2311E+00,72.4369E+00,71.8851E+00,72.1843E+00,77.2272E+00,77.2407E+00,77.0074E+00,0.0000E+00,0.0000E+00,0.0000E+00,70.5005E+00,71.0446E+00,70.9350E+00,105.220E+00,105.640E+00,105.570E+00,-104.523E+00,-104.681E+00,-104.636E+00,34.645E+00,34.784E+00,34.695E+00,+99999.9E+99,+99999.9E+99,+99999.9E+99,0.471E+00,13.5820E+00,13.1493E+00,13.5287E+00,13.4200E+00,12.5019E+00,12.0863E+00,12.4351E+00,12.3411E+00,13.5811E+00,13.1493E+00,13.5270E+00,-0.1585E+00,0.0000E+00,0.2152E+00,14.0710E+00,13.1980E+00,13.1594E+00,27.7162E+00,27.1048E+00,28.4424E+00,-26.5929E+00,-27.0967E+00,-26.3700E+00,39.715E+00,41.819E+00,42.216E+00,+99999.9E+99,+99999.9E+99,+99999.9E+99,4.194E+00,0.42861E+03,0.42034E+03,0.44292E+03,1.29187E+03,0.50268E+03,0.46175E+03,0.48477E+03,1.44920E+03,0.61218E+03,0.59271E+03,0.60839E+03,1.81327E+03,0.56705E+03,0.53386E+03,0.53742E+03,1.63748E+03,-0.43710E+03,-0.41787E+03,-0.41708E+03,-1.27205E+03,-0.26241E+03,-0.26795E+03,-0.23197E+03,-0.76234E+03,-0.70013E+00,-0.70918E+00,-0.72803E+00,-0.71245E+00,-0.88648E+00,-0.86492E+00,-0.90204E+00,-0.88502E+00,0.000E+00,119.852E+00,-119.691E+00,57.822E+00,179.924E+00,-64.320E+00,-45.562E+00,-44.831E+00,-43.279E+00,-44.565E+00,202.236E+00,201.597E+00,201.977E+00,89.769E+00,+99999.9E+99,+99999.9E+99,0.00013E+06,-0.00074E+06,0.00000E+00,14.614E+00,0.758E+03,0.00116E+06,43.796E+00,F0F0F
2021/11/30,17:34:07,00000:00:32,300,38003F00,500,1F00,1F00,3F00,99.922E+00,0.000E+00,0.000E+00,110.984E+00,0.000E+00,0.000E+00,0.509E+00,0.000E+00,0.000E+00,99.921E+00,0.000E+00,0.000E+00,0.000E+00,0.000E+00,0.000E+00,100.893E+00,0.000E+00,0.000E+00,98.846E+00,0.000E+00,0.000E+00,20.372E+00,+99999.9E+99,462.174E+00,1.024E+00,+99999.9E+99,+99999.9E+99,11.8215E+00,0.00000E+00,0.00000E+00,12.1077E+00,0.00000E+00,0.00000E+00,4.5738E+00,0.00000E+00,0.00000E+00,10.9008E+00,0.00000E+00,0.00000E+00,4.6400E+00,0.00000E+00,0.00000E+00,18.1867E+00,0.0000E+00,0.0000E+00,4.0633E+00,0.0000E+00,0.0000E+00,13.586E+00,+99999.9E+99,+99999.9E+99,64.781E+00,+99999.9E+99,+99999.9E+99,1.08713E+03,0.00000E+03,0.00000E+03,0.00000E+03,0.00000E+03,0.00000E+03,1.18122E+03,0.00000E+03,0.00000E+03,0.00000E+03,0.00000E+03,0.00000E+03,0.46200E+03,0.00000E+03,0.00000E+03,0.00000E+03,0.00000E+03,0.00000E+03,0.92034E+00,0.00000E+00,0.00000E+00,0.91986E+00,0.14787E+00,0.97000E+00,0.000E+00,-74.174E+00,171.147E+00,156.906E+00,-155.671E+00,157.078E+00,23.024E+00,90.000E+00,90.000E+00,12.6083E+00,0.00000E+00,0.00000E+00,69.387E+00,100.000E+00,100.000E+00,0.33280E+03,0.00000E+03,0.00000E+03,+99999.9E+99,+99999.9E+99,+99999.9E+99,+99999.9E+99,+99999.9E+99,+99999.9E+99,+99999.9E+99,+99999.9E+99,+99999.9E+99,+99999.9E+99,+99999.9E+99,+99999.9E+99,1B00,0,0,0,1B00,76.2813E+00,76.6587E+00,76.5331E+00,76.4910E+00,72.1236E+00,72.8486E+00,72.6180E+00,72.5301E+00,76.2813E+00,76.6587E+00,76.5331E+00,0.0000E+00,0.0000E+00,0.0000E+00,71.9623E+00,71.7991E+00,71.7237E+00,105.750E+00,106.193E+00,105.823E+00,-104.804E+00,-104.829E+00,-104.660E+00,27.001E+00,26.038E+00,26.785E+00,+99999.9E+99,+99999.9E+99,+99999.9E+99,0.197E+00,8.1035E+00,8.0436E+00,7.9951E+00,8.0474E+00,7.2200E+00,7.1733E+00,7.0966E+00,7.1633E+00,8.1035E+00,8.0426E+00,7.9919E+00,0.0000E+00,-0.1302E+00,0.2279E+00,9.6678E+00,9.8600E+00,10.2211E+00,22.3367E+00,20.7705E+00,20.3186E+00,-18.5590E+00,-18.7167E+00,-19.9886E+00,48.639E+00,46.109E+00,44.624E+00,+99999.9E+99,+99999.9E+99,+99999.9E+99,4.443E+00,0.25356E+03,0.24707E+03,0.25370E+03,0.75433E+03,0.33337E+03,0.35823E+03,0.36206E+03,1.05366E+03,0.35852E+03,0.35621E+03,0.35500E+03,1.06973E+03,0.38869E+03,0.40058E+03,0.41825E+03,1.20688E+03,-0.25347E+03,-0.25660E+03,-0.24832E+03,-0.75839E+03,-0.19987E+03,-0.17925E+03,-0.20940E+03,-0.58852E+03,-0.70723E+00,-0.69361E+00,-0.71465E+00,-0.70515E+00,-0.85767E+00,-0.89429E+00,-0.86565E+00,-0.87305E+00,0.000E+00,120.146E+00,-120.037E+00,60.871E+00,176.692E+00,-59.884E+00,-44.990E+00,-46.084E+00,-44.386E+00,-45.158E+00,201.707E+00,202.001E+00,201.988E+00,95.263E+00,+99999.9E+99,+99999.9E+99,0.00004E+06,-0.00047E+06,0.00000E+00,9.076E+00,0.756E+03,0.00072E+06,43.774E+00,F0F08
2021/11/30,17:34:07,00000:00:32,350,38003F00,700,1F00,1F00,3F00,99.922E+00,0.000E+00,0.000E+00,110.984E+00,0.000E+00,0.000E+00,0.509E+00,0.000E+00,0.000E+00,99.921E+00,0.000E+00,0.000E+00,0.000E+00,0.000E+00,0.000E+00,100.893E+00,0.000E+00,0.000E+00,98.846E+00,0.000E+00,0.000E+00,69.100E+00,+99999.9E+99,422.168E+00,1.024E+00,+99999.9E+99,+99999.9E+99,11.8215E+00,0.00000E+00,0.00000E+00,12.1077E+00,0.00000E+00,0.00000E+00,4.5738E+00,0.00000E+00,0.00000E+00,10.9008E+00,0.00000E+00,0.00000E+00,4.0096E+00,0.00000E+00,0.00000E+00,18.1867E+00,0.0000E+00,0.0000E+00,4.0633E+00,0.0000E+00,0.0000E+00,50.792E+00,+99999.9E+99,+99999.9E+99,64.781E+00,+99999.9E+99,+99999.9E+99,1.08713E+03,0.00000E+03,0.00000E+03,0.00000E+03,0.00000E+03,0.00000E+03,1.18122E+03,0.00000E+03,0.00000E+03,0.00000E+03,0.00000E+03,0.00000E+03,0.46200E+03,0.00000E+03,0.00000E+03,0.00000E+03,0.00000E+03,0.00000E+03,0.92034E+00,0.00000E+00,0.00000E+00,0.89204E+00,0.95371E+00,0.51975E+00,0.000E+00,87.827E+00,143.396E+00,153.130E+00,70.326E+00,-157.920E+00,23.024E+00,90.000E+00,90.000E+00,12.6083E+00,0.00000E+00,0.00000E+00,114.068E+00,100.000E+00,100.000E+00,-0.15294E+03,0.00000E+03,0.00000E+03,+99999.9E+99,+99999.9E+99,+99999.9E+99,+99999.9E+99,+99999.9E+99,+99999.9E+99,+99999.9E+99,+99999.9E+99,+99999.9E+99,+99999.9E+99,+99999.9E+99,+99999.9E+99,1B00,0,0,0,1B00,77.0626E+00,77.1811E+00,77.0958E+00,77.1131E+00,72.0913E+00,72.4798E+00,72.2051E+00,72.2587E+00,77.0626E+00,77.1810E+00,77.0958E+00,0.0000E+00,0.0000E+00,0.0000E+00,72.7211E+00,73.1494E+00,73.0115E+00,105.687E+00,106.207E+00,105.856E+00,-104.314E+00,-104.703E+00,-104.524E+00,15.825E+00,15.617E+00,16.024E+00,+99999.9E+99,+99999.9E+99,+99999.9E+99,0.355E+00,13.2991E+00,12.8570E+00,13.0381E+00,13.0647E+00,12.0820E+00,11.6370E+00,11.6802E+00,11.7997E+00,13.2979E+00,12.8529E+00,13.0283E+00,-0.1782E+00,-0.3242E+00,0.5034E+00,6.1006E+00,5.4506E+00,5.3235E+00,27.6886E+00,27.1748E+00,28.6124E+00,-26.4929E+00,-27.1276E+00,-26.7200E+00,52.011E+00,56.747E+00,57.104E+00,+99999.9E+99,+99999.9E+99,+99999.9E+99,7.541E+00,0.42164E+03,0.40095E+03,0.41747E+03,1.24007E+03,0.21743E+03,0.18717E+03,0.20375E+03,0.60835E+03,0.59844E+03,0.57749E+03,0.58562E+03,1.76155E+03,0.24642E+03,0.22075E+03,0.22304E+03,0.68912E+03,-0.42468E+03,-0.41561E+03,-0.41069E+03,-1.25098E+03,-0.11596E+03,-0.11703E+03,-0.09073E+03,-0.32371E+03,-0.70457E+00,-0.69430E+00,-0.71288E+00,-0.70396E+00,-0.88237E+00,-0.84790E+00,-0.91353E+00,-0.88280E+00,0.000E+00,119.929E+00,-119.737E+00,58.270E+00,-178.119E+00,-65.869E+00,-45.205E+00,-46.028E+00,-44.531E+00,-45.254E+00,201.719E+00,201.380E+00,201.626E+00,90.992E+00,+99999.9E+99,+99999.9E+99,0.00011E+06,-0.00073E+06,0.00000E+00,14.235E+00,0.757E+03,0.00113E+06,43.712E+00,F0F08
2021/11/30,17:34:07,00000:00:32,400,38003F00,500,1F00,1F00,3F00,99.922E+00,0.000E+00,0.000E+00,110.984E+00,0.000E+00,0.000E+00,0.509E+00,0.000E+00,0.000E+00,99.921E+00,0.000E+00,0.000E+00,0.000E+00,0.000E+00,0.000E+00,100.893E+00,0.000E+00,0.000E+00,98.846E+00,0.000E+00,0.000E+00,69.100E+00,+99999.9E+99,422.168E+00,1.024E+00,+99999.9E+99,+99999.9E+99,11.8215E+00,0.00000E+00,0.00000E+00,12.1077E+00,0.00000E+00,0.00000E+00,4.5738E+00,0.00000E+00,0.00000E+00,10.9008E+00,0.00000E+00,0.00000E+00,4.0096E+00,0.00000E+00,0.00000E+00,18.1867E+00,0.0000E+00,0.0000E+00,4.0633E+00,0.0000E+00,0.0000E+00,50.792E+00,+99999.9E+99,+99999.9E+99,64.781E+00,+99999.9E+99,+99999.9E+99,1.08713E+03,0.00000E+03,0.00000E+03,0.00000E+03,0.00000E+03,0.00000E+03,1.18122E+03,0.00000E+03,0.00000E+03,0.00000E+03,0.00000E+03,0.00000E+03,0.46200E+03,0.00000E+03,0.00000E+03,0.00000E+03,0.00000E+03,0.00000E+03,0.92034E+00,0.00000E+00,0.00000E+00,0.89204E+00,0.95371E+00,0.51975E+00,0.000E+00,87.827E+00,143.396E+00,153.130E+00,70.326E+00,-157.920E+00,23.024E+00,90.000E+00,90.000E+00,12.6083E+00,0.00000E+00,0.00000E+00,100.901E+00,100.000E+00,100.000E+00,-0.00980E+03,0.00000E+03,0.00000E+03,+99999.9E+99,+99999.9E+99,+99999.9E+99,+99999.9E+99,+99999.9E+99,+99999.9E+99,+99999.9E+99,+99999.9E+99,+99999.9E+99,+99999.9E+99,+99999.9E+99,+99999.9E+99,1B00,0,0,0,1B00,76.7339E+00,77.0794E+00,76.8263E+00,76.8798E+00,72.0083E+00,72.6493E+00,72.1882E+00,72.2819E+00,76.7339E+00,77.0794E+00,76.8263E+00,0.0000E+00,0.0000E+00,0.0000E+00,70.0130E+00,70.2409E+00,70.1532E+00,105.306E+00,105.703E+00,105.617E+00,-104.547E+00,-104.451E+00,-104.307E+00,39.043E+00,38.811E+00,38.860E+00,+99999.9E+99,+99999.9E+99,+99999.9E+99,0.195E+00,11.9937E+00,11.8293E+00,12.1076E+00,11.9769E+00,10.5067E+00,10.4269E+00,10.6154E+00,10.5163E+00,11.9931E+00,11.8293E+00,12.1076E+00,-0.1235E+00,0.0000E+00,0.0000E+00,15.4041E+00,14.9871E+00,15.1885E+00,27.6238E+00,27.2224E+00,28.7095E+00,-26.0786E+00,-27.1624E+00,-26.7629E+00,39.416E+00,40.393E+00,39.474E+00,+99999.9E+99,+99999.9E+99,+99999.9E+99,1.691E+00,0.36004E+03,0.36206E+03,0.37483E+03,1.09692E+03,0.54346E+03,0.52720E+03,0.54425E+03,1.61491E+03,0.53571E+03,0.52978E+03,0.54307E+03,1.60856E+03,0.62166E+03,0.60440E+03,0.61443E+03,1.84035E+03,-0.39669E+03,-0.38675E+03,-0.39298E+03,-1.17642E+03,-0.30185E+03,-0.29557E+03,-0.28517E+03,-0.88259E+03,-0.67207E+00,-0.68342E+00,-0.69020E+00,-0.68193E+00,-0.87421E+00,-0.87227E+00,-0.88577E+00,-0.87750E+00,0.000E+00,119.970E+00,-119.851E+00,59.158E+00,179.207E+00,-62.266E+00,-47.773E+00,-46.889E+00,-46.354E+00,-47.005E+00,201.891E+00,202.249E+00,201.761E+00,90.370E+00,+99999.9E+99,+99999.9E+99,0.00011E+06,-0.00063E+06,0.00000E+00,12.508E+00,0.757E+03,0.00099E+06,43.769E+00,F0F08
2021/11/30,17:34:07,00000:00:32,450,38003A00,2A00,3800,3800,3800,99.871E+00,0.000E+00,0.000E+00,110.927E+00,0.000E+00,0.000E+00,0.509E+00,0.000E+00,0.000E+00,99.869E+00,0.000E+00,0.000E+00,0.000E+00,0.000E+00,0.000E+00,100.968E+00,0.000E+00,0.000E+00,98.800E+00,0.000E+00,0.000E+00,35.880E+00,485.873E+00,+99999.9E+99,1.085E+00,+99999.9E+99,+99999.9E+99,12.0477E+00,0.00000E+00,0.00000E+00,12.3359E+00,0.00000E+00,0.00000E+00,4.6690E+00,0.00000E+00,0.00000E+00,11.1062E+00,0.00000E+00,0.00000E+00,4.1827E+00,0.00000E+00,0.00000E+00,18.3531E+00,0.0000E+00,0.0000E+00,3.9924E+00,0.0000E+00,0.0000E+00,43.954E+00,+99999.9E+99,+99999.9E+99,64.652E+00,+99999.9E+99,+99999.9E+99,1.10704E+03,0.00000E+03,0.00000E+03,0.00000E+03,0.00000E+03,0.00000E+03,1.20322E+03,0.00000E+03,0.00000E+03,0.00000E+03,0.00000E+03,0.00000E+03,0.47138E+03,0.00000E+03,0.00000E+03,0.00000E+03,0.00000E+03,0.00000E+03,0.92006E+00,0.00000E+00,0.00000E+00,0.93249E+00,0.74075E+00,0.11304E+00,0.000E+00,14.170E+00,140.232E+00,158.826E+00,56.375E+00,43.742E+00,23.064E+00,90.000E+00,90.000E+00,0.00000E+00,0.00000E+00,0.00000E+00,77.861E+00,100.000E+00,100.000E+00,0.24508E+03,0.00000E+03,0.00000E+03,+99999.9E+99,+99999.9E+99,+99999.9E+99,+99999.9E+99,+99999.9E+99,+99999.9E+99,+99999.9E+99,+99999.9E+99,+99999.9E+99,+99999.9E+99,+99999.9E+99,+99999.9E+99,1B00,0,0,0,1B00,76.5507E+00,76.6404E+00,76.5402E+00,76.5771E+00,72.4588E+00,72.8071E+00,72.4827E+00,72.5829E+00,76.5507E+00,76.6404E+00,76.5401E+00,0.0000E+00,0.0000E+00,0.0000E+00,72.8468E+00,72.6870E+00,72.6091E+00,105.889E+00,106.087E+00,105.719E+00,-104.307E+00,-105.103E+00,-104.190E+00,18.414E+00,17.986E+00,18.089E+00,+99999.9E+99,+99999.9E+99,+99999.9E+99,0.194E+00,9.5861E+00,9.0891E+00,9.2305E+00,9.3019E+00,8.2947E+00,7.8890E+00,7.9264E+00,8.0367E+00,9.5848E+00,9.0865E+00,9.2226E+00,-0.1615E+00,-0.2189E+00,0.3813E+00,6.1633E+00,6.4354E+00,6.8455E+00,26.2100E+00,24.3171E+00,24.9986E+00,-26.5471E+00,-25.2738E+00,-22.5610E+00,56.627E+00,52.707E+00,49.778E+00,+99999.9E+99,+99999.9E+99,+99999.9E+99,4.770E+00,0.29458E+03,0.27679E+03,0.29059E+03,0.86196E+03,0.22094E+03,0.23672E+03,0.24196E+03,0.69962E+03,0.42624E+03,0.40332E+03,0.40952E+03,1.23908E+03,0.25634E+03,0.26256E+03,0.27678E+03,0.79520E+03,-0.30806E+03,-0.29335E+03,-0.28856E+03,-0.88998E+03,-0.12999E+03,-0.11358E+03,-0.13441E+03,-0.37798E+03,-0.69111E+00,-0.68627E+00,-0.70958E+00,-0.69564E+00,-0.86189E+00,-0.90159E+00,-0.87417E+00,-0.87981E+00,0.000E+00,120.138E+00,-120.043E+00,60.395E+00,175.738E+00,-60.883E+00,-46.282E+00,-46.664E+00,-44.799E+00,-45.922E+00,201.780E+00,201.364E+00,202.125E+00,94.177E+00,+99999.9E+99,+99999.9E+99,0.00005E+06,-0.00053E+06,0.00000E+00,10.251E+00,0.756E+03,0.00081E+06,43.786E+00,F0F08
2021/11/30,17:34:07,00000:00:32,500,38003F00,2D00,3F00,3F00,3F00,99.871E+00,0.000E+00,0.000E+00,110.927E+00,0.000E+00,0.000E+00,0.509E+00,0.000E+00,0.000E+00,99.869E+00,0.000E+00,0.000E+00,0.000E+00,0.000E+00,0.000E+00,100.968E+00,0.000E+00,0.000E+00,98.800E+00,0.000E+00,0.000E+00,35.880E+00,485.873E+00,+99999.9E+99,1.085E+00,+99999.9E+99,+99999.9E+99,12.0477E+00,0.00000E+00,0.00000E+00,12.3359E+00,0.00000E+00,0.00000E+00,4.6690E+00,0.00000E+00,0.00000E+00,11.1062E+00,0.00000E+00,0.00000E+00,4.1827E+00,0.00000E+00,0.00000E+00,18.3531E+00,0.0000E+00,0.0000E+00,3.9924E+00,0.0000E+00,0.0000E+00,43.954E+00,+99999.9E+99,+99999.9E+99,64.652E+00,+99999.9E+99,+99999.9E+99,1.10704E+03,0.00000E+03,0.00000E+03,0.00000E+03,0.00000E+03,0.00000E+03,1.20322E+03,0.00000E+03,0.00000E+03,0.00000E+03,0.00000E+03,0.00000E+03,0.47138E+03,0.00000E+03,0.00000E+03,0.00000E+03,0.00000E+03,0.00000E+03,0.92006E+00,0.00000E+00,0.00000E+00,0.93249E+00,0.74075E+00,0.11304E+00,0.000E+00,14.170E+00,140.232E+00,158.826E+00,56.375E+00,43.742E+00,23.064E+00,90.000E+00,90.000E+00,0.00000E+00,0.00000E+00,0.00000E+00,118.208E+00,100.000E+00,100.000E+00,-0.20157E+03,0.00000E+03,0.00000E+03,+99999.9E+99,+99999.9E+99,+99999.9E+99,+99999.9E+99,+99999.9E+99,+99999.9E+99,+99999.9E+99,+99999.9E+99,+99999.9E+99,+99999.9E+99,+99999.9E+99,+99999.9E+99,1B00,0,0,0,1B00,76.9886E+00,77.4464E+00,77.3082E+00,77.2477E+00,71.5954E+00,72.4543E+00,72.1968E+00,72.0822E+00,76.9886E+00,77.4464E+00,77.3082E+00,0.0000E+00,0.0000E+00,0.0000E+00,71.7483E+00,72.2893E+00,72.0725E+00,105.707E+00,106.017E+00,105.606E+00,-105.030E+00,-104.994E+00,-104.253E+00,25.136E+00,25.613E+00,25.528E+00,+99999.9E+99,+99999.9E+99,+99999.9E+99,0.432E+00,13.6110E+00,13.2930E+00,13.4249E+00,13.4430E+00,12.7581E+00,12.5699E+00,12.5279E+00,12.6187E+00,13.6098E+00,13.2909E+00,13.4184E+00,-0.1829E+00,-0.2361E+00,0.4202E+00,10.1540E+00,9.3195E+00,9.4740E+00,27.1567E+00,26.8824E+00,28.0738E+00,-26.1176E+00,-26.3438E+00,-26.2233E+00,43.968E+00,46.719E+00,47.084E+00,+99999.9E+99,+99999.9E+99,+99999.9E+99,6.489E+00,0.44037E+03,0.42870E+03,0.43955E+03,1.30861E+03,0.37083E+03,0.32674E+03,0.35065E+03,1.04822E+03,0.61252E+03,0.59857E+03,0.60662E+03,1.81770E+03,0.41417E+03,0.37700E+03,0.38079E+03,1.17056E+03,-0.42574E+03,-0.41773E+03,-0.41807E+03,-1.26154E+03,-0.18445E+03,-0.18808E+03,-0.14849E+03,-0.52102E+03,-0.71894E+00,-0.71621E+00,-0.72458E+00,-0.71993E+00,-0.89535E+00,-0.86668E+00,-0.92084E+00,-0.89548E+00,0.000E+00,119.944E+00,-119.661E+00,56.691E+00,179.775E+00,-66.860E+00,-44.033E+00,-44.258E+00,-43.566E+00,-43.952E+00,201.610E+00,202.074E+00,200.979E+00,90.632E+00,+99999.9E+99,+99999.9E+99,0.00012E+06,-0.00076E+06,0.00000E+00,14.957E+00,0.757E+03,0.00119E+06,43.664E+00,F0F08
2021/11/30,17:34:07,00000:00:32,550,38003F00,2800,3B00,3B00,3F00,100.054E+00,0.000E+00,0.000E+00,111.131E+00,0.000E+00,0.000E+00,0.469E+00,0.000E+00,0.000E+00,100.053E+00,0.000E+00,0.000E+00,0.000E+00,0.000E+00,0.000E+00,100.921E+00,0.000E+00,0.000E+00,98.882E+00,0.000E+00,0.000E+00,35.880E+00,485.873E+00,+99999.9E+99,1.019E+00,+99999.9E+99,+99999.9E+99,10.9501E+00,0.00000E+00,0.00000E+00,11.2658E+00,0.00000E+00,0.00000E+00,4.1265E+00,0.00000E+00,0.00000E+00,10.1428E+00,0.00000E+00,0.00000E+00,4.1827E+00,0.00000E+00,0.00000E+00,17.4474E+00,0.0000E+00,0.0000E+00,4.1007E+00,0.0000E+00,0.0000E+00,43.954E+00,+99999.9E+99,+99999.9E+99,65.794E+00,+99999.9E+99,+99999.9E+99,1.01310E+03,0.00000E+03,0.00000E+03,0.00000E+03,0.00000E+03,0.00000E+03,1.09560E+03,0.00000E+03,0.00000E+03,0.00000E+03,0.00000E+03,0.00000E+03,0.41709E+03,0.00000E+03,0.00000E+03,0.00000E+03,0.00000E+03,0.00000E+03,0.92470E+00,0.00000E+00,0.00000E+00,0.93249E+00,0.74075E+00,0.11304E+00,0.000E+00,14.170E+00,140.232E+00,158.826E+00,56.375E+00,43.742E+00,22.377E+00,90.000E+00,90.000E+00,9.33076E+00,0.00000E+00,0.00000E+00,87.469E+00,100.000E+00,100.000E+00,0.12695E+03,0.00000E+03,0.00000E+03,+99999.9E+99,+99999.9E+99,+99999.9E+99,+99999.9E+99,+99999.9E+99,+99999.9E+99,+99999.9E+99,+99999.9E+99,+99999.9E+99,+99999.9E+99,+99999.9E+99,+99999.9E+99,1B00,0,0,0,1B00,76.6999E+00,76.6642E+00,76.3586E+00,76.5742E+00,72.5910E+00,72.7042E+00,72.0242E+00,72.4398E+00,76.6998E+00,76.6642E+00,76.3586E+00,0.0000E+00,0.0000E+00,0.0000E+00,70.7350E+00,70.6415E+00,70.4865E+00,105.724E+00,105.923E+00,105.736E+00,-104.409E+00,-104.914E+00,-104.171E+00,34.832E+00,34.378E+00,34.801E+00,+99999.9E+99,+99999.9E+99,+99999.9E+99,0.206E+00,9.8016E+00,9.3976E+00,10.0002E+00,9.7331E+00,8.4992E+00,8.1592E+00,8.5606E+00,8.4063E+00,9.8009E+00,9.3976E+00,10.0002E+00,-0.1128E+00,0.0000E+00,0.0000E+00,12.8948E+00,12.9350E+00,13.4976E+00,26.4410E+00,24.8714E+00,27.1509E+00,-25.6395E+00,-23.4219E+00,-26.7638E+00,43.902E+00,43.207E+00,41.149E+00,+99999.9E+99,+99999.9E+99,+99999.9E+99,2.649E+00,0.28987E+03,0.28844E+03,0.30784E+03,0.88615E+03,0.44224E+03,0.45776E+03,0.46655E+03,1.36654E+03,0.43582E+03,0.41835E+03,0.44366E+03,1.29783E+03,0.52131E+03,0.52413E+03,0.54220E+03,1.58732E+03,-0.32545E+03,-0.30301E+03,-0.31947E+03,-0.94794E+03,-0.27602E+03,-0.25529E+03,-0.27624E+03,-0.80756E+03,-0.66510E+00,-0.68948E+00,-0.69388E+00,-0.68280E+00,-0.84832E+00,-0.87336E+00,-0.86048E+00,-0.86091E+00,0.000E+00,120.181E+00,-119.985E+00,61.919E+00,179.264E+00,-59.238E+00,-48.310E+00,-46.411E+00,-46.062E+00,-46.937E+00,201.823E+00,201.596E+00,202.436E+00,91.734E+00,+99999.9E+99,+99999.9E+99,0.00007E+06,-0.00052E+06,0.00000E+00,10.270E+00,0.756E+03,0.00081E+06,43.821E+00,F0F08
2021/11/30,17:34:07,00000:00:32,600,38003F00,0,1B00,1B00,3F00,99.912E+00,0.000E+00,0.000E+00,110.973E+00,0.000E+00,0.000E+00,0.509E+00,0.000E+00,0.000E+00,99.911E+00,0.000E+00,0.000E+00,0.000E+00,0.000E+00,0.000E+00,100.907E+00,0.000E+00,0.000E+00,98.807E+00,0.000E+00,0.000E+00,108.824E+00,+99999.9E+99,415.482E+00,1.051E+00,+99999.9E+99,+99999.9E+99,11.9278E+00,0.00000E+00,0.00000E+00,12.2266E+00,0.00000E+00,0.00000E+00,4.5935E+00,0.00000E+00,0.00000E+00,11.0078E+00,0.00000E+00,0.00000E+00,2.8874E+00,0.00000E+00,0.00000E+00,18.3676E+00,0.0000E+00,0.0000E+00,4.1533E+00,0.0000E+00,0.0000E+00,105.456E+00,+99999.9E+99,+99999.9E+99,64.565E+00,+99999.9E+99,+99999.9E+99,1.09770E+03,0.00000E+03,0.00000E+03,0.00000E+03,0.00000E+03,0.00000E+03,1.19173E+03,0.00000E+03,0.00000E+03,0.00000E+03,0.00000E+03,0.00000E+03,0.46398E+03,0.00000E+03,0.00000E+03,0.00000E+03,0.00000E+03,0.00000E+03,0.92110E+00,0.00000E+00,0.00000E+00,0.80942E+00,0.88242E+00,0.59715E+00,0.000E+00,-85.564E+00,151.067E+00,144.039E+00,-57.499E+00,97.733E+00,22.913E+00,90.000E+00,90.000E+00,12.6116E+00,0.00000E+00,0.00000E+00,96.764E+00,100.000E+00,100.000E+00,0.03552E+03,0.00000E+03,0.00000E+03,+99999.9E+99,+99999.9E+99,+99999.9E+99,+99999.9E+99,+99999.9E+99,+99999.9E+99,+99999.9E+99,+99999.9E+99,+99999.9E+99,+99999.9E+99,+99999.9E+99,+99999.9E+99,1B00,0,0,0,1B00,76.5049E+00,77.0323E+00,77.0414E+00,76.8595E+00,71.8386E+00,72.8092E+00,72.8251E+00,72.4909E+00,76.5049E+00,77.0323E+00,77.0414E+00,0.0000E+00,0.0000E+00,0.0000E+00,73.0136E+00,72.9931E+00,72.8918E+00,105.813E+00,106.066E+00,105.753E+00,-104.460E+00,-105.127E+00,-104.520E+00,15.556E+00,15.462E+00,15.452E+00,+99999.9E+99,+99999.9E+99,+99999.9E+99,0.105E+00,11.7739E+00,11.5504E+00,11.3459E+00,11.5567E+00,10.1622E+00,10.0363E+00,9.7374E+00,9.9786E+00,11.7729E+00,11.5436E+00,11.3325E+00,-0.1553E+00,-0.3945E+00,0.5508E+00,5.2862E+00,5.2065E+00,5.6065E+00,27.7010E+00,27.1310E+00,28.5995E+00,-26.4867E+00,-27.2367E+00,-26.2295E+00,57.811E+00,56.987E+00,52.934E+00,+99999.9E+99,+99999.9E+99,+99999.9E+99,3.508E+00,0.36492E+03,0.34660E+03,0.35066E+03,1.06218E+03,0.18861E+03,0.19510E+03,0.20213E+03,0.58584E+03,0.52549E+03,0.51508E+03,0.50889E+03,1.54945E+03,0.21742E+03,0.21749E+03,0.22876E+03,0.66346E+03,-0.37812E+03,-0.38102E+03,-0.36878E+03,-1.12792E+03,-0.10816E+03,-0.09610E+03,-0.10713E+03,-0.31139E+03,-0.69443E+00,-0.67291E+00,-0.68907E+00,-0.68552E+00,-0.86748E+00,-0.89708E+00,-0.88357E+00,-0.88301E+00,0.000E+00,120.097E+00,-119.969E+00,59.821E+00,176.278E+00,-61.989E+00,-46.018E+00,-47.708E+00,-46.443E+00,-46.724E+00,201.925E+00,201.870E+00,201.282E+00,92.728E+00,+99999.9E+99,+99999.9E+99,0.00008E+06,-0.00064E+06,0.00000E+00,12.435E+00,0.756E+03,0.00098E+06,43.813E+00,F0F0F
2021/11/30,17:34:07,00000:00:32,650,38003F00,700,1F00,1F00,3F00,99.912E+00,0.000E+00,0.000E+00,110.973E+00,0.000E+00,0.000E+00,0.509E+00,0.000E+00,0.000E+00,99.911E+00,0.000E+00,0.000E+00,0.000E+00,0.000E+00,0.000E+00,100.907E+00,0.000E+00,0.000E+00,98.807E+00,0.000E+00,0.000E+00,20.545E+00,340.809E+00,378.532E+00,1.051E+00,+99999.9E+99,+99999.9E+99,11.9278E+00,0.00000E+00,0.00000E+00,12.2266E+00,0.00000E+00,0.00000E+00,4.5935E+00,0.00000E+00,0.00000E+00,11.0078E+00,0.00000E+00,0.00000E+00,4.6564E+00,0.00000E+00,0.00000E+00,18.3676E+00,0.0000E+00,0.0000E+00,4.1533E+00,0.0000E+00,0.0000E+00,11.941E+00,+99999.9E+99,+99999.9E+99,64.565E+00,+99999.9E+99,+99999.9E+99,1.09770E+03,0.00000E+03,0.00000E+03,0.00000E+03,0.00000E+03,0.00000E+03,1.19173E+03,0.00000E+03,0.00000E+03,0.00000E+03,0.00000E+03,0.00000E+03,0.46398E+03,0.00000E+03,0.00000E+03,0.00000E+03,0.00000E+03,0.00000E+03,0.92110E+00,0.00000E+00,0.00000E+00,0.91680E+00,0.08733E+00,0.97803E+00,0.000E+00,-101.728E+00,166.131E+00,156.463E+00,173.282E+00,154.100E+00,22.913E+00,90.000E+00,90.000E+00,12.6116E+00,0.00000E+00,0.00000E+00,116.714E+00,100.000E+00,100.000E+00,-0.18347E+03,0.00000E+03,0.00000E+03,+99999.9E+99,+99999.9E+99,+99999.9E+99,+99999.9E+99,+99999.9E+99,+99999.9E+99,+99999.9E+99,+99999.9E+99,+99999.9E+99,+99999.9E+99,+99999.9E+99,+99999.9E+99,1B00,0,0,0,1B00,77.2077E+00,77.2224E+00,76.9776E+00,77.1359E+00,72.1992E+00,72.3827E+00,71.8188E+00,72.1336E+00,77.2077E+00,77.2224E+00,76.9775E+00,0.0000E+00,0.0000E+00,0.0000E+00,71.0298E+00,71.6795E+00,71.4772E+00,105.334E+00,105.691E+00,105.587E+00,-104.510E+00,-105.210E+00,-104.756E+00,30.389E+00,30.646E+00,30.528E+00,+99999.9E+99,+99999.9E+99,+99999.9E+99,0.532E+00,13.4781E+00,13.0754E+00,13.4554E+00,13.3363E+00,12.4249E+00,12.0231E+00,12.3765E+00,12.2748E+00,13.4773E+00,13.0754E+00,13.4537E+00,-0.1464E+00,0.0000E+00,0.2115E+00,12.4668E+00,11.3753E+00,11.5150E+00,27.3590E+00,27.1038E+00,28.6043E+00,-25.9081E+00,-27.1424E+00,-26.7343E+00,40.883E+00,43.998E+00,44.037E+00,+99999.9E+99,+99999.9E+99,+99999.9E+99,5.713E+00,0.42430E+03,0.41728E+03,0.43959E+03,1.28117E+03,0.44802E+03,0.40017E+03,0.42603E+03,1.27422E+03,0.60689E+03,0.58894E+03,0.60479E+03,1.80062E+03,0.50209E+03,0.46307E+03,0.46634E+03,1.43013E+03,-0.43392E+03,-0.41560E+03,-0.41536E+03,-1.26489E+03,-0.22665E+03,-0.23303E+03,-0.18964E+03,-0.64932E+03,-0.69913E+00,-0.70853E+00,-0.72686E+00,-0.71152E+00,-0.89231E+00,-0.86416E+00,-0.91358E+00,-0.89099E+00,0.000E+00,119.892E+00,-119.608E+00,57.133E+00,-179.990E+00,-65.815E+00,-45.642E+00,-44.885E+00,-43.376E+00,-44.641E+00,201.305E+00,201.581E+00,201.932E+00,89.808E+00,+99999.9E+99,+99999.9E+99,0.00013E+06,-0.00073E+06,0.00000E+00,14.511E+00,0.757E+03,0.00115E+06,43.579E+00,F0F08
2021/11/30,17:34:07,00000:00:32,700,38003D00,500,1C00,1C00,3800,99.912E+00,0.000E+00,0.000E+00,110.973E+00,0.000E+00,0.000E+00,0.509E+00,0.000E+00,0.000E+00,99.911E+00,0.000E+00,0.000E+00,0.000E+00,0.000E+00,0.000E+00,100.907E+00,0.000E+00,0.000E+00,98.807E+00,0.000E+00,0.000E+00,20.545E+00,340.809E+00,378.532E+00,1.051E+00,+99999.9E+99,+99999.9E+99,11.9278E+00,0.00000E+00,0.00000E+00,12.2266E+00,0.00000E+00,0.00000E+00,4.5935E+00,0.00000E+00,0.00000E+00,11.0078E+00,0.00000E+00,0.00000E+00,4.6564E+00,0.00000E+00,0.00000E+00,18.3676E+00,0.0000E+00,0.0000E+00,4.1533E+00,0.0000E+00,0.0000E+00,11.941E+00,+99999.9E+99,+99999.9E+99,64.565E+00,+99999.9E+99,+99999.9E+99,1.09770E+03,0.00000E+03,0.00000E+03,0.00000E+03,0.00000E+03,0.00000E+03,1.19173E+03,0.00000E+03,0.00000E+03,0.00000E+03,0.00000E+03,0.00000E+03,0.46398E+03,0.00000E+03,0.00000E+03,0.00000E+03,0.00000E+03,0.00000E+03,0.92110E+00,0.00000E+00,0.00000E+00,0.91680E+00,0.08733E+00,0.97803E+00,0.000E+00,-101.728E+00,166.131E+00,156.463E+00,173.282E+00,154.100E+00,22.913E+00,90.000E+00,90.000E+00,12.6116E+00,0.00000E+00,0.00000E+00,70.993E+00,100.000E+00,100.000E+00,0.31841E+03,0.00000E+03,0.00000E+03,+99999.9E+99,+99999.9E+99,+99999.9E+99,+99999.9E+99,+99999.9E+99,+99999.9E+99,+99999.9E+99,+99999.9E+99,+99999.9E+99,+99999.9E+99,+99999.9E+99,+99999.9E+99,1B00,0,0,0,1B00,76.2569E+00,76.6531E+00,76.5080E+00,76.4726E+00,72.1542E+00,72.8933E+00,72.6292E+00,72.5589E+00,76.2568E+00,76.6531E+00,76.5080E+00,0.0000E+00,0.0000E+00,0.0000E+00,71.2937E+00,71.1836E+00,71.0197E+00,105.677E+00,106.017E+00,105.847E+00,-104.189E+00,-104.659E+00,-104.610E+00,31.918E+00,31.207E+00,31.816E+00,+99999.9E+99,+99999.9E+99,+99999.9E+99,0.230E+00,8.2436E+00,8.2064E+00,8.1623E+00,8.2041E+00,7.3610E+00,7.3379E+00,7.2771E+00,7.3253E+00,8.2436E+00,8.2056E+00,8.1597E+00,0.0000E+00,-0.1114E+00,0.2050E+00,11.7612E+00,11.7692E+00,12.3749E+00,22.2076E+00,20.7857E+00,20.3495E+00,-18.4810E+00,-18.9309E+00,-19.9586E+00,45.032E+00,43.891E+00,41.889E+00,+99999.9E+99,+99999.9E+99,+99999.9E+99,3.409E+00,0.26100E+03,0.25648E+03,0.26180E+03,0.77929E+03,0.40549E+03,0.42661E+03,0.43340E+03,1.26550E+03,0.36462E+03,0.36344E+03,0.36252E+03,1.09057E+03,0.47192E+03,0.47985E+03,0.49832E+03,1.44962E+03,-0.25460E+03,-0.25750E+03,-0.25075E+03,-0.76285E+03,-0.24143E+03,-0.21969E+03,-0.24592E+03,-0.70705E+03,-0.71583E+00,-0.70572E+00,-0.72218E+00,-0.71457E+00,-0.85923E+00,-0.88904E+00,-0.86974E+00,-0.87299E+00,0.000E+00,120.205E+00,-119.981E+00,60.714E+00,177.377E+00,-60.277E+00,-44.289E+00,-45.113E+00,-43.765E+00,-44.392E+00,202.233E+00,201.862E+00,201.845E+00,95.093E+00,+99999.9E+99,+99999.9E+99,0.00004E+06,-0.00048E+06,0.00000E+00,9.362E+00,0.756E+03,0.00074E+06,43.936E+00,F0F08
2021/11/30,17:34:07,00000:00:32,750,38003F00,700,1F00,1F00,3F00,99.912E+00,0.000E+00,0.000E+00,110.973E+00,0.000E+00,0.000E+00,0.509E+00,0.000E+00,0.000E+00,99.911E+00,0.000E+00,0.000E+00,0.000E+00,0.000E+00,0.000E+00,100.907E+00,0.000E+00,0.000E+00,98.807E+00,0.000E+00,0.000E+00,67.132E+00,+99999.9E+99,+99999.9E+99,1.051E+00,+99999.9E+99,+99999.9E+99,11.9278E+00,0.00000E+00,0.00000E+00,12.2266E+00,0.00000E+00,0.00000E+00,4.5935E+00,0.00000E+00,0.00000E+00,11.0078E+00,0.00000E+00,0.00000E+00,3.9021E+00,0.00000E+00,0.00000E+00,18.3676E+00,0.0000E+00,0.0000E+00,4.1533E+00,0.0000E+00,0.0000E+00,48.569E+00,+99999.9E+99,+99999.9E+99,64.565E+00,+99999.9E+99,+99999.9E+99,1.09770E+03,0.00000E+03,0.00000E+03,0.00000E+03,0.00000E+03,0.00000E+03,1.19173E+03,0.00000E+03,0.00000E+03,0.00000E+03,0.00000E+03,0.00000E+03,0.46398E+03,0.00000E+03,0.00000E+03,0.00000E+03,0.00000E+03,0.00000E+03,0.92110E+00,0.00000E+00,0.00000E+00,0.89170E+00,0.37652E+00,0.56800E+00,0.000E+00,-146.253E+00,156.303E+00,153.087E+00,101.629E+00,100.914E+00,22.913E+00,90.000E+00,90.000E+00,12.6116E+00,0.00000E+00,0.00000E+00,115.675E+00,100.000E+00,100.000E+00,-0.17206E+03,0.00000E+03,0.00000E+03,+99999.9E+99,+99999.9E+99,+99999.9E+99,+99999.9E+99,+99999.9E+99,+99999.9E+99,+99999.9E+99,+99999.9E+99,+99999.9E+99,+99999.9E+99,+99999.9E+99,+99999.9E+99,1B00,0,0,0,1B00,77.0598E+00,77.1820E+00,77.1118E+00,77.1179E+00,72.1262E+00,72.5449E+00,72.2866E+00,72.3192E+00,77.0598E+00,77.1820E+00,77.1118E+00,0.0000E+00,0.0000E+00,0.0000E+00,72.9966E+00,73.2395E+00,73.1109E+00,105.827E+00,106.084E+00,105.647E+00,-105.076E+00,-104.579E+00,-104.687E+00,14.194E+00,14.382E+00,14.449E+00,+99999.9E+99,+99999.9E+99,+99999.9E+99,0.195E+00,13.4900E+00,13.0206E+00,13.2145E+00,13.2417E+00,12.2886E+00,11.8054E+00,11.8688E+00,11.9876E+00,13.4888E+00,13.0164E+00,13.2046E+00,-0.1802E+00,-0.3299E+00,0.5111E+00,5.2798E+00,4.8022E+00,4.9511E+00,27.8862E+00,27.1424E+00,28.6214E+00,-26.6719E+00,-27.2648E+00,-26.6995E+00,54.161E+00,58.247E+00,56.253E+00,+99999.9E+99,+99999.9E+99,+99999.9E+99,4.407E+00,0.43191E+03,0.40989E+03,0.42796E+03,1.26976E+03,0.19116E+03,0.17591E+03,0.18761E+03,0.55468E+03,0.60746E+03,0.58505E+03,0.59387E+03,1.78639E+03,0.21558E+03,0.20055E+03,0.20584E+03,0.62164E+03,-0.42716E+03,-0.41746E+03,-0.41175E+03,-1.25637E+03,-0.09966E+03,-0.09631E+03,-0.08469E+03,-0.28067E+03,-0.71100E+00,-0.70061E+00,-0.72063E+00,-0.71080E+00,-0.88672E+00,-0.87715E+00,-0.91143E+00,-0.89228E+00,0.000E+00,120.008E+00,-119.831E+00,57.645E+00,178.649E+00,-65.585E+00,-44.683E+00,-45.524E+00,-43.894E+00,-44.700E+00,201.174E+00,201.329E+00,201.568E+00,90.837E+00,+99999.9E+99,+99999.9E+99,0.00012E+06,-0.00074E+06,0.00000E+00,14.557E+00,0.757E+03,0.00115E+06,43.584E+00,F0F08
2021/11/30,17:34:08,00000:00:32,800,38003F00,2800,3B00,3B00,3F00,99.862E+00,0.000E+00,0.000E+00,110.917E+00,0.000E+00,0.000E+00,0.498E+00,0.000E+00,0.000E+00,99.860E+00,0.000E+00,0.000E+00,0.000E+00,0.000E+00,0.000E+00,100.918E+00,0.000E+00,0.000E+00,98.796E+00,0.000E+00,0.000E+00,67.132E+00,+99999.9E+99,+99999.9E+99,1.062E+00,+99999.9E+99,+99999.9E+99,12.1128E+00,0.00000E+00,0.00000E+00,12.4500E+00,0.00000E+00,0.00000E+00,4.5913E+00,0.00000E+00,0.00000E+00,11.2090E+00,0.00000E+00,0.00000E+00,3.9021E+00,0.00000E+00,0.00000E+00,18.3055E+00,0.0000E+00,0.0000E+00,4.1802E+00,0.0000E+00,0.0000E+00,48.569E+00,+99999.9E+99,+99999.9E+99,63.009E+00,+99999.9E+99,+99999.9E+99,1.11727E+03,0.00000E+03,0.00000E+03,0.00000E+03,0.00000E+03,0.00000E+03,1.20961E+03,0.00000E+03,0.00000E+03,0.00000E+03,0.00000E+03,0.00000E+03,0.46354E+03,0.00000E+03,0.00000E+03,0.00000E+03,0.00000E+03,0.00000E+03,0.92366E+00,0.00000E+00,0.00000E+00,0.89170E+00,0.37652E+00,0.56800E+00,0.000E+00,-146.253E+00,156.303E+00,153.087E+00,101.629E+00,100.914E+00,22.533E+00,90.000E+00,90.000E+00,0.00000E+00,0.00000E+00,0.00000E+00,97.976E+00,100.000E+00,100.000E+00,0.02261E+03,0.00000E+03,0.00000E+03,+99999.9E+99,+99999.9E+99,+99999.9E+99,+99999.9E+99,+99999.9E+99,+99999.9E+99,+99999.9E+99,+99999.9E+99,+99999.9E+99,+99999.9E+99,+99999.9E+99,+99999.9E+99,1B00,0,0,0,1B00,76.7632E+00,77.0940E+00,76.8258E+00,76.8943E+00,72.0607E+00,72.6620E+00,72.1764E+00,72.2997E+00,76.7632E+00,77.0940E+00,76.8258E+00,0.0000E+00,0.0000E+00,0.0000E+00,70.0914E+00,70.4601E+00,70.3993E+00,105.493E+00,106.013E+00,105.490E+00,-104.231E+00,-104.940E+00,-104.560E+00,37.751E+00,37.733E+00,37.576E+00,+99999.9E+99,+99999.9E+99,+99999.9E+99,0.328E+00,11.9612E+00,11.8139E+00,12.0945E+00,11.9565E+00,10.4777E+00,10.4183E+00,10.6095E+00,10.5018E+00,11.9607E+00,11.8139E+00,12.0945E+00,-0.1091E+00,0.0000E+00,0.0000E+00,15.1588E+00,14.5670E+00,14.5921E+00,27.6867E+00,27.0738E+00,28.6324E+00,-26.2400E+00,-27.2610E+00,-26.7086E+00,39.161E+00,40.612E+00,40.412E+00,+99999.9E+99,+99999.9E+99,+99999.9E+99,2.780E+00,0.35894E+03,0.36186E+03,0.37385E+03,1.09465E+03,0.53996E+03,0.51015E+03,0.52983E+03,1.57994E+03,0.53440E+03,0.52933E+03,0.54267E+03,1.60639E+03,0.61244E+03,0.58674E+03,0.59268E+03,1.79147E+03,-0.39590E+03,-0.38632E+03,-0.39336E+03,-1.17558E+03,-0.28901E+03,-0.28986E+03,-0.26562E+03,-0.84448E+03,-0.67168E+00,-0.68363E+00,-0.68890E+00,-0.68143E+00,-0.88166E+00,-0.86945E+00,-0.89396E+00,-0.88192E+00,0.000E+00,119.883E+00,-119.795E+00,58.333E+00,179.458E+00,-63.315E+00,-47.803E+00,-46.872E+00,-46.457E+00,-47.044E+00,202.146E+00,202.296E+00,201.822E+00,90.047E+00,+99999.9E+99,+99999.9E+99,0.00011E+06,-0.00062E+06,0.00000E+00,12.434E+00,0.757E+03,0.00099E+06,43.825E+00,F0F08
2021/11/30,17:34:08,00000:00:32,850,38003F00,2D00,3F00,3F00,3F00,99.862E+00,0.000E+00,0.000E+00,110.917E+00,0.000E+00,0.000E+00,0.498E+00,0.000E+00,0.000E+00,99.860E+00,0.000E+00,0.000E+00,0.000E+00,0.000E+00,0.000E+00,100.918E+00,0.000E+00,0.000E+00,98.796E+00,0.000E+00,0.000E+00,36.880E+00,+99999.9E+99,431.944E+00,1.062E+00,+99999.9E+99,+99999.9E+99,12.1128E+00,0.00000E+00,0.00000E+00,12.4500E+00,0.00000E+00,0.00000E+00,4.5913E+00,0.00000E+00,0.00000E+00,11.2090E+00,0.00000E+00,0.00000E+00,4.1457E+00,0.00000E+00,0.00000E+00,18.3055E+00,0.0000E+00,0.0000E+00,4.1802E+00,0.0000E+00,0.0000E+00,45.211E+00,+99999.9E+99,+99999.9E+99,63.009E+00,+99999.9E+99,+99999.9E+99,1.11727E+03,0.00000E+03,0.00000E+03,0.00000E+03,0.00000E+03,0.00000E+03,1.20961E+03,0.00000E+03,0.00000E+03,0.00000E+03,0.00000E+03,0.00000E+03,0.46354E+03,0.00000E+03,0.00000E+03,0.00000E+03,0.00000E+03,0.00000E+03,0.92366E+00,0.00000E+00,0.00000E+00,0.92986E+00,0.53238E+00,0.99895E+00,0.000E+00,-110.083E+00,-178.924E+00,158.412E+00,-167.917E+00,-176.293E+00,22.533E+00,90.000E+00,90.000E+00,0.00000E+00,0.00000E+00,0.00000E+00,76.960E+00,100.000E+00,100.000E+00,0.25742E+03,0.00000E+03,0.00000E+03,+99999.9E+99,+99999.9E+99,+99999.9E+99,+99999.9E+99,+99999.9E+99,+99999.9E+99,+99999.9E+99,+99999.9E+99,+99999.9E+99,+99999.9E+99,+99999.9E+99,+99999.9E+99,1B00,0,0,0,1B00,76.5474E+00,76.6519E+00,76.5635E+00,76.5876E+00,72.4433E+00,72.8058E+00,72.5102E+00,72.5864E+00,76.5474E+00,76.6519E+00,76.5635E+00,0.0000E+00,0.0000E+00,0.0000E+00,72.4794E+00,72.2498E+00,72.2316E+00,105.686E+00,106.109E+00,105.810E+00,-104.369E+00,-105.021E+00,-104.391E+00,22.537E+00,21.574E+00,22.130E+00,+99999.9E+99,+99999.9E+99,+99999.9E+99,0.216E+00,9.5774E+00,9.1069E+00,9.2265E+00,9.3036E+00,8.2812E+00,7.8890E+00,7.9106E+00,8.0269E+00,9.5763E+00,9.1032E+00,9.2177E+00,-0.1418E+00,-0.2599E+00,0.4028E+00,7.6834E+00,8.1288E+00,8.3255E+00,26.1224E+00,24.2114E+00,25.2109E+00,-26.4138E+00,-25.5257E+00,-22.4805E+00,52.722E+00,48.377E+00,47.263E+00,+99999.9E+99,+99999.9E+99,+99999.9E+99,4.702E+00,0.29397E+03,0.27636E+03,0.28951E+03,0.85985E+03,0.27229E+03,0.29437E+03,0.29617E+03,0.86283E+03,0.42586E+03,0.40416E+03,0.40953E+03,1.23955E+03,0.31563E+03,0.32712E+03,0.34109E+03,0.98324E+03,-0.30812E+03,-0.29491E+03,-0.28965E+03,-0.89267E+03,-0.15961E+03,-0.14267E+03,-0.16919E+03,-0.47147E+03,-0.69031E+00,-0.68379E+00,-0.70694E+00,-0.69368E+00,-0.86271E+00,-0.89987E+00,-0.86831E+00,-0.87754E+00,0.000E+00,120.116E+00,-120.098E+00,60.273E+00,175.968E+00,-60.249E+00,-46.346E+00,-46.859E+00,-45.014E+00,-46.078E+00,201.794E+00,201.815E+00,202.178E+00,94.359E+00,+99999.9E+99,+99999.9E+99,0.00005E+06,-0.00053E+06,0.00000E+00,10.243E+00,0.756E+03,0.00081E+06,43.775E+00,F0F08
2021/11/30,17:34:08,00000:00:32,900,38003A00,2A00,3800,3800,3800,100.005E+00,0.000E+00,0.000E+00,111.076E+00,0.000E+00,0.000E+00,0.489E+00,0.000E+00,0.000E+00,100.004E+00,0.000E+00,0.000E+00,0.000E+00,0.000E+00,0.000E+00,100.900E+00,0.000E+00,0.000E+00,98.904E+00,0.000E+00,0.000E+00,36.880E+00,+99999.9E+99,431.944E+00,0.998E+00,+99999.9E+99,+99999.9E+99,10.7415E+00,0.00000E+00,0.00000E+00,11.0185E+00,0.00000E+00,0.00000E+00,4.1195E+00,0.00000E+00,0.00000E+00,9.9201E+00,0.00000E+00,0.00000E+00,4.1457E+00,0.00000E+00,0.00000E+00,17.7207E+00,0.0000E+00,0.0000E+00,4.0190E+00,0.0000E+00,0.0000E+00,45.211E+00,+99999.9E+99,+99999.9E+99,69.060E+00,+99999.9E+99,+99999.9E+99,0.99028E+03,0.00000E+03,0.00000E+03,0.00000E+03,0.00000E+03,0.00000E+03,1.07420E+03,0.00000E+03,0.00000E+03,0.00000E+03,0.00000E+03,0.00000E+03,0.41625E+03,0.00000E+03,0.00000E+03,0.00000E+03,0.00000E+03,0.00000E+03,0.92187E+00,0.00000E+00,0.00000E+00,0.92986E+00,0.53238E+00,0.99895E+00,0.000E+00,-110.083E+00,-178.924E+00,158.412E+00,-167.917E+00,-176.293E+00,22.799E+00,90.000E+00,90.000E+00,14.5198E+00,0.00000E+00,0.00000E+00,135.360E+00,100.000E+00,100.000E+00,-0.35016E+03,0.00000E+03,0.00000E+03,+99999.9E+99,+99999.9E+99,+99999.9E+99,+99999.9E+99,+99999.9E+99,+99999.9E+99,+99999.9E+99,+99999.9E+99,+99999.9E+99,+99999.9E+99,+99999.9E+99,+99999.9E+99,1B00,0,0,0,1B00,77.0239E+00,77.4766E+00,77.3378E+00,77.2794E+00,71.6899E+00,72.5436E+00,72.2879E+00,72.1738E+00,77.0239E+00,77.4766E+00,77.3378E+00,0.0000E+00,0.0000E+00,0.0000E+00,72.3363E+00,72.7923E+00,72.6616E+00,105.583E+00,106.157E+00,105.626E+00,-104.954E+00,-104.817E+00,-104.644E+00,20.276E+00,20.447E+00,20.690E+00,+99999.9E+99,+99999.9E+99,+99999.9E+99,0.381E+00,13.8514E+00,13.5349E+00,13.6579E+00,13.6814E+00,12.9628E+00,12.7777E+00,12.7247E+00,12.8217E+00,13.8505E+00,13.5329E+00,13.6523E+00,-0.1566E+00,-0.2303E+00,0.3882E+00,8.0643E+00,7.4994E+00,7.3362E+00,27.6586E+00,26.8838E+00,28.0881E+00,-26.5238E+00,-27.0662E+00,-25.9838E+00,46.948E+00,49.177E+00,51.001E+00,+99999.9E+99,+99999.9E+99,+99999.9E+99,6.822E+00,0.45096E+03,0.43964E+03,0.44984E+03,1.34044E+03,0.29539E+03,0.25850E+03,0.27700E+03,0.83089E+03,0.62397E+03,0.61026E+03,0.61789E+03,1.85213E+03,0.32922E+03,0.29849E+03,0.30035E+03,0.92685E+03,-0.43125E+03,-0.42324E+03,-0.42360E+03,-1.27810E+03,-0.14536E+03,-0.14925E+03,-0.11610E+03,-0.41070E+03,-0.72272E+00,-0.72042E+00,-0.72802E+00,-0.72373E+00,-0.89725E+00,-0.86602E+00,-0.92227E+00,-0.89647E+00,0.000E+00,119.901E+00,-119.734E+00,56.411E+00,179.846E+00,-67.149E+00,-43.721E+00,-43.911E+00,-43.280E+00,-43.637E+00,201.787E+00,201.448E+00,201.106E+00,90.303E+00,+99999.9E+99,+99999.9E+99,0.00013E+06,-0.00077E+06,0.00000E+00,15.255E+00,0.758E+03,0.00121E+06,43.673E+00,F0F08
2021/11/30,17:34:08,00000:00:32,950,38003F00,0,1B00,1B00,3F00,99.959E+00,0.000E+00,0.000E+00,111.025E+00,0.000E+00,0.000E+00,0.498E+00,0.000E+00,0.000E+00,99.958E+00,0.000E+00,0.000E+00,0.000E+00,0.000E+00,0.000E+00,100.918E+00,0.000E+00,0.000E+00,98.811E+00,0.000E+00,0.000E+00,22.319E+00,+99999.9E+99,+99999.9E+99,1.054E+00,+99999.9E+99,+99999.9E+99,11.4066E+00,0.00000E+00,0.00000E+00,11.6776E+00,0.00000E+00,0.00000E+00,4.4245E+00,0.00000E+00,0.00000E+00,10.5135E+00,0.00000E+00,0.00000E+00,4.3900E+00,0.00000E+00,0.00000E+00,17.8519E+00,0.0000E+00,0.0000E+00,4.1510E+00,0.0000E+00,0.0000E+00,9.389E+00,+99999.9E+99,+99999.9E+99,65.159E+00,+99999.9E+99,+99999.9E+99,1.04896E+03,0.00000E+03,0.00000E+03,0.00000E+03,0.00000E+03,0.00000E+03,1.14020E+03,0.00000E+03,0.00000E+03,0.00000E+03,0.00000E+03,0.00000E+03,-0.44692E+03,0.00000E+03,0.00000E+03,0.00000E+03,0.00000E+03,0.00000E+03,-0.91998E+00,0.00000E+00,0.00000E+00,0.89668E+00,0.27003E+00,0.68655E+00,0.000E+00,99.302E+00,158.652E+00,153.725E+00,173.636E+00,-154.705E+00,-23.077E+00,90.000E+00,90.000E+00,13.3385E+00,0.00000E+00,0.00000E+00,83.276E+00,100.000E+00,100.000E+00,0.17543E+03,0.00000E+03,0.00000E+03,+99999.9E+99,+99999.9E+99,+99999.9E+99,+99999.9E+99,+99999.9E+99,+99999.9E+99,+99999.9E+99,+99999.9E+99,+99999.9E+99,+99999.9E+99,+99999.9E+99,+99999.9E+99,1B00,0,0,0,1B00,76.7110E+00,76.6868E+00,76.3881E+00,76.5953E+00,72.5593E+00,72.7123E+00,72.0326E+00,72.4347E+00,76.7109E+00,76.6868E+00,76.3881E+00,0.0000E+00,0.0000E+00,0.0000E+00,70.2827E+00,70.2961E+00,70.1912E+00,105.823E+00,105.914E+00,105.844E+00,-104.693E+00,-104.604E+00,-104.251E+00,37.855E+00,37.504E+00,37.648E+00,+99999.9E+99,+99999.9E+99,+99999.9E+99,0.086E+00,9.7385E+00,9.3259E+00,9.9297E+00,9.6647E+00,8.4421E+00,8.0826E+00,8.4834E+00,8.3360E+00,9.7379E+00,9.3259E+00,9.9297E+00,-0.1142E+00,0.0000E+00,0.0000E+00,14.4810E+00,14.3712E+00,14.7087E+00,26.0971E+00,24.8505E+00,27.2138E+00,-25.6462E+00,-23.4495E+00,-26.7252E+00,41.303E+00,41.302E+00,39.859E+00,+99999.9E+99,+99999.9E+99,+99999.9E+99,1.495E+00,0.28577E+03,0.28382E+03,0.30394E+03,0.87353E+03,0.50399E+03,0.50684E+03,0.51850E+03,1.52932E+03,0.43324E+03,0.41522E+03,0.44066E+03,1.28911E+03,0.58557E+03,0.58056E+03,0.59493E+03,1.76096E+03,-0.32562E+03,-0.30307E+03,-0.31906E+03,-0.94775E+03,-0.29815E+03,-0.28314E+03,-0.29173E+03,-0.87301E+03,-0.65961E+00,-0.68355E+00,-0.68974E+00,-0.67762E+00,-0.86067E+00,-0.87302E+00,-0.87152E+00,-0.86846E+00,0.000E+00,120.082E+00,-119.953E+00,60.612E+00,179.228E+00,-60.549E+00,-48.730E+00,-46.878E+00,-46.391E+00,-47.342E+00,202.049E+00,202.418E+00,202.662E+00,92.092E+00,+99999.9E+99,+99999.9E+99,0.00007E+06,-0.00052E+06,0.00000E+00,10.152E+00,0.757E+03,0.00080E+06,43.823E+00,F0F0F
2021/11/30,17:34:08,00000:00:33,0,38003F00,700,1F00,1F00,3F00,99.959E+00,0.000E+00,0.000E+00,111.025E+00,0.000E+00,0.000E+00,0.498E+00,0.000E+00,0.000E+00,99.958E+00,0.000E+00,0.000E+00,0.000E+00,0.000E+00,0.000E+00,100.918E+00,0.000E+00,0.000E+00,98.811E+00,0.000E+00,0.000E+00,22.551E+00,+99999.9E+99,+99999.9E+99,1.054E+00,+99999.9E+99,+99999.9E+99,11.4066E+00,0.00000E+00,0.00000E+00,11.6776E+00,0.00000E+00,0.00000E+00,4.4245E+00,0.00000E+00,0.00000E+00,10.5135E+00,0.00000E+00,0.00000E+00,4.4090E+00,0.00000E+00,0.00000E+00,17.8519E+00,0.0000E+00,0.0000E+00,4.1510E+00,0.0000E+00,0.0000E+00,9.925E+00,+99999.9E+99,+99999.9E+99,65.159E+00,+99999.9E+99,+99999.9E+99,1.04896E+03,0.00000E+03,0.00000E+03,0.00000E+03,0.00000E+03,0.00000E+03,1.14020E+03,0.00000E+03,0.00000E+03,0.00000E+03,0.00000E+03,0.00000E+03,-0.44692E+03,0.00000E+03,0.00000E+03,0.00000E+03,0.00000E+03,0.00000E+03,-0.91998E+00,0.00000E+00,0.00000E+00,0.89719E+00,0.99726E+00,0.33057E+00,0.000E+00,169.323E+00,-176.009E+00,153.790E+00,-6.434E+00,74.688E+00,-23.077E+00,90.000E+00,90.000E+00,13.3385E+00,0.00000E+00,0.00000E+00,98.171E+00,100.000E+00,100.000E+00,0.01919E+03,0.00000E+03,0.00000E+03,+99999.9E+99,+99999.9E+99,+99999.9E+99,+99999.9E+99,+99999.9E+99,+99999.9E+99,+99999.9E+99,+99999.9E+99,+99999.9E+99,+99999.9E+99,+99999.9E+99,+99999.9E+99,1B00,0,0,0,1B00,76.5329E+00,76.9868E+00,77.0168E+00,76.8455E+00,71.8199E+00,72.7060E+00,72.7357E+00,72.4205E+00,76.5329E+00,76.9868E+00,77.0168E+00,0.0000E+00,0.0000E+00,0.0000E+00,73.0806E+00,73.0802E+00,72.9662E+00,105.876E+00,106.081E+00,105.759E+00,-105.144E+00,-104.710E+00,-104.783E+00,15.445E+00,15.285E+00,15.318E+00,+99999.9E+99,+99999.9E+99,+99999.9E+99,0.108E+00,11.4897E+00,11.2415E+00,11.0423E+00,11.2578E+00,9.9753E+00,9.8326E+00,9.5364E+00,9.7814E+00,11.4882E+00,11.2357E+00,11.0287E+00,-0.1853E+00,-0.3611E+00,0.5475E+00,5.2010E+00,5.1013E+00,5.5164E+00,27.0886E+00,26.7786E+00,28.0867E+00,-26.1776E+00,-26.4881E+00,-25.5014E+00,58.771E+00,58.135E+00,53.703E+00,+99999.9E+99,+99999.9E+99,+99999.9E+99,3.639E+00,0.35461E+03,0.33509E+03,0.34007E+03,1.02977E+03,0.18433E+03,0.19007E+03,0.19808E+03,0.57248E+03,0.51289E+03,0.50095E+03,0.49446E+03,1.50829E+03,0.21417E+03,0.21312E+03,0.22517E+03,0.65224E+03,-0.37055E+03,-0.37238E+03,-0.35894E+03,-1.10186E+03,-0.10905E+03,-0.09641E+03,-0.10707E+03,-0.31254E+03,-0.69140E+00,-0.66891E+00,-0.68777E+00,-0.68274E+00,-0.86066E+00,-0.89182E+00,-0.87970E+00,-0.87772E+00,0.000E+00,120.099E+00,-119.954E+00,60.606E+00,176.947E+00,-61.508E+00,-46.259E+00,-48.017E+00,-46.546E+00,-46.942E+00,201.930E+00,201.278E+00,201.308E+00,93.084E+00,+99999.9E+99,+99999.9E+99,0.00007E+06,-0.00062E+06,0.00000E+00,12.101E+00,0.756E+03,0.00096E+06,43.810E+00,F0F08
2021/11/30,17:34:08,00000:00:33,50,38003F00,500,1F00,1F00,3F00,99.959E+00,0.000E+00,0.000E+00,111.025E+00,0.000E+00,0.000E+00,0.498E+00,0.000E+00,0.000E+00,99.958E+00,0.000E+00,0.000E+00,0.000E+00,0.000E+00,0.000E+00,100.918E+00,0.000E+00,0.000E+00,98.811E+00,0.000E+00,0.000E+00,22.551E+00,+99999.9E+99,+99999.9E+99,1.054E+00,+99999.9E+99,+99999.9E+99,11.4066E+00,0.00000E+00,0.00000E+00,11.6776E+00,0.00000E+00,0.00000E+00,4.4245E+00,0.00000E+00,0.00000E+00,10.5135E+00,0.00000E+00,0.00000E+00,4.4090E+00,0.00000E+00,0.00000E+00,17.8519E+00,0.0000E+00,0.0000E+00,4.1510E+00,0.0000E+00,0.0000E+00,9.925E+00,+99999.9E+99,+99999.9E+99,65.159E+00,+99999.9E+99,+99999.9E+99,1.04896E+03,0.00000E+03,0.00000E+03,0.00000E+03,0.00000E+03,0.00000E+03,1.14020E+03,0.00000E+03,0.00000E+03,0.00000E+03,0.00000E+03,0.00000E+03,-0.44692E+03,0.00000E+03,0.00000E+03,0.00000E+03,0.00000E+03,0.00000E+03,-0.91998E+00,0.00000E+00,0.00000E+00,0.89719E+00,0.99726E+00,0.33057E+00,0.000E+00,169.323E+00,-176.009E+00,153.790E+00,-6.434E+00,74.688E+00,-23.077E+00,90.000E+00,90.000E+00,13.3385E+00,0.00000E+00,0.00000E+00,119.272E+00,100.000E+00,100.000E+00,-0.20216E+03,0.00000E+03,0.00000E+03,+99999.9E+99,+99999.9E+99,+99999.9E+99,+99999.9E+99,+99999.9E+99,+99999.9E+99,+99999.9E+99,+99999.9E+99,+99999.9E+99,+99999.9E+99,+99999.9E+99,+99999.9E+99,1B00,0,0,0,1B00,77.0147E+00,77.2243E+00,77.0856E+00,77.1082E+00,72.0371E+00,72.5370E+00,72.2052E+00,72.2598E+00,77.0147E+00,77.2243E+00,77.0856E+00,0.0000E+00,0.0000E+00,0.0000E+00,71.0171E+00,71.6797E+00,71.4946E+00,105.723E+00,106.049E+00,105.646E+00,-105.011E+00,-104.634E+00,-104.461E+00,30.038E+00,30.140E+00,30.015E+00,+99999.9E+99,+99999.9E+99,+99999.9E+99,0.548E+00,13.1216E+00,12.7686E+00,12.9859E+00,12.9587E+00,12.0396E+00,11.7353E+00,11.8667E+00,11.8805E+00,13.1209E+00,12.7675E+00,12.9824E+00,-0.1353E+00,-0.1652E+00,0.3016E+00,12.2310E+00,11.1336E+00,11.2406E+00,27.7757E+00,27.0771E+00,28.5314E+00,-26.6181E+00,-27.1729E+00,-26.5214E+00,41.439E+00,44.802E+00,44.554E+00,+99999.9E+99,+99999.9E+99,+99999.9E+99,6.004E+00,0.41903E+03,0.40788E+03,0.42421E+03,1.25112E+03,0.43774E+03,0.38825E+03,0.41471E+03,1.24069E+03,0.59004E+03,0.57400E+03,0.58423E+03,1.74826E+03,0.49358E+03,0.45367E+03,0.45621E+03,1.40198E+03,-0.41540E+03,-0.40386E+03,-0.40171E+03,-1.22097E+03,-0.22803E+03,-0.23470E+03,-0.19013E+03,-0.65286E+03,-0.71017E+00,-0.71061E+00,-0.72609E+00,-0.71564E+00,-0.88688E+00,-0.85579E+00,-0.90902E+00,-0.88496E+00,0.000E+00,119.869E+00,-119.609E+00,57.822E+00,-179.065E+00,-65.196E+00,-44.751E+00,-44.716E+00,-43.440E+00,-44.305E+00,201.315E+00,202.164E+00,201.899E+00,90.598E+00,+99999.9E+99,+99999.9E+99,0.00012E+06,-0.00073E+06,0.00000E+00,14.295E+00,0.757E+03,0.00113E+06,43.583E+00,F0F08
2021/11/30,17:34:08,00000:00:33,100,38003D00,500,1C00,1C00,3800,99.959E+00,0.000E+00,0.000E+00,111.025E+00,0.000E+00,0.000E+00,0.498E+00,0.000E+00,0.000E+00,99.958E+00,0.000E+00,0.000E+00,0.000E+00,0.000E+00,0.000E+00,100.918E+00,0.000E+00,0.000E+00,98.811E+00,0.000E+00,0.000E+00,54.532E+00,+99999.9E+99,423.584E+00,1.054E+00,+99999.9E+99,+99999.9E+99,11.4066E+00,0.00000E+00,0.00000E+00,11.6776E+00,0.00000E+00,0.00000E+00,4.4245E+00,0.00000E+00,0.00000E+00,10.5135E+00,0.00000E+00,0.00000E+00,4.2431E+00,0.00000E+00,0.00000E+00,17.8519E+00,0.0000E+00,0.0000E+00,4.1510E+00,0.0000E+00,0.0000E+00,35.257E+00,+99999.9E+99,+99999.9E+99,65.159E+00,+99999.9E+99,+99999.9E+99,1.04896E+03,0.00000E+03,0.00000E+03,0.00000E+03,0.00000E+03,0.00000E+03,1.14020E+03,0.00000E+03,0.00000E+03,0.00000E+03,0.00000E+03,0.00000E+03,-0.44692E+03,0.00000E+03,0.00000E+03,0.00000E+03,0.00000E+03,0.00000E+03,-0.91998E+00,0.00000E+00,0.00000E+00,0.91337E+00,0.67947E+00,0.63004E+00,0.000E+00,88.686E+00,154.340E+00,155.975E+00,-138.512E+00,-76.607E+00,-23.077E+00,90.000E+00,90.000E+00,13.3385E+00,0.00000E+00,0.00000E+00,83.657E+00,100.000E+00,100.000E+00,0.17143E+03,0.00000E+03,0.00000E+03,+99999.9E+99,+99999.9E+99,+99999.9E+99,+99999.9E+99,+99999.9E+99,+99999.9E+99,+99999.9E+99,+99999.9E+99,+99999.9E+99,+99999.9E+99,+99999.9E+99,+99999.9E+99,1B00,0,0,0,1B00,76.7298E+00,76.6740E+00,76.3901E+00,76.5980E+00,72.6213E+00,72.7102E+00,72.0608E+00,72.4641E+00,76.7298E+00,76.6740E+00,76.3901E+00,0.0000E+00,0.0000E+00,0.0000E+00,71.2934E+00,71.2095E+00,71.0474E+00,105.773E+00,105.997E+00,105.737E+00,-104.816E+00,-104.793E+00,-105.371E+00,31.894E+00,31.115E+00,31.773E+00,+99999.9E+99,+99999.9E+99,+99999.9E+99,0.210E+00,9.7537E+00,9.3436E+00,9.9467E+00,9.6813E+00,8.4510E+00,8.1026E+00,8.5048E+00,8.3528E+00,9.7537E+00,9.3436E+00,9.9467E+00,0.0000E+00,0.0000E+00,0.0000E+00,11.7652E+00,11.7612E+00,12.3652E+00,26.4400E+00,24.8190E+00,27.0405E+00,-25.5695E+00,-23.2990E+00,-26.7290E+00,45.019E+00,43.968E+00,41.907E+00,+99999.9E+99,+99999.9E+99,+99999.9E+99,3.345E+00,0.28726E+03,0.28527E+03,0.30500E+03,0.87752E+03,0.40546E+03,0.42593E+03,0.43299E+03,1.26438E+03,0.43406E+03,0.41609E+03,0.44143E+03,1.29158E+03,0.47208E+03,0.47960E+03,0.49806E+03,1.44929E+03,-0.32541E+03,-0.30291E+03,-0.31911E+03,-0.94743E+03,-0.24179E+03,-0.22046E+03,-0.24612E+03,-0.70837E+03,-0.66179E+00,-0.68558E+00,-0.69095E+00,-0.67942E+00,-0.85888E+00,-0.88809E+00,-0.86937E+00,-0.87241E+00,0.000E+00,120.191E+00,-119.970E+00,60.764E+00,177.483E+00,-60.237E+00,-48.563E+00,-46.718E+00,-46.295E+00,-47.202E+00,202.383E+00,201.715E+00,202.014E+00,91.728E+00,+99999.9E+99,+99999.9E+99,0.00007E+06,-0.00052E+06,0.00000E+00,10.160E+00,0.757E+03,0.00080E+06,43.926E+00,F0F08
2021/11/30,17:34:08,00000:00:33,150,38003F00,700,1F00,1F00,3F00,99.959E+00,0.000E+00,0.000E+00,111.025E+00,0.000E+00,0.000E+00,0.498E+00,0.000E+00,0.000E+00,99.958E+00,0.000E+00,0.000E+00,0.000E+00,0.000E+00,0.000E+00,100.918E+00,0.000E+00,0.000E+00,98.811E+00,0.000E+00,0.000E+00,54.532E+00,+99999.9E+99,423.584E+00,1.054E+00,+99999.9E+99,+99999.9E+99,11.4066E+00,0.00000E+00,0.00000E+00,11.6776E+00,0.00000E+00,0.00000E+00,4.4245E+00,0.00000E+00,0.00000E+00,10.5135E+00,0.00000E+00,0.00000E+00,4.2431E+00,0.00000E+00,0.00000E+00,17.8519E+00,0.0000E+00,0.0000E+00,4.1510E+00,0.0000E+00,0.0000E+00,35.257E+00,+99999.9E+99,+99999.9E+99,65.159E+00,+99999.9E+99,+99999.9E+99,1.04896E+03,0.00000E+03,0.00000E+03,0.00000E+03,0.00000E+03,0.00000E+03,1.14020E+03,0.00000E+03,0.00000E+03,0.00000E+03,0.00000E+03,0.00000E+03,-0.44692E+03,0.00000E+03,0.00000E+03,0.00000E+03,0.00000E+03,0.00000E+03,-0.91998E+00,0.00000E+00,0.00000E+00,0.91337E+00,0.67947E+00,0.63004E+00,0.000E+00,88.686E+00,154.340E+00,155.975E+00,-138.512E+00,-76.607E+00,-23.077E+00,90.000E+00,90.000E+00,13.3385E+00,0.00000E+00,0.00000E+00,98.626E+00,100.000E+00,100.000E+00,0.01441E+03,0.00000E+03,0.00000E+03,+99999.9E+99,+99999.9E+99,+99999.9E+99,+99999.9E+99,+99999.9E+99,+99999.9E+99,+99999.9E+99,+99999.9E+99,+99999.9E+99,+99999.9E+99,+99999.9E+99,+99999.9E+99,1B00,0,0,0,1B00,76.5229E+00,77.0361E+00,77.0259E+00,76.8616E+00,71.8132E+00,72.7533E+00,72.7264E+00,72.4309E+00,76.5229E+00,77.0361E+00,77.0259E+00,0.0000E+00,0.0000E+00,0.0000E+00,73.1192E+00,73.2239E+00,73.1225E+00,105.791E+00,106.107E+00,105.829E+00,-104.791E+00,-104.851E+00,-104.334E+00,13.957E+00,13.795E+00,14.072E+00,+99999.9E+99,+99999.9E+99,+99999.9E+99,0.095E+00,11.6515E+00,11.4264E+00,11.2315E+00,11.4365E+00,9.9736E+00,9.8546E+00,9.5540E+00,9.7941E+00,11.6505E+00,11.4202E+00,11.2190E+00,-0.1547E+00,-0.3753E+00,0.5312E+00,4.8519E+00,4.6082E+00,4.8354E+00,27.6762E+00,27.1195E+00,28.5995E+00,-26.4548E+00,-27.1729E+00,-26.1862E+00,58.173E+00,59.693E+00,56.236E+00,+99999.9E+99,+99999.9E+99,+99999.9E+99,2.604E+00,0.35541E+03,0.33771E+03,0.34143E+03,1.03454E+03,0.17500E+03,0.17089E+03,0.17999E+03,0.52588E+03,0.51981E+03,0.50935E+03,0.50343E+03,1.53259E+03,0.20061E+03,0.19335E+03,0.20143E+03,0.59528E+03,-0.37933E+03,-0.38131E+03,-0.36995E+03,-1.13059E+03,-0.09806E+03,-0.09044E+03,-0.09044E+03,-0.27894E+03,-0.68372E+00,-0.66301E+00,-0.67821E+00,-0.67503E+00,-0.87238E+00,-0.88385E+00,-0.89354E+00,-0.88342E+00,0.000E+00,120.043E+00,-119.911E+00,59.308E+00,177.888E+00,-63.233E+00,-46.865E+00,-48.470E+00,-47.296E+00,-47.544E+00,201.321E+00,202.154E+00,201.873E+00,93.083E+00,+99999.9E+99,+99999.9E+99,0.00007E+06,-0.00063E+06,0.00000E+00,12.154E+00,0.757E+03,0.00096E+06,43.626E+00,F0F08
2021/11/30,17:34:08,00000:00:33,200,38003F00,2800,3B00,3B00,3F00,99.972E+00,0.000E+00,0.000E+00,111.039E+00,0.000E+00,0.000E+00,0.512E+00,0.000E+00,0.000E+00,99.971E+00,0.000E+00,0.000E+00,0.000E+00,0.000E+00,0.000E+00,101.032E+00,0.000E+00,0.000E+00,98.789E+00,0.000E+00,0.000E+00,54.532E+00,+99999.9E+99,423.584E+00,1.122E+00,+99999.9E+99,+99999.9E+99,11.6899E+00,0.00000E+00,0.00000E+00,11.8946E+00,0.00000E+00,0.00000E+00,4.6875E+00,0.00000E+00,0.00000E+00,10.7089E+00,0.00000E+00,0.00000E+00,4.2431E+00,0.00000E+00,0.00000E+00,18.2721E+00,0.0000E+00,0.0000E+00,3.3524E+00,0.0000E+00,0.0000E+00,35.257E+00,+99999.9E+99,+99999.9E+99,69.661E+00,+99999.9E+99,+99999.9E+99,1.06841E+03,0.00000E+03,0.00000E+03,0.00000E+03,0.00000E+03,0.00000E+03,1.16866E+03,0.00000E+03,0.00000E+03,0.00000E+03,0.00000E+03,0.00000E+03,0.47357E+03,0.00000E+03,0.00000E+03,0.00000E+03,0.00000E+03,0.00000E+03,0.91422E+00,0.00000E+00,0.00000E+00,0.91337E+00,0.67947E+00,0.63004E+00,0.000E+00,88.686E+00,154.340E+00,155.975E+00,-138.512E+00,-76.607E+00,23.905E+00,90.000E+00,90.000E+00,0.00000E+00,0.00000E+00,0.00000E+00,118.792E+00,100.000E+00,100.000E+00,-0.20078E+03,0.00000E+03,0.00000E+03,+99999.9E+99,+99999.9E+99,+99999.9E+99,+99999.9E+99,+99999.9E+99,+99999.9E+99,+99999.9E+99,+99999.9E+99,+99999.9E+99,+99999.9E+99,+99999.9E+99,+99999.9E+99,1B00,0,0,0,1B00,77.2056E+00,77.2088E+00,76.9989E+00,77.1378E+00,72.1609E+00,72.3557E+00,71.8292E+00,72.1153E+00,77.2056E+00,77.2088E+00,76.9989E+00,0.0000E+00,0.0000E+00,0.0000E+00,70.4971E+00,71.0779E+00,70.9321E+00,105.346E+00,105.750E+00,105.541E+00,-104.630E+00,-104.209E+00,-104.483E+00,34.634E+00,34.678E+00,34.645E+00,+99999.9E+99,+99999.9E+99,+99999.9E+99,0.494E+00,13.4515E+00,13.0041E+00,13.3949E+00,13.2835E+00,12.3715E+00,11.9428E+00,12.3025E+00,12.2056E+00,13.4502E+00,13.0041E+00,13.3933E+00,-0.1872E+00,0.0000E+00,0.2082E+00,14.0711E+00,13.1562E+00,13.1691E+00,27.6233E+00,27.1043E+00,28.4362E+00,-26.7071E+00,-26.9429E+00,-26.3038E+00,39.690E+00,41.915E+00,41.997E+00,+99999.9E+99,+99999.9E+99,+99999.9E+99,4.290E+00,0.42094E+03,0.41229E+03,0.43595E+03,1.26918E+03,0.50222E+03,0.46059E+03,0.48603E+03,1.44884E+03,0.60604E+03,0.58553E+03,0.60193E+03,1.79350E+03,0.56695E+03,0.53226E+03,0.53804E+03,1.63636E+03,-0.43600E+03,-0.41577E+03,-0.41505E+03,-1.26682E+03,-0.26307E+03,-0.26676E+03,-0.23078E+03,-0.76060E+03,-0.69457E+00,-0.70413E+00,-0.72426E+00,-0.70766E+00,-0.88583E+00,-0.86534E+00,-0.90334E+00,-0.88541E+00,0.000E+00,119.869E+00,-119.657E+00,57.919E+00,179.876E+00,-64.459E+00,-46.007E+00,-45.240E+00,-43.593E+00,-44.956E+00,202.115E+00,201.412E+00,201.630E+00,89.410E+00,+99999.9E+99,+99999.9E+99,0.00013E+06,-0.00072E+06,0.00000E+00,14.305E+00,0.757E+03,0.00113E+06,43.782E+00,F0F08
2021/11/30,17:34:08,00000:00:33,250,38003F00,2D00,3F00,3F00,3F00,99.972E+00,0.000E+00,0.000E+00,111.039E+00,0.000E+00,0.000E+00,0.512E+00,0.000E+00,0.000E+00,99.971E+00,0.000E+00,0.000E+00,0.000E+00,0.000E+00,0.000E+00,101.032E+00,0.000E+00,0.000E+00,98.789E+00,0.000E+00,0.000E+00,40.088E+00,+99999.9E+99,+99999.9E+99,1.122E+00,+99999.9E+99,+99999.9E+99,11.6899E+00,0.00000E+00,0.00000E+00,11.8946E+00,0.00000E+00,0.00000E+00,4.6875E+00,0.00000E+00,0.00000E+00,10.7089E+00,0.00000E+00,0.00000E+00,4.0003E+00,0.00000E+00,0.00000E+00,18.2721E+00,0.0000E+00,0.0000E+00,3.3524E+00,0.0000E+00,0.0000E+00,52.903E+00,+99999.9E+99,+99999.9E+99,69.661E+00,+99999.9E+99,+99999.9E+99,1.06841E+03,0.00000E+03,0.00000E+03,0.00000E+03,0.00000E+03,0.00000E+03,1.16866E+03,0.00000E+03,0.00000E+03,0.00000E+03,0.00000E+03,0.00000E+03,0.47357E+03,0.00000E+03,0.00000E+03,0.00000E+03,0.00000E+03,0.00000E+03,0.91422E+00,0.00000E+00,0.00000E+00,0.91811E+00,0.98967E+00,0.93331E+00,0.000E+00,-57.986E+00,94.868E+00,156.651E+00,113.769E+00,73.825E+00,23.905E+00,90.000E+00,90.000E+00,0.00000E+00,0.00000E+00,0.00000E+00,72.631E+00,100.000E+00,100.000E+00,0.29241E+03,0.00000E+03,0.00000E+03,+99999.9E+99,+99999.9E+99,+99999.9E+99,+99999.9E+99,+99999.9E+99,+99999.9E+99,+99999.9E+99,+99999.9E+99,+99999.9E+99,+99999.9E+99,+99999.9E+99,+99999.9E+99,1B00,0,0,0,1B00,76.2944E+00,76.6523E+00,76.5230E+00,76.4899E+00,72.2055E+00,72.9006E+00,72.6528E+00,72.5863E+00,76.2944E+00,76.6523E+00,76.5229E+00,0.0000E+00,0.0000E+00,0.0000E+00,71.9167E+00,71.7540E+00,71.6887E+00,105.910E+00,106.099E+00,105.624E+00,-104.874E+00,-104.560E+00,-105.146E+00,26.418E+00,25.469E+00,26.152E+00,+99999.9E+99,+99999.9E+99,+99999.9E+99,0.187E+00,8.2637E+00,8.1971E+00,8.1417E+00,8.2008E+00,7.3588E+00,7.3062E+00,7.2416E+00,7.3022E+00,8.2630E+00,8.1961E+00,8.1382E+00,-0.1105E+00,-0.1293E+00,0.2408E+00,9.3827E+00,9.5508E+00,9.9130E+00,22.1838E+00,20.8224E+00,20.3895E+00,-18.8510E+00,-19.1652E+00,-19.8652E+00,49.592E+00,47.226E+00,45.499E+00,+99999.9E+99,+99999.9E+99,+99999.9E+99,4.342E+00,0.26075E+03,0.25445E+03,0.26080E+03,0.77600E+03,0.32114E+03,0.34442E+03,0.34853E+03,1.01410E+03,0.36576E+03,0.36309E+03,0.36157E+03,1.09042E+03,0.37829E+03,0.38863E+03,0.40617E+03,1.17249E+03,-0.25649E+03,-0.25902E+03,-0.25044E+03,-0.76595E+03,-0.19992E+03,-0.18001E+03,-0.20857E+03,-0.58851E+03,-0.71290E+00,-0.70079E+00,-0.72129E+00,-0.71165E+00,-0.84894E+00,-0.88626E+00,-0.85809E+00,-0.86491E+00,0.000E+00,120.135E+00,-120.041E+00,61.831E+00,177.697E+00,-59.038E+00,-44.529E+00,-45.510E+00,-43.839E+00,-44.631E+00,201.713E+00,202.011E+00,202.006E+00,94.786E+00,+99999.9E+99,+99999.9E+99,0.00004E+06,-0.00048E+06,0.00000E+00,9.290E+00,0.756E+03,0.00074E+06,43.777E+00,F0F08
2021/11/30,17:34:08,00000:00:33,300,38003800,2800,3800,3800,3800,99.835E+00,0.000E+00,0.000E+00,110.888E+00,0.000E+00,0.000E+00,0.482E+00,0.000E+00,0.000E+00,99.834E+00,0.000E+00,0.000E+00,0.000E+00,0.000E+00,0.000E+00,100.950E+00,0.000E+00,0.000E+00,98.825E+00,0.000E+00,0.000E+00,40.088E+00,+99999.9E+99,+99999.9E+99,1.064E+00,+99999.9E+99,+99999.9E+99,11.9675E+00,0.00000E+00,0.00000E+00,12.4096E+00,0.00000E+00,0.00000E+00,4.2889E+00,0.00000E+00,0.00000E+00,11.1726E+00,0.00000E+00,0.00000E+00,4.0003E+00,0.00000E+00,0.00000E+00,18.2131E+00,0.0000E+00,0.0000E+00,4.1667E+00,0.0000E+00,0.0000E+00,52.903E+00,+99999.9E+99,+99999.9E+99,62.861E+00,+99999.9E+99,+99999.9E+99,1.11357E+03,0.00000E+03,0.00000E+03,0.00000E+03,0.00000E+03,0.00000E+03,1.19478E+03,0.00000E+03,0.00000E+03,0.00000E+03,0.00000E+03,0.00000E+03,-0.43297E+03,0.00000E+03,0.00000E+03,0.00000E+03,0.00000E+03,0.00000E+03,-0.93203E+00,0.00000E+00,0.00000E+00,0.91811E+00,0.98967E+00,0.93331E+00,0.000E+00,-57.986E+00,94.868E+00,156.651E+00,113.769E+00,73.825E+00,-21.247E+00,90.000E+00,90.000E+00,8.99196E+00,0.00000E+00,0.00000E+00,111.334E+00,100.000E+00,100.000E+00,-0.12621E+03,0.00000E+03,0.00000E+03,+99999.9E+99,+99999.9E+99,+99999.9E+99,+99999.9E+99,+99999.9E+99,+99999.9E+99,+99999.9E+99,+99999.9E+99,+99999.9E+99,+99999.9E+99,+99999.9E+99,+99999.9E+99,1B00,0,0,0,1B00,77.0670E+00,77.1844E+00,77.1081E+00,77.1198E+00,72.0847E+00,72.4868E+00,72.2289E+00,72.2668E+00,77.0670E+00,77.1843E+00,77.1081E+00,0.0000E+00,0.0000E+00,0.0000E+00,72.7145E+00,73.1381E+00,73.0045E+00,105.763E+00,106.013E+00,105.717E+00,-104.259E+00,-105.333E+00,-105.213E+00,16.313E+00,16.453E+00,16.827E+00,+99999.9E+99,+99999.9E+99,+99999.9E+99,0.352E+00,13.2300E+00,12.7791E+00,12.9623E+00,12.9904E+00,12.0948E+00,11.6342E+00,11.6873E+00,11.8054E+00,13.2290E+00,12.7744E+00,12.9525E+00,-0.1571E+00,-0.3459E+00,0.5040E+00,6.4600E+00,5.7672E+00,5.6555E+00,27.5933E+00,26.6676E+00,28.1524E+00,-26.2343E+00,-26.7243E+00,-26.1024E+00,49.548E+00,54.298E+00,55.048E+00,+99999.9E+99,+99999.9E+99,+99999.9E+99,7.266E+00,0.42150E+03,0.40058E+03,0.41770E+03,1.23978E+03,0.23227E+03,0.20148E+03,0.21801E+03,0.65176E+03,0.59546E+03,0.57411E+03,0.58234E+03,1.75191E+03,0.25968E+03,0.23334E+03,0.23611E+03,0.72807E+03,-0.42060E+03,-0.41127E+03,-0.40576E+03,-1.23763E+03,-0.11612E+03,-0.11770E+03,-0.09066E+03,-0.32449E+03,-0.70786E+00,-0.69773E+00,-0.71729E+00,-0.70767E+00,-0.89444E+00,-0.86347E+00,-0.92334E+00,-0.89519E+00,0.000E+00,119.927E+00,-119.742E+00,56.759E+00,-179.843E+00,-67.295E+00,-44.939E+00,-45.755E+00,-44.169E+00,-44.954E+00,201.664E+00,201.359E+00,201.608E+00,91.058E+00,+99999.9E+99,+99999.9E+99,0.00011E+06,-0.00073E+06,0.00000E+00,14.241E+00,0.757E+03,0.00113E+06,43.694E+00,F0F08
2021/11/30,17:34:08,00000:00:33,350,38003F00,0,1B00,1B00,3F00,99.924E+00,0.000E+00,0.000E+00,110.986E+00,0.000E+00,0.000E+00,0.517E+00,0.000E+00,0.000E+00,99.923E+00,0.000E+00,0.000E+00,0.000E+00,0.000E+00,0.000E+00,100.964E+00,0.000E+00,0.000E+00,98.811E+00,0.000E+00,0.000E+00,112.186E+00,+99999.9E+99,492.526E+00,1.078E+00,+99999.9E+99,+99999.9E+99,11.7268E+00,0.00000E+00,0.00000E+00,11.9944E+00,0.00000E+00,0.00000E+00,4.5721E+00,0.00000E+00,0.00000E+00,10.7988E+00,0.00000E+00,0.00000E+00,3.1512E+00,0.00000E+00,0.00000E+00,18.2812E+00,0.0000E+00,0.0000E+00,4.2810E+00,0.0000E+00,0.0000E+00,94.979E+00,+99999.9E+99,+99999.9E+99,64.823E+00,+99999.9E+99,+99999.9E+99,1.07691E+03,0.00000E+03,0.00000E+03,0.00000E+03,0.00000E+03,0.00000E+03,1.17179E+03,0.00000E+03,0.00000E+03,0.00000E+03,0.00000E+03,0.00000E+03,0.46190E+03,0.00000E+03,0.00000E+03,0.00000E+03,0.00000E+03,0.00000E+03,0.91903E+00,0.00000E+00,0.00000E+00,0.83285E+00,0.02467E+00,0.08689E+00,0.000E+00,-75.395E+00,162.481E+00,146.393E+00,13.192E+00,-112.504E+00,23.215E+00,90.000E+00,90.000E+00,12.6063E+00,0.00000E+00,0.00000E+00,100.174E+00,100.000E+00,100.000E+00,-0.00188E+03,0.00000E+03,0.00000E+03,+99999.9E+99,+99999.9E+99,+99999.9E+99,+99999.9E+99,+99999.9E+99,+99999.9E+99,+99999.9E+99,+99999.9E+99,+99999.9E+99,+99999.9E+99,+99999.9E+99,+99999.9E+99,1B00,0,0,0,1B00,76.7192E+00,77.0682E+00,76.8045E+00,76.8640E+00,71.9426E+00,72.5852E+00,72.1058E+00,72.2112E+00,76.7192E+00,77.0682E+00,76.8045E+00,0.0000E+00,0.0000E+00,0.0000E+00,70.0295E+00,70.2459E+00,70.1548E+00,105.403E+00,106.004E+00,105.554E+00,-104.551E+00,-104.510E+00,-104.299E+00,38.406E+00,38.179E+00,38.153E+00,+99999.9E+99,+99999.9E+99,+99999.9E+99,0.183E+00,11.9162E+00,11.7311E+00,12.0308E+00,11.8927E+00,10.3910E+00,10.3069E+00,10.5132E+00,10.4037E+00,11.9162E+00,11.7311E+00,12.0308E+00,0.0000E+00,0.0000E+00,0.0000E+00,14.9812E+00,14.6038E+00,14.7938E+00,27.7467E+00,27.0238E+00,28.5814E+00,-26.4024E+00,-27.2029E+00,-26.6776E+00,40.164E+00,41.064E+00,40.089E+00,+99999.9E+99,+99999.9E+99,+99999.9E+99,1.510E+00,0.35372E+03,0.35600E+03,0.36907E+03,1.07879E+03,0.52314E+03,0.50939E+03,0.52471E+03,1.55724E+03,0.53191E+03,0.52505E+03,0.53929E+03,1.59625E+03,0.60437E+03,0.58943E+03,0.59862E+03,1.79231E+03,-0.39726E+03,-0.38593E+03,-0.39322E+03,-1.17640E+03,-0.30262E+03,-0.29657E+03,-0.28815E+03,-0.88734E+03,-0.66500E+00,-0.67804E+00,-0.68436E+00,-0.67583E+00,-0.86561E+00,-0.86420E+00,-0.87653E+00,-0.86885E+00,0.000E+00,119.977E+00,-119.856E+00,60.151E+00,-179.855E+00,-61.144E+00,-48.318E+00,-47.310E+00,-46.815E+00,-47.482E+00,201.838E+00,202.166E+00,201.667E+00,90.885E+00,+99999.9E+99,+99999.9E+99,0.00010E+06,-0.00062E+06,0.00000E+00,12.378E+00,0.756E+03,0.00098E+06,43.789E+00,F0F0F
2021/11/30,17:34:08,00000:00:33,400,38003F00,700,1F00,1F00,3F00,99.924E+00,0.000E+00,0.000E+00,110.986E+00,0.000E+00,0.000E+00,0.517E+00,0.000E+00,0.000E+00,99.923E+00,0.000E+00,0.000E+00,0.000E+00,0.000E+00,0.000E+00,100.964E+00,0.000E+00,0.000E+00,98.811E+00,0.000E+00,0.000E+00,112.186E+00,+99999.9E+99,492.526E+00,1.078E+00,+99999.9E+99,+99999.9E+99,11.7268E+00,0.00000E+00,0.00000E+00,11.9944E+00,0.00000E+00,0.00000E+00,4.5721E+00,0.00000E+00,0.00000E+00,10.7988E+00,0.00000E+00,0.00000E+00,3.1512E+00,0.00000E+00,0.00000E+00,18.2812E+00,0.0000E+00,0.0000E+00,4.2810E+00,0.0000E+00,0.0000E+00,94.979E+00,+99999.9E+99,+99999.9E+99,64.823E+00,+99999.9E+99,+99999.9E+99,1.07691E+03,0.00000E+03,0.00000E+03,0.00000E+03,0.00000E+03,0.00000E+03,1.17179E+03,0.00000E+03,0.00000E+03,0.00000E+03,0.00000E+03,0.00000E+03,0.46190E+03,0.00000E+03,0.00000E+03,0.00000E+03,0.00000E+03,0.00000E+03,0.91903E+00,0.00000E+00,0.00000E+00,0.83285E+00,0.02467E+00,0.08689E+00,0.000E+00,-75.395E+00,162.481E+00,146.393E+00,13.192E+00,-112.504E+00,23.215E+00,90.000E+00,90.000E+00,12.6063E+00,0.00000E+00,0.00000E+00,79.139E+00,100.000E+00,100.000E+00,0.22465E+03,0.00000E+03,0.00000E+03,+99999.9E+99,+99999.9E+99,+99999.9E+99,+99999.9E+99,+99999.9E+99,+99999.9E+99,+99999.9E+99,+99999.9E+99,+99999.9E+99,+99999.9E+99,+99999.9E+99,+99999.9E+99,1800,0,0,0,1800,76.5076E+00,76.5880E+00,76.5184E+00,76.5380E+00,72.3517E+00,72.6878E+00,72.4168E+00,72.4854E+00,76.5076E+00,76.5880E+00,76.5184E+00,0.0000E+00,0.0000E+00,0.0000E+00,72.8107E+00,72.6329E+00,72.5779E+00,105.927E+00,106.067E+00,105.909E+00,-104.329E+00,-104.947E+00,-105.060E+00,17.784E+00,17.447E+00,17.484E+00,+99999.9E+99,+99999.9E+99,+99999.9E+99,0.197E+00,9.5961E+00,9.0971E+00,9.2117E+00,9.3016E+00,8.2380E+00,7.8432E+00,7.8514E+00,7.9775E+00,9.5948E+00,9.0936E+00,9.2028E+00,-0.1518E+00,-0.2526E+00,0.4055E+00,5.9016E+00,6.1681E+00,6.5572E+00,26.3248E+00,24.2400E+00,25.2129E+00,-26.8471E+00,-25.4257E+00,-22.5576E+00,58.349E+00,54.402E+00,51.482E+00,+99999.9E+99,+99999.9E+99,+99999.9E+99,4.855E+00,0.29185E+03,0.27369E+03,0.28672E+03,0.85226E+03,0.20915E+03,0.22526E+03,0.22936E+03,0.66377E+03,0.42630E+03,0.40315E+03,0.40824E+03,1.23769E+03,0.24577E+03,0.25234E+03,0.26584E+03,0.76347E+03,-0.31074E+03,-0.29601E+03,-0.29060E+03,-0.89735E+03,-0.12907E+03,-0.11373E+03,-0.13441E+03,-0.37721E+03,-0.68460E+00,-0.67888E+00,-0.70235E+00,-0.68859E+00,-0.85099E+00,-0.89268E+00,-0.86277E+00,-0.86942E+00,0.000E+00,120.126E+00,-120.062E+00,61.596E+00,176.892E+00,-59.585E+00,-46.796E+00,-47.244E+00,-45.384E+00,-46.481E+00,201.765E+00,201.129E+00,201.847E+00,94.919E+00,+99999.9E+99,+99999.9E+99,0.00004E+06,-0.00054E+06,0.00000E+00,10.225E+00,0.756E+03,0.00081E+06,43.832E+00,F0F0F
2021/11/30,17:34:08,00000:00:33,450,38003F00,500,1F00,1F00,3F00,99.924E+00,0.000E+00,0.000E+00,110.986E+00,0.000E+00,0.000E+00,0.517E+00,0.000E+00,0.000E+00,99.923E+00,0.000E+00,0.000E+00,0.000E+00,0.000E+00,0.000E+00,100.964E+00,0.000E+00,0.000E+00,98.811E+00,0.000E+00,0.000E+00,23.992E+00,481.352E+00,396.983E+00,1.078E+00,+99999.9E+99,+99999.9E+99,11.7268E+00,0.00000E+00,0.00000E+00,11.9944E+00,0.00000E+00,0.00000E+00,4.5721E+00,0.00000E+00,0.00000E+00,10.7988E+00,0.00000E+00,0.00000E+00,4.5117E+00,0.00000E+00,0.00000E+00,18.2812E+00,0.0000E+00,0.0000E+00,4.2810E+00,0.0000E+00,0.0000E+00,19.571E+00,+99999.9E+99,+99999.9E+99,64.823E+00,+99999.9E+99,+99999.9E+99,1.07691E+03,0.00000E+03,0.00000E+03,0.00000E+03,0.00000E+03,0.00000E+03,1.17179E+03,0.00000E+03,0.00000E+03,0.00000E+03,0.00000E+03,0.00000E+03,0.46190E+03,0.00000E+03,0.00000E+03,0.00000E+03,0.00000E+03,0.00000E+03,0.91903E+00,0.00000E+00,0.00000E+00,0.92374E+00,0.93632E+00,0.32255E+00,0.000E+00,-119.322E+00,161.472E+00,157.479E+00,-98.764E+00,52.655E+00,23.215E+00,90.000E+00,90.000E+00,12.6063E+00,0.00000E+00,0.00000E+00,127.531E+00,100.000E+00,100.000E+00,-0.29649E+03,0.00000E+03,0.00000E+03,+99999.9E+99,+99999.9E+99,+99999.9E+99,+99999.9E+99,+99999.9E+99,+99999.9E+99,+99999.9E+99,+99999.9E+99,+99999.9E+99,+99999.9E+99,+99999.9E+99,+99999.9E+99,1B00,0,0,0,1B00,76.9754E+00,77.4230E+00,77.3035E+00,77.2340E+00,71.7010E+00,72.5483E+00,72.3208E+00,72.1900E+00,76.9753E+00,77.4230E+00,77.3035E+00,0.0000E+00,0.0000E+00,0.0000E+00,71.6508E+00,72.2146E+00,72.0164E+00,105.493E+00,106.113E+00,105.613E+00,-105.009E+00,-104.753E+00,-104.726E+00,25.231E+00,25.615E+00,25.549E+00,+99999.9E+99,+99999.9E+99,+99999.9E+99,0.454E+00,14.0771E+00,13.7609E+00,13.8927E+00,13.9102E+00,13.1487E+00,12.9627E+00,12.9221E+00,13.0112E+00,14.0763E+00,13.7587E+00,13.8871E+00,-0.1507E+00,-0.2433E+00,0.3952E+00,10.1786E+00,9.3258E+00,9.4422E+00,27.5614E+00,27.2110E+00,28.5805E+00,-26.7305E+00,-27.1971E+00,-26.6457E+00,43.984E+00,46.765E+00,47.446E+00,+99999.9E+99,+99999.9E+99,+99999.9E+99,6.837E+00,0.46195E+03,0.45044E+03,0.46101E+03,1.37340E+03,0.37079E+03,0.32437E+03,0.34860E+03,1.04376E+03,0.63396E+03,0.61991E+03,0.62812E+03,1.88199E+03,0.41398E+03,0.37540E+03,0.37835E+03,1.16618E+03,-0.43418E+03,-0.42590E+03,-0.42663E+03,-1.28670E+03,-0.18411E+03,-0.18896E+03,-0.14705E+03,-0.52013E+03,-0.72867E+00,-0.72663E+00,-0.73395E+00,-0.72976E+00,-0.89566E+00,-0.86407E+00,-0.92138E+00,-0.89503E+00,0.000E+00,119.917E+00,-119.658E+00,56.662E+00,-179.946E+00,-66.955E+00,-43.225E+00,-43.395E+00,-42.782E+00,-43.134E+00,201.126E+00,201.931E+00,200.886E+00,90.045E+00,+99999.9E+99,+99999.9E+99,0.00014E+06,-0.00079E+06,0.00000E+00,15.610E+00,0.757E+03,0.00124E+06,43.579E+00,F0F08
2021/11/30,17:34:08,00000:00:33,500,38003D00,500,1C00,1C00,3800,99.924E+00,0.000E+00,0.000E+00,110.986E+00,0.000E+00,0.000E+00,0.517E+00,0.000E+00,0.000E+00,99.923E+00,0.000E+00,0.000E+00,0.000E+00,0.000E+00,0.000E+00,100.964E+00,0.000E+00,0.000E+00,98.811E+00,0.000E+00,0.000E+00,67.075E+00,362.066E+00,+99999.9E+99,1.078E+00,+99999.9E+99,+99999.9E+99,11.7268E+00,0.00000E+00,0.00000E+00,11.9944E+00,0.00000E+00,0.00000E+00,4.5721E+00,0.00000E+00,0.00000E+00,10.7988E+00,0.00000E+00,0.00000E+00,4.1844E+00,0.00000E+00,0.00000E+00,18.2812E+00,0.0000E+00,0.0000E+00,4.2810E+00,0.0000E+00,0.0000E+00,48.852E+00,+99999.9E+99,+99999.9E+99,64.823E+00,+99999.9E+99,+99999.9E+99,1.07691E+03,0.00000E+03,0.00000E+03,0.00000E+03,0.00000E+03,0.00000E+03,1.17179E+03,0.00000E+03,0.00000E+03,0.00000E+03,0.00000E+03,0.00000E+03,0.46190E+03,0.00000E+03,0.00000E+03,0.00000E+03,0.00000E+03,0.00000E+03,0.91903E+00,0.00000E+00,0.00000E+00,0.88396E+00,0.99999E+00,0.99975E+00,0.000E+00,94.647E+00,155.723E+00,152.123E+00,-85.074E+00,-23.008E+00,23.215E+00,90.000E+00,90.000E+00,12.6063E+00,0.00000E+00,0.00000E+00,81.793E+00,100.000E+00,100.000E+00,0.19608E+03,0.00000E+03,0.00000E+03,+99999.9E+99,+99999.9E+99,+99999.9E+99,+99999.9E+99,+99999.9E+99,+99999.9E+99,+99999.9E+99,+99999.9E+99,+99999.9E+99,+99999.9E+99,+99999.9E+99,+99999.9E+99,1B00,0,0,0,1B00,76.7028E+00,76.6624E+00,76.3694E+00,76.5782E+00,72.5750E+00,72.6747E+00,72.0120E+00,72.4206E+00,76.7028E+00,76.6624E+00,76.3694E+00,0.0000E+00,0.0000E+00,0.0000E+00,70.6828E+00,70.5641E+00,70.4152E+00,105.819E+00,105.966E+00,105.811E+00,-104.083E+00,-105.039E+00,-104.279E+00,35.963E+00,35.531E+00,35.944E+00,+99999.9E+99,+99999.9E+99,+99999.9E+99,0.220E+00,9.7729E+00,9.3785E+00,9.9791E+00,9.7102E+00,8.4654E+00,8.1373E+00,8.5326E+00,8.3785E+00,9.7724E+00,9.3785E+00,9.9791E+00,-0.1007E+00,0.0000E+00,0.0000E+00,13.5251E+00,13.5926E+00,14.1198E+00,26.4429E+00,24.9048E+00,27.0686E+00,-25.6205E+00,-23.4176E+00,-26.9100E+00,42.553E+00,41.758E+00,39.982E+00,+99999.9E+99,+99999.9E+99,+99999.9E+99,2.461E+00,0.28788E+03,0.28700E+03,0.30596E+03,0.88084E+03,0.47304E+03,0.48869E+03,0.49649E+03,1.45822E+03,0.43459E+03,0.41743E+03,0.44277E+03,1.29480E+03,0.54676E+03,0.55074E+03,0.56735E+03,1.66455E+03,-0.32557E+03,-0.30312E+03,-0.32006E+03,-0.94875E+03,-0.27418E+03,-0.25395E+03,-0.27457E+03,-0.80269E+03,-0.66242E+00,-0.68753E+00,-0.69100E+00,-0.68029E+00,-0.86517E+00,-0.88735E+00,-0.87510E+00,-0.87605E+00,0.000E+00,120.188E+00,-119.999E+00,60.035E+00,177.583E+00,-60.930E+00,-48.515E+00,-46.565E+00,-46.291E+00,-47.134E+00,202.273E+00,201.635E+00,202.478E+00,91.700E+00,+99999.9E+99,+99999.9E+99,0.00007E+06,-0.00052E+06,0.00000E+00,10.200E+00,0.756E+03,0.00081E+06,43.925E+00,F0F08
2021/11/30,17:34:08,00000:00:33,550,38003F00,700,1F00,1F00,3F00,99.924E+00,0.000E+00,0.000E+00,110.986E+00,0.000E+00,0.000E+00,0.517E+00,0.000E+00,0.000E+00,99.923E+00,0.000E+00,0.000E+00,0.000E+00,0.000E+00,0.000E+00,100.964E+00,0.000E+00,0.000E+00,98.811E+00,0.000E+00,0.000E+00,67.075E+00,362.066E+00,+99999.9E+99,1.078E+00,+99999.9E+99,+99999.9E+99,11.7268E+00,0.00000E+00,0.00000E+00,11.9944E+00,0.00000E+00,0.00000E+00,4.5721E+00,0.00000E+00,0.00000E+00,10.7988E+00,0.00000E+00,0.00000E+00,4.1844E+00,0.00000E+00,0.00000E+00,18.2812E+00,0.0000E+00,0.0000E+00,4.2810E+00,0.0000E+00,0.0000E+00,48.852E+00,+99999.9E+99,+99999.9E+99,64.823E+00,+99999.9E+99,+99999.9E+99,1.07691E+03,0.00000E+03,0.00000E+03,0.00000E+03,0.00000E+03,0.00000E+03,1.17179E+03,0.00000E+03,0.00000E+03,0.00000E+03,0.00000E+03,0.00000E+03,0.46190E+03,0.00000E+03,0.00000E+03,0.00000E+03,0.00000E+03,0.00000E+03,0.91903E+00,0.00000E+00,0.00000E+00,0.88396E+00,0.99999E+00,0.99975E+00,0.000E+00,94.647E+00,155.723E+00,152.123E+00,-85.074E+00,-23.008E+00,23.215E+00,90.000E+00,90.000E+00,12.6063E+00,0.00000E+00,0.00000E+00,98.004E+00,100.000E+00,100.000E+00,0.02149E+03,0.00000E+03,0.00000E+03,+99999.9E+99,+99999.9E+99,+99999.9E+99,+99999.9E+99,+99999.9E+99,+99999.9E+99,+99999.9E+99,+99999.9E+99,+99999.9E+99,+99999.9E+99,+99999.9E+99,+99999.9E+99,1B00,0,0,0,1B00,76.5148E+00,77.0371E+00,77.0147E+00,76.8555E+00,71.8609E+00,72.8336E+00,72.7829E+00,72.4925E+00,76.5148E+00,77.0371E+00,77.0147E+00,0.0000E+00,0.0000E+00,0.0000E+00,73.0744E+00,73.1467E+00,73.0613E+00,105.829E+00,106.004E+00,105.653E+00,-104.703E+00,-105.274E+00,-104.549E+00,13.984E+00,13.926E+00,14.156E+00,+99999.9E+99,+99999.9E+99,+99999.9E+99,0.075E+00,11.7185E+00,11.4841E+00,11.2900E+00,11.4976E+00,10.1153E+00,9.9831E+00,9.6912E+00,9.9299E+00,11.7172E+00,11.4784E+00,11.2773E+00,-0.1710E+00,-0.3641E+00,0.5364E+00,4.8627E+00,4.6505E+00,4.8420E+00,27.5876E+00,27.1181E+00,28.8329E+00,-26.5790E+00,-26.9276E+00,-26.2509E+00,57.896E+00,59.012E+00,56.507E+00,+99999.9E+99,+99999.9E+99,+99999.9E+99,2.253E+00,0.36252E+03,0.34430E+03,0.34861E+03,1.05542E+03,0.17640E+03,0.17271E+03,0.18056E+03,0.52966E+03,0.52297E+03,0.51211E+03,0.50610E+03,1.54119E+03,0.20143E+03,0.19505E+03,0.20197E+03,0.59838E+03,-0.37694E+03,-0.37910E+03,-0.36689E+03,-1.12293E+03,-0.09726E+03,-0.09065E+03,-0.09050E+03,-0.27842E+03,-0.69318E+00,-0.67231E+00,-0.68881E+00,-0.68481E+00,-0.87572E+00,-0.88543E+00,-0.89398E+00,-0.88516E+00,0.000E+00,120.044E+00,-119.933E+00,58.899E+00,177.702E+00,-63.303E+00,-46.118E+00,-47.754E+00,-46.464E+00,-46.779E+00,201.201E+00,201.939E+00,201.361E+00,92.322E+00,+99999.9E+99,+99999.9E+99,0.00008E+06,-0.00063E+06,0.00000E+00,12.301E+00,0.756E+03,0.00097E+06,43.607E+00,F0F08
2021/11/30,17:34:08,00000:00:33,600,38003F00,2800,3B00,3B00,3F00,99.977E+00,0.000E+00,0.000E+00,111.045E+00,0.000E+00,0.000E+00,0.512E+00,0.000E+00,0.000E+00,99.976E+00,0.000E+00,0.000E+00,0.000E+00,0.000E+00,0.000E+00,101.007E+00,0.000E+00,0.000E+00,98.811E+00,0.000E+00,0.000E+00,67.075E+00,362.066E+00,+99999.9E+99,1.098E+00,+99999.9E+99,+99999.9E+99,11.6368E+00,0.00000E+00,0.00000E+00,11.8194E+00,0.00000E+00,0.00000E+00,4.7097E+00,0.00000E+00,0.00000E+00,10.6412E+00,0.00000E+00,0.00000E+00,4.1844E+00,0.00000E+00,0.00000E+00,18.3562E+00,0.0000E+00,0.0000E+00,3.4693E+00,0.0000E+00,0.0000E+00,48.852E+00,+99999.9E+99,+99999.9E+99,69.950E+00,+99999.9E+99,+99999.9E+99,1.06170E+03,0.00000E+03,0.00000E+03,0.00000E+03,0.00000E+03,0.00000E+03,1.16342E+03,0.00000E+03,0.00000E+03,0.00000E+03,0.00000E+03,0.00000E+03,0.47574E+03,0.00000E+03,0.00000E+03,0.00000E+03,0.00000E+03,0.00000E+03,0.91257E+00,0.00000E+00,0.00000E+00,0.88396E+00,0.99999E+00,0.99975E+00,0.000E+00,94.647E+00,155.723E+00,152.123E+00,-85.074E+00,-23.008E+00,24.137E+00,90.000E+00,90.000E+00,0.00000E+00,0.00000E+00,0.00000E+00,121.525E+00,100.000E+00,100.000E+00,-0.22854E+03,0.00000E+03,0.00000E+03,+99999.9E+99,+99999.9E+99,+99999.9E+99,+99999.9E+99,+99999.9E+99,+99999.9E+99,+99999.9E+99,+99999.9E+99,+99999.9E+99,+99999.9E+99,+99999.9E+99,+99999.9E+99,1B00,0,0,0,1B00,77.2238E+00,77.2290E+00,77.0209E+00,77.1579E+00,72.2306E+00,72.4157E+00,71.9031E+00,72.1832E+00,77.2238E+00,77.2290E+00,77.0209E+00,0.0000E+00,0.0000E+00,0.0000E+00,70.4701E+00,71.0502E+00,70.9312E+00,105.437E+00,105.770E+00,105.569E+00,-104.431E+00,-105.250E+00,-104.499E+00,34.639E+00,34.702E+00,34.688E+00,+99999.9E+99,+99999.9E+99,+99999.9E+99,0.501E+00,13.5713E+00,13.1457E+00,13.5165E+00,13.4112E+00,12.4919E+00,12.0834E+00,12.4216E+00,12.3323E+00,13.5705E+00,13.1457E+00,13.5150E+00,-0.1493E+00,0.0000E+00,0.2029E+00,14.0904E+00,13.1621E+00,13.1477E+00,27.6590E+00,27.0476E+00,28.4786E+00,-26.5776E+00,-27.1352E+00,-26.4833E+00,39.617E+00,41.917E+00,42.097E+00,+99999.9E+99,+99999.9E+99,+99999.9E+99,4.417E+00,0.42808E+03,0.41995E+03,0.44221E+03,1.29024E+03,0.50343E+03,0.46036E+03,0.48552E+03,1.44931E+03,0.61169E+03,0.59239E+03,0.60793E+03,1.81201E+03,0.56770E+03,0.53230E+03,0.53717E+03,1.63622E+03,-0.43694E+03,-0.41782E+03,-0.41716E+03,-1.27192E+03,-0.26236E+03,-0.26723E+03,-0.22982E+03,-0.75942E+03,-0.69982E+00,-0.70890E+00,-0.72741E+00,-0.71205E+00,-0.88680E+00,-0.86485E+00,-0.90385E+00,-0.88577E+00,0.000E+00,119.844E+00,-119.670E+00,57.799E+00,179.920E+00,-64.552E+00,-45.587E+00,-44.854E+00,-43.330E+00,-44.598E+00,201.908E+00,201.655E+00,201.990E+00,89.637E+00,+99999.9E+99,+99999.9E+99,0.00013E+06,-0.00074E+06,0.00000E+00,14.574E+00,0.758E+03,0.00116E+06,43.703E+00,F0F08
2021/11/30,17:34:08,00000:00:33,650,38003F00,2D00,3F00,3F00,3F00,99.977E+00,0.000E+00,0.000E+00,111.045E+00,0.000E+00,0.000E+00,0.512E+00,0.000E+00,0.000E+00,99.976E+00,0.000E+00,0.000E+00,0.000E+00,0.000E+00,0.000E+00,101.007E+00,0.000E+00,0.000E+00,98.811E+00,0.000E+00,0.000E+00,36.258E+00,+99999.9E+99,425.927E+00,1.098E+00,+99999.9E+99,+99999.9E+99,11.6368E+00,0.00000E+00,0.00000E+00,11.8194E+00,0.00000E+00,0.00000E+00,4.7097E+00,0.00000E+00,0.00000E+00,10.6412E+00,0.00000E+00,0.00000E+00,4.2277E+00,0.00000E+00,0.00000E+00,18.3562E+00,0.0000E+00,0.0000E+00,3.4693E+00,0.0000E+00,0.0000E+00,41.601E+00,+99999.9E+99,+99999.9E+99,69.950E+00,+99999.9E+99,+99999.9E+99,1.06170E+03,0.00000E+03,0.00000E+03,0.00000E+03,0.00000E+03,0.00000E+03,1.16342E+03,0.00000E+03,0.00000E+03,0.00000E+03,0.00000E+03,0.00000E+03,0.47574E+03,0.00000E+03,0.00000E+03,0.00000E+03,0.00000E+03,0.00000E+03,0.91257E+00,0.00000E+00,0.00000E+00,0.93400E+00,0.45070E+00,0.73848E+00,0.000E+00,40.275E+00,176.263E+00,159.067E+00,-76.514E+00,133.866E+00,24.137E+00,90.000E+00,90.000E+00,0.00000E+00,0.00000E+00,0.00000E+00,72.689E+00,100.000E+00,100.000E+00,0.28996E+03,0.00000E+03,0.00000E+03,+99999.9E+99,+99999.9E+99,+99999.9E+99,+99999.9E+99,+99999.9E+99,+99999.9E+99,+99999.9E+99,+99999.9E+99,+99999.9E+99,+99999.9E+99,+99999.9E+99,+99999.9E+99,1B00,0,0,0,1B00,76.2759E+00,76.6957E+00,76.5238E+00,76.4985E+00,72.1622E+00,72.9435E+00,72.6450E+00,72.5835E+00,76.2759E+00,76.6957E+00,76.5238E+00,0.0000E+00,0.0000E+00,0.0000E+00,71.9518E+00,71.7890E+00,71.7241E+00,105.750E+00,106.107E+00,105.759E+00,-104.146E+00,-108.591E+00,-105.019E+00,27.049E+00,26.034E+00,26.738E+00,+99999.9E+99,+99999.9E+99,+99999.9E+99,0.189E+00,8.2355E+00,8.1777E+00,8.1178E+00,8.1770E+00,7.3321E+00,7.2898E+00,7.2160E+00,7.2793E+00,8.2347E+00,8.1766E+00,8.1141E+00,-0.1156E+00,-0.1299E+00,0.2467E+00,9.6604E+00,9.8398E+00,10.1890E+00,22.0424E+00,20.8933E+00,20.5533E+00,-18.7438E+00,-19.2352E+00,-19.6695E+00,48.719E+00,46.243E+00,44.685E+00,+99999.9E+99,+99999.9E+99,+99999.9E+99,4.308E+00,0.25920E+03,0.25323E+03,0.25931E+03,0.77174E+03,0.33287E+03,0.35690E+03,0.36058E+03,1.05034E+03,0.36435E+03,0.36243E+03,0.36070E+03,1.08747E+03,0.38826E+03,0.39968E+03,0.41683E+03,1.20417E+03,-0.25606E+03,-0.25929E+03,-0.25072E+03,-0.76606E+03,-0.19986E+03,-0.17991E+03,-0.20913E+03,-0.58891E+03,-0.71141E+00,-0.69870E+00,-0.71892E+00,-0.70966E+00,-0.85733E+00,-0.89296E+00,-0.86504E+00,-0.87225E+00,0.000E+00,120.135E+00,-120.042E+00,60.908E+00,176.857E+00,-59.824E+00,-44.650E+00,-45.677E+00,-44.035E+00,-44.793E+00,202.488E+00,202.105E+00,202.088E+00,94.877E+00,+99999.9E+99,+99999.9E+99,0.00004E+06,-0.00048E+06,0.00000E+00,9.243E+00,0.757E+03,0.00073E+06,43.959E+00,F0F08
2021/11/30,17:34:08,00000:00:33,700,38003F00,2800,3B00,3B00,3F00,99.809E+00,0.000E+00,0.000E+00,110.858E+00,0.000E+00,0.000E+00,0.503E+00,0.000E+00,0.000E+00,99.807E+00,0.000E+00,0.000E+00,0.000E+00,0.000E+00,0.000E+00,100.932E+00,0.000E+00,0.000E+00,98.782E+00,0.000E+00,0.000E+00,36.258E+00,+99999.9E+99,425.927E+00,1.077E+00,+99999.9E+99,+99999.9E+99,12.3087E+00,0.00000E+00,0.00000E+00,12.7593E+00,0.00000E+00,0.00000E+00,4.4210E+00,0.00000E+00,0.00000E+00,11.4874E+00,0.00000E+00,0.00000E+00,4.2277E+00,0.00000E+00,0.00000E+00,18.1581E+00,0.0000E+00,0.0000E+00,3.9790E+00,0.0000E+00,0.0000E+00,41.601E+00,+99999.9E+99,+99999.9E+99,61.716E+00,+99999.9E+99,+99999.9E+99,1.14453E+03,0.00000E+03,0.00000E+03,0.00000E+03,0.00000E+03,0.00000E+03,1.22852E+03,0.00000E+03,0.00000E+03,0.00000E+03,0.00000E+03,0.00000E+03,-0.44645E+03,0.00000E+03,0.00000E+03,0.00000E+03,0.00000E+03,0.00000E+03,-0.93163E+00,0.00000E+00,0.00000E+00,0.93400E+00,0.45070E+00,0.73848E+00,0.000E+00,40.275E+00,176.263E+00,159.067E+00,-76.514E+00,133.866E+00,-21.309E+00,90.000E+00,90.000E+00,9.32834E+00,0.00000E+00,0.00000E+00,107.851E+00,100.000E+00,100.000E+00,-0.08986E+03,0.00000E+03,0.00000E+03,+99999.9E+99,+99999.9E+99,+99999.9E+99,+99999.9E+99,+99999.9E+99,+99999.9E+99,+99999.9E+99,+99999.9E+99,+99999.9E+99,+99999.9E+99,+99999.9E+99,+99999.9E+99,1B00,0,0,0,1B00,77.0813E+00,77.2165E+00,77.1281E+00,77.1420E+00,72.0743E+00,72.4997E+00,72.2269E+00,72.2670E+00,77.0813E+00,77.2165E+00,77.1281E+00,0.0000E+00,0.0000E+00,0.0000E+00,73.0532E+00,73.3105E+00,73.1729E+00,105.869E+00,106.231E+00,105.886E+00,-104.279E+00,-104.726E+00,-104.369E+00,14.129E+00,14.238E+00,14.358E+00,+99999.9E+99,+99999.9E+99,+99999.9E+99,0.204E+00,13.2937E+00,12.8344E+00,13.0227E+00,13.0502E+00,12.0652E+00,11.5971E+00,11.6534E+00,11.7719E+00,13.2925E+00,12.8299E+00,13.0125E+00,-0.1762E+00,-0.3376E+00,0.5150E+00,5.2130E+00,4.7019E+00,4.8686E+00,27.7300E+00,27.0233E+00,28.4805E+00,-26.6310E+00,-27.1529E+00,-26.4186E+00,54.890E+00,59.371E+00,57.001E+00,+99999.9E+99,+99999.9E+99,+99999.9E+99,4.838E+00,0.42008E+03,0.39816E+03,0.41614E+03,1.23439E+03,0.18745E+03,0.17114E+03,0.18413E+03,0.54272E+03,0.59846E+03,0.57680E+03,0.58528E+03,1.76054E+03,0.21270E+03,0.19639E+03,0.20248E+03,0.61119E+03,-0.42625E+03,-0.41733E+03,-0.41155E+03,-1.25514E+03,-0.10052E+03,-0.09634E+03,-0.08422E+03,-0.28108E+03,-0.70193E+00,-0.69030E+00,-0.71102E+00,-0.70114E+00,-0.88127E+00,-0.87141E+00,-0.90939E+00,-0.88797E+00,0.000E+00,120.009E+00,-119.821E+00,58.319E+00,179.324E+00,-65.295E+00,-45.418E+00,-46.346E+00,-44.682E+00,-45.481E+00,201.281E+00,201.517E+00,201.738E+00,91.120E+00,+99999.9E+99,+99999.9E+99,0.00011E+06,-0.00073E+06,0.00000E+00,14.183E+00,0.757E+03,0.00112E+06,43.563E+00,F0F08
2021/11/30,17:34:08,00000:00:33,750,38003800,0,1800,1800,3800,99.934E+00,0.000E+00,0.000E+00,110.997E+00,0.000E+00,0.000E+00,0.517E+00,0.000E+00,0.000E+00,99.932E+00,0.000E+00,0.000E+00,0.000E+00,0.000E+00,0.000E+00,100.939E+00,0.000E+00,0.000E+00,98.814E+00,0.000E+00,0.000E+00,101.206E+00,+99999.9E+99,+99999.9E+99,1.063E+00,+99999.9E+99,+99999.9E+99,11.7181E+00,0.00000E+00,0.00000E+00,11.9506E+00,0.00000E+00,0.00000E+00,4.6424E+00,0.00000E+00,0.00000E+00,10.7593E+00,0.00000E+00,0.00000E+00,3.0284E+00,0.00000E+00,0.00000E+00,18.3062E+00,0.0000E+00,0.0000E+00,4.1207E+00,0.0000E+00,0.0000E+00,102.581E+00,+99999.9E+99,+99999.9E+99,65.922E+00,+99999.9E+99,+99999.9E+99,1.07305E+03,0.00000E+03,0.00000E+03,0.00000E+03,0.00000E+03,0.00000E+03,1.17104E+03,0.00000E+03,0.00000E+03,0.00000E+03,0.00000E+03,0.00000E+03,0.46893E+03,0.00000E+03,0.00000E+03,0.00000E+03,0.00000E+03,0.00000E+03,0.91632E+00,0.00000E+00,0.00000E+00,0.83062E+00,0.66761E+00,0.22476E+00,0.000E+00,52.017E+00,152.384E+00,146.162E+00,100.134E+00,75.373E+00,23.606E+00,90.000E+00,90.000E+00,12.6147E+00,0.00000E+00,0.00000E+00,101.874E+00,100.000E+00,100.000E+00,-0.02011E+03,0.00000E+03,0.00000E+03,+99999.9E+99,+99999.9E+99,+99999.9E+99,+99999.9E+99,+99999.9E+99,+99999.9E+99,+99999.9E+99,+99999.9E+99,+99999.9E+99,+99999.9E+99,+99999.9E+99,+99999.9E+99,1B00,0,0,0,1B00,76.7402E+00,77.0909E+00,76.8346E+00,76.8886E+00,72.0097E+00,72.6643E+00,72.1959E+00,72.2900E+00,76.7402E+00,77.0909E+00,76.8346E+00,0.0000E+00,0.0000E+00,0.0000E+00,70.1382E+00,70.5179E+00,70.4534E+00,105.310E+00,105.716E+00,105.619E+00,-104.761E+00,-104.413E+00,-104.267E+00,37.490E+00,37.529E+00,37.350E+00,+99999.9E+99,+99999.9E+99,+99999.9E+99,0.336E+00,11.9771E+00,11.7978E+00,12.0869E+00,11.9540E+00,10.4853E+00,10.3953E+00,10.5913E+00,10.4907E+00,11.9764E+00,11.7978E+00,12.0869E+00,-0.1316E+00,0.0000E+00,0.0000E+00,15.0321E+00,14.4197E+00,14.4439E+00,27.6633E+00,27.2209E+00,28.6024E+00,-26.1433E+00,-26.7938E+00,-26.7486E+00,39.347E+00,40.878E+00,40.761E+00,+99999.9E+99,+99999.9E+99,+99999.9E+99,2.902E+00,0.35879E+03,0.36052E+03,0.37384E+03,1.09315E+03,0.53398E+03,0.50317E+03,0.52364E+03,1.56080E+03,0.53508E+03,0.52844E+03,0.54224E+03,1.60576E+03,0.60762E+03,0.58103E+03,0.58716E+03,1.77538E+03,-0.39697E+03,-0.38636E+03,-0.39277E+03,-1.17609E+03,-0.28994E+03,-0.29055E+03,-0.26562E+03,-0.84611E+03,-0.67054E+00,-0.68224E+00,-0.68944E+00,-0.68077E+00,-0.87881E+00,-0.86599E+00,-0.89183E+00,-0.87913E+00,0.000E+00,119.881E+00,-119.790E+00,58.681E+00,179.854E+00,-63.042E+00,-47.891E+00,-46.981E+00,-46.414E+00,-47.096E+00,202.164E+00,202.273E+00,201.813E+00,90.490E+00,+99999.9E+99,+99999.9E+99,0.00010E+06,-0.00063E+06,0.00000E+00,12.478E+00,0.757E+03,0.00099E+06,43.829E+00,F0F0F
2021/11/30,17:34:09,00000:00:33,800,38003F00,500,1F00,1F00,3F00,99.934E+00,0.000E+00,0.000E+00,110.997E+00,0.000E+00,0.000E+00,0.517E+00,0.000E+00,0.000E+00,99.932E+00,0.000E+00,0.000E+00,0.000E+00,0.000E+00,0.000E+00,100.939E+00,0.000E+00,0.000E+00,98.814E+00,0.000E+00,0.000E+00,19.956E+00,+99999.9E+99,+99999.9E+99,1.063E+00,+99999.9E+99,+99999.9E+99,11.7181E+00,0.00000E+00,0.00000E+00,11.9506E+00,0.00000E+00,0.00000E+00,4.6424E+00,0.00000E+00,0.00000E+00,10.7593E+00,0.00000E+00,0.00000E+00,4.7459E+00,0.00000E+00,0.00000E+00,18.3062E+00,0.0000E+00,0.0000E+00,4.1207E+00,0.0000E+00,0.0000E+00,9.717E+00,+99999.9E+99,+99999.9E+99,65.922E+00,+99999.9E+99,+99999.9E+99,1.07305E+03,0.00000E+03,0.00000E+03,0.00000E+03,0.00000E+03,0.00000E+03,1.17104E+03,0.00000E+03,0.00000E+03,0.00000E+03,0.00000E+03,0.00000E+03,0.46893E+03,0.00000E+03,0.00000E+03,0.00000E+03,0.00000E+03,0.00000E+03,0.91632E+00,0.00000E+00,0.00000E+00,0.91892E+00,0.78708E+00,0.52836E+00,0.000E+00,-114.393E+00,163.484E+00,156.769E+00,-152.480E+00,105.378E+00,23.606E+00,90.000E+00,90.000E+00,12.6147E+00,0.00000E+00,0.00000E+00,79.563E+00,100.000E+00,100.000E+00,0.21930E+03,0.00000E+03,0.00000E+03,+99999.9E+99,+99999.9E+99,+99999.9E+99,+99999.9E+99,+99999.9E+99,+99999.9E+99,+99999.9E+99,+99999.9E+99,+99999.9E+99,+99999.9E+99,+99999.9E+99,+99999.9E+99,1B00,0,0,0,1B00,76.5428E+00,76.6081E+00,76.5500E+00,76.5670E+00,72.4280E+00,72.7586E+00,72.4900E+00,72.5588E+00,76.5428E+00,76.6081E+00,76.5500E+00,0.0000E+00,0.0000E+00,0.0000E+00,72.4756E+00,72.2527E+00,72.2314E+00,105.883E+00,106.064E+00,105.759E+00,-104.947E+00,-104.516E+00,-104.447E+00,22.508E+00,21.591E+00,22.096E+00,+99999.9E+99,+99999.9E+99,+99999.9E+99,0.211E+00,9.5472E+00,9.0336E+00,9.1632E+00,9.2480E+00,8.2500E+00,7.8278E+00,7.8663E+00,7.9814E+00,9.5462E+00,9.0298E+00,9.1545E+00,-0.1384E+00,-0.2607E+00,0.4003E+00,7.6873E+00,8.1095E+00,8.3133E+00,26.1700E+00,24.1243E+00,25.0138E+00,-26.6005E+00,-25.3309E+00,-22.3224E+00,52.727E+00,48.543E+00,47.324E+00,+99999.9E+99,+99999.9E+99,+99999.9E+99,4.666E+00,0.29222E+03,0.27364E+03,0.28789E+03,0.85374E+03,0.27167E+03,0.29296E+03,0.29570E+03,0.86033E+03,0.42457E+03,0.40059E+03,0.40631E+03,1.23147E+03,0.31539E+03,0.32587E+03,0.34050E+03,0.98117E+03,-0.30801E+03,-0.29256E+03,-0.28672E+03,-0.88729E+03,-0.16020E+03,-0.14270E+03,-0.16882E+03,-0.47172E+03,-0.68827E+00,-0.68309E+00,-0.70855E+00,-0.69327E+00,-0.86139E+00,-0.89902E+00,-0.86844E+00,-0.87685E+00,0.000E+00,120.115E+00,-120.093E+00,60.425E+00,176.078E+00,-60.262E+00,-46.507E+00,-46.915E+00,-44.883E+00,-46.110E+00,201.789E+00,201.366E+00,202.199E+00,94.858E+00,+99999.9E+99,+99999.9E+99,0.00004E+06,-0.00054E+06,0.00000E+00,10.226E+00,0.756E+03,0.00081E+06,43.783E+00,F0F08
2021/11/30,17:34:09,00000:00:33,850,38003F00,700,1F00,1F00,3F00,99.934E+00,0.000E+00,0.000E+00,110.997E+00,0.000E+00,0.000E+00,0.517E+00,0.000E+00,0.000E+00,99.932E+00,0.000E+00,0.000E+00,0.000E+00,0.000E+00,0.000E+00,100.939E+00,0.000E+00,0.000E+00,98.814E+00,0.000E+00,0.000E+00,19.956E+00,+99999.9E+99,+99999.9E+99,1.063E+00,+99999.9E+99,+99999.9E+99,11.7181E+00,0.00000E+00,0.00000E+00,11.9506E+00,0.00000E+00,0.00000E+00,4.6424E+00,0.00000E+00,0.00000E+00,10.7593E+00,0.00000E+00,0.00000E+00,4.7459E+00,0.00000E+00,0.00000E+00,18.3062E+00,0.0000E+00,0.0000E+00,4.1207E+00,0.0000E+00,0.0000E+00,9.717E+00,+99999.9E+99,+99999.9E+99,65.922E+00,+99999.9E+99,+99999.9E+99,1.07305E+03,0.00000E+03,0.00000E+03,0.00000E+03,0.00000E+03,0.00000E+03,1.17104E+03,0.00000E+03,0.00000E+03,0.00000E+03,0.00000E+03,0.00000E+03,0.46893E+03,0.00000E+03,0.00000E+03,0.00000E+03,0.00000E+03,0.00000E+03,0.91632E+00,0.00000E+00,0.00000E+00,0.91892E+00,0.78708E+00,0.52836E+00,0.000E+00,-114.393E+00,163.484E+00,156.769E+00,-152.480E+00,105.378E+00,23.606E+00,90.000E+00,90.000E+00,12.6147E+00,0.00000E+00,0.00000E+00,123.885E+00,100.000E+00,100.000E+00,-0.25629E+03,0.00000E+03,0.00000E+03,+99999.9E+99,+99999.9E+99,+99999.9E+99,+99999.9E+99,+99999.9E+99,+99999.9E+99,+99999.9E+99,+99999.9E+99,+99999.9E+99,+99999.9E+99,+99999.9E+99,+99999.9E+99,1B00,0,0,0,1B00,77.0122E+00,77.4402E+00,77.3281E+00,77.2602E+00,71.6542E+00,72.4789E+00,72.2666E+00,72.1332E+00,77.0122E+00,77.4402E+00,77.3281E+00,0.0000E+00,0.0000E+00,0.0000E+00,72.3262E+00,72.7874E+00,72.6532E+00,105.707E+00,105.999E+00,105.637E+00,-105.033E+00,-104.670E+00,-104.923E+00,20.274E+00,20.445E+00,20.741E+00,+99999.9E+99,+99999.9E+99,+99999.9E+99,0.384E+00,13.8210E+00,13.4744E+00,13.6077E+00,13.6343E+00,12.8991E+00,12.6873E+00,12.6515E+00,12.7460E+00,13.8201E+00,13.4723E+00,13.6019E+00,-0.1542E+00,-0.2408E+00,0.3960E+00,8.0631E+00,7.4796E+00,7.3349E+00,27.7048E+00,27.0962E+00,28.3981E+00,-26.6643E+00,-27.1381E+00,-26.0714E+00,46.844E+00,49.332E+00,50.883E+00,+99999.9E+99,+99999.9E+99,+99999.9E+99,6.838E+00,0.44777E+03,0.43498E+03,0.44659E+03,1.32934E+03,0.29499E+03,0.25805E+03,0.27706E+03,0.83011E+03,0.62252E+03,0.60713E+03,0.61511E+03,1.84475E+03,0.32880E+03,0.29778E+03,0.30023E+03,0.92561E+03,-0.43247E+03,-0.42356E+03,-0.42298E+03,-1.27901E+03,-0.14523E+03,-0.14860E+03,-0.11565E+03,-0.40948E+03,-0.71929E+00,-0.71645E+00,-0.72604E+00,-0.72060E+00,-0.89717E+00,-0.86659E+00,-0.92283E+00,-0.89682E+00,0.000E+00,119.903E+00,-119.730E+00,56.424E+00,179.780E+00,-67.228E+00,-44.004E+00,-44.238E+00,-43.444E+00,-43.896E+00,201.603E+00,202.135E+00,200.930E+00,90.255E+00,+99999.9E+99,+99999.9E+99,0.00013E+06,-0.00076E+06,0.00000E+00,15.129E+00,0.757E+03,0.00120E+06,43.655E+00,F0F08
2021/11/30,17:34:09,00000:00:33,900,38003F00,500,1F00,1F00,3F00,99.934E+00,0.000E+00,0.000E+00,110.997E+00,0.000E+00,0.000E+00,0.517E+00,0.000E+00,0.000E+00,99.932E+00,0.000E+00,0.000E+00,0.000E+00,0.000E+00,0.000E+00,100.939E+00,0.000E+00,0.000E+00,98.814E+00,0.000E+00,0.000E+00,65.515E+00,+99999.9E+99,443.821E+00,1.063E+00,+99999.9E+99,+99999.9E+99,11.7181E+00,0.00000E+00,0.00000E+00,11.9506E+00,0.00000E+00,0.00000E+00,4.6424E+00,0.00000E+00,0.00000E+00,10.7593E+00,0.00000E+00,0.00000E+00,4.0712E+00,0.00000E+00,0.00000E+00,18.3062E+00,0.0000E+00,0.0000E+00,4.1207E+00,0.0000E+00,0.0000E+00,46.043E+00,+99999.9E+99,+99999.9E+99,65.922E+00,+99999.9E+99,+99999.9E+99,1.07305E+03,0.00000E+03,0.00000E+03,0.00000E+03,0.00000E+03,0.00000E+03,1.17104E+03,0.00000E+03,0.00000E+03,0.00000E+03,0.00000E+03,0.00000E+03,0.46893E+03,0.00000E+03,0.00000E+03,0.00000E+03,0.00000E+03,0.00000E+03,0.91632E+00,0.00000E+00,0.00000E+00,0.88357E+00,0.70528E+00,0.78001E+00,0.000E+00,61.593E+00,122.956E+00,152.076E+00,-73.259E+00,-95.782E+00,23.606E+00,90.000E+00,90.000E+00,12.6147E+00,0.00000E+00,0.00000E+00,82.098E+00,100.000E+00,100.000E+00,0.19209E+03,0.00000E+03,0.00000E+03,+99999.9E+99,+99999.9E+99,+99999.9E+99,+99999.9E+99,+99999.9E+99,+99999.9E+99,+99999.9E+99,+99999.9E+99,+99999.9E+99,+99999.9E+99,+99999.9E+99,+99999.9E+99,1B00,0,0,0,1B00,76.7164E+00,76.6486E+00,76.3819E+00,76.5823E+00,72.6039E+00,72.6788E+00,72.0462E+00,72.4430E+00,76.7164E+00,76.6485E+00,76.3819E+00,0.0000E+00,0.0000E+00,0.0000E+00,70.2476E+00,70.2712E+00,70.1705E+00,105.809E+00,106.023E+00,105.720E+00,-104.914E+00,-104.716E+00,-104.047E+00,37.800E+00,37.447E+00,37.556E+00,+99999.9E+99,+99999.9E+99,+99999.9E+99,0.085E+00,9.7918E+00,9.3771E+00,9.9777E+00,9.7155E+00,8.4819E+00,8.1268E+00,8.5294E+00,8.3793E+00,9.7912E+00,9.3771E+00,9.9777E+00,-0.1130E+00,0.0000E+00,0.0000E+00,14.4787E+00,14.3782E+00,14.6993E+00,26.4157E+00,24.8943E+00,27.1919E+00,-25.5038E+00,-23.4733E+00,-26.6052E+00,41.300E+00,41.290E+00,39.893E+00,+99999.9E+99,+99999.9E+99,+99999.9E+99,1.485E+00,0.28846E+03,0.28632E+03,0.30617E+03,0.88095E+03,0.50313E+03,0.50567E+03,0.51749E+03,1.52629E+03,0.43565E+03,0.41732E+03,0.44264E+03,1.29561E+03,0.58461E+03,0.57943E+03,0.59385E+03,1.75779E+03,-0.32647E+03,-0.30361E+03,-0.31968E+03,-0.94975E+03,-0.29771E+03,-0.28291E+03,-0.29130E+03,-0.87192E+03,-0.66214E+00,-0.68610E+00,-0.69168E+00,-0.67995E+00,-0.86062E+00,-0.87270E+00,-0.87143E+00,-0.86830E+00,0.000E+00,120.073E+00,-119.948E+00,60.624E+00,179.257E+00,-60.541E+00,-48.537E+00,-46.678E+00,-46.237E+00,-47.160E+00,201.944E+00,201.677E+00,202.571E+00,91.632E+00,+99999.9E+99,+99999.9E+99,0.00007E+06,-0.00052E+06,0.00000E+00,10.193E+00,0.756E+03,0.00081E+06,43.825E+00,F0F08
2021/11/30,17:34:09,00000:00:33,950,38003A00,2A00,3800,3800,3800,99.986E+00,0.000E+00,0.000E+00,111.056E+00,0.000E+00,0.000E+00,0.496E+00,0.000E+00,0.000E+00,99.985E+00,0.000E+00,0.000E+00,0.000E+00,0.000E+00,0.000E+00,100.932E+00,0.000E+00,0.000E+00,98.829E+00,0.000E+00,0.000E+00,65.515E+00,+99999.9E+99,443.821E+00,1.052E+00,+99999.9E+99,+99999.9E+99,11.4998E+00,0.00000E+00,0.00000E+00,11.7007E+00,0.00000E+00,0.00000E+00,4.6122E+00,0.00000E+00,0.00000E+00,10.5344E+00,0.00000E+00,0.00000E+00,4.0712E+00,0.00000E+00,0.00000E+00,18.2374E+00,0.0000E+00,0.0000E+00,4.0076E+00,0.0000E+00,0.0000E+00,46.043E+00,+99999.9E+99,+99999.9E+99,67.540E+00,+99999.9E+99,+99999.9E+99,1.05122E+03,0.00000E+03,0.00000E+03,0.00000E+03,0.00000E+03,0.00000E+03,1.14982E+03,0.00000E+03,0.00000E+03,0.00000E+03,0.00000E+03,0.00000E+03,0.46587E+03,0.00000E+03,0.00000E+03,0.00000E+03,0.00000E+03,0.00000E+03,0.91424E+00,0.00000E+00,0.00000E+00,0.88357E+00,0.70528E+00,0.78001E+00,0.000E+00,61.593E+00,122.956E+00,152.076E+00,-73.259E+00,-95.782E+00,23.902E+00,90.000E+00,90.000E+00,0.00000E+00,0.00000E+00,0.00000E+00,100.455E+00,100.000E+00,100.000E+00,-0.00478E+03,0.00000E+03,0.00000E+03,+99999.9E+99,+99999.9E+99,+99999.9E+99,+99999.9E+99,+99999.9E+99,+99999.9E+99,+99999.9E+99,+99999.9E+99,+99999.9E+99,+99999.9E+99,+99999.9E+99,+99999.9E+99,1B00,0,0,0,1B00,76.5224E+00,77.0442E+00,77.0411E+00,76.8692E+00,71.8439E+00,72.8197E+00,72.8110E+00,72.4915E+00,76.5224E+00,77.0442E+00,77.0411E+00,0.0000E+00,0.0000E+00,0.0000E+00,73.0464E+00,73.0427E+00,72.9280E+00,105.741E+00,106.136E+00,105.773E+00,-104.457E+00,-105.116E+00,-105.113E+00,15.479E+00,15.305E+00,15.414E+00,+99999.9E+99,+99999.9E+99,+99999.9E+99,0.104E+00,11.7456E+00,11.4995E+00,11.3095E+00,11.5182E+00,10.1355E+00,9.9886E+00,9.7042E+00,9.9428E+00,11.7443E+00,11.4929E+00,11.2956E+00,-0.1715E+00,-0.3877E+00,0.5602E+00,5.2605E+00,5.1700E+00,5.5793E+00,27.8743E+00,27.0905E+00,28.5762E+00,-26.6790E+00,-27.2171E+00,-26.1376E+00,58.174E+00,57.381E+00,53.200E+00,+99999.9E+99,+99999.9E+99,+99999.9E+99,3.557E+00,0.36303E+03,0.34388E+03,0.34908E+03,1.05599E+03,0.18716E+03,0.19316E+03,0.20079E+03,0.58111E+03,0.52440E+03,0.51296E+03,0.50720E+03,1.54457E+03,0.21652E+03,0.21593E+03,0.22763E+03,0.65986E+03,-0.37843E+03,-0.38063E+03,-0.36796E+03,-1.12701E+03,-0.10887E+03,-0.09650E+03,-0.10724E+03,-0.31262E+03,-0.69227E+00,-0.67039E+00,-0.68826E+00,-0.68368E+00,-0.86438E+00,-0.89458E+00,-0.88207E+00,-0.88065E+00,0.000E+00,120.101E+00,-119.955E+00,60.183E+00,176.598E+00,-61.795E+00,-46.190E+00,-47.903E+00,-46.508E+00,-46.868E+00,202.033E+00,201.638E+00,201.384E+00,92.855E+00,+99999.9E+99,+99999.9E+99,0.00008E+06,-0.00064E+06,0.00000E+00,12.373E+00,0.757E+03,0.00098E+06,43.815E+00,F0F08
2021/11/30,17:34:09,00000:00:34,0,38003F00,2D00,3F00,3F00,3F00,99.986E+00,0.000E+00,0.000E+00,111.056E+00,0.000E+00,0.000E+00,0.496E+00,0.000E+00,0.000E+00,99.985E+00,0.000E+00,0.000E+00,0.000E+00,0.000E+00,0.000E+00,100.932E+00,0.000E+00,0.000E+00,98.829E+00,0.000E+00,0.000E+00,34.389E+00,+99999.9E+99,+99999.9E+99,1.052E+00,+99999.9E+99,+99999.9E+99,11.4998E+00,0.00000E+00,0.00000E+00,11.7007E+00,0.00000E+00,0.00000E+00,4.6122E+00,0.00000E+00,0.00000E+00,10.5344E+00,0.00000E+00,0.00000E+00,4.2756E+00,0.00000E+00,0.00000E+00,18.2374E+00,0.0000E+00,0.0000E+00,4.0076E+00,0.0000E+00,0.0000E+00,39.662E+00,+99999.9E+99,+99999.9E+99,67.540E+00,+99999.9E+99,+99999.9E+99,1.05122E+03,0.00000E+03,0.00000E+03,0.00000E+03,0.00000E+03,0.00000E+03,1.14982E+03,0.00000E+03,0.00000E+03,0.00000E+03,0.00000E+03,0.00000E+03,0.46587E+03,0.00000E+03,0.00000E+03,0.00000E+03,0.00000E+03,0.00000E+03,0.91424E+00,0.00000E+00,0.00000E+00,0.93465E+00,0.21057E+00,0.65668E+00,0.000E+00,-110.661E+00,143.065E+00,159.172E+00,-8.505E+00,-167.982E+00,23.902E+00,90.000E+00,90.000E+00,0.00000E+00,0.00000E+00,0.00000E+00,122.851E+00,100.000E+00,100.000E+00,-0.24021E+03,0.00000E+03,0.00000E+03,+99999.9E+99,+99999.9E+99,+99999.9E+99,+99999.9E+99,+99999.9E+99,+99999.9E+99,+99999.9E+99,+99999.9E+99,+99999.9E+99,+99999.9E+99,+99999.9E+99,+99999.9E+99,1B00,0,0,0,1B00,77.2305E+00,77.2254E+00,77.0164E+00,77.1575E+00,72.2281E+00,72.4150E+00,71.8917E+00,72.1783E+00,77.2305E+00,77.2254E+00,77.0164E+00,0.0000E+00,0.0000E+00,0.0000E+00,71.0288E+00,71.7228E+00,71.5020E+00,105.276E+00,105.630E+00,105.477E+00,-104.679E+00,-104.716E+00,-104.243E+00,30.370E+00,30.550E+00,30.444E+00,+99999.9E+99,+99999.9E+99,+99999.9E+99,0.567E+00,13.5800E+00,13.1470E+00,13.5374E+00,13.4215E+00,12.5028E+00,12.0827E+00,12.4434E+00,12.3430E+00,13.5791E+00,13.1470E+00,13.5360E+00,-0.1543E+00,0.0000E+00,0.1945E+00,12.4589E+00,11.3193E+00,11.4863E+00,27.5952E+00,27.2457E+00,28.5338E+00,-26.6605E+00,-26.9314E+00,-26.7229E+00,40.914E+00,44.227E+00,44.116E+00,+99999.9E+99,+99999.9E+99,+99999.9E+99,5.952E+00,0.42812E+03,0.42011E+03,0.44319E+03,1.29143E+03,0.44699E+03,0.39724E+03,0.42521E+03,1.26944E+03,0.61226E+03,0.59237E+03,0.60865E+03,1.81329E+03,0.50180E+03,0.46086E+03,0.46534E+03,1.42651E+03,-0.43770E+03,-0.41763E+03,-0.41718E+03,-1.27250E+03,-0.22805E+03,-0.23365E+03,-0.18903E+03,-0.65073E+03,-0.69924E+00,-0.70920E+00,-0.72816E+00,-0.71220E+00,-0.89077E+00,-0.86195E+00,-0.91377E+00,-0.88989E+00,0.000E+00,119.889E+00,-119.579E+00,57.349E+00,-179.751E+00,-65.825E+00,-45.634E+00,-44.830E+00,-43.268E+00,-44.586E+00,201.402E+00,202.239E+00,201.999E+00,89.475E+00,+99999.9E+99,+99999.9E+99,0.00014E+06,-0.00074E+06,0.00000E+00,14.565E+00,0.758E+03,0.00116E+06,43.575E+00,F0F08
2021/11/30,17:34:09,00000:00:34,50,38003F00,2800,3B00,3B00,3F00,99.849E+00,0.000E+00,0.000E+00,110.903E+00,0.000E+00,0.000E+00,0.523E+00,0.000E+00,0.000E+00,99.847E+00,0.000E+00,0.000E+00,0.000E+00,0.000E+00,0.000E+00,100.929E+00,0.000E+00,0.000E+00,98.804E+00,0.000E+00,0.000E+00,34.389E+00,+99999.9E+99,+99999.9E+99,1.064E+00,+99999.9E+99,+99999.9E+99,12.6598E+00,0.00000E+00,0.00000E+00,13.2147E+00,0.00000E+00,0.00000E+00,4.3268E+00,0.00000E+00,0.00000E+00,11.8974E+00,0.00000E+00,0.00000E+00,4.2756E+00,0.00000E+00,0.00000E+00,18.1821E+00,0.0000E+00,0.0000E+00,4.1655E+00,0.0000E+00,0.0000E+00,39.662E+00,+99999.9E+99,+99999.9E+99,58.906E+00,+99999.9E+99,+99999.9E+99,1.18591E+03,0.00000E+03,0.00000E+03,0.00000E+03,0.00000E+03,0.00000E+03,1.26406E+03,0.00000E+03,0.00000E+03,0.00000E+03,0.00000E+03,0.00000E+03,0.43758E+03,0.00000E+03,0.00000E+03,0.00000E+03,0.00000E+03,0.00000E+03,0.93817E+00,0.00000E+00,0.00000E+00,0.93465E+00,0.21057E+00,0.65668E+00,0.000E+00,-110.661E+00,143.065E+00,159.172E+00,-8.505E+00,-167.982E+00,20.253E+00,90.000E+00,90.000E+00,15.0838E+00,0.00000E+00,0.00000E+00,65.034E+00,100.000E+00,100.000E+00,0.41467E+03,0.00000E+03,0.00000E+03,+99999.9E+99,+99999.9E+99,+99999.9E+99,+99999.9E+99,+99999.9E+99,+99999.9E+99,+99999.9E+99,+99999.9E+99,+99999.9E+99,+99999.9E+99,+99999.9E+99,+99999.9E+99,1B00,0,0,0,1B00,76.3034E+00,76.6681E+00,76.5323E+00,76.5012E+00,72.2160E+00,72.9176E+00,72.6645E+00,72.5994E+00,76.3034E+00,76.6681E+00,76.5323E+00,0.0000E+00,0.0000E+00,0.0000E+00,71.3310E+00,71.2020E+00,71.0341E+00,105.883E+00,106.083E+00,105.643E+00,-104.814E+00,-104.836E+00,-105.244E+00,31.865E+00,31.142E+00,31.801E+00,+99999.9E+99,+99999.9E+99,+99999.9E+99,0.251E+00,8.2219E+00,8.1602E+00,8.1023E+00,8.1615E+00,7.3205E+00,7.2753E+00,7.2060E+00,7.2673E+00,8.2211E+00,8.1591E+00,8.0984E+00,-0.1148E+00,-0.1343E+00,0.2502E+00,11.7083E+00,11.7334E+00,12.3485E+00,22.2419E+00,20.7233E+00,20.2881E+00,-18.6524E+00,-19.1467E+00,-19.8871E+00,45.281E+00,44.010E+00,42.007E+00,+99999.9E+99,+99999.9E+99,+99999.9E+99,3.511E+00,0.25917E+03,0.25295E+03,0.25913E+03,0.77124E+03,0.40287E+03,0.42510E+03,0.43133E+03,1.25930E+03,0.36397E+03,0.36159E+03,0.35992E+03,1.08548E+03,0.47007E+03,0.47876E+03,0.49723E+03,1.44556E+03,-0.25556E+03,-0.25839E+03,-0.24979E+03,-0.76373E+03,-0.24220E+03,-0.22024E+03,-0.24737E+03,-0.70981E+03,-0.71205E+00,-0.69955E+00,-0.71996E+00,-0.71051E+00,-0.85704E+00,-0.88791E+00,-0.86747E+00,-0.87115E+00,0.000E+00,120.218E+00,-119.987E+00,60.949E+00,177.528E+00,-60.010E+00,-44.598E+00,-45.609E+00,-43.949E+00,-44.724E+00,202.452E+00,201.779E+00,202.039E+00,95.072E+00,+99999.9E+99,+99999.9E+99,0.00004E+06,-0.00048E+06,0.00000E+00,9.255E+00,0.757E+03,0.00073E+06,43.949E+00,F0F08
2021/11/30,17:34:09,00000:00:34,100,38003F00,0,1B00,1B00,3F00,99.941E+00,0.000E+00,0.000E+00,111.005E+00,0.000E+00,0.000E+00,0.531E+00,0.000E+00,0.000E+00,99.939E+00,0.000E+00,0.000E+00,0.000E+00,0.000E+00,0.000E+00,101.054E+00,0.000E+00,0.000E+00,98.821E+00,0.000E+00,0.000E+00,21.587E+00,+99999.9E+99,+99999.9E+99,1.117E+00,+99999.9E+99,+99999.9E+99,11.7451E+00,0.00000E+00,0.00000E+00,11.9445E+00,0.00000E+00,0.00000E+00,4.7227E+00,0.00000E+00,0.00000E+00,10.7538E+00,0.00000E+00,0.00000E+00,4.4378E+00,0.00000E+00,0.00000E+00,18.2338E+00,0.0000E+00,0.0000E+00,3.3855E+00,0.0000E+00,0.0000E+00,7.935E+00,+99999.9E+99,+99999.9E+99,69.038E+00,+99999.9E+99,+99999.9E+99,1.07247E+03,0.00000E+03,0.00000E+03,0.00000E+03,0.00000E+03,0.00000E+03,1.17382E+03,0.00000E+03,0.00000E+03,0.00000E+03,0.00000E+03,0.00000E+03,0.47713E+03,0.00000E+03,0.00000E+03,0.00000E+03,0.00000E+03,0.00000E+03,0.91366E+00,0.00000E+00,0.00000E+00,0.89686E+00,0.08618E+00,0.05543E+00,0.000E+00,-35.076E+00,-170.585E+00,153.749E+00,59.868E+00,102.593E+00,23.984E+00,90.000E+00,90.000E+00,12.6201E+00,0.00000E+00,0.00000E+00,115.823E+00,100.000E+00,100.000E+00,-0.16970E+03,0.00000E+03,0.00000E+03,+99999.9E+99,+99999.9E+99,+99999.9E+99,+99999.9E+99,+99999.9E+99,+99999.9E+99,+99999.9E+99,+99999.9E+99,+99999.9E+99,+99999.9E+99,+99999.9E+99,+99999.9E+99,1B00,0,0,0,1B00,77.0887E+00,77.1781E+00,77.1108E+00,77.1259E+00,72.1202E+00,72.4934E+00,72.2294E+00,72.2810E+00,77.0887E+00,77.1781E+00,77.1108E+00,0.0000E+00,0.0000E+00,0.0000E+00,73.0467E+00,73.3003E+00,73.1751E+00,105.950E+00,106.069E+00,105.789E+00,-104.966E+00,-105.217E+00,-104.393E+00,14.022E+00,14.247E+00,14.306E+00,+99999.9E+99,+99999.9E+99,+99999.9E+99,0.201E+00,13.3550E+00,12.8869E+00,13.0793E+00,13.1070E+00,12.1056E+00,11.6297E+00,11.6858E+00,11.8071E+00,13.3535E+00,12.8833E+00,13.0697E+00,-0.1937E+00,-0.3046E+00,0.4995E+00,5.2019E+00,4.7044E+00,4.8418E+00,27.6329E+00,27.1014E+00,28.7414E+00,-26.5857E+00,-26.7024E+00,-26.8033E+00,54.785E+00,59.378E+00,57.243E+00,+99999.9E+99,+99999.9E+99,+99999.9E+99,4.803E+00,0.42247E+03,0.40091E+03,0.41879E+03,1.24217E+03,0.18733E+03,0.17094E+03,0.18326E+03,0.54153E+03,0.60142E+03,0.57884E+03,0.58737E+03,1.76762E+03,0.21230E+03,0.19630E+03,0.20159E+03,0.60980E+03,-0.42804E+03,-0.41752E+03,-0.41185E+03,-1.25741E+03,-0.09990E+03,-0.09650E+03,-0.08397E+03,-0.28037E+03,-0.70246E+00,-0.69261E+00,-0.71299E+00,-0.70274E+00,-0.88238E+00,-0.87081E+00,-0.90911E+00,-0.88804E+00,0.000E+00,120.000E+00,-119.828E+00,58.183E+00,179.390E+00,-65.267E+00,-45.375E+00,-46.163E+00,-44.521E+00,-45.353E+00,201.380E+00,202.077E+00,201.893E+00,91.246E+00,+99999.9E+99,+99999.9E+99,0.00011E+06,-0.00073E+06,0.00000E+00,14.294E+00,0.757E+03,0.00113E+06,43.600E+00,F0F0F
2021/11/30,17:34:09,00000:00:34,150,38003F00,700,1C00,1C00,3800,99.941E+00,0.000E+00,0.000E+00,111.005E+00,0.000E+00,0.000E+00,0.531E+00,0.000E+00,0.000E+00,99.939E+00,0.000E+00,0.000E+00,0.000E+00,0.000E+00,0.000E+00,101.054E+00,0.000E+00,0.000E+00,98.821E+00,0.000E+00,0.000E+00,21.587E+00,+99999.9E+99,+99999.9E+99,1.117E+00,+99999.9E+99,+99999.9E+99,11.7451E+00,0.00000E+00,0.00000E+00,11.9445E+00,0.00000E+00,0.00000E+00,4.7227E+00,0.00000E+00,0.00000E+00,10.7538E+00,0.00000E+00,0.00000E+00,4.4378E+00,0.00000E+00,0.00000E+00,18.2338E+00,0.0000E+00,0.0000E+00,3.3855E+00,0.0000E+00,0.0000E+00,7.935E+00,+99999.9E+99,+99999.9E+99,69.038E+00,+99999.9E+99,+99999.9E+99,1.07247E+03,0.00000E+03,0.00000E+03,0.00000E+03,0.00000E+03,0.00000E+03,1.17382E+03,0.00000E+03,0.00000E+03,0.00000E+03,0.00000E+03,0.00000E+03,0.47713E+03,0.00000E+03,0.00000E+03,0.00000E+03,0.00000E+03,0.00000E+03,0.91366E+00,0.00000E+00,0.00000E+00,0.89686E+00,0.08618E+00,0.05543E+00,0.000E+00,-35.076E+00,-170.585E+00,153.749E+00,59.868E+00,102.593E+00,23.984E+00,90.000E+00,90.000E+00,12.6201E+00,0.00000E+00,0.00000E+00,107.598E+00,100.000E+00,100.000E+00,-0.08148E+03,0.00000E+03,0.00000E+03,+99999.9E+99,+99999.9E+99,+99999.9E+99,+99999.9E+99,+99999.9E+99,+99999.9E+99,+99999.9E+99,+99999.9E+99,+99999.9E+99,+99999.9E+99,+99999.9E+99,+99999.9E+99,1B00,0,0,0,1B00,76.9036E+00,77.1075E+00,76.8993E+00,76.9701E+00,72.1026E+00,72.5640E+00,72.1013E+00,72.2560E+00,76.9036E+00,77.1075E+00,76.8993E+00,0.0000E+00,0.0000E+00,0.0000E+00,70.1441E+00,70.5401E+00,70.4671E+00,105.379E+00,105.871E+00,105.599E+00,-104.394E+00,-105.259E+00,-104.183E+00,37.501E+00,37.460E+00,37.358E+00,+99999.9E+99,+99999.9E+99,+99999.9E+99,0.350E+00,12.5873E+00,12.2234E+00,12.5423E+00,12.4510E+00,11.1495E+00,10.8769E+00,11.0940E+00,11.0401E+00,12.5864E+00,12.2234E+00,12.5407E+00,-0.1521E+00,0.0000E+00,0.1964E+00,15.0511E+00,14.4209E+00,14.4696E+00,27.8257E+00,27.1157E+00,28.4781E+00,-26.6048E+00,-27.1995E+00,-26.5924E+00,39.312E+00,40.882E+00,40.546E+00,+99999.9E+99,+99999.9E+99,+99999.9E+99,2.954E+00,0.38280E+03,0.37745E+03,0.39370E+03,1.15396E+03,0.53539E+03,0.50406E+03,0.52548E+03,1.56492E+03,0.56412E+03,0.54813E+03,0.56281E+03,1.67505E+03,0.60865E+03,0.58135E+03,0.58828E+03,1.77783E+03,-0.41435E+03,-0.39746E+03,-0.40218E+03,-1.21400E+03,-0.28950E+03,-0.28963E+03,-0.26447E+03,-0.84361E+03,-0.67859E+00,-0.68862E+00,-0.69953E+00,-0.68891E+00,-0.87963E+00,-0.86706E+00,-0.89324E+00,-0.88025E+00,0.000E+00,119.882E+00,-119.777E+00,58.590E+00,179.727E+00,-63.213E+00,-47.266E+00,-46.479E+00,-45.611E+00,-46.456E+00,202.061E+00,201.510E+00,201.657E+00,90.359E+00,+99999.9E+99,+99999.9E+99,0.00011E+06,-0.00067E+06,0.00000E+00,13.151E+00,0.757E+03,0.00104E+06,43.794E+00,F0F0F
2021/11/30,17:34:09,00000:00:34,200,38003F00,500,1F00,1F00,3F00,99.941E+00,0.000E+00,0.000E+00,111.005E+00,0.000E+00,0.000E+00,0.531E+00,0.000E+00,0.000E+00,99.939E+00,0.000E+00,0.000E+00,0.000E+00,0.000E+00,0.000E+00,101.054E+00,0.000E+00,0.000E+00,98.821E+00,0.000E+00,0.000E+00,21.831E+00,+99999.9E+99,415.800E+00,1.117E+00,+99999.9E+99,+99999.9E+99,11.7451E+00,0.00000E+00,0.00000E+00,11.9445E+00,0.00000E+00,0.00000E+00,4.7227E+00,0.00000E+00,0.00000E+00,10.7538E+00,0.00000E+00,0.00000E+00,4.6901E+00,0.00000E+00,0.00000E+00,18.2338E+00,0.0000E+00,0.0000E+00,3.3855E+00,0.0000E+00,0.0000E+00,10.322E+00,+99999.9E+99,+99999.9E+99,69.038E+00,+99999.9E+99,+99999.9E+99,1.07247E+03,0.00000E+03,0.00000E+03,0.00000E+03,0.00000E+03,0.00000E+03,1.17382E+03,0.00000E+03,0.00000E+03,0.00000E+03,0.00000E+03,0.00000E+03,0.47713E+03,0.00000E+03,0.00000E+03,0.00000E+03,0.00000E+03,0.00000E+03,0.91366E+00,0.00000E+00,0.00000E+00,0.90813E+00,0.21850E+00,0.74908E+00,0.000E+00,-146.376E+00,-179.975E+00,155.248E+00,136.245E+00,138.536E+00,23.984E+00,90.000E+00,90.000E+00,12.6201E+00,0.00000E+00,0.00000E+00,72.132E+00,100.000E+00,100.000E+00,0.29888E+03,0.00000E+03,0.00000E+03,+99999.9E+99,+99999.9E+99,+99999.9E+99,+99999.9E+99,+99999.9E+99,+99999.9E+99,+99999.9E+99,+99999.9E+99,+99999.9E+99,+99999.9E+99,+99999.9E+99,+99999.9E+99,1B00,0,0,0,1B00,76.2822E+00,76.6679E+00,76.5449E+00,76.4983E+00,72.1630E+00,72.9067E+00,72.6726E+00,72.5807E+00,76.2822E+00,76.6679E+00,76.5449E+00,0.0000E+00,0.0000E+00,0.0000E+00,72.4809E+00,72.2588E+00,72.2412E+00,105.721E+00,106.081E+00,105.766E+00,-104.187E+00,-104.660E+00,-105.229E+00,22.512E+00,21.582E+00,22.142E+00,+99999.9E+99,+99999.9E+99,+99999.9E+99,0.209E+00,8.2363E+00,8.1669E+00,8.1206E+00,8.1746E+00,7.3442E+00,7.2937E+00,7.2302E+00,7.2894E+00,8.2363E+00,8.1655E+00,8.1175E+00,0.0000E+00,-0.1478E+00,0.2237E+00,7.6809E+00,8.1248E+00,8.3175E+00,22.2538E+00,20.3795E+00,20.3857E+00,-18.6671E+00,-19.2038E+00,-19.6548E+00,52.759E+00,48.467E+00,47.402E+00,+99999.9E+99,+99999.9E+99,+99999.9E+99,4.727E+00,0.25974E+03,0.25377E+03,0.26008E+03,0.77359E+03,0.27163E+03,0.29381E+03,0.29560E+03,0.86104E+03,0.36456E+03,0.36180E+03,0.36074E+03,1.08711E+03,0.31512E+03,0.32668E+03,0.34073E+03,0.98193E+03,-0.25581E+03,-0.25787E+03,-0.24999E+03,-0.76367E+03,-0.15974E+03,-0.14283E+03,-0.16946E+03,-0.47203E+03,-0.71248E+00,-0.70142E+00,-0.72095E+00,-0.71161E+00,-0.86199E+00,-0.89936E+00,-0.86755E+00,-0.87688E+00,0.000E+00,120.111E+00,-120.095E+00,60.358E+00,176.031E+00,-60.164E+00,-44.563E+00,-45.459E+00,-43.867E+00,-44.634E+00,201.722E+00,202.050E+00,202.126E+00,94.589E+00,+99999.9E+99,+99999.9E+99,0.00004E+06,-0.00048E+06,0.00000E+00,9.239E+00,0.756E+03,0.00073E+06,43.760E+00,F0F08
2021/11/30,17:34:09,00000:00:34,250,38003F00,700,1F00,1F00,3F00,99.941E+00,0.000E+00,0.000E+00,111.005E+00,0.000E+00,0.000E+00,0.531E+00,0.000E+00,0.000E+00,99.939E+00,0.000E+00,0.000E+00,0.000E+00,0.000E+00,0.000E+00,101.054E+00,0.000E+00,0.000E+00,98.821E+00,0.000E+00,0.000E+00,21.831E+00,+99999.9E+99,415.800E+00,1.117E+00,+99999.9E+99,+99999.9E+99,11.7451E+00,0.00000E+00,0.00000E+00,11.9445E+00,0.00000E+00,0.00000E+00,4.7227E+00,0.00000E+00,0.00000E+00,10.7538E+00,0.00000E+00,0.00000E+00,4.6901E+00,0.00000E+00,0.00000E+00,18.2338E+00,0.0000E+00,0.0000E+00,3.3855E+00,0.0000E+00,0.0000E+00,10.322E+00,+99999.9E+99,+99999.9E+99,69.038E+00,+99999.9E+99,+99999.9E+99,1.07247E+03,0.00000E+03,0.00000E+03,0.00000E+03,0.00000E+03,0.00000E+03,1.17382E+03,0.00000E+03,0.00000E+03,0.00000E+03,0.00000E+03,0.00000E+03,0.47713E+03,0.00000E+03,0.00000E+03,0.00000E+03,0.00000E+03,0.00000E+03,0.91366E+00,0.00000E+00,0.00000E+00,0.90813E+00,0.21850E+00,0.74908E+00,0.000E+00,-146.376E+00,-179.975E+00,155.248E+00,136.245E+00,138.536E+00,23.984E+00,90.000E+00,90.000E+00,12.6201E+00,0.00000E+00,0.00000E+00,117.047E+00,100.000E+00,100.000E+00,-0.18283E+03,0.00000E+03,0.00000E+03,+99999.9E+99,+99999.9E+99,+99999.9E+99,+99999.9E+99,+99999.9E+99,+99999.9E+99,+99999.9E+99,+99999.9E+99,+99999.9E+99,+99999.9E+99,+99999.9E+99,+99999.9E+99,1B00,0,0,0,1B00,77.0893E+00,77.1717E+00,77.1375E+00,77.1328E+00,72.1623E+00,72.5298E+00,72.3169E+00,72.3363E+00,77.0893E+00,77.1716E+00,77.1375E+00,0.0000E+00,0.0000E+00,0.0000E+00,72.7140E+00,73.1622E+00,73.0189E+00,105.830E+00,106.027E+00,105.667E+00,-106.296E+00,-104.714E+00,-104.481E+00,16.399E+00,16.365E+00,16.789E+00,+99999.9E+99,+99999.9E+99,+99999.9E+99,0.369E+00,13.3909E+00,12.9204E+00,13.1038E+00,13.1383E+00,12.1955E+00,11.7143E+00,11.7670E+00,11.8922E+00,13.3897E+00,12.9163E+00,13.0939E+00,-0.1825E+00,-0.3253E+00,0.5090E+00,6.5049E+00,5.7909E+00,5.6965E+00,27.5919E+00,27.2176E+00,28.5124E+00,-26.6486E+00,-26.8509E+00,-26.5929E+00,49.357E+00,54.126E+00,54.598E+00,+99999.9E+99,+99999.9E+99,+99999.9E+99,7.365E+00,0.42745E+03,0.40507E+03,0.42279E+03,1.25530E+03,0.23389E+03,0.20250E+03,0.21979E+03,0.65618E+03,0.60349E+03,0.58047E+03,0.58878E+03,1.77274E+03,0.26142E+03,0.23437E+03,0.23773E+03,0.73242E+03,-0.42602E+03,-0.41578E+03,-0.40977E+03,-1.25156E+03,-0.11677E+03,-0.11800E+03,-0.09061E+03,-0.32537E+03,-0.70829E+00,-0.69782E+00,-0.71807E+00,-0.70811E+00,-0.89470E+00,-0.86402E+00,-0.92451E+00,-0.89590E+00,0.000E+00,119.926E+00,-119.726E+00,56.737E+00,-179.912E+00,-67.461E+00,-44.904E+00,-45.748E+00,-44.104E+00,-44.919E+00,201.817E+00,201.445E+00,201.133E+00,90.769E+00,+99999.9E+99,+99999.9E+99,0.00012E+06,-0.00073E+06,0.00000E+00,14.369E+00,0.757E+03,0.00114E+06,43.717E+00,F0F08
2021/11/30,17:34:09,00000:00:34,300,38003F00,500,1F00,1F00,3F00,99.941E+00,0.000E+00,0.000E+00,111.005E+00,0.000E+00,0.000E+00,0.531E+00,0.000E+00,0.000E+00,99.939E+00,0.000E+00,0.000E+00,0.000E+00,0.000E+00,0.000E+00,101.054E+00,0.000E+00,0.000E+00,98.821E+00,0.000E+00,0.000E+00,64.215E+00,+99999.9E+99,+99999.9E+99,1.117E+00,+99999.9E+99,+99999.9E+99,11.7451E+00,0.00000E+00,0.00000E+00,11.9445E+00,0.00000E+00,0.00000E+00,4.7227E+00,0.00000E+00,0.00000E+00,10.7538E+00,0.00000E+00,0.00000E+00,4.0818E+00,0.00000E+00,0.00000E+00,18.2338E+00,0.0000E+00,0.0000E+00,3.3855E+00,0.0000E+00,0.0000E+00,47.164E+00,473.337E+00,+99999.9E+99,69.038E+00,+99999.9E+99,+99999.9E+99,1.07247E+03,0.00000E+03,0.00000E+03,0.00000E+03,0.00000E+03,0.00000E+03,1.17382E+03,0.00000E+03,0.00000E+03,0.00000E+03,0.00000E+03,0.00000E+03,0.47713E+03,0.00000E+03,0.00000E+03,0.00000E+03,0.00000E+03,0.00000E+03,0.91366E+00,0.00000E+00,0.00000E+00,0.88786E+00,0.09584E+00,0.29995E+00,0.000E+00,34.667E+00,161.015E+00,152.606E+00,-60.833E+00,88.469E+00,23.984E+00,90.000E+00,90.000E+00,12.6201E+00,0.00000E+00,0.00000E+00,97.704E+00,100.000E+00,100.000E+00,0.02462E+03,0.00000E+03,0.00000E+03,+99999.9E+99,+99999.9E+99,+99999.9E+99,+99999.9E+99,+99999.9E+99,+99999.9E+99,+99999.9E+99,+99999.9E+99,+99999.9E+99,+99999.9E+99,+99999.9E+99,+99999.9E+99,1B00,0,0,0,1B00,76.7519E+00,77.0945E+00,76.8229E+00,76.8898E+00,71.9274E+00,72.5561E+00,72.0682E+00,72.1839E+00,76.7519E+00,77.0944E+00,76.8229E+00,0.0000E+00,0.0000E+00,0.0000E+00,70.0501E+00,70.2632E+00,70.1869E+00,105.497E+00,106.039E+00,105.526E+00,-104.354E+00,-104.747E+00,-104.424E+00,38.867E+00,38.718E+00,38.718E+00,+99999.9E+99,+99999.9E+99,+99999.9E+99,0.182E+00,11.6959E+00,11.5173E+00,11.8149E+00,11.6760E+00,10.2085E+00,10.1117E+00,10.3206E+00,10.2136E+00,11.6953E+00,11.5173E+00,11.8149E+00,-0.1193E+00,0.0000E+00,0.0000E+00,15.3316E+00,14.9292E+00,15.1092E+00,27.6138E+00,26.7243E+00,28.2933E+00,-25.4514E+00,-26.5590E+00,-26.1905E+00,39.506E+00,40.468E+00,39.624E+00,+99999.9E+99,+99999.9E+99,+99999.9E+99,1.629E+00,0.34329E+03,0.34569E+03,0.35887E+03,1.04785E+03,0.54080E+03,0.52484E+03,0.54082E+03,1.60646E+03,0.52205E+03,0.51563E+03,0.52965E+03,1.56734E+03,0.61908E+03,0.60246E+03,0.61151E+03,1.83291E+03,-0.39331E+03,-0.38259E+03,-0.38954E+03,-1.16544E+03,-0.30132E+03,-0.29581E+03,-0.28539E+03,-0.88253E+03,-0.65757E+00,-0.67042E+00,-0.67756E+00,-0.66855E+00,-0.87355E+00,-0.87116E+00,-0.88441E+00,-0.87645E+00,0.000E+00,119.965E+00,-119.864E+00,59.227E+00,179.338E+00,-62.111E+00,-48.885E+00,-47.900E+00,-47.347E+00,-48.044E+00,202.034E+00,202.379E+00,202.236E+00,90.397E+00,+99999.9E+99,+99999.9E+99,0.00010E+06,-0.00060E+06,0.00000E+00,11.946E+00,0.757E+03,0.00095E+06,43.784E+00,F0F08
2021/11/30,17:34:09,00000:00:34,350,38003A00,2A00,3800,3800,3800,99.872E+00,0.000E+00,0.000E+00,110.929E+00,0.000E+00,0.000E+00,0.503E+00,0.000E+00,0.000E+00,99.871E+00,0.000E+00,0.000E+00,0.000E+00,0.000E+00,0.000E+00,100.954E+00,0.000E+00,0.000E+00,98.793E+00,0.000E+00,0.000E+00,64.215E+00,+99999.9E+99,+99999.9E+99,1.082E+00,+99999.9E+99,+99999.9E+99,12.0038E+00,0.00000E+00,0.00000E+00,12.2933E+00,0.00000E+00,0.00000E+00,4.6469E+00,0.00000E+00,0.00000E+00,11.0679E+00,0.00000E+00,0.00000E+00,4.0818E+00,0.00000E+00,0.00000E+00,18.2286E+00,0.0000E+00,0.0000E+00,3.4105E+00,0.0000E+00,0.0000E+00,47.164E+00,473.337E+00,+99999.9E+99,66.942E+00,+99999.9E+99,+99999.9E+99,1.10326E+03,0.00000E+03,0.00000E+03,0.00000E+03,0.00000E+03,0.00000E+03,1.19885E+03,0.00000E+03,0.00000E+03,0.00000E+03,0.00000E+03,0.00000E+03,0.46910E+03,0.00000E+03,0.00000E+03,0.00000E+03,0.00000E+03,0.00000E+03,0.92027E+00,0.00000E+00,0.00000E+00,0.88786E+00,0.09584E+00,0.29995E+00,0.000E+00,34.667E+00,161.015E+00,152.606E+00,-60.833E+00,88.469E+00,23.035E+00,90.000E+00,90.000E+00,0.00000E+00,0.00000E+00,0.00000E+00,77.416E+00,100.000E+00,100.000E+00,0.24916E+03,0.00000E+03,0.00000E+03,+99999.9E+99,+99999.9E+99,+99999.9E+99,+99999.9E+99,+99999.9E+99,+99999.9E+99,+99999.9E+99,+99999.9E+99,+99999.9E+99,+99999.9E+99,+99999.9E+99,+99999.9E+99,1B00,0,0,0,1B00,76.5184E+00,76.6491E+00,76.5404E+00,76.5693E+00,72.3886E+00,72.8064E+00,72.4700E+00,72.5550E+00,76.5184E+00,76.6491E+00,76.5404E+00,0.0000E+00,0.0000E+00,0.0000E+00,72.8755E+00,72.7099E+00,72.6372E+00,105.843E+00,105.993E+00,105.669E+00,-104.229E+00,-105.309E+00,-103.926E+00,17.708E+00,17.249E+00,17.312E+00,+99999.9E+99,+99999.9E+99,+99999.9E+99,0.196E+00,9.5284E+00,9.0188E+00,9.1695E+00,9.2389E+00,8.2557E+00,7.8384E+00,7.8731E+00,7.9890E+00,9.5268E+00,9.0164E+00,9.1615E+00,-0.1711E+00,-0.2111E+00,0.3832E+00,5.7244E+00,6.0266E+00,6.4350E+00,26.1448E+00,24.0914E+00,24.8871E+00,-26.4295E+00,-25.0319E+00,-22.4124E+00,60.227E+00,55.570E+00,52.469E+00,+99999.9E+99,+99999.9E+99,+99999.9E+99,5.253E+00,0.29228E+03,0.27372E+03,0.28810E+03,0.85410E+03,0.19954E+03,0.21599E+03,0.22098E+03,0.63651E+03,0.42348E+03,0.40008E+03,0.40682E+03,1.23037E+03,0.23772E+03,0.24366E+03,0.25856E+03,0.73938E+03,-0.30644E+03,-0.29179E+03,-0.28722E+03,-0.88545E+03,-0.12920E+03,-0.11278E+03,-0.13424E+03,-0.37622E+03,-0.69020E+00,-0.68416E+00,-0.70819E+00,-0.69418E+00,-0.83940E+00,-0.88643E+00,-0.85467E+00,-0.86087E+00,0.000E+00,120.137E+00,-120.047E+00,62.846E+00,177.679E+00,-58.662E+00,-46.354E+00,-46.830E+00,-44.913E+00,-46.038E+00,201.930E+00,201.338E+00,202.087E+00,94.628E+00,+99999.9E+99,+99999.9E+99,0.00005E+06,-0.00053E+06,0.00000E+00,10.206E+00,0.756E+03,0.00081E+06,43.826E+00,F0F08
2021/11/30,17:34:09,00000:00:34,400,38003F00,2D00,3F00,3F00,3F00,99.872E+00,0.000E+00,0.000E+00,110.929E+00,0.000E+00,0.000E+00,0.503E+00,0.000E+00,0.000E+00,99.871E+00,0.000E+00,0.000E+00,0.000E+00,0.000E+00,0.000E+00,100.954E+00,0.000E+00,0.000E+00,98.793E+00,0.000E+00,0.000E+00,39.425E+00,+99999.9E+99,434.952E+00,1.082E+00,+99999.9E+99,+99999.9E+99,12.0038E+00,0.00000E+00,0.00000E+00,12.2933E+00,0.00000E+00,0.00000E+00,4.6469E+00,0.00000E+00,0.00000E+00,11.0679E+00,0.00000E+00,0.00000E+00,4.1838E+00,0.00000E+00,0.00000E+00,18.2286E+00,0.0000E+00,0.0000E+00,3.4105E+00,0.0000E+00,0.0000E+00,45.101E+00,+99999.9E+99,+99999.9E+99,66.942E+00,+99999.9E+99,+99999.9E+99,1.10326E+03,0.00000E+03,0.00000E+03,0.00000E+03,0.00000E+03,0.00000E+03,1.19885E+03,0.00000E+03,0.00000E+03,0.00000E+03,0.00000E+03,0.00000E+03,0.46910E+03,0.00000E+03,0.00000E+03,0.00000E+03,0.00000E+03,0.00000E+03,0.92027E+00,0.00000E+00,0.00000E+00,0.92904E+00,0.85230E+00,0.07161E+00,0.000E+00,76.523E+00,173.590E+00,158.285E+00,44.986E+00,-100.517E+00,23.035E+00,90.000E+00,90.000E+00,0.00000E+00,0.00000E+00,0.00000E+00,123.104E+00,100.000E+00,100.000E+00,-0.25490E+03,0.00000E+03,0.00000E+03,+99999.9E+99,+99999.9E+99,+99999.9E+99,+99999.9E+99,+99999.9E+99,+99999.9E+99,+99999.9E+99,+99999.9E+99,+99999.9E+99,+99999.9E+99,+99999.9E+99,+99999.9E+99,1B00,0,0,0,1B00,76.9985E+00,77.4597E+00,77.3396E+00,77.2659E+00,71.7003E+00,72.5715E+00,72.3428E+00,72.2049E+00,76.9985E+00,77.4597E+00,77.3396E+00,0.0000E+00,0.0000E+00,0.0000E+00,71.7429E+00,72.2837E+00,72.0809E+00,105.686E+00,106.073E+00,105.547E+00,-104.597E+00,-105.030E+00,-104.617E+00,24.967E+00,25.417E+00,25.337E+00,+99999.9E+99,+99999.9E+99,+99999.9E+99,0.433E+00,13.9694E+00,13.6534E+00,13.7855E+00,13.8028E+00,13.0559E+00,12.8683E+00,12.8264E+00,12.9169E+00,13.9686E+00,13.6513E+00,13.7798E+00,-0.1566E+00,-0.2368E+00,0.3945E+00,10.0600E+00,9.2345E+00,9.3724E+00,27.6281E+00,27.1676E+00,28.5648E+00,-26.6467E+00,-26.8909E+00,-26.7710E+00,44.293E+00,47.056E+00,47.438E+00,+99999.9E+99,+99999.9E+99,+99999.9E+99,6.597E+00,0.45697E+03,0.44538E+03,0.45582E+03,1.35816E+03,0.36566E+03,0.32130E+03,0.34466E+03,1.03161E+03,0.62938E+03,0.61533E+03,0.62365E+03,1.86836E+03,0.40946E+03,0.37256E+03,0.37533E+03,1.15592E+03,-0.43279E+03,-0.42458E+03,-0.42565E+03,-1.28301E+03,-0.18426E+03,-0.18860E+03,-0.14862E+03,-0.52147E+03,-0.72605E+00,-0.72381E+00,-0.73088E+00,-0.72692E+00,-0.89303E+00,-0.86241E+00,-0.91827E+00,-0.89246E+00,0.000E+00,119.929E+00,-119.669E+00,56.988E+00,-179.746E+00,-66.500E+00,-43.443E+00,-43.630E+00,-43.040E+00,-43.371E+00,201.332E+00,202.125E+00,201.038E+00,90.308E+00,+99999.9E+99,+99999.9E+99,0.00013E+06,-0.00078E+06,0.00000E+00,15.466E+00,0.757E+03,0.00123E+06,43.579E+00,F0F08
2021/11/30,17:34:09,00000:00:34,450,38003F00,2800,3B00,3B00,3F00,100.035E+00,0.000E+00,0.000E+00,111.110E+00,0.000E+00,0.000E+00,0.500E+00,0.000E+00,0.000E+00,100.034E+00,0.000E+00,0.000E+00,0.000E+00,0.000E+00,0.000E+00,100.921E+00,0.000E+00,0.000E+00,98.807E+00,0.000E+00,0.000E+00,39.425E+00,+99999.9E+99,434.952E+00,1.057E+00,+99999.9E+99,+99999.9E+99,11.2478E+00,0.00000E+00,0.00000E+00,11.4903E+00,0.00000E+00,0.00000E+00,4.4153E+00,0.00000E+00,0.00000E+00,10.3449E+00,0.00000E+00,0.00000E+00,4.1838E+00,0.00000E+00,0.00000E+00,18.1181E+00,0.0000E+00,0.0000E+00,4.0802E+00,0.0000E+00,0.0000E+00,45.101E+00,+99999.9E+99,+99999.9E+99,67.849E+00,+99999.9E+99,+99999.9E+99,1.03287E+03,0.00000E+03,0.00000E+03,0.00000E+03,0.00000E+03,0.00000E+03,1.12518E+03,0.00000E+03,0.00000E+03,0.00000E+03,0.00000E+03,0.00000E+03,-0.44631E+03,0.00000E+03,0.00000E+03,0.00000E+03,0.00000E+03,0.00000E+03,-0.91797E+00,0.00000E+00,0.00000E+00,0.92904E+00,0.85230E+00,0.07161E+00,0.000E+00,76.523E+00,173.590E+00,158.285E+00,44.986E+00,-100.517E+00,-23.369E+00,90.000E+00,90.000E+00,9.33353E+00,0.00000E+00,0.00000E+00,85.335E+00,100.000E+00,100.000E+00,0.15147E+03,0.00000E+03,0.00000E+03,+99999.9E+99,+99999.9E+99,+99999.9E+99,+99999.9E+99,+99999.9E+99,+99999.9E+99,+99999.9E+99,+99999.9E+99,+99999.9E+99,+99999.9E+99,+99999.9E+99,+99999.9E+99,1B00,0,0,0,1B00,76.6980E+00,76.6414E+00,76.3725E+00,76.5706E+00,72.5817E+00,72.6721E+00,72.0309E+00,72.4282E+00,76.6980E+00,76.6414E+00,76.3725E+00,0.0000E+00,0.0000E+00,0.0000E+00,70.7499E+00,70.6458E+00,70.4916E+00,105.674E+00,106.037E+00,105.684E+00,-104.236E+00,-104.313E+00,-104.449E+00,35.799E+00,35.320E+00,35.768E+00,+99999.9E+99,+99999.9E+99,+99999.9E+99,0.214E+00,9.7764E+00,9.3689E+00,9.9854E+00,9.7102E+00,8.4747E+00,8.1262E+00,8.5377E+00,8.3795E+00,9.7759E+00,9.3689E+00,9.9854E+00,-0.1001E+00,0.0000E+00,0.0000E+00,13.3973E+00,13.4633E+00,14.0062E+00,26.3657E+00,24.8224E+00,27.2867E+00,-25.6890E+00,-23.4633E+00,-26.7581E+00,42.885E+00,42.050E+00,40.207E+00,+99999.9E+99,+99999.9E+99,+99999.9E+99,2.530E+00,0.28807E+03,0.28679E+03,0.30653E+03,0.88140E+03,0.46690E+03,0.48288E+03,0.49091E+03,1.44069E+03,0.43481E+03,0.41686E+03,0.44294E+03,1.29461E+03,0.54196E+03,0.54597E+03,0.56308E+03,1.65070E+03,-0.32569E+03,-0.30252E+03,-0.31974E+03,-0.94795E+03,-0.27517E+03,-0.25476E+03,-0.27581E+03,-0.80574E+03,-0.66253E+00,-0.68798E+00,-0.69205E+00,-0.68082E+00,-0.86151E+00,-0.88445E+00,-0.87183E+00,-0.87278E+00,0.000E+00,120.185E+00,-119.990E+00,60.458E+00,177.935E+00,-60.540E+00,-48.507E+00,-46.529E+00,-46.208E+00,-47.092E+00,202.343E+00,201.679E+00,202.513E+00,92.452E+00,+99999.9E+99,+99999.9E+99,0.00007E+06,-0.00053E+06,0.00000E+00,10.288E+00,0.756E+03,0.00081E+06,43.932E+00,F0F08
2021/11/30,17:34:09,00000:00:34,500,38003F00,0,1B00,1B00,3F00,99.932E+00,0.000E+00,0.000E+00,110.995E+00,0.000E+00,0.000E+00,0.512E+00,0.000E+00,0.000E+00,99.930E+00,0.000E+00,0.000E+00,0.000E+00,0.000E+00,0.000E+00,100.850E+00,0.000E+00,0.000E+00,98.818E+00,0.000E+00,0.000E+00,106.298E+00,+99999.9E+99,+99999.9E+99,1.017E+00,+99999.9E+99,+99999.9E+99,11.7253E+00,0.00000E+00,0.00000E+00,11.9877E+00,0.00000E+00,0.00000E+00,4.5826E+00,0.00000E+00,0.00000E+00,10.7927E+00,0.00000E+00,0.00000E+00,3.0980E+00,0.00000E+00,0.00000E+00,18.2186E+00,0.0000E+00,0.0000E+00,4.1705E+00,0.0000E+00,0.0000E+00,101.086E+00,+99999.9E+99,+99999.9E+99,65.082E+00,+99999.9E+99,+99999.9E+99,1.07642E+03,0.00000E+03,0.00000E+03,0.00000E+03,0.00000E+03,0.00000E+03,1.17173E+03,0.00000E+03,0.00000E+03,0.00000E+03,0.00000E+03,0.00000E+03,0.46288E+03,0.00000E+03,0.00000E+03,0.00000E+03,0.00000E+03,0.00000E+03,0.91866E+00,0.00000E+00,0.00000E+00,0.83418E+00,0.38036E+00,0.96064E+00,0.000E+00,162.393E+00,127.548E+00,146.531E+00,94.749E+00,111.420E+00,23.268E+00,90.000E+00,90.000E+00,12.6151E+00,0.00000E+00,0.00000E+00,95.804E+00,100.000E+00,100.000E+00,0.04517E+03,0.00000E+03,0.00000E+03,+99999.9E+99,+99999.9E+99,+99999.9E+99,+99999.9E+99,+99999.9E+99,+99999.9E+99,+99999.9E+99,+99999.9E+99,+99999.9E+99,+99999.9E+99,+99999.9E+99,+99999.9E+99,1B00,0,0,0,1B00,76.5321E+00,76.9907E+00,77.0034E+00,76.8421E+00,71.8152E+00,72.7109E+00,72.7076E+00,72.4113E+00,76.5321E+00,76.9907E+00,77.0034E+00,0.0000E+00,0.0000E+00,0.0000E+00,73.1071E+00,73.1948E+00,73.1114E+00,105.819E+00,106.164E+00,105.777E+00,-104.576E+00,-104.777E+00,-105.136E+00,14.058E+00,14.002E+00,14.181E+00,+99999.9E+99,+99999.9E+99,+99999.9E+99,0.075E+00,11.5834E+00,11.3356E+00,11.1371E+00,11.3520E+00,9.9739E+00,9.8338E+00,9.5398E+00,9.7825E+00,11.5821E+00,11.3296E+00,11.1240E+00,-0.1707E+00,-0.3692E+00,0.5411E+00,4.8663E+00,4.6421E+00,4.8403E+00,27.6567E+00,27.2771E+00,28.5071E+00,-26.7209E+00,-27.0352E+00,-26.0567E+00,58.023E+00,59.384E+00,56.290E+00,+99999.9E+99,+99999.9E+99,+99999.9E+99,2.299E+00,0.35491E+03,0.33563E+03,0.34072E+03,1.03125E+03,0.17599E+03,0.17223E+03,0.18029E+03,0.52852E+03,0.51695E+03,0.50513E+03,0.49863E+03,1.52071E+03,0.20117E+03,0.19467E+03,0.20179E+03,0.59756E+03,-0.37587E+03,-0.37750E+03,-0.36407E+03,-1.11744E+03,-0.09745E+03,-0.09074E+03,-0.09064E+03,-0.27883E+03,-0.68654E+00,-0.66444E+00,-0.68330E+00,-0.67814E+00,-0.87484E+00,-0.88472E+00,-0.89344E+00,-0.88446E+00,0.000E+00,120.034E+00,-119.926E+00,59.010E+00,177.780E+00,-63.236E+00,-46.643E+00,-48.360E+00,-46.898E+00,-47.302E+00,201.143E+00,201.882E+00,201.319E+00,92.801E+00,+99999.9E+99,+99999.9E+99,0.00007E+06,-0.00062E+06,0.00000E+00,12.085E+00,0.756E+03,0.00096E+06,43.606E+00,F0F0F
2021/11/30,17:34:09,00000:00:34,550,38003F00,700,1C00,1C00,3800,99.932E+00,0.000E+00,0.000E+00,110.995E+00,0.000E+00,0.000E+00,0.512E+00,0.000E+00,0.000E+00,99.930E+00,0.000E+00,0.000E+00,0.000E+00,0.000E+00,0.000E+00,100.850E+00,0.000E+00,0.000E+00,98.818E+00,0.000E+00,0.000E+00,106.298E+00,+99999.9E+99,+99999.9E+99,1.017E+00,+99999.9E+99,+99999.9E+99,11.7253E+00,0.00000E+00,0.00000E+00,11.9877E+00,0.00000E+00,0.00000E+00,4.5826E+00,0.00000E+00,0.00000E+00,10.7927E+00,0.00000E+00,0.00000E+00,3.0980E+00,0.00000E+00,0.00000E+00,18.2186E+00,0.0000E+00,0.0000E+00,4.1705E+00,0.0000E+00,0.0000E+00,101.086E+00,+99999.9E+99,+99999.9E+99,65.082E+00,+99999.9E+99,+99999.9E+99,1.07642E+03,0.00000E+03,0.00000E+03,0.00000E+03,0.00000E+03,0.00000E+03,1.17173E+03,0.00000E+03,0.00000E+03,0.00000E+03,0.00000E+03,0.00000E+03,0.46288E+03,0.00000E+03,0.00000E+03,0.00000E+03,0.00000E+03,0.00000E+03,0.91866E+00,0.00000E+00,0.00000E+00,0.83418E+00,0.38036E+00,0.96064E+00,0.000E+00,162.393E+00,127.548E+00,146.531E+00,94.749E+00,111.420E+00,23.268E+00,90.000E+00,90.000E+00,12.6151E+00,0.00000E+00,0.00000E+00,118.383E+00,100.000E+00,100.000E+00,-0.19788E+03,0.00000E+03,0.00000E+03,+99999.9E+99,+99999.9E+99,+99999.9E+99,+99999.9E+99,+99999.9E+99,+99999.9E+99,+99999.9E+99,+99999.9E+99,+99999.9E+99,+99999.9E+99,+99999.9E+99,+99999.9E+99,1B00,0,0,0,1B00,77.1885E+00,77.1958E+00,76.9898E+00,77.1247E+00,72.1573E+00,72.3503E+00,71.8328E+00,72.1135E+00,77.1885E+00,77.1958E+00,76.9897E+00,0.0000E+00,0.0000E+00,0.0000E+00,70.4138E+00,71.0279E+00,70.9143E+00,105.369E+00,105.723E+00,105.463E+00,-104.227E+00,-104.763E+00,-104.543E+00,34.334E+00,34.322E+00,34.268E+00,+99999.9E+99,+99999.9E+99,+99999.9E+99,0.532E+00,13.4616E+00,13.0216E+00,13.4018E+00,13.2950E+00,12.3980E+00,11.9734E+00,12.3229E+00,12.2315E+00,13.4606E+00,13.0216E+00,13.4000E+00,-0.1589E+00,0.0000E+00,0.2173E+00,13.9573E+00,12.9793E+00,12.9604E+00,27.6590E+00,27.2438E+00,28.5405E+00,-26.6043E+00,-26.9295E+00,-26.0900E+00,39.918E+00,42.377E+00,42.691E+00,+99999.9E+99,+99999.9E+99,+99999.9E+99,4.710E+00,0.42289E+03,0.41434E+03,0.43707E+03,1.27431E+03,0.49444E+03,0.44908E+03,0.47563E+03,1.41914E+03,0.60628E+03,0.58609E+03,0.60209E+03,1.79446E+03,0.56036E+03,0.52327E+03,0.52812E+03,1.61070E+03,-0.43444E+03,-0.41452E+03,-0.41410E+03,-1.26306E+03,-0.26369E+03,-0.26859E+03,-0.22955E+03,-0.76183E+03,-0.69752E+00,-0.70696E+00,-0.72593E+00,-0.71013E+00,-0.88236E+00,-0.85822E+00,-0.90060E+00,-0.88107E+00,0.000E+00,119.824E+00,-119.659E+00,58.359E+00,-179.349E+00,-64.127E+00,-45.772E+00,-45.012E+00,-43.454E+00,-44.754E+00,202.068E+00,201.495E+00,201.808E+00,89.734E+00,+99999.9E+99,+99999.9E+99,0.00013E+06,-0.00073E+06,0.00000E+00,14.420E+00,0.757E+03,0.00114E+06,43.789E+00,F0F0F
2021/11/30,17:34:09,00000:00:34,600,38003F00,500,1F00,1F00,3F00,99.932E+00,0.000E+00,0.000E+00,110.995E+00,0.000E+00,0.000E+00,0.512E+00,0.000E+00,0.000E+00,99.930E+00,0.000E+00,0.000E+00,0.000E+00,0.000E+00,0.000E+00,100.850E+00,0.000E+00,0.000E+00,98.818E+00,0.000E+00,0.000E+00,23.052E+00,+99999.9E+99,312.952E+00,1.017E+00,+99999.9E+99,+99999.9E+99,11.7253E+00,0.00000E+00,0.00000E+00,11.9877E+00,0.00000E+00,0.00000E+00,4.5826E+00,0.00000E+00,0.00000E+00,10.7927E+00,0.00000E+00,0.00000E+00,4.6244E+00,0.00000E+00,0.00000E+00,18.2186E+00,0.0000E+00,0.0000E+00,4.1705E+00,0.0000E+00,0.0000E+00,14.214E+00,+99999.9E+99,478.255E+00,65.082E+00,+99999.9E+99,+99999.9E+99,1.07642E+03,0.00000E+03,0.00000E+03,0.00000E+03,0.00000E+03,0.00000E+03,1.17173E+03,0.00000E+03,0.00000E+03,0.00000E+03,0.00000E+03,0.00000E+03,0.46288E+03,0.00000E+03,0.00000E+03,0.00000E+03,0.00000E+03,0.00000E+03,0.91866E+00,0.00000E+00,0.00000E+00,0.91724E+00,0.68225E+00,0.81684E+00,0.000E+00,-168.732E+00,162.176E+00,156.526E+00,58.249E+00,-162.593E+00,23.268E+00,90.000E+00,90.000E+00,12.6151E+00,0.00000E+00,0.00000E+00,71.805E+00,100.000E+00,100.000E+00,0.30350E+03,0.00000E+03,0.00000E+03,+99999.9E+99,+99999.9E+99,+99999.9E+99,+99999.9E+99,+99999.9E+99,+99999.9E+99,+99999.9E+99,+99999.9E+99,+99999.9E+99,+99999.9E+99,+99999.9E+99,+99999.9E+99,1B00,0,0,0,1B00,76.2669E+00,76.6748E+00,76.4902E+00,76.4773E+00,72.1476E+00,72.8991E+00,72.5738E+00,72.5402E+00,76.2669E+00,76.6748E+00,76.4902E+00,0.0000E+00,0.0000E+00,0.0000E+00,71.8881E+00,71.7436E+00,71.6687E+00,105.809E+00,106.107E+00,105.844E+00,-104.684E+00,-104.510E+00,-104.263E+00,26.490E+00,25.478E+00,26.284E+00,+99999.9E+99,+99999.9E+99,+99999.9E+99,0.180E+00,8.2047E+00,8.1673E+00,8.0988E+00,8.1569E+00,7.3267E+00,7.3081E+00,7.2268E+00,7.2872E+00,8.2037E+00,8.1665E+00,8.0954E+00,-0.1246E+00,-0.1097E+00,0.2353E+00,9.4276E+00,9.5815E+00,9.9532E+00,21.9200E+00,20.4690E+00,20.1938E+00,-18.7005E+00,-19.1786E+00,-19.4533E+00,49.371E+00,47.006E+00,45.308E+00,+99999.9E+99,+99999.9E+99,+99999.9E+99,4.285E+00,0.25929E+03,0.25439E+03,0.25924E+03,0.77293E+03,0.32345E+03,0.34606E+03,0.35091E+03,1.02042E+03,0.36274E+03,0.36176E+03,0.35961E+03,1.08411E+03,0.38024E+03,0.38994E+03,0.40783E+03,1.17742E+03,-0.25366E+03,-0.25721E+03,-0.24922E+03,-0.76009E+03,-0.19990E+03,-0.17970E+03,-0.20782E+03,-0.58743E+03,-0.71482E+00,-0.70320E+00,-0.72091E+00,-0.71296E+00,-0.85065E+00,-0.88748E+00,-0.86042E+00,-0.86665E+00,0.000E+00,120.136E+00,-120.028E+00,61.653E+00,177.542E+00,-59.291E+00,-44.371E+00,-45.315E+00,-43.871E+00,-44.523E+00,201.637E+00,201.961E+00,201.976E+00,94.736E+00,+99999.9E+99,+99999.9E+99,0.00004E+06,-0.00048E+06,0.00000E+00,9.252E+00,0.756E+03,0.00073E+06,43.775E+00,F0F08
2021/11/30,17:34:09,00000:00:34,650,38003F00,700,1F00,1F00,3F00,99.932E+00,0.000E+00,0.000E+00,110.995E+00,0.000E+00,0.000E+00,0.512E+00,0.000E+00,0.000E+00,99.930E+00,0.000E+00,0.000E+00,0.000E+00,0.000E+00,0.000E+00,100.850E+00,0.000E+00,0.000E+00,98.818E+00,0.000E+00,0.000E+00,68.268E+00,328.875E+00,490.801E+00,1.017E+00,+99999.9E+99,+99999.9E+99,11.7253E+00,0.00000E+00,0.00000E+00,11.9877E+00,0.00000E+00,0.00000E+00,4.5826E+00,0.00000E+00,0.00000E+00,10.7927E+00,0.00000E+00,0.00000E+00,3.9118E+00,0.00000E+00,0.00000E+00,18.2186E+00,0.0000E+00,0.0000E+00,4.1705E+00,0.0000E+00,0.0000E+00,48.760E+00,+99999.9E+99,+99999.9E+99,65.082E+00,+99999.9E+99,+99999.9E+99,1.07642E+03,0.00000E+03,0.00000E+03,0.00000E+03,0.00000E+03,0.00000E+03,1.17173E+03,0.00000E+03,0.00000E+03,0.00000E+03,0.00000E+03,0.00000E+03,0.46288E+03,0.00000E+03,0.00000E+03,0.00000E+03,0.00000E+03,0.00000E+03,0.91866E+00,0.00000E+00,0.00000E+00,0.89297E+00,0.90223E+00,0.99642E+00,0.000E+00,66.972E+00,151.061E+00,153.249E+00,-87.481E+00,146.209E+00,23.268E+00,90.000E+00,90.000E+00,12.6151E+00,0.00000E+00,0.00000E+00,113.818E+00,100.000E+00,100.000E+00,-0.14874E+03,0.00000E+03,0.00000E+03,+99999.9E+99,+99999.9E+99,+99999.9E+99,+99999.9E+99,+99999.9E+99,+99999.9E+99,+99999.9E+99,+99999.9E+99,+99999.9E+99,+99999.9E+99,+99999.9E+99,+99999.9E+99,1B00,0,0,0,1B00,77.0387E+00,77.1711E+00,77.0826E+00,77.0975E+00,72.0281E+00,72.4604E+00,72.1659E+00,72.2181E+00,77.0387E+00,77.1711E+00,77.0826E+00,0.0000E+00,0.0000E+00,0.0000E+00,72.7067E+00,73.1007E+00,72.9706E+00,105.871E+00,106.109E+00,105.640E+00,-104.626E+00,-104.700E+00,-104.544E+00,16.430E+00,16.662E+00,16.975E+00,+99999.9E+99,+99999.9E+99,+99999.9E+99,0.325E+00,13.1133E+00,12.6430E+00,12.8463E+00,12.8676E+00,12.0102E+00,11.5302E+00,11.6088E+00,11.7164E+00,13.1119E+00,12.6399E+00,12.8375E+00,-0.1927E+00,-0.2821E+00,0.4759E+00,6.4769E+00,5.8233E+00,5.7186E+00,27.2643E+00,26.8319E+00,28.1510E+00,-26.0667E+00,-26.1938E+00,-26.1452E+00,49.373E+00,53.866E+00,54.671E+00,+99999.9E+99,+99999.9E+99,+99999.9E+99,6.706E+00,0.41645E+03,0.39520E+03,0.41351E+03,1.22517E+03,0.23344E+03,0.20481E+03,0.22012E+03,0.65837E+03,0.58990E+03,0.56747E+03,0.57665E+03,1.73401E+03,0.26060E+03,0.23606E+03,0.23863E+03,0.73438E+03,-0.41779E+03,-0.40723E+03,-0.40191E+03,-1.22693E+03,-0.11583E+03,-0.11738E+03,-0.09215E+03,-0.32536E+03,-0.70597E+00,-0.69643E+00,-0.71710E+00,-0.70655E+00,-0.89579E+00,-0.86760E+00,-0.92243E+00,-0.89650E+00,0.000E+00,119.938E+00,-119.757E+00,56.572E+00,179.696E+00,-67.164E+00,-45.092E+00,-45.858E+00,-44.185E+00,-45.045E+00,201.647E+00,201.235E+00,201.521E+00,91.044E+00,+99999.9E+99,+99999.9E+99,0.00011E+06,-0.00072E+06,0.00000E+00,14.076E+00,0.757E+03,0.00112E+06,43.710E+00,F0F08
2021/11/30,17:34:09,00000:00:34,700,38003F00,500,1F00,1F00,3F00,99.932E+00,0.000E+00,0.000E+00,110.995E+00,0.000E+00,0.000E+00,0.512E+00,0.000E+00,0.000E+00,99.930E+00,0.000E+00,0.000E+00,0.000E+00,0.000E+00,0.000E+00,100.850E+00,0.000E+00,0.000E+00,98.818E+00,0.000E+00,0.000E+00,68.268E+00,328.875E+00,490.801E+00,1.017E+00,+99999.9E+99,+99999.9E+99,11.7253E+00,0.00000E+00,0.00000E+00,11.9877E+00,0.00000E+00,0.00000E+00,4.5826E+00,0.00000E+00,0.00000E+00,10.7927E+00,0.00000E+00,0.00000E+00,3.9118E+00,0.00000E+00,0.00000E+00,18.2186E+00,0.0000E+00,0.0000E+00,4.1705E+00,0.0000E+00,0.0000E+00,48.760E+00,+99999.9E+99,+99999.9E+99,65.082E+00,+99999.9E+99,+99999.9E+99,1.07642E+03,0.00000E+03,0.00000E+03,0.00000E+03,0.00000E+03,0.00000E+03,1.17173E+03,0.00000E+03,0.00000E+03,0.00000E+03,0.00000E+03,0.00000E+03,0.46288E+03,0.00000E+03,0.00000E+03,0.00000E+03,0.00000E+03,0.00000E+03,0.91866E+00,0.00000E+00,0.00000E+00,0.89297E+00,0.90223E+00,0.99642E+00,0.000E+00,66.972E+00,151.061E+00,153.249E+00,-87.481E+00,146.209E+00,23.268E+00,90.000E+00,90.000E+00,12.6151E+00,0.00000E+00,0.00000E+00,102.211E+00,100.000E+00,100.000E+00,-0.02380E+03,0.00000E+03,0.00000E+03,+99999.9E+99,+99999.9E+99,+99999.9E+99,+99999.9E+99,+99999.9E+99,+99999.9E+99,+99999.9E+99,+99999.9E+99,+99999.9E+99,+99999.9E+99,+99999.9E+99,+99999.9E+99,1B00,0,0,0,1B00,76.7414E+00,77.0763E+00,76.8097E+00,76.8758E+00,72.0356E+00,72.6461E+00,72.1665E+00,72.2827E+00,76.7414E+00,77.0763E+00,76.8097E+00,0.0000E+00,0.0000E+00,0.0000E+00,69.9866E+00,70.2149E+00,70.1263E+00,105.433E+00,105.887E+00,105.466E+00,-104.181E+00,-104.633E+00,-104.283E+00,38.115E+00,37.959E+00,37.974E+00,+99999.9E+99,+99999.9E+99,+99999.9E+99,0.196E+00,12.0137E+00,11.8472E+00,12.1353E+00,11.9987E+00,10.5211E+00,10.4475E+00,10.6465E+00,10.5384E+00,12.0132E+00,11.8472E+00,12.1353E+00,-0.1095E+00,0.0000E+00,0.0000E+00,14.8545E+00,14.4362E+00,14.6289E+00,27.7119E+00,27.1186E+00,28.6281E+00,-26.4019E+00,-27.2329E+00,-26.7810E+00,40.325E+00,41.357E+00,40.424E+00,+99999.9E+99,+99999.9E+99,+99999.9E+99,1.750E+00,0.36075E+03,0.36339E+03,0.37609E+03,1.10022E+03,0.51698E+03,0.50069E+03,0.51757E+03,1.53524E+03,0.53651E+03,0.53064E+03,0.54433E+03,1.61148E+03,0.59916E+03,0.58197E+03,0.59145E+03,1.77244E+03,-0.39712E+03,-0.38670E+03,-0.39351E+03,-1.17733E+03,-0.30287E+03,-0.29664E+03,-0.28625E+03,-0.88576E+03,-0.67239E+00,-0.68480E+00,-0.69092E+00,-0.68274E+00,-0.86284E+00,-0.86034E+00,-0.87508E+00,-0.86617E+00,0.000E+00,119.970E+00,-119.851E+00,60.472E+00,-179.425E+00,-60.974E+00,-47.748E+00,-46.780E+00,-46.297E+00,-46.942E+00,201.858E+00,202.256E+00,201.726E+00,90.208E+00,+99999.9E+99,+99999.9E+99,0.00011E+06,-0.00063E+06,0.00000E+00,12.527E+00,0.757E+03,0.00099E+06,43.778E+00,F0F08
2021/11/30,17:34:09,00000:00:34,750,38003F00,2A00,3B00,3B00,3F00,99.873E+00,0.000E+00,0.000E+00,110.930E+00,0.000E+00,0.000E+00,0.487E+00,0.000E+00,0.000E+00,99.872E+00,0.000E+00,0.000E+00,0.000E+00,0.000E+00,0.000E+00,100.889E+00,0.000E+00,0.000E+00,98.800E+00,0.000E+00,0.000E+00,42.132E+00,+99999.9E+99,+99999.9E+99,1.046E+00,+99999.9E+99,+99999.9E+99,11.9484E+00,0.00000E+00,0.00000E+00,12.3061E+00,0.00000E+00,0.00000E+00,4.4732E+00,0.00000E+00,0.00000E+00,11.0794E+00,0.00000E+00,0.00000E+00,3.8295E+00,0.00000E+00,0.00000E+00,18.3352E+00,0.0000E+00,0.0000E+00,4.1012E+00,0.0000E+00,0.0000E+00,51.226E+00,+99999.9E+99,+99999.9E+99,64.236E+00,+99999.9E+99,+99999.9E+99,1.10456E+03,0.00000E+03,0.00000E+03,0.00000E+03,0.00000E+03,0.00000E+03,1.19332E+03,0.00000E+03,0.00000E+03,0.00000E+03,0.00000E+03,0.00000E+03,0.45161E+03,0.00000E+03,0.00000E+03,0.00000E+03,0.00000E+03,0.00000E+03,0.92562E+00,0.00000E+00,0.00000E+00,0.93122E+00,0.94906E+00,0.84326E+00,0.000E+00,-112.980E+00,170.116E+00,158.626E+00,-94.613E+00,-157.370E+00,22.238E+00,90.000E+00,90.000E+00,0.00000E+00,0.00000E+00,0.00000E+00,78.267E+00,100.000E+00,100.000E+00,0.24006E+03,0.00000E+03,0.00000E+03,+99999.9E+99,+99999.9E+99,+99999.9E+99,+99999.9E+99,+99999.9E+99,+99999.9E+99,+99999.9E+99,+99999.9E+99,+99999.9E+99,+99999.9E+99,+99999.9E+99,+99999.9E+99,1B00,0,0,0,1B00,76.5212E+00,76.6379E+00,76.5691E+00,76.5760E+00,72.4012E+00,72.7992E+00,72.5308E+00,72.5770E+00,76.5212E+00,76.6378E+00,76.5690E+00,0.0000E+00,0.0000E+00,0.0000E+00,72.8458E+00,72.6643E+00,72.5867E+00,105.720E+00,106.106E+00,105.754E+00,-104.211E+00,-105.206E+00,-105.097E+00,18.395E+00,18.031E+00,18.111E+00,+99999.9E+99,+99999.9E+99,+99999.9E+99,0.211E+00,9.6120E+00,9.1177E+00,9.2515E+00,9.3271E+00,8.3196E+00,7.9007E+00,7.9429E+00,8.0544E+00,9.6109E+00,9.1143E+00,9.2430E+00,-0.1457E+00,-0.2503E+00,0.3971E+00,6.1688E+00,6.4791E+00,6.8835E+00,26.1371E+00,24.2429E+00,25.2267E+00,-26.4710E+00,-25.5562E+00,-22.4171E+00,56.514E+00,52.250E+00,49.559E+00,+99999.9E+99,+99999.9E+99,+99999.9E+99,4.973E+00,0.29559E+03,0.27718E+03,0.29173E+03,0.86450E+03,0.22165E+03,0.23904E+03,0.24330E+03,0.70399E+03,0.42739E+03,0.40445E+03,0.41059E+03,1.24243E+03,0.25665E+03,0.26440E+03,0.27831E+03,0.79883E+03,-0.30868E+03,-0.29454E+03,-0.28893E+03,-0.89214E+03,-0.12939E+03,-0.11300E+03,-0.13514E+03,-0.37753E+03,-0.69164E+00,-0.68532E+00,-0.71051E+00,-0.69582E+00,-0.86362E+00,-0.90407E+00,-0.87420E+00,-0.88128E+00,0.000E+00,120.147E+00,-120.053E+00,60.189E+00,175.417E+00,-60.887E+00,-46.240E+00,-46.739E+00,-44.723E+00,-45.908E+00,201.701E+00,201.342E+00,202.081E+00,94.183E+00,+99999.9E+99,+99999.9E+99,0.00005E+06,-0.00054E+06,0.00000E+00,10.282E+00,0.756E+03,0.00081E+06,43.761E+00,F0F08
2021/11/30,17:34:10,00000:00:34,800,38003D00,2D00,3C00,3C00,3800,99.873E+00,0.000E+00,0.000E+00,110.930E+00,0.000E+00,0.000E+00,0.487E+00,0.000E+00,0.000E+00,99.872E+00,0.000E+00,0.000E+00,0.000E+00,0.000E+00,0.000E+00,100.889E+00,0.000E+00,0.000E+00,98.800E+00,0.000E+00,0.000E+00,42.132E+00,+99999.9E+99,+99999.9E+99,1.046E+00,+99999.9E+99,+99999.9E+99,11.9484E+00,0.00000E+00,0.00000E+00,12.3061E+00,0.00000E+00,0.00000E+00,4.4732E+00,0.00000E+00,0.00000E+00,11.0794E+00,0.00000E+00,0.00000E+00,3.8295E+00,0.00000E+00,0.00000E+00,18.3352E+00,0.0000E+00,0.0000E+00,4.1012E+00,0.0000E+00,0.0000E+00,51.226E+00,+99999.9E+99,+99999.9E+99,64.236E+00,+99999.9E+99,+99999.9E+99,1.10456E+03,0.00000E+03,0.00000E+03,0.00000E+03,0.00000E+03,0.00000E+03,1.19332E+03,0.00000E+03,0.00000E+03,0.00000E+03,0.00000E+03,0.00000E+03,0.45161E+03,0.00000E+03,0.00000E+03,0.00000E+03,0.00000E+03,0.00000E+03,0.92562E+00,0.00000E+00,0.00000E+00,0.93122E+00,0.94906E+00,0.84326E+00,0.000E+00,-112.980E+00,170.116E+00,158.626E+00,-94.613E+00,-157.370E+00,22.238E+00,90.000E+00,90.000E+00,0.00000E+00,0.00000E+00,0.00000E+00,122.951E+00,100.000E+00,100.000E+00,-0.25351E+03,0.00000E+03,0.00000E+03,+99999.9E+99,+99999.9E+99,+99999.9E+99,+99999.9E+99,+99999.9E+99,+99999.9E+99,+99999.9E+99,+99999.9E+99,+99999.9E+99,+99999.9E+99,+99999.9E+99,+99999.9E+99,1B00,0,0,0,1B00,77.0072E+00,77.4717E+00,77.3258E+00,77.2683E+00,71.7181E+00,72.5952E+00,72.3252E+00,72.2128E+00,77.0072E+00,77.4717E+00,77.3258E+00,0.0000E+00,0.0000E+00,0.0000E+00,71.7321E+00,72.2846E+00,72.0782E+00,105.469E+00,105.940E+00,105.644E+00,-104.789E+00,-105.247E+00,-104.246E+00,25.260E+00,25.645E+00,25.535E+00,+99999.9E+99,+99999.9E+99,+99999.9E+99,0.442E+00,13.9732E+00,13.6466E+00,13.7910E+00,13.8036E+00,13.0573E+00,12.8616E+00,12.8276E+00,12.9155E+00,13.9721E+00,13.6450E+00,13.7855E+00,-0.1752E+00,-0.2126E+00,0.3888E+00,10.1892E+00,9.3659E+00,9.4974E+00,27.7590E+00,27.1176E+00,28.6519E+00,-26.5995E+00,-26.7086E+00,-26.8262E+00,43.869E+00,46.532E+00,47.013E+00,+99999.9E+99,+99999.9E+99,+99999.9E+99,6.529E+00,0.45671E+03,0.44515E+03,0.45621E+03,1.35807E+03,0.37252E+03,0.32792E+03,0.35170E+03,1.05214E+03,0.62951E+03,0.61525E+03,0.62389E+03,1.86865E+03,0.41576E+03,0.37840E+03,0.38184E+03,1.17458E+03,-0.43323E+03,-0.42470E+03,-0.42558E+03,-1.28351E+03,-0.18463E+03,-0.18884E+03,-0.14869E+03,-0.52215E+03,-0.72551E+00,-0.72353E+00,-0.73122E+00,-0.72677E+00,-0.89599E+00,-0.86658E+00,-0.92107E+00,-0.89576E+00,0.000E+00,119.929E+00,-119.661E+00,56.614E+00,179.775E+00,-66.905E+00,-43.489E+00,-43.653E+00,-43.011E+00,-43.384E+00,201.749E+00,202.126E+00,201.073E+00,90.398E+00,+99999.9E+99,+99999.9E+99,0.00013E+06,-0.00078E+06,0.00000E+00,15.480E+00,0.757E+03,0.00123E+06,43.691E+00,F0F08
2021/11/30,17:34:10,00000:00:34,850,38003F00,2800,3B00,3B00,3F00,100.033E+00,0.000E+00,0.000E+00,111.108E+00,0.000E+00,0.000E+00,0.500E+00,0.000E+00,0.000E+00,100.032E+00,0.000E+00,0.000E+00,0.000E+00,0.000E+00,0.000E+00,100.936E+00,0.000E+00,0.000E+00,98.807E+00,0.000E+00,0.000E+00,42.132E+00,+99999.9E+99,+99999.9E+99,1.064E+00,+99999.9E+99,+99999.9E+99,11.2828E+00,0.00000E+00,0.00000E+00,11.5297E+00,0.00000E+00,0.00000E+00,4.4214E+00,0.00000E+00,0.00000E+00,10.3804E+00,0.00000E+00,0.00000E+00,3.8295E+00,0.00000E+00,0.00000E+00,18.2879E+00,0.0000E+00,0.0000E+00,4.1733E+00,0.0000E+00,0.0000E+00,51.226E+00,+99999.9E+99,+99999.9E+99,67.986E+00,+99999.9E+99,+99999.9E+99,1.03640E+03,0.00000E+03,0.00000E+03,0.00000E+03,0.00000E+03,0.00000E+03,1.12866E+03,0.00000E+03,0.00000E+03,0.00000E+03,0.00000E+03,0.00000E+03,0.44693E+03,0.00000E+03,0.00000E+03,0.00000E+03,0.00000E+03,0.00000E+03,0.91826E+00,0.00000E+00,0.00000E+00,0.93122E+00,0.94906E+00,0.84326E+00,0.000E+00,-112.980E+00,170.116E+00,158.626E+00,-94.613E+00,-157.370E+00,23.327E+00,90.000E+00,90.000E+00,9.32222E+00,0.00000E+00,0.00000E+00,84.396E+00,100.000E+00,100.000E+00,0.16172E+03,0.00000E+03,0.00000E+03,+99999.9E+99,+99999.9E+99,+99999.9E+99,+99999.9E+99,+99999.9E+99,+99999.9E+99,+99999.9E+99,+99999.9E+99,+99999.9E+99,+99999.9E+99,+99999.9E+99,+99999.9E+99,1B00,0,0,0,1B00,76.7113E+00,76.6524E+00,76.3896E+00,76.5844E+00,72.5917E+00,72.6805E+00,72.0524E+00,72.4415E+00,76.7113E+00,76.6524E+00,76.3896E+00,0.0000E+00,0.0000E+00,0.0000E+00,70.2628E+00,70.3078E+00,70.1923E+00,105.876E+00,106.050E+00,105.554E+00,-104.484E+00,-104.104E+00,-104.447E+00,38.318E+00,37.985E+00,38.124E+00,+99999.9E+99,+99999.9E+99,+99999.9E+99,0.086E+00,9.7439E+00,9.3338E+00,9.9255E+00,9.6677E+00,8.4367E+00,8.0827E+00,8.4839E+00,8.3344E+00,9.7433E+00,9.3338E+00,9.9255E+00,-0.1009E+00,0.0000E+00,0.0000E+00,14.7435E+00,14.6252E+00,14.9839E+00,26.4048E+00,24.9252E+00,27.1076E+00,-25.3610E+00,-23.5762E+00,-26.5886E+00,40.807E+00,40.827E+00,39.376E+00,+99999.9E+99,+99999.9E+99,+99999.9E+99,1.508E+00,0.28627E+03,0.28434E+03,0.30407E+03,0.87468E+03,0.51672E+03,0.51904E+03,0.53160E+03,1.56736E+03,0.43349E+03,0.41540E+03,0.44036E+03,1.28925E+03,0.59610E+03,0.59071E+03,0.60572E+03,1.79241E+03,-0.32552E+03,-0.30283E+03,-0.31853E+03,-0.94687E+03,-0.29721E+03,-0.28201E+03,-0.29033E+03,-0.86956E+03,-0.66039E+00,-0.68451E+00,-0.69050E+00,-0.67844E+00,-0.86684E+00,-0.87868E+00,-0.87764E+00,-0.87444E+00,0.000E+00,120.075E+00,-119.933E+00,59.926E+00,178.544E+00,-61.263E+00,-48.671E+00,-46.803E+00,-46.331E+00,-47.278E+00,201.982E+00,201.781E+00,202.615E+00,91.758E+00,+99999.9E+99,+99999.9E+99,0.00007E+06,-0.00052E+06,0.00000E+00,10.129E+00,0.757E+03,0.00080E+06,43.807E+00,F0F08
2021/11/30,17:34:10,00000:00:34,900,38003F00,0,1B00,1B00,3F00,99.921E+00,0.000E+00,0.000E+00,110.983E+00,0.000E+00,0.000E+00,0.509E+00,0.000E+00,0.000E+00,99.920E+00,0.000E+00,0.000E+00,0.000E+00,0.000E+00,0.000E+00,100.946E+00,0.000E+00,0.000E+00,98.850E+00,0.000E+00,0.000E+00,106.805E+00,358.859E+00,+99999.9E+99,1.049E+00,+99999.9E+99,+99999.9E+99,11.8296E+00,0.00000E+00,0.00000E+00,12.1116E+00,0.00000E+00,0.00000E+00,4.5866E+00,0.00000E+00,0.00000E+00,10.9042E+00,0.00000E+00,0.00000E+00,3.0753E+00,0.00000E+00,0.00000E+00,18.2476E+00,0.0000E+00,0.0000E+00,4.1040E+00,0.0000E+00,0.0000E+00,103.991E+00,+99999.9E+99,+99999.9E+99,64.853E+00,+99999.9E+99,+99999.9E+99,1.08746E+03,0.00000E+03,0.00000E+03,0.00000E+03,0.00000E+03,0.00000E+03,1.18203E+03,0.00000E+03,0.00000E+03,0.00000E+03,0.00000E+03,0.00000E+03,0.46327E+03,0.00000E+03,0.00000E+03,0.00000E+03,0.00000E+03,0.00000E+03,0.92000E+00,0.00000E+00,0.00000E+00,0.81912E+00,0.46079E+00,0.37068E+00,0.000E+00,-101.836E+00,140.758E+00,144.997E+00,140.725E+00,-150.999E+00,23.075E+00,90.000E+00,90.000E+00,12.6169E+00,0.00000E+00,0.00000E+00,96.835E+00,100.000E+00,100.000E+00,0.03441E+03,0.00000E+03,0.00000E+03,+99999.9E+99,+99999.9E+99,+99999.9E+99,+99999.9E+99,+99999.9E+99,+99999.9E+99,+99999.9E+99,+99999.9E+99,+99999.9E+99,+99999.9E+99,+99999.9E+99,+99999.9E+99,1B00,0,0,0,1B00,76.5237E+00,77.0515E+00,77.0409E+00,76.8720E+00,71.8448E+00,72.8206E+00,72.8093E+00,72.4916E+00,76.5237E+00,77.0515E+00,77.0409E+00,0.0000E+00,0.0000E+00,0.0000E+00,73.0728E+00,73.0691E+00,72.9464E+00,105.881E+00,105.966E+00,105.689E+00,-104.419E+00,-105.357E+00,-104.276E+00,15.340E+00,15.157E+00,15.313E+00,+99999.9E+99,+99999.9E+99,+99999.9E+99,0.116E+00,11.7139E+00,11.4872E+00,11.2849E+00,11.4953E+00,10.1122E+00,9.9803E+00,9.6819E+00,9.9248E+00,11.7128E+00,11.4803E+00,11.2711E+00,-0.1570E+00,-0.3992E+00,0.5573E+00,5.2036E+00,5.1004E+00,5.5265E+00,27.8095E+00,27.1043E+00,28.5410E+00,-26.5214E+00,-27.2090E+00,-26.0871E+00,58.657E+00,57.846E+00,53.457E+00,+99999.9E+99,+99999.9E+99,+99999.9E+99,3.751E+00,0.36202E+03,0.34334E+03,0.34768E+03,1.05305E+03,0.18466E+03,0.19056E+03,0.19885E+03,0.57407E+03,0.52288E+03,0.51248E+03,0.50617E+03,1.54153E+03,0.21432E+03,0.21324E+03,0.22565E+03,0.65296E+03,-0.37728E+03,-0.38046E+03,-0.36787E+03,-1.12561E+03,-0.10878E+03,-0.09570E+03,-0.10665E+03,-0.31113E+03,-0.69236E+00,-0.66997E+00,-0.68688E+00,-0.68312E+00,-0.86162E+00,-0.89363E+00,-0.88124E+00,-0.87918E+00,0.000E+00,120.109E+00,-119.952E+00,60.496E+00,176.723E+00,-61.687E+00,-46.182E+00,-47.935E+00,-46.616E+00,-46.912E+00,202.074E+00,202.066E+00,201.421E+00,92.898E+00,+99999.9E+99,+99999.9E+99,0.00007E+06,-0.00063E+06,0.00000E+00,12.344E+00,0.757E+03,0.00098E+06,43.825E+00,F0F0F
2021/11/30,17:34:10,00000:00:34,950,38003F00,700,1F00,1F00,3F00,99.921E+00,0.000E+00,0.000E+00,110.983E+00,0.000E+00,0.000E+00,0.509E+00,0.000E+00,0.000E+00,99.920E+00,0.000E+00,0.000E+00,0.000E+00,0.000E+00,0.000E+00,100.946E+00,0.000E+00,0.000E+00,98.850E+00,0.000E+00,0.000E+00,19.974E+00,+99999.9E+99,417.588E+00,1.049E+00,+99999.9E+99,+99999.9E+99,11.8296E+00,0.00000E+00,0.00000E+00,12.1116E+00,0.00000E+00,0.00000E+00,4.5866E+00,0.00000E+00,0.00000E+00,10.9042E+00,0.00000E+00,0.00000E+00,4.6593E+00,0.00000E+00,0.00000E+00,18.2476E+00,0.0000E+00,0.0000E+00,4.1040E+00,0.0000E+00,0.0000E+00,11.597E+00,+99999.9E+99,+99999.9E+99,64.853E+00,+99999.9E+99,+99999.9E+99,1.08746E+03,0.00000E+03,0.00000E+03,0.00000E+03,0.00000E+03,0.00000E+03,1.18203E+03,0.00000E+03,0.00000E+03,0.00000E+03,0.00000E+03,0.00000E+03,0.46327E+03,0.00000E+03,0.00000E+03,0.00000E+03,0.00000E+03,0.00000E+03,0.92000E+00,0.00000E+00,0.00000E+00,0.91675E+00,0.09500E+00,0.95176E+00,0.000E+00,-128.006E+00,160.317E+00,156.455E+00,136.543E+00,142.447E+00,23.075E+00,90.000E+00,90.000E+00,12.6169E+00,0.00000E+00,0.00000E+00,116.481E+00,100.000E+00,100.000E+00,-0.17923E+03,0.00000E+03,0.00000E+03,+99999.9E+99,+99999.9E+99,+99999.9E+99,+99999.9E+99,+99999.9E+99,+99999.9E+99,+99999.9E+99,+99999.9E+99,+99999.9E+99,+99999.9E+99,+99999.9E+99,+99999.9E+99,1B00,0,0,0,1B00,77.2137E+00,77.2330E+00,76.9942E+00,77.1470E+00,72.1591E+00,72.3802E+00,71.8091E+00,72.1161E+00,77.2137E+00,77.2330E+00,76.9942E+00,0.0000E+00,0.0000E+00,0.0000E+00,71.0654E+00,71.7247E+00,71.5092E+00,105.441E+00,105.776E+00,105.551E+00,-104.653E+00,-104.326E+00,-104.377E+00,30.294E+00,30.532E+00,30.402E+00,+99999.9E+99,+99999.9E+99,+99999.9E+99,0.537E+00,13.4754E+00,13.0175E+00,13.4234E+00,13.3054E+00,12.3542E+00,11.9182E+00,12.2888E+00,12.1871E+00,13.4746E+00,13.0175E+00,13.4219E+00,-0.1524E+00,0.0000E+00,0.2010E+00,12.4076E+00,11.3151E+00,11.4624E+00,27.5867E+00,27.1386E+00,28.4367E+00,-26.6486E+00,-27.0562E+00,-26.6262E+00,41.069E+00,44.169E+00,44.163E+00,+99999.9E+99,+99999.9E+99,+99999.9E+99,5.738E+00,0.42003E+03,0.41152E+03,0.43514E+03,1.26669E+03,0.44515E+03,0.39734E+03,0.42365E+03,1.26614E+03,0.60705E+03,0.58631E+03,0.60327E+03,1.79664E+03,0.49986E+03,0.46076E+03,0.46434E+03,1.42358E+03,-0.43828E+03,-0.41763E+03,-0.41784E+03,-1.27375E+03,-0.22738E+03,-0.23329E+03,-0.19007E+03,-0.65073E+03,-0.69192E+00,-0.70188E+00,-0.72130E+00,-0.70503E+00,-0.89055E+00,-0.86236E+00,-0.91238E+00,-0.88941E+00,0.000E+00,119.900E+00,-119.597E+00,57.360E+00,-179.784E+00,-65.635E+00,-46.218E+00,-45.422E+00,-43.838E+00,-45.168E+00,201.356E+00,201.581E+00,201.948E+00,89.795E+00,+99999.9E+99,+99999.9E+99,0.00013E+06,-0.00073E+06,0.00000E+00,14.338E+00,0.758E+03,0.00114E+06,43.566E+00,F0F08
2021/11/30,17:34:10,00000:00:35,0,38003D00,500,1C00,1C00,3800,99.921E+00,0.000E+00,0.000E+00,110.983E+00,0.000E+00,0.000E+00,0.509E+00,0.000E+00,0.000E+00,99.920E+00,0.000E+00,0.000E+00,0.000E+00,0.000E+00,0.000E+00,100.946E+00,0.000E+00,0.000E+00,98.850E+00,0.000E+00,0.000E+00,19.974E+00,+99999.9E+99,417.588E+00,1.049E+00,+99999.9E+99,+99999.9E+99,11.8296E+00,0.00000E+00,0.00000E+00,12.1116E+00,0.00000E+00,0.00000E+00,4.5866E+00,0.00000E+00,0.00000E+00,10.9042E+00,0.00000E+00,0.00000E+00,4.6593E+00,0.00000E+00,0.00000E+00,18.2476E+00,0.0000E+00,0.0000E+00,4.1040E+00,0.0000E+00,0.0000E+00,11.597E+00,+99999.9E+99,+99999.9E+99,64.853E+00,+99999.9E+99,+99999.9E+99,1.08746E+03,0.00000E+03,0.00000E+03,0.00000E+03,0.00000E+03,0.00000E+03,1.18203E+03,0.00000E+03,0.00000E+03,0.00000E+03,0.00000E+03,0.00000E+03,0.46327E+03,0.00000E+03,0.00000E+03,0.00000E+03,0.00000E+03,0.00000E+03,0.92000E+00,0.00000E+00,0.00000E+00,0.91675E+00,0.09500E+00,0.95176E+00,0.000E+00,-128.006E+00,160.317E+00,156.455E+00,136.543E+00,142.447E+00,23.075E+00,90.000E+00,90.000E+00,12.6169E+00,0.00000E+00,0.00000E+00,71.191E+00,100.000E+00,100.000E+00,0.31328E+03,0.00000E+03,0.00000E+03,+99999.9E+99,+99999.9E+99,+99999.9E+99,+99999.9E+99,+99999.9E+99,+99999.9E+99,+99999.9E+99,+99999.9E+99,+99999.9E+99,+99999.9E+99,+99999.9E+99,+99999.9E+99,1B00,0,0,0,1B00,76.2986E+00,76.6496E+00,76.5392E+00,76.4958E+00,72.2062E+00,72.8919E+00,72.6773E+00,72.5918E+00,76.2986E+00,76.6496E+00,76.5391E+00,0.0000E+00,0.0000E+00,0.0000E+00,71.3208E+00,71.2088E+00,71.0281E+00,105.734E+00,106.070E+00,105.706E+00,-104.393E+00,-104.823E+00,-105.489E+00,31.395E+00,30.639E+00,31.316E+00,+99999.9E+99,+99999.9E+99,+99999.9E+99,0.247E+00,8.2453E+00,8.1843E+00,8.1217E+00,8.1838E+00,7.3423E+00,7.2969E+00,7.2227E+00,7.2873E+00,8.2446E+00,8.1832E+00,8.1181E+00,-0.1056E+00,-0.1366E+00,0.2434E+00,11.4725E+00,11.4645E+00,12.1148E+00,22.2695E+00,20.7424E+00,20.3133E+00,-18.6600E+00,-19.1305E+00,-19.9043E+00,45.962E+00,44.780E+00,42.631E+00,+99999.9E+99,+99999.9E+99,+99999.9E+99,3.613E+00,0.26025E+03,0.25393E+03,0.25999E+03,0.77417E+03,0.38923E+03,0.41120E+03,0.41801E+03,1.21844E+03,0.36503E+03,0.36255E+03,0.36072E+03,1.08830E+03,0.45836E+03,0.46629E+03,0.48549E+03,1.40963E+03,-0.25596E+03,-0.25877E+03,-0.25005E+03,-0.76478E+03,-0.24206E+03,-0.21986E+03,-0.24691E+03,-0.70883E+03,-0.71296E+00,-0.70041E+00,-0.72075E+00,-0.71136E+00,-0.84918E+00,-0.88186E+00,-0.86102E+00,-0.86437E+00,0.000E+00,120.220E+00,-119.976E+00,61.819E+00,178.271E+00,-59.267E+00,-44.523E+00,-45.540E+00,-43.884E+00,-44.654E+00,202.412E+00,202.019E+00,202.030E+00,94.784E+00,+99999.9E+99,+99999.9E+99,0.00004E+06,-0.00048E+06,0.00000E+00,9.265E+00,0.756E+03,0.00073E+06,43.953E+00,F0F08
2021/11/30,17:34:10,00000:00:35,50,38003F00,700,1F00,1F00,3F00,99.921E+00,0.000E+00,0.000E+00,110.983E+00,0.000E+00,0.000E+00,0.509E+00,0.000E+00,0.000E+00,99.920E+00,0.000E+00,0.000E+00,0.000E+00,0.000E+00,0.000E+00,100.946E+00,0.000E+00,0.000E+00,98.850E+00,0.000E+00,0.000E+00,71.221E+00,+99999.9E+99,+99999.9E+99,1.049E+00,+99999.9E+99,+99999.9E+99,11.8296E+00,0.00000E+00,0.00000E+00,12.1116E+00,0.00000E+00,0.00000E+00,4.5866E+00,0.00000E+00,0.00000E+00,10.9042E+00,0.00000E+00,0.00000E+00,3.9947E+00,0.00000E+00,0.00000E+00,18.2476E+00,0.0000E+00,0.0000E+00,4.1040E+00,0.0000E+00,0.0000E+00,51.096E+00,+99999.9E+99,+99999.9E+99,64.853E+00,+99999.9E+99,+99999.9E+99,1.08746E+03,0.00000E+03,0.00000E+03,0.00000E+03,0.00000E+03,0.00000E+03,1.18203E+03,0.00000E+03,0.00000E+03,0.00000E+03,0.00000E+03,0.00000E+03,0.46327E+03,0.00000E+03,0.00000E+03,0.00000E+03,0.00000E+03,0.00000E+03,0.92000E+00,0.00000E+00,0.00000E+00,0.89458E+00,0.93147E+00,0.96751E+00,0.000E+00,-8.522E+00,145.271E+00,153.455E+00,150.144E+00,130.627E+00,23.075E+00,90.000E+00,90.000E+00,12.6169E+00,0.00000E+00,0.00000E+00,115.647E+00,100.000E+00,100.000E+00,-0.17015E+03,0.00000E+03,0.00000E+03,+99999.9E+99,+99999.9E+99,+99999.9E+99,+99999.9E+99,+99999.9E+99,+99999.9E+99,+99999.9E+99,+99999.9E+99,+99999.9E+99,+99999.9E+99,+99999.9E+99,+99999.9E+99,1B00,0,0,0,1B00,77.0917E+00,77.1894E+00,77.1069E+00,77.1293E+00,72.1736E+00,72.5472E+00,72.2642E+00,72.3284E+00,77.0917E+00,77.1894E+00,77.1069E+00,0.0000E+00,0.0000E+00,0.0000E+00,73.0295E+00,73.2833E+00,73.1614E+00,105.804E+00,106.007E+00,105.653E+00,-104.821E+00,-105.191E+00,-104.634E+00,14.055E+00,14.315E+00,14.367E+00,+99999.9E+99,+99999.9E+99,+99999.9E+99,0.201E+00,13.3881E+00,12.9370E+00,13.1301E+00,13.1517E+00,12.1933E+00,11.7307E+00,11.7961E+00,11.9067E+00,13.3869E+00,12.9335E+00,13.1215E+00,-0.1783E+00,-0.2974E+00,0.4768E+00,5.2329E+00,4.7330E+00,4.8648E+00,27.6448E+00,27.0905E+00,28.5933E+00,-26.5157E+00,-27.0400E+00,-26.7105E+00,54.501E+00,59.069E+00,57.081E+00,+99999.9E+99,+99999.9E+99,+99999.9E+99,4.814E+00,0.42725E+03,0.40659E+03,0.42378E+03,1.25761E+03,0.18874E+03,0.17214E+03,0.18430E+03,0.54518E+03,0.60297E+03,0.58146E+03,0.58996E+03,1.77439E+03,0.21351E+03,0.19746E+03,0.20249E+03,0.61307E+03,-0.42548E+03,-0.41567E+03,-0.41045E+03,-1.25159E+03,-0.09981E+03,-0.09675E+03,-0.08387E+03,-0.28043E+03,-0.70857E+00,-0.69925E+00,-0.71832E+00,-0.70876E+00,-0.88401E+00,-0.87175E+00,-0.91018E+00,-0.88925E+00,0.000E+00,119.997E+00,-119.829E+00,57.984E+00,179.279E+00,-65.417E+00,-44.881E+00,-45.633E+00,-44.084E+00,-44.866E+00,201.303E+00,201.932E+00,201.735E+00,90.877E+00,+99999.9E+99,+99999.9E+99,0.00011E+06,-0.00074E+06,0.00000E+00,14.412E+00,0.757E+03,0.00114E+06,43.574E+00,F0F08
2021/11/30,17:34:10,00000:00:35,100,38003F00,2800,3B00,3B00,3F00,99.870E+00,0.000E+00,0.000E+00,110.926E+00,0.000E+00,0.000E+00,0.508E+00,0.000E+00,0.000E+00,99.869E+00,0.000E+00,0.000E+00,0.000E+00,0.000E+00,0.000E+00,100.946E+00,0.000E+00,0.000E+00,98.768E+00,0.000E+00,0.000E+00,71.221E+00,+99999.9E+99,+99999.9E+99,1.091E+00,+99999.9E+99,+99999.9E+99,12.0591E+00,0.00000E+00,0.00000E+00,12.3511E+00,0.00000E+00,0.00000E+00,4.6658E+00,0.00000E+00,0.00000E+00,11.1199E+00,0.00000E+00,0.00000E+00,3.9947E+00,0.00000E+00,0.00000E+00,18.2045E+00,0.0000E+00,0.0000E+00,4.0160E+00,0.0000E+00,0.0000E+00,51.096E+00,+99999.9E+99,+99999.9E+99,63.798E+00,+99999.9E+99,+99999.9E+99,1.10840E+03,0.00000E+03,0.00000E+03,0.00000E+03,0.00000E+03,0.00000E+03,1.20434E+03,0.00000E+03,0.00000E+03,0.00000E+03,0.00000E+03,0.00000E+03,0.47106E+03,0.00000E+03,0.00000E+03,0.00000E+03,0.00000E+03,0.00000E+03,0.92033E+00,0.00000E+00,0.00000E+00,0.89458E+00,0.93147E+00,0.96751E+00,0.000E+00,-8.522E+00,145.271E+00,153.455E+00,150.144E+00,130.627E+00,23.025E+00,90.000E+00,90.000E+00,0.00000E+00,0.00000E+00,0.00000E+00,98.419E+00,100.000E+00,100.000E+00,0.01753E+03,0.00000E+03,0.00000E+03,+99999.9E+99,+99999.9E+99,+99999.9E+99,+99999.9E+99,+99999.9E+99,+99999.9E+99,+99999.9E+99,+99999.9E+99,+99999.9E+99,+99999.9E+99,+99999.9E+99,+99999.9E+99,1B00,0,0,0,1B00,76.7509E+00,77.0863E+00,76.8328E+00,76.8900E+00,72.0335E+00,72.6577E+00,72.1832E+00,72.2915E+00,76.7508E+00,77.0863E+00,76.8328E+00,0.0000E+00,0.0000E+00,0.0000E+00,70.1620E+00,70.5212E+00,70.4572E+00,105.379E+00,106.047E+00,105.427E+00,-104.331E+00,-104.907E+00,-104.434E+00,37.558E+00,37.536E+00,37.453E+00,+99999.9E+99,+99999.9E+99,+99999.9E+99,0.318E+00,11.9624E+00,11.7963E+00,12.0821E+00,11.9469E+00,10.4657E+00,10.3868E+00,10.5878E+00,10.4801E+00,11.9618E+00,11.7963E+00,12.0821E+00,-0.1198E+00,0.0000E+00,0.0000E+00,15.0358E+00,14.4555E+00,14.4832E+00,27.7657E+00,27.0781E+00,28.5643E+00,-26.3876E+00,-27.2052E+00,-26.6119E+00,39.361E+00,40.787E+00,40.512E+00,+99999.9E+99,+99999.9E+99,+99999.9E+99,2.764E+00,0.35774E+03,0.36014E+03,0.37299E+03,1.09087E+03,0.53516E+03,0.50579E+03,0.52529E+03,1.56624E+03,0.53445E+03,0.52838E+03,0.54205E+03,1.60488E+03,0.60816E+03,0.58277E+03,0.58864E+03,1.77918E+03,-0.39706E+03,-0.38663E+03,-0.39332E+03,-1.17702E+03,-0.28889E+03,-0.28949E+03,-0.26564E+03,-0.84403E+03,-0.66937E+00,-0.68159E+00,-0.68810E+00,-0.67972E+00,-0.87997E+00,-0.86790E+00,-0.89238E+00,-0.88031E+00,0.000E+00,119.890E+00,-119.798E+00,58.532E+00,179.644E+00,-63.112E+00,-47.982E+00,-47.032E+00,-46.520E+00,-47.178E+00,202.217E+00,201.593E+00,201.867E+00,90.591E+00,+99999.9E+99,+99999.9E+99,0.00010E+06,-0.00063E+06,0.00000E+00,12.462E+00,0.757E+03,0.00099E+06,43.828E+00,F0F08
2021/11/30,17:34:10,00000:00:35,150,38003F00,2D00,3F00,3F00,3F00,99.870E+00,0.000E+00,0.000E+00,110.926E+00,0.000E+00,0.000E+00,0.508E+00,0.000E+00,0.000E+00,99.869E+00,0.000E+00,0.000E+00,0.000E+00,0.000E+00,0.000E+00,100.946E+00,0.000E+00,0.000E+00,98.768E+00,0.000E+00,0.000E+00,36.826E+00,431.158E+00,+99999.9E+99,1.091E+00,+99999.9E+99,+99999.9E+99,12.0591E+00,0.00000E+00,0.00000E+00,12.3511E+00,0.00000E+00,0.00000E+00,4.6658E+00,0.00000E+00,0.00000E+00,11.1199E+00,0.00000E+00,0.00000E+00,4.1463E+00,0.00000E+00,0.00000E+00,18.2045E+00,0.0000E+00,0.0000E+00,4.0160E+00,0.0000E+00,0.0000E+00,45.516E+00,+99999.9E+99,+99999.9E+99,63.798E+00,+99999.9E+99,+99999.9E+99,1.10840E+03,0.00000E+03,0.00000E+03,0.00000E+03,0.00000E+03,0.00000E+03,1.20434E+03,0.00000E+03,0.00000E+03,0.00000E+03,0.00000E+03,0.00000E+03,0.47106E+03,0.00000E+03,0.00000E+03,0.00000E+03,0.00000E+03,0.00000E+03,0.92033E+00,0.00000E+00,0.00000E+00,0.93047E+00,0.26836E+00,0.47585E+00,0.000E+00,-64.122E+00,146.948E+00,158.508E+00,-138.555E+00,85.363E+00,23.025E+00,90.000E+00,90.000E+00,0.00000E+00,0.00000E+00,0.00000E+00,73.629E+00,100.000E+00,100.000E+00,0.29230E+03,0.00000E+03,0.00000E+03,+99999.9E+99,+99999.9E+99,+99999.9E+99,+99999.9E+99,+99999.9E+99,+99999.9E+99,+99999.9E+99,+99999.9E+99,+99999.9E+99,+99999.9E+99,+99999.9E+99,+99999.9E+99,1B00,0,0,0,1B00,76.5120E+00,76.6294E+00,76.5502E+00,76.5638E+00,72.2793E+00,72.6663E+00,72.3884E+00,72.4446E+00,76.5119E+00,76.6294E+00,76.5502E+00,0.0000E+00,0.0000E+00,0.0000E+00,72.4980E+00,72.2803E+00,72.2662E+00,105.936E+00,105.989E+00,105.727E+00,-104.331E+00,-105.454E+00,-104.967E+00,22.436E+00,21.491E+00,22.084E+00,+99999.9E+99,+99999.9E+99,+99999.9E+99,0.205E+00,9.3521E+00,8.8722E+00,8.9928E+00,9.0724E+00,8.0092E+00,7.6104E+00,7.6218E+00,7.7471E+00,9.3508E+00,8.8685E+00,8.9832E+00,-0.1563E+00,-0.2561E+00,0.4134E+00,7.6603E+00,8.0927E+00,8.2855E+00,26.0776E+00,24.1095E+00,25.1338E+00,-26.4490E+00,-25.4676E+00,-22.5252E+00,52.850E+00,48.580E+00,47.510E+00,+99999.9E+99,+99999.9E+99,+99999.9E+99,4.674E+00,0.27967E+03,0.26153E+03,0.27490E+03,0.81610E+03,0.27072E+03,0.29234E+03,0.29447E+03,0.85753E+03,0.41534E+03,0.39322E+03,0.39874E+03,1.20730E+03,0.31432E+03,0.32536E+03,0.33953E+03,0.97862E+03,-0.30708E+03,-0.29364E+03,-0.28883E+03,-0.88954E+03,-0.15972E+03,-0.14280E+03,-0.16901E+03,-0.47153E+03,-0.67334E+00,-0.66510E+00,-0.68943E+00,-0.67597E+00,-0.86127E+00,-0.89854E+00,-0.86730E+00,-0.87626E+00,0.000E+00,120.106E+00,-120.094E+00,60.441E+00,176.135E+00,-60.137E+00,-47.675E+00,-48.310E+00,-46.415E+00,-47.470E+00,201.638E+00,201.922E+00,202.023E+00,95.180E+00,+99999.9E+99,+99999.9E+99,0.00004E+06,-0.00052E+06,0.00000E+00,9.812E+00,0.756E+03,0.00078E+06,43.763E+00,F0F08
2021/11/30,17:34:10,00000:00:35,200,38003800,2800,3800,3800,3800,100.017E+00,0.000E+00,0.000E+00,111.089E+00,0.000E+00,0.000E+00,0.536E+00,0.000E+00,0.000E+00,100.016E+00,0.000E+00,0.000E+00,0.000E+00,0.000E+00,0.000E+00,100.996E+00,0.000E+00,0.000E+00,98.829E+00,0.000E+00,0.000E+00,36.826E+00,431.158E+00,+99999.9E+99,1.084E+00,+99999.9E+99,+99999.9E+99,10.7019E+00,0.00000E+00,0.00000E+00,10.7919E+00,0.00000E+00,0.00000E+00,4.4864E+00,0.00000E+00,0.00000E+00,9.7161E+00,0.00000E+00,0.00000E+00,4.1463E+00,0.00000E+00,0.00000E+00,18.2838E+00,0.0000E+00,0.0000E+00,3.5324E+00,0.0000E+00,0.0000E+00,45.516E+00,+99999.9E+99,+99999.9E+99,75.912E+00,+99999.9E+99,+99999.9E+99,0.96962E+03,0.00000E+03,0.00000E+03,0.00000E+03,0.00000E+03,0.00000E+03,1.07037E+03,0.00000E+03,0.00000E+03,0.00000E+03,0.00000E+03,0.00000E+03,-0.45335E+03,0.00000E+03,0.00000E+03,0.00000E+03,0.00000E+03,0.00000E+03,-0.90587E+00,0.00000E+00,0.00000E+00,0.93047E+00,0.26836E+00,0.47585E+00,0.000E+00,-64.122E+00,146.948E+00,158.508E+00,-138.555E+00,85.363E+00,-25.059E+00,90.000E+00,90.000E+00,14.5719E+00,0.00000E+00,0.00000E+00,139.737E+00,100.000E+00,100.000E+00,-0.38530E+03,0.00000E+03,0.00000E+03,+99999.9E+99,+99999.9E+99,+99999.9E+99,+99999.9E+99,+99999.9E+99,+99999.9E+99,+99999.9E+99,+99999.9E+99,+99999.9E+99,+99999.9E+99,+99999.9E+99,+99999.9E+99,1B00,0,0,0,1B00,76.9876E+00,77.4656E+00,77.3247E+00,77.2593E+00,71.6684E+00,72.5421E+00,72.2905E+00,72.1670E+00,76.9876E+00,77.4656E+00,77.3247E+00,0.0000E+00,0.0000E+00,0.0000E+00,72.2735E+00,72.7427E+00,72.6101E+00,105.789E+00,106.079E+00,105.477E+00,-104.566E+00,-105.204E+00,-104.877E+00,19.531E+00,19.367E+00,19.677E+00,+99999.9E+99,+99999.9E+99,+99999.9E+99,0.390E+00,13.9767E+00,13.6679E+00,13.7978E+00,13.8142E+00,13.0450E+00,12.8631E+00,12.8074E+00,12.9052E+00,13.9758E+00,13.6652E+00,13.7910E+00,-0.1612E+00,-0.2713E+00,0.4335E+00,7.5903E+00,7.0140E+00,6.8255E+00,27.8624E+00,27.1467E+00,28.6043E+00,-26.6471E+00,-27.2481E+00,-26.6200E+00,49.289E+00,51.734E+00,53.781E+00,+99999.9E+99,+99999.9E+99,+99999.9E+99,7.686E+00,0.45599E+03,0.44433E+03,0.45460E+03,1.35492E+03,0.27209E+03,0.23340E+03,0.25331E+03,0.75880E+03,0.62920E+03,0.61595E+03,0.62426E+03,1.86941E+03,0.30841E+03,0.27653E+03,0.27781E+03,0.86133E+03,-0.43355E+03,-0.42657E+03,-0.42782E+03,-1.28795E+03,-0.14520E+03,-0.14830E+03,-0.11408E+03,-0.40758E+03,-0.72472E+00,-0.72138E+00,-0.72823E+00,-0.72479E+00,-0.88223E+00,-0.84403E+00,-0.91180E+00,-0.88096E+00,0.000E+00,119.897E+00,-119.728E+00,58.303E+00,-177.729E+00,-65.642E+00,-43.555E+00,-43.832E+00,-43.262E+00,-43.549E+00,201.746E+00,201.450E+00,201.023E+00,90.102E+00,+99999.9E+99,+99999.9E+99,0.00013E+06,-0.00078E+06,0.00000E+00,15.395E+00,0.757E+03,0.00122E+06,43.697E+00,F0F08
2021/11/30,17:34:10,00000:00:35,250,38003F00,0,1B00,1B00,3F00,99.947E+00,0.000E+00,0.000E+00,111.012E+00,0.000E+00,0.000E+00,0.526E+00,0.000E+00,0.000E+00,99.946E+00,0.000E+00,0.000E+00,0.000E+00,0.000E+00,0.000E+00,101.000E+00,0.000E+00,0.000E+00,98.754E+00,0.000E+00,0.000E+00,22.055E+00,+99999.9E+99,393.723E+00,1.124E+00,+99999.9E+99,+99999.9E+99,11.6289E+00,0.00000E+00,0.00000E+00,11.8077E+00,0.00000E+00,0.00000E+00,4.7139E+00,0.00000E+00,0.00000E+00,10.6307E+00,0.00000E+00,0.00000E+00,4.7114E+00,0.00000E+00,0.00000E+00,18.2879E+00,0.0000E+00,0.0000E+00,3.8367E+00,0.0000E+00,0.0000E+00,9.784E+00,+99999.9E+99,+99999.9E+99,67.969E+00,+99999.9E+99,+99999.9E+99,1.06027E+03,0.00000E+03,0.00000E+03,0.00000E+03,0.00000E+03,0.00000E+03,1.16228E+03,0.00000E+03,0.00000E+03,0.00000E+03,0.00000E+03,0.00000E+03,0.47614E+03,0.00000E+03,0.00000E+03,0.00000E+03,0.00000E+03,0.00000E+03,0.91224E+00,0.00000E+00,0.00000E+00,0.90128E+00,0.63754E+00,0.45173E+00,0.000E+00,-162.386E+00,150.295E+00,154.326E+00,68.006E+00,-146.560E+00,24.183E+00,90.000E+00,90.000E+00,12.6040E+00,0.00000E+00,0.00000E+00,78.908E+00,100.000E+00,100.000E+00,0.22364E+03,0.00000E+03,0.00000E+03,+99999.9E+99,+99999.9E+99,+99999.9E+99,+99999.9E+99,+99999.9E+99,+99999.9E+99,+99999.9E+99,+99999.9E+99,+99999.9E+99,+99999.9E+99,+99999.9E+99,+99999.9E+99,1B00,0,0,0,1B00,76.6851E+00,76.6528E+00,76.3783E+00,76.5721E+00,72.4487E+00,72.5732E+00,71.9491E+00,72.3237E+00,76.6851E+00,76.6528E+00,76.3783E+00,0.0000E+00,0.0000E+00,0.0000E+00,70.2420E+00,70.2629E+00,70.1597E+00,105.720E+00,106.037E+00,105.741E+00,-104.609E+00,-104.667E+00,-104.194E+00,38.338E+00,37.982E+00,38.158E+00,+99999.9E+99,+99999.9E+99,+99999.9E+99,0.085E+00,9.5078E+00,9.0684E+00,9.6953E+00,9.4238E+00,8.2084E+00,7.8392E+00,8.2487E+00,8.0988E+00,9.5072E+00,9.0684E+00,9.6953E+00,-0.1140E+00,0.0000E+00,0.0000E+00,14.7686E+00,14.6664E+00,15.0050E+00,26.4157E+00,24.7276E+00,27.0781E+00,-25.4386E+00,-23.0462E+00,-26.5929E+00,40.761E+00,40.736E+00,39.375E+00,+99999.9E+99,+99999.9E+99,+99999.9E+99,1.456E+00,0.27372E+03,0.27113E+03,0.29179E+03,0.83664E+03,0.51802E+03,0.52053E+03,0.53236E+03,1.57090E+03,0.42254E+03,0.40328E+03,0.42984E+03,1.25566E+03,0.59700E+03,0.59195E+03,0.60632E+03,1.79516E+03,-0.32189E+03,-0.29854E+03,-0.31562E+03,-0.93606E+03,-0.29676E+03,-0.28189E+03,-0.29020E+03,-0.86884E+03,-0.64780E+00,-0.67230E+00,-0.67885E+00,-0.66629E+00,-0.86770E+00,-0.87934E+00,-0.87802E+00,-0.87507E+00,0.000E+00,120.075E+00,-119.949E+00,59.815E+00,178.470E+00,-61.319E+00,-49.624E+00,-47.755E+00,-47.246E+00,-48.218E+00,201.771E+00,202.127E+00,202.475E+00,92.391E+00,+99999.9E+99,+99999.9E+99,0.00006E+06,-0.00050E+06,0.00000E+00,9.763E+00,0.756E+03,0.00077E+06,43.794E+00,F0F0F
2021/11/30,17:34:10,00000:00:35,300,38003F00,700,1F00,1F00,3F00,99.947E+00,0.000E+00,0.000E+00,111.012E+00,0.000E+00,0.000E+00,0.526E+00,0.000E+00,0.000E+00,99.946E+00,0.000E+00,0.000E+00,0.000E+00,0.000E+00,0.000E+00,101.000E+00,0.000E+00,0.000E+00,98.754E+00,0.000E+00,0.000E+00,22.055E+00,+99999.9E+99,393.723E+00,1.124E+00,+99999.9E+99,+99999.9E+99,11.6289E+00,0.00000E+00,0.00000E+00,11.8077E+00,0.00000E+00,0.00000E+00,4.7139E+00,0.00000E+00,0.00000E+00,10.6307E+00,0.00000E+00,0.00000E+00,4.7114E+00,0.00000E+00,0.00000E+00,18.2879E+00,0.0000E+00,0.0000E+00,3.8367E+00,0.0000E+00,0.0000E+00,9.784E+00,+99999.9E+99,+99999.9E+99,67.969E+00,+99999.9E+99,+99999.9E+99,1.06027E+03,0.00000E+03,0.00000E+03,0.00000E+03,0.00000E+03,0.00000E+03,1.16228E+03,0.00000E+03,0.00000E+03,0.00000E+03,0.00000E+03,0.00000E+03,0.47614E+03,0.00000E+03,0.00000E+03,0.00000E+03,0.00000E+03,0.00000E+03,0.91224E+00,0.00000E+00,0.00000E+00,0.90128E+00,0.63754E+00,0.45173E+00,0.000E+00,-162.386E+00,150.295E+00,154.326E+00,68.006E+00,-146.560E+00,24.183E+00,90.000E+00,90.000E+00,12.6040E+00,0.00000E+00,0.00000E+00,92.776E+00,100.000E+00,100.000E+00,0.07659E+03,0.00000E+03,0.00000E+03,+99999.9E+99,+99999.9E+99,+99999.9E+99,+99999.9E+99,+99999.9E+99,+99999.9E+99,+99999.9E+99,+99999.9E+99,+99999.9E+99,+99999.9E+99,+99999.9E+99,+99999.9E+99,1B00,0,0,0,1B00,76.6009E+00,76.8469E+00,76.8074E+00,76.7517E+00,72.0920E+00,72.6716E+00,72.5139E+00,72.4258E+00,76.6009E+00,76.8469E+00,76.8074E+00,0.0000E+00,0.0000E+00,0.0000E+00,73.0130E+00,73.0077E+00,72.9244E+00,105.667E+00,106.106E+00,105.940E+00,-105.027E+00,-104.831E+00,-104.574E+00,15.200E+00,15.060E+00,15.166E+00,+99999.9E+99,+99999.9E+99,+99999.9E+99,0.085E+00,11.1115E+00,10.8118E+00,10.7565E+00,10.8933E+00,9.5014E+00,9.2355E+00,9.1508E+00,9.2959E+00,11.1104E+00,10.8078E+00,10.7469E+00,-0.1583E+00,-0.2937E+00,0.4530E+00,5.1631E+00,5.0459E+00,5.4043E+00,27.8067E+00,27.1267E+00,28.4967E+00,-26.7448E+00,-27.2271E+00,-26.1100E+00,58.815E+00,58.557E+00,54.584E+00,+99999.9E+99,+99999.9E+99,+99999.9E+99,3.080E+00,0.33579E+03,0.31840E+03,0.32950E+03,0.98369E+03,0.18294E+03,0.18747E+03,0.19439E+03,0.56480E+03,0.49558E+03,0.48138E+03,0.47990E+03,1.45687E+03,0.21253E+03,0.21129E+03,0.22154E+03,0.64519E+03,-0.36449E+03,-0.36103E+03,-0.34891E+03,-1.07443E+03,-0.10817E+03,-0.09746E+03,-0.10626E+03,-0.31188E+03,-0.67756E+00,-0.66144E+00,-0.68659E+00,-0.67521E+00,-0.86079E+00,-0.88727E+00,-0.87747E+00,-0.87540E+00,0.000E+00,120.076E+00,-119.970E+00,60.588E+00,177.509E+00,-61.267E+00,-47.347E+00,-48.590E+00,-46.639E+00,-47.530E+00,201.920E+00,201.275E+00,201.345E+00,92.740E+00,+99999.9E+99,+99999.9E+99,0.00007E+06,-0.00059E+06,0.00000E+00,11.521E+00,0.756E+03,0.00091E+06,43.826E+00,F0F0F
2021/11/30,17:34:10,00000:00:35,350,38003F00,500,1F00,1F00,3F00,99.947E+00,0.000E+00,0.000E+00,111.012E+00,0.000E+00,0.000E+00,0.526E+00,0.000E+00,0.000E+00,99.946E+00,0.000E+00,0.000E+00,0.000E+00,0.000E+00,0.000E+00,101.000E+00,0.000E+00,0.000E+00,98.754E+00,0.000E+00,0.000E+00,26.524E+00,467.916E+00,390.855E+00,1.124E+00,+99999.9E+99,+99999.9E+99,11.6289E+00,0.00000E+00,0.00000E+00,11.8077E+00,0.00000E+00,0.00000E+00,4.7139E+00,0.00000E+00,0.00000E+00,10.6307E+00,0.00000E+00,0.00000E+00,4.6703E+00,0.00000E+00,0.00000E+00,18.2879E+00,0.0000E+00,0.0000E+00,3.8367E+00,0.0000E+00,0.0000E+00,13.734E+00,+99999.9E+99,+99999.9E+99,67.969E+00,+99999.9E+99,+99999.9E+99,1.06027E+03,0.00000E+03,0.00000E+03,0.00000E+03,0.00000E+03,0.00000E+03,1.16228E+03,0.00000E+03,0.00000E+03,0.00000E+03,0.00000E+03,0.00000E+03,0.47614E+03,0.00000E+03,0.00000E+03,0.00000E+03,0.00000E+03,0.00000E+03,0.91224E+00,0.00000E+00,0.00000E+00,0.90504E+00,0.90620E+00,0.34757E+00,0.000E+00,-167.959E+00,153.889E+00,154.828E+00,37.056E+00,84.228E+00,24.183E+00,90.000E+00,90.000E+00,12.6040E+00,0.00000E+00,0.00000E+00,127.354E+00,100.000E+00,100.000E+00,-0.29003E+03,0.00000E+03,0.00000E+03,+99999.9E+99,+99999.9E+99,+99999.9E+99,+99999.9E+99,+99999.9E+99,+99999.9E+99,+99999.9E+99,+99999.9E+99,+99999.9E+99,+99999.9E+99,+99999.9E+99,+99999.9E+99,1B00,0,0,0,1B00,76.9937E+00,77.4308E+00,77.3295E+00,77.2513E+00,71.6771E+00,72.5126E+00,72.3166E+00,72.1688E+00,76.9937E+00,77.4308E+00,77.3295E+00,0.0000E+00,0.0000E+00,0.0000E+00,70.9876E+00,71.7046E+00,71.4861E+00,105.501E+00,106.126E+00,105.631E+00,-104.987E+00,-104.689E+00,-104.573E+00,30.419E+00,30.505E+00,30.469E+00,+99999.9E+99,+99999.9E+99,+99999.9E+99,0.587E+00,13.9398E+00,13.6127E+00,13.7367E+00,13.7631E+00,13.0191E+00,12.8253E+00,12.7690E+00,12.8712E+00,13.9386E+00,13.6110E+00,13.7308E+00,-0.1852E+00,-0.2159E+00,0.4021E+00,12.5447E+00,11.3716E+00,11.5488E+00,27.6409E+00,27.1819E+00,28.5300E+00,-26.7390E+00,-27.0990E+00,-26.3914E+00,40.672E+00,44.052E+00,43.874E+00,+99999.9E+99,+99999.9E+99,+99999.9E+99,6.096E+00,0.45482E+03,0.44237E+03,0.45312E+03,1.35031E+03,0.45070E+03,0.39939E+03,0.42849E+03,1.27859E+03,0.62793E+03,0.61327E+03,0.62102E+03,1.86223E+03,0.50508E+03,0.46266E+03,0.46783E+03,1.43400E+03,-0.43294E+03,-0.42475E+03,-0.42468E+03,-1.28237E+03,-0.22797E+03,-0.23355E+03,-0.18776E+03,-0.64928E+03,-0.72431E+00,-0.72132E+00,-0.72963E+00,-0.72510E+00,-0.89234E+00,-0.86325E+00,-0.91593E+00,-0.89162E+00,0.000E+00,119.876E+00,-119.570E+00,57.161E+00,-179.910E+00,-66.134E+00,-43.588E+00,-43.836E+00,-43.144E+00,-43.523E+00,201.218E+00,202.046E+00,201.735E+00,90.383E+00,+99999.9E+99,+99999.9E+99,0.00013E+06,-0.00078E+06,0.00000E+00,15.393E+00,0.757E+03,0.00122E+06,43.561E+00,F0F08
2021/11/30,17:34:10,00000:00:35,400,38003D00,500,1C00,1C00,3800,99.947E+00,0.000E+00,0.000E+00,111.012E+00,0.000E+00,0.000E+00,0.526E+00,0.000E+00,0.000E+00,99.946E+00,0.000E+00,0.000E+00,0.000E+00,0.000E+00,0.000E+00,101.000E+00,0.000E+00,0.000E+00,98.754E+00,0.000E+00,0.000E+00,26.524E+00,467.916E+00,390.855E+00,1.124E+00,+99999.9E+99,+99999.9E+99,11.6289E+00,0.00000E+00,0.00000E+00,11.8077E+00,0.00000E+00,0.00000E+00,4.7139E+00,0.00000E+00,0.00000E+00,10.6307E+00,0.00000E+00,0.00000E+00,4.6703E+00,0.00000E+00,0.00000E+00,18.2879E+00,0.0000E+00,0.0000E+00,3.8367E+00,0.0000E+00,0.0000E+00,13.734E+00,+99999.9E+99,+99999.9E+99,67.969E+00,+99999.9E+99,+99999.9E+99,1.06027E+03,0.00000E+03,0.00000E+03,0.00000E+03,0.00000E+03,0.00000E+03,1.16228E+03,0.00000E+03,0.00000E+03,0.00000E+03,0.00000E+03,0.00000E+03,0.47614E+03,0.00000E+03,0.00000E+03,0.00000E+03,0.00000E+03,0.00000E+03,0.91224E+00,0.00000E+00,0.00000E+00,0.90504E+00,0.90620E+00,0.34757E+00,0.000E+00,-167.959E+00,153.889E+00,154.828E+00,37.056E+00,84.228E+00,24.183E+00,90.000E+00,90.000E+00,12.6040E+00,0.00000E+00,0.00000E+00,83.491E+00,100.000E+00,100.000E+00,0.17504E+03,0.00000E+03,0.00000E+03,+99999.9E+99,+99999.9E+99,+99999.9E+99,+99999.9E+99,+99999.9E+99,+99999.9E+99,+99999.9E+99,+99999.9E+99,+99999.9E+99,+99999.9E+99,+99999.9E+99,+99999.9E+99,1B00,0,0,0,1B00,76.6977E+00,76.6556E+00,76.3645E+00,76.5726E+00,72.5825E+00,72.6973E+00,72.0195E+00,72.4331E+00,76.6977E+00,76.6556E+00,76.3645E+00,0.0000E+00,0.0000E+00,0.0000E+00,70.7178E+00,70.6069E+00,70.4630E+00,105.857E+00,106.033E+00,105.781E+00,-104.504E+00,-104.743E+00,-104.219E+00,35.485E+00,34.997E+00,35.427E+00,+99999.9E+99,+99999.9E+99,+99999.9E+99,0.209E+00,9.7974E+00,9.3970E+00,10.0187E+00,9.7377E+00,8.4936E+00,8.1470E+00,8.5669E+00,8.4025E+00,9.7974E+00,9.3970E+00,10.0187E+00,0.0000E+00,0.0000E+00,0.0000E+00,13.2425E+00,13.3017E+00,13.8333E+00,26.4538E+00,24.9329E+00,27.3129E+00,-25.6405E+00,-23.4081E+00,-26.8029E+00,43.210E+00,42.440E+00,40.549E+00,+99999.9E+99,+99999.9E+99,+99999.9E+99,2.464E+00,0.28913E+03,0.28809E+03,0.30801E+03,0.88524E+03,0.45880E+03,0.47387E+03,0.48183E+03,1.41450E+03,0.43574E+03,0.41820E+03,0.44451E+03,1.29845E+03,0.53482E+03,0.53814E+03,0.55486E+03,1.62753E+03,-0.32599E+03,-0.30314E+03,-0.32050E+03,-0.94963E+03,-0.27484E+03,-0.25502E+03,-0.27514E+03,-0.80501E+03,-0.66355E+00,-0.68888E+00,-0.69292E+00,-0.68176E+00,-0.85785E+00,-0.88058E+00,-0.86839E+00,-0.86911E+00,0.000E+00,120.178E+00,-119.997E+00,60.866E+00,178.404E+00,-60.150E+00,-48.429E+00,-46.458E+00,-46.138E+00,-47.018E+00,202.299E+00,201.634E+00,201.887E+00,91.822E+00,+99999.9E+99,+99999.9E+99,0.00007E+06,-0.00052E+06,0.00000E+00,10.267E+00,0.756E+03,0.00081E+06,43.941E+00,F0F08
2021/11/30,17:34:10,00000:00:35,450,38003F00,700,1F00,1F00,3F00,99.947E+00,0.000E+00,0.000E+00,111.012E+00,0.000E+00,0.000E+00,0.526E+00,0.000E+00,0.000E+00,99.946E+00,0.000E+00,0.000E+00,0.000E+00,0.000E+00,0.000E+00,101.000E+00,0.000E+00,0.000E+00,98.754E+00,0.000E+00,0.000E+00,67.741E+00,+99999.9E+99,489.337E+00,1.124E+00,+99999.9E+99,+99999.9E+99,11.6289E+00,0.00000E+00,0.00000E+00,11.8077E+00,0.00000E+00,0.00000E+00,4.7139E+00,0.00000E+00,0.00000E+00,10.6307E+00,0.00000E+00,0.00000E+00,4.1990E+00,0.00000E+00,0.00000E+00,18.2879E+00,0.0000E+00,0.0000E+00,3.8367E+00,0.0000E+00,0.0000E+00,48.540E+00,+99999.9E+99,+99999.9E+99,67.969E+00,+99999.9E+99,+99999.9E+99,1.06027E+03,0.00000E+03,0.00000E+03,0.00000E+03,0.00000E+03,0.00000E+03,1.16228E+03,0.00000E+03,0.00000E+03,0.00000E+03,0.00000E+03,0.00000E+03,0.47614E+03,0.00000E+03,0.00000E+03,0.00000E+03,0.00000E+03,0.00000E+03,0.91224E+00,0.00000E+00,0.00000E+00,0.88475E+00,0.02651E+00,0.29535E+00,0.000E+00,13.763E+00,151.171E+00,152.221E+00,-74.718E+00,-101.650E+00,24.183E+00,90.000E+00,90.000E+00,12.6040E+00,0.00000E+00,0.00000E+00,95.866E+00,100.000E+00,100.000E+00,0.04383E+03,0.00000E+03,0.00000E+03,+99999.9E+99,+99999.9E+99,+99999.9E+99,+99999.9E+99,+99999.9E+99,+99999.9E+99,+99999.9E+99,+99999.9E+99,+99999.9E+99,+99999.9E+99,+99999.9E+99,+99999.9E+99,1B00,0,0,0,1B00,76.4955E+00,77.0049E+00,77.0016E+00,76.8340E+00,71.7402E+00,72.6836E+00,72.6676E+00,72.3638E+00,76.4955E+00,77.0049E+00,77.0016E+00,0.0000E+00,0.0000E+00,0.0000E+00,73.0879E+00,73.1877E+00,73.0859E+00,105.816E+00,106.106E+00,105.779E+00,-104.999E+00,-105.249E+00,-104.446E+00,14.038E+00,14.002E+00,14.212E+00,+99999.9E+99,+99999.9E+99,+99999.9E+99,0.091E+00,11.5665E+00,11.3447E+00,11.1275E+00,11.3463E+00,9.8580E+00,9.7432E+00,9.4205E+00,9.6739E+00,11.5656E+00,11.3381E+00,11.1145E+00,-0.1469E+00,-0.3892E+00,0.5371E+00,4.8875E+00,4.6473E+00,4.8672E+00,27.6843E+00,27.2286E+00,28.5895E+00,-26.6448E+00,-26.7933E+00,-25.9709E+00,57.688E+00,59.233E+00,55.900E+00,+99999.9E+99,+99999.9E+99,+99999.9E+99,2.557E+00,0.35001E+03,0.33166E+03,0.33477E+03,1.01644E+03,0.17683E+03,0.17282E+03,0.18180E+03,0.53144E+03,0.51565E+03,0.50523E+03,0.49819E+03,1.51907E+03,0.20201E+03,0.19489E+03,0.20291E+03,0.59971E+03,-0.37866E+03,-0.38113E+03,-0.36894E+03,-1.12873E+03,-0.09766E+03,-0.09010E+03,-0.09013E+03,-0.27789E+03,-0.67878E+00,-0.65645E+00,-0.67198E+00,-0.66912E+00,-0.87537E+00,-0.88673E+00,-0.89593E+00,-0.88616E+00,0.000E+00,120.045E+00,-119.913E+00,58.954E+00,177.536E+00,-63.539E+00,-47.252E+00,-48.970E+00,-47.780E+00,-48.000E+00,201.189E+00,201.973E+00,201.532E+00,93.552E+00,+99999.9E+99,+99999.9E+99,0.00007E+06,-0.00062E+06,0.00000E+00,12.008E+00,0.756E+03,0.00095E+06,43.620E+00,F0F08
2021/11/30,17:34:10,00000:00:35,500,38003F00,2800,3B00,3B00,3F00,99.992E+00,0.000E+00,0.000E+00,111.061E+00,0.000E+00,0.000E+00,0.516E+00,0.000E+00,0.000E+00,99.990E+00,0.000E+00,0.000E+00,0.000E+00,0.000E+00,0.000E+00,101.061E+00,0.000E+00,0.000E+00,98.764E+00,0.000E+00,0.000E+00,67.741E+00,+99999.9E+99,489.337E+00,1.148E+00,+99999.9E+99,+99999.9E+99,11.5169E+00,0.00000E+00,0.00000E+00,11.6370E+00,0.00000E+00,0.00000E+00,4.7826E+00,0.00000E+00,0.00000E+00,10.4770E+00,0.00000E+00,0.00000E+00,4.1990E+00,0.00000E+00,0.00000E+00,18.2943E+00,0.0000E+00,0.0000E+00,3.3960E+00,0.0000E+00,0.0000E+00,48.540E+00,+99999.9E+99,+99999.9E+99,71.100E+00,+99999.9E+99,+99999.9E+99,1.04538E+03,0.00000E+03,0.00000E+03,0.00000E+03,0.00000E+03,0.00000E+03,1.15160E+03,0.00000E+03,0.00000E+03,0.00000E+03,0.00000E+03,0.00000E+03,0.48308E+03,0.00000E+03,0.00000E+03,0.00000E+03,0.00000E+03,0.00000E+03,0.90776E+00,0.00000E+00,0.00000E+00,0.88475E+00,0.02651E+00,0.29535E+00,0.000E+00,13.763E+00,151.171E+00,152.221E+00,-74.718E+00,-101.650E+00,24.802E+00,90.000E+00,90.000E+00,0.00000E+00,0.00000E+00,0.00000E+00,124.739E+00,100.000E+00,100.000E+00,-0.25861E+03,0.00000E+03,0.00000E+03,+99999.9E+99,+99999.9E+99,+99999.9E+99,+99999.9E+99,+99999.9E+99,+99999.9E+99,+99999.9E+99,+99999.9E+99,+99999.9E+99,+99999.9E+99,+99999.9E+99,+99999.9E+99,1800,0,0,0,1800,77.1855E+00,77.1992E+00,76.9722E+00,77.1190E+00,72.2005E+00,72.4085E+00,71.8592E+00,72.1561E+00,77.1855E+00,77.1992E+00,76.9722E+00,0.0000E+00,0.0000E+00,0.0000E+00,70.4313E+00,71.0143E+00,70.9071E+00,105.467E+00,105.713E+00,105.436E+00,-104.520E+00,-104.294E+00,-104.793E+00,34.568E+00,34.642E+00,34.634E+00,+99999.9E+99,+99999.9E+99,+99999.9E+99,0.508E+00,13.6779E+00,13.2336E+00,13.6400E+00,13.5171E+00,12.5791E+00,12.1373E+00,12.5263E+00,12.4142E+00,13.6770E+00,13.2336E+00,13.6386E+00,-0.1565E+00,0.0000E+00,0.1902E+00,14.0748E+00,13.1256E+00,13.1053E+00,27.7867E+00,27.1805E+00,28.6443E+00,-26.7819E+00,-27.2714E+00,-26.6986E+00,39.647E+00,41.990E+00,42.360E+00,+99999.9E+99,+99999.9E+99,+99999.9E+99,4.543E+00,0.43222E+03,0.42377E+03,0.44800E+03,1.30399E+03,0.50204E+03,0.45779E+03,0.48306E+03,1.44289E+03,0.61608E+03,0.59603E+03,0.61304E+03,1.82515E+03,0.56642E+03,0.53033E+03,0.53470E+03,1.63046E+03,-0.43902E+03,-0.41913E+03,-0.41847E+03,-1.27663E+03,-0.26228E+03,-0.26772E+03,-0.22925E+03,-0.75925E+03,-0.70156E+00,-0.71099E+00,-0.73077E+00,-0.71445E+00,-0.88633E+00,-0.86323E+00,-0.90342E+00,-0.88496E+00,0.000E+00,119.830E+00,-119.675E+00,57.858E+00,-179.903E+00,-64.508E+00,-45.447E+00,-44.684E+00,-43.049E+00,-44.401E+00,201.904E+00,201.254E+00,201.666E+00,89.511E+00,+99999.9E+99,+99999.9E+99,0.00014E+06,-0.00074E+06,0.00000E+00,14.729E+00,0.757E+03,0.00117E+06,43.781E+00,F0F08
2021/11/30,17:34:10,00000:00:35,550,38003F00,2D00,3F00,3F00,3F00,99.992E+00,0.000E+00,0.000E+00,111.061E+00,0.000E+00,0.000E+00,0.516E+00,0.000E+00,0.000E+00,99.990E+00,0.000E+00,0.000E+00,0.000E+00,0.000E+00,0.000E+00,101.061E+00,0.000E+00,0.000E+00,98.764E+00,0.000E+00,0.000E+00,35.881E+00,386.243E+00,+99999.9E+99,1.148E+00,+99999.9E+99,+99999.9E+99,11.5169E+00,0.00000E+00,0.00000E+00,11.6370E+00,0.00000E+00,0.00000E+00,4.7826E+00,0.00000E+00,0.00000E+00,10.4770E+00,0.00000E+00,0.00000E+00,4.3328E+00,0.00000E+00,0.00000E+00,18.2943E+00,0.0000E+00,0.0000E+00,3.3960E+00,0.0000E+00,0.0000E+00,42.530E+00,+99999.9E+99,+99999.9E+99,71.100E+00,+99999.9E+99,+99999.9E+99,1.04538E+03,0.00000E+03,0.00000E+03,0.00000E+03,0.00000E+03,0.00000E+03,1.15160E+03,0.00000E+03,0.00000E+03,0.00000E+03,0.00000E+03,0.00000E+03,0.48308E+03,0.00000E+03,0.00000E+03,0.00000E+03,0.00000E+03,0.00000E+03,0.90776E+00,0.00000E+00,0.00000E+00,0.93715E+00,0.17598E+00,0.80851E+00,0.000E+00,74.798E+00,156.204E+00,159.578E+00,-25.338E+00,-167.747E+00,24.802E+00,90.000E+00,90.000E+00,0.00000E+00,0.00000E+00,0.00000E+00,73.207E+00,100.000E+00,100.000E+00,0.28009E+03,0.00000E+03,0.00000E+03,+99999.9E+99,+99999.9E+99,+99999.9E+99,+99999.9E+99,+99999.9E+99,+99999.9E+99,+99999.9E+99,+99999.9E+99,+99999.9E+99,+99999.9E+99,+99999.9E+99,+99999.9E+99,1B00,0,0,0,1B00,76.2528E+00,76.6158E+00,76.4821E+00,76.4502E+00,72.1098E+00,72.8018E+00,72.5488E+00,72.4868E+00,76.2527E+00,76.6158E+00,76.4821E+00,0.0000E+00,0.0000E+00,0.0000E+00,71.8698E+00,71.7123E+00,71.6278E+00,105.920E+00,106.056E+00,105.861E+00,-104.396E+00,-104.690E+00,-105.003E+00,27.169E+00,26.145E+00,26.961E+00,+99999.9E+99,+99999.9E+99,+99999.9E+99,0.197E+00,8.2428E+00,8.1860E+00,8.1227E+00,8.1838E+00,7.2838E+00,7.2391E+00,7.1714E+00,7.2314E+00,8.2419E+00,8.1852E+00,8.1193E+00,-0.1231E+00,-0.1097E+00,0.2338E+00,9.7557E+00,9.9231E+00,10.2906E+00,22.3743E+00,20.8162E+00,20.5862E+00,-18.7605E+00,-19.3319E+00,-19.9595E+00,48.249E+00,45.849E+00,44.290E+00,+99999.9E+99,+99999.9E+99,+99999.9E+99,4.309E+00,0.25705E+03,0.25106E+03,0.25717E+03,0.76528E+03,0.33734E+03,0.36110E+03,0.36568E+03,1.06411E+03,0.36437E+03,0.36225E+03,0.36037E+03,1.08699E+03,0.39183E+03,0.40281E+03,0.42055E+03,1.21457E+03,-0.25825E+03,-0.26114E+03,-0.25244E+03,-0.77183E+03,-0.19932E+03,-0.17850E+03,-0.20770E+03,-0.58552E+03,-0.70546E+00,-0.69306E+00,-0.71364E+00,-0.70404E+00,-0.86095E+00,-0.89645E+00,-0.86953E+00,-0.87613E+00,0.000E+00,120.152E+00,-120.031E+00,60.505E+00,176.416E+00,-60.322E+00,-45.133E+00,-46.127E+00,-44.468E+00,-45.248E+00,201.510E+00,201.822E+00,201.784E+00,95.220E+00,+99999.9E+99,+99999.9E+99,0.00004E+06,-0.00048E+06,0.00000E+00,9.211E+00,0.755E+03,0.00073E+06,43.765E+00,F0F08
2021/11/30,17:34:10,00000:00:35,600,38003800,2800,3800,3800,3800,99.802E+00,0.000E+00,0.000E+00,110.850E+00,0.000E+00,0.000E+00,0.524E+00,0.000E+00,0.000E+00,99.800E+00,0.000E+00,0.000E+00,0.000E+00,0.000E+00,0.000E+00,101.036E+00,0.000E+00,0.000E+00,98.793E+00,0.000E+00,0.000E+00,35.881E+00,386.243E+00,+99999.9E+99,1.124E+00,+99999.9E+99,+99999.9E+99,12.4287E+00,0.00000E+00,0.00000E+00,12.8295E+00,0.00000E+00,0.00000E+00,4.5887E+00,0.00000E+00,0.00000E+00,11.5506E+00,0.00000E+00,0.00000E+00,4.3328E+00,0.00000E+00,0.00000E+00,18.4050E+00,0.0000E+00,0.0000E+00,3.4648E+00,0.0000E+00,0.0000E+00,42.530E+00,+99999.9E+99,+99999.9E+99,64.673E+00,+99999.9E+99,+99999.9E+99,1.15060E+03,0.00000E+03,0.00000E+03,0.00000E+03,0.00000E+03,0.00000E+03,1.24040E+03,0.00000E+03,0.00000E+03,0.00000E+03,0.00000E+03,0.00000E+03,-0.46337E+03,0.00000E+03,0.00000E+03,0.00000E+03,0.00000E+03,0.00000E+03,-0.92760E+00,0.00000E+00,0.00000E+00,0.93715E+00,0.17598E+00,0.80851E+00,0.000E+00,74.798E+00,156.204E+00,159.578E+00,-25.338E+00,-167.747E+00,-21.936E+00,90.000E+00,90.000E+00,9.33804E+00,0.00000E+00,0.00000E+00,110.766E+00,100.000E+00,100.000E+00,-0.12388E+03,0.00000E+03,0.00000E+03,+99999.9E+99,+99999.9E+99,+99999.9E+99,+99999.9E+99,+99999.9E+99,+99999.9E+99,+99999.9E+99,+99999.9E+99,+99999.9E+99,+99999.9E+99,+99999.9E+99,+99999.9E+99,1B00,0,0,0,1B00,77.0613E+00,77.1860E+00,77.0971E+00,77.1148E+00,72.1470E+00,72.5542E+00,72.2692E+00,72.3235E+00,77.0613E+00,77.1860E+00,77.0971E+00,0.0000E+00,0.0000E+00,0.0000E+00,72.6245E+00,73.0461E+00,72.9172E+00,105.780E+00,106.156E+00,105.867E+00,-104.224E+00,-104.671E+00,-104.503E+00,15.977E+00,16.160E+00,16.582E+00,+99999.9E+99,+99999.9E+99,+99999.9E+99,0.350E+00,13.5049E+00,13.0619E+00,13.2508E+00,13.2725E+00,12.3017E+00,11.8429E+00,11.8997E+00,12.0147E+00,13.5039E+00,13.0577E+00,13.2414E+00,-0.1696E+00,-0.3286E+00,0.4991E+00,6.2829E+00,5.5535E+00,5.4148E+00,27.7357E+00,27.1838E+00,28.7476E+00,-26.5067E+00,-27.2157E+00,-26.8476E+00,50.648E+00,55.856E+00,57.492E+00,+99999.9E+99,+99999.9E+99,+99999.9E+99,7.872E+00,0.43296E+03,0.41228E+03,0.42924E+03,1.27447E+03,0.22048E+03,0.18868E+03,0.20569E+03,0.61485E+03,0.60800E+03,0.58697E+03,0.59553E+03,1.79049E+03,0.24885E+03,0.22193E+03,0.22413E+03,0.69373E+03,-0.42686E+03,-0.41781E+03,-0.41280E+03,-1.25747E+03,-0.11539E+03,-0.11685E+03,-0.08904E+03,-0.32128E+03,-0.71210E+00,-0.70238E+00,-0.72077E+00,-0.71180E+00,-0.88599E+00,-0.85017E+00,-0.91771E+00,-0.88630E+00,0.000E+00,119.926E+00,-119.744E+00,57.822E+00,-178.366E+00,-66.472E+00,-44.594E+00,-45.382E+00,-43.882E+00,-44.618E+00,201.594E+00,201.284E+00,201.557E+00,90.776E+00,+99999.9E+99,+99999.9E+99,0.00012E+06,-0.00074E+06,0.00000E+00,14.602E+00,0.757E+03,0.00116E+06,43.703E+00,F0F08
2021/11/30,17:34:10,00000:00:35,650,38003F00,0,1B00,1B00,3F00,99.913E+00,0.000E+00,0.000E+00,110.973E+00,0.000E+00,0.000E+00,0.509E+00,0.000E+00,0.000E+00,99.911E+00,0.000E+00,0.000E+00,0.000E+00,0.000E+00,0.000E+00,100.918E+00,0.000E+00,0.000E+00,98.789E+00,0.000E+00,0.000E+00,100.120E+00,+99999.9E+99,+99999.9E+99,1.065E+00,+99999.9E+99,+99999.9E+99,11.9330E+00,0.00000E+00,0.00000E+00,12.2357E+00,0.00000E+00,0.00000E+00,4.5875E+00,0.00000E+00,0.00000E+00,11.0160E+00,0.00000E+00,0.00000E+00,3.1351E+00,0.00000E+00,0.00000E+00,18.3993E+00,0.0000E+00,0.0000E+00,4.2140E+00,0.0000E+00,0.0000E+00,104.114E+00,+99999.9E+99,+99999.9E+99,64.385E+00,+99999.9E+99,+99999.9E+99,1.09853E+03,0.00000E+03,0.00000E+03,0.00000E+03,0.00000E+03,0.00000E+03,1.19226E+03,0.00000E+03,0.00000E+03,0.00000E+03,0.00000E+03,0.00000E+03,0.46336E+03,0.00000E+03,0.00000E+03,0.00000E+03,0.00000E+03,0.00000E+03,0.92139E+00,0.00000E+00,0.00000E+00,0.82822E+00,0.21263E+00,0.32040E+00,0.000E+00,64.792E+00,122.939E+00,145.916E+00,-12.932E+00,-128.374E+00,22.870E+00,90.000E+00,90.000E+00,12.5791E+00,0.00000E+00,0.00000E+00,99.948E+00,100.000E+00,100.000E+00,0.00058E+03,0.00000E+03,0.00000E+03,+99999.9E+99,+99999.9E+99,+99999.9E+99,+99999.9E+99,+99999.9E+99,+99999.9E+99,+99999.9E+99,+99999.9E+99,+99999.9E+99,+99999.9E+99,+99999.9E+99,+99999.9E+99,1B00,0,0,0,1B00,76.7470E+00,77.0756E+00,76.8206E+00,76.8811E+00,72.0445E+00,72.6441E+00,72.1797E+00,72.2894E+00,76.7470E+00,77.0756E+00,76.8206E+00,0.0000E+00,0.0000E+00,0.0000E+00,69.9919E+00,70.2007E+00,70.1061E+00,105.321E+00,105.813E+00,105.596E+00,-104.221E+00,-104.787E+00,-104.366E+00,39.188E+00,38.975E+00,38.983E+00,+99999.9E+99,+99999.9E+99,+99999.9E+99,0.178E+00,11.9916E+00,11.8273E+00,12.1133E+00,11.9774E+00,10.5057E+00,10.4304E+00,10.6329E+00,10.5230E+00,11.9911E+00,11.8273E+00,12.1133E+00,-0.1065E+00,0.0000E+00,0.0000E+00,15.4674E+00,15.0856E+00,15.2886E+00,27.6895E+00,27.1162E+00,28.6219E+00,-26.2819E+00,-27.2214E+00,-26.6929E+00,39.332E+00,40.215E+00,39.279E+00,+99999.9E+99,+99999.9E+99,+99999.9E+99,1.535E+00,0.36008E+03,0.36264E+03,0.37523E+03,1.09796E+03,0.54649E+03,0.53217E+03,0.54808E+03,1.62674E+03,0.53565E+03,0.52975E+03,0.54340E+03,1.60880E+03,0.62394E+03,0.60830E+03,0.61810E+03,1.85021E+03,-0.39657E+03,-0.38616E+03,-0.39304E+03,-1.17577E+03,-0.30107E+03,-0.29466E+03,-0.28574E+03,-0.88148E+03,-0.67222E+00,-0.68456E+00,-0.69053E+00,-0.68247E+00,-0.87588E+00,-0.87484E+00,-0.88673E+00,-0.87922E+00,0.000E+00,119.985E+00,-119.857E+00,58.951E+00,178.915E+00,-62.379E+00,-47.761E+00,-46.799E+00,-46.328E+00,-46.963E+00,201.925E+00,202.266E+00,201.787E+00,90.211E+00,+99999.9E+99,+99999.9E+99,0.00011E+06,-0.00063E+06,0.00000E+00,12.498E+00,0.757E+03,0.00099E+06,43.782E+00,F0F0F
2021/11/30,17:34:10,00000:00:35,700,38003F00,700,1F00,1F00,3F00,99.913E+00,0.000E+00,0.000E+00,110.973E+00,0.000E+00,0.000E+00,0.509E+00,0.000E+00,0.000E+00,99.911E+00,0.000E+00,0.000E+00,0.000E+00,0.000E+00,0.000E+00,100.918E+00,0.000E+00,0.000E+00,98.789E+00,0.000E+00,0.000E+00,100.120E+00,+99999.9E+99,+99999.9E+99,1.065E+00,+99999.9E+99,+99999.9E+99,11.9330E+00,0.00000E+00,0.00000E+00,12.2357E+00,0.00000E+00,0.00000E+00,4.5875E+00,0.00000E+00,0.00000E+00,11.0160E+00,0.00000E+00,0.00000E+00,3.1351E+00,0.00000E+00,0.00000E+00,18.3993E+00,0.0000E+00,0.0000E+00,4.2140E+00,0.0000E+00,0.0000E+00,104.114E+00,+99999.9E+99,+99999.9E+99,64.385E+00,+99999.9E+99,+99999.9E+99,1.09853E+03,0.00000E+03,0.00000E+03,0.00000E+03,0.00000E+03,0.00000E+03,1.19226E+03,0.00000E+03,0.00000E+03,0.00000E+03,0.00000E+03,0.00000E+03,0.46336E+03,0.00000E+03,0.00000E+03,0.00000E+03,0.00000E+03,0.00000E+03,0.92139E+00,0.00000E+00,0.00000E+00,0.82822E+00,0.21263E+00,0.32040E+00,0.000E+00,64.792E+00,122.939E+00,145.916E+00,-12.932E+00,-128.374E+00,22.870E+00,90.000E+00,90.000E+00,12.5791E+00,0.00000E+00,0.00000E+00,78.457E+00,100.000E+00,100.000E+00,0.23665E+03,0.00000E+03,0.00000E+03,+99999.9E+99,+99999.9E+99,+99999.9E+99,+99999.9E+99,+99999.9E+99,+99999.9E+99,+99999.9E+99,+99999.9E+99,+99999.9E+99,+99999.9E+99,+99999.9E+99,+99999.9E+99,1B00,0,0,0,1B00,76.5296E+00,76.6476E+00,76.5537E+00,76.5770E+00,72.4170E+00,72.8037E+00,72.4971E+00,72.5726E+00,76.5296E+00,76.6476E+00,76.5537E+00,0.0000E+00,0.0000E+00,0.0000E+00,72.8567E+00,72.6738E+00,72.6085E+00,105.890E+00,106.084E+00,105.669E+00,-104.340E+00,-104.289E+00,-104.257E+00,18.443E+00,18.022E+00,18.136E+00,+99999.9E+99,+99999.9E+99,+99999.9E+99,0.207E+00,9.5899E+00,9.1144E+00,9.2358E+00,9.3133E+00,8.2952E+00,7.8976E+00,7.9231E+00,8.0386E+00,9.5888E+00,9.1107E+00,9.2270E+00,-0.1452E+00,-0.2577E+00,0.4037E+00,6.1786E+00,6.4844E+00,6.8822E+00,26.1533E+00,24.2719E+00,25.1700E+00,-26.4262E+00,-25.5109E+00,-22.5076E+00,56.523E+00,52.223E+00,49.629E+00,+99999.9E+99,+99999.9E+99,+99999.9E+99,4.872E+00,0.29470E+03,0.27688E+03,0.29030E+03,0.86188E+03,0.22185E+03,0.23893E+03,0.24301E+03,0.70379E+03,0.42631E+03,0.40438E+03,0.40987E+03,1.24057E+03,0.25692E+03,0.26455E+03,0.27815E+03,0.79911E+03,-0.30805E+03,-0.29473E+03,-0.28934E+03,-0.89212E+03,-0.12958E+03,-0.11358E+03,-0.13534E+03,-0.37850E+03,-0.69128E+00,-0.68469E+00,-0.70828E+00,-0.69475E+00,-0.86349E+00,-0.90315E+00,-0.87365E+00,-0.88071E+00,0.000E+00,120.137E+00,-120.059E+00,60.204E+00,175.535E+00,-60.833E+00,-46.269E+00,-46.789E+00,-44.905E+00,-45.993E+00,201.975E+00,201.403E+00,202.119E+00,94.546E+00,+99999.9E+99,+99999.9E+99,0.00005E+06,-0.00054E+06,0.00000E+00,10.288E+00,0.756E+03,0.00081E+06,43.828E+00,F0F0F
2021/11/30,17:34:10,00000:00:35,750,38003F00,500,1F00,1F00,3F00,99.913E+00,0.000E+00,0.000E+00,110.973E+00,0.000E+00,0.000E+00,0.509E+00,0.000E+00,0.000E+00,99.911E+00,0.000E+00,0.000E+00,0.000E+00,0.000E+00,0.000E+00,100.918E+00,0.000E+00,0.000E+00,98.789E+00,0.000E+00,0.000E+00,18.203E+00,+99999.9E+99,459.054E+00,1.065E+00,+99999.9E+99,+99999.9E+99,11.9330E+00,0.00000E+00,0.00000E+00,12.2357E+00,0.00000E+00,0.00000E+00,4.5875E+00,0.00000E+00,0.00000E+00,11.0160E+00,0.00000E+00,0.00000E+00,4.6973E+00,0.00000E+00,0.00000E+00,18.3993E+00,0.0000E+00,0.0000E+00,4.2140E+00,0.0000E+00,0.0000E+00,8.461E+00,+99999.9E+99,+99999.9E+99,64.385E+00,+99999.9E+99,+99999.9E+99,1.09853E+03,0.00000E+03,0.00000E+03,0.00000E+03,0.00000E+03,0.00000E+03,1.19226E+03,0.00000E+03,0.00000E+03,0.00000E+03,0.00000E+03,0.00000E+03,0.46336E+03,0.00000E+03,0.00000E+03,0.00000E+03,0.00000E+03,0.00000E+03,0.92139E+00,0.00000E+00,0.00000E+00,0.91819E+00,0.97870E+00,0.28098E+00,0.000E+00,-172.829E+00,173.247E+00,156.663E+00,-160.983E+00,66.929E+00,22.870E+00,90.000E+00,90.000E+00,12.5791E+00,0.00000E+00,0.00000E+00,123.430E+00,100.000E+00,100.000E+00,-0.25739E+03,0.00000E+03,0.00000E+03,+99999.9E+99,+99999.9E+99,+99999.9E+99,+99999.9E+99,+99999.9E+99,+99999.9E+99,+99999.9E+99,+99999.9E+99,+99999.9E+99,+99999.9E+99,+99999.9E+99,+99999.9E+99,1B00,0,0,0,1B00,77.0218E+00,77.4705E+00,77.3273E+00,77.2732E+00,71.7276E+00,72.5939E+00,72.3137E+00,72.2117E+00,77.0218E+00,77.4705E+00,77.3273E+00,0.0000E+00,0.0000E+00,0.0000E+00,71.7566E+00,72.2812E+00,72.0837E+00,105.740E+00,105.970E+00,105.643E+00,-105.064E+00,-104.894E+00,-104.656E+00,25.203E+00,25.661E+00,25.501E+00,+99999.9E+99,+99999.9E+99,+99999.9E+99,0.419E+00,13.9661E+00,13.6331E+00,13.7775E+00,13.7922E+00,13.0538E+00,12.8502E+00,12.8156E+00,12.9065E+00,13.9653E+00,13.6311E+00,13.7721E+00,-0.1523E+00,-0.2304E+00,0.3837E+00,10.1619E+00,9.3592E+00,9.4792E+00,27.5533E+00,27.1581E+00,28.3890E+00,-26.6943E+00,-27.0238E+00,-26.7909E+00,43.970E+00,46.543E+00,47.143E+00,+99999.9E+99,+99999.9E+99,+99999.9E+99,6.406E+00,0.45627E+03,0.44417E+03,0.45547E+03,1.35592E+03,0.37120E+03,0.32758E+03,0.35016E+03,1.04893E+03,0.62942E+03,0.61468E+03,0.62322E+03,1.86733E+03,0.41434E+03,0.37810E+03,0.38063E+03,1.17170E+03,-0.43358E+03,-0.42490E+03,-0.42538E+03,-1.28386E+03,-0.18410E+03,-0.18881E+03,-0.14923E+03,-0.52214E+03,-0.72491E+00,-0.72261E+00,-0.73084E+00,-0.72613E+00,-0.89587E+00,-0.86639E+00,-0.91994E+00,-0.89522E+00,0.000E+00,119.933E+00,-119.678E+00,56.616E+00,179.806E+00,-66.747E+00,-43.539E+00,-43.729E+00,-43.043E+00,-43.437E+00,201.411E+00,202.187E+00,201.106E+00,90.195E+00,+99999.9E+99,+99999.9E+99,0.00013E+06,-0.00078E+06,0.00000E+00,15.418E+00,0.757E+03,0.00122E+06,43.588E+00,F0F08
2021/11/30,17:34:11,00000:00:35,800,38003F00,500,1F00,1F00,3F00,99.913E+00,0.000E+00,0.000E+00,110.973E+00,0.000E+00,0.000E+00,0.509E+00,0.000E+00,0.000E+00,99.911E+00,0.000E+00,0.000E+00,0.000E+00,0.000E+00,0.000E+00,100.918E+00,0.000E+00,0.000E+00,98.789E+00,0.000E+00,0.000E+00,67.757E+00,494.854E+00,+99999.9E+99,1.065E+00,+99999.9E+99,+99999.9E+99,11.9330E+00,0.00000E+00,0.00000E+00,12.2357E+00,0.00000E+00,0.00000E+00,4.5875E+00,0.00000E+00,0.00000E+00,11.0160E+00,0.00000E+00,0.00000E+00,4.0357E+00,0.00000E+00,0.00000E+00,18.3993E+00,0.0000E+00,0.0000E+00,4.2140E+00,0.0000E+00,0.0000E+00,49.254E+00,+99999.9E+99,+99999.9E+99,64.385E+00,+99999.9E+99,+99999.9E+99,1.09853E+03,0.00000E+03,0.00000E+03,0.00000E+03,0.00000E+03,0.00000E+03,1.19226E+03,0.00000E+03,0.00000E+03,0.00000E+03,0.00000E+03,0.00000E+03,0.46336E+03,0.00000E+03,0.00000E+03,0.00000E+03,0.00000E+03,0.00000E+03,0.92139E+00,0.00000E+00,0.00000E+00,0.88234E+00,0.71371E+00,0.84114E+00,0.000E+00,111.316E+00,92.168E+00,151.926E+00,-24.222E+00,-120.571E+00,22.870E+00,90.000E+00,90.000E+00,12.5791E+00,0.00000E+00,0.00000E+00,79.795E+00,100.000E+00,100.000E+00,0.22196E+03,0.00000E+03,0.00000E+03,+99999.9E+99,+99999.9E+99,+99999.9E+99,+99999.9E+99,+99999.9E+99,+99999.9E+99,+99999.9E+99,+99999.9E+99,+99999.9E+99,+99999.9E+99,+99999.9E+99,+99999.9E+99,1B00,0,0,0,1B00,76.7381E+00,76.6705E+00,76.3927E+00,76.6004E+00,72.6287E+00,72.7047E+00,72.0614E+00,72.4649E+00,76.7381E+00,76.6705E+00,76.3927E+00,0.0000E+00,0.0000E+00,0.0000E+00,70.7629E+00,70.6809E+00,70.5008E+00,105.831E+00,106.037E+00,105.753E+00,-104.907E+00,-104.507E+00,-103.916E+00,35.765E+00,35.263E+00,35.751E+00,+99999.9E+99,+99999.9E+99,+99999.9E+99,0.220E+00,9.7536E+00,9.3393E+00,9.9451E+00,9.6793E+00,8.4507E+00,8.0945E+00,8.4979E+00,8.3477E+00,9.7536E+00,9.3393E+00,9.9451E+00,0.0000E+00,0.0000E+00,0.0000E+00,13.3917E+00,13.4259E+00,14.0107E+00,26.4257E+00,24.8171E+00,27.1543E+00,-25.5986E+00,-23.3338E+00,-26.7338E+00,42.900E+00,42.165E+00,40.171E+00,+99999.9E+99,+99999.9E+99,+99999.9E+99,2.668E+00,0.28701E+03,0.28479E+03,0.30478E+03,0.87658E+03,0.46613E+03,0.48188E+03,0.49177E+03,1.43978E+03,0.43411E+03,0.41590E+03,0.44134E+03,1.29135E+03,0.54181E+03,0.54477E+03,0.56369E+03,1.64993E+03,-0.32569E+03,-0.30310E+03,-0.31920E+03,-0.94800E+03,-0.27618E+03,-0.25409E+03,-0.27553E+03,-0.80580E+03,-0.66114E+00,-0.68475E+00,-0.69058E+00,-0.67881E+00,-0.86033E+00,-0.88456E+00,-0.87240E+00,-0.87263E+00,0.000E+00,120.200E+00,-119.968E+00,60.601E+00,177.924E+00,-60.583E+00,-48.613E+00,-46.784E+00,-46.324E+00,-47.250E+00,202.079E+00,201.739E+00,202.617E+00,92.069E+00,+99999.9E+99,+99999.9E+99,0.00007E+06,-0.00052E+06,0.00000E+00,10.185E+00,0.757E+03,0.00081E+06,43.832E+00,F0F08
2021/11/30,17:34:11,00000:00:35,850,38003F00,700,1C00,1C00,3800,99.913E+00,0.000E+00,0.000E+00,110.973E+00,0.000E+00,0.000E+00,0.509E+00,0.000E+00,0.000E+00,99.911E+00,0.000E+00,0.000E+00,0.000E+00,0.000E+00,0.000E+00,100.918E+00,0.000E+00,0.000E+00,98.789E+00,0.000E+00,0.000E+00,67.757E+00,494.854E+00,+99999.9E+99,1.065E+00,+99999.9E+99,+99999.9E+99,11.9330E+00,0.00000E+00,0.00000E+00,12.2357E+00,0.00000E+00,0.00000E+00,4.5875E+00,0.00000E+00,0.00000E+00,11.0160E+00,0.00000E+00,0.00000E+00,4.0357E+00,0.00000E+00,0.00000E+00,18.3993E+00,0.0000E+00,0.0000E+00,4.2140E+00,0.0000E+00,0.0000E+00,49.254E+00,+99999.9E+99,+99999.9E+99,64.385E+00,+99999.9E+99,+99999.9E+99,1.09853E+03,0.00000E+03,0.00000E+03,0.00000E+03,0.00000E+03,0.00000E+03,1.19226E+03,0.00000E+03,0.00000E+03,0.00000E+03,0.00000E+03,0.00000E+03,0.46336E+03,0.00000E+03,0.00000E+03,0.00000E+03,0.00000E+03,0.00000E+03,0.92139E+00,0.00000E+00,0.00000E+00,0.88234E+00,0.71371E+00,0.84114E+00,0.000E+00,111.316E+00,92.168E+00,151.926E+00,-24.222E+00,-120.571E+00,22.870E+00,90.000E+00,90.000E+00,12.5791E+00,0.00000E+00,0.00000E+00,95.756E+00,100.000E+00,100.000E+00,0.04662E+03,0.00000E+03,0.00000E+03,+99999.9E+99,+99999.9E+99,+99999.9E+99,+99999.9E+99,+99999.9E+99,+99999.9E+99,+99999.9E+99,+99999.9E+99,+99999.9E+99,+99999.9E+99,+99999.9E+99,+99999.9E+99,1B00,0,0,0,1B00,76.5329E+00,77.0350E+00,77.0291E+00,76.8657E+00,71.8785E+00,72.8096E+00,72.7920E+00,72.4933E+00,76.5329E+00,77.0350E+00,77.0291E+00,0.0000E+00,0.0000E+00,0.0000E+00,73.1286E+00,73.2388E+00,73.1335E+00,105.730E+00,106.103E+00,105.824E+00,-103.677E+00,-104.924E+00,-104.486E+00,13.943E+00,13.743E+00,14.044E+00,+99999.9E+99,+99999.9E+99,+99999.9E+99,0.099E+00,11.6944E+00,11.4691E+00,11.2807E+00,11.4814E+00,10.0840E+00,9.9608E+00,9.6753E+00,9.9067E+00,11.6933E+00,11.4632E+00,11.2684E+00,-0.1610E+00,-0.3658E+00,0.5280E+00,4.8424E+00,4.5925E+00,4.8253E+00,27.6729E+00,27.1152E+00,28.6148E+00,-26.4676E+00,-27.1662E+00,-26.1648E+00,58.313E+00,59.798E+00,56.242E+00,+99999.9E+99,+99999.9E+99,+99999.9E+99,2.698E+00,0.36093E+03,0.34328E+03,0.34770E+03,1.05191E+03,0.17452E+03,0.17024E+03,0.17965E+03,0.52441E+03,0.52203E+03,0.51153E+03,0.50580E+03,1.53936E+03,0.20022E+03,0.19270E+03,0.20104E+03,0.59385E+03,-0.37716E+03,-0.37925E+03,-0.36734E+03,-1.12374E+03,-0.09813E+03,-0.09028E+03,-0.09025E+03,-0.27866E+03,-0.69139E+00,-0.67107E+00,-0.68743E+00,-0.68334E+00,-0.87165E+00,-0.88346E+00,-0.89359E+00,-0.88307E+00,0.000E+00,120.043E+00,-119.906E+00,59.396E+00,177.935E+00,-63.235E+00,-46.260E+00,-47.850E+00,-46.573E+00,-46.895E+00,202.052E+00,202.034E+00,201.405E+00,92.923E+00,+99999.9E+99,+99999.9E+99,0.00007E+06,-0.00063E+06,0.00000E+00,12.336E+00,0.757E+03,0.00098E+06,43.828E+00,F0F08
2021/11/30,17:34:11,00000:00:35,900,38003F00,2800,3B00,3B00,3F00,99.980E+00,0.000E+00,0.000E+00,111.049E+00,0.000E+00,0.000E+00,0.502E+00,0.000E+00,0.000E+00,99.979E+00,0.000E+00,0.000E+00,0.000E+00,0.000E+00,0.000E+00,100.936E+00,0.000E+00,0.000E+00,98.818E+00,0.000E+00,0.000E+00,34.527E+00,+99999.9E+99,324.449E+00,1.059E+00,+99999.9E+99,+99999.9E+99,11.5705E+00,0.00000E+00,0.00000E+00,11.7726E+00,0.00000E+00,0.00000E+00,4.6405E+00,0.00000E+00,0.00000E+00,10.5991E+00,0.00000E+00,0.00000E+00,4.2705E+00,0.00000E+00,0.00000E+00,18.2383E+00,0.0000E+00,0.0000E+00,4.0557E+00,0.0000E+00,0.0000E+00,39.550E+00,+99999.9E+99,+99999.9E+99,66.905E+00,+99999.9E+99,+99999.9E+99,1.05760E+03,0.00000E+03,0.00000E+03,0.00000E+03,0.00000E+03,0.00000E+03,1.15682E+03,0.00000E+03,0.00000E+03,0.00000E+03,0.00000E+03,0.00000E+03,0.46874E+03,0.00000E+03,0.00000E+03,0.00000E+03,0.00000E+03,0.00000E+03,0.91423E+00,0.00000E+00,0.00000E+00,0.93467E+00,0.43718E+00,0.96727E+00,0.000E+00,81.811E+00,165.842E+00,159.175E+00,145.886E+00,0.542E+00,23.903E+00,90.000E+00,90.000E+00,0.00000E+00,0.00000E+00,0.00000E+00,119.696E+00,100.000E+00,100.000E+00,-0.20831E+03,0.00000E+03,0.00000E+03,+99999.9E+99,+99999.9E+99,+99999.9E+99,+99999.9E+99,+99999.9E+99,+99999.9E+99,+99999.9E+99,+99999.9E+99,+99999.9E+99,+99999.9E+99,+99999.9E+99,+99999.9E+99,1B00,0,0,0,1B00,77.2073E+00,77.2478E+00,77.0103E+00,77.1551E+00,72.1633E+00,72.4055E+00,71.8341E+00,72.1343E+00,77.2073E+00,77.2478E+00,77.0103E+00,0.0000E+00,0.0000E+00,0.0000E+00,70.5036E+00,71.0824E+00,70.9360E+00,105.316E+00,105.609E+00,105.573E+00,-104.260E+00,-104.299E+00,-104.414E+00,34.613E+00,34.656E+00,34.638E+00,+99999.9E+99,+99999.9E+99,+99999.9E+99,0.492E+00,13.3809E+00,12.9565E+00,13.3416E+00,13.2264E+00,12.3459E+00,11.9247E+00,12.2796E+00,12.1834E+00,13.3801E+00,12.9565E+00,13.3400E+00,-0.1496E+00,0.0000E+00,0.2094E+00,14.0641E+00,13.1507E+00,13.1636E+00,27.2390E+00,27.0386E+00,28.5310E+00,-25.8290E+00,-26.7452E+00,-26.5824E+00,39.713E+00,41.925E+00,42.001E+00,+99999.9E+99,+99999.9E+99,+99999.9E+99,4.281E+00,0.41969E+03,0.41157E+03,0.43465E+03,1.26591E+03,0.50183E+03,0.46031E+03,0.48570E+03,1.44784E+03,0.60265E+03,0.58363E+03,0.59995E+03,1.78623E+03,0.56662E+03,0.53202E+03,0.53779E+03,1.63554E+03,-0.43249E+03,-0.41381E+03,-0.41354E+03,-1.25984E+03,-0.26311E+03,-0.26675E+03,-0.23088E+03,-0.76075E+03,-0.69641E+00,-0.70519E+00,-0.72448E+00,-0.70870E+00,-0.88565E+00,-0.86522E+00,-0.90315E+00,-0.88524E+00,0.000E+00,119.871E+00,-119.658E+00,57.940E+00,179.891E+00,-64.434E+00,-45.861E+00,-45.155E+00,-43.574E+00,-44.870E+00,201.424E+00,201.682E+00,202.050E+00,89.790E+00,+99999.9E+99,+99999.9E+99,0.00013E+06,-0.00073E+06,0.00000E+00,14.322E+00,0.758E+03,0.00114E+06,43.560E+00,F0F08
2021/11/30,17:34:11,00000:00:35,950,38003F00,2D00,3F00,3F00,3F00,99.980E+00,0.000E+00,0.000E+00,111.049E+00,0.000E+00,0.000E+00,0.502E+00,0.000E+00,0.000E+00,99.979E+00,0.000E+00,0.000E+00,0.000E+00,0.000E+00,0.000E+00,100.936E+00,0.000E+00,0.000E+00,98.818E+00,0.000E+00,0.000E+00,34.527E+00,+99999.9E+99,324.449E+00,1.059E+00,+99999.9E+99,+99999.9E+99,11.5705E+00,0.00000E+00,0.00000E+00,11.7726E+00,0.00000E+00,0.00000E+00,4.6405E+00,0.00000E+00,0.00000E+00,10.5991E+00,0.00000E+00,0.00000E+00,4.2705E+00,0.00000E+00,0.00000E+00,18.2383E+00,0.0000E+00,0.0000E+00,4.0557E+00,0.0000E+00,0.0000E+00,39.550E+00,+99999.9E+99,+99999.9E+99,66.905E+00,+99999.9E+99,+99999.9E+99,1.05760E+03,0.00000E+03,0.00000E+03,0.00000E+03,0.00000E+03,0.00000E+03,1.15682E+03,0.00000E+03,0.00000E+03,0.00000E+03,0.00000E+03,0.00000E+03,0.46874E+03,0.00000E+03,0.00000E+03,0.00000E+03,0.00000E+03,0.00000E+03,0.91423E+00,0.00000E+00,0.00000E+00,0.93467E+00,0.43718E+00,0.96727E+00,0.000E+00,81.811E+00,165.842E+00,159.175E+00,145.886E+00,0.542E+00,23.903E+00,90.000E+00,90.000E+00,0.00000E+00,0.00000E+00,0.00000E+00,70.867E+00,100.000E+00,100.000E+00,0.30811E+03,0.00000E+03,0.00000E+03,+99999.9E+99,+99999.9E+99,+99999.9E+99,+99999.9E+99,+99999.9E+99,+99999.9E+99,+99999.9E+99,+99999.9E+99,+99999.9E+99,+99999.9E+99,+99999.9E+99,+99999.9E+99,1B00,0,0,0,1B00,76.2698E+00,76.6651E+00,76.5012E+00,76.4787E+00,72.1074E+00,72.8378E+00,72.5486E+00,72.4979E+00,76.2697E+00,76.6651E+00,76.5012E+00,0.0000E+00,0.0000E+00,0.0000E+00,71.3260E+00,71.2535E+00,71.0696E+00,105.864E+00,106.023E+00,105.733E+00,-104.241E+00,-104.419E+00,-104.407E+00,31.824E+00,31.051E+00,31.704E+00,+99999.9E+99,+99999.9E+99,+99999.9E+99,0.222E+00,8.1061E+00,8.0793E+00,8.0162E+00,8.0672E+00,7.1720E+00,7.1507E+00,7.0779E+00,7.1335E+00,8.1061E+00,8.0785E+00,8.0133E+00,0.0000E+00,-0.1200E+00,0.2160E+00,11.7081E+00,11.6819E+00,12.3188E+00,22.2148E+00,20.8181E+00,20.5581E+00,-18.6167E+00,-19.1876E+00,-20.0524E+00,45.216E+00,44.198E+00,41.986E+00,+99999.9E+99,+99999.9E+99,+99999.9E+99,3.461E+00,0.25109E+03,0.24670E+03,0.25170E+03,0.74949E+03,0.40229E+03,0.42271E+03,0.43097E+03,1.25597E+03,0.35837E+03,0.35781E+03,0.35590E+03,1.07208E+03,0.46980E+03,0.47659E+03,0.49630E+03,1.44222E+03,-0.25570E+03,-0.25917E+03,-0.25161E+03,-0.76648E+03,-0.24264E+03,-0.22014E+03,-0.24613E+03,-0.70890E+03,-0.70064E+00,-0.68948E+00,-0.70723E+00,-0.69910E+00,-0.85631E+00,-0.88693E+00,-0.86837E+00,-0.87086E+00,0.000E+00,120.207E+00,-119.954E+00,61.057E+00,177.631E+00,-60.100E+00,-45.522E+00,-46.411E+00,-44.990E+00,-45.645E+00,202.405E+00,201.974E+00,201.964E+00,95.241E+00,+99999.9E+99,+99999.9E+99,0.00004E+06,-0.00047E+06,0.00000E+00,9.015E+00,0.756E+03,0.00071E+06,43.965E+00,F0F08
2021/11/30,17:34:11,00000:00:36,0,38003F00,2800,3B00,3B00,3F00,99.826E+00,0.000E+00,0.000E+00,110.877E+00,0.000E+00,0.000E+00,0.510E+00,0.000E+00,0.000E+00,99.825E+00,0.000E+00,0.000E+00,0.000E+00,0.000E+00,0.000E+00,100.939E+00,0.000E+00,0.000E+00,98.786E+00,0.000E+00,0.000E+00,34.527E+00,+99999.9E+99,324.449E+00,1.079E+00,+99999.9E+99,+99999.9E+99,12.1353E+00,0.00000E+00,0.00000E+00,12.5360E+00,0.00000E+00,0.00000E+00,4.4589E+00,0.00000E+00,0.00000E+00,11.2864E+00,0.00000E+00,0.00000E+00,4.2705E+00,0.00000E+00,0.00000E+00,18.2960E+00,0.0000E+00,0.0000E+00,3.3821E+00,0.0000E+00,0.0000E+00,39.550E+00,+99999.9E+99,+99999.9E+99,66.070E+00,+99999.9E+99,+99999.9E+99,1.12461E+03,0.00000E+03,0.00000E+03,0.00000E+03,0.00000E+03,0.00000E+03,1.21141E+03,0.00000E+03,0.00000E+03,0.00000E+03,0.00000E+03,0.00000E+03,-0.45030E+03,0.00000E+03,0.00000E+03,0.00000E+03,0.00000E+03,0.00000E+03,-0.92835E+00,0.00000E+00,0.00000E+00,0.93467E+00,0.43718E+00,0.96727E+00,0.000E+00,81.811E+00,165.842E+00,159.175E+00,145.886E+00,0.542E+00,-21.821E+00,90.000E+00,90.000E+00,9.33855E+00,0.00000E+00,0.00000E+00,112.210E+00,100.000E+00,100.000E+00,-0.13731E+03,0.00000E+03,0.00000E+03,+99999.9E+99,+99999.9E+99,+99999.9E+99,+99999.9E+99,+99999.9E+99,+99999.9E+99,+99999.9E+99,+99999.9E+99,+99999.9E+99,+99999.9E+99,+99999.9E+99,+99999.9E+99,1B00,0,0,0,1B00,77.0865E+00,77.1524E+00,77.1197E+00,77.1195E+00,72.1594E+00,72.5022E+00,72.2909E+00,72.3175E+00,77.0864E+00,77.1524E+00,77.1196E+00,0.0000E+00,0.0000E+00,0.0000E+00,73.0281E+00,73.2743E+00,73.1425E+00,105.839E+00,106.054E+00,105.704E+00,-105.049E+00,-104.724E+00,-104.369E+00,13.917E+00,14.183E+00,14.193E+00,+99999.9E+99,+99999.9E+99,+99999.9E+99,0.195E+00,13.4320E+00,12.9721E+00,13.1499E+00,13.1847E+00,12.2316E+00,11.7622E+00,11.8134E+00,11.9357E+00,13.4309E+00,12.9681E+00,13.1405E+00,-0.1717E+00,-0.3244E+00,0.4974E+00,5.0852E+00,4.5733E+00,4.7483E+00,27.5995E+00,27.3381E+00,28.5295E+00,-26.5914E+00,-26.9633E+00,-26.6319E+00,55.997E+00,60.596E+00,58.525E+00,+99999.9E+99,+99999.9E+99,+99999.9E+99,4.818E+00,0.42941E+03,0.40759E+03,0.42492E+03,1.26193E+03,0.18101E+03,0.16504E+03,0.17702E+03,0.52307E+03,0.60521E+03,0.58267E+03,0.59059E+03,1.77848E+03,0.20640E+03,0.19087E+03,0.19578E+03,0.59268E+03,-0.42648E+03,-0.41638E+03,-0.41017E+03,-1.25303E+03,-0.09917E+03,-0.09588E+03,-0.08363E+03,-0.27868E+03,-0.70952E+00,-0.69952E+00,-0.71949E+00,-0.70956E+00,-0.87700E+00,-0.86468E+00,-0.90417E+00,-0.88255E+00,0.000E+00,120.007E+00,-119.829E+00,58.829E+00,-179.899E+00,-64.591E+00,-44.804E+00,-45.611E+00,-43.988E+00,-44.801E+00,201.231E+00,201.398E+00,201.673E+00,91.038E+00,+99999.9E+99,+99999.9E+99,0.00011E+06,-0.00074E+06,0.00000E+00,14.489E+00,0.757E+03,0.00115E+06,43.561E+00,F0F08
2021/11/30,17:34:11,00000:00:36,50,38003800,0,1800,1800,3800,99.922E+00,0.000E+00,0.000E+00,110.984E+00,0.000E+00,0.000E+00,0.508E+00,0.000E+00,0.000E+00,99.921E+00,0.000E+00,0.000E+00,0.000E+00,0.000E+00,0.000E+00,100.954E+00,0.000E+00,0.000E+00,98.836E+00,0.000E+00,0.000E+00,98.406E+00,+99999.9E+99,+99999.9E+99,1.060E+00,+99999.9E+99,+99999.9E+99,11.8206E+00,0.00000E+00,0.00000E+00,12.1094E+00,0.00000E+00,0.00000E+00,4.5682E+00,0.00000E+00,0.00000E+00,10.9023E+00,0.00000E+00,0.00000E+00,3.0467E+00,0.00000E+00,0.00000E+00,18.2217E+00,0.0000E+00,0.0000E+00,4.1769E+00,0.0000E+00,0.0000E+00,100.963E+00,+99999.9E+99,+99999.9E+99,64.412E+00,+99999.9E+99,+99999.9E+99,1.08729E+03,0.00000E+03,0.00000E+03,0.00000E+03,0.00000E+03,0.00000E+03,1.18114E+03,0.00000E+03,0.00000E+03,0.00000E+03,0.00000E+03,0.00000E+03,0.46142E+03,0.00000E+03,0.00000E+03,0.00000E+03,0.00000E+03,0.00000E+03,0.92054E+00,0.00000E+00,0.00000E+00,0.83501E+00,0.29979E+00,0.99418E+00,0.000E+00,-0.270E+00,160.458E+00,146.617E+00,72.285E+00,-13.355E+00,22.995E+00,90.000E+00,90.000E+00,12.6087E+00,0.00000E+00,0.00000E+00,100.342E+00,100.000E+00,100.000E+00,-0.00372E+03,0.00000E+03,0.00000E+03,+99999.9E+99,+99999.9E+99,+99999.9E+99,+99999.9E+99,+99999.9E+99,+99999.9E+99,+99999.9E+99,+99999.9E+99,+99999.9E+99,+99999.9E+99,+99999.9E+99,+99999.9E+99,1B00,0,0,0,1B00,76.7535E+00,77.1022E+00,76.8246E+00,76.8934E+00,72.0344E+00,72.6744E+00,72.1655E+00,72.2914E+00,76.7535E+00,77.1022E+00,76.8246E+00,0.0000E+00,0.0000E+00,0.0000E+00,70.1305E+00,70.5013E+00,70.4604E+00,105.381E+00,105.851E+00,105.559E+00,-104.219E+00,-104.774E+00,-104.233E+00,37.552E+00,37.532E+00,37.398E+00,+99999.9E+99,+99999.9E+99,+99999.9E+99,0.337E+00,11.9496E+00,11.7845E+00,12.0689E+00,11.9344E+00,10.4667E+00,10.3887E+00,10.5845E+00,10.4800E+00,11.9489E+00,11.7845E+00,12.0689E+00,-0.1292E+00,0.0000E+00,0.0000E+00,15.0860E+00,14.4869E+00,14.4855E+00,27.6552E+00,27.0652E+00,28.5481E+00,-26.3767E+00,-27.2790E+00,-26.6186E+00,39.233E+00,40.716E+00,40.564E+00,+99999.9E+99,+99999.9E+99,+99999.9E+99,2.901E+00,0.35792E+03,0.36022E+03,0.37286E+03,1.09100E+03,0.53781E+03,0.50662E+03,0.52607E+03,1.57051E+03,0.53379E+03,0.52794E+03,0.54151E+03,1.60324E+03,0.61010E+03,0.58375E+03,0.58877E+03,1.78219E+03,-0.39601E+03,-0.38596E+03,-0.39270E+03,-1.17466E+03,-0.28807E+03,-0.28999E+03,-0.26439E+03,-0.84245E+03,-0.67053E+00,-0.68231E+00,-0.68855E+00,-0.68050E+00,-0.88151E+00,-0.86788E+00,-0.89351E+00,-0.88122E+00,0.000E+00,119.863E+00,-119.804E+00,58.351E+00,179.629E+00,-63.277E+00,-47.892E+00,-46.976E+00,-46.484E+00,-47.117E+00,202.188E+00,202.352E+00,201.857E+00,90.397E+00,+99999.9E+99,+99999.9E+99,0.00010E+06,-0.00063E+06,0.00000E+00,12.440E+00,0.757E+03,0.00099E+06,43.836E+00,F0F0F
2021/11/30,17:34:11,00000:00:36,100,38003F00,700,1F00,1F00,3F00,99.922E+00,0.000E+00,0.000E+00,110.984E+00,0.000E+00,0.000E+00,0.508E+00,0.000E+00,0.000E+00,99.921E+00,0.000E+00,0.000E+00,0.000E+00,0.000E+00,0.000E+00,100.954E+00,0.000E+00,0.000E+00,98.836E+00,0.000E+00,0.000E+00,18.109E+00,+99999.9E+99,499.259E+00,1.060E+00,+99999.9E+99,+99999.9E+99,11.8206E+00,0.00000E+00,0.00000E+00,12.1094E+00,0.00000E+00,0.00000E+00,4.5682E+00,0.00000E+00,0.00000E+00,10.9023E+00,0.00000E+00,0.00000E+00,4.6840E+00,0.00000E+00,0.00000E+00,18.2217E+00,0.0000E+00,0.0000E+00,4.1769E+00,0.0000E+00,0.0000E+00,8.232E+00,+99999.9E+99,+99999.9E+99,64.412E+00,+99999.9E+99,+99999.9E+99,1.08729E+03,0.00000E+03,0.00000E+03,0.00000E+03,0.00000E+03,0.00000E+03,1.18114E+03,0.00000E+03,0.00000E+03,0.00000E+03,0.00000E+03,0.00000E+03,0.46142E+03,0.00000E+03,0.00000E+03,0.00000E+03,0.00000E+03,0.00000E+03,0.92054E+00,0.00000E+00,0.00000E+00,0.91792E+00,0.88559E+00,0.99953E+00,0.000E+00,-175.288E+00,170.408E+00,156.624E+00,32.388E+00,168.659E+00,22.995E+00,90.000E+00,90.000E+00,12.6087E+00,0.00000E+00,0.00000E+00,78.923E+00,100.000E+00,100.000E+00,0.22917E+03,0.00000E+03,0.00000E+03,+99999.9E+99,+99999.9E+99,+99999.9E+99,+99999.9E+99,+99999.9E+99,+99999.9E+99,+99999.9E+99,+99999.9E+99,+99999.9E+99,+99999.9E+99,+99999.9E+99,+99999.9E+99,1B00,0,0,0,1B00,76.5398E+00,76.6540E+00,76.5622E+00,76.5853E+00,72.4280E+00,72.8073E+00,72.5052E+00,72.5802E+00,76.5398E+00,76.6540E+00,76.5622E+00,0.0000E+00,0.0000E+00,0.0000E+00,72.4854E+00,72.2640E+00,72.2540E+00,105.716E+00,106.107E+00,105.769E+00,-104.446E+00,-105.141E+00,-104.316E+00,22.487E+00,21.556E+00,22.106E+00,+99999.9E+99,+99999.9E+99,+99999.9E+99,0.205E+00,9.5494E+00,9.0827E+00,9.2100E+00,9.2807E+00,8.2620E+00,7.8749E+00,7.8988E+00,8.0119E+00,9.5483E+00,9.0792E+00,9.2014E+00,-0.1447E+00,-0.2518E+00,0.3978E+00,7.6721E+00,8.1077E+00,8.2947E+00,26.3238E+00,24.1329E+00,25.2776E+00,-26.4014E+00,-25.3686E+00,-22.3814E+00,52.769E+00,48.523E+00,47.457E+00,+99999.9E+99,+99999.9E+99,+99999.9E+99,4.603E+00,0.29316E+03,0.27598E+03,0.28899E+03,0.85812E+03,0.27152E+03,0.29297E+03,0.29484E+03,0.85933E+03,0.42457E+03,0.40306E+03,0.40880E+03,1.23642E+03,0.31502E+03,0.32608E+03,0.33988E+03,0.98041E+03,-0.30711E+03,-0.29376E+03,-0.28914E+03,-0.89001E+03,-0.15974E+03,-0.14316E+03,-0.16907E+03,-0.47197E+03,-0.69048E+00,-0.68471E+00,-0.70692E+00,-0.69403E+00,-0.86191E+00,-0.89846E+00,-0.86749E+00,-0.87650E+00,0.000E+00,120.104E+00,-120.098E+00,60.368E+00,176.145E+00,-60.163E+00,-46.332E+00,-46.788E+00,-45.015E+00,-46.050E+00,201.769E+00,201.417E+00,202.158E+00,94.489E+00,+99999.9E+99,+99999.9E+99,0.00005E+06,-0.00053E+06,0.00000E+00,10.235E+00,0.756E+03,0.00081E+06,43.760E+00,F0F08
2021/11/30,17:34:11,00000:00:36,150,38003F00,700,1F00,1F00,3F00,99.922E+00,0.000E+00,0.000E+00,110.984E+00,0.000E+00,0.000E+00,0.508E+00,0.000E+00,0.000E+00,99.921E+00,0.000E+00,0.000E+00,0.000E+00,0.000E+00,0.000E+00,100.954E+00,0.000E+00,0.000E+00,98.836E+00,0.000E+00,0.000E+00,18.109E+00,+99999.9E+99,499.259E+00,1.060E+00,+99999.9E+99,+99999.9E+99,11.8206E+00,0.00000E+00,0.00000E+00,12.1094E+00,0.00000E+00,0.00000E+00,4.5682E+00,0.00000E+00,0.00000E+00,10.9023E+00,0.00000E+00,0.00000E+00,4.6840E+00,0.00000E+00,0.00000E+00,18.2217E+00,0.0000E+00,0.0000E+00,4.1769E+00,0.0000E+00,0.0000E+00,8.232E+00,+99999.9E+99,+99999.9E+99,64.412E+00,+99999.9E+99,+99999.9E+99,1.08729E+03,0.00000E+03,0.00000E+03,0.00000E+03,0.00000E+03,0.00000E+03,1.18114E+03,0.00000E+03,0.00000E+03,0.00000E+03,0.00000E+03,0.00000E+03,0.46142E+03,0.00000E+03,0.00000E+03,0.00000E+03,0.00000E+03,0.00000E+03,0.92054E+00,0.00000E+00,0.00000E+00,0.91792E+00,0.88559E+00,0.99953E+00,0.000E+00,-175.288E+00,170.408E+00,156.624E+00,32.388E+00,168.659E+00,22.995E+00,90.000E+00,90.000E+00,12.6087E+00,0.00000E+00,0.00000E+00,123.983E+00,100.000E+00,100.000E+00,-0.26077E+03,0.00000E+03,0.00000E+03,+99999.9E+99,+99999.9E+99,+99999.9E+99,+99999.9E+99,+99999.9E+99,+99999.9E+99,+99999.9E+99,+99999.9E+99,+99999.9E+99,+99999.9E+99,+99999.9E+99,+99999.9E+99,1B00,0,0,0,1B00,77.0131E+00,77.4662E+00,77.3436E+00,77.2743E+00,71.6960E+00,72.5582E+00,72.3225E+00,72.1922E+00,77.0131E+00,77.4661E+00,77.3436E+00,0.0000E+00,0.0000E+00,0.0000E+00,72.3384E+00,72.7889E+00,72.6589E+00,105.587E+00,106.003E+00,105.683E+00,-104.746E+00,-104.616E+00,-106.137E+00,20.264E+00,20.406E+00,20.627E+00,+99999.9E+99,+99999.9E+99,+99999.9E+99,0.375E+00,13.9309E+00,13.6060E+00,13.7392E+00,13.7587E+00,13.0000E+00,12.8072E+00,12.7523E+00,12.8532E+00,13.9297E+00,13.6037E+00,13.7325E+00,-0.1766E+00,-0.2517E+00,0.4295E+00,8.0489E+00,7.4872E+00,7.3231E+00,27.6181E+00,27.0881E+00,28.4224E+00,-26.6819E+00,-27.0438E+00,-26.4814E+00,46.987E+00,49.217E+00,50.977E+00,+99999.9E+99,+99999.9E+99,+99999.9E+99,6.807E+00,0.45407E+03,0.44168E+03,0.45230E+03,1.34805E+03,0.29477E+03,0.25804E+03,0.27637E+03,0.82919E+03,0.62772E+03,0.61328E+03,0.62150E+03,1.86250E+03,0.32855E+03,0.29800E+03,0.29973E+03,0.92509E+03,-0.43342E+03,-0.42548E+03,-0.42624E+03,-1.28514E+03,-0.14511E+03,-0.14906E+03,-0.11600E+03,-0.41016E+03,-0.72336E+00,-0.72019E+00,-0.72776E+00,-0.72379E+00,-0.89719E+00,-0.86592E+00,-0.92207E+00,-0.89633E+00,0.000E+00,119.903E+00,-119.737E+00,56.417E+00,179.860E+00,-67.119E+00,-43.667E+00,-43.930E+00,-43.301E+00,-43.632E+00,201.848E+00,202.279E+00,201.104E+00,90.394E+00,+99999.9E+99,+99999.9E+99,0.00013E+06,-0.00078E+06,0.00000E+00,15.362E+00,0.757E+03,0.00122E+06,43.709E+00,F0F08
2021/11/30,17:34:11,00000:00:36,200,38003F00,500,1F00,1F00,3F00,99.922E+00,0.000E+00,0.000E+00,110.984E+00,0.000E+00,0.000E+00,0.508E+00,0.000E+00,0.000E+00,99.921E+00,0.000E+00,0.000E+00,0.000E+00,0.000E+00,0.000E+00,100.954E+00,0.000E+00,0.000E+00,98.836E+00,0.000E+00,0.000E+00,68.792E+00,+99999.9E+99,+99999.9E+99,1.060E+00,+99999.9E+99,+99999.9E+99,11.8206E+00,0.00000E+00,0.00000E+00,12.1094E+00,0.00000E+00,0.00000E+00,4.5682E+00,0.00000E+00,0.00000E+00,10.9023E+00,0.00000E+00,0.00000E+00,4.0371E+00,0.00000E+00,0.00000E+00,18.2217E+00,0.0000E+00,0.0000E+00,4.1769E+00,0.0000E+00,0.0000E+00,49.466E+00,+99999.9E+99,+99999.9E+99,64.412E+00,+99999.9E+99,+99999.9E+99,1.08729E+03,0.00000E+03,0.00000E+03,0.00000E+03,0.00000E+03,0.00000E+03,1.18114E+03,0.00000E+03,0.00000E+03,0.00000E+03,0.00000E+03,0.00000E+03,0.46142E+03,0.00000E+03,0.00000E+03,0.00000E+03,0.00000E+03,0.00000E+03,0.92054E+00,0.00000E+00,0.00000E+00,0.87980E+00,0.27508E+00,0.64443E+00,0.000E+00,-129.986E+00,177.732E+00,151.618E+00,155.981E+00,-52.146E+00,22.995E+00,90.000E+00,90.000E+00,12.6087E+00,0.00000E+00,0.00000E+00,79.365E+00,100.000E+00,100.000E+00,0.22436E+03,0.00000E+03,0.00000E+03,+99999.9E+99,+99999.9E+99,+99999.9E+99,+99999.9E+99,+99999.9E+99,+99999.9E+99,+99999.9E+99,+99999.9E+99,+99999.9E+99,+99999.9E+99,+99999.9E+99,+99999.9E+99,1B00,0,0,0,1B00,76.7109E+00,76.6735E+00,76.3972E+00,76.5938E+00,72.5557E+00,72.6762E+00,72.0461E+00,72.4260E+00,76.7109E+00,76.6735E+00,76.3972E+00,0.0000E+00,0.0000E+00,0.0000E+00,70.2792E+00,70.3128E+00,70.1919E+00,105.940E+00,106.169E+00,105.597E+00,-104.636E+00,-104.821E+00,-105.036E+00,38.172E+00,37.874E+00,38.092E+00,+99999.9E+99,+99999.9E+99,+99999.9E+99,0.091E+00,9.7071E+00,9.2918E+00,9.8923E+00,9.6304E+00,8.3586E+00,8.0055E+00,8.4024E+00,8.2555E+00,9.7064E+00,9.2918E+00,9.8923E+00,-0.1179E+00,0.0000E+00,0.0000E+00,14.7062E+00,14.5941E+00,14.9474E+00,26.4386E+00,24.7905E+00,27.0995E+00,-25.5462E+00,-23.1995E+00,-26.6771E+00,40.840E+00,40.859E+00,39.464E+00,+99999.9E+99,+99999.9E+99,+99999.9E+99,1.507E+00,0.28257E+03,0.28001E+03,0.30035E+03,0.86293E+03,0.51517E+03,0.51781E+03,0.53007E+03,1.56305E+03,0.43182E+03,0.41358E+03,0.43895E+03,1.28435E+03,0.59472E+03,0.58958E+03,0.60438E+03,1.78857E+03,-0.32653E+03,-0.30437E+03,-0.32011E+03,-0.95101E+03,-0.29714E+03,-0.28191E+03,-0.29035E+03,-0.86940E+03,-0.65437E+00,-0.67704E+00,-0.68425E+00,-0.67188E+00,-0.86624E+00,-0.87828E+00,-0.87705E+00,-0.87391E+00,0.000E+00,120.085E+00,-119.936E+00,59.990E+00,178.600E+00,-61.188E+00,-49.128E+00,-47.387E+00,-46.823E+00,-47.788E+00,201.834E+00,201.802E+00,202.525E+00,91.957E+00,+99999.9E+99,+99999.9E+99,0.00007E+06,-0.00051E+06,0.00000E+00,10.018E+00,0.756E+03,0.00079E+06,43.785E+00,F0F08
2021/11/30,17:34:11,00000:00:36,250,38003A00,2A00,3800,3800,3800,99.988E+00,0.000E+00,0.000E+00,111.057E+00,0.000E+00,0.000E+00,0.514E+00,0.000E+00,0.000E+00,99.987E+00,0.000E+00,0.000E+00,0.000E+00,0.000E+00,0.000E+00,101.036E+00,0.000E+00,0.000E+00,98.779E+00,0.000E+00,0.000E+00,68.792E+00,+99999.9E+99,+99999.9E+99,1.129E+00,+99999.9E+99,+99999.9E+99,11.5246E+00,0.00000E+00,0.00000E+00,11.6724E+00,0.00000E+00,0.00000E+00,4.7308E+00,0.00000E+00,0.00000E+00,10.5088E+00,0.00000E+00,0.00000E+00,4.0371E+00,0.00000E+00,0.00000E+00,18.2336E+00,0.0000E+00,0.0000E+00,3.5419E+00,0.0000E+00,0.0000E+00,49.466E+00,+99999.9E+99,+99999.9E+99,69.901E+00,+99999.9E+99,+99999.9E+99,1.04857E+03,0.00000E+03,0.00000E+03,0.00000E+03,0.00000E+03,0.00000E+03,1.15232E+03,0.00000E+03,0.00000E+03,0.00000E+03,0.00000E+03,0.00000E+03,0.47786E+03,0.00000E+03,0.00000E+03,0.00000E+03,0.00000E+03,0.00000E+03,0.90996E+00,0.00000E+00,0.00000E+00,0.87980E+00,0.27508E+00,0.64443E+00,0.000E+00,-129.986E+00,177.732E+00,151.618E+00,155.981E+00,-52.146E+00,24.500E+00,90.000E+00,90.000E+00,0.00000E+00,0.00000E+00,0.00000E+00,99.162E+00,100.000E+00,100.000E+00,0.00878E+03,0.00000E+03,0.00000E+03,+99999.9E+99,+99999.9E+99,+99999.9E+99,+99999.9E+99,+99999.9E+99,+99999.9E+99,+99999.9E+99,+99999.9E+99,+99999.9E+99,+99999.9E+99,+99999.9E+99,+99999.9E+99,1B00,0,0,0,1B00,76.5067E+00,77.0472E+00,77.0324E+00,76.8621E+00,71.7881E+00,72.7759E+00,72.7475E+00,72.4372E+00,76.5067E+00,77.0472E+00,77.0324E+00,0.0000E+00,0.0000E+00,0.0000E+00,73.0582E+00,73.0496E+00,72.9585E+00,105.899E+00,106.006E+00,105.791E+00,-104.171E+00,-105.331E+00,-104.500E+00,15.477E+00,15.293E+00,15.292E+00,+99999.9E+99,+99999.9E+99,+99999.9E+99,0.091E+00,11.6743E+00,11.4630E+00,11.2512E+00,11.4628E+00,10.0176E+00,9.8970E+00,9.5952E+00,9.8366E+00,11.6735E+00,11.4566E+00,11.2390E+00,-0.1393E+00,-0.3836E+00,0.5241E+00,5.2314E+00,5.1525E+00,5.5332E+00,27.6443E+00,27.0819E+00,28.5443E+00,-26.3948E+00,-27.2648E+00,-26.0976E+00,58.451E+00,57.717E+00,53.557E+00,+99999.9E+99,+99999.9E+99,+99999.9E+99,3.238E+00,0.35728E+03,0.33936E+03,0.34314E+03,1.03979E+03,0.18602E+03,0.19200E+03,0.19836E+03,0.57638E+03,0.52081E+03,0.51108E+03,0.50454E+03,1.53644E+03,0.21507E+03,0.21513E+03,0.22545E+03,0.65547E+03,-0.37894E+03,-0.38215E+03,-0.36989E+03,-1.13097E+03,-0.10795E+03,-0.09703E+03,-0.10714E+03,-0.31212E+03,-0.68601E+00,-0.66401E+00,-0.68011E+00,-0.67675E+00,-0.86491E+00,-0.89251E+00,-0.87985E+00,-0.87934E+00,0.000E+00,120.084E+00,-119.967E+00,60.121E+00,176.855E+00,-61.546E+00,-46.685E+00,-48.394E+00,-47.148E+00,-47.410E+00,201.974E+00,201.372E+00,201.385E+00,93.292E+00,+99999.9E+99,+99999.9E+99,0.00007E+06,-0.00063E+06,0.00000E+00,12.244E+00,0.757E+03,0.00097E+06,43.813E+00,F0F08
2021/11/30,17:34:11,00000:00:36,300,38003F00,2D00,3F00,3F00,3F00,99.988E+00,0.000E+00,0.000E+00,111.057E+00,0.000E+00,0.000E+00,0.514E+00,0.000E+00,0.000E+00,99.987E+00,0.000E+00,0.000E+00,0.000E+00,0.000E+00,0.000E+00,101.036E+00,0.000E+00,0.000E+00,98.779E+00,0.000E+00,0.000E+00,32.596E+00,+99999.9E+99,436.310E+00,1.129E+00,+99999.9E+99,+99999.9E+99,11.5246E+00,0.00000E+00,0.00000E+00,11.6724E+00,0.00000E+00,0.00000E+00,4.7308E+00,0.00000E+00,0.00000E+00,10.5088E+00,0.00000E+00,0.00000E+00,4.4854E+00,0.00000E+00,0.00000E+00,18.2336E+00,0.0000E+00,0.0000E+00,3.5419E+00,0.0000E+00,0.0000E+00,35.506E+00,+99999.9E+99,+99999.9E+99,69.901E+00,+99999.9E+99,+99999.9E+99,1.04857E+03,0.00000E+03,0.00000E+03,0.00000E+03,0.00000E+03,0.00000E+03,1.15232E+03,0.00000E+03,0.00000E+03,0.00000E+03,0.00000E+03,0.00000E+03,0.47786E+03,0.00000E+03,0.00000E+03,0.00000E+03,0.00000E+03,0.00000E+03,0.90996E+00,0.00000E+00,0.00000E+00,0.93559E+00,0.22895E+00,0.61888E+00,0.000E+00,-62.845E+00,170.008E+00,159.324E+00,40.390E+00,-61.758E+00,24.500E+00,90.000E+00,90.000E+00,0.00000E+00,0.00000E+00,0.00000E+00,123.433E+00,100.000E+00,100.000E+00,-0.24571E+03,0.00000E+03,0.00000E+03,+99999.9E+99,+99999.9E+99,+99999.9E+99,+99999.9E+99,+99999.9E+99,+99999.9E+99,+99999.9E+99,+99999.9E+99,+99999.9E+99,+99999.9E+99,+99999.9E+99,+99999.9E+99,1B00,0,0,0,1B00,77.2109E+00,77.2381E+00,77.0003E+00,77.1498E+00,72.2199E+00,72.4567E+00,71.8912E+00,72.1893E+00,77.2109E+00,77.2381E+00,77.0002E+00,0.0000E+00,0.0000E+00,0.0000E+00,71.0674E+00,71.7006E+00,71.5017E+00,105.416E+00,105.744E+00,105.513E+00,-105.564E+00,-105.040E+00,-104.684E+00,30.309E+00,30.589E+00,30.442E+00,+99999.9E+99,+99999.9E+99,+99999.9E+99,0.517E+00,13.5975E+00,13.1518E+00,13.5547E+00,13.4347E+00,12.5212E+00,12.0854E+00,12.4533E+00,12.3533E+00,13.5964E+00,13.1518E+00,13.5534E+00,-0.1730E+00,0.0000E+00,0.1919E+00,12.4051E+00,11.3433E+00,11.4724E+00,27.6495E+00,27.1386E+00,28.7024E+00,-26.5905E+00,-26.7095E+00,-26.8871E+00,41.047E+00,44.061E+00,44.124E+00,+99999.9E+99,+99999.9E+99,+99999.9E+99,5.595E+00,0.42915E+03,0.42070E+03,0.44443E+03,1.29428E+03,0.44543E+03,0.39874E+03,0.42375E+03,1.26792E+03,0.61279E+03,0.59262E+03,0.60947E+03,1.81488E+03,0.49974E+03,0.46183E+03,0.46464E+03,1.42490E+03,-0.43743E+03,-0.41738E+03,-0.41706E+03,-1.27186E+03,-0.22658E+03,-0.23300E+03,-0.19057E+03,-0.65015E+03,-0.70032E+00,-0.70991E+00,-0.72921E+00,-0.71315E+00,-0.89131E+00,-0.86340E+00,-0.91202E+00,-0.88984E+00,0.000E+00,119.896E+00,-119.618E+00,57.251E+00,-179.898E+00,-65.600E+00,-45.547E+00,-44.773E+00,-43.180E+00,-44.508E+00,201.361E+00,202.196E+00,201.899E+00,89.421E+00,+99999.9E+99,+99999.9E+99,0.00014E+06,-0.00074E+06,0.00000E+00,14.592E+00,0.757E+03,0.00116E+06,43.577E+00,F0F08
2021/11/30,17:34:11,00000:00:36,350,38003F00,2800,3B00,3B00,3F00,99.843E+00,0.000E+00,0.000E+00,110.896E+00,0.000E+00,0.000E+00,0.539E+00,0.000E+00,0.000E+00,99.841E+00,0.000E+00,0.000E+00,0.000E+00,0.000E+00,0.000E+00,101.004E+00,0.000E+00,0.000E+00,98.779E+00,0.000E+00,0.000E+00,32.596E+00,+99999.9E+99,436.310E+00,1.114E+00,+99999.9E+99,+99999.9E+99,12.7804E+00,0.00000E+00,0.00000E+00,13.3317E+00,0.00000E+00,0.00000E+00,4.3902E+00,0.00000E+00,0.00000E+00,12.0027E+00,0.00000E+00,0.00000E+00,4.4854E+00,0.00000E+00,0.00000E+00,18.2833E+00,0.0000E+00,0.0000E+00,3.7674E+00,0.0000E+00,0.0000E+00,35.506E+00,+99999.9E+99,+99999.9E+99,60.469E+00,+99999.9E+99,+99999.9E+99,1.19625E+03,0.00000E+03,0.00000E+03,0.00000E+03,0.00000E+03,0.00000E+03,1.27603E+03,0.00000E+03,0.00000E+03,0.00000E+03,0.00000E+03,0.00000E+03,0.44413E+03,0.00000E+03,0.00000E+03,0.00000E+03,0.00000E+03,0.00000E+03,0.93748E+00,0.00000E+00,0.00000E+00,0.93559E+00,0.22895E+00,0.61888E+00,0.000E+00,-62.845E+00,170.008E+00,159.324E+00,40.390E+00,-61.758E+00,20.368E+00,90.000E+00,90.000E+00,15.5910E+00,0.00000E+00,0.00000E+00,60.970E+00,100.000E+00,100.000E+00,0.46689E+03,0.00000E+03,0.00000E+03,+99999.9E+99,+99999.9E+99,+99999.9E+99,+99999.9E+99,+99999.9E+99,+99999.9E+99,+99999.9E+99,+99999.9E+99,+99999.9E+99,+99999.9E+99,+99999.9E+99,+99999.9E+99,1B00,0,0,0,1B00,76.2630E+00,76.6196E+00,76.4962E+00,76.4596E+00,72.0494E+00,72.7184E+00,72.4869E+00,72.4182E+00,76.2630E+00,76.6196E+00,76.4962E+00,0.0000E+00,0.0000E+00,0.0000E+00,71.3009E+00,71.1919E+00,71.0230E+00,105.793E+00,106.167E+00,105.744E+00,-104.173E+00,-104.649E+00,-104.419E+00,31.910E+00,31.180E+00,31.769E+00,+99999.9E+99,+99999.9E+99,+99999.9E+99,0.235E+00,7.9365E+00,7.9145E+00,7.8106E+00,7.8872E+00,7.0526E+00,7.0448E+00,6.9387E+00,7.0120E+00,7.9358E+00,7.9129E+00,7.8062E+00,-0.1028E+00,-0.1589E+00,0.2628E+00,11.7395E+00,11.7461E+00,12.3572E+00,21.6324E+00,20.4952E+00,20.2248E+00,-18.6076E+00,-19.1081E+00,-19.0533E+00,45.125E+00,43.971E+00,41.967E+00,+99999.9E+99,+99999.9E+99,+99999.9E+99,3.423E+00,0.24494E+03,0.24006E+03,0.24435E+03,0.72936E+03,0.40437E+03,0.42557E+03,0.43239E+03,1.26233E+03,0.35066E+03,0.35009E+03,0.34640E+03,1.04714E+03,0.47118E+03,0.47911E+03,0.49764E+03,1.44745E+03,-0.25092E+03,-0.25482E+03,-0.24553E+03,-0.75127E+03,-0.24185E+03,-0.22007E+03,-0.24634E+03,-0.70826E+03,-0.69853E+00,-0.68572E+00,-0.70541E+00,-0.69652E+00,-0.85821E+00,-0.88826E+00,-0.86888E+00,-0.87211E+00,0.000E+00,120.209E+00,-119.978E+00,60.828E+00,177.476E+00,-60.173E+00,-45.691E+00,-46.708E+00,-45.137E+00,-45.851E+00,202.387E+00,201.690E+00,201.991E+00,95.898E+00,+99999.9E+99,+99999.9E+99,0.00003E+06,-0.00046E+06,0.00000E+00,8.834E+00,0.756E+03,0.00070E+06,43.961E+00,F0F08
2021/11/30,17:34:11,00000:00:36,400,38003F00,0,1B00,1B00,3F00,99.953E+00,0.000E+00,0.000E+00,111.019E+00,0.000E+00,0.000E+00,0.498E+00,0.000E+00,0.000E+00,99.952E+00,0.000E+00,0.000E+00,0.000E+00,0.000E+00,0.000E+00,100.932E+00,0.000E+00,0.000E+00,98.871E+00,0.000E+00,0.000E+00,23.806E+00,472.146E+00,+99999.9E+99,1.031E+00,+99999.9E+99,+99999.9E+99,11.4594E+00,0.00000E+00,0.00000E+00,11.6883E+00,0.00000E+00,0.00000E+00,4.5365E+00,0.00000E+00,0.00000E+00,10.5231E+00,0.00000E+00,0.00000E+00,4.4838E+00,0.00000E+00,0.00000E+00,18.1467E+00,0.0000E+00,0.0000E+00,4.1667E+00,0.0000E+00,0.0000E+00,10.651E+00,+99999.9E+99,+99999.9E+99,66.425E+00,+99999.9E+99,+99999.9E+99,1.04978E+03,0.00000E+03,0.00000E+03,0.00000E+03,0.00000E+03,0.00000E+03,1.14540E+03,0.00000E+03,0.00000E+03,0.00000E+03,0.00000E+03,0.00000E+03,0.45814E+03,0.00000E+03,0.00000E+03,0.00000E+03,0.00000E+03,0.00000E+03,0.91652E+00,0.00000E+00,0.00000E+00,0.89471E+00,0.61455E+00,0.56493E+00,0.000E+00,-88.764E+00,154.341E+00,153.471E+00,143.316E+00,-150.057E+00,23.577E+00,90.000E+00,90.000E+00,12.2637E+00,0.00000E+00,0.00000E+00,106.884E+00,100.000E+00,100.000E+00,-0.07227E+03,0.00000E+03,0.00000E+03,+99999.9E+99,+99999.9E+99,+99999.9E+99,+99999.9E+99,+99999.9E+99,+99999.9E+99,+99999.9E+99,+99999.9E+99,+99999.9E+99,+99999.9E+99,+99999.9E+99,+99999.9E+99,1B00,0,0,0,1B00,76.7697E+00,77.0689E+00,76.9751E+00,76.9379E+00,72.0055E+00,72.6613E+00,72.4111E+00,72.3593E+00,76.7697E+00,77.0689E+00,76.9751E+00,0.0000E+00,0.0000E+00,0.0000E+00,73.0327E+00,73.2642E+00,73.1279E+00,105.790E+00,106.096E+00,105.801E+00,-104.484E+00,-104.950E+00,-104.914E+00,13.741E+00,13.884E+00,14.057E+00,+99999.9E+99,+99999.9E+99,+99999.9E+99,0.185E+00,12.3314E+00,11.9244E+00,12.0744E+00,12.1101E+00,10.8771E+00,10.5539E+00,10.5359E+00,10.6556E+00,12.3301E+00,11.9222E+00,12.0673E+00,-0.1813E+00,-0.2304E+00,0.4129E+00,4.9100E+00,4.4856E+00,4.5870E+00,27.6619E+00,27.2552E+00,28.0829E+00,-26.6886E+00,-26.9214E+00,-26.2486E+00,57.631E+00,61.665E+00,59.711E+00,+99999.9E+99,+99999.9E+99,+99999.9E+99,4.314E+00,0.38090E+03,0.36441E+03,0.37674E+03,1.12205E+03,0.17430E+03,0.16069E+03,0.17193E+03,0.50691E+03,0.55220E+03,0.53335E+03,0.54125E+03,1.62680E+03,0.20041E+03,0.18667E+03,0.19181E+03,0.57861E+03,-0.39980E+03,-0.38945E+03,-0.38861E+03,-1.17785E+03,-0.09893E+03,-0.09500E+03,-0.08505E+03,-0.27898E+03,-0.68978E+00,-0.68325E+00,-0.69606E+00,-0.68973E+00,-0.86968E+00,-0.86081E+00,-0.89632E+00,-0.87609E+00,0.000E+00,120.021E+00,-119.832E+00,59.682E+00,-179.450E+00,-63.552E+00,-46.387E+00,-46.902E+00,-45.888E+00,-46.391E+00,201.077E+00,201.769E+00,201.532E+00,91.417E+00,+99999.9E+99,+99999.9E+99,0.00010E+06,-0.00066E+06,0.00000E+00,12.950E+00,0.756E+03,0.00103E+06,43.576E+00,F0F0F
2021/11/30,17:34:11,00000:00:36,450,38003F00,700,1C00,1C00,3800,99.953E+00,0.000E+00,0.000E+00,111.019E+00,0.000E+00,0.000E+00,0.498E+00,0.000E+00,0.000E+00,99.952E+00,0.000E+00,0.000E+00,0.000E+00,0.000E+00,0.000E+00,100.932E+00,0.000E+00,0.000E+00,98.871E+00,0.000E+00,0.000E+00,25.135E+00,+99999.9E+99,494.148E+00,1.031E+00,+99999.9E+99,+99999.9E+99,11.4594E+00,0.00000E+00,0.00000E+00,11.6883E+00,0.00000E+00,0.00000E+00,4.5365E+00,0.00000E+00,0.00000E+00,10.5231E+00,0.00000E+00,0.00000E+00,4.5106E+00,0.00000E+00,0.00000E+00,18.1467E+00,0.0000E+00,0.0000E+00,4.1667E+00,0.0000E+00,0.0000E+00,11.601E+00,+99999.9E+99,+99999.9E+99,66.425E+00,+99999.9E+99,+99999.9E+99,1.04978E+03,0.00000E+03,0.00000E+03,0.00000E+03,0.00000E+03,0.00000E+03,1.14540E+03,0.00000E+03,0.00000E+03,0.00000E+03,0.00000E+03,0.00000E+03,0.45814E+03,0.00000E+03,0.00000E+03,0.00000E+03,0.00000E+03,0.00000E+03,0.91652E+00,0.00000E+00,0.00000E+00,0.90765E+00,0.32174E+00,0.82930E+00,0.000E+00,178.399E+00,108.213E+00,155.182E+00,69.631E+00,74.239E+00,23.577E+00,90.000E+00,90.000E+00,12.2637E+00,0.00000E+00,0.00000E+00,123.811E+00,100.000E+00,100.000E+00,-0.24996E+03,0.00000E+03,0.00000E+03,+99999.9E+99,+99999.9E+99,+99999.9E+99,+99999.9E+99,+99999.9E+99,+99999.9E+99,+99999.9E+99,+99999.9E+99,+99999.9E+99,+99999.9E+99,+99999.9E+99,+99999.9E+99,1B00,0,0,0,1B00,77.2038E+00,77.2299E+00,76.9859E+00,77.1399E+00,72.2237E+00,72.4483E+00,71.8762E+00,72.1827E+00,77.2038E+00,77.2299E+00,76.9859E+00,0.0000E+00,0.0000E+00,0.0000E+00,70.0958E+00,70.4933E+00,70.4391E+00,105.400E+00,105.724E+00,105.509E+00,-104.166E+00,-104.857E+00,-104.546E+00,37.388E+00,37.343E+00,37.247E+00,+99999.9E+99,+99999.9E+99,+99999.9E+99,0.357E+00,13.6313E+00,13.1956E+00,13.5862E+00,13.4710E+00,12.5550E+00,12.1296E+00,12.4838E+00,12.3894E+00,13.6304E+00,13.1956E+00,13.5848E+00,-0.1577E+00,0.0000E+00,0.1902E+00,15.0310E+00,14.4101E+00,14.4303E+00,27.5548E+00,27.1386E+00,28.7905E+00,-26.5881E+00,-26.9043E+00,-26.9033E+00,39.279E+00,40.832E+00,40.529E+00,+99999.9E+99,+99999.9E+99,+99999.9E+99,2.938E+00,0.43115E+03,0.42276E+03,0.44583E+03,1.29974E+03,0.53461E+03,0.50324E+03,0.52357E+03,1.56143E+03,0.61415E+03,0.59455E+03,0.61081E+03,1.81951E+03,0.60735E+03,0.58063E+03,0.58639E+03,1.77392E+03,-0.43736E+03,-0.41804E+03,-0.41753E+03,-1.27293E+03,-0.28820E+03,-0.28961E+03,-0.26406E+03,-0.84187E+03,-0.70203E+00,-0.71107E+00,-0.72989E+00,-0.71434E+00,-0.88025E+00,-0.86672E+00,-0.89287E+00,-0.88021E+00,0.000E+00,119.865E+00,-119.785E+00,58.516E+00,179.757E+00,-63.182E+00,-45.410E+00,-44.678E+00,-43.123E+00,-44.411E+00,202.070E+00,201.541E+00,201.727E+00,89.662E+00,+99999.9E+99,+99999.9E+99,0.00013E+06,-0.00074E+06,0.00000E+00,14.698E+00,0.757E+03,0.00117E+06,43.798E+00,F0F08
2021/11/30,17:34:11,00000:00:36,500,38003F00,500,1F00,1F00,3F00,99.953E+00,0.000E+00,0.000E+00,111.019E+00,0.000E+00,0.000E+00,0.498E+00,0.000E+00,0.000E+00,99.952E+00,0.000E+00,0.000E+00,0.000E+00,0.000E+00,0.000E+00,100.932E+00,0.000E+00,0.000E+00,98.871E+00,0.000E+00,0.000E+00,25.135E+00,+99999.9E+99,494.148E+00,1.031E+00,+99999.9E+99,+99999.9E+99,11.4594E+00,0.00000E+00,0.00000E+00,11.6883E+00,0.00000E+00,0.00000E+00,4.5365E+00,0.00000E+00,0.00000E+00,10.5231E+00,0.00000E+00,0.00000E+00,4.5106E+00,0.00000E+00,0.00000E+00,18.1467E+00,0.0000E+00,0.0000E+00,4.1667E+00,0.0000E+00,0.0000E+00,11.601E+00,+99999.9E+99,+99999.9E+99,66.425E+00,+99999.9E+99,+99999.9E+99,1.04978E+03,0.00000E+03,0.00000E+03,0.00000E+03,0.00000E+03,0.00000E+03,1.14540E+03,0.00000E+03,0.00000E+03,0.00000E+03,0.00000E+03,0.00000E+03,0.45814E+03,0.00000E+03,0.00000E+03,0.00000E+03,0.00000E+03,0.00000E+03,0.91652E+00,0.00000E+00,0.00000E+00,0.90765E+00,0.32174E+00,0.82930E+00,0.000E+00,178.399E+00,108.213E+00,155.182E+00,69.631E+00,74.239E+00,23.577E+00,90.000E+00,90.000E+00,12.2637E+00,0.00000E+00,0.00000E+00,74.402E+00,100.000E+00,100.000E+00,0.26872E+03,0.00000E+03,0.00000E+03,+99999.9E+99,+99999.9E+99,+99999.9E+99,+99999.9E+99,+99999.9E+99,+99999.9E+99,+99999.9E+99,+99999.9E+99,+99999.9E+99,+99999.9E+99,+99999.9E+99,+99999.9E+99,1B00,0,0,0,1B00,76.2613E+00,76.6723E+00,76.4980E+00,76.4772E+00,72.1616E+00,72.9201E+00,72.6088E+00,72.5635E+00,76.2613E+00,76.6723E+00,76.4980E+00,0.0000E+00,0.0000E+00,0.0000E+00,71.8975E+00,71.7403E+00,71.6829E+00,105.819E+00,106.056E+00,105.847E+00,-104.720E+00,-104.697E+00,-104.554E+00,27.231E+00,26.244E+00,26.938E+00,+99999.9E+99,+99999.9E+99,+99999.9E+99,0.177E+00,8.2838E+00,8.2342E+00,8.1855E+00,8.2345E+00,7.3777E+00,7.3497E+00,7.2823E+00,7.3366E+00,8.2830E+00,8.2334E+00,8.1821E+00,-0.1152E+00,-0.1176E+00,0.2337E+00,9.7548E+00,9.9350E+00,10.2708E+00,22.3386E+00,20.7733E+00,20.5290E+00,-18.7229E+00,-18.9167E+00,-20.0176E+00,48.328E+00,45.922E+00,44.440E+00,+99999.9E+99,+99999.9E+99,+99999.9E+99,4.178E+00,0.26178E+03,0.25686E+03,0.26243E+03,0.78106E+03,0.33710E+03,0.36058E+03,0.36417E+03,1.06185E+03,0.36633E+03,0.36475E+03,0.36355E+03,1.09464E+03,0.39185E+03,0.40313E+03,0.41983E+03,1.21425E+03,-0.25627E+03,-0.25897E+03,-0.25160E+03,-0.76684E+03,-0.19979E+03,-0.18028E+03,-0.20889E+03,-0.58896E+03,-0.71459E+00,-0.70421E+00,-0.72184E+00,-0.71354E+00,-0.86027E+00,-0.89443E+00,-0.86743E+00,-0.87449E+00,0.000E+00,120.127E+00,-120.043E+00,60.582E+00,176.663E+00,-60.104E+00,-44.390E+00,-45.235E+00,-43.794E+00,-44.477E+00,201.662E+00,201.956E+00,202.050E+00,95.010E+00,+99999.9E+99,+99999.9E+99,0.00004E+06,-0.00049E+06,0.00000E+00,9.373E+00,0.756E+03,0.00074E+06,43.763E+00,F0F08
2021/11/30,17:34:11,00000:00:36,550,38003F00,700,1F00,1F00,3F00,99.953E+00,0.000E+00,0.000E+00,111.019E+00,0.000E+00,0.000E+00,0.498E+00,0.000E+00,0.000E+00,99.952E+00,0.000E+00,0.000E+00,0.000E+00,0.000E+00,0.000E+00,100.932E+00,0.000E+00,0.000E+00,98.871E+00,0.000E+00,0.000E+00,25.135E+00,+99999.9E+99,494.148E+00,1.031E+00,+99999.9E+99,+99999.9E+99,11.4594E+00,0.00000E+00,0.00000E+00,11.6883E+00,0.00000E+00,0.00000E+00,4.5365E+00,0.00000E+00,0.00000E+00,10.5231E+00,0.00000E+00,0.00000E+00,4.5106E+00,0.00000E+00,0.00000E+00,18.1467E+00,0.0000E+00,0.0000E+00,4.1667E+00,0.0000E+00,0.0000E+00,11.601E+00,+99999.9E+99,+99999.9E+99,66.425E+00,+99999.9E+99,+99999.9E+99,1.04978E+03,0.00000E+03,0.00000E+03,0.00000E+03,0.00000E+03,0.00000E+03,1.14540E+03,0.00000E+03,0.00000E+03,0.00000E+03,0.00000E+03,0.00000E+03,0.45814E+03,0.00000E+03,0.00000E+03,0.00000E+03,0.00000E+03,0.00000E+03,0.91652E+00,0.00000E+00,0.00000E+00,0.90765E+00,0.32174E+00,0.82930E+00,0.000E+00,178.399E+00,108.213E+00,155.182E+00,69.631E+00,74.239E+00,23.577E+00,90.000E+00,90.000E+00,12.2637E+00,0.00000E+00,0.00000E+00,120.562E+00,100.000E+00,100.000E+00,-0.21585E+03,0.00000E+03,0.00000E+03,+99999.9E+99,+99999.9E+99,+99999.9E+99,+99999.9E+99,+99999.9E+99,+99999.9E+99,+99999.9E+99,+99999.9E+99,+99999.9E+99,+99999.9E+99,+99999.9E+99,+99999.9E+99,1B00,0,0,0,1B00,77.0715E+00,77.1817E+00,77.1062E+00,77.1198E+00,72.1545E+00,72.5523E+00,72.2801E+00,72.3290E+00,77.0715E+00,77.1817E+00,77.1062E+00,0.0000E+00,0.0000E+00,0.0000E+00,72.7166E+00,73.1063E+00,72.9899E+00,105.804E+00,106.120E+00,105.644E+00,-104.677E+00,-104.617E+00,-103.897E+00,16.441E+00,16.634E+00,16.935E+00,+99999.9E+99,+99999.9E+99,+99999.9E+99,0.323E+00,13.4440E+00,12.9821E+00,13.1756E+00,13.2006E+00,12.2467E+00,11.7786E+00,11.8419E+00,11.9557E+00,13.4427E+00,12.9785E+00,13.1666E+00,-0.1849E+00,-0.3017E+00,0.4876E+00,6.4841E+00,5.8356E+00,5.7102E+00,27.6471E+00,27.2819E+00,28.6148E+00,-26.6352E+00,-26.8686E+00,-26.7024E+00,49.349E+00,53.711E+00,54.748E+00,+99999.9E+99,+99999.9E+99,+99999.9E+99,6.721E+00,0.43010E+03,0.40914E+03,0.42640E+03,1.26564E+03,0.23379E+03,0.20507E+03,0.21964E+03,0.65850E+03,0.60546E+03,0.58327E+03,0.59198E+03,1.78071E+03,0.26066E+03,0.23644E+03,0.23814E+03,0.73433E+03,-0.42615E+03,-0.41570E+03,-0.41063E+03,-1.25248E+03,-0.11526E+03,-0.11769E+03,-0.09203E+03,-0.32498E+03,-0.71036E+00,-0.70146E+00,-0.72030E+00,-0.71075E+00,-0.89692E+00,-0.86731E+00,-0.92232E+00,-0.89674E+00,0.000E+00,119.927E+00,-119.766E+00,56.424E+00,179.725E+00,-67.159E+00,-44.736E+00,-45.456E+00,-43.921E+00,-44.704E+00,201.711E+00,201.337E+00,201.530E+00,90.962E+00,+99999.9E+99,+99999.9E+99,0.00011E+06,-0.00074E+06,0.00000E+00,14.526E+00,0.757E+03,0.00115E+06,43.719E+00,F0F08
2021/11/30,17:34:11,00000:00:36,600,38003F00,500,1F00,1F00,3F00,99.953E+00,0.000E+00,0.000E+00,111.019E+00,0.000E+00,0.000E+00,0.498E+00,0.000E+00,0.000E+00,99.952E+00,0.000E+00,0.000E+00,0.000E+00,0.000E+00,0.000E+00,100.932E+00,0.000E+00,0.000E+00,98.871E+00,0.000E+00,0.000E+00,65.379E+00,+99999.9E+99,+99999.9E+99,1.031E+00,+99999.9E+99,+99999.9E+99,11.4594E+00,0.00000E+00,0.00000E+00,11.6883E+00,0.00000E+00,0.00000E+00,4.5365E+00,0.00000E+00,0.00000E+00,10.5231E+00,0.00000E+00,0.00000E+00,4.0341E+00,0.00000E+00,0.00000E+00,18.1467E+00,0.0000E+00,0.0000E+00,4.1667E+00,0.0000E+00,0.0000E+00,47.325E+00,+99999.9E+99,+99999.9E+99,66.425E+00,+99999.9E+99,+99999.9E+99,1.04978E+03,0.00000E+03,0.00000E+03,0.00000E+03,0.00000E+03,0.00000E+03,1.14540E+03,0.00000E+03,0.00000E+03,0.00000E+03,0.00000E+03,0.00000E+03,0.45814E+03,0.00000E+03,0.00000E+03,0.00000E+03,0.00000E+03,0.00000E+03,0.91652E+00,0.00000E+00,0.00000E+00,0.89361E+00,0.93577E+00,0.02083E+00,0.000E+00,-108.396E+00,151.987E+00,153.331E+00,-129.042E+00,-119.207E+00,23.577E+00,90.000E+00,90.000E+00,12.2637E+00,0.00000E+00,0.00000E+00,104.110E+00,100.000E+00,100.000E+00,-0.04314E+03,0.00000E+03,0.00000E+03,+99999.9E+99,+99999.9E+99,+99999.9E+99,+99999.9E+99,+99999.9E+99,+99999.9E+99,+99999.9E+99,+99999.9E+99,+99999.9E+99,+99999.9E+99,+99999.9E+99,+99999.9E+99,1B00,0,0,0,1B00,76.7418E+00,77.0785E+00,76.8380E+00,76.8861E+00,72.0262E+00,72.6537E+00,72.2003E+00,72.2934E+00,76.7418E+00,77.0785E+00,76.8380E+00,0.0000E+00,0.0000E+00,0.0000E+00,70.0141E+00,70.2368E+00,70.1575E+00,105.453E+00,105.871E+00,105.504E+00,-104.100E+00,-104.726E+00,-104.360E+00,39.029E+00,38.832E+00,38.866E+00,+99999.9E+99,+99999.9E+99,+99999.9E+99,0.194E+00,11.9619E+00,11.7975E+00,12.0753E+00,11.9449E+00,10.4670E+00,10.3969E+00,10.5862E+00,10.4833E+00,11.9613E+00,11.7975E+00,12.0753E+00,-0.1228E+00,0.0000E+00,0.0000E+00,15.4071E+00,14.9948E+00,15.1853E+00,27.6495E+00,27.1348E+00,28.4719E+00,-26.3433E+00,-27.1010E+00,-26.3195E+00,39.390E+00,40.373E+00,39.480E+00,+99999.9E+99,+99999.9E+99,+99999.9E+99,1.664E+00,0.35861E+03,0.36095E+03,0.37336E+03,1.09292E+03,0.54404E+03,0.52775E+03,0.54430E+03,1.61609E+03,0.53446E+03,0.52835E+03,0.54172E+03,1.60453E+03,0.62185E+03,0.60481E+03,0.61434E+03,1.84085E+03,-0.39629E+03,-0.38583E+03,-0.39251E+03,-1.17463E+03,-0.30118E+03,-0.29542E+03,-0.28486E+03,-0.88147E+03,-0.67098E+00,-0.68317E+00,-0.68921E+00,-0.68115E+00,-0.87488E+00,-0.87259E+00,-0.88599E+00,-0.87790E+00,0.000E+00,119.964E+00,-119.858E+00,59.076E+00,179.167E+00,-62.303E+00,-47.857E+00,-46.908E+00,-46.432E+00,-47.066E+00,201.936E+00,202.334E+00,201.817E+00,90.472E+00,+99999.9E+99,+99999.9E+99,0.00010E+06,-0.00063E+06,0.00000E+00,12.472E+00,0.757E+03,0.00099E+06,43.763E+00,F0F08
2021/11/30,17:34:11,00000:00:36,650,38003A00,2A00,3800,3800,3800,99.858E+00,0.000E+00,0.000E+00,110.913E+00,0.000E+00,0.000E+00,0.501E+00,0.000E+00,0.000E+00,99.857E+00,0.000E+00,0.000E+00,0.000E+00,0.000E+00,0.000E+00,100.911E+00,0.000E+00,0.000E+00,98.782E+00,0.000E+00,0.000E+00,65.379E+00,+99999.9E+99,+99999.9E+99,1.066E+00,+99999.9E+99,+99999.9E+99,12.1626E+00,0.00000E+00,0.00000E+00,12.4914E+00,0.00000E+00,0.00000E+00,4.6316E+00,0.00000E+00,0.00000E+00,11.2462E+00,0.00000E+00,0.00000E+00,4.0341E+00,0.00000E+00,0.00000E+00,18.3021E+00,0.0000E+00,0.0000E+00,4.0686E+00,0.0000E+00,0.0000E+00,47.325E+00,+99999.9E+99,+99999.9E+99,63.281E+00,+99999.9E+99,+99999.9E+99,1.12092E+03,0.00000E+03,0.00000E+03,0.00000E+03,0.00000E+03,0.00000E+03,1.21454E+03,0.00000E+03,0.00000E+03,0.00000E+03,0.00000E+03,0.00000E+03,0.46760E+03,0.00000E+03,0.00000E+03,0.00000E+03,0.00000E+03,0.00000E+03,0.92292E+00,0.00000E+00,0.00000E+00,0.89361E+00,0.93577E+00,0.02083E+00,0.000E+00,-108.396E+00,151.987E+00,153.331E+00,-129.042E+00,-119.207E+00,22.644E+00,90.000E+00,90.000E+00,0.00000E+00,0.00000E+00,0.00000E+00,76.774E+00,100.000E+00,100.000E+00,0.26034E+03,0.00000E+03,0.00000E+03,+99999.9E+99,+99999.9E+99,+99999.9E+99,+99999.9E+99,+99999.9E+99,+99999.9E+99,+99999.9E+99,+99999.9E+99,+99999.9E+99,+99999.9E+99,+99999.9E+99,+99999.9E+99,1B00,0,0,0,1B00,76.5696E+00,76.6137E+00,76.5715E+00,76.5849E+00,72.4665E+00,72.7761E+00,72.5397E+00,72.5941E+00,76.5695E+00,76.6137E+00,76.5715E+00,0.0000E+00,0.0000E+00,0.0000E+00,72.8772E+00,72.6941E+00,72.6332E+00,105.716E+00,106.121E+00,105.827E+00,-105.046E+00,-104.660E+00,-104.156E+00,18.496E+00,18.067E+00,18.060E+00,+99999.9E+99,+99999.9E+99,+99999.9E+99,0.201E+00,9.6085E+00,9.0835E+00,9.2134E+00,9.3018E+00,8.3070E+00,7.8717E+00,7.9012E+00,8.0267E+00,9.6073E+00,9.0797E+00,9.2041E+00,-0.1515E+00,-0.2620E+00,0.4144E+00,6.1231E+00,6.4540E+00,6.8424E+00,26.2833E+00,24.1600E+00,25.1248E+00,-26.7057E+00,-25.3362E+00,-22.4671E+00,57.036E+00,52.601E+00,49.934E+00,+99999.9E+99,+99999.9E+99,+99999.9E+99,4.935E+00,0.29523E+03,0.27527E+03,0.29007E+03,0.86058E+03,0.21950E+03,0.23731E+03,0.24047E+03,0.69728E+03,0.42765E+03,0.40305E+03,0.40868E+03,1.23938E+03,0.25473E+03,0.26323E+03,0.27627E+03,0.79371E+03,-0.30939E+03,-0.29441E+03,-0.28788E+03,-0.89169E+03,-0.12927E+03,-0.11391E+03,-0.13601E+03,-0.37919E+03,-0.69035E+00,-0.68297E+00,-0.70978E+00,-0.69436E+00,-0.86167E+00,-0.90151E+00,-0.87042E+00,-0.87850E+00,0.000E+00,120.133E+00,-120.061E+00,60.409E+00,175.751E+00,-60.458E+00,-46.342E+00,-46.924E+00,-44.783E+00,-46.024E+00,202.013E+00,201.384E+00,202.111E+00,94.574E+00,+99999.9E+99,+99999.9E+99,0.00005E+06,-0.00054E+06,0.00000E+00,10.278E+00,0.756E+03,0.00081E+06,43.851E+00,F0F08
2021/11/30,17:34:11,00000:00:36,700,38003F00,2D00,3F00,3F00,3F00,99.858E+00,0.000E+00,0.000E+00,110.913E+00,0.000E+00,0.000E+00,0.501E+00,0.000E+00,0.000E+00,99.857E+00,0.000E+00,0.000E+00,0.000E+00,0.000E+00,0.000E+00,100.911E+00,0.000E+00,0.000E+00,98.782E+00,0.000E+00,0.000E+00,36.257E+00,+99999.9E+99,+99999.9E+99,1.066E+00,+99999.9E+99,+99999.9E+99,12.1626E+00,0.00000E+00,0.00000E+00,12.4914E+00,0.00000E+00,0.00000E+00,4.6316E+00,0.00000E+00,0.00000E+00,11.2462E+00,0.00000E+00,0.00000E+00,4.1516E+00,0.00000E+00,0.00000E+00,18.3021E+00,0.0000E+00,0.0000E+00,4.0686E+00,0.0000E+00,0.0000E+00,44.688E+00,+99999.9E+99,+99999.9E+99,63.281E+00,+99999.9E+99,+99999.9E+99,1.12092E+03,0.00000E+03,0.00000E+03,0.00000E+03,0.00000E+03,0.00000E+03,1.21454E+03,0.00000E+03,0.00000E+03,0.00000E+03,0.00000E+03,0.00000E+03,0.46760E+03,0.00000E+03,0.00000E+03,0.00000E+03,0.00000E+03,0.00000E+03,0.92292E+00,0.00000E+00,0.00000E+00,0.93044E+00,0.26684E+00,0.98585E+00,0.000E+00,-178.959E+00,122.288E+00,158.504E+00,75.564E+00,131.936E+00,22.644E+00,90.000E+00,90.000E+00,0.00000E+00,0.00000E+00,0.00000E+00,118.721E+00,100.000E+00,100.000E+00,-0.20985E+03,0.00000E+03,0.00000E+03,+99999.9E+99,+99999.9E+99,+99999.9E+99,+99999.9E+99,+99999.9E+99,+99999.9E+99,+99999.9E+99,+99999.9E+99,+99999.9E+99,+99999.9E+99,+99999.9E+99,+99999.9E+99,1B00,0,0,0,1B00,77.0141E+00,77.4687E+00,77.3254E+00,77.2694E+00,71.6854E+00,72.5133E+00,72.2596E+00,72.1528E+00,77.0141E+00,77.4687E+00,77.3254E+00,0.0000E+00,0.0000E+00,0.0000E+00,71.7130E+00,72.3156E+00,72.1124E+00,105.449E+00,105.986E+00,105.637E+00,-104.281E+00,-104.280E+00,-104.510E+00,25.212E+00,25.505E+00,25.445E+00,+99999.9E+99,+99999.9E+99,+99999.9E+99,0.486E+00,13.7637E+00,13.4827E+00,13.6104E+00,13.6189E+00,12.8714E+00,12.7115E+00,12.6682E+00,12.7504E+00,13.7629E+00,13.4807E+00,13.6053E+00,-0.1395E+00,-0.2323E+00,0.3730E+00,10.1990E+00,9.3128E+00,9.4504E+00,27.2610E+00,27.1300E+00,28.5976E+00,-25.8986E+00,-27.1743E+00,-26.7086E+00,43.807E+00,46.820E+00,47.245E+00,+99999.9E+99,+99999.9E+99,+99999.9E+99,6.985E+00,0.44689E+03,0.43704E+03,0.44683E+03,1.33077E+03,0.37243E+03,0.32476E+03,0.35018E+03,1.04737E+03,0.61965E+03,0.60766E+03,0.61561E+03,1.84292E+03,0.41586E+03,0.37609E+03,0.37975E+03,1.17007E+03,-0.42926E+03,-0.42219E+03,-0.42346E+03,-1.27490E+03,-0.18503E+03,-0.18966E+03,-0.14692E+03,-0.52160E+03,-0.72119E+00,-0.71923E+00,-0.72584E+00,-0.72210E+00,-0.89557E+00,-0.86353E+00,-0.92213E+00,-0.89514E+00,0.000E+00,119.903E+00,-119.640E+00,56.691E+00,-179.901E+00,-67.064E+00,-43.847E+00,-44.009E+00,-43.461E+00,-43.772E+00,201.386E+00,202.191E+00,201.131E+00,90.363E+00,+99999.9E+99,+99999.9E+99,0.00013E+06,-0.00077E+06,0.00000E+00,15.157E+00,0.758E+03,0.00120E+06,43.571E+00,F0F08
2021/11/30,17:34:11,00000:00:36,750,38003F00,2800,3B00,3B00,3F00,100.047E+00,0.000E+00,0.000E+00,111.122E+00,0.000E+00,0.000E+00,0.490E+00,0.000E+00,0.000E+00,100.045E+00,0.000E+00,0.000E+00,0.000E+00,0.000E+00,0.000E+00,100.968E+00,0.000E+00,0.000E+00,98.821E+00,0.000E+00,0.000E+00,36.257E+00,+99999.9E+99,+99999.9E+99,1.073E+00,+99999.9E+99,+99999.9E+99,11.1016E+00,0.00000E+00,0.00000E+00,11.3658E+00,0.00000E+00,0.00000E+00,4.3052E+00,0.00000E+00,0.00000E+00,10.2328E+00,0.00000E+00,0.00000E+00,4.1516E+00,0.00000E+00,0.00000E+00,18.3062E+00,0.0000E+00,0.0000E+00,4.1917E+00,0.0000E+00,0.0000E+00,44.688E+00,+99999.9E+99,+99999.9E+99,68.967E+00,+99999.9E+99,+99999.9E+99,1.02188E+03,0.00000E+03,0.00000E+03,0.00000E+03,0.00000E+03,0.00000E+03,1.11068E+03,0.00000E+03,0.00000E+03,0.00000E+03,0.00000E+03,0.00000E+03,-0.43517E+03,0.00000E+03,0.00000E+03,0.00000E+03,0.00000E+03,0.00000E+03,-0.92005E+00,0.00000E+00,0.00000E+00,0.93044E+00,0.26684E+00,0.98585E+00,0.000E+00,-178.959E+00,122.288E+00,158.504E+00,75.564E+00,131.936E+00,-23.067E+00,90.000E+00,90.000E+00,9.33777E+00,0.00000E+00,0.00000E+00,84.592E+00,100.000E+00,100.000E+00,0.15745E+03,0.00000E+03,0.00000E+03,+99999.9E+99,+99999.9E+99,+99999.9E+99,+99999.9E+99,+99999.9E+99,+99999.9E+99,+99999.9E+99,+99999.9E+99,+99999.9E+99,+99999.9E+99,+99999.9E+99,+99999.9E+99,1B00,0,0,0,1B00,76.7044E+00,76.6733E+00,76.3699E+00,76.5825E+00,72.5380E+00,72.6606E+00,71.9819E+00,72.3935E+00,76.7044E+00,76.6733E+00,76.3699E+00,0.0000E+00,0.0000E+00,0.0000E+00,70.7667E+00,70.6526E+00,70.5052E+00,105.837E+00,106.031E+00,105.791E+00,-104.087E+00,-105.113E+00,-104.294E+00,35.711E+00,35.250E+00,35.673E+00,+99999.9E+99,+99999.9E+99,+99999.9E+99,0.218E+00,9.6231E+00,9.2187E+00,9.8126E+00,9.5515E+00,8.3801E+00,8.0401E+00,8.4294E+00,8.2832E+00,9.6226E+00,9.2187E+00,9.8126E+00,-0.1044E+00,0.0000E+00,0.0000E+00,13.3804E+00,13.4447E+00,13.9806E+00,26.0676E+00,24.4681E+00,26.9214E+00,-25.2014E+00,-22.8548E+00,-26.1162E+00,42.900E+00,42.095E+00,40.277E+00,+99999.9E+99,+99999.9E+99,+99999.9E+99,2.496E+00,0.28262E+03,0.28136E+03,0.30045E+03,0.86443E+03,0.46616E+03,0.48182E+03,0.48976E+03,1.43774E+03,0.42784E+03,0.41028E+03,0.43525E+03,1.27337E+03,0.54145E+03,0.54523E+03,0.56213E+03,1.64851E+03,-0.32121E+03,-0.29860E+03,-0.31492E+03,-0.93472E+03,-0.27544E+03,-0.25518E+03,-0.27591E+03,-0.80653E+03,-0.66057E+00,-0.68578E+00,-0.69029E+00,-0.67885E+00,-0.86094E+00,-0.88371E+00,-0.87125E+00,-0.87214E+00,0.000E+00,120.184E+00,-119.997E+00,60.518E+00,178.028E+00,-60.479E+00,-48.657E+00,-46.703E+00,-46.347E+00,-47.246E+00,202.405E+00,201.725E+00,202.563E+00,92.401E+00,+99999.9E+99,+99999.9E+99,0.00007E+06,-0.00052E+06,0.00000E+00,10.084E+00,0.756E+03,0.00080E+06,43.947E+00,F0F08
2021/11/30,17:34:12,00000:00:36,800,38003F00,0,1B00,1B00,3F00,99.942E+00,0.000E+00,0.000E+00,111.006E+00,0.000E+00,0.000E+00,0.472E+00,0.000E+00,0.000E+00,99.941E+00,0.000E+00,0.000E+00,0.000E+00,0.000E+00,0.000E+00,100.889E+00,0.000E+00,0.000E+00,98.886E+00,0.000E+00,0.000E+00,111.006E+00,471.131E+00,+99999.9E+99,1.002E+00,+99999.9E+99,+99999.9E+99,11.4842E+00,0.00000E+00,0.00000E+00,11.8568E+00,0.00000E+00,0.00000E+00,4.2351E+00,0.00000E+00,0.00000E+00,10.6748E+00,0.00000E+00,0.00000E+00,2.9182E+00,0.00000E+00,0.00000E+00,17.3633E+00,0.0000E+00,0.0000E+00,4.0493E+00,0.0000E+00,0.0000E+00,110.432E+00,+99999.9E+99,+99999.9E+99,62.362E+00,+99999.9E+99,+99999.9E+99,1.06507E+03,0.00000E+03,0.00000E+03,0.00000E+03,0.00000E+03,0.00000E+03,1.14775E+03,0.00000E+03,0.00000E+03,0.00000E+03,0.00000E+03,0.00000E+03,0.42775E+03,0.00000E+03,0.00000E+03,0.00000E+03,0.00000E+03,0.00000E+03,0.92796E+00,0.00000E+00,0.00000E+00,0.81613E+00,0.58913E+00,0.34009E+00,0.000E+00,81.491E+00,139.307E+00,144.699E+00,27.586E+00,29.425E+00,21.881E+00,90.000E+00,90.000E+00,12.6094E+00,0.00000E+00,0.00000E+00,96.749E+00,100.000E+00,100.000E+00,0.03462E+03,0.00000E+03,0.00000E+03,+99999.9E+99,+99999.9E+99,+99999.9E+99,+99999.9E+99,+99999.9E+99,+99999.9E+99,+99999.9E+99,+99999.9E+99,+99999.9E+99,+99999.9E+99,+99999.9E+99,+99999.9E+99,1B00,0,0,0,1B00,76.5013E+00,77.0054E+00,77.0059E+00,76.8375E+00,71.7913E+00,72.7417E+00,72.7298E+00,72.4209E+00,76.5013E+00,77.0054E+00,77.0059E+00,0.0000E+00,0.0000E+00,0.0000E+00,73.1186E+00,73.2076E+00,73.1205E+00,105.777E+00,106.011E+00,105.710E+00,-104.931E+00,-105.177E+00,-104.114E+00,14.005E+00,13.977E+00,14.160E+00,+99999.9E+99,+99999.9E+99,+99999.9E+99,0.079E+00,11.4660E+00,11.2328E+00,11.0250E+00,11.2413E+00,9.9655E+00,9.8314E+00,9.5358E+00,9.7775E+00,11.4648E+00,11.2272E+00,11.0128E+00,-0.1649E+00,-0.3529E+00,0.5190E+00,4.8516E+00,4.6235E+00,4.8234E+00,27.2524E+00,26.7771E+00,28.1205E+00,-26.0714E+00,-26.3624E+00,-25.3690E+00,58.053E+00,59.479E+00,56.456E+00,+99999.9E+99,+99999.9E+99,+99999.9E+99,2.248E+00,0.35452E+03,0.33573E+03,0.34020E+03,1.03044E+03,0.17528E+03,0.17145E+03,0.17930E+03,0.52604E+03,0.51151E+03,0.50048E+03,0.49380E+03,1.50580E+03,0.20043E+03,0.19400E+03,0.20083E+03,0.59518E+03,-0.36873E+03,-0.37118E+03,-0.35792E+03,-1.09782E+03,-0.09720E+03,-0.09077E+03,-0.09046E+03,-0.27843E+03,-0.69309E+00,-0.67080E+00,-0.68893E+00,-0.68432E+00,-0.87454E+00,-0.88378E+00,-0.89281E+00,-0.88383E+00,0.000E+00,120.037E+00,-119.925E+00,59.047E+00,177.897E+00,-63.153E+00,-46.125E+00,-47.871E+00,-46.454E+00,-46.818E+00,201.043E+00,201.790E+00,201.211E+00,92.897E+00,+99999.9E+99,+99999.9E+99,0.00007E+06,-0.00062E+06,0.00000E+00,12.089E+00,0.756E+03,0.00096E+06,43.584E+00,F0F0F
2021/11/30,17:34:12,00000:00:36,850,38003F00,700,1F00,1F00,3F00,99.942E+00,0.000E+00,0.000E+00,111.006E+00,0.000E+00,0.000E+00,0.472E+00,0.000E+00,0.000E+00,99.941E+00,0.000E+00,0.000E+00,0.000E+00,0.000E+00,0.000E+00,100.889E+00,0.000E+00,0.000E+00,98.886E+00,0.000E+00,0.000E+00,19.773E+00,+99999.9E+99,297.599E+00,1.002E+00,+99999.9E+99,+99999.9E+99,11.4842E+00,0.00000E+00,0.00000E+00,11.8568E+00,0.00000E+00,0.00000E+00,4.2351E+00,0.00000E+00,0.00000E+00,10.6748E+00,0.00000E+00,0.00000E+00,4.3272E+00,0.00000E+00,0.00000E+00,17.3633E+00,0.0000E+00,0.0000E+00,4.0493E+00,0.0000E+00,0.0000E+00,9.339E+00,483.864E+00,+99999.9E+99,62.362E+00,+99999.9E+99,+99999.9E+99,1.06507E+03,0.00000E+03,0.00000E+03,0.00000E+03,0.00000E+03,0.00000E+03,1.14775E+03,0.00000E+03,0.00000E+03,0.00000E+03,0.00000E+03,0.00000E+03,0.42775E+03,0.00000E+03,0.00000E+03,0.00000E+03,0.00000E+03,0.00000E+03,0.92796E+00,0.00000E+00,0.00000E+00,0.91663E+00,0.63259E+00,0.94858E+00,0.000E+00,144.160E+00,-179.713E+00,156.438E+00,-86.599E+00,161.833E+00,21.881E+00,90.000E+00,90.000E+00,12.6094E+00,0.00000E+00,0.00000E+00,120.010E+00,100.000E+00,100.000E+00,-0.21312E+03,0.00000E+03,0.00000E+03,+99999.9E+99,+99999.9E+99,+99999.9E+99,+99999.9E+99,+99999.9E+99,+99999.9E+99,+99999.9E+99,+99999.9E+99,+99999.9E+99,+99999.9E+99,+99999.9E+99,+99999.9E+99,1B00,0,0,0,1B00,77.1912E+00,77.2150E+00,76.9850E+00,77.1304E+00,72.1509E+00,72.3613E+00,71.8169E+00,72.1097E+00,77.1912E+00,77.2150E+00,76.9849E+00,0.0000E+00,0.0000E+00,0.0000E+00,70.4420E+00,71.0243E+00,70.9105E+00,105.403E+00,105.727E+00,105.499E+00,-104.440E+00,-105.121E+00,-104.753E+00,33.926E+00,33.963E+00,33.965E+00,+99999.9E+99,+99999.9E+99,+99999.9E+99,0.506E+00,13.4858E+00,13.0483E+00,13.4268E+00,13.3203E+00,12.4291E+00,12.0048E+00,12.3508E+00,12.2616E+00,13.4849E+00,13.0483E+00,13.4255E+00,-0.1546E+00,0.0000E+00,0.1894E+00,13.7113E+00,12.8098E+00,12.7653E+00,27.7105E+00,27.0924E+00,28.3586E+00,-26.4924E+00,-27.1195E+00,-26.2733E+00,40.337E+00,42.607E+00,42.774E+00,+99999.9E+99,+99999.9E+99,+99999.9E+99,4.515E+00,0.42399E+03,0.41571E+03,0.43849E+03,1.27819E+03,0.48609E+03,0.44317E+03,0.46789E+03,1.39714E+03,0.60717E+03,0.58756E+03,0.60346E+03,1.79820E+03,0.55282E+03,0.51808E+03,0.52186E+03,1.59179E+03,-0.43461E+03,-0.41523E+03,-0.41460E+03,-1.26444E+03,-0.26329E+03,-0.26834E+03,-0.23112E+03,-0.76275E+03,-0.69830E+00,-0.70752E+00,-0.72662E+00,-0.71082E+00,-0.87930E+00,-0.85540E+00,-0.89658E+00,-0.87772E+00,0.000E+00,119.839E+00,-119.670E+00,58.716E+00,-179.023E+00,-63.599E+00,-45.709E+00,-44.966E+00,-43.396E+00,-44.698E+00,202.049E+00,201.456E+00,201.802E+00,89.552E+00,+99999.9E+99,+99999.9E+99,0.00013E+06,-0.00073E+06,0.00000E+00,14.439E+00,0.757E+03,0.00114E+06,43.798E+00,F0F08
2021/11/30,17:34:12,00000:00:36,900,38003D00,500,1C00,1C00,3800,99.942E+00,0.000E+00,0.000E+00,111.006E+00,0.000E+00,0.000E+00,0.472E+00,0.000E+00,0.000E+00,99.941E+00,0.000E+00,0.000E+00,0.000E+00,0.000E+00,0.000E+00,100.889E+00,0.000E+00,0.000E+00,98.886E+00,0.000E+00,0.000E+00,19.773E+00,+99999.9E+99,297.599E+00,1.002E+00,+99999.9E+99,+99999.9E+99,11.4842E+00,0.00000E+00,0.00000E+00,11.8568E+00,0.00000E+00,0.00000E+00,4.2351E+00,0.00000E+00,0.00000E+00,10.6748E+00,0.00000E+00,0.00000E+00,4.3272E+00,0.00000E+00,0.00000E+00,17.3633E+00,0.0000E+00,0.0000E+00,4.0493E+00,0.0000E+00,0.0000E+00,9.339E+00,483.864E+00,+99999.9E+99,62.362E+00,+99999.9E+99,+99999.9E+99,1.06507E+03,0.00000E+03,0.00000E+03,0.00000E+03,0.00000E+03,0.00000E+03,1.14775E+03,0.00000E+03,0.00000E+03,0.00000E+03,0.00000E+03,0.00000E+03,0.42775E+03,0.00000E+03,0.00000E+03,0.00000E+03,0.00000E+03,0.00000E+03,0.92796E+00,0.00000E+00,0.00000E+00,0.91663E+00,0.63259E+00,0.94858E+00,0.000E+00,144.160E+00,-179.713E+00,156.438E+00,-86.599E+00,161.833E+00,21.881E+00,90.000E+00,90.000E+00,12.6094E+00,0.00000E+00,0.00000E+00,73.783E+00,100.000E+00,100.000E+00,0.27923E+03,0.00000E+03,0.00000E+03,+99999.9E+99,+99999.9E+99,+99999.9E+99,+99999.9E+99,+99999.9E+99,+99999.9E+99,+99999.9E+99,+99999.9E+99,+99999.9E+99,+99999.9E+99,+99999.9E+99,+99999.9E+99,1B00,0,0,0,1B00,76.2714E+00,76.6670E+00,76.5072E+00,76.4818E+00,72.1793E+00,72.9253E+00,72.6393E+00,72.5813E+00,76.2714E+00,76.6670E+00,76.5072E+00,0.0000E+00,0.0000E+00,0.0000E+00,71.8770E+00,71.7133E+00,71.6623E+00,105.750E+00,106.053E+00,105.740E+00,-104.703E+00,-104.850E+00,-104.766E+00,26.696E+00,25.695E+00,26.456E+00,+99999.9E+99,+99999.9E+99,+99999.9E+99,0.182E+00,8.3216E+00,8.2597E+00,8.2049E+00,8.2621E+00,7.4160E+00,7.3743E+00,7.3015E+00,7.3639E+00,8.3209E+00,8.2588E+00,8.2015E+00,-0.1084E+00,-0.1254E+00,0.2347E+00,9.5322E+00,9.7004E+00,10.0329E+00,22.1967E+00,20.8786E+00,20.4124E+00,-18.8309E+00,-19.1929E+00,-19.9038E+00,49.029E+00,46.631E+00,45.098E+00,+99999.9E+99,+99999.9E+99,+99999.9E+99,4.128E+00,0.26395E+03,0.25788E+03,0.26401E+03,0.78584E+03,0.32803E+03,0.35042E+03,0.35436E+03,1.03282E+03,0.36816E+03,0.36593E+03,0.36444E+03,1.09852E+03,0.38407E+03,0.39417E+03,0.41094E+03,1.18863E+03,-0.25665E+03,-0.25961E+03,-0.25122E+03,-0.76749E+03,-0.19976E+03,-0.18049E+03,-0.20808E+03,-0.58833E+03,-0.71695E+00,-0.70473E+00,-0.72443E+00,-0.71536E+00,-0.85410E+00,-0.88900E+00,-0.86232E+00,-0.86891E+00,0.000E+00,120.124E+00,-120.048E+00,61.266E+00,177.350E+00,-59.526E+00,-44.197E+00,-45.192E+00,-43.578E+00,-44.327E+00,201.921E+00,201.934E+00,201.888E+00,95.176E+00,+99999.9E+99,+99999.9E+99,0.00004E+06,-0.00049E+06,0.00000E+00,9.451E+00,0.756E+03,0.00075E+06,43.859E+00,F0F08
2021/11/30,17:34:12,00000:00:36,950,38003F00,700,1F00,1F00,3F00,99.942E+00,0.000E+00,0.000E+00,111.006E+00,0.000E+00,0.000E+00,0.472E+00,0.000E+00,0.000E+00,99.941E+00,0.000E+00,0.000E+00,0.000E+00,0.000E+00,0.000E+00,100.889E+00,0.000E+00,0.000E+00,98.886E+00,0.000E+00,0.000E+00,68.321E+00,+99999.9E+99,+99999.9E+99,1.002E+00,+99999.9E+99,+99999.9E+99,11.4842E+00,0.00000E+00,0.00000E+00,11.8568E+00,0.00000E+00,0.00000E+00,4.2351E+00,0.00000E+00,0.00000E+00,10.6748E+00,0.00000E+00,0.00000E+00,3.9014E+00,0.00000E+00,0.00000E+00,17.3633E+00,0.0000E+00,0.0000E+00,4.0493E+00,0.0000E+00,0.0000E+00,48.615E+00,+99999.9E+99,+99999.9E+99,62.362E+00,+99999.9E+99,+99999.9E+99,1.06507E+03,0.00000E+03,0.00000E+03,0.00000E+03,0.00000E+03,0.00000E+03,1.14775E+03,0.00000E+03,0.00000E+03,0.00000E+03,0.00000E+03,0.00000E+03,0.42775E+03,0.00000E+03,0.00000E+03,0.00000E+03,0.00000E+03,0.00000E+03,0.92796E+00,0.00000E+00,0.00000E+00,0.89326E+00,0.11250E+00,0.97464E+00,0.000E+00,28.591E+00,139.981E+00,153.286E+00,112.132E+00,152.911E+00,21.881E+00,90.000E+00,90.000E+00,12.6094E+00,0.00000E+00,0.00000E+00,117.809E+00,100.000E+00,100.000E+00,-0.18968E+03,0.00000E+03,0.00000E+03,+99999.9E+99,+99999.9E+99,+99999.9E+99,+99999.9E+99,+99999.9E+99,+99999.9E+99,+99999.9E+99,+99999.9E+99,+99999.9E+99,+99999.9E+99,+99999.9E+99,+99999.9E+99,1B00,0,0,0,1B00,77.0680E+00,77.1752E+00,77.1161E+00,77.1198E+00,72.0946E+00,72.4945E+00,72.2515E+00,72.2802E+00,77.0680E+00,77.1752E+00,77.1161E+00,0.0000E+00,0.0000E+00,0.0000E+00,72.6795E+00,73.1158E+00,72.9762E+00,105.803E+00,106.131E+00,105.897E+00,-104.577E+00,-105.127E+00,-104.537E+00,16.455E+00,16.465E+00,16.860E+00,+99999.9E+99,+99999.9E+99,+99999.9E+99,0.360E+00,13.4357E+00,12.9703E+00,13.1589E+00,13.1883E+00,12.1914E+00,11.7118E+00,11.7646E+00,11.8893E+00,13.4348E+00,12.9659E+00,13.1492E+00,-0.1622E+00,-0.3405E+00,0.5039E+00,6.5451E+00,5.8457E+00,5.7561E+00,27.8133E+00,27.1205E+00,28.5562E+00,-26.5705E+00,-27.2324E+00,-26.5781E+00,48.993E+00,53.662E+00,54.072E+00,+99999.9E+99,+99999.9E+99,+99999.9E+99,7.130E+00,0.42689E+03,0.40503E+03,0.42283E+03,1.25474E+03,0.23605E+03,0.20539E+03,0.22230E+03,0.66373E+03,0.60497E+03,0.58262E+03,0.59112E+03,1.77871E+03,0.26322E+03,0.23670E+03,0.24017E+03,0.73905E+03,-0.42867E+03,-0.41880E+03,-0.41308E+03,-1.26056E+03,-0.11647E+03,-0.11766E+03,-0.09091E+03,-0.32504E+03,-0.70563E+00,-0.69519E+00,-0.71530E+00,-0.70542E+00,-0.89678E+00,-0.86771E+00,-0.92559E+00,-0.89809E+00,0.000E+00,119.928E+00,-119.734E+00,56.464E+00,179.669E+00,-67.628E+00,-45.120E+00,-45.958E+00,-44.332E+00,-45.136E+00,201.245E+00,201.427E+00,201.757E+00,90.751E+00,+99999.9E+99,+99999.9E+99,0.00012E+06,-0.00073E+06,0.00000E+00,14.366E+00,0.757E+03,0.00114E+06,43.584E+00,F0F08
2021/11/30,17:34:12,00000:00:37,0,38003F00,500,1F00,1F00,3F00,99.942E+00,0.000E+00,0.000E+00,111.006E+00,0.000E+00,0.000E+00,0.472E+00,0.000E+00,0.000E+00,99.941E+00,0.000E+00,0.000E+00,0.000E+00,0.000E+00,0.000E+00,100.889E+00,0.000E+00,0.000E+00,98.886E+00,0.000E+00,0.000E+00,68.321E+00,+99999.9E+99,+99999.9E+99,1.002E+00,+99999.9E+99,+99999.9E+99,11.4842E+00,0.00000E+00,0.00000E+00,11.8568E+00,0.00000E+00,0.00000E+00,4.2351E+00,0.00000E+00,0.00000E+00,10.6748E+00,0.00000E+00,0.00000E+00,3.9014E+00,0.00000E+00,0.00000E+00,17.3633E+00,0.0000E+00,0.0000E+00,4.0493E+00,0.0000E+00,0.0000E+00,48.615E+00,+99999.9E+99,+99999.9E+99,62.362E+00,+99999.9E+99,+99999.9E+99,1.06507E+03,0.00000E+03,0.00000E+03,0.00000E+03,0.00000E+03,0.00000E+03,1.14775E+03,0.00000E+03,0.00000E+03,0.00000E+03,0.00000E+03,0.00000E+03,0.42775E+03,0.00000E+03,0.00000E+03,0.00000E+03,0.00000E+03,0.00000E+03,0.92796E+00,0.00000E+00,0.00000E+00,0.89326E+00,0.11250E+00,0.97464E+00,0.000E+00,28.591E+00,139.981E+00,153.286E+00,112.132E+00,152.911E+00,21.881E+00,90.000E+00,90.000E+00,12.6094E+00,0.00000E+00,0.00000E+00,98.886E+00,100.000E+00,100.000E+00,0.01186E+03,0.00000E+03,0.00000E+03,+99999.9E+99,+99999.9E+99,+99999.9E+99,+99999.9E+99,+99999.9E+99,+99999.9E+99,+99999.9E+99,+99999.9E+99,+99999.9E+99,+99999.9E+99,+99999.9E+99,+99999.9E+99,1B00,0,0,0,1B00,76.7151E+00,77.0640E+00,76.8094E+00,76.8628E+00,71.8797E+00,72.5206E+00,72.0560E+00,72.1521E+00,76.7151E+00,77.0640E+00,76.8094E+00,0.0000E+00,0.0000E+00,0.0000E+00,69.9990E+00,70.2275E+00,70.1305E+00,105.437E+00,105.809E+00,105.629E+00,-104.441E+00,-104.534E+00,-104.679E+00,39.079E+00,38.918E+00,38.872E+00,+99999.9E+99,+99999.9E+99,+99999.9E+99,0.194E+00,11.7903E+00,11.6144E+00,11.8863E+00,11.7636E+00,10.2450E+00,10.1593E+00,10.3384E+00,10.2476E+00,11.7896E+00,11.6144E+00,11.8863E+00,-0.1211E+00,0.0000E+00,0.0000E+00,15.4246E+00,15.0177E+00,15.2188E+00,27.6862E+00,27.1848E+00,28.5057E+00,-26.3890E+00,-27.2090E+00,-26.4843E+00,39.390E+00,40.368E+00,39.443E+00,+99999.9E+99,+99999.9E+99,+99999.9E+99,1.639E+00,0.34595E+03,0.34730E+03,0.35995E+03,1.05321E+03,0.54425E+03,0.52871E+03,0.54544E+03,1.61839E+03,0.52613E+03,0.51958E+03,0.53265E+03,1.57837E+03,0.62228E+03,0.60563E+03,0.61563E+03,1.84340E+03,-0.39639E+03,-0.38646E+03,-0.39262E+03,-1.17547E+03,-0.30171E+03,-0.29539E+03,-0.28547E+03,-0.88257E+03,-0.65754E+00,-0.66842E+00,-0.67577E+00,-0.66728E+00,-0.87460E+00,-0.87299E+00,-0.88599E+00,-0.87794E+00,0.000E+00,119.979E+00,-119.847E+00,59.111E+00,179.126E+00,-62.284E+00,-48.887E+00,-48.055E+00,-47.486E+00,-48.143E+00,201.969E+00,202.106E+00,201.562E+00,90.569E+00,+99999.9E+99,+99999.9E+99,0.00010E+06,-0.00061E+06,0.00000E+00,12.041E+00,0.756E+03,0.00095E+06,43.816E+00,F0F08
2021/11/30,17:34:12,00000:00:37,50,38003F00,2800,3B00,3B00,3F00,99.873E+00,0.000E+00,0.000E+00,110.929E+00,0.000E+00,0.000E+00,0.508E+00,0.000E+00,0.000E+00,99.871E+00,0.000E+00,0.000E+00,0.000E+00,0.000E+00,0.000E+00,101.046E+00,0.000E+00,0.000E+00,98.721E+00,0.000E+00,0.000E+00,36.351E+00,497.933E+00,+99999.9E+99,1.164E+00,+99999.9E+99,+99999.9E+99,12.0313E+00,0.00000E+00,0.00000E+00,12.3097E+00,0.00000E+00,0.00000E+00,4.6828E+00,0.00000E+00,0.00000E+00,11.0826E+00,0.00000E+00,0.00000E+00,4.3811E+00,0.00000E+00,0.00000E+00,18.3136E+00,0.0000E+00,0.0000E+00,3.4602E+00,0.0000E+00,0.0000E+00,43.086E+00,+99999.9E+99,+99999.9E+99,67.012E+00,+99999.9E+99,+99999.9E+99,1.10469E+03,0.00000E+03,0.00000E+03,0.00000E+03,0.00000E+03,0.00000E+03,1.20160E+03,0.00000E+03,0.00000E+03,0.00000E+03,0.00000E+03,0.00000E+03,0.47278E+03,0.00000E+03,0.00000E+03,0.00000E+03,0.00000E+03,0.00000E+03,0.91934E+00,0.00000E+00,0.00000E+00,0.92851E+00,0.44471E+00,0.99160E+00,0.000E+00,-26.052E+00,123.228E+00,158.204E+00,-89.647E+00,-49.340E+00,23.170E+00,90.000E+00,90.000E+00,0.00000E+00,0.00000E+00,0.00000E+00,76.574E+00,100.000E+00,100.000E+00,0.25879E+03,0.00000E+03,0.00000E+03,+99999.9E+99,+99999.9E+99,+99999.9E+99,+99999.9E+99,+99999.9E+99,+99999.9E+99,+99999.9E+99,+99999.9E+99,+99999.9E+99,+99999.9E+99,+99999.9E+99,+99999.9E+99,1B00,0,0,0,1B00,76.5427E+00,76.5664E+00,76.5289E+00,76.5460E+00,72.3866E+00,72.6525E+00,72.4178E+00,72.4857E+00,76.5426E+00,76.5664E+00,76.5289E+00,0.0000E+00,0.0000E+00,0.0000E+00,72.4090E+00,72.1966E+00,72.1924E+00,105.887E+00,106.117E+00,105.763E+00,-105.151E+00,-104.006E+00,-103.647E+00,21.609E+00,20.676E+00,21.318E+00,+99999.9E+99,+99999.9E+99,+99999.9E+99,0.194E+00,9.5733E+00,9.0639E+00,9.1876E+00,9.2749E+00,8.2028E+00,7.7899E+00,7.8119E+00,7.9349E+00,9.5724E+00,9.0603E+00,9.1796E+00,-0.1312E+00,-0.2527E+00,0.3850E+00,7.3003E+00,7.6895E+00,7.8817E+00,26.3605E+00,24.2071E+00,25.2109E+00,-26.7238E+00,-25.4233E+00,-22.5481E+00,54.676E+00,50.452E+00,49.244E+00,+99999.9E+99,+99999.9E+99,+99999.9E+99,4.620E+00,0.28977E+03,0.27120E+03,0.28493E+03,0.84590E+03,0.25268E+03,0.27259E+03,0.27517E+03,0.80043E+03,0.42557E+03,0.40170E+03,0.40704E+03,1.23431E+03,0.29878E+03,0.30791E+03,0.32224E+03,0.92839E+03,-0.31168E+03,-0.29634E+03,-0.29069E+03,-0.89870E+03,-0.15946E+03,-0.14318E+03,-0.16769E+03,-0.47033E+03,-0.68090E+00,-0.67512E+00,-0.70000E+00,-0.68532E+00,-0.84568E+00,-0.88531E+00,-0.85392E+00,-0.86218E+00,0.000E+00,120.096E+00,-120.096E+00,62.159E+00,177.806E+00,-58.639E+00,-47.086E+00,-47.536E+00,-45.573E+00,-46.739E+00,201.572E+00,201.233E+00,201.974E+00,94.539E+00,+99999.9E+99,+99999.9E+99,0.00005E+06,-0.00053E+06,0.00000E+00,10.103E+00,0.756E+03,0.00080E+06,43.753E+00,F0F08
2021/11/30,17:34:12,00000:00:37,100,38003D00,2D00,3C00,3C00,3800,99.873E+00,0.000E+00,0.000E+00,110.929E+00,0.000E+00,0.000E+00,0.508E+00,0.000E+00,0.000E+00,99.871E+00,0.000E+00,0.000E+00,0.000E+00,0.000E+00,0.000E+00,101.046E+00,0.000E+00,0.000E+00,98.721E+00,0.000E+00,0.000E+00,36.351E+00,497.933E+00,+99999.9E+99,1.164E+00,+99999.9E+99,+99999.9E+99,12.0313E+00,0.00000E+00,0.00000E+00,12.3097E+00,0.00000E+00,0.00000E+00,4.6828E+00,0.00000E+00,0.00000E+00,11.0826E+00,0.00000E+00,0.00000E+00,4.3811E+00,0.00000E+00,0.00000E+00,18.3136E+00,0.0000E+00,0.0000E+00,3.4602E+00,0.0000E+00,0.0000E+00,43.086E+00,+99999.9E+99,+99999.9E+99,67.012E+00,+99999.9E+99,+99999.9E+99,1.10469E+03,0.00000E+03,0.00000E+03,0.00000E+03,0.00000E+03,0.00000E+03,1.20160E+03,0.00000E+03,0.00000E+03,0.00000E+03,0.00000E+03,0.00000E+03,0.47278E+03,0.00000E+03,0.00000E+03,0.00000E+03,0.00000E+03,0.00000E+03,0.91934E+00,0.00000E+00,0.00000E+00,0.92851E+00,0.44471E+00,0.99160E+00,0.000E+00,-26.052E+00,123.228E+00,158.204E+00,-89.647E+00,-49.340E+00,23.170E+00,90.000E+00,90.000E+00,0.00000E+00,0.00000E+00,0.00000E+00,123.577E+00,100.000E+00,100.000E+00,-0.26045E+03,0.00000E+03,0.00000E+03,+99999.9E+99,+99999.9E+99,+99999.9E+99,+99999.9E+99,+99999.9E+99,+99999.9E+99,+99999.9E+99,+99999.9E+99,+99999.9E+99,+99999.9E+99,+99999.9E+99,+99999.9E+99,1B00,0,0,0,1B00,76.9796E+00,77.4641E+00,77.3158E+00,77.2532E+00,71.6975E+00,72.5978E+00,72.3247E+00,72.2067E+00,76.9796E+00,77.4641E+00,77.3158E+00,0.0000E+00,0.0000E+00,0.0000E+00,72.2509E+00,72.7166E+00,72.5939E+00,105.713E+00,106.069E+00,105.623E+00,-104.469E+00,-105.146E+00,-104.521E+00,20.218E+00,20.279E+00,20.643E+00,+99999.9E+99,+99999.9E+99,+99999.9E+99,0.390E+00,14.0156E+00,13.6986E+00,13.8344E+00,13.8495E+00,13.0958E+00,12.9054E+00,12.8672E+00,12.9561E+00,14.0145E+00,13.6969E+00,13.8290E+00,-0.1716E+00,-0.2142E+00,0.3868E+00,8.0188E+00,7.4098E+00,7.2217E+00,27.6752E+00,27.2690E+00,28.6105E+00,-26.6286E+00,-26.7986E+00,-26.7224E+00,47.158E+00,49.623E+00,51.967E+00,+99999.9E+99,+99999.9E+99,+99999.9E+99,7.324E+00,0.45906E+03,0.44777E+03,0.45831E+03,1.36514E+03,0.29040E+03,0.25150E+03,0.27108E+03,0.81299E+03,0.63115E+03,0.61736E+03,0.62585E+03,1.87435E+03,0.32452E+03,0.29215E+03,0.29404E+03,0.90935E+03,-0.43314E+03,-0.42502E+03,-0.42619E+03,-1.28435E+03,-0.14484E+03,-0.14865E+03,-0.11390E+03,-0.40739E+03,-0.72735E+00,-0.72529E+00,-0.73230E+00,-0.72832E+00,-0.89487E+00,-0.86087E+00,-0.92193E+00,-0.89403E+00,0.000E+00,119.891E+00,-119.733E+00,56.722E+00,-179.577E+00,-67.104E+00,-43.336E+00,-43.507E+00,-42.921E+00,-43.254E+00,201.649E+00,202.048E+00,200.976E+00,90.234E+00,+99999.9E+99,+99999.9E+99,0.00013E+06,-0.00078E+06,0.00000E+00,15.540E+00,0.757E+03,0.00123E+06,43.693E+00,F0F08
2021/11/30,17:34:12,00000:00:37,150,38003F00,2800,3B00,3B00,3F00,100.037E+00,0.000E+00,0.000E+00,111.112E+00,0.000E+00,0.000E+00,0.514E+00,0.000E+00,0.000E+00,100.036E+00,0.000E+00,0.000E+00,0.000E+00,0.000E+00,0.000E+00,101.054E+00,0.000E+00,0.000E+00,98.804E+00,0.000E+00,0.000E+00,36.351E+00,497.933E+00,+99999.9E+99,1.125E+00,+99999.9E+99,+99999.9E+99,11.2938E+00,0.00000E+00,0.00000E+00,11.4782E+00,0.00000E+00,0.00000E+00,4.5561E+00,0.00000E+00,0.00000E+00,10.3340E+00,0.00000E+00,0.00000E+00,4.3811E+00,0.00000E+00,0.00000E+00,18.3195E+00,0.0000E+00,0.0000E+00,3.3940E+00,0.0000E+00,0.0000E+00,43.086E+00,+99999.9E+99,+99999.9E+99,72.215E+00,+99999.9E+99,+99999.9E+99,1.03169E+03,0.00000E+03,0.00000E+03,0.00000E+03,0.00000E+03,0.00000E+03,1.12980E+03,0.00000E+03,0.00000E+03,0.00000E+03,0.00000E+03,0.00000E+03,0.46051E+03,0.00000E+03,0.00000E+03,0.00000E+03,0.00000E+03,0.00000E+03,0.91316E+00,0.00000E+00,0.00000E+00,0.92851E+00,0.44471E+00,0.99160E+00,0.000E+00,-26.052E+00,123.228E+00,158.204E+00,-89.647E+00,-49.340E+00,24.055E+00,90.000E+00,90.000E+00,9.31558E+00,0.00000E+00,0.00000E+00,85.674E+00,100.000E+00,100.000E+00,0.14780E+03,0.00000E+03,0.00000E+03,+99999.9E+99,+99999.9E+99,+99999.9E+99,+99999.9E+99,+99999.9E+99,+99999.9E+99,+99999.9E+99,+99999.9E+99,+99999.9E+99,+99999.9E+99,+99999.9E+99,+99999.9E+99,1B00,0,0,0,1B00,76.6991E+00,76.6751E+00,76.3791E+00,76.5844E+00,72.5730E+00,72.7068E+00,72.0423E+00,72.4407E+00,76.6991E+00,76.6751E+00,76.3791E+00,0.0000E+00,0.0000E+00,0.0000E+00,70.2371E+00,70.2735E+00,70.1620E+00,105.650E+00,105.976E+00,105.760E+00,-104.323E+00,-104.717E+00,-104.216E+00,38.379E+00,38.055E+00,38.251E+00,+99999.9E+99,+99999.9E+99,+99999.9E+99,0.090E+00,9.8023E+00,9.3912E+00,9.9993E+00,9.7309E+00,8.4969E+00,8.1502E+00,8.5482E+00,8.3984E+00,9.8017E+00,9.3912E+00,9.9993E+00,-0.1056E+00,0.0000E+00,0.0000E+00,14.7899E+00,14.6829E+00,15.0227E+00,26.4614E+00,24.9286E+00,27.1729E+00,-25.6200E+00,-23.4124E+00,-26.7771E+00,40.721E+00,40.678E+00,39.331E+00,+99999.9E+99,+99999.9E+99,+99999.9E+99,1.440E+00,0.28925E+03,0.28754E+03,0.30709E+03,0.88389E+03,0.51916E+03,0.52158E+03,0.53345E+03,1.57419E+03,0.43599E+03,0.41807E+03,0.44376E+03,1.29783E+03,0.59774E+03,0.59277E+03,0.60707E+03,1.79748E+03,-0.32622E+03,-0.30348E+03,-0.32034E+03,-0.95005E+03,-0.29626E+03,-0.28166E+03,-0.28976E+03,-0.86767E+03,-0.66344E+00,-0.68778E+00,-0.69202E+00,-0.68105E+00,-0.86853E+00,-0.87990E+00,-0.87874E+00,-0.87578E+00,0.000E+00,120.075E+00,-119.938E+00,59.727E+00,178.399E+00,-61.398E+00,-48.438E+00,-46.545E+00,-46.210E+00,-47.074E+00,201.899E+00,201.684E+00,202.503E+00,91.912E+00,+99999.9E+99,+99999.9E+99,0.00007E+06,-0.00052E+06,0.00000E+00,10.257E+00,0.756E+03,0.00081E+06,43.806E+00,F0F08
2021/11/30,17:34:12,00000:00:37,200,38003F00,0,1B00,1B00,3F00,99.915E+00,0.000E+00,0.000E+00,110.976E+00,0.000E+00,0.000E+00,0.511E+00,0.000E+00,0.000E+00,99.914E+00,0.000E+00,0.000E+00,0.000E+00,0.000E+00,0.000E+00,100.918E+00,0.000E+00,0.000E+00,98.814E+00,0.000E+00,0.000E+00,104.048E+00,+99999.9E+99,+99999.9E+99,1.053E+00,+99999.9E+99,+99999.9E+99,11.8957E+00,0.00000E+00,0.00000E+00,12.1948E+00,0.00000E+00,0.00000E+00,4.5788E+00,0.00000E+00,0.00000E+00,10.9792E+00,0.00000E+00,0.00000E+00,3.2301E+00,0.00000E+00,0.00000E+00,18.3110E+00,0.0000E+00,0.0000E+00,4.1360E+00,0.0000E+00,0.0000E+00,100.809E+00,+99999.9E+99,+99999.9E+99,64.554E+00,+99999.9E+99,+99999.9E+99,1.09488E+03,0.00000E+03,0.00000E+03,0.00000E+03,0.00000E+03,0.00000E+03,1.18856E+03,0.00000E+03,0.00000E+03,0.00000E+03,0.00000E+03,0.00000E+03,0.46250E+03,0.00000E+03,0.00000E+03,0.00000E+03,0.00000E+03,0.00000E+03,0.92118E+00,0.00000E+00,0.00000E+00,0.82772E+00,0.99897E+00,0.70014E+00,0.000E+00,2.269E+00,129.797E+00,145.865E+00,4.874E+00,84.235E+00,22.900E+00,90.000E+00,90.000E+00,12.6133E+00,0.00000E+00,0.00000E+00,96.753E+00,100.000E+00,100.000E+00,0.03555E+03,0.00000E+03,0.00000E+03,+99999.9E+99,+99999.9E+99,+99999.9E+99,+99999.9E+99,+99999.9E+99,+99999.9E+99,+99999.9E+99,+99999.9E+99,+99999.9E+99,+99999.9E+99,+99999.9E+99,+99999.9E+99,1B00,0,0,0,1B00,76.5015E+00,77.0251E+00,77.0078E+00,76.8448E+00,71.8431E+00,72.8199E+00,72.7853E+00,72.4828E+00,76.5015E+00,77.0251E+00,77.0078E+00,0.0000E+00,0.0000E+00,0.0000E+00,73.0413E+00,73.0254E+00,72.9318E+00,105.827E+00,106.050E+00,105.701E+00,-104.789E+00,-105.187E+00,-104.536E+00,15.546E+00,15.397E+00,15.409E+00,+99999.9E+99,+99999.9E+99,+99999.9E+99,0.095E+00,11.7502E+00,11.5065E+00,11.3053E+00,11.5207E+00,10.1451E+00,10.0086E+00,9.7083E+00,9.9540E+00,11.7490E+00,11.5009E+00,11.2930E+00,-0.1688E+00,-0.3587E+00,0.5286E+00,5.2710E+00,5.1812E+00,5.5763E+00,27.6676E+00,27.1695E+00,28.6486E+00,-26.5990E+00,-26.7805E+00,-26.2924E+00,58.075E+00,57.305E+00,53.161E+00,+99999.9E+99,+99999.9E+99,+99999.9E+99,3.378E+00,0.36414E+03,0.34542E+03,0.34977E+03,1.05933E+03,0.18772E+03,0.19360E+03,0.20065E+03,0.58198E+03,0.52430E+03,0.51299E+03,0.50665E+03,1.54395E+03,0.21678E+03,0.21641E+03,0.22745E+03,0.66044E+03,-0.37722E+03,-0.37927E+03,-0.36654E+03,-1.12304E+03,-0.10842E+03,-0.09671E+03,-0.10710E+03,-0.31222E+03,-0.69452E+00,-0.67334E+00,-0.69036E+00,-0.68612E+00,-0.86595E+00,-0.89460E+00,-0.88221E+00,-0.88120E+00,0.000E+00,120.088E+00,-119.970E+00,59.998E+00,176.592E+00,-61.830E+00,-46.011E+00,-47.675E+00,-46.341E+00,-46.676E+00,201.900E+00,201.882E+00,201.320E+00,92.938E+00,+99999.9E+99,+99999.9E+99,0.00007E+06,-0.00064E+06,0.00000E+00,12.433E+00,0.756E+03,0.00098E+06,43.819E+00,F0F0F
2021/11/30,17:34:12,00000:00:37,250,38003F00,700,1F00,1F00,3F00,99.915E+00,0.000E+00,0.000E+00,110.976E+00,0.000E+00,0.000E+00,0.511E+00,0.000E+00,0.000E+00,99.914E+00,0.000E+00,0.000E+00,0.000E+00,0.000E+00,0.000E+00,100.918E+00,0.000E+00,0.000E+00,98.814E+00,0.000E+00,0.000E+00,19.876E+00,+99999.9E+99,236.099E+00,1.053E+00,+99999.9E+99,+99999.9E+99,11.8957E+00,0.00000E+00,0.00000E+00,12.1948E+00,0.00000E+00,0.00000E+00,4.5788E+00,0.00000E+00,0.00000E+00,10.9792E+00,0.00000E+00,0.00000E+00,4.6488E+00,0.00000E+00,0.00000E+00,18.3110E+00,0.0000E+00,0.0000E+00,4.1360E+00,0.0000E+00,0.0000E+00,11.523E+00,+99999.9E+99,+99999.9E+99,64.554E+00,+99999.9E+99,+99999.9E+99,1.09488E+03,0.00000E+03,0.00000E+03,0.00000E+03,0.00000E+03,0.00000E+03,1.18856E+03,0.00000E+03,0.00000E+03,0.00000E+03,0.00000E+03,0.00000E+03,0.46250E+03,0.00000E+03,0.00000E+03,0.00000E+03,0.00000E+03,0.00000E+03,0.92118E+00,0.00000E+00,0.00000E+00,0.91720E+00,0.97799E+00,0.80022E+00,0.000E+00,126.642E+00,142.026E+00,156.520E+00,-65.402E+00,178.874E+00,22.900E+00,90.000E+00,90.000E+00,12.6133E+00,0.00000E+00,0.00000E+00,118.530E+00,100.000E+00,100.000E+00,-0.20288E+03,0.00000E+03,0.00000E+03,+99999.9E+99,+99999.9E+99,+99999.9E+99,+99999.9E+99,+99999.9E+99,+99999.9E+99,+99999.9E+99,+99999.9E+99,+99999.9E+99,+99999.9E+99,+99999.9E+99,+99999.9E+99,1B00,0,0,0,1B00,77.1981E+00,77.2346E+00,76.9879E+00,77.1402E+00,72.2071E+00,72.4538E+00,71.8751E+00,72.1787E+00,77.1981E+00,77.2346E+00,76.9879E+00,0.0000E+00,0.0000E+00,0.0000E+00,71.0175E+00,71.6884E+00,71.4667E+00,105.350E+00,105.717E+00,105.570E+00,-104.513E+00,-105.161E+00,-104.626E+00,30.299E+00,30.575E+00,30.529E+00,+99999.9E+99,+99999.9E+99,+99999.9E+99,0.548E+00,13.6195E+00,13.1759E+00,13.5710E+00,13.4555E+00,12.5428E+00,12.1127E+00,12.4706E+00,12.3754E+00,13.6185E+00,13.1759E+00,13.5695E+00,-0.1668E+00,0.0000E+00,0.1992E+00,12.4575E+00,11.3271E+00,11.4921E+00,27.6405E+00,27.1586E+00,28.6429E+00,-26.5886E+00,-26.7605E+00,-26.8343E+00,40.878E+00,44.169E+00,44.039E+00,+99999.9E+99,+99999.9E+99,+99999.9E+99,5.867E+00,0.43042E+03,0.42201E+03,0.44534E+03,1.29777E+03,0.44730E+03,0.39831E+03,0.42587E+03,1.27147E+03,0.61359E+03,0.59360E+03,0.61012E+03,1.81732E+03,0.50166E+03,0.46119E+03,0.46572E+03,1.42714E+03,-0.43731E+03,-0.41746E+03,-0.41704E+03,-1.27181E+03,-0.22714E+03,-0.23249E+03,-0.18850E+03,-0.64814E+03,-0.70147E+00,-0.71092E+00,-0.72992E+00,-0.71411E+00,-0.89162E+00,-0.86364E+00,-0.91442E+00,-0.89092E+00,0.000E+00,119.900E+00,-119.588E+00,57.231E+00,-179.933E+00,-65.916E+00,-45.455E+00,-44.690E+00,-43.120E+00,-44.430E+00,201.351E+00,201.544E+00,201.863E+00,89.703E+00,+99999.9E+99,+99999.9E+99,0.00013E+06,-0.00074E+06,0.00000E+00,14.677E+00,0.757E+03,0.00116E+06,43.576E+00,F0F08
2021/11/30,17:34:12,00000:00:37,300,38003D00,500,1C00,1C00,3800,99.915E+00,0.000E+00,0.000E+00,110.976E+00,0.000E+00,0.000E+00,0.511E+00,0.000E+00,0.000E+00,99.914E+00,0.000E+00,0.000E+00,0.000E+00,0.000E+00,0.000E+00,100.918E+00,0.000E+00,0.000E+00,98.814E+00,0.000E+00,0.000E+00,19.876E+00,+99999.9E+99,236.099E+00,1.053E+00,+99999.9E+99,+99999.9E+99,11.8957E+00,0.00000E+00,0.00000E+00,12.1948E+00,0.00000E+00,0.00000E+00,4.5788E+00,0.00000E+00,0.00000E+00,10.9792E+00,0.00000E+00,0.00000E+00,4.6488E+00,0.00000E+00,0.00000E+00,18.3110E+00,0.0000E+00,0.0000E+00,4.1360E+00,0.0000E+00,0.0000E+00,11.523E+00,+99999.9E+99,+99999.9E+99,64.554E+00,+99999.9E+99,+99999.9E+99,1.09488E+03,0.00000E+03,0.00000E+03,0.00000E+03,0.00000E+03,0.00000E+03,1.18856E+03,0.00000E+03,0.00000E+03,0.00000E+03,0.00000E+03,0.00000E+03,0.46250E+03,0.00000E+03,0.00000E+03,0.00000E+03,0.00000E+03,0.00000E+03,0.92118E+00,0.00000E+00,0.00000E+00,0.91720E+00,0.97799E+00,0.80022E+00,0.000E+00,126.642E+00,142.026E+00,156.520E+00,-65.402E+00,178.874E+00,22.900E+00,90.000E+00,90.000E+00,12.6133E+00,0.00000E+00,0.00000E+00,69.036E+00,100.000E+00,100.000E+00,0.33902E+03,0.00000E+03,0.00000E+03,+99999.9E+99,+99999.9E+99,+99999.9E+99,+99999.9E+99,+99999.9E+99,+99999.9E+99,+99999.9E+99,+99999.9E+99,+99999.9E+99,+99999.9E+99,+99999.9E+99,+99999.9E+99,1B00,0,0,0,1B00,76.2657E+00,76.6609E+00,76.4882E+00,76.4716E+00,72.1114E+00,72.8432E+00,72.5416E+00,72.4987E+00,76.2657E+00,76.6609E+00,76.4882E+00,0.0000E+00,0.0000E+00,0.0000E+00,71.2885E+00,71.1733E+00,71.0097E+00,105.874E+00,106.087E+00,105.716E+00,-104.250E+00,-105.066E+00,-104.263E+00,31.974E+00,31.251E+00,31.826E+00,+99999.9E+99,+99999.9E+99,+99999.9E+99,0.236E+00,8.1000E+00,8.0650E+00,8.0162E+00,8.0604E+00,7.2124E+00,7.1899E+00,7.1229E+00,7.1751E+00,8.0991E+00,8.0644E+00,8.0129E+00,-0.1260E+00,-0.1008E+00,0.2279E+00,11.7803E+00,11.7895E+00,12.3901E+00,22.3552E+00,20.7867E+00,20.5362E+00,-18.7310E+00,-18.7076E+00,-20.0133E+00,45.011E+00,43.858E+00,41.875E+00,+99999.9E+99,+99999.9E+99,+99999.9E+99,3.374E+00,0.25332E+03,0.24834E+03,0.25421E+03,0.75587E+03,0.40618E+03,0.42732E+03,0.43378E+03,1.26729E+03,0.35802E+03,0.35712E+03,0.35579E+03,1.07093E+03,0.47268E+03,0.48077E+03,0.49887E+03,1.45186E+03,-0.25300E+03,-0.25663E+03,-0.24892E+03,-0.75856E+03,-0.24175E+03,-0.22031E+03,-0.24639E+03,-0.70844E+03,-0.70754E+00,-0.69541E+00,-0.71450E+00,-0.70581E+00,-0.85932E+00,-0.88883E+00,-0.86953E+00,-0.87287E+00,0.000E+00,120.207E+00,-119.983E+00,60.701E+00,177.406E+00,-60.253E+00,-44.965E+00,-45.940E+00,-44.398E+00,-45.105E+00,202.275E+00,201.810E+00,201.900E+00,94.976E+00,+99999.9E+99,+99999.9E+99,0.00004E+06,-0.00047E+06,0.00000E+00,9.071E+00,0.756E+03,0.00072E+06,43.956E+00,F0F08
2021/11/30,17:34:12,00000:00:37,350,38003F00,700,1F00,1F00,3F00,99.915E+00,0.000E+00,0.000E+00,110.976E+00,0.000E+00,0.000E+00,0.511E+00,0.000E+00,0.000E+00,99.914E+00,0.000E+00,0.000E+00,0.000E+00,0.000E+00,0.000E+00,100.918E+00,0.000E+00,0.000E+00,98.814E+00,0.000E+00,0.000E+00,68.297E+00,+99999.9E+99,+99999.9E+99,1.053E+00,+99999.9E+99,+99999.9E+99,11.8957E+00,0.00000E+00,0.00000E+00,12.1948E+00,0.00000E+00,0.00000E+00,4.5788E+00,0.00000E+00,0.00000E+00,10.9792E+00,0.00000E+00,0.00000E+00,4.0238E+00,0.00000E+00,0.00000E+00,18.3110E+00,0.0000E+00,0.0000E+00,4.1360E+00,0.0000E+00,0.0000E+00,50.279E+00,+99999.9E+99,+99999.9E+99,64.554E+00,+99999.9E+99,+99999.9E+99,1.09488E+03,0.00000E+03,0.00000E+03,0.00000E+03,0.00000E+03,0.00000E+03,1.18856E+03,0.00000E+03,0.00000E+03,0.00000E+03,0.00000E+03,0.00000E+03,0.46250E+03,0.00000E+03,0.00000E+03,0.00000E+03,0.00000E+03,0.00000E+03,0.92118E+00,0.00000E+00,0.00000E+00,0.89267E+00,0.53886E+00,0.22370E+00,0.000E+00,-110.932E+00,138.770E+00,153.211E+00,11.674E+00,61.697E+00,22.900E+00,90.000E+00,90.000E+00,12.6133E+00,0.00000E+00,0.00000E+00,115.705E+00,100.000E+00,100.000E+00,-0.17195E+03,0.00000E+03,0.00000E+03,+99999.9E+99,+99999.9E+99,+99999.9E+99,+99999.9E+99,+99999.9E+99,+99999.9E+99,+99999.9E+99,+99999.9E+99,+99999.9E+99,+99999.9E+99,+99999.9E+99,+99999.9E+99,1B00,0,0,0,1B00,77.0592E+00,77.2009E+00,77.0900E+00,77.1167E+00,72.1446E+00,72.5850E+00,72.2557E+00,72.3284E+00,77.0592E+00,77.2009E+00,77.0900E+00,0.0000E+00,0.0000E+00,0.0000E+00,73.0209E+00,73.2487E+00,73.1152E+00,105.707E+00,106.029E+00,105.676E+00,-104.617E+00,-105.137E+00,-104.520E+00,13.960E+00,14.013E+00,14.164E+00,+99999.9E+99,+99999.9E+99,+99999.9E+99,0.185E+00,13.4520E+00,12.9914E+00,13.1915E+00,13.2117E+00,12.2540E+00,11.7867E+00,11.8512E+00,11.9640E+00,13.4508E+00,12.9881E+00,13.1827E+00,-0.1839E+00,-0.2956E+00,0.4806E+00,4.9923E+00,4.5932E+00,4.7009E+00,27.5886E+00,27.1538E+00,28.7843E+00,-26.5576E+00,-26.8614E+00,-26.9067E+00,56.900E+00,60.457E+00,58.381E+00,+99999.9E+99,+99999.9E+99,+99999.9E+99,4.083E+00,0.43033E+03,0.40954E+03,0.42696E+03,1.26683E+03,0.17944E+03,0.16619E+03,0.17700E+03,0.52263E+03,0.60559E+03,0.58371E+03,0.59278E+03,1.78208E+03,0.20490E+03,0.19158E+03,0.19657E+03,0.59278E+03,-0.42610E+03,-0.41592E+03,-0.41121E+03,-1.25323E+03,-0.09892E+03,-0.09531E+03,-0.08551E+03,-0.27974E+03,-0.71059E+00,-0.70162E+00,-0.72026E+00,-0.71087E+00,-0.87574E+00,-0.86748E+00,-0.90042E+00,-0.88165E+00,0.000E+00,120.019E+00,-119.835E+00,58.970E+00,179.790E+00,-64.090E+00,-44.717E+00,-45.443E+00,-43.924E+00,-44.694E+00,201.193E+00,201.916E+00,201.657E+00,90.966E+00,+99999.9E+99,+99999.9E+99,0.00011E+06,-0.00074E+06,0.00000E+00,14.539E+00,0.757E+03,0.00115E+06,43.568E+00,F0F08
2021/11/30,17:34:12,00000:00:37,400,38003F00,2800,3B00,3B00,3F00,99.874E+00,0.000E+00,0.000E+00,110.931E+00,0.000E+00,0.000E+00,0.502E+00,0.000E+00,0.000E+00,99.873E+00,0.000E+00,0.000E+00,0.000E+00,0.000E+00,0.000E+00,100.957E+00,0.000E+00,0.000E+00,98.789E+00,0.000E+00,0.000E+00,68.297E+00,+99999.9E+99,+99999.9E+99,1.085E+00,+99999.9E+99,+99999.9E+99,11.9885E+00,0.00000E+00,0.00000E+00,12.2980E+00,0.00000E+00,0.00000E+00,4.5972E+00,0.00000E+00,0.00000E+00,11.0721E+00,0.00000E+00,0.00000E+00,4.0238E+00,0.00000E+00,0.00000E+00,18.3074E+00,0.0000E+00,0.0000E+00,4.0752E+00,0.0000E+00,0.0000E+00,50.279E+00,+99999.9E+99,+99999.9E+99,64.270E+00,+99999.9E+99,+99999.9E+99,1.10373E+03,0.00000E+03,0.00000E+03,0.00000E+03,0.00000E+03,0.00000E+03,1.19735E+03,0.00000E+03,0.00000E+03,0.00000E+03,0.00000E+03,0.00000E+03,0.46413E+03,0.00000E+03,0.00000E+03,0.00000E+03,0.00000E+03,0.00000E+03,0.92181E+00,0.00000E+00,0.00000E+00,0.89267E+00,0.53886E+00,0.22370E+00,0.000E+00,-110.932E+00,138.770E+00,153.211E+00,11.674E+00,61.697E+00,22.807E+00,90.000E+00,90.000E+00,0.00000E+00,0.00000E+00,0.00000E+00,95.049E+00,100.000E+00,100.000E+00,0.05464E+03,0.00000E+03,0.00000E+03,+99999.9E+99,+99999.9E+99,+99999.9E+99,+99999.9E+99,+99999.9E+99,+99999.9E+99,+99999.9E+99,+99999.9E+99,+99999.9E+99,+99999.9E+99,+99999.9E+99,+99999.9E+99,1B00,0,0,0,1B00,76.7427E+00,77.0934E+00,76.8105E+00,76.8822E+00,71.9227E+00,72.5751E+00,72.0599E+00,72.1859E+00,76.7427E+00,77.0934E+00,76.8105E+00,0.0000E+00,0.0000E+00,0.0000E+00,70.1149E+00,70.4928E+00,70.4295E+00,105.473E+00,106.059E+00,105.423E+00,-104.610E+00,-104.789E+00,-104.720E+00,37.649E+00,37.618E+00,37.528E+00,+99999.9E+99,+99999.9E+99,+99999.9E+99,0.337E+00,11.6345E+00,11.4441E+00,11.7389E+00,11.6058E+00,10.2186E+00,10.1332E+00,10.3216E+00,10.2245E+00,11.6336E+00,11.4441E+00,11.7389E+00,-0.1456E+00,0.0000E+00,0.0000E+00,15.0978E+00,14.4879E+00,14.5230E+00,27.5576E+00,26.8376E+00,28.0871E+00,-26.0552E+00,-26.4114E+00,-26.1843E+00,39.249E+00,40.735E+00,40.467E+00,+99999.9E+99,+99999.9E+99,+99999.9E+99,2.879E+00,0.34426E+03,0.34605E+03,0.35878E+03,1.04909E+03,0.53794E+03,0.50723E+03,0.52767E+03,1.57284E+03,0.51926E+03,0.51229E+03,0.52613E+03,1.55768E+03,0.61034E+03,0.58376E+03,0.59007E+03,1.78375E+03,-0.38874E+03,-0.37774E+03,-0.38482E+03,-1.15130E+03,-0.28834E+03,-0.28896E+03,-0.26409E+03,-0.84140E+03,-0.66297E+00,-0.67550E+00,-0.68193E+00,-0.67350E+00,-0.88137E+00,-0.86889E+00,-0.89425E+00,-0.88176E+00,0.000E+00,119.881E+00,-119.790E+00,58.372E+00,179.519E+00,-63.351E+00,-48.473E+00,-47.507E+00,-47.006E+00,-47.663E+00,202.134E+00,201.551E+00,201.776E+00,90.305E+00,+99999.9E+99,+99999.9E+99,0.00010E+06,-0.00060E+06,0.00000E+00,11.952E+00,0.757E+03,0.00095E+06,43.831E+00,F0F08
2021/11/30,17:34:12,00000:00:37,450,38003F00,2D00,3F00,3F00,3F00,99.874E+00,0.000E+00,0.000E+00,110.931E+00,0.000E+00,0.000E+00,0.502E+00,0.000E+00,0.000E+00,99.873E+00,0.000E+00,0.000E+00,0.000E+00,0.000E+00,0.000E+00,100.957E+00,0.000E+00,0.000E+00,98.789E+00,0.000E+00,0.000E+00,35.256E+00,+99999.9E+99,441.118E+00,1.085E+00,+99999.9E+99,+99999.9E+99,11.9885E+00,0.00000E+00,0.00000E+00,12.2980E+00,0.00000E+00,0.00000E+00,4.5972E+00,0.00000E+00,0.00000E+00,11.0721E+00,0.00000E+00,0.00000E+00,4.1111E+00,0.00000E+00,0.00000E+00,18.3074E+00,0.0000E+00,0.0000E+00,4.0752E+00,0.0000E+00,0.0000E+00,41.094E+00,474.239E+00,+99999.9E+99,64.270E+00,+99999.9E+99,+99999.9E+99,1.10373E+03,0.00000E+03,0.00000E+03,0.00000E+03,0.00000E+03,0.00000E+03,1.19735E+03,0.00000E+03,0.00000E+03,0.00000E+03,0.00000E+03,0.00000E+03,0.46413E+03,0.00000E+03,0.00000E+03,0.00000E+03,0.00000E+03,0.00000E+03,0.92181E+00,0.00000E+00,0.00000E+00,0.92778E+00,0.99799E+00,0.94120E+00,0.000E+00,138.883E+00,-164.743E+00,158.091E+00,-37.486E+00,-4.488E+00,22.807E+00,90.000E+00,90.000E+00,0.00000E+00,0.00000E+00,0.00000E+00,78.172E+00,100.000E+00,100.000E+00,0.24092E+03,0.00000E+03,0.00000E+03,+99999.9E+99,+99999.9E+99,+99999.9E+99,+99999.9E+99,+99999.9E+99,+99999.9E+99,+99999.9E+99,+99999.9E+99,+99999.9E+99,+99999.9E+99,+99999.9E+99,+99999.9E+99,1B00,0,0,0,1B00,76.5344E+00,76.5990E+00,76.5503E+00,76.5612E+00,72.4344E+00,72.7597E+00,72.5142E+00,72.5694E+00,76.5344E+00,76.5989E+00,76.5503E+00,0.0000E+00,0.0000E+00,0.0000E+00,72.4590E+00,72.2400E+00,72.2417E+00,105.803E+00,106.110E+00,105.791E+00,-104.354E+00,-104.887E+00,-105.339E+00,21.801E+00,20.911E+00,21.523E+00,+99999.9E+99,+99999.9E+99,+99999.9E+99,0.198E+00,9.5941E+00,9.0885E+00,9.2235E+00,9.3020E+00,8.3056E+00,7.8906E+00,7.9293E+00,8.0419E+00,9.5930E+00,9.0854E+00,9.2156E+00,-0.1459E+00,-0.2351E+00,0.3820E+00,7.4246E+00,7.8012E+00,8.0198E+00,26.1819E+00,24.1471E+00,25.0152E+00,-26.5724E+00,-25.2952E+00,-22.4081E+00,53.858E+00,49.866E+00,48.448E+00,+99999.9E+99,+99999.9E+99,+99999.9E+99,4.456E+00,0.29514E+03,0.27672E+03,0.29095E+03,0.86281E+03,0.26115E+03,0.28083E+03,0.28325E+03,0.82523E+03,0.42668E+03,0.40305E+03,0.40906E+03,1.23879E+03,0.30601E+03,0.31534E+03,0.32917E+03,0.95001E+03,-0.30813E+03,-0.29305E+03,-0.28754E+03,-0.88872E+03,-0.15952E+03,-0.14344E+03,-0.16770E+03,-0.47066E+03,-0.69172E+00,-0.68656E+00,-0.71127E+00,-0.69649E+00,-0.85338E+00,-0.89056E+00,-0.86049E+00,-0.86865E+00,0.000E+00,120.091E+00,-120.103E+00,61.319E+00,177.151E+00,-59.378E+00,-46.234E+00,-46.642E+00,-44.662E+00,-45.854E+00,201.643E+00,201.977E+00,202.045E+00,94.790E+00,+99999.9E+99,+99999.9E+99,0.00004E+06,-0.00054E+06,0.00000E+00,10.330E+00,0.756E+03,0.00082E+06,43.759E+00,F0F08
2021/11/30,17:34:12,00000:00:37,500,38003800,2800,3800,3800,3800,100.005E+00,0.000E+00,0.000E+00,111.076E+00,0.000E+00,0.000E+00,0.493E+00,0.000E+00,0.000E+00,100.003E+00,0.000E+00,0.000E+00,0.000E+00,0.000E+00,0.000E+00,100.939E+00,0.000E+00,0.000E+00,98.857E+00,0.000E+00,0.000E+00,35.256E+00,+99999.9E+99,441.118E+00,1.041E+00,+99999.9E+99,+99999.9E+99,10.6834E+00,0.00000E+00,0.00000E+00,10.9698E+00,0.00000E+00,0.00000E+00,4.0737E+00,0.00000E+00,0.00000E+00,9.8763E+00,0.00000E+00,0.00000E+00,4.1111E+00,0.00000E+00,0.00000E+00,18.2974E+00,0.0000E+00,0.0000E+00,4.1712E+00,0.0000E+00,0.0000E+00,41.094E+00,474.239E+00,+99999.9E+99,71.516E+00,+99999.9E+99,+99999.9E+99,0.98588E+03,0.00000E+03,0.00000E+03,0.00000E+03,0.00000E+03,0.00000E+03,1.06839E+03,0.00000E+03,0.00000E+03,0.00000E+03,0.00000E+03,0.00000E+03,0.41170E+03,0.00000E+03,0.00000E+03,0.00000E+03,0.00000E+03,0.00000E+03,0.92277E+00,0.00000E+00,0.00000E+00,0.92778E+00,0.99799E+00,0.94120E+00,0.000E+00,138.883E+00,-164.743E+00,158.091E+00,-37.486E+00,-4.488E+00,22.665E+00,90.000E+00,90.000E+00,14.5466E+00,0.00000E+00,0.00000E+00,135.497E+00,100.000E+00,100.000E+00,-0.34996E+03,0.00000E+03,0.00000E+03,+99999.9E+99,+99999.9E+99,+99999.9E+99,+99999.9E+99,+99999.9E+99,+99999.9E+99,+99999.9E+99,+99999.9E+99,+99999.9E+99,+99999.9E+99,+99999.9E+99,+99999.9E+99,1B00,0,0,0,1B00,76.9858E+00,77.4432E+00,77.3117E+00,77.2469E+00,71.6494E+00,72.5092E+00,72.2604E+00,72.1397E+00,76.9858E+00,77.4432E+00,77.3117E+00,0.0000E+00,0.0000E+00,0.0000E+00,72.2961E+00,72.7542E+00,72.6260E+00,105.594E+00,106.077E+00,105.526E+00,-104.359E+00,-104.763E+00,-104.566E+00,20.366E+00,20.520E+00,20.849E+00,+99999.9E+99,+99999.9E+99,+99999.9E+99,0.382E+00,13.8243E+00,13.5020E+00,13.6280E+00,13.6514E+00,12.9191E+00,12.7285E+00,12.6845E+00,12.7773E+00,13.8230E+00,13.5000E+00,13.6214E+00,-0.1853E+00,-0.2361E+00,0.4226E+00,8.1073E+00,7.5126E+00,7.3661E+00,27.6576E+00,27.2871E+00,28.4076E+00,-26.6881E+00,-26.9076E+00,-26.2376E+00,46.639E+00,49.183E+00,50.722E+00,+99999.9E+99,+99999.9E+99,+99999.9E+99,6.866E+00,0.44964E+03,0.43777E+03,0.44844E+03,1.33585E+03,0.29698E+03,0.25970E+03,0.27871E+03,0.83539E+03,0.62239E+03,0.60814E+03,0.61603E+03,1.84656E+03,0.33053E+03,0.29924E+03,0.30164E+03,0.93018E+03,-0.43034E+03,-0.42213E+03,-0.42237E+03,-1.27483E+03,-0.14509E+03,-0.14866E+03,-0.11535E+03,-0.40911E+03,-0.72244E+00,-0.71985E+00,-0.72795E+00,-0.72343E+00,-0.89850E+00,-0.86786E+00,-0.92399E+00,-0.89809E+00,0.000E+00,119.898E+00,-119.734E+00,56.249E+00,179.632E+00,-67.406E+00,-43.744E+00,-43.958E+00,-43.285E+00,-43.662E+00,201.651E+00,201.237E+00,200.975E+00,90.375E+00,+99999.9E+99,+99999.9E+99,0.00013E+06,-0.00077E+06,0.00000E+00,15.228E+00,0.757E+03,0.00121E+06,43.683E+00,F0F08
2021/11/30,17:34:12,00000:00:37,550,38003F00,0,1B00,1B00,3F00,99.916E+00,0.000E+00,0.000E+00,110.977E+00,0.000E+00,0.000E+00,0.505E+00,0.000E+00,0.000E+00,99.914E+00,0.000E+00,0.000E+00,0.000E+00,0.000E+00,0.000E+00,100.896E+00,0.000E+00,0.000E+00,98.796E+00,0.000E+00,0.000E+00,25.701E+00,+99999.9E+99,+99999.9E+99,1.051E+00,+99999.9E+99,+99999.9E+99,11.8772E+00,0.00000E+00,0.00000E+00,12.1813E+00,0.00000E+00,0.00000E+00,4.5601E+00,0.00000E+00,0.00000E+00,10.9670E+00,0.00000E+00,0.00000E+00,4.3127E+00,0.00000E+00,0.00000E+00,18.1410E+00,0.0000E+00,0.0000E+00,4.1902E+00,0.0000E+00,0.0000E+00,12.030E+00,+99999.9E+99,+99999.9E+99,63.603E+00,+99999.9E+99,+99999.9E+99,1.09368E+03,0.00000E+03,0.00000E+03,0.00000E+03,0.00000E+03,0.00000E+03,1.18672E+03,0.00000E+03,0.00000E+03,0.00000E+03,0.00000E+03,0.00000E+03,0.46062E+03,0.00000E+03,0.00000E+03,0.00000E+03,0.00000E+03,0.00000E+03,0.92160E+00,0.00000E+00,0.00000E+00,0.90484E+00,0.85036E+00,0.85388E+00,0.000E+00,137.824E+00,176.729E+00,154.802E+00,106.074E+00,145.365E+00,22.839E+00,90.000E+00,90.000E+00,12.6400E+00,0.00000E+00,0.00000E+00,92.753E+00,100.000E+00,100.000E+00,0.07926E+03,0.00000E+03,0.00000E+03,+99999.9E+99,+99999.9E+99,+99999.9E+99,+99999.9E+99,+99999.9E+99,+99999.9E+99,+99999.9E+99,+99999.9E+99,+99999.9E+99,+99999.9E+99,+99999.9E+99,+99999.9E+99,1B00,0,0,0,1B00,76.7316E+00,76.8980E+00,76.6649E+00,76.7648E+00,72.2599E+00,72.6592E+00,72.1669E+00,72.3620E+00,76.7316E+00,76.8980E+00,76.6649E+00,0.0000E+00,0.0000E+00,0.0000E+00,70.2562E+00,70.2879E+00,70.1795E+00,105.827E+00,106.007E+00,105.857E+00,-104.667E+00,-104.654E+00,-104.819E+00,37.768E+00,37.472E+00,37.621E+00,+99999.9E+99,+99999.9E+99,+99999.9E+99,0.086E+00,11.2376E+00,11.0361E+00,11.3043E+00,11.1926E+00,9.7262E+00,9.5502E+00,9.7560E+00,9.6775E+00,11.2370E+00,11.0361E+00,11.3033E+00,-0.1143E+00,0.0000E+00,0.1462E+00,14.4508E+00,14.3708E+00,14.6899E+00,27.2910E+00,27.1805E+00,28.4752E+00,-26.2110E+00,-26.9129E+00,-26.7733E+00,41.315E+00,41.256E+00,39.904E+00,+99999.9E+99,+99999.9E+99,+99999.9E+99,1.493E+00,0.33485E+03,0.33270E+03,0.34687E+03,1.01442E+03,0.50230E+03,0.50589E+03,0.51716E+03,1.52535E+03,0.50129E+03,0.49294E+03,0.50470E+03,1.49894E+03,0.58344E+03,0.57927E+03,0.59357E+03,1.75617E+03,-0.37306E+03,-0.36373E+03,-0.36661E+03,-1.10340E+03,-0.29681E+03,-0.28218E+03,-0.29133E+03,-0.87032E+03,-0.66796E+00,-0.67494E+00,-0.68728E+00,-0.67676E+00,-0.86093E+00,-0.87332E+00,-0.87127E+00,-0.86856E+00,0.000E+00,120.076E+00,-119.940E+00,60.593E+00,179.183E+00,-60.515E+00,-48.090E+00,-47.551E+00,-46.585E+00,-47.409E+00,201.870E+00,202.306E+00,202.510E+00,91.150E+00,+99999.9E+99,+99999.9E+99,0.00009E+06,-0.00059E+06,0.00000E+00,11.671E+00,0.757E+03,0.00092E+06,43.785E+00,F0F0F
2021/11/30,17:34:12,00000:00:37,600,38003F00,700,1F00,1F00,3F00,99.916E+00,0.000E+00,0.000E+00,110.977E+00,0.000E+00,0.000E+00,0.505E+00,0.000E+00,0.000E+00,99.914E+00,0.000E+00,0.000E+00,0.000E+00,0.000E+00,0.000E+00,100.896E+00,0.000E+00,0.000E+00,98.796E+00,0.000E+00,0.000E+00,25.701E+00,+99999.9E+99,+99999.9E+99,1.051E+00,+99999.9E+99,+99999.9E+99,11.8772E+00,0.00000E+00,0.00000E+00,12.1813E+00,0.00000E+00,0.00000E+00,4.5601E+00,0.00000E+00,0.00000E+00,10.9670E+00,0.00000E+00,0.00000E+00,4.3127E+00,0.00000E+00,0.00000E+00,18.1410E+00,0.0000E+00,0.0000E+00,4.1902E+00,0.0000E+00,0.0000E+00,12.030E+00,+99999.9E+99,+99999.9E+99,63.603E+00,+99999.9E+99,+99999.9E+99,1.09368E+03,0.00000E+03,0.00000E+03,0.00000E+03,0.00000E+03,0.00000E+03,1.18672E+03,0.00000E+03,0.00000E+03,0.00000E+03,0.00000E+03,0.00000E+03,0.46062E+03,0.00000E+03,0.00000E+03,0.00000E+03,0.00000E+03,0.00000E+03,0.92160E+00,0.00000E+00,0.00000E+00,0.90484E+00,0.85036E+00,0.85388E+00,0.000E+00,137.824E+00,176.729E+00,154.802E+00,106.074E+00,145.365E+00,22.839E+00,90.000E+00,90.000E+00,12.6400E+00,0.00000E+00,0.00000E+00,74.905E+00,100.000E+00,100.000E+00,0.27446E+03,0.00000E+03,0.00000E+03,+99999.9E+99,+99999.9E+99,+99999.9E+99,+99999.9E+99,+99999.9E+99,+99999.9E+99,+99999.9E+99,+99999.9E+99,+99999.9E+99,+99999.9E+99,+99999.9E+99,+99999.9E+99,1800,0,0,0,1800,76.5226E+00,76.6075E+00,76.5267E+00,76.5523E+00,72.3092E+00,72.6489E+00,72.3613E+00,72.4398E+00,76.5226E+00,76.6075E+00,76.5267E+00,0.0000E+00,0.0000E+00,0.0000E+00,73.0388E+00,73.0160E+00,72.9269E+00,105.833E+00,106.166E+00,105.707E+00,-104.290E+00,-104.361E+00,-104.574E+00,15.505E+00,15.392E+00,15.382E+00,+99999.9E+99,+99999.9E+99,+99999.9E+99,0.099E+00,9.2676E+00,8.7665E+00,8.9060E+00,8.9800E+00,8.0267E+00,7.6258E+00,7.6599E+00,7.7708E+00,9.2663E+00,8.7630E+00,8.8967E+00,-0.1584E+00,-0.2473E+00,0.4066E+00,5.2891E+00,5.2099E+00,5.5930E+00,25.8005E+00,23.7914E+00,24.7295E+00,-26.0762E+00,-24.8195E+00,-21.8610E+00,57.759E+00,57.007E+00,53.054E+00,+99999.9E+99,+99999.9E+99,+99999.9E+99,3.277E+00,0.28027E+03,0.26231E+03,0.27664E+03,0.81922E+03,0.18888E+03,0.19478E+03,0.20147E+03,0.58513E+03,0.41158E+03,0.38845E+03,0.39462E+03,1.19466E+03,0.21771E+03,0.21757E+03,0.22820E+03,0.66328E+03,-0.30141E+03,-0.28650E+03,-0.28143E+03,-0.86934E+03,-0.10827E+03,-0.09692E+03,-0.10716E+03,-0.31235E+03,-0.68096E+00,-0.67528E+00,-0.70101E+00,-0.68574E+00,-0.86758E+00,-0.89529E+00,-0.88289E+00,-0.88218E+00,0.000E+00,120.087E+00,-119.975E+00,59.808E+00,176.505E+00,-61.917E+00,-47.081E+00,-47.524E+00,-45.492E+00,-46.706E+00,201.873E+00,201.261E+00,201.258E+00,94.404E+00,+99999.9E+99,+99999.9E+99,0.00005E+06,-0.00051E+06,0.00000E+00,9.772E+00,0.756E+03,0.00077E+06,43.844E+00,F0F0F
2021/11/30,17:34:12,00000:00:37,650,38003F00,500,1F00,1F00,3F00,99.916E+00,0.000E+00,0.000E+00,110.977E+00,0.000E+00,0.000E+00,0.505E+00,0.000E+00,0.000E+00,99.914E+00,0.000E+00,0.000E+00,0.000E+00,0.000E+00,0.000E+00,100.896E+00,0.000E+00,0.000E+00,98.796E+00,0.000E+00,0.000E+00,20.680E+00,+99999.9E+99,493.999E+00,1.051E+00,+99999.9E+99,+99999.9E+99,11.8772E+00,0.00000E+00,0.00000E+00,12.1813E+00,0.00000E+00,0.00000E+00,4.5601E+00,0.00000E+00,0.00000E+00,10.9670E+00,0.00000E+00,0.00000E+00,4.5463E+00,0.00000E+00,0.00000E+00,18.1410E+00,0.0000E+00,0.0000E+00,4.1902E+00,0.0000E+00,0.0000E+00,7.885E+00,+99999.9E+99,+99999.9E+99,63.603E+00,+99999.9E+99,+99999.9E+99,1.09368E+03,0.00000E+03,0.00000E+03,0.00000E+03,0.00000E+03,0.00000E+03,1.18672E+03,0.00000E+03,0.00000E+03,0.00000E+03,0.00000E+03,0.00000E+03,0.46062E+03,0.00000E+03,0.00000E+03,0.00000E+03,0.00000E+03,0.00000E+03,0.92160E+00,0.00000E+00,0.00000E+00,0.90587E+00,0.99971E+00,0.88064E+00,0.000E+00,-135.584E+00,169.225E+00,154.940E+00,45.789E+00,-39.056E+00,22.839E+00,90.000E+00,90.000E+00,12.6400E+00,0.00000E+00,0.00000E+00,125.065E+00,100.000E+00,100.000E+00,-0.27413E+03,0.00000E+03,0.00000E+03,+99999.9E+99,+99999.9E+99,+99999.9E+99,+99999.9E+99,+99999.9E+99,+99999.9E+99,+99999.9E+99,+99999.9E+99,+99999.9E+99,+99999.9E+99,+99999.9E+99,+99999.9E+99,1B00,0,0,0,1B00,77.0005E+00,77.4693E+00,77.3181E+00,77.2626E+00,71.7261E+00,72.5796E+00,72.3185E+00,72.2081E+00,77.0005E+00,77.4693E+00,77.3181E+00,0.0000E+00,0.0000E+00,0.0000E+00,71.6964E+00,72.2494E+00,72.0322E+00,105.751E+00,106.127E+00,105.534E+00,-104.199E+00,-105.191E+00,-104.263E+00,24.200E+00,24.568E+00,24.491E+00,+99999.9E+99,+99999.9E+99,+99999.9E+99,0.441E+00,14.0336E+00,13.7384E+00,13.8612E+00,13.8777E+00,13.1067E+00,12.9401E+00,12.8876E+00,12.9781E+00,14.0328E+00,13.7362E+00,13.8554E+00,-0.1541E+00,-0.2437E+00,0.3989E+00,9.6355E+00,8.8047E+00,8.9280E+00,27.7419E+00,27.1586E+00,28.6619E+00,-26.4838E+00,-27.2029E+00,-26.7790E+00,45.777E+00,48.692E+00,49.174E+00,+99999.9E+99,+99999.9E+99,+99999.9E+99,6.985E+00,0.45989E+03,0.44912E+03,0.45880E+03,1.36781E+03,0.34588E+03,0.30106E+03,0.32525E+03,0.97218E+03,0.63193E+03,0.61947E+03,0.62725E+03,1.87865E+03,0.39205E+03,0.35497E+03,0.35737E+03,1.10286E+03,-0.43340E+03,-0.42665E+03,-0.42772E+03,-1.28777E+03,-0.18458E+03,-0.18807E+03,-0.14809E+03,-0.52073E+03,-0.72775E+00,-0.72501E+00,-0.73145E+00,-0.72808E+00,-0.88224E+00,-0.84812E+00,-0.91011E+00,-0.88151E+00,0.000E+00,119.939E+00,-119.655E+00,58.337E+00,-178.164E+00,-65.331E+00,-43.302E+00,-43.530E+00,-42.992E+00,-43.274E+00,201.273E+00,202.069E+00,201.830E+00,90.225E+00,+99999.9E+99,+99999.9E+99,0.00013E+06,-0.00078E+06,0.00000E+00,15.565E+00,0.757E+03,0.00123E+06,43.575E+00,F0F08
2021/11/30,17:34:12,00000:00:37,700,38003D00,500,1C00,1C00,3800,99.916E+00,0.000E+00,0.000E+00,110.977E+00,0.000E+00,0.000E+00,0.505E+00,0.000E+00,0.000E+00,99.914E+00,0.000E+00,0.000E+00,0.000E+00,0.000E+00,0.000E+00,100.896E+00,0.000E+00,0.000E+00,98.796E+00,0.000E+00,0.000E+00,20.680E+00,+99999.9E+99,493.999E+00,1.051E+00,+99999.9E+99,+99999.9E+99,11.8772E+00,0.00000E+00,0.00000E+00,12.1813E+00,0.00000E+00,0.00000E+00,4.5601E+00,0.00000E+00,0.00000E+00,10.9670E+00,0.00000E+00,0.00000E+00,4.5463E+00,0.00000E+00,0.00000E+00,18.1410E+00,0.0000E+00,0.0000E+00,4.1902E+00,0.0000E+00,0.0000E+00,7.885E+00,+99999.9E+99,+99999.9E+99,63.603E+00,+99999.9E+99,+99999.9E+99,1.09368E+03,0.00000E+03,0.00000E+03,0.00000E+03,0.00000E+03,0.00000E+03,1.18672E+03,0.00000E+03,0.00000E+03,0.00000E+03,0.00000E+03,0.00000E+03,0.46062E+03,0.00000E+03,0.00000E+03,0.00000E+03,0.00000E+03,0.00000E+03,0.92160E+00,0.00000E+00,0.00000E+00,0.90587E+00,0.99971E+00,0.88064E+00,0.000E+00,-135.584E+00,169.225E+00,154.940E+00,45.789E+00,-39.056E+00,22.839E+00,90.000E+00,90.000E+00,12.6400E+00,0.00000E+00,0.00000E+00,76.910E+00,100.000E+00,100.000E+00,0.25253E+03,0.00000E+03,0.00000E+03,+99999.9E+99,+99999.9E+99,+99999.9E+99,+99999.9E+99,+99999.9E+99,+99999.9E+99,+99999.9E+99,+99999.9E+99,+99999.9E+99,+99999.9E+99,+99999.9E+99,+99999.9E+99,1B00,0,0,0,1B00,76.6657E+00,76.6352E+00,76.3705E+00,76.5572E+00,72.4294E+00,72.5520E+00,71.9284E+00,72.3033E+00,76.6657E+00,76.6352E+00,76.3705E+00,0.0000E+00,0.0000E+00,0.0000E+00,70.7221E+00,70.6152E+00,70.4727E+00,105.777E+00,106.056E+00,105.893E+00,-104.350E+00,-104.409E+00,-105.131E+00,35.816E+00,35.350E+00,35.732E+00,+99999.9E+99,+99999.9E+99,+99999.9E+99,0.205E+00,9.6343E+00,9.2147E+00,9.8276E+00,9.5589E+00,8.2252E+00,7.8662E+00,8.2745E+00,8.1220E+00,9.6343E+00,9.2147E+00,9.8276E+00,0.0000E+00,0.0000E+00,0.0000E+00,13.4591E+00,13.5264E+00,14.0593E+00,26.5119E+00,25.0200E+00,27.2362E+00,-25.5533E+00,-23.3786E+00,-26.6719E+00,42.686E+00,41.934E+00,40.099E+00,+99999.9E+99,+99999.9E+99,+99999.9E+99,2.478E+00,0.27485E+03,0.27331E+03,0.29299E+03,0.84115E+03,0.47013E+03,0.48571E+03,0.49369E+03,1.44953E+03,0.42803E+03,0.40955E+03,0.43561E+03,1.27319E+03,0.54447E+03,0.54833E+03,0.56520E+03,1.65771E+03,-0.32813E+03,-0.30501E+03,-0.32236E+03,-0.95550E+03,-0.27464E+03,-0.25446E+03,-0.27519E+03,-0.80429E+03,-0.64212E+00,-0.66735E+00,-0.67260E+00,-0.66066E+00,-0.86346E+00,-0.88580E+00,-0.87347E+00,-0.87441E+00,0.000E+00,120.177E+00,-119.996E+00,60.236E+00,177.765E+00,-60.743E+00,-50.050E+00,-48.137E+00,-47.732E+00,-48.649E+00,202.245E+00,201.565E+00,201.957E+00,92.355E+00,+99999.9E+99,+99999.9E+99,0.00006E+06,-0.00050E+06,0.00000E+00,9.814E+00,0.756E+03,0.00078E+06,43.938E+00,F0F08
2021/11/30,17:34:12,00000:00:37,750,38003F00,700,1F00,1F00,3F00,99.916E+00,0.000E+00,0.000E+00,110.977E+00,0.000E+00,0.000E+00,0.505E+00,0.000E+00,0.000E+00,99.914E+00,0.000E+00,0.000E+00,0.000E+00,0.000E+00,0.000E+00,100.896E+00,0.000E+00,0.000E+00,98.796E+00,0.000E+00,0.000E+00,60.096E+00,+99999.9E+99,480.830E+00,1.051E+00,+99999.9E+99,+99999.9E+99,11.8772E+00,0.00000E+00,0.00000E+00,12.1813E+00,0.00000E+00,0.00000E+00,4.5601E+00,0.00000E+00,0.00000E+00,10.9670E+00,0.00000E+00,0.00000E+00,4.1897E+00,0.00000E+00,0.00000E+00,18.1410E+00,0.0000E+00,0.0000E+00,4.1902E+00,0.0000E+00,0.0000E+00,43.615E+00,+99999.9E+99,+99999.9E+99,63.603E+00,+99999.9E+99,+99999.9E+99,1.09368E+03,0.00000E+03,0.00000E+03,0.00000E+03,0.00000E+03,0.00000E+03,1.18672E+03,0.00000E+03,0.00000E+03,0.00000E+03,0.00000E+03,0.00000E+03,0.46062E+03,0.00000E+03,0.00000E+03,0.00000E+03,0.00000E+03,0.00000E+03,0.92160E+00,0.00000E+00,0.00000E+00,0.88503E+00,0.30943E+00,0.22942E+00,0.000E+00,104.204E+00,166.949E+00,152.255E+00,-147.771E+00,-116.314E+00,22.839E+00,90.000E+00,90.000E+00,12.6400E+00,0.00000E+00,0.00000E+00,97.601E+00,100.000E+00,100.000E+00,0.02624E+03,0.00000E+03,0.00000E+03,+99999.9E+99,+99999.9E+99,+99999.9E+99,+99999.9E+99,+99999.9E+99,+99999.9E+99,+99999.9E+99,+99999.9E+99,+99999.9E+99,+99999.9E+99,+99999.9E+99,+99999.9E+99,1B00,0,0,0,1B00,76.5024E+00,76.9859E+00,77.0019E+00,76.8301E+00,71.8419E+00,72.7685E+00,72.7780E+00,72.4628E+00,76.5024E+00,76.9859E+00,77.0019E+00,0.0000E+00,0.0000E+00,0.0000E+00,73.0779E+00,73.1795E+00,73.0803E+00,105.757E+00,106.093E+00,105.869E+00,-104.517E+00,-104.797E+00,-105.133E+00,13.369E+00,13.180E+00,13.559E+00,+99999.9E+99,+99999.9E+99,+99999.9E+99,0.090E+00,11.8187E+00,11.5695E+00,11.3674E+00,11.5852E+00,10.2016E+00,10.0664E+00,9.7667E+00,10.0116E+00,11.8178E+00,11.5628E+00,11.3543E+00,-0.1504E+00,-0.3938E+00,0.5453E+00,4.4198E+00,4.1707E+00,4.3985E+00,27.7414E+00,27.2019E+00,28.6095E+00,-26.8419E+00,-27.2505E+00,-26.1867E+00,62.993E+00,64.488E+00,60.939E+00,+99999.9E+99,+99999.9E+99,+99999.9E+99,2.742E+00,0.36702E+03,0.34802E+03,0.35241E+03,1.06745E+03,0.15428E+03,0.15052E+03,0.15918E+03,0.46397E+03,0.52752E+03,0.51565E+03,0.50924E+03,1.55241E+03,0.18187E+03,0.17483E+03,0.18245E+03,0.53904E+03,-0.37891E+03,-0.38049E+03,-0.36761E+03,-1.12701E+03,-0.09630E+03,-0.08893E+03,-0.08916E+03,-0.27439E+03,-0.69575E+00,-0.67492E+00,-0.69202E+00,-0.68761E+00,-0.84829E+00,-0.86095E+00,-0.87247E+00,-0.86074E+00,0.000E+00,120.042E+00,-119.913E+00,62.017E+00,-179.425E+00,-60.659E+00,-45.913E+00,-47.552E+00,-46.210E+00,-46.559E+00,201.024E+00,201.764E+00,201.178E+00,92.733E+00,+99999.9E+99,+99999.9E+99,0.00008E+06,-0.00064E+06,0.00000E+00,12.505E+00,0.756E+03,0.00099E+06,43.594E+00,F0F08
2021/11/30,17:34:13,00000:00:37,800,38003F00,2800,3B00,3B00,3F00,99.991E+00,0.000E+00,0.000E+00,111.061E+00,0.000E+00,0.000E+00,0.514E+00,0.000E+00,0.000E+00,99.990E+00,0.000E+00,0.000E+00,0.000E+00,0.000E+00,0.000E+00,101.039E+00,0.000E+00,0.000E+00,98.807E+00,0.000E+00,0.000E+00,60.096E+00,+99999.9E+99,480.830E+00,1.116E+00,+99999.9E+99,+99999.9E+99,11.5096E+00,0.00000E+00,0.00000E+00,11.6433E+00,0.00000E+00,0.00000E+00,4.7523E+00,0.00000E+00,0.00000E+00,10.4826E+00,0.00000E+00,0.00000E+00,4.1897E+00,0.00000E+00,0.00000E+00,18.3529E+00,0.0000E+00,0.0000E+00,3.4257E+00,0.0000E+00,0.0000E+00,43.615E+00,+99999.9E+99,+99999.9E+99,71.199E+00,+99999.9E+99,+99999.9E+99,1.04596E+03,0.00000E+03,0.00000E+03,0.00000E+03,0.00000E+03,0.00000E+03,1.15085E+03,0.00000E+03,0.00000E+03,0.00000E+03,0.00000E+03,0.00000E+03,0.48002E+03,0.00000E+03,0.00000E+03,0.00000E+03,0.00000E+03,0.00000E+03,0.90886E+00,0.00000E+00,0.00000E+00,0.88503E+00,0.30943E+00,0.22942E+00,0.000E+00,104.204E+00,166.949E+00,152.255E+00,-147.771E+00,-116.314E+00,24.652E+00,90.000E+00,90.000E+00,0.00000E+00,0.00000E+00,0.00000E+00,124.472E+00,100.000E+00,100.000E+00,-0.25597E+03,0.00000E+03,0.00000E+03,+99999.9E+99,+99999.9E+99,+99999.9E+99,+99999.9E+99,+99999.9E+99,+99999.9E+99,+99999.9E+99,+99999.9E+99,+99999.9E+99,+99999.9E+99,+99999.9E+99,+99999.9E+99,1B00,0,0,0,1B00,77.1995E+00,77.2234E+00,76.9848E+00,77.1359E+00,72.2163E+00,72.4397E+00,71.8723E+00,72.1761E+00,77.1995E+00,77.2234E+00,76.9848E+00,0.0000E+00,0.0000E+00,0.0000E+00,70.3790E+00,70.9928E+00,70.8911E+00,105.439E+00,105.701E+00,105.560E+00,-103.867E+00,-104.874E+00,-104.619E+00,34.943E+00,34.878E+00,34.774E+00,+99999.9E+99,+99999.9E+99,+99999.9E+99,0.537E+00,13.6405E+00,13.2066E+00,13.6081E+00,13.4851E+00,12.5649E+00,12.1367E+00,12.5034E+00,12.4016E+00,13.6393E+00,13.2066E+00,13.6068E+00,-0.1742E+00,0.0000E+00,0.1888E+00,14.2433E+00,13.2801E+00,13.2590E+00,27.6352E+00,27.1095E+00,28.7100E+00,-26.5414E+00,-27.1490E+00,-26.8700E+00,39.354E+00,41.798E+00,41.929E+00,+99999.9E+99,+99999.9E+99,+99999.9E+99,4.578E+00,0.43153E+03,0.42355E+03,0.44685E+03,1.30194E+03,0.50962E+03,0.46438E+03,0.49036E+03,1.46435E+03,0.61451E+03,0.59497E+03,0.61177E+03,1.82125E+03,0.57330E+03,0.53637E+03,0.54127E+03,1.64992E+03,-0.43750E+03,-0.41785E+03,-0.41783E+03,-1.27318E+03,-0.26262E+03,-0.26842E+03,-0.22917E+03,-0.76020E+03,-0.70224E+00,-0.71188E+00,-0.73043E+00,-0.71486E+00,-0.88891E+00,-0.86578E+00,-0.90595E+00,-0.88753E+00,0.000E+00,119.813E+00,-119.662E+00,57.552E+00,179.790E+00,-64.851E+00,-45.393E+00,-44.612E+00,-43.078E+00,-44.369E+00,202.070E+00,201.494E+00,201.850E+00,89.429E+00,+99999.9E+99,+99999.9E+99,0.00014E+06,-0.00074E+06,0.00000E+00,14.687E+00,0.757E+03,0.00116E+06,43.804E+00,F0F08
2021/11/30,17:34:13,00000:00:37,850,38003F00,2D00,3F00,3F00,3F00,99.991E+00,0.000E+00,0.000E+00,111.061E+00,0.000E+00,0.000E+00,0.514E+00,0.000E+00,0.000E+00,99.990E+00,0.000E+00,0.000E+00,0.000E+00,0.000E+00,0.000E+00,101.039E+00,0.000E+00,0.000E+00,98.807E+00,0.000E+00,0.000E+00,35.197E+00,+99999.9E+99,465.021E+00,1.116E+00,+99999.9E+99,+99999.9E+99,11.5096E+00,0.00000E+00,0.00000E+00,11.6433E+00,0.00000E+00,0.00000E+00,4.7523E+00,0.00000E+00,0.00000E+00,10.4826E+00,0.00000E+00,0.00000E+00,4.4504E+00,0.00000E+00,0.00000E+00,18.3529E+00,0.0000E+00,0.0000E+00,3.4257E+00,0.0000E+00,0.0000E+00,39.800E+00,+99999.9E+99,+99999.9E+99,71.199E+00,+99999.9E+99,+99999.9E+99,1.04596E+03,0.00000E+03,0.00000E+03,0.00000E+03,0.00000E+03,0.00000E+03,1.15085E+03,0.00000E+03,0.00000E+03,0.00000E+03,0.00000E+03,0.00000E+03,0.48002E+03,0.00000E+03,0.00000E+03,0.00000E+03,0.00000E+03,0.00000E+03,0.90886E+00,0.00000E+00,0.00000E+00,0.93188E+00,0.98645E+00,0.99210E+00,0.000E+00,21.857E+00,171.404E+00,158.730E+00,-148.700E+00,-1.389E+00,24.652E+00,90.000E+00,90.000E+00,0.00000E+00,0.00000E+00,0.00000E+00,74.551E+00,100.000E+00,100.000E+00,0.26619E+03,0.00000E+03,0.00000E+03,+99999.9E+99,+99999.9E+99,+99999.9E+99,+99999.9E+99,+99999.9E+99,+99999.9E+99,+99999.9E+99,+99999.9E+99,+99999.9E+99,+99999.9E+99,+99999.9E+99,+99999.9E+99,1B00,0,0,0,1B00,76.2570E+00,76.6759E+00,76.5073E+00,76.4801E+00,72.1458E+00,72.9207E+00,72.6211E+00,72.5625E+00,76.2570E+00,76.6759E+00,76.5073E+00,0.0000E+00,0.0000E+00,0.0000E+00,71.8886E+00,71.7337E+00,71.6713E+00,105.786E+00,106.080E+00,105.726E+00,-104.670E+00,-106.413E+00,-104.549E+00,27.243E+00,26.206E+00,26.950E+00,+99999.9E+99,+99999.9E+99,+99999.9E+99,0.180E+00,8.2783E+00,8.2285E+00,8.1677E+00,8.2248E+00,7.3769E+00,7.3436E+00,7.2696E+00,7.3300E+00,8.2775E+00,8.2275E+00,8.1639E+00,-0.1194E+00,-0.1292E+00,0.2495E+00,9.7658E+00,9.9457E+00,10.2867E+00,22.3124E+00,20.7076E+00,20.5138E+00,-18.7133E+00,-19.3471E+00,-19.9148E+00,48.270E+00,45.866E+00,44.371E+00,+99999.9E+99,+99999.9E+99,+99999.9E+99,4.193E+00,0.26172E+03,0.25621E+03,0.26184E+03,0.77977E+03,0.33784E+03,0.36139E+03,0.36512E+03,1.06434E+03,0.36610E+03,0.36450E+03,0.36280E+03,1.09339E+03,0.39239E+03,0.40369E+03,0.42051E+03,1.21602E+03,-0.25598E+03,-0.25926E+03,-0.25112E+03,-0.76636E+03,-0.19958E+03,-0.17991E+03,-0.20862E+03,-0.58811E+03,-0.71490E+00,-0.70292E+00,-0.72173E+00,-0.71317E+00,-0.86098E+00,-0.89520E+00,-0.86827E+00,-0.87527E+00,0.000E+00,120.130E+00,-120.040E+00,60.502E+00,176.565E+00,-60.196E+00,-44.365E+00,-45.339E+00,-43.803E+00,-44.507E+00,201.699E+00,201.996E+00,201.952E+00,94.891E+00,+99999.9E+99,+99999.9E+99,0.00004E+06,-0.00048E+06,0.00000E+00,9.344E+00,0.756E+03,0.00074E+06,43.766E+00,F0F08
2021/11/30,17:34:13,00000:00:37,900,38003F00,2800,3B00,3B00,3F00,99.803E+00,0.000E+00,0.000E+00,110.851E+00,0.000E+00,0.000E+00,0.503E+00,0.000E+00,0.000E+00,99.801E+00,0.000E+00,0.000E+00,0.000E+00,0.000E+00,0.000E+00,100.914E+00,0.000E+00,0.000E+00,98.811E+00,0.000E+00,0.000E+00,35.197E+00,+99999.9E+99,465.021E+00,1.054E+00,+99999.9E+99,+99999.9E+99,12.3755E+00,0.00000E+00,0.00000E+00,12.8408E+00,0.00000E+00,0.00000E+00,4.4161E+00,0.00000E+00,0.00000E+00,11.5608E+00,0.00000E+00,0.00000E+00,4.4504E+00,0.00000E+00,0.00000E+00,18.3155E+00,0.0000E+00,0.0000E+00,4.1000E+00,0.0000E+00,0.0000E+00,39.800E+00,+99999.9E+99,+99999.9E+99,61.482E+00,+99999.9E+99,+99999.9E+99,1.15179E+03,0.00000E+03,0.00000E+03,0.00000E+03,0.00000E+03,0.00000E+03,1.23511E+03,0.00000E+03,0.00000E+03,0.00000E+03,0.00000E+03,0.00000E+03,-0.44595E+03,0.00000E+03,0.00000E+03,0.00000E+03,0.00000E+03,0.00000E+03,-0.93254E+00,0.00000E+00,0.00000E+00,0.93188E+00,0.98645E+00,0.99210E+00,0.000E+00,21.857E+00,171.404E+00,158.730E+00,-148.700E+00,-1.389E+00,-21.166E+00,90.000E+00,90.000E+00,9.33186E+00,0.00000E+00,0.00000E+00,109.504E+00,100.000E+00,100.000E+00,-0.10947E+03,0.00000E+03,0.00000E+03,+99999.9E+99,+99999.9E+99,+99999.9E+99,+99999.9E+99,+99999.9E+99,+99999.9E+99,+99999.9E+99,+99999.9E+99,+99999.9E+99,+99999.9E+99,+99999.9E+99,+99999.9E+99,1B00,0,0,0,1B00,77.0767E+00,77.1745E+00,77.1084E+00,77.1199E+00,72.1562E+00,72.5407E+00,72.2771E+00,72.3247E+00,77.0767E+00,77.1745E+00,77.1084E+00,0.0000E+00,0.0000E+00,0.0000E+00,72.7088E+00,73.1212E+00,72.9989E+00,105.711E+00,106.049E+00,105.777E+00,-104.581E+00,-104.743E+00,-104.833E+00,16.477E+00,16.597E+00,16.929E+00,+99999.9E+99,+99999.9E+99,+99999.9E+99,0.344E+00,13.4149E+00,12.9506E+00,13.1489E+00,13.1715E+00,12.2178E+00,11.7443E+00,11.8141E+00,11.9254E+00,13.4137E+00,12.9468E+00,13.1397E+00,-0.1779E+00,-0.3129E+00,0.4919E+00,6.4935E+00,5.8274E+00,5.7079E+00,27.6376E+00,27.1505E+00,28.5014E+00,-26.6871E+00,-26.9157E+00,-26.7890E+00,49.358E+00,53.846E+00,54.800E+00,+99999.9E+99,+99999.9E+99,+99999.9E+99,6.995E+00,0.42876E+03,0.40745E+03,0.42505E+03,1.26126E+03,0.23439E+03,0.20445E+03,0.22006E+03,0.65891E+03,0.60425E+03,0.58177E+03,0.59070E+03,1.77672E+03,0.26153E+03,0.23612E+03,0.23835E+03,0.73500E+03,-0.42577E+03,-0.41526E+03,-0.41019E+03,-1.25122E+03,-0.11600E+03,-0.11811E+03,-0.09157E+03,-0.32567E+03,-0.70957E+00,-0.70037E+00,-0.71957E+00,-0.70988E+00,-0.89626E+00,-0.86591E+00,-0.92326E+00,-0.89648E+00,0.000E+00,119.922E+00,-119.752E+00,56.521E+00,179.879E+00,-67.293E+00,-44.800E+00,-45.544E+00,-43.981E+00,-44.775E+00,201.739E+00,201.380E+00,201.659E+00,90.972E+00,+99999.9E+99,+99999.9E+99,0.00011E+06,-0.00074E+06,0.00000E+00,14.476E+00,0.757E+03,0.00115E+06,43.722E+00,F0F08
2021/11/30,17:34:13,00000:00:37,950,38003800,0,1800,1800,3800,99.920E+00,0.000E+00,0.000E+00,110.982E+00,0.000E+00,0.000E+00,0.508E+00,0.000E+00,0.000E+00,99.919E+00,0.000E+00,0.000E+00,0.000E+00,0.000E+00,0.000E+00,100.925E+00,0.000E+00,0.000E+00,98.861E+00,0.000E+00,0.000E+00,99.937E+00,+99999.9E+99,+99999.9E+99,1.033E+00,+99999.9E+99,+99999.9E+99,11.8451E+00,0.00000E+00,0.00000E+00,12.1330E+00,0.00000E+00,0.00000E+00,4.5808E+00,0.00000E+00,0.00000E+00,10.9235E+00,0.00000E+00,0.00000E+00,3.0569E+00,0.00000E+00,0.00000E+00,18.1719E+00,0.0000E+00,0.0000E+00,4.1602E+00,0.0000E+00,0.0000E+00,100.442E+00,+99999.9E+99,+99999.9E+99,64.135E+00,+99999.9E+99,+99999.9E+99,1.08937E+03,0.00000E+03,0.00000E+03,0.00000E+03,0.00000E+03,0.00000E+03,1.18356E+03,0.00000E+03,0.00000E+03,0.00000E+03,0.00000E+03,0.00000E+03,0.46269E+03,0.00000E+03,0.00000E+03,0.00000E+03,0.00000E+03,0.00000E+03,0.92042E+00,0.00000E+00,0.00000E+00,0.83246E+00,0.27515E+00,0.97243E+00,0.000E+00,22.197E+00,152.145E+00,146.352E+00,96.226E+00,165.630E+00,23.013E+00,90.000E+00,90.000E+00,12.5698E+00,0.00000E+00,0.00000E+00,100.126E+00,100.000E+00,100.000E+00,-0.00137E+03,0.00000E+03,0.00000E+03,+99999.9E+99,+99999.9E+99,+99999.9E+99,+99999.9E+99,+99999.9E+99,+99999.9E+99,+99999.9E+99,+99999.9E+99,+99999.9E+99,+99999.9E+99,+99999.9E+99,+99999.9E+99,1B00,0,0,0,1B00,76.7492E+00,77.0775E+00,76.8349E+00,76.8872E+00,72.0278E+00,72.6441E+00,72.1890E+00,72.2870E+00,76.7492E+00,77.0775E+00,76.8349E+00,0.0000E+00,0.0000E+00,0.0000E+00,70.0284E+00,70.2468E+00,70.1578E+00,105.414E+00,105.793E+00,105.581E+00,-104.251E+00,-104.769E+00,-104.491E+00,38.920E+00,38.774E+00,38.784E+00,+99999.9E+99,+99999.9E+99,+99999.9E+99,0.185E+00,11.9517E+00,11.7873E+00,12.0657E+00,11.9349E+00,10.4625E+00,10.3844E+00,10.5805E+00,10.4758E+00,11.9511E+00,11.7873E+00,12.0657E+00,-0.1191E+00,0.0000E+00,0.0000E+00,15.3671E+00,14.9627E+00,15.1579E+00,27.8571E+00,27.0705E+00,28.5524E+00,-26.4257E+00,-27.1995E+00,-26.5629E+00,39.457E+00,40.410E+00,39.526E+00,+99999.9E+99,+99999.9E+99,+99999.9E+99,1.629E+00,0.35786E+03,0.36007E+03,0.37281E+03,1.09075E+03,0.54219E+03,0.52658E+03,0.54293E+03,1.61169E+03,0.53400E+03,0.52794E+03,0.54123E+03,1.60316E+03,0.62025E+03,0.60369E+03,0.61327E+03,1.83707E+03,-0.39634E+03,-0.38609E+03,-0.39235E+03,-1.17479E+03,-0.30124E+03,-0.29522E+03,-0.28518E+03,-0.88164E+03,-0.67016E+00,-0.68204E+00,-0.68882E+00,-0.68037E+00,-0.87414E+00,-0.87227E+00,-0.88530E+00,-0.87732E+00,0.000E+00,119.975E+00,-119.855E+00,59.161E+00,179.211E+00,-62.209E+00,-47.921E+00,-46.997E+00,-46.463E+00,-47.127E+00,201.958E+00,202.346E+00,201.858E+00,89.993E+00,+99999.9E+99,+99999.9E+99,0.00011E+06,-0.00062E+06,0.00000E+00,12.380E+00,0.757E+03,0.00098E+06,43.762E+00,F0F0F
2021/11/30,17:34:13,00000:00:38,0,38003F00,700,1F00,1F00,3F00,99.920E+00,0.000E+00,0.000E+00,110.982E+00,0.000E+00,0.000E+00,0.508E+00,0.000E+00,0.000E+00,99.919E+00,0.000E+00,0.000E+00,0.000E+00,0.000E+00,0.000E+00,100.925E+00,0.000E+00,0.000E+00,98.861E+00,0.000E+00,0.000E+00,99.937E+00,+99999.9E+99,+99999.9E+99,1.033E+00,+99999.9E+99,+99999.9E+99,11.8451E+00,0.00000E+00,0.00000E+00,12.1330E+00,0.00000E+00,0.00000E+00,4.5808E+00,0.00000E+00,0.00000E+00,10.9235E+00,0.00000E+00,0.00000E+00,3.0569E+00,0.00000E+00,0.00000E+00,18.1719E+00,0.0000E+00,0.0000E+00,4.1602E+00,0.0000E+00,0.0000E+00,100.442E+00,+99999.9E+99,+99999.9E+99,64.135E+00,+99999.9E+99,+99999.9E+99,1.08937E+03,0.00000E+03,0.00000E+03,0.00000E+03,0.00000E+03,0.00000E+03,1.18356E+03,0.00000E+03,0.00000E+03,0.00000E+03,0.00000E+03,0.00000E+03,0.46269E+03,0.00000E+03,0.00000E+03,0.00000E+03,0.00000E+03,0.00000E+03,0.92042E+00,0.00000E+00,0.00000E+00,0.83246E+00,0.27515E+00,0.97243E+00,0.000E+00,22.197E+00,152.145E+00,146.352E+00,96.226E+00,165.630E+00,23.013E+00,90.000E+00,90.000E+00,12.5698E+00,0.00000E+00,0.00000E+00,77.264E+00,100.000E+00,100.000E+00,0.24768E+03,0.00000E+03,0.00000E+03,+99999.9E+99,+99999.9E+99,+99999.9E+99,+99999.9E+99,+99999.9E+99,+99999.9E+99,+99999.9E+99,+99999.9E+99,+99999.9E+99,+99999.9E+99,+99999.9E+99,+99999.9E+99,1B00,0,0,0,1B00,76.5327E+00,76.6618E+00,76.5599E+00,76.5848E+00,72.3490E+00,72.7715E+00,72.4491E+00,72.5232E+00,76.5327E+00,76.6618E+00,76.5599E+00,0.0000E+00,0.0000E+00,0.0000E+00,72.8748E+00,72.7270E+00,72.6459E+00,105.751E+00,106.173E+00,105.847E+00,-104.161E+00,-105.290E+00,-104.454E+00,18.393E+00,17.947E+00,18.016E+00,+99999.9E+99,+99999.9E+99,+99999.9E+99,0.183E+00,9.5269E+00,9.0152E+00,9.1533E+00,9.2318E+00,8.1964E+00,7.7585E+00,7.7946E+00,7.9165E+00,9.5255E+00,9.0121E+00,9.1446E+00,-0.1618E+00,-0.2354E+00,0.3981E+00,6.1202E+00,6.4044E+00,6.8190E+00,26.0929E+00,24.1419E+00,25.1214E+00,-26.5248E+00,-25.5210E+00,-22.5467E+00,57.004E+00,52.859E+00,49.994E+00,+99999.9E+99,+99999.9E+99,+99999.9E+99,4.937E+00,0.28841E+03,0.26913E+03,0.28416E+03,0.84170E+03,0.21896E+03,0.23539E+03,0.24058E+03,0.69493E+03,0.42345E+03,0.39993E+03,0.40612E+03,1.22949E+03,0.25462E+03,0.26124E+03,0.27579E+03,0.79114E+03,-0.31004E+03,-0.29583E+03,-0.29015E+03,-0.89602E+03,-0.12996E+03,-0.11332E+03,-0.13483E+03,-0.37811E+03,-0.68110E+00,-0.67295E+00,-0.69969E+00,-0.68459E+00,-0.85994E+00,-0.90103E+00,-0.87234E+00,-0.87840E+00,0.000E+00,120.136E+00,-120.036E+00,60.621E+00,175.808E+00,-60.664E+00,-47.071E+00,-47.705E+00,-45.598E+00,-46.797E+00,202.087E+00,201.417E+00,202.153E+00,94.871E+00,+99999.9E+99,+99999.9E+99,0.00004E+06,-0.00053E+06,0.00000E+00,10.081E+00,0.756E+03,0.00080E+06,43.857E+00,F0F0F
2021/11/30,17:34:13,00000:00:38,50,38003F00,500,1F00,1F00,3F00,99.920E+00,0.000E+00,0.000E+00,110.982E+00,0.000E+00,0.000E+00,0.508E+00,0.000E+00,0.000E+00,99.919E+00,0.000E+00,0.000E+00,0.000E+00,0.000E+00,0.000E+00,100.925E+00,0.000E+00,0.000E+00,98.861E+00,0.000E+00,0.000E+00,18.060E+00,482.018E+00,+99999.9E+99,1.033E+00,+99999.9E+99,+99999.9E+99,11.8451E+00,0.00000E+00,0.00000E+00,12.1330E+00,0.00000E+00,0.00000E+00,4.5808E+00,0.00000E+00,0.00000E+00,10.9235E+00,0.00000E+00,0.00000E+00,4.6856E+00,0.00000E+00,0.00000E+00,18.1719E+00,0.0000E+00,0.0000E+00,4.1602E+00,0.0000E+00,0.0000E+00,8.598E+00,+99999.9E+99,+99999.9E+99,64.135E+00,+99999.9E+99,+99999.9E+99,1.08937E+03,0.00000E+03,0.00000E+03,0.00000E+03,0.00000E+03,0.00000E+03,1.18356E+03,0.00000E+03,0.00000E+03,0.00000E+03,0.00000E+03,0.00000E+03,0.46269E+03,0.00000E+03,0.00000E+03,0.00000E+03,0.00000E+03,0.00000E+03,0.92042E+00,0.00000E+00,0.00000E+00,0.91849E+00,0.55167E+00,0.10038E+00,0.000E+00,-148.916E+00,177.463E+00,156.706E+00,154.565E+00,-98.298E+00,23.013E+00,90.000E+00,90.000E+00,12.5698E+00,0.00000E+00,0.00000E+00,124.289E+00,100.000E+00,100.000E+00,-0.26460E+03,0.00000E+03,0.00000E+03,+99999.9E+99,+99999.9E+99,+99999.9E+99,+99999.9E+99,+99999.9E+99,+99999.9E+99,+99999.9E+99,+99999.9E+99,+99999.9E+99,+99999.9E+99,+99999.9E+99,+99999.9E+99,1B00,0,0,0,1B00,77.0170E+00,77.4511E+00,77.3524E+00,77.2735E+00,71.7152E+00,72.5465E+00,72.3520E+00,72.2046E+00,77.0170E+00,77.4511E+00,77.3524E+00,0.0000E+00,0.0000E+00,0.0000E+00,71.7472E+00,72.3241E+00,72.1185E+00,105.600E+00,106.053E+00,105.639E+00,-105.076E+00,-104.470E+00,-104.681E+00,25.275E+00,25.519E+00,25.437E+00,+99999.9E+99,+99999.9E+99,+99999.9E+99,0.464E+00,13.9541E+00,13.6373E+00,13.7582E+00,13.7832E+00,13.0375E+00,12.8514E+00,12.7950E+00,12.8946E+00,13.9533E+00,13.6350E+00,13.7523E+00,-0.1519E+00,-0.2501E+00,0.4030E+00,10.1552E+00,9.2984E+00,9.4377E+00,27.5390E+00,27.2657E+00,28.5838E+00,-26.6924E+00,-26.9681E+00,-26.6657E+00,44.052E+00,46.897E+00,47.256E+00,+99999.9E+99,+99999.9E+99,+99999.9E+99,6.767E+00,0.45600E+03,0.44382E+03,0.45415E+03,1.35398E+03,0.37044E+03,0.32439E+03,0.34917E+03,1.04399E+03,0.62894E+03,0.61469E+03,0.62237E+03,1.86599E+03,0.41429E+03,0.37575E+03,0.37940E+03,1.16792E+03,-0.43316E+03,-0.42528E+03,-0.42554E+03,-1.28398E+03,-0.18550E+03,-0.18963E+03,-0.14842E+03,-0.52355E+03,-0.72503E+00,-0.72203E+00,-0.72972E+00,-0.72561E+00,-0.89415E+00,-0.86331E+00,-0.92031E+00,-0.89389E+00,0.000E+00,119.917E+00,-119.650E+00,56.861E+00,-179.862E+00,-66.794E+00,-43.528E+00,-43.778E+00,-43.137E+00,-43.481E+00,201.343E+00,202.203E+00,201.098E+00,89.981E+00,+99999.9E+99,+99999.9E+99,0.00014E+06,-0.00077E+06,0.00000E+00,15.356E+00,0.758E+03,0.00122E+06,43.558E+00,F0F08
2021/11/30,17:34:13,00000:00:38,100,38003F00,500,1F00,1F00,3F00,99.920E+00,0.000E+00,0.000E+00,110.982E+00,0.000E+00,0.000E+00,0.508E+00,0.000E+00,0.000E+00,99.919E+00,0.000E+00,0.000E+00,0.000E+00,0.000E+00,0.000E+00,100.925E+00,0.000E+00,0.000E+00,98.861E+00,0.000E+00,0.000E+00,67.435E+00,318.936E+00,484.940E+00,1.033E+00,+99999.9E+99,+99999.9E+99,11.8451E+00,0.00000E+00,0.00000E+00,12.1330E+00,0.00000E+00,0.00000E+00,4.5808E+00,0.00000E+00,0.00000E+00,10.9235E+00,0.00000E+00,0.00000E+00,4.1462E+00,0.00000E+00,0.00000E+00,18.1719E+00,0.0000E+00,0.0000E+00,4.1602E+00,0.0000E+00,0.0000E+00,49.215E+00,+99999.9E+99,+99999.9E+99,64.135E+00,+99999.9E+99,+99999.9E+99,1.08937E+03,0.00000E+03,0.00000E+03,0.00000E+03,0.00000E+03,0.00000E+03,1.18356E+03,0.00000E+03,0.00000E+03,0.00000E+03,0.00000E+03,0.00000E+03,0.46269E+03,0.00000E+03,0.00000E+03,0.00000E+03,0.00000E+03,0.00000E+03,0.92042E+00,0.00000E+00,0.00000E+00,0.88343E+00,0.01877E+00,0.59444E+00,0.000E+00,35.434E+00,141.462E+00,152.059E+00,-53.491E+00,-92.065E+00,23.013E+00,90.000E+00,90.000E+00,12.5698E+00,0.00000E+00,0.00000E+00,80.080E+00,100.000E+00,100.000E+00,0.21701E+03,0.00000E+03,0.00000E+03,+99999.9E+99,+99999.9E+99,+99999.9E+99,+99999.9E+99,+99999.9E+99,+99999.9E+99,+99999.9E+99,+99999.9E+99,+99999.9E+99,+99999.9E+99,+99999.9E+99,+99999.9E+99,1B00,0,0,0,1B00,76.7393E+00,76.6762E+00,76.4045E+00,76.6067E+00,72.6206E+00,72.7033E+00,72.0694E+00,72.4644E+00,76.7393E+00,76.6762E+00,76.4045E+00,0.0000E+00,0.0000E+00,0.0000E+00,70.7640E+00,70.6533E+00,70.5113E+00,105.887E+00,106.091E+00,105.741E+00,-104.717E+00,-104.877E+00,-104.446E+00,35.758E+00,35.291E+00,35.705E+00,+99999.9E+99,+99999.9E+99,+99999.9E+99,0.208E+00,9.7363E+00,9.3140E+00,9.9192E+00,9.6565E+00,8.4282E+00,8.0686E+00,8.4664E+00,8.3211E+00,9.7356E+00,9.3140E+00,9.9192E+00,-0.1196E+00,0.0000E+00,0.0000E+00,13.3776E+00,13.4508E+00,13.9770E+00,26.3957E+00,24.8271E+00,27.0681E+00,-25.5857E+00,-23.3557E+00,-26.8276E+00,42.907E+00,42.100E+00,40.282E+00,+99999.9E+99,+99999.9E+99,+99999.9E+99,2.483E+00,0.28582E+03,0.28329E+03,0.30326E+03,0.87237E+03,0.46615E+03,0.48197E+03,0.48956E+03,1.43768E+03,0.43340E+03,0.41476E+03,0.44026E+03,1.28842E+03,0.54121E+03,0.54531E+03,0.56194E+03,1.64816E+03,-0.32580E+03,-0.30294E+03,-0.31916E+03,-0.94790E+03,-0.27498E+03,-0.25507E+03,-0.27587E+03,-0.80592E+03,-0.65948E+00,-0.68301E+00,-0.68883E+00,-0.67708E+00,-0.86131E+00,-0.88385E+00,-0.87120E+00,-0.87229E+00,0.000E+00,120.177E+00,-119.998E+00,60.477E+00,178.006E+00,-60.478E+00,-48.740E+00,-46.921E+00,-46.463E+00,-47.384E+00,202.141E+00,201.798E+00,202.668E+00,92.122E+00,+99999.9E+99,+99999.9E+99,0.00007E+06,-0.00052E+06,0.00000E+00,10.140E+00,0.757E+03,0.00080E+06,43.841E+00,F0F08
2021/11/30,17:34:13,00000:00:38,150,38003F00,700,1C00,1C00,3800,99.920E+00,0.000E+00,0.000E+00,110.982E+00,0.000E+00,0.000E+00,0.508E+00,0.000E+00,0.000E+00,99.919E+00,0.000E+00,0.000E+00,0.000E+00,0.000E+00,0.000E+00,100.925E+00,0.000E+00,0.000E+00,98.861E+00,0.000E+00,0.000E+00,67.435E+00,318.936E+00,484.940E+00,1.033E+00,+99999.9E+99,+99999.9E+99,11.8451E+00,0.00000E+00,0.00000E+00,12.1330E+00,0.00000E+00,0.00000E+00,4.5808E+00,0.00000E+00,0.00000E+00,10.9235E+00,0.00000E+00,0.00000E+00,4.1462E+00,0.00000E+00,0.00000E+00,18.1719E+00,0.0000E+00,0.0000E+00,4.1602E+00,0.0000E+00,0.0000E+00,49.215E+00,+99999.9E+99,+99999.9E+99,64.135E+00,+99999.9E+99,+99999.9E+99,1.08937E+03,0.00000E+03,0.00000E+03,0.00000E+03,0.00000E+03,0.00000E+03,1.18356E+03,0.00000E+03,0.00000E+03,0.00000E+03,0.00000E+03,0.00000E+03,0.46269E+03,0.00000E+03,0.00000E+03,0.00000E+03,0.00000E+03,0.00000E+03,0.92042E+00,0.00000E+00,0.00000E+00,0.88343E+00,0.01877E+00,0.59444E+00,0.000E+00,35.434E+00,141.462E+00,152.059E+00,-53.491E+00,-92.065E+00,23.013E+00,90.000E+00,90.000E+00,12.5698E+00,0.00000E+00,0.00000E+00,96.160E+00,100.000E+00,100.000E+00,0.04183E+03,0.00000E+03,0.00000E+03,+99999.9E+99,+99999.9E+99,+99999.9E+99,+99999.9E+99,+99999.9E+99,+99999.9E+99,+99999.9E+99,+99999.9E+99,+99999.9E+99,+99999.9E+99,+99999.9E+99,+99999.9E+99,1B00,0,0,0,1B00,76.5351E+00,77.0210E+00,77.0499E+00,76.8686E+00,71.8549E+00,72.7993E+00,72.8338E+00,72.4960E+00,76.5351E+00,77.0209E+00,77.0499E+00,0.0000E+00,0.0000E+00,0.0000E+00,73.1441E+00,73.2539E+00,73.1496E+00,105.789E+00,106.107E+00,105.640E+00,-105.249E+00,-104.647E+00,-104.519E+00,13.892E+00,13.725E+00,14.007E+00,+99999.9E+99,+99999.9E+99,+99999.9E+99,0.095E+00,11.6895E+00,11.4314E+00,11.2336E+00,11.4515E+00,10.0852E+00,9.9301E+00,9.6313E+00,9.8822E+00,11.6882E+00,11.4255E+00,11.2202E+00,-0.1793E+00,-0.3682E+00,0.5486E+00,4.8115E+00,4.5574E+00,4.7847E+00,27.6281E+00,27.1457E+00,28.6819E+00,-26.5809E+00,-26.7929E+00,-26.1905E+00,58.608E+00,60.236E+00,56.717E+00,+99999.9E+99,+99999.9E+99,+99999.9E+99,2.706E+00,0.36082E+03,0.34075E+03,0.34597E+03,1.04754E+03,0.17309E+03,0.16851E+03,0.17787E+03,0.51946E+03,0.52211E+03,0.50975E+03,0.50347E+03,1.53533E+03,0.19894E+03,0.19124E+03,0.19936E+03,0.58943E+03,-0.37737E+03,-0.37913E+03,-0.36576E+03,-1.12226E+03,-0.09807E+03,-0.09044E+03,-0.09003E+03,-0.27854E+03,-0.69107E+00,-0.66846E+00,-0.68718E+00,-0.68229E+00,-0.87005E+00,-0.88112E+00,-0.89221E+00,-0.88130E+00,0.000E+00,120.043E+00,-119.907E+00,59.582E+00,178.220E+00,-63.061E+00,-46.285E+00,-48.051E+00,-46.593E+00,-46.977E+00,202.114E+00,202.115E+00,201.460E+00,92.976E+00,+99999.9E+99,+99999.9E+99,0.00007E+06,-0.00063E+06,0.00000E+00,12.288E+00,0.757E+03,0.00097E+06,43.826E+00,F0F08
2021/11/30,17:34:13,00000:00:38,200,38003F00,2800,3B00,3B00,3F00,99.987E+00,0.000E+00,0.000E+00,111.057E+00,0.000E+00,0.000E+00,0.509E+00,0.000E+00,0.000E+00,99.986E+00,0.000E+00,0.000E+00,0.000E+00,0.000E+00,0.000E+00,100.957E+00,0.000E+00,0.000E+00,98.796E+00,0.000E+00,0.000E+00,35.071E+00,418.904E+00,388.764E+00,1.081E+00,+99999.9E+99,+99999.9E+99,11.5190E+00,0.00000E+00,0.00000E+00,11.6876E+00,0.00000E+00,0.00000E+00,4.6864E+00,0.00000E+00,0.00000E+00,10.5226E+00,0.00000E+00,0.00000E+00,4.2655E+00,0.00000E+00,0.00000E+00,18.2502E+00,0.0000E+00,0.0000E+00,3.2186E+00,0.0000E+00,0.0000E+00,39.668E+00,+99999.9E+99,+99999.9E+99,71.426E+00,+99999.9E+99,+99999.9E+99,1.04998E+03,0.00000E+03,0.00000E+03,0.00000E+03,0.00000E+03,0.00000E+03,1.15175E+03,0.00000E+03,0.00000E+03,0.00000E+03,0.00000E+03,0.00000E+03,0.47337E+03,0.00000E+03,0.00000E+03,0.00000E+03,0.00000E+03,0.00000E+03,0.91163E+00,0.00000E+00,0.00000E+00,0.93474E+00,0.91716E+00,0.75676E+00,0.000E+00,-84.425E+00,138.689E+00,159.186E+00,119.060E+00,-0.491E+00,24.268E+00,90.000E+00,90.000E+00,0.00000E+00,0.00000E+00,0.00000E+00,121.777E+00,100.000E+00,100.000E+00,-0.22865E+03,0.00000E+03,0.00000E+03,+99999.9E+99,+99999.9E+99,+99999.9E+99,+99999.9E+99,+99999.9E+99,+99999.9E+99,+99999.9E+99,+99999.9E+99,+99999.9E+99,+99999.9E+99,+99999.9E+99,+99999.9E+99,1B00,0,0,0,1B00,77.2388E+00,77.2429E+00,77.0104E+00,77.1640E+00,72.2439E+00,72.4319E+00,71.8750E+00,72.1836E+00,77.2388E+00,77.2429E+00,77.0104E+00,0.0000E+00,0.0000E+00,0.0000E+00,71.0540E+00,71.7415E+00,71.5402E+00,105.213E+00,105.677E+00,105.553E+00,-104.327E+00,-104.907E+00,-104.600E+00,30.140E+00,30.350E+00,30.313E+00,+99999.9E+99,+99999.9E+99,+99999.9E+99,0.564E+00,13.4652E+00,13.0364E+00,13.4364E+00,13.3126E+00,12.4136E+00,11.9947E+00,12.3603E+00,12.2562E+00,13.4643E+00,13.0364E+00,13.4351E+00,-0.1557E+00,0.0000E+00,0.1815E+00,12.3953E+00,11.2427E+00,11.3934E+00,27.5567E+00,26.8200E+00,28.7776E+00,-26.4671E+00,-26.1548E+00,-26.7081E+00,41.008E+00,44.402E+00,44.335E+00,+99999.9E+99,+99999.9E+99,+99999.9E+99,6.119E+00,0.42371E+03,0.41597E+03,0.43895E+03,1.27863E+03,0.44452E+03,0.39358E+03,0.42157E+03,1.25967E+03,0.60698E+03,0.58751E+03,0.60420E+03,1.79868E+03,0.49943E+03,0.45779E+03,0.46165E+03,1.41732E+03,-0.43461E+03,-0.41489E+03,-0.41519E+03,-1.26469E+03,-0.22768E+03,-0.23381E+03,-0.18815E+03,-0.64964E+03,-0.69807E+00,-0.70803E+00,-0.72649E+00,-0.71087E+00,-0.89004E+00,-0.85974E+00,-0.91318E+00,-0.88877E+00,0.000E+00,119.874E+00,-119.591E+00,57.437E+00,-179.508E+00,-65.761E+00,-45.728E+00,-44.925E+00,-43.407E+00,-44.694E+00,201.394E+00,201.605E+00,202.019E+00,89.788E+00,+99999.9E+99,+99999.9E+99,0.00013E+06,-0.00073E+06,0.00000E+00,14.467E+00,0.758E+03,0.00115E+06,43.557E+00,F0F08
2021/11/30,17:34:13,00000:00:38,250,38003F00,2D00,3F00,3F00,3F00,99.987E+00,0.000E+00,0.000E+00,111.057E+00,0.000E+00,0.000E+00,0.509E+00,0.000E+00,0.000E+00,99.986E+00,0.000E+00,0.000E+00,0.000E+00,0.000E+00,0.000E+00,100.957E+00,0.000E+00,0.000E+00,98.796E+00,0.000E+00,0.000E+00,35.071E+00,418.904E+00,388.764E+00,1.081E+00,+99999.9E+99,+99999.9E+99,11.5190E+00,0.00000E+00,0.00000E+00,11.6876E+00,0.00000E+00,0.00000E+00,4.6864E+00,0.00000E+00,0.00000E+00,10.5226E+00,0.00000E+00,0.00000E+00,4.2655E+00,0.00000E+00,0.00000E+00,18.2502E+00,0.0000E+00,0.0000E+00,3.2186E+00,0.0000E+00,0.0000E+00,39.668E+00,+99999.9E+99,+99999.9E+99,71.426E+00,+99999.9E+99,+99999.9E+99,1.04998E+03,0.00000E+03,0.00000E+03,0.00000E+03,0.00000E+03,0.00000E+03,1.15175E+03,0.00000E+03,0.00000E+03,0.00000E+03,0.00000E+03,0.00000E+03,0.47337E+03,0.00000E+03,0.00000E+03,0.00000E+03,0.00000E+03,0.00000E+03,0.91163E+00,0.00000E+00,0.00000E+00,0.93474E+00,0.91716E+00,0.75676E+00,0.000E+00,-84.425E+00,138.689E+00,159.186E+00,119.060E+00,-0.491E+00,24.268E+00,90.000E+00,90.000E+00,0.00000E+00,0.00000E+00,0.00000E+00,73.523E+00,100.000E+00,100.000E+00,0.27801E+03,0.00000E+03,0.00000E+03,+99999.9E+99,+99999.9E+99,+99999.9E+99,+99999.9E+99,+99999.9E+99,+99999.9E+99,+99999.9E+99,+99999.9E+99,+99999.9E+99,+99999.9E+99,+99999.9E+99,+99999.9E+99,1B00,0,0,0,1B00,76.2899E+00,76.6522E+00,76.5148E+00,76.4856E+00,72.1933E+00,72.8873E+00,72.6232E+00,72.5679E+00,76.2899E+00,76.6522E+00,76.5148E+00,0.0000E+00,0.0000E+00,0.0000E+00,71.3450E+00,71.2348E+00,71.0657E+00,105.687E+00,106.121E+00,105.829E+00,-103.839E+00,-104.930E+00,-105.177E+00,31.770E+00,31.033E+00,31.656E+00,+99999.9E+99,+99999.9E+99,+99999.9E+99,0.238E+00,8.2302E+00,8.1726E+00,8.1177E+00,8.1735E+00,7.3284E+00,7.2859E+00,7.2205E+00,7.2783E+00,8.2292E+00,8.1718E+00,8.1140E+00,-0.1235E+00,-0.1199E+00,0.2443E+00,11.6805E+00,11.6880E+00,12.3013E+00,22.1871E+00,20.8176E+00,20.3871E+00,-18.7924E+00,-19.1243E+00,-19.8695E+00,45.278E+00,44.117E+00,42.068E+00,+99999.9E+99,+99999.9E+99,+99999.9E+99,3.476E+00,0.25915E+03,0.25337E+03,0.25945E+03,0.77197E+03,0.40163E+03,0.42306E+03,0.42994E+03,1.25464E+03,0.36417E+03,0.36195E+03,0.36048E+03,1.08660E+03,0.46886E+03,0.47681E+03,0.49559E+03,1.44077E+03,-0.25586E+03,-0.25848E+03,-0.25026E+03,-0.76460E+03,-0.24191E+03,-0.21992E+03,-0.24649E+03,-0.70832E+03,-0.71161E+00,-0.70002E+00,-0.71975E+00,-0.71045E+00,-0.85662E+00,-0.88728E+00,-0.86754E+00,-0.87081E+00,0.000E+00,120.210E+00,-119.979E+00,61.005E+00,177.598E+00,-60.018E+00,-44.634E+00,-45.572E+00,-43.966E+00,-44.729E+00,202.430E+00,202.072E+00,202.033E+00,95.073E+00,+99999.9E+99,+99999.9E+99,0.00004E+06,-0.00048E+06,0.00000E+00,9.267E+00,0.756E+03,0.00073E+06,43.959E+00,F0F08
2021/11/30,17:34:13,00000:00:38,300,38003F00,2800,3B00,3B00,3F00,99.813E+00,0.000E+00,0.000E+00,110.863E+00,0.000E+00,0.000E+00,0.500E+00,0.000E+00,0.000E+00,99.811E+00,0.000E+00,0.000E+00,0.000E+00,0.000E+00,0.000E+00,100.950E+00,0.000E+00,0.000E+00,98.804E+00,0.000E+00,0.000E+00,35.071E+00,418.904E+00,388.764E+00,1.075E+00,+99999.9E+99,+99999.9E+99,12.2417E+00,0.00000E+00,0.00000E+00,12.7083E+00,0.00000E+00,0.00000E+00,4.3533E+00,0.00000E+00,0.00000E+00,11.4415E+00,0.00000E+00,0.00000E+00,4.2655E+00,0.00000E+00,0.00000E+00,18.2264E+00,0.0000E+00,0.0000E+00,4.1200E+00,0.0000E+00,0.0000E+00,39.668E+00,+99999.9E+99,+99999.9E+99,61.646E+00,+99999.9E+99,+99999.9E+99,1.14005E+03,0.00000E+03,0.00000E+03,0.00000E+03,0.00000E+03,0.00000E+03,1.22187E+03,0.00000E+03,0.00000E+03,0.00000E+03,0.00000E+03,0.00000E+03,-0.43963E+03,0.00000E+03,0.00000E+03,0.00000E+03,0.00000E+03,0.00000E+03,-0.93303E+00,0.00000E+00,0.00000E+00,0.93474E+00,0.91716E+00,0.75676E+00,0.000E+00,-84.425E+00,138.689E+00,159.186E+00,119.060E+00,-0.491E+00,-21.088E+00,90.000E+00,90.000E+00,9.34494E+00,0.00000E+00,0.00000E+00,110.639E+00,100.000E+00,100.000E+00,-0.12129E+03,0.00000E+03,0.00000E+03,+99999.9E+99,+99999.9E+99,+99999.9E+99,+99999.9E+99,+99999.9E+99,+99999.9E+99,+99999.9E+99,+99999.9E+99,+99999.9E+99,+99999.9E+99,+99999.9E+99,+99999.9E+99,1B00,0,0,0,1B00,77.0727E+00,77.2173E+00,77.1094E+00,77.1331E+00,72.1517E+00,72.5778E+00,72.2593E+00,72.3296E+00,77.0727E+00,77.2173E+00,77.1094E+00,0.0000E+00,0.0000E+00,0.0000E+00,73.0406E+00,73.2974E+00,73.1573E+00,105.831E+00,106.163E+00,105.871E+00,-104.337E+00,-104.923E+00,-104.601E+00,14.056E+00,14.337E+00,14.445E+00,+99999.9E+99,+99999.9E+99,+99999.9E+99,0.204E+00,13.4092E+00,12.9718E+00,13.1614E+00,13.1808E+00,12.2132E+00,11.7678E+00,11.8286E+00,11.9365E+00,13.4079E+00,12.9680E+00,13.1517E+00,-0.1895E+00,-0.3139E+00,0.5044E+00,5.2035E+00,4.7027E+00,4.8661E+00,27.6648E+00,27.0405E+00,28.4881E+00,-26.4176E+00,-27.2781E+00,-26.6443E+00,54.895E+00,59.365E+00,57.146E+00,+99999.9E+99,+99999.9E+99,+99999.9E+99,4.739E+00,0.42822E+03,0.40821E+03,0.42490E+03,1.26133E+03,0.18724E+03,0.17131E+03,0.18409E+03,0.54264E+03,0.60367E+03,0.58309E+03,0.59176E+03,1.77851E+03,0.21236E+03,0.19639E+03,0.20243E+03,0.61082E+03,-0.42549E+03,-0.41636E+03,-0.41187E+03,-1.25372E+03,-0.10019E+03,-0.09603E+03,-0.08421E+03,-0.28043E+03,-0.70936E+00,-0.70008E+00,-0.71804E+00,-0.70921E+00,-0.88170E+00,-0.87230E+00,-0.90937E+00,-0.88838E+00,0.000E+00,120.012E+00,-119.820E+00,58.267E+00,179.222E+00,-65.290E+00,-44.817E+00,-45.566E+00,-44.107E+00,-44.830E+00,201.289E+00,201.446E+00,201.776E+00,90.630E+00,+99999.9E+99,+99999.9E+99,0.00012E+06,-0.00073E+06,0.00000E+00,14.414E+00,0.757E+03,0.00114E+06,43.564E+00,F0F08
2021/11/30,17:34:13,00000:00:38,350,38003800,0,1800,1800,3800,99.923E+00,0.000E+00,0.000E+00,110.985E+00,0.000E+00,0.000E+00,0.510E+00,0.000E+00,0.000E+00,99.921E+00,0.000E+00,0.000E+00,0.000E+00,0.000E+00,0.000E+00,100.921E+00,0.000E+00,0.000E+00,98.829E+00,0.000E+00,0.000E+00,101.214E+00,+99999.9E+99,+99999.9E+99,1.047E+00,+99999.9E+99,+99999.9E+99,11.8227E+00,0.00000E+00,0.00000E+00,12.1018E+00,0.00000E+00,0.00000E+00,4.5897E+00,0.00000E+00,0.00000E+00,10.8955E+00,0.00000E+00,0.00000E+00,2.9500E+00,0.00000E+00,0.00000E+00,18.1552E+00,0.0000E+00,0.0000E+00,4.0800E+00,0.0000E+00,0.0000E+00,104.203E+00,+99999.9E+99,+99999.9E+99,64.592E+00,+99999.9E+99,+99999.9E+99,1.08660E+03,0.00000E+03,0.00000E+03,0.00000E+03,0.00000E+03,0.00000E+03,1.18136E+03,0.00000E+03,0.00000E+03,0.00000E+03,0.00000E+03,0.00000E+03,0.46359E+03,0.00000E+03,0.00000E+03,0.00000E+03,0.00000E+03,0.00000E+03,0.91979E+00,0.00000E+00,0.00000E+00,0.83095E+00,0.29921E+00,0.18092E+00,0.000E+00,161.174E+00,163.117E+00,146.197E+00,53.764E+00,62.694E+00,23.105E+00,90.000E+00,90.000E+00,12.6182E+00,0.00000E+00,0.00000E+00,100.086E+00,100.000E+00,100.000E+00,-0.00094E+03,0.00000E+03,0.00000E+03,+99999.9E+99,+99999.9E+99,+99999.9E+99,+99999.9E+99,+99999.9E+99,+99999.9E+99,+99999.9E+99,+99999.9E+99,+99999.9E+99,+99999.9E+99,+99999.9E+99,+99999.9E+99,1B00,0,0,0,1B00,76.7678E+00,77.0834E+00,76.8410E+00,76.8974E+00,72.0523E+00,72.6389E+00,72.1905E+00,72.2939E+00,76.7678E+00,77.0834E+00,76.8410E+00,0.0000E+00,0.0000E+00,0.0000E+00,70.1582E+00,70.4987E+00,70.4409E+00,105.404E+00,105.824E+00,105.600E+00,-104.511E+00,-104.564E+00,-104.691E+00,37.599E+00,37.641E+00,37.497E+00,+99999.9E+99,+99999.9E+99,+99999.9E+99,0.303E+00,11.9278E+00,11.7722E+00,12.0427E+00,11.9143E+00,10.4420E+00,10.3746E+00,10.5568E+00,10.4578E+00,11.9273E+00,11.7722E+00,12.0427E+00,-0.1128E+00,0.0000E+00,0.0000E+00,15.0762E+00,14.5181E+00,14.5333E+00,27.5595E+00,27.0348E+00,28.5110E+00,-26.3095E+00,-27.2043E+00,-26.5567E+00,39.294E+00,40.647E+00,40.475E+00,+99999.9E+99,+99999.9E+99,+99999.9E+99,2.662E+00,0.35688E+03,0.35937E+03,0.37128E+03,1.08753E+03,0.53690E+03,0.50847E+03,0.52691E+03,1.57227E+03,0.53301E+03,0.52743E+03,0.54025E+03,1.60070E+03,0.60971E+03,0.58531E+03,0.59053E+03,1.78519E+03,-0.39590E+03,-0.38605E+03,-0.39246E+03,-1.17442E+03,-0.28893E+03,-0.28991E+03,-0.26664E+03,-0.84549E+03,-0.66956E+00,-0.68136E+00,-0.68723E+00,-0.67941E+00,-0.88059E+00,-0.86871E+00,-0.89226E+00,-0.88073E+00,0.000E+00,119.893E+00,-119.810E+00,58.449E+00,179.555E+00,-63.102E+00,-47.967E+00,-47.050E+00,-46.589E+00,-47.202E+00,202.273E+00,202.411E+00,201.884E+00,90.488E+00,+99999.9E+99,+99999.9E+99,0.00010E+06,-0.00062E+06,0.00000E+00,12.409E+00,0.757E+03,0.00098E+06,43.840E+00,F0F0F
2021/11/30,17:34:13,00000:00:38,400,38003F00,700,1F00,1F00,3F00,99.923E+00,0.000E+00,0.000E+00,110.985E+00,0.000E+00,0.000E+00,0.510E+00,0.000E+00,0.000E+00,99.921E+00,0.000E+00,0.000E+00,0.000E+00,0.000E+00,0.000E+00,100.921E+00,0.000E+00,0.000E+00,98.829E+00,0.000E+00,0.000E+00,18.315E+00,+99999.9E+99,439.122E+00,1.047E+00,+99999.9E+99,+99999.9E+99,11.8227E+00,0.00000E+00,0.00000E+00,12.1018E+00,0.00000E+00,0.00000E+00,4.5897E+00,0.00000E+00,0.00000E+00,10.8955E+00,0.00000E+00,0.00000E+00,4.6925E+00,0.00000E+00,0.00000E+00,18.1552E+00,0.0000E+00,0.0000E+00,4.0800E+00,0.0000E+00,0.0000E+00,8.617E+00,+99999.9E+99,+99999.9E+99,64.592E+00,+99999.9E+99,+99999.9E+99,1.08660E+03,0.00000E+03,0.00000E+03,0.00000E+03,0.00000E+03,0.00000E+03,1.18136E+03,0.00000E+03,0.00000E+03,0.00000E+03,0.00000E+03,0.00000E+03,0.46359E+03,0.00000E+03,0.00000E+03,0.00000E+03,0.00000E+03,0.00000E+03,0.91979E+00,0.00000E+00,0.00000E+00,0.91768E+00,0.75897E+00,0.74129E+00,0.000E+00,-178.873E+00,152.278E+00,156.589E+00,41.754E+00,14.436E+00,23.105E+00,90.000E+00,90.000E+00,12.6182E+00,0.00000E+00,0.00000E+00,78.740E+00,100.000E+00,100.000E+00,0.23101E+03,0.00000E+03,0.00000E+03,+99999.9E+99,+99999.9E+99,+99999.9E+99,+99999.9E+99,+99999.9E+99,+99999.9E+99,+99999.9E+99,+99999.9E+99,+99999.9E+99,+99999.9E+99,+99999.9E+99,+99999.9E+99,1B00,0,0,0,1B00,76.5464E+00,76.6549E+00,76.5719E+00,76.5911E+00,72.4377E+00,72.8052E+00,72.5165E+00,72.5864E+00,76.5464E+00,76.6549E+00,76.5719E+00,0.0000E+00,0.0000E+00,0.0000E+00,72.5104E+00,72.2958E+00,72.2858E+00,105.807E+00,106.083E+00,105.760E+00,-104.406E+00,-104.659E+00,-104.243E+00,22.372E+00,21.443E+00,21.977E+00,+99999.9E+99,+99999.9E+99,+99999.9E+99,0.198E+00,9.5324E+00,9.0656E+00,9.1872E+00,9.2617E+00,8.2505E+00,7.8615E+00,7.8870E+00,7.9997E+00,9.5313E+00,9.0622E+00,9.1787E+00,-0.1459E+00,-0.2483E+00,0.3952E+00,7.6391E+00,8.0652E+00,8.2577E+00,26.0419E+00,24.0800E+00,25.1624E+00,-26.2743E+00,-25.4295E+00,-22.3743E+00,52.893E+00,48.717E+00,47.529E+00,+99999.9E+99,+99999.9E+99,+99999.9E+99,4.598E+00,0.29235E+03,0.27507E+03,0.28816E+03,0.85559E+03,0.27002E+03,0.29129E+03,0.29326E+03,0.85457E+03,0.42387E+03,0.40232E+03,0.40786E+03,1.23404E+03,0.31365E+03,0.32454E+03,0.33839E+03,0.97602E+03,-0.30691E+03,-0.29359E+03,-0.28863E+03,-0.88913E+03,-0.15959E+03,-0.14308E+03,-0.16884E+03,-0.47151E+03,-0.68973E+00,-0.68372E+00,-0.70653E+00,-0.69332E+00,-0.86087E+00,-0.89757E+00,-0.86664E+00,-0.87557E+00,0.000E+00,120.101E+00,-120.095E+00,60.488E+00,176.259E+00,-60.065E+00,-46.392E+00,-46.865E+00,-45.047E+00,-46.106E+00,201.819E+00,201.855E+00,202.188E+00,94.514E+00,+99999.9E+99,+99999.9E+99,0.00005E+06,-0.00053E+06,0.00000E+00,10.204E+00,0.757E+03,0.00081E+06,43.757E+00,F0F08
2021/11/30,17:34:13,00000:00:38,450,38003F00,700,1F00,1F00,3F00,99.923E+00,0.000E+00,0.000E+00,110.985E+00,0.000E+00,0.000E+00,0.510E+00,0.000E+00,0.000E+00,99.921E+00,0.000E+00,0.000E+00,0.000E+00,0.000E+00,0.000E+00,100.921E+00,0.000E+00,0.000E+00,98.829E+00,0.000E+00,0.000E+00,18.315E+00,+99999.9E+99,439.122E+00,1.047E+00,+99999.9E+99,+99999.9E+99,11.8227E+00,0.00000E+00,0.00000E+00,12.1018E+00,0.00000E+00,0.00000E+00,4.5897E+00,0.00000E+00,0.00000E+00,10.8955E+00,0.00000E+00,0.00000E+00,4.6925E+00,0.00000E+00,0.00000E+00,18.1552E+00,0.0000E+00,0.0000E+00,4.0800E+00,0.0000E+00,0.0000E+00,8.617E+00,+99999.9E+99,+99999.9E+99,64.592E+00,+99999.9E+99,+99999.9E+99,1.08660E+03,0.00000E+03,0.00000E+03,0.00000E+03,0.00000E+03,0.00000E+03,1.18136E+03,0.00000E+03,0.00000E+03,0.00000E+03,0.00000E+03,0.00000E+03,0.46359E+03,0.00000E+03,0.00000E+03,0.00000E+03,0.00000E+03,0.00000E+03,0.91979E+00,0.00000E+00,0.00000E+00,0.91768E+00,0.75897E+00,0.74129E+00,0.000E+00,-178.873E+00,152.278E+00,156.589E+00,41.754E+00,14.436E+00,23.105E+00,90.000E+00,90.000E+00,12.6182E+00,0.00000E+00,0.00000E+00,122.127E+00,100.000E+00,100.000E+00,-0.24043E+03,0.00000E+03,0.00000E+03,+99999.9E+99,+99999.9E+99,+99999.9E+99,+99999.9E+99,+99999.9E+99,+99999.9E+99,+99999.9E+99,+99999.9E+99,+99999.9E+99,+99999.9E+99,+99999.9E+99,+99999.9E+99,1B00,0,0,0,1B00,77.0099E+00,77.4919E+00,77.3337E+00,77.2785E+00,71.6597E+00,72.5425E+00,72.2505E+00,72.1509E+00,77.0098E+00,77.4919E+00,77.3336E+00,0.0000E+00,0.0000E+00,0.0000E+00,72.3609E+00,72.8094E+00,72.6752E+00,105.556E+00,105.946E+00,105.567E+00,-104.487E+00,-107.706E+00,-104.549E+00,20.223E+00,20.402E+00,20.633E+00,+99999.9E+99,+99999.9E+99,+99999.9E+99,0.372E+00,13.7469E+00,13.4591E+00,13.5882E+00,13.5980E+00,12.8555E+00,12.6901E+00,12.6487E+00,12.7315E+00,13.7460E+00,13.4570E+00,13.5825E+00,-0.1570E+00,-0.2361E+00,0.3943E+00,8.0239E+00,7.4714E+00,7.3047E+00,27.2662E+00,27.0448E+00,28.5381E+00,-25.9124E+00,-27.2057E+00,-26.5843E+00,47.097E+00,49.324E+00,51.106E+00,+99999.9E+99,+99999.9E+99,+99999.9E+99,6.733E+00,0.44578E+03,0.43569E+03,0.44555E+03,1.32702E+03,0.29346E+03,0.25725E+03,0.27534E+03,0.82605E+03,0.61888E+03,0.60668E+03,0.61484E+03,1.84040E+03,0.32740E+03,0.29731E+03,0.29895E+03,0.92249E+03,-0.42929E+03,-0.42218E+03,-0.42370E+03,-1.27516E+03,-0.14517E+03,-0.14905E+03,-0.11643E+03,-0.41065E+03,-0.72030E+00,-0.71816E+00,-0.72465E+00,-0.72105E+00,-0.89633E+00,-0.86526E+00,-0.92103E+00,-0.89546E+00,0.000E+00,119.908E+00,-119.736E+00,56.527E+00,179.938E+00,-66.962E+00,-43.920E+00,-44.097E+00,-43.560E+00,-43.859E+00,201.832E+00,201.468E+00,201.173E+00,90.350E+00,+99999.9E+99,+99999.9E+99,0.00013E+06,-0.00076E+06,0.00000E+00,15.111E+00,0.758E+03,0.00120E+06,43.691E+00,F0F08
2021/11/30,17:34:13,00000:00:38,500,38003F00,500,1F00,1F00,3F00,99.923E+00,0.000E+00,0.000E+00,110.985E+00,0.000E+00,0.000E+00,0.510E+00,0.000E+00,0.000E+00,99.921E+00,0.000E+00,0.000E+00,0.000E+00,0.000E+00,0.000E+00,100.921E+00,0.000E+00,0.000E+00,98.829E+00,0.000E+00,0.000E+00,73.599E+00,+99999.9E+99,+99999.9E+99,1.047E+00,+99999.9E+99,+99999.9E+99,11.8227E+00,0.00000E+00,0.00000E+00,12.1018E+00,0.00000E+00,0.00000E+00,4.5897E+00,0.00000E+00,0.00000E+00,10.8955E+00,0.00000E+00,0.00000E+00,3.8612E+00,0.00000E+00,0.00000E+00,18.1552E+00,0.0000E+00,0.0000E+00,4.0800E+00,0.0000E+00,0.0000E+00,55.213E+00,+99999.9E+99,+99999.9E+99,64.592E+00,+99999.9E+99,+99999.9E+99,1.08660E+03,0.00000E+03,0.00000E+03,0.00000E+03,0.00000E+03,0.00000E+03,1.18136E+03,0.00000E+03,0.00000E+03,0.00000E+03,0.00000E+03,0.00000E+03,0.46359E+03,0.00000E+03,0.00000E+03,0.00000E+03,0.00000E+03,0.00000E+03,0.91979E+00,0.00000E+00,0.00000E+00,0.87603E+00,0.54559E+00,0.57195E+00,0.000E+00,-2.735E+00,159.677E+00,151.167E+00,-59.670E+00,34.791E+00,23.105E+00,90.000E+00,90.000E+00,12.6182E+00,0.00000E+00,0.00000E+00,80.521E+00,100.000E+00,100.000E+00,0.21166E+03,0.00000E+03,0.00000E+03,+99999.9E+99,+99999.9E+99,+99999.9E+99,+99999.9E+99,+99999.9E+99,+99999.9E+99,+99999.9E+99,+99999.9E+99,+99999.9E+99,+99999.9E+99,+99999.9E+99,+99999.9E+99,1B00,0,0,0,1B00,76.7177E+00,76.6797E+00,76.3909E+00,76.5961E+00,72.5985E+00,72.7069E+00,72.0581E+00,72.4545E+00,76.7177E+00,76.6797E+00,76.3909E+00,0.0000E+00,0.0000E+00,0.0000E+00,70.2845E+00,70.2981E+00,70.1835E+00,105.764E+00,106.070E+00,105.750E+00,-104.346E+00,-104.543E+00,-103.720E+00,38.051E+00,37.744E+00,38.006E+00,+99999.9E+99,+99999.9E+99,+99999.9E+99,0.095E+00,9.7361E+00,9.3286E+00,9.9233E+00,9.6627E+00,8.4338E+00,8.0940E+00,8.4834E+00,8.3371E+00,9.7356E+00,9.3286E+00,9.9233E+00,-0.1030E+00,0.0000E+00,0.0000E+00,14.6350E+00,14.5194E+00,14.8736E+00,26.3410E+00,24.8205E+00,27.0724E+00,-25.5357E+00,-23.4919E+00,-26.4314E+00,41.000E+00,40.940E+00,39.626E+00,+99999.9E+99,+99999.9E+99,+99999.9E+99,1.507E+00,0.28642E+03,0.28453E+03,0.30399E+03,0.87494E+03,0.51133E+03,0.51352E+03,0.52585E+03,1.55069E+03,0.43313E+03,0.41541E+03,0.44041E+03,1.28894E+03,0.59196E+03,0.58630E+03,0.60097E+03,1.77911E+03,-0.32491E+03,-0.30266E+03,-0.31867E+03,-0.94624E+03,-0.29826E+03,-0.28292E+03,-0.29094E+03,-0.87212E+03,-0.66127E+00,-0.68494E+00,-0.69025E+00,-0.67880E+00,-0.86379E+00,-0.87587E+00,-0.87500E+00,-0.87161E+00,0.000E+00,120.090E+00,-119.946E+00,60.261E+00,178.894E+00,-60.948E+00,-48.603E+00,-46.769E+00,-46.350E+00,-47.250E+00,201.998E+00,202.375E+00,202.618E+00,91.987E+00,+99999.9E+99,+99999.9E+99,0.00007E+06,-0.00052E+06,0.00000E+00,10.155E+00,0.757E+03,0.00080E+06,43.801E+00,F0F08
2021/11/30,17:34:13,00000:00:38,550,38003A00,2A00,3800,3800,3800,99.989E+00,0.000E+00,0.000E+00,111.059E+00,0.000E+00,0.000E+00,0.497E+00,0.000E+00,0.000E+00,99.988E+00,0.000E+00,0.000E+00,0.000E+00,0.000E+00,0.000E+00,100.929E+00,0.000E+00,0.000E+00,98.832E+00,0.000E+00,0.000E+00,73.599E+00,+99999.9E+99,+99999.9E+99,1.048E+00,+99999.9E+99,+99999.9E+99,11.4553E+00,0.00000E+00,0.00000E+00,11.6657E+00,0.00000E+00,0.00000E+00,4.5733E+00,0.00000E+00,0.00000E+00,10.5028E+00,0.00000E+00,0.00000E+00,3.8612E+00,0.00000E+00,0.00000E+00,18.1295E+00,0.0000E+00,0.0000E+00,4.0005E+00,0.0000E+00,0.0000E+00,55.213E+00,+99999.9E+99,+99999.9E+99,67.263E+00,+99999.9E+99,+99999.9E+99,1.04812E+03,0.00000E+03,0.00000E+03,0.00000E+03,0.00000E+03,0.00000E+03,1.14541E+03,0.00000E+03,0.00000E+03,0.00000E+03,0.00000E+03,0.00000E+03,0.46195E+03,0.00000E+03,0.00000E+03,0.00000E+03,0.00000E+03,0.00000E+03,0.91507E+00,0.00000E+00,0.00000E+00,0.87603E+00,0.54559E+00,0.57195E+00,0.000E+00,-2.735E+00,159.677E+00,151.167E+00,-59.670E+00,34.791E+00,23.785E+00,90.000E+00,90.000E+00,0.00000E+00,0.00000E+00,0.00000E+00,100.310E+00,100.000E+00,100.000E+00,-0.00325E+03,0.00000E+03,0.00000E+03,+99999.9E+99,+99999.9E+99,+99999.9E+99,+99999.9E+99,+99999.9E+99,+99999.9E+99,+99999.9E+99,+99999.9E+99,+99999.9E+99,+99999.9E+99,+99999.9E+99,+99999.9E+99,1B00,0,0,0,1B00,76.5389E+00,77.0414E+00,77.0545E+00,76.8783E+00,71.8502E+00,72.8130E+00,72.8219E+00,72.4950E+00,76.5389E+00,77.0414E+00,77.0545E+00,0.0000E+00,0.0000E+00,0.0000E+00,73.0807E+00,73.0531E+00,72.9617E+00,105.724E+00,106.126E+00,105.844E+00,-104.579E+00,-104.629E+00,-104.420E+00,15.441E+00,15.298E+00,15.284E+00,+99999.9E+99,+99999.9E+99,+99999.9E+99,0.101E+00,11.7153E+00,11.4577E+00,11.2703E+00,11.4811E+00,10.1145E+00,9.9529E+00,9.6677E+00,9.9117E+00,11.7143E+00,11.4510E+00,11.2570E+00,-0.1553E+00,-0.3920E+00,0.5484E+00,5.2196E+00,5.1428E+00,5.5307E+00,27.7943E+00,27.0843E+00,28.3743E+00,-26.6676E+00,-27.1371E+00,-26.0514E+00,58.474E+00,57.710E+00,53.551E+00,+99999.9E+99,+99999.9E+99,+99999.9E+99,3.373E+00,0.36172E+03,0.34202E+03,0.34764E+03,1.05138E+03,0.18542E+03,0.19169E+03,0.19822E+03,0.57533E+03,0.52328E+03,0.51111E+03,0.50540E+03,1.53979E+03,0.21467E+03,0.21474E+03,0.22542E+03,0.65463E+03,-0.37812E+03,-0.37981E+03,-0.36685E+03,-1.12478E+03,-0.10818E+03,-0.09678E+03,-0.10733E+03,-0.31230E+03,-0.69126E+00,-0.66917E+00,-0.68785E+00,-0.68281E+00,-0.86374E+00,-0.89267E+00,-0.87936E+00,-0.87887E+00,0.000E+00,120.091E+00,-119.977E+00,60.246E+00,176.842E+00,-61.488E+00,-46.270E+00,-47.997E+00,-46.540E+00,-46.937E+00,202.071E+00,201.470E+00,201.458E+00,92.747E+00,+99999.9E+99,+99999.9E+99,0.00008E+06,-0.00063E+06,0.00000E+00,12.305E+00,0.757E+03,0.00098E+06,43.826E+00,F0F08
2021/11/30,17:34:13,00000:00:38,600,38003F00,2D00,3F00,3F00,3F00,99.989E+00,0.000E+00,0.000E+00,111.059E+00,0.000E+00,0.000E+00,0.497E+00,0.000E+00,0.000E+00,99.988E+00,0.000E+00,0.000E+00,0.000E+00,0.000E+00,0.000E+00,100.929E+00,0.000E+00,0.000E+00,98.832E+00,0.000E+00,0.000E+00,35.618E+00,334.756E+00,493.217E+00,1.048E+00,+99999.9E+99,+99999.9E+99,11.4553E+00,0.00000E+00,0.00000E+00,11.6657E+00,0.00000E+00,0.00000E+00,4.5733E+00,0.00000E+00,0.00000E+00,10.5028E+00,0.00000E+00,0.00000E+00,4.2578E+00,0.00000E+00,0.00000E+00,18.1295E+00,0.0000E+00,0.0000E+00,4.0005E+00,0.0000E+00,0.0000E+00,39.534E+00,+99999.9E+99,+99999.9E+99,67.263E+00,+99999.9E+99,+99999.9E+99,1.04812E+03,0.00000E+03,0.00000E+03,0.00000E+03,0.00000E+03,0.00000E+03,1.14541E+03,0.00000E+03,0.00000E+03,0.00000E+03,0.00000E+03,0.00000E+03,0.46195E+03,0.00000E+03,0.00000E+03,0.00000E+03,0.00000E+03,0.00000E+03,0.91507E+00,0.00000E+00,0.00000E+00,0.93463E+00,0.88087E+00,0.98965E+00,0.000E+00,-161.293E+00,142.937E+00,159.168E+00,46.960E+00,-28.812E+00,23.785E+00,90.000E+00,90.000E+00,0.00000E+00,0.00000E+00,0.00000E+00,123.027E+00,100.000E+00,100.000E+00,-0.24135E+03,0.00000E+03,0.00000E+03,+99999.9E+99,+99999.9E+99,+99999.9E+99,+99999.9E+99,+99999.9E+99,+99999.9E+99,+99999.9E+99,+99999.9E+99,+99999.9E+99,+99999.9E+99,+99999.9E+99,+99999.9E+99,1B00,0,0,0,1B00,77.2335E+00,77.2421E+00,77.0049E+00,77.1602E+00,72.2291E+00,72.4412E+00,71.8670E+00,72.1791E+00,77.2335E+00,77.2421E+00,77.0049E+00,0.0000E+00,0.0000E+00,0.0000E+00,71.0346E+00,71.7510E+00,71.5202E+00,105.407E+00,105.729E+00,105.534E+00,-104.274E+00,-104.543E+00,-104.681E+00,30.364E+00,30.436E+00,30.421E+00,+99999.9E+99,+99999.9E+99,+99999.9E+99,0.584E+00,13.5726E+00,13.1214E+00,13.5285E+00,13.4075E+00,12.4990E+00,12.0575E+00,12.4341E+00,12.3302E+00,13.5716E+00,13.1214E+00,13.5269E+00,-0.1683E+00,0.0000E+00,0.2059E+00,12.4509E+00,11.2918E+00,11.4704E+00,27.6695E+00,27.0538E+00,28.4071E+00,-26.5638E+00,-26.9809E+00,-26.4229E+00,40.993E+00,44.309E+00,44.136E+00,+99999.9E+99,+99999.9E+99,+99999.9E+99,6.051E+00,0.42752E+03,0.41902E+03,0.44293E+03,1.28948E+03,0.44626E+03,0.39572E+03,0.42483E+03,1.26682E+03,0.61184E+03,0.59139E+03,0.60831E+03,1.81154E+03,0.50162E+03,0.45978E+03,0.46502E+03,1.42488E+03,-0.43769E+03,-0.41733E+03,-0.41696E+03,-1.27198E+03,-0.22906E+03,-0.23409E+03,-0.18910E+03,-0.65226E+03,-0.69875E+00,-0.70854E+00,-0.72813E+00,-0.71181E+00,-0.88965E+00,-0.86068E+00,-0.91358E+00,-0.88907E+00,0.000E+00,119.888E+00,-119.564E+00,57.500E+00,-179.614E+00,-65.789E+00,-45.673E+00,-44.884E+00,-43.270E+00,-44.617E+00,201.464E+00,202.311E+00,202.011E+00,89.655E+00,+99999.9E+99,+99999.9E+99,0.00013E+06,-0.00074E+06,0.00000E+00,14.566E+00,0.758E+03,0.00116E+06,43.568E+00,F0F08
2021/11/30,17:34:13,00000:00:38,650,38003F00,2800,3B00,3B00,3F00,99.851E+00,0.000E+00,0.000E+00,110.905E+00,0.000E+00,0.000E+00,0.526E+00,0.000E+00,0.000E+00,99.850E+00,0.000E+00,0.000E+00,0.000E+00,0.000E+00,0.000E+00,100.914E+00,0.000E+00,0.000E+00,98.800E+00,0.000E+00,0.000E+00,35.618E+00,334.756E+00,493.217E+00,1.059E+00,+99999.9E+99,+99999.9E+99,12.6376E+00,0.00000E+00,0.00000E+00,13.1832E+00,0.00000E+00,0.00000E+00,4.3398E+00,0.00000E+00,0.00000E+00,11.8691E+00,0.00000E+00,0.00000E+00,4.2578E+00,0.00000E+00,0.00000E+00,18.0850E+00,0.0000E+00,0.0000E+00,4.2079E+00,0.0000E+00,0.0000E+00,39.534E+00,+99999.9E+99,+99999.9E+99,58.459E+00,+99999.9E+99,+99999.9E+99,1.18309E+03,0.00000E+03,0.00000E+03,0.00000E+03,0.00000E+03,0.00000E+03,1.26188E+03,0.00000E+03,0.00000E+03,0.00000E+03,0.00000E+03,0.00000E+03,0.43889E+03,0.00000E+03,0.00000E+03,0.00000E+03,0.00000E+03,0.00000E+03,0.93757E+00,0.00000E+00,0.00000E+00,0.93463E+00,0.88087E+00,0.98965E+00,0.000E+00,-161.293E+00,142.937E+00,159.168E+00,46.960E+00,-28.812E+00,20.353E+00,90.000E+00,90.000E+00,15.1115E+00,0.00000E+00,0.00000E+00,75.381E+00,100.000E+00,100.000E+00,0.29127E+03,0.00000E+03,0.00000E+03,+99999.9E+99,+99999.9E+99,+99999.9E+99,+99999.9E+99,+99999.9E+99,+99999.9E+99,+99999.9E+99,+99999.9E+99,+99999.9E+99,+99999.9E+99,+99999.9E+99,+99999.9E+99,1B00,0,0,0,1B00,76.5913E+00,76.7962E+00,76.5796E+00,76.6557E+00,72.2931E+00,72.7830E+00,72.3158E+00,72.4640E+00,76.5913E+00,76.7961E+00,76.5796E+00,0.0000E+00,0.0000E+00,0.0000E+00,71.3297E+00,71.2334E+00,71.0550E+00,105.731E+00,106.101E+00,105.774E+00,-103.961E+00,-104.769E+00,-104.733E+00,31.791E+00,31.028E+00,31.757E+00,+99999.9E+99,+99999.9E+99,+99999.9E+99,0.234E+00,9.7971E+00,9.4793E+00,9.8278E+00,9.7014E+00,8.5918E+00,8.3375E+00,8.4997E+00,8.4763E+00,9.7965E+00,9.4793E+00,9.8262E+00,-0.1124E+00,0.0000E+00,0.1776E+00,11.7109E+00,11.6996E+00,12.3296E+00,26.2443E+00,24.8376E+00,27.2629E+00,-25.6624E+00,-23.3576E+00,-26.4681E+00,45.187E+00,44.077E+00,42.034E+00,+99999.9E+99,+99999.9E+99,+99999.9E+99,3.458E+00,0.29680E+03,0.29050E+03,0.30453E+03,0.89182E+03,0.40283E+03,0.42369E+03,0.43130E+03,1.25781E+03,0.43575E+03,0.42194E+03,0.43743E+03,1.29512E+03,0.47023E+03,0.47752E+03,0.49675E+03,1.44402E+03,-0.31905E+03,-0.30601E+03,-0.31401E+03,-0.93908E+03,-0.24258E+03,-0.22025E+03,-0.24647E+03,-0.70930E+03,-0.68111E+00,-0.68848E+00,-0.69619E+00,-0.68860E+00,-0.85666E+00,-0.88727E+00,-0.86823E+00,-0.87105E+00,0.000E+00,120.212E+00,-119.968E+00,61.006E+00,177.597E+00,-60.090E+00,-47.070E+00,-46.490E+00,-45.878E+00,-46.480E+00,202.494E+00,201.763E+00,202.067E+00,92.724E+00,+99999.9E+99,+99999.9E+99,0.00006E+06,-0.00054E+06,0.00000E+00,10.434E+00,0.757E+03,0.00083E+06,43.939E+00,F0F08
2021/11/30,17:34:13,00000:00:38,700,38003F00,0,1B00,1B00,3F00,99.928E+00,0.000E+00,0.000E+00,110.991E+00,0.000E+00,0.000E+00,0.505E+00,0.000E+00,0.000E+00,99.927E+00,0.000E+00,0.000E+00,0.000E+00,0.000E+00,0.000E+00,100.896E+00,0.000E+00,0.000E+00,98.814E+00,0.000E+00,0.000E+00,22.583E+00,+99999.9E+99,415.731E+00,1.042E+00,+99999.9E+99,+99999.9E+99,11.7529E+00,0.00000E+00,0.00000E+00,12.0320E+00,0.00000E+00,0.00000E+00,4.5589E+00,0.00000E+00,0.00000E+00,10.8326E+00,0.00000E+00,0.00000E+00,4.4469E+00,0.00000E+00,0.00000E+00,18.0786E+00,0.0000E+00,0.0000E+00,4.1400E+00,0.0000E+00,0.0000E+00,8.540E+00,+99999.9E+99,+99999.9E+99,64.336E+00,+99999.9E+99,+99999.9E+99,1.08040E+03,0.00000E+03,0.00000E+03,0.00000E+03,0.00000E+03,0.00000E+03,1.17444E+03,0.00000E+03,0.00000E+03,0.00000E+03,0.00000E+03,0.00000E+03,0.46049E+03,0.00000E+03,0.00000E+03,0.00000E+03,0.00000E+03,0.00000E+03,0.91993E+00,0.00000E+00,0.00000E+00,0.89632E+00,0.23278E+00,0.98961E+00,0.000E+00,177.077E+00,144.464E+00,153.678E+00,73.616E+00,152.730E+00,23.085E+00,90.000E+00,90.000E+00,12.6171E+00,0.00000E+00,0.00000E+00,96.560E+00,100.000E+00,100.000E+00,0.03716E+03,0.00000E+03,0.00000E+03,+99999.9E+99,+99999.9E+99,+99999.9E+99,+99999.9E+99,+99999.9E+99,+99999.9E+99,+99999.9E+99,+99999.9E+99,+99999.9E+99,+99999.9E+99,+99999.9E+99,+99999.9E+99,1B00,0,0,0,1B00,76.5546E+00,77.0352E+00,77.0642E+00,76.8847E+00,71.8576E+00,72.7874E+00,72.8223E+00,72.4891E+00,76.5546E+00,77.0352E+00,77.0641E+00,0.0000E+00,0.0000E+00,0.0000E+00,73.0697E+00,73.3156E+00,73.1757E+00,105.621E+00,106.050E+00,105.677E+00,-104.447E+00,-104.356E+00,-104.880E+00,14.065E+00,14.113E+00,14.265E+00,+99999.9E+99,+99999.9E+99,+99999.9E+99,0.197E+00,11.6521E+00,11.3983E+00,11.2059E+00,11.4188E+00,10.0584E+00,9.9031E+00,9.6134E+00,9.8583E+00,11.6511E+00,11.3912E+00,11.1922E+00,-0.1511E+00,-0.4018E+00,0.5541E+00,5.1529E+00,4.6706E+00,4.8271E+00,27.6581E+00,27.0490E+00,28.4281E+00,-26.5095E+00,-27.0224E+00,-26.0219E+00,55.347E+00,59.700E+00,57.113E+00,+99999.9E+99,+99999.9E+99,+99999.9E+99,4.607E+00,0.35900E+03,0.33938E+03,0.34485E+03,1.04324E+03,0.18526E+03,0.16994E+03,0.18237E+03,0.53757E+03,0.52058E+03,0.50844E+03,0.50244E+03,1.53147E+03,0.21057E+03,0.19513E+03,0.20104E+03,0.60640E+03,-0.37699E+03,-0.37859E+03,-0.36541E+03,-1.12100E+03,-0.10009E+03,-0.09590E+03,-0.08461E+03,-0.28060E+03,-0.68962E+00,-0.66750E+00,-0.68635E+00,-0.68120E+00,-0.87980E+00,-0.87090E+00,-0.90712E+00,-0.88650E+00,0.000E+00,120.015E+00,-119.826E+00,58.491E+00,179.389E+00,-64.984E+00,-46.400E+00,-48.126E+00,-46.658E+00,-47.062E+00,201.308E+00,202.119E+00,201.802E+00,92.927E+00,+99999.9E+99,+99999.9E+99,0.00007E+06,-0.00063E+06,0.00000E+00,12.231E+00,0.757E+03,0.00097E+06,43.601E+00,F0F0F
2021/11/30,17:34:13,00000:00:38,750,38003F00,700,1C00,1C00,3800,99.928E+00,0.000E+00,0.000E+00,110.991E+00,0.000E+00,0.000E+00,0.505E+00,0.000E+00,0.000E+00,99.927E+00,0.000E+00,0.000E+00,0.000E+00,0.000E+00,0.000E+00,100.896E+00,0.000E+00,0.000E+00,98.814E+00,0.000E+00,0.000E+00,22.122E+00,+99999.9E+99,+99999.9E+99,1.042E+00,+99999.9E+99,+99999.9E+99,11.7529E+00,0.00000E+00,0.00000E+00,12.0320E+00,0.00000E+00,0.00000E+00,4.5589E+00,0.00000E+00,0.00000E+00,10.8326E+00,0.00000E+00,0.00000E+00,4.5436E+00,0.00000E+00,0.00000E+00,18.0786E+00,0.0000E+00,0.0000E+00,4.1400E+00,0.0000E+00,0.0000E+00,8.250E+00,+99999.9E+99,+99999.9E+99,64.336E+00,+99999.9E+99,+99999.9E+99,1.08040E+03,0.00000E+03,0.00000E+03,0.00000E+03,0.00000E+03,0.00000E+03,1.17444E+03,0.00000E+03,0.00000E+03,0.00000E+03,0.00000E+03,0.00000E+03,0.46049E+03,0.00000E+03,0.00000E+03,0.00000E+03,0.00000E+03,0.00000E+03,0.91993E+00,0.00000E+00,0.00000E+00,0.90530E+00,0.06532E+00,0.32849E+00,0.000E+00,168.056E+00,163.110E+00,154.864E+00,81.801E+00,-126.067E+00,23.085E+00,90.000E+00,90.000E+00,12.6171E+00,0.00000E+00,0.00000E+00,119.022E+00,100.000E+00,100.000E+00,-0.20551E+03,0.00000E+03,0.00000E+03,+99999.9E+99,+99999.9E+99,+99999.9E+99,+99999.9E+99,+99999.9E+99,+99999.9E+99,+99999.9E+99,+99999.9E+99,+99999.9E+99,+99999.9E+99,+99999.9E+99,+99999.9E+99,1B00,0,0,0,1B00,77.2358E+00,77.2583E+00,77.0147E+00,77.1696E+00,72.2364E+00,72.4477E+00,71.8753E+00,72.1865E+00,77.2358E+00,77.2583E+00,77.0147E+00,0.0000E+00,0.0000E+00,0.0000E+00,70.4859E+00,71.0834E+00,70.9687E+00,105.247E+00,105.621E+00,105.456E+00,-104.551E+00,-105.111E+00,-104.767E+00,34.504E+00,34.361E+00,34.350E+00,+99999.9E+99,+99999.9E+99,+99999.9E+99,0.516E+00,13.5393E+00,13.1122E+00,13.4914E+00,13.3810E+00,12.4656E+00,12.0507E+00,12.4046E+00,12.3069E+00,13.5383E+00,13.1122E+00,13.4897E+00,-0.1652E+00,0.0000E+00,0.2168E+00,14.0114E+00,13.0776E+00,13.0548E+00,27.6848E+00,27.0581E+00,28.4486E+00,-26.5929E+00,-27.1143E+00,-26.3929E+00,39.812E+00,42.102E+00,42.316E+00,+99999.9E+99,+99999.9E+99,+99999.9E+99,4.481E+00,0.42639E+03,0.41841E+03,0.44111E+03,1.28591E+03,0.49814E+03,0.45464E+03,0.48019E+03,1.43297E+03,0.61023E+03,0.59111E+03,0.60691E+03,1.80824E+03,0.56393E+03,0.52833E+03,0.53313E+03,1.62443E+03,-0.43655E+03,-0.41754E+03,-0.41684E+03,-1.27092E+03,-0.26435E+03,-0.26914E+03,-0.23162E+03,-0.76510E+03,-0.69873E+00,-0.70785E+00,-0.72682E+00,-0.71114E+00,-0.88333E+00,-0.86052E+00,-0.90070E+00,-0.88213E+00,0.000E+00,119.834E+00,-119.665E+00,58.233E+00,-179.599E+00,-64.137E+00,-45.675E+00,-44.940E+00,-43.379E+00,-44.672E+00,202.305E+00,201.649E+00,201.949E+00,89.433E+00,+99999.9E+99,+99999.9E+99,0.00014E+06,-0.00073E+06,0.00000E+00,14.488E+00,0.758E+03,0.00115E+06,43.797E+00,F0F08
2021/11/30,17:34:14,00000:00:38,800,38003F00,500,1F00,1F00,3F00,99.928E+00,0.000E+00,0.000E+00,110.991E+00,0.000E+00,0.000E+00,0.505E+00,0.000E+00,0.000E+00,99.927E+00,0.000E+00,0.000E+00,0.000E+00,0.000E+00,0.000E+00,100.896E+00,0.000E+00,0.000E+00,98.814E+00,0.000E+00,0.000E+00,22.122E+00,+99999.9E+99,+99999.9E+99,1.042E+00,+99999.9E+99,+99999.9E+99,11.7529E+00,0.00000E+00,0.00000E+00,12.0320E+00,0.00000E+00,0.00000E+00,4.5589E+00,0.00000E+00,0.00000E+00,10.8326E+00,0.00000E+00,0.00000E+00,4.5436E+00,0.00000E+00,0.00000E+00,18.0786E+00,0.0000E+00,0.0000E+00,4.1400E+00,0.0000E+00,0.0000E+00,8.250E+00,+99999.9E+99,+99999.9E+99,64.336E+00,+99999.9E+99,+99999.9E+99,1.08040E+03,0.00000E+03,0.00000E+03,0.00000E+03,0.00000E+03,0.00000E+03,1.17444E+03,0.00000E+03,0.00000E+03,0.00000E+03,0.00000E+03,0.00000E+03,0.46049E+03,0.00000E+03,0.00000E+03,0.00000E+03,0.00000E+03,0.00000E+03,0.91993E+00,0.00000E+00,0.00000E+00,0.90530E+00,0.06532E+00,0.32849E+00,0.000E+00,168.056E+00,163.110E+00,154.864E+00,81.801E+00,-126.067E+00,23.085E+00,90.000E+00,90.000E+00,12.6171E+00,0.00000E+00,0.00000E+00,71.049E+00,100.000E+00,100.000E+00,0.31279E+03,0.00000E+03,0.00000E+03,+99999.9E+99,+99999.9E+99,+99999.9E+99,+99999.9E+99,+99999.9E+99,+99999.9E+99,+99999.9E+99,+99999.9E+99,+99999.9E+99,+99999.9E+99,+99999.9E+99,+99999.9E+99,1B00,0,0,0,1B00,76.2856E+00,76.6865E+00,76.5347E+00,76.5023E+00,72.1841E+00,72.9272E+00,72.6608E+00,72.5907E+00,76.2856E+00,76.6865E+00,76.5347E+00,0.0000E+00,0.0000E+00,0.0000E+00,71.9830E+00,71.8191E+00,71.7522E+00,105.773E+00,106.050E+00,105.717E+00,-104.340E+00,-105.090E+00,-104.323E+00,26.910E+00,25.959E+00,26.674E+00,+99999.9E+99,+99999.9E+99,+99999.9E+99,0.191E+00,8.1992E+00,8.1482E+00,8.0836E+00,8.1436E+00,7.2973E+00,7.2660E+00,7.1863E+00,7.2498E+00,8.1985E+00,8.1472E+00,8.0802E+00,-0.1073E+00,-0.1242E+00,0.2326E+00,9.6135E+00,9.7996E+00,10.1529E+00,22.1190E+00,20.9171E+00,20.3424E+00,-18.7843E+00,-19.1486E+00,-19.7690E+00,48.842E+00,46.370E+00,44.855E+00,+99999.9E+99,+99999.9E+99,+99999.9E+99,4.385E+00,0.25774E+03,0.25217E+03,0.25770E+03,0.76761E+03,0.33091E+03,0.35534E+03,0.35898E+03,1.04522E+03,0.36279E+03,0.36110E+03,0.35919E+03,1.08309E+03,0.38651E+03,0.39814E+03,0.41550E+03,1.19954E+03,-0.25533E+03,-0.25847E+03,-0.25021E+03,-0.76400E+03,-0.19974E+03,-0.17960E+03,-0.20922E+03,-0.58856E+03,-0.71042E+00,-0.69834E+00,-0.71746E+00,-0.70873E+00,-0.85613E+00,-0.89248E+00,-0.86397E+00,-0.87135E+00,0.000E+00,120.138E+00,-120.041E+00,61.041E+00,176.919E+00,-59.700E+00,-44.731E+00,-45.706E+00,-44.155E+00,-44.868E+00,201.852E+00,202.181E+00,202.078E+00,95.237E+00,+99999.9E+99,+99999.9E+99,0.00004E+06,-0.00048E+06,0.00000E+00,9.226E+00,0.757E+03,0.00073E+06,43.768E+00,F0F08
2021/11/30,17:34:14,00000:00:38,850,38003F00,700,1F00,1F00,3F00,99.928E+00,0.000E+00,0.000E+00,110.991E+00,0.000E+00,0.000E+00,0.505E+00,0.000E+00,0.000E+00,99.927E+00,0.000E+00,0.000E+00,0.000E+00,0.000E+00,0.000E+00,100.896E+00,0.000E+00,0.000E+00,98.814E+00,0.000E+00,0.000E+00,22.122E+00,+99999.9E+99,+99999.9E+99,1.042E+00,+99999.9E+99,+99999.9E+99,11.7529E+00,0.00000E+00,0.00000E+00,12.0320E+00,0.00000E+00,0.00000E+00,4.5589E+00,0.00000E+00,0.00000E+00,10.8326E+00,0.00000E+00,0.00000E+00,4.5436E+00,0.00000E+00,0.00000E+00,18.0786E+00,0.0000E+00,0.0000E+00,4.1400E+00,0.0000E+00,0.0000E+00,8.250E+00,+99999.9E+99,+99999.9E+99,64.336E+00,+99999.9E+99,+99999.9E+99,1.08040E+03,0.00000E+03,0.00000E+03,0.00000E+03,0.00000E+03,0.00000E+03,1.17444E+03,0.00000E+03,0.00000E+03,0.00000E+03,0.00000E+03,0.00000E+03,0.46049E+03,0.00000E+03,0.00000E+03,0.00000E+03,0.00000E+03,0.00000E+03,0.91993E+00,0.00000E+00,0.00000E+00,0.90530E+00,0.06532E+00,0.32849E+00,0.000E+00,168.056E+00,163.110E+00,154.864E+00,81.801E+00,-126.067E+00,23.085E+00,90.000E+00,90.000E+00,12.6171E+00,0.00000E+00,0.00000E+00,115.947E+00,100.000E+00,100.000E+00,-0.17229E+03,0.00000E+03,0.00000E+03,+99999.9E+99,+99999.9E+99,+99999.9E+99,+99999.9E+99,+99999.9E+99,+99999.9E+99,+99999.9E+99,+99999.9E+99,+99999.9E+99,+99999.9E+99,+99999.9E+99,+99999.9E+99,1B00,0,0,0,1B00,77.0776E+00,77.1923E+00,77.1166E+00,77.1288E+00,72.1377E+00,72.5378E+00,72.2600E+00,72.3118E+00,77.0776E+00,77.1922E+00,77.1166E+00,0.0000E+00,0.0000E+00,0.0000E+00,72.7720E+00,73.1788E+00,73.0589E+00,105.879E+00,106.067E+00,105.647E+00,-104.463E+00,-105.293E+00,-104.420E+00,16.313E+00,16.389E+00,16.697E+00,+99999.9E+99,+99999.9E+99,+99999.9E+99,0.337E+00,13.3632E+00,12.8917E+00,13.1094E+00,13.1214E+00,12.1691E+00,11.6911E+00,11.7749E+00,11.8784E+00,13.3618E+00,12.8886E+00,13.1008E+00,-0.1915E+00,-0.2841E+00,0.4766E+00,6.4010E+00,5.7322E+00,5.6073E+00,27.6386E+00,27.0310E+00,28.5481E+00,-26.4114E+00,-27.1681E+00,-26.5962E+00,49.924E+00,54.590E+00,55.420E+00,+99999.9E+99,+99999.9E+99,+99999.9E+99,7.123E+00,0.42537E+03,0.40444E+03,0.42288E+03,1.25269E+03,0.22988E+03,0.19990E+03,0.21544E+03,0.64521E+03,0.60175E+03,0.57925E+03,0.58912E+03,1.77012E+03,0.25747E+03,0.23216E+03,0.23407E+03,0.72268E+03,-0.42563E+03,-0.41467E+03,-0.41016E+03,-1.25047E+03,-0.11596E+03,-0.11806E+03,-0.09151E+03,-0.32553E+03,-0.70689E+00,-0.69822E+00,-0.71782E+00,-0.70769E+00,-0.89283E+00,-0.86103E+00,-0.92041E+00,-0.89280E+00,0.000E+00,119.922E+00,-119.757E+00,56.957E+00,-179.566E+00,-66.875E+00,-45.018E+00,-45.716E+00,-44.125E+00,-44.953E+00,201.895E+00,201.492E+00,201.808E+00,90.840E+00,+99999.9E+99,+99999.9E+99,0.00011E+06,-0.00073E+06,0.00000E+00,14.345E+00,0.758E+03,0.00114E+06,43.720E+00,F0F08
2021/11/30,17:34:14,00000:00:38,900,38003F00,500,1F00,1F00,3F00,99.928E+00,0.000E+00,0.000E+00,110.991E+00,0.000E+00,0.000E+00,0.505E+00,0.000E+00,0.000E+00,99.927E+00,0.000E+00,0.000E+00,0.000E+00,0.000E+00,0.000E+00,100.896E+00,0.000E+00,0.000E+00,98.814E+00,0.000E+00,0.000E+00,65.670E+00,+99999.9E+99,492.988E+00,1.042E+00,+99999.9E+99,+99999.9E+99,11.7529E+00,0.00000E+00,0.00000E+00,12.0320E+00,0.00000E+00,0.00000E+00,4.5589E+00,0.00000E+00,0.00000E+00,10.8326E+00,0.00000E+00,0.00000E+00,4.0274E+00,0.00000E+00,0.00000E+00,18.0786E+00,0.0000E+00,0.0000E+00,4.1400E+00,0.0000E+00,0.0000E+00,47.537E+00,+99999.9E+99,+99999.9E+99,64.336E+00,+99999.9E+99,+99999.9E+99,1.08040E+03,0.00000E+03,0.00000E+03,0.00000E+03,0.00000E+03,0.00000E+03,1.17444E+03,0.00000E+03,0.00000E+03,0.00000E+03,0.00000E+03,0.00000E+03,0.46049E+03,0.00000E+03,0.00000E+03,0.00000E+03,0.00000E+03,0.00000E+03,0.91993E+00,0.00000E+00,0.00000E+00,0.89448E+00,0.79378E+00,0.65375E+00,0.000E+00,117.102E+00,177.647E+00,153.442E+00,79.642E+00,-133.178E+00,23.085E+00,90.000E+00,90.000E+00,12.6171E+00,0.00000E+00,0.00000E+00,99.450E+00,100.000E+00,100.000E+00,0.00594E+03,0.00000E+03,0.00000E+03,+99999.9E+99,+99999.9E+99,+99999.9E+99,+99999.9E+99,+99999.9E+99,+99999.9E+99,+99999.9E+99,+99999.9E+99,+99999.9E+99,+99999.9E+99,+99999.9E+99,+99999.9E+99,1B00,0,0,0,1B00,76.7522E+00,77.1214E+00,76.8393E+00,76.9043E+00,71.9985E+00,72.6651E+00,72.1619E+00,72.2752E+00,76.7522E+00,77.1214E+00,76.8393E+00,0.0000E+00,0.0000E+00,0.0000E+00,70.0617E+00,70.3097E+00,70.2018E+00,105.447E+00,106.020E+00,105.424E+00,-104.016E+00,-104.777E+00,-104.310E+00,38.933E+00,38.731E+00,38.738E+00,+99999.9E+99,+99999.9E+99,+99999.9E+99,0.210E+00,11.8159E+00,11.6621E+00,11.9376E+00,11.8052E+00,10.3660E+00,10.2933E+00,10.4768E+00,10.3787E+00,11.8153E+00,11.6621E+00,11.9371E+00,-0.1140E+00,0.0000E+00,0.1022E+00,15.3177E+00,14.8999E+00,15.1184E+00,27.2548E+00,26.9500E+00,28.5629E+00,-25.7352E+00,-26.4781E+00,-26.6629E+00,39.587E+00,40.579E+00,39.562E+00,+99999.9E+99,+99999.9E+99,+99999.9E+99,1.699E+00,0.35259E+03,0.35482E+03,0.36706E+03,1.07446E+03,0.53925E+03,0.52354E+03,0.54116E+03,1.60394E+03,0.52770E+03,0.52249E+03,0.53565E+03,1.58584E+03,0.61847E+03,0.60138E+03,0.61216E+03,1.83187E+03,-0.39263E+03,-0.38353E+03,-0.39012E+03,-1.16628E+03,-0.30285E+03,-0.29592E+03,-0.28616E+03,-0.88494E+03,-0.66815E+00,-0.67910E+00,-0.68525E+00,-0.67753E+00,-0.87190E+00,-0.87056E+00,-0.88401E+00,-0.87558E+00,0.000E+00,119.979E+00,-119.832E+00,59.438E+00,179.406E+00,-62.032E+00,-48.076E+00,-47.226E+00,-46.745E+00,-47.349E+00,202.047E+00,202.471E+00,201.926E+00,90.600E+00,+99999.9E+99,+99999.9E+99,0.00010E+06,-0.00062E+06,0.00000E+00,12.272E+00,0.757E+03,0.00097E+06,43.764E+00,F0F08
2021/11/30,17:34:14,00000:00:38,950,38003F00,2A00,3B00,3B00,3F00,99.877E+00,0.000E+00,0.000E+00,110.934E+00,0.000E+00,0.000E+00,0.500E+00,0.000E+00,0.000E+00,99.875E+00,0.000E+00,0.000E+00,0.000E+00,0.000E+00,0.000E+00,100.925E+00,0.000E+00,0.000E+00,98.807E+00,0.000E+00,0.000E+00,65.670E+00,+99999.9E+99,492.988E+00,1.060E+00,+99999.9E+99,+99999.9E+99,11.9872E+00,0.00000E+00,0.00000E+00,12.3030E+00,0.00000E+00,0.00000E+00,4.5828E+00,0.00000E+00,0.00000E+00,11.0766E+00,0.00000E+00,0.00000E+00,4.0274E+00,0.00000E+00,0.00000E+00,18.1886E+00,0.0000E+00,0.0000E+00,3.9776E+00,0.0000E+00,0.0000E+00,47.537E+00,+99999.9E+99,+99999.9E+99,64.149E+00,+99999.9E+99,+99999.9E+99,1.10423E+03,0.00000E+03,0.00000E+03,0.00000E+03,0.00000E+03,0.00000E+03,1.19724E+03,0.00000E+03,0.00000E+03,0.00000E+03,0.00000E+03,0.00000E+03,0.46267E+03,0.00000E+03,0.00000E+03,0.00000E+03,0.00000E+03,0.00000E+03,0.92231E+00,0.00000E+00,0.00000E+00,0.89448E+00,0.79378E+00,0.65375E+00,0.000E+00,117.102E+00,177.647E+00,153.442E+00,79.642E+00,-133.178E+00,22.734E+00,90.000E+00,90.000E+00,0.00000E+00,0.00000E+00,0.00000E+00,76.154E+00,100.000E+00,100.000E+00,0.26331E+03,0.00000E+03,0.00000E+03,+99999.9E+99,+99999.9E+99,+99999.9E+99,+99999.9E+99,+99999.9E+99,+99999.9E+99,+99999.9E+99,+99999.9E+99,+99999.9E+99,+99999.9E+99,+99999.9E+99,+99999.9E+99,1B00,0,0,0,1B00,76.5472E+00,76.6223E+00,76.5374E+00,76.5690E+00,72.4183E+00,72.7519E+00,72.4421E+00,72.5374E+00,76.5472E+00,76.6223E+00,76.5374E+00,0.0000E+00,0.0000E+00,0.0000E+00,72.9055E+00,72.7518E+00,72.6824E+00,105.830E+00,106.000E+00,105.674E+00,-104.530E+00,-105.219E+00,-104.471E+00,18.363E+00,17.904E+00,17.975E+00,+99999.9E+99,+99999.9E+99,+99999.9E+99,0.183E+00,9.3819E+00,8.8766E+00,9.0367E+00,9.0984E+00,8.1662E+00,7.7503E+00,7.8073E+00,7.9079E+00,9.3807E+00,8.8742E+00,9.0295E+00,-0.1541E+00,-0.2054E+00,0.3605E+00,6.0824E+00,6.3774E+00,6.7816E+00,25.7238E+00,23.8362E+00,24.5005E+00,-25.9590E+00,-24.6748E+00,-21.9024E+00,57.393E+00,53.153E+00,50.317E+00,+99999.9E+99,+99999.9E+99,+99999.9E+99,4.869E+00,0.28710E+03,0.26948E+03,0.28434E+03,0.84091E+03,0.21717E+03,0.23355E+03,0.23822E+03,0.68894E+03,0.41708E+03,0.39369E+03,0.40073E+03,1.21150E+03,0.25315E+03,0.25991E+03,0.27396E+03,0.78651E+03,-0.30255E+03,-0.28700E+03,-0.28237E+03,-0.87192E+03,-0.13009E+03,-0.11406E+03,-0.13530E+03,-0.37944E+03,-0.68834E+00,-0.68450E+00,-0.70955E+00,-0.69411E+00,-0.85787E+00,-0.89857E+00,-0.86954E+00,-0.87594E+00,0.000E+00,120.127E+00,-120.044E+00,60.850E+00,176.128E+00,-60.349E+00,-46.501E+00,-46.804E+00,-44.801E+00,-46.044E+00,201.977E+00,201.366E+00,202.127E+00,94.578E+00,+99999.9E+99,+99999.9E+99,0.00005E+06,-0.00053E+06,0.00000E+00,10.042E+00,0.756E+03,0.00080E+06,43.834E+00,F0F08
2021/11/30,17:34:14,00000:00:39,0,38003D00,2D00,3C00,3C00,3800,99.877E+00,0.000E+00,0.000E+00,110.934E+00,0.000E+00,0.000E+00,0.500E+00,0.000E+00,0.000E+00,99.875E+00,0.000E+00,0.000E+00,0.000E+00,0.000E+00,0.000E+00,100.925E+00,0.000E+00,0.000E+00,98.807E+00,0.000E+00,0.000E+00,38.235E+00,+99999.9E+99,419.975E+00,1.060E+00,+99999.9E+99,+99999.9E+99,11.9872E+00,0.00000E+00,0.00000E+00,12.3030E+00,0.00000E+00,0.00000E+00,4.5828E+00,0.00000E+00,0.00000E+00,11.0766E+00,0.00000E+00,0.00000E+00,4.1231E+00,0.00000E+00,0.00000E+00,18.1886E+00,0.0000E+00,0.0000E+00,3.9776E+00,0.0000E+00,0.0000E+00,45.221E+00,+99999.9E+99,+99999.9E+99,64.149E+00,+99999.9E+99,+99999.9E+99,1.10423E+03,0.00000E+03,0.00000E+03,0.00000E+03,0.00000E+03,0.00000E+03,1.19724E+03,0.00000E+03,0.00000E+03,0.00000E+03,0.00000E+03,0.00000E+03,0.46267E+03,0.00000E+03,0.00000E+03,0.00000E+03,0.00000E+03,0.00000E+03,0.92231E+00,0.00000E+00,0.00000E+00,0.93068E+00,0.67678E+00,0.84930E+00,0.000E+00,-65.239E+00,176.912E+00,158.541E+00,162.169E+00,145.048E+00,22.734E+00,90.000E+00,90.000E+00,0.00000E+00,0.00000E+00,0.00000E+00,122.800E+00,100.000E+00,100.000E+00,-0.25176E+03,0.00000E+03,0.00000E+03,+99999.9E+99,+99999.9E+99,+99999.9E+99,+99999.9E+99,+99999.9E+99,+99999.9E+99,+99999.9E+99,+99999.9E+99,+99999.9E+99,+99999.9E+99,+99999.9E+99,+99999.9E+99,1B00,0,0,0,1B00,77.0149E+00,77.4747E+00,77.3483E+00,77.2793E+00,71.7083E+00,72.5741E+00,72.3350E+00,72.2058E+00,77.0149E+00,77.4747E+00,77.3482E+00,0.0000E+00,0.0000E+00,0.0000E+00,71.7662E+00,72.3288E+00,72.0871E+00,105.743E+00,106.079E+00,105.557E+00,-104.393E+00,-107.417E+00,-105.194E+00,24.752E+00,25.169E+00,25.085E+00,+99999.9E+99,+99999.9E+99,+99999.9E+99,0.447E+00,13.9706E+00,13.6473E+00,13.7762E+00,13.7980E+00,13.0586E+00,12.8623E+00,12.8148E+00,12.9119E+00,13.9697E+00,13.6451E+00,13.7702E+00,-0.1608E+00,-0.2430E+00,0.4050E+00,9.9156E+00,9.0892E+00,9.2507E+00,27.7219E+00,27.0819E+00,28.5386E+00,-26.5833E+00,-27.1133E+00,-26.4952E+00,44.745E+00,47.580E+00,47.577E+00,+99999.9E+99,+99999.9E+99,+99999.9E+99,6.523E+00,0.45643E+03,0.44434E+03,0.45522E+03,1.35599E+03,0.36010E+03,0.31681E+03,0.34144E+03,1.01836E+03,0.62950E+03,0.61536E+03,0.62346E+03,1.86831E+03,0.40506E+03,0.36833E+03,0.37272E+03,1.14472E+03,-0.43352E+03,-0.42571E+03,-0.42600E+03,-1.28523E+03,-0.18546E+03,-0.18788E+03,-0.14947E+03,-0.52281E+03,-0.72507E+00,-0.72208E+00,-0.73015E+00,-0.72578E+00,-0.88903E+00,-0.86013E+00,-0.91607E+00,-0.88961E+00,0.000E+00,119.958E+00,-119.639E+00,57.504E+00,-179.480E+00,-66.145E+00,-43.526E+00,-43.773E+00,-43.101E+00,-43.466E+00,201.439E+00,202.238E+00,201.091E+00,90.320E+00,+99999.9E+99,+99999.9E+99,0.00013E+06,-0.00078E+06,0.00000E+00,15.435E+00,0.758E+03,0.00122E+06,43.579E+00,F0F08
2021/11/30,17:34:14,00000:00:39,50,38003F00,2800,3B00,3B00,3F00,100.035E+00,0.000E+00,0.000E+00,111.110E+00,0.000E+00,0.000E+00,0.502E+00,0.000E+00,0.000E+00,100.034E+00,0.000E+00,0.000E+00,0.000E+00,0.000E+00,0.000E+00,100.921E+00,0.000E+00,0.000E+00,98.807E+00,0.000E+00,0.000E+00,38.235E+00,+99999.9E+99,419.975E+00,1.057E+00,+99999.9E+99,+99999.9E+99,11.1962E+00,0.00000E+00,0.00000E+00,11.4394E+00,0.00000E+00,0.00000E+00,4.3913E+00,0.00000E+00,0.00000E+00,10.2990E+00,0.00000E+00,0.00000E+00,4.1231E+00,0.00000E+00,0.00000E+00,18.1790E+00,0.0000E+00,0.0000E+00,3.9786E+00,0.0000E+00,0.0000E+00,45.221E+00,+99999.9E+99,+99999.9E+99,68.941E+00,+99999.9E+99,+99999.9E+99,1.02829E+03,0.00000E+03,0.00000E+03,0.00000E+03,0.00000E+03,0.00000E+03,1.12001E+03,0.00000E+03,0.00000E+03,0.00000E+03,0.00000E+03,0.00000E+03,-0.44389E+03,0.00000E+03,0.00000E+03,0.00000E+03,0.00000E+03,0.00000E+03,-0.91811E+00,0.00000E+00,0.00000E+00,0.93068E+00,0.67678E+00,0.84930E+00,0.000E+00,-65.239E+00,176.912E+00,158.541E+00,162.169E+00,145.048E+00,-23.349E+00,90.000E+00,90.000E+00,9.34558E+00,0.00000E+00,0.00000E+00,84.940E+00,100.000E+00,100.000E+00,0.15486E+03,0.00000E+03,0.00000E+03,+99999.9E+99,+99999.9E+99,+99999.9E+99,+99999.9E+99,+99999.9E+99,+99999.9E+99,+99999.9E+99,+99999.9E+99,+99999.9E+99,+99999.9E+99,+99999.9E+99,+99999.9E+99,1B00,0,0,0,1B00,76.7128E+00,76.6801E+00,76.4151E+00,76.6027E+00,72.5631E+00,72.7003E+00,72.0785E+00,72.4473E+00,76.7128E+00,76.6801E+00,76.4151E+00,0.0000E+00,0.0000E+00,0.0000E+00,70.7557E+00,70.6570E+00,70.5104E+00,105.691E+00,106.046E+00,105.774E+00,-104.437E+00,-104.670E+00,-105.036E+00,35.734E+00,35.252E+00,35.676E+00,+99999.9E+99,+99999.9E+99,+99999.9E+99,0.203E+00,9.7401E+00,9.3234E+00,9.9297E+00,9.6644E+00,8.4387E+00,8.0806E+00,8.4854E+00,8.3349E+00,9.7394E+00,9.3234E+00,9.9297E+00,-0.1159E+00,0.0000E+00,0.0000E+00,13.4042E+00,13.4391E+00,13.9727E+00,26.2833E+00,24.8614E+00,27.2433E+00,-25.6905E+00,-23.4057E+00,-26.5733E+00,42.797E+00,42.133E+00,40.269E+00,+99999.9E+99,+99999.9E+99,+99999.9E+99,2.409E+00,0.28579E+03,0.28374E+03,0.30390E+03,0.87343E+03,0.46717E+03,0.48142E+03,0.49009E+03,1.43867E+03,0.43346E+03,0.41508E+03,0.44075E+03,1.28928E+03,0.54234E+03,0.54498E+03,0.56195E+03,1.64899E+03,-0.32590E+03,-0.30295E+03,-0.31922E+03,-0.94807E+03,-0.27548E+03,-0.25542E+03,-0.27495E+03,-0.80584E+03,-0.65933E+00,-0.68359E+00,-0.68951E+00,-0.67746E+00,-0.86139E+00,-0.88337E+00,-0.87212E+00,-0.87246E+00,0.000E+00,120.176E+00,-119.991E+00,60.474E+00,178.061E+00,-60.582E+00,-48.751E+00,-46.875E+00,-46.409E+00,-47.355E+00,202.462E+00,201.779E+00,202.656E+00,91.735E+00,+99999.9E+99,+99999.9E+99,0.00007E+06,-0.00052E+06,0.00000E+00,10.112E+00,0.757E+03,0.00080E+06,43.942E+00,F0F08
2021/11/30,17:34:14,00000:00:39,100,38003F00,0,1B00,1B00,3F00,99.926E+00,0.000E+00,0.000E+00,110.988E+00,0.000E+00,0.000E+00,0.510E+00,0.000E+00,0.000E+00,99.924E+00,0.000E+00,0.000E+00,0.000E+00,0.000E+00,0.000E+00,100.932E+00,0.000E+00,0.000E+00,98.779E+00,0.000E+00,0.000E+00,99.134E+00,+99999.9E+99,+99999.9E+99,1.078E+00,+99999.9E+99,+99999.9E+99,11.7886E+00,0.00000E+00,0.00000E+00,12.0644E+00,0.00000E+00,0.00000E+00,4.5818E+00,0.00000E+00,0.00000E+00,10.8618E+00,0.00000E+00,0.00000E+00,3.1038E+00,0.00000E+00,0.00000E+00,18.0917E+00,0.0000E+00,0.0000E+00,4.0624E+00,0.0000E+00,0.0000E+00,97.336E+00,+99999.9E+99,+99999.9E+99,64.581E+00,+99999.9E+99,+99999.9E+99,1.08327E+03,0.00000E+03,0.00000E+03,0.00000E+03,0.00000E+03,0.00000E+03,1.17799E+03,0.00000E+03,0.00000E+03,0.00000E+03,0.00000E+03,0.00000E+03,0.46280E+03,0.00000E+03,0.00000E+03,0.00000E+03,0.00000E+03,0.00000E+03,0.91959E+00,0.00000E+00,0.00000E+00,0.83437E+00,0.39886E+00,0.18701E+00,0.000E+00,5.206E+00,119.305E+00,146.550E+00,-108.301E+00,18.526E+00,23.134E+00,90.000E+00,90.000E+00,12.6200E+00,0.00000E+00,0.00000E+00,96.738E+00,100.000E+00,100.000E+00,0.03534E+03,0.00000E+03,0.00000E+03,+99999.9E+99,+99999.9E+99,+99999.9E+99,+99999.9E+99,+99999.9E+99,+99999.9E+99,+99999.9E+99,+99999.9E+99,+99999.9E+99,+99999.9E+99,+99999.9E+99,+99999.9E+99,1B00,0,0,0,1B00,76.5564E+00,77.0458E+00,77.0607E+00,76.8876E+00,71.8895E+00,72.8367E+00,72.8351E+00,72.5204E+00,76.5564E+00,77.0458E+00,77.0607E+00,0.0000E+00,0.0000E+00,0.0000E+00,73.1337E+00,73.2437E+00,73.1263E+00,105.833E+00,106.031E+00,105.713E+00,-104.747E+00,-103.743E+00,-105.194E+00,13.967E+00,13.793E+00,14.124E+00,+99999.9E+99,+99999.9E+99,+99999.9E+99,0.101E+00,11.6837E+00,11.4289E+00,11.2412E+00,11.4513E+00,10.0812E+00,9.9248E+00,9.6419E+00,9.8826E+00,11.6826E+00,11.4223E+00,11.2277E+00,-0.1610E+00,-0.3871E+00,0.5492E+00,4.8278E+00,4.5686E+00,4.8124E+00,27.5067E+00,27.1176E+00,28.4309E+00,-26.6695E+00,-26.9862E+00,-26.0105E+00,58.515E+00,60.036E+00,56.597E+00,+99999.9E+99,+99999.9E+99,+99999.9E+99,2.833E+00,0.36053E+03,0.34096E+03,0.34644E+03,1.04793E+03,0.17364E+03,0.16928E+03,0.17909E+03,0.52201E+03,0.52212E+03,0.50989E+03,0.50412E+03,1.53612E+03,0.19962E+03,0.19180E+03,0.20053E+03,0.59183E+03,-0.37766E+03,-0.37913E+03,-0.36621E+03,-1.12299E+03,-0.09847E+03,-0.09019E+03,-0.09022E+03,-0.27888E+03,-0.69052E+00,-0.66869E+00,-0.68723E+00,-0.68219E+00,-0.86988E+00,-0.88255E+00,-0.89307E+00,-0.88202E+00,0.000E+00,120.054E+00,-119.902E+00,59.602E+00,178.052E+00,-63.159E+00,-46.329E+00,-48.034E+00,-46.589E+00,-46.985E+00,201.834E+00,202.090E+00,201.494E+00,92.628E+00,+99999.9E+99,+99999.9E+99,0.00008E+06,-0.00063E+06,0.00000E+00,12.243E+00,0.757E+03,0.00097E+06,43.734E+00,F0F0F
2021/11/30,17:34:14,00000:00:39,150,38003F00,700,1F00,1F00,3F00,99.926E+00,0.000E+00,0.000E+00,110.988E+00,0.000E+00,0.000E+00,0.510E+00,0.000E+00,0.000E+00,99.924E+00,0.000E+00,0.000E+00,0.000E+00,0.000E+00,0.000E+00,100.932E+00,0.000E+00,0.000E+00,98.779E+00,0.000E+00,0.000E+00,20.176E+00,+99999.9E+99,+99999.9E+99,1.078E+00,+99999.9E+99,+99999.9E+99,11.7886E+00,0.00000E+00,0.00000E+00,12.0644E+00,0.00000E+00,0.00000E+00,4.5818E+00,0.00000E+00,0.00000E+00,10.8618E+00,0.00000E+00,0.00000E+00,4.6437E+00,0.00000E+00,0.00000E+00,18.0917E+00,0.0000E+00,0.0000E+00,4.0624E+00,0.0000E+00,0.0000E+00,11.517E+00,+99999.9E+99,+99999.9E+99,64.581E+00,+99999.9E+99,+99999.9E+99,1.08327E+03,0.00000E+03,0.00000E+03,0.00000E+03,0.00000E+03,0.00000E+03,1.17799E+03,0.00000E+03,0.00000E+03,0.00000E+03,0.00000E+03,0.00000E+03,0.46280E+03,0.00000E+03,0.00000E+03,0.00000E+03,0.00000E+03,0.00000E+03,0.91959E+00,0.00000E+00,0.00000E+00,0.91649E+00,0.62193E+00,0.95978E+00,0.000E+00,-105.925E+00,-170.723E+00,156.418E+00,125.618E+00,-7.029E+00,23.134E+00,90.000E+00,90.000E+00,12.6200E+00,0.00000E+00,0.00000E+00,116.609E+00,100.000E+00,100.000E+00,-0.17992E+03,0.00000E+03,0.00000E+03,+99999.9E+99,+99999.9E+99,+99999.9E+99,+99999.9E+99,+99999.9E+99,+99999.9E+99,+99999.9E+99,+99999.9E+99,+99999.9E+99,+99999.9E+99,+99999.9E+99,+99999.9E+99,1B00,0,0,0,1B00,77.2334E+00,77.2393E+00,77.0054E+00,77.1594E+00,72.1732E+00,72.3781E+00,71.8135E+00,72.1216E+00,77.2334E+00,77.2393E+00,77.0054E+00,0.0000E+00,0.0000E+00,0.0000E+00,70.4963E+00,71.0906E+00,70.9741E+00,105.353E+00,105.709E+00,105.577E+00,-104.421E+00,-104.630E+00,-104.470E+00,34.572E+00,34.532E+00,34.483E+00,+99999.9E+99,+99999.9E+99,+99999.9E+99,0.514E+00,13.4140E+00,12.9583E+00,13.3571E+00,13.2431E+00,12.3423E+00,11.9010E+00,12.2682E+00,12.1705E+00,13.4129E+00,12.9583E+00,13.3556E+00,-0.1711E+00,0.0000E+00,0.2016E+00,14.0710E+00,13.1404E+00,13.1243E+00,27.6529E+00,27.0867E+00,28.3805E+00,-26.6086E+00,-27.0629E+00,-26.3900E+00,39.667E+00,41.971E+00,42.173E+00,+99999.9E+99,+99999.9E+99,+99999.9E+99,4.451E+00,0.41900E+03,0.41027E+03,0.43392E+03,1.26319E+03,0.50221E+03,0.45878E+03,0.48415E+03,1.44513E+03,0.60445E+03,0.58382E+03,0.60036E+03,1.78863E+03,0.56714E+03,0.53158E+03,0.53638E+03,1.63414E+03,-0.43566E+03,-0.41535E+03,-0.41490E+03,-1.26592E+03,-0.26350E+03,-0.26851E+03,-0.23088E+03,-0.76289E+03,-0.69319E+00,-0.70274E+00,-0.72276E+00,-0.70623E+00,-0.88551E+00,-0.86305E+00,-0.90262E+00,-0.88434E+00,0.000E+00,119.836E+00,-119.665E+00,57.964E+00,-179.883E+00,-64.390E+00,-46.117E+00,-45.353E+00,-43.717E+00,-45.071E+00,201.427E+00,201.639E+00,201.994E+00,89.775E+00,+99999.9E+99,+99999.9E+99,0.00013E+06,-0.00072E+06,0.00000E+00,14.292E+00,0.758E+03,0.00113E+06,43.574E+00,F0F08
2021/11/30,17:34:14,00000:00:39,200,38003D00,500,1C00,1C00,3800,99.926E+00,0.000E+00,0.000E+00,110.988E+00,0.000E+00,0.000E+00,0.510E+00,0.000E+00,0.000E+00,99.924E+00,0.000E+00,0.000E+00,0.000E+00,0.000E+00,0.000E+00,100.932E+00,0.000E+00,0.000E+00,98.779E+00,0.000E+00,0.000E+00,20.176E+00,+99999.9E+99,+99999.9E+99,1.078E+00,+99999.9E+99,+99999.9E+99,11.7886E+00,0.00000E+00,0.00000E+00,12.0644E+00,0.00000E+00,0.00000E+00,4.5818E+00,0.00000E+00,0.00000E+00,10.8618E+00,0.00000E+00,0.00000E+00,4.6437E+00,0.00000E+00,0.00000E+00,18.0917E+00,0.0000E+00,0.0000E+00,4.0624E+00,0.0000E+00,0.0000E+00,11.517E+00,+99999.9E+99,+99999.9E+99,64.581E+00,+99999.9E+99,+99999.9E+99,1.08327E+03,0.00000E+03,0.00000E+03,0.00000E+03,0.00000E+03,0.00000E+03,1.17799E+03,0.00000E+03,0.00000E+03,0.00000E+03,0.00000E+03,0.00000E+03,0.46280E+03,0.00000E+03,0.00000E+03,0.00000E+03,0.00000E+03,0.00000E+03,0.91959E+00,0.00000E+00,0.00000E+00,0.91649E+00,0.62193E+00,0.95978E+00,0.000E+00,-105.925E+00,-170.723E+00,156.418E+00,125.618E+00,-7.029E+00,23.134E+00,90.000E+00,90.000E+00,12.6200E+00,0.00000E+00,0.00000E+00,71.392E+00,100.000E+00,100.000E+00,0.30990E+03,0.00000E+03,0.00000E+03,+99999.9E+99,+99999.9E+99,+99999.9E+99,+99999.9E+99,+99999.9E+99,+99999.9E+99,+99999.9E+99,+99999.9E+99,+99999.9E+99,+99999.9E+99,+99999.9E+99,+99999.9E+99,1B00,0,0,0,1B00,76.2993E+00,76.6704E+00,76.5498E+00,76.5065E+00,72.2002E+00,72.9184E+00,72.6867E+00,72.6018E+00,76.2992E+00,76.6704E+00,76.5498E+00,0.0000E+00,0.0000E+00,0.0000E+00,71.9474E+00,71.8066E+00,71.7311E+00,105.900E+00,106.103E+00,105.614E+00,-104.943E+00,-104.691E+00,-105.284E+00,26.119E+00,25.164E+00,25.983E+00,+99999.9E+99,+99999.9E+99,+99999.9E+99,0.178E+00,8.2431E+00,8.1770E+00,8.1234E+00,8.1812E+00,7.3361E+00,7.2912E+00,7.2241E+00,7.2838E+00,8.2431E+00,8.1759E+00,8.1202E+00,0.0000E+00,-0.1331E+00,0.2246E+00,9.2844E+00,9.4302E+00,9.8141E+00,22.2910E+00,20.7033E+00,20.4714E+00,-18.6681E+00,-19.1290E+00,-19.9014E+00,49.993E+00,47.601E+00,45.837E+00,+99999.9E+99,+99999.9E+99,+99999.9E+99,4.411E+00,0.25964E+03,0.25376E+03,0.25997E+03,0.77337E+03,0.31579E+03,0.33876E+03,0.34360E+03,0.99816E+03,0.36499E+03,0.36234E+03,0.36091E+03,1.08824E+03,0.37400E+03,0.38364E+03,0.40195E+03,1.15899E+03,-0.25652E+03,-0.25864E+03,-0.25034E+03,-0.76551E+03,-0.20038E+03,-0.18006E+03,-0.20857E+03,-0.58901E+03,-0.71136E+00,-0.70034E+00,-0.72032E+00,-0.71066E+00,-0.84436E+00,-0.88302E+00,-0.85484E+00,-0.86123E+00,0.000E+00,120.134E+00,-120.027E+00,62.333E+00,178.089E+00,-58.669E+00,-44.655E+00,-45.545E+00,-43.919E+00,-44.711E+00,202.459E+00,202.095E+00,202.075E+00,95.046E+00,+99999.9E+99,+99999.9E+99,0.00004E+06,-0.00048E+06,0.00000E+00,9.278E+00,0.757E+03,0.00074E+06,43.950E+00,F0F08
2021/11/30,17:34:14,00000:00:39,250,38003F00,700,1F00,1F00,3F00,99.926E+00,0.000E+00,0.000E+00,110.988E+00,0.000E+00,0.000E+00,0.510E+00,0.000E+00,0.000E+00,99.924E+00,0.000E+00,0.000E+00,0.000E+00,0.000E+00,0.000E+00,100.932E+00,0.000E+00,0.000E+00,98.779E+00,0.000E+00,0.000E+00,70.234E+00,439.270E+00,354.564E+00,1.078E+00,+99999.9E+99,+99999.9E+99,11.7886E+00,0.00000E+00,0.00000E+00,12.0644E+00,0.00000E+00,0.00000E+00,4.5818E+00,0.00000E+00,0.00000E+00,10.8618E+00,0.00000E+00,0.00000E+00,3.9167E+00,0.00000E+00,0.00000E+00,18.0917E+00,0.0000E+00,0.0000E+00,4.0624E+00,0.0000E+00,0.0000E+00,50.304E+00,+99999.9E+99,+99999.9E+99,64.581E+00,+99999.9E+99,+99999.9E+99,1.08327E+03,0.00000E+03,0.00000E+03,0.00000E+03,0.00000E+03,0.00000E+03,1.17799E+03,0.00000E+03,0.00000E+03,0.00000E+03,0.00000E+03,0.00000E+03,0.46280E+03,0.00000E+03,0.00000E+03,0.00000E+03,0.00000E+03,0.00000E+03,0.91959E+00,0.00000E+00,0.00000E+00,0.89291E+00,0.83966E+00,0.65770E+00,0.000E+00,74.034E+00,159.364E+00,153.241E+00,41.138E+00,-69.511E+00,23.134E+00,90.000E+00,90.000E+00,12.6200E+00,0.00000E+00,0.00000E+00,116.117E+00,100.000E+00,100.000E+00,-0.17459E+03,0.00000E+03,0.00000E+03,+99999.9E+99,+99999.9E+99,+99999.9E+99,+99999.9E+99,+99999.9E+99,+99999.9E+99,+99999.9E+99,+99999.9E+99,+99999.9E+99,+99999.9E+99,+99999.9E+99,+99999.9E+99,1B00,0,0,0,1B00,77.0988E+00,77.1685E+00,77.1349E+00,77.1341E+00,72.1726E+00,72.5235E+00,72.3060E+00,72.3340E+00,77.0988E+00,77.1684E+00,77.1349E+00,0.0000E+00,0.0000E+00,0.0000E+00,73.0551E+00,73.2982E+00,73.1658E+00,105.750E+00,106.034E+00,105.774E+00,-105.054E+00,-104.827E+00,-104.543E+00,14.008E+00,14.220E+00,14.303E+00,+99999.9E+99,+99999.9E+99,+99999.9E+99,0.192E+00,13.4054E+00,12.9334E+00,13.1247E+00,13.1545E+00,12.2100E+00,11.7282E+00,11.7899E+00,11.9094E+00,13.4042E+00,12.9292E+00,13.1149E+00,-0.1759E+00,-0.3295E+00,0.5064E+00,5.1999E+00,4.7122E+00,4.8630E+00,27.6071E+00,27.1381E+00,28.4733E+00,-26.6748E+00,-26.9319E+00,-26.6981E+00,54.761E+00,59.083E+00,57.057E+00,+99999.9E+99,+99999.9E+99,+99999.9E+99,4.573E+00,0.42812E+03,0.40593E+03,0.42381E+03,1.25786E+03,0.18736E+03,0.17187E+03,0.18391E+03,0.54314E+03,0.60421E+03,0.58106E+03,0.58967E+03,1.77495E+03,0.21218E+03,0.19683E+03,0.20229E+03,0.61095E+03,-0.42636E+03,-0.41576E+03,-0.41000E+03,-1.25212E+03,-0.09958E+03,-0.09593E+03,-0.08424E+03,-0.27976E+03,-0.70856E+00,-0.69860E+00,-0.71872E+00,-0.70868E+00,-0.88302E+00,-0.87318E+00,-0.90916E+00,-0.88900E+00,0.000E+00,120.011E+00,-119.830E+00,58.100E+00,179.120E+00,-65.267E+00,-44.882E+00,-45.685E+00,-44.051E+00,-44.873E+00,201.276E+00,201.441E+00,201.701E+00,91.119E+00,+99999.9E+99,+99999.9E+99,0.00011E+06,-0.00074E+06,0.00000E+00,14.455E+00,0.757E+03,0.00115E+06,43.572E+00,F0F08
2021/11/30,17:34:14,00000:00:39,300,38003F00,2800,3B00,3B00,3F00,99.870E+00,0.000E+00,0.000E+00,110.927E+00,0.000E+00,0.000E+00,0.501E+00,0.000E+00,0.000E+00,99.869E+00,0.000E+00,0.000E+00,0.000E+00,0.000E+00,0.000E+00,100.925E+00,0.000E+00,0.000E+00,98.811E+00,0.000E+00,0.000E+00,70.234E+00,439.270E+00,354.564E+00,1.059E+00,+99999.9E+99,+99999.9E+99,12.0357E+00,0.00000E+00,0.00000E+00,12.3463E+00,0.00000E+00,0.00000E+00,4.6155E+00,0.00000E+00,0.00000E+00,11.1156E+00,0.00000E+00,0.00000E+00,3.9167E+00,0.00000E+00,0.00000E+00,18.2619E+00,0.0000E+00,0.0000E+00,4.0426E+00,0.0000E+00,0.0000E+00,50.304E+00,+99999.9E+99,+99999.9E+99,63.961E+00,+99999.9E+99,+99999.9E+99,1.10802E+03,0.00000E+03,0.00000E+03,0.00000E+03,0.00000E+03,0.00000E+03,1.20201E+03,0.00000E+03,0.00000E+03,0.00000E+03,0.00000E+03,0.00000E+03,0.46597E+03,0.00000E+03,0.00000E+03,0.00000E+03,0.00000E+03,0.00000E+03,0.92180E+00,0.00000E+00,0.00000E+00,0.89291E+00,0.83966E+00,0.65770E+00,0.000E+00,74.034E+00,159.364E+00,153.241E+00,41.138E+00,-69.511E+00,22.809E+00,90.000E+00,90.000E+00,0.00000E+00,0.00000E+00,0.00000E+00,98.631E+00,100.000E+00,100.000E+00,0.01517E+03,0.00000E+03,0.00000E+03,+99999.9E+99,+99999.9E+99,+99999.9E+99,+99999.9E+99,+99999.9E+99,+99999.9E+99,+99999.9E+99,+99999.9E+99,+99999.9E+99,+99999.9E+99,+99999.9E+99,+99999.9E+99,1B00,0,0,0,1B00,76.7505E+00,77.0989E+00,76.8374E+00,76.8956E+00,72.0320E+00,72.6715E+00,72.1984E+00,72.3006E+00,76.7505E+00,77.0989E+00,76.8374E+00,0.0000E+00,0.0000E+00,0.0000E+00,70.1446E+00,70.5221E+00,70.4723E+00,105.346E+00,105.909E+00,105.574E+00,-104.263E+00,-104.521E+00,-104.339E+00,37.517E+00,37.479E+00,37.356E+00,+99999.9E+99,+99999.9E+99,+99999.9E+99,0.341E+00,11.9614E+00,11.8015E+00,12.0803E+00,11.9477E+00,10.4758E+00,10.4010E+00,10.5905E+00,10.4891E+00,11.9607E+00,11.8015E+00,12.0803E+00,-0.1303E+00,0.0000E+00,0.0000E+00,15.0475E+00,14.4339E+00,14.4543E+00,27.6738E+00,27.0971E+00,28.6262E+00,-26.2838E+00,-27.2462E+00,-26.6186E+00,39.318E+00,40.834E+00,40.634E+00,+99999.9E+99,+99999.9E+99,+99999.9E+99,2.924E+00,0.35872E+03,0.36080E+03,0.37333E+03,1.09285E+03,0.53565E+03,0.50441E+03,0.52471E+03,1.56477E+03,0.53440E+03,0.52876E+03,0.54207E+03,1.60523E+03,0.60860E+03,0.58181E+03,0.58767E+03,1.77764E+03,-0.39611E+03,-0.38653E+03,-0.39302E+03,-1.17567E+03,-0.28891E+03,-0.28995E+03,-0.26465E+03,-0.84351E+03,-0.67126E+00,-0.68236E+00,-0.68870E+00,-0.68081E+00,-0.88014E+00,-0.86697E+00,-0.89286E+00,-0.88025E+00,0.000E+00,119.869E+00,-119.797E+00,58.519E+00,179.736E+00,-63.187E+00,-47.836E+00,-46.972E+00,-46.472E+00,-47.093E+00,202.160E+00,202.332E+00,201.859E+00,90.409E+00,+99999.9E+99,+99999.9E+99,0.00010E+06,-0.00063E+06,0.00000E+00,12.462E+00,0.757E+03,0.00099E+06,43.823E+00,F0F08
2021/11/30,17:34:14,00000:00:39,350,38003F00,2D00,3F00,3F00,3F00,99.870E+00,0.000E+00,0.000E+00,110.927E+00,0.000E+00,0.000E+00,0.501E+00,0.000E+00,0.000E+00,99.869E+00,0.000E+00,0.000E+00,0.000E+00,0.000E+00,0.000E+00,100.925E+00,0.000E+00,0.000E+00,98.811E+00,0.000E+00,0.000E+00,36.421E+00,+99999.9E+99,+99999.9E+99,1.059E+00,+99999.9E+99,+99999.9E+99,12.0357E+00,0.00000E+00,0.00000E+00,12.3463E+00,0.00000E+00,0.00000E+00,4.6155E+00,0.00000E+00,0.00000E+00,11.1156E+00,0.00000E+00,0.00000E+00,4.1352E+00,0.00000E+00,0.00000E+00,18.2619E+00,0.0000E+00,0.0000E+00,4.0426E+00,0.0000E+00,0.0000E+00,45.224E+00,+99999.9E+99,+99999.9E+99,63.961E+00,+99999.9E+99,+99999.9E+99,1.10802E+03,0.00000E+03,0.00000E+03,0.00000E+03,0.00000E+03,0.00000E+03,1.20201E+03,0.00000E+03,0.00000E+03,0.00000E+03,0.00000E+03,0.00000E+03,0.46597E+03,0.00000E+03,0.00000E+03,0.00000E+03,0.00000E+03,0.00000E+03,0.92180E+00,0.00000E+00,0.00000E+00,0.93078E+00,0.39997E+00,0.89623E+00,0.000E+00,-57.775E+00,-165.987E+00,158.557E+00,-171.352E+00,-139.654E+00,22.809E+00,90.000E+00,90.000E+00,0.00000E+00,0.00000E+00,0.00000E+00,75.676E+00,100.000E+00,100.000E+00,0.26951E+03,0.00000E+03,0.00000E+03,+99999.9E+99,+99999.9E+99,+99999.9E+99,+99999.9E+99,+99999.9E+99,+99999.9E+99,+99999.9E+99,+99999.9E+99,+99999.9E+99,+99999.9E+99,+99999.9E+99,+99999.9E+99,1B00,0,0,0,1B00,76.5212E+00,76.6309E+00,76.5564E+00,76.5695E+00,72.3437E+00,72.7191E+00,72.4414E+00,72.5014E+00,76.5212E+00,76.6309E+00,76.5564E+00,0.0000E+00,0.0000E+00,0.0000E+00,72.4843E+00,72.2682E+00,72.2507E+00,105.880E+00,106.127E+00,105.853E+00,-104.290E+00,-105.037E+00,-104.434E+00,22.503E+00,21.505E+00,22.093E+00,+99999.9E+99,+99999.9E+99,+99999.9E+99,0.205E+00,9.4810E+00,9.0113E+00,9.1327E+00,9.2083E+00,8.1416E+00,7.7509E+00,7.7731E+00,7.8885E+00,9.4801E+00,9.0075E+00,9.1242E+00,-0.1304E+00,-0.2611E+00,0.3926E+00,7.6829E+00,8.1065E+00,8.3081E+00,26.1157E+00,24.2186E+00,25.2157E+00,-26.4262E+00,-25.4210E+00,-22.4214E+00,52.701E+00,48.496E+00,47.298E+00,+99999.9E+99,+99999.9E+99,+99999.9E+99,4.591E+00,0.28666E+03,0.26917E+03,0.28268E+03,0.83851E+03,0.27219E+03,0.29335E+03,0.29571E+03,0.86126E+03,0.42129E+03,0.39950E+03,0.40508E+03,1.22587E+03,0.31560E+03,0.32627E+03,0.34040E+03,0.98171E+03,-0.30873E+03,-0.29522E+03,-0.29014E+03,-0.89408E+03,-0.15974E+03,-0.14282E+03,-0.16860E+03,-0.47116E+03,-0.68043E+00,-0.67375E+00,-0.69785E+00,-0.68401E+00,-0.86245E+00,-0.89910E+00,-0.86872E+00,-0.87730E+00,0.000E+00,120.108E+00,-120.092E+00,60.309E+00,176.062E+00,-60.298E+00,-47.123E+00,-47.643E+00,-45.746E+00,-46.842E+00,201.683E+00,201.360E+00,202.076E+00,94.822E+00,+99999.9E+99,+99999.9E+99,0.00004E+06,-0.00053E+06,0.00000E+00,10.041E+00,0.756E+03,0.00080E+06,43.762E+00,F0F08
2021/11/30,17:34:14,00000:00:39,400,38003800,2800,3800,3800,3800,100.004E+00,0.000E+00,0.000E+00,111.075E+00,0.000E+00,0.000E+00,0.531E+00,0.000E+00,0.000E+00,100.003E+00,0.000E+00,0.000E+00,0.000E+00,0.000E+00,0.000E+00,100.993E+00,0.000E+00,0.000E+00,98.814E+00,0.000E+00,0.000E+00,36.421E+00,+99999.9E+99,+99999.9E+99,1.089E+00,+99999.9E+99,+99999.9E+99,10.8115E+00,0.00000E+00,0.00000E+00,10.9552E+00,0.00000E+00,0.00000E+00,4.4279E+00,0.00000E+00,0.00000E+00,9.8632E+00,0.00000E+00,0.00000E+00,4.1352E+00,0.00000E+00,0.00000E+00,18.2886E+00,0.0000E+00,0.0000E+00,3.5874E+00,0.0000E+00,0.0000E+00,45.224E+00,+99999.9E+99,+99999.9E+99,74.526E+00,+99999.9E+99,+99999.9E+99,0.98426E+03,0.00000E+03,0.00000E+03,0.00000E+03,0.00000E+03,0.00000E+03,1.08119E+03,0.00000E+03,0.00000E+03,0.00000E+03,0.00000E+03,0.00000E+03,0.44745E+03,0.00000E+03,0.00000E+03,0.00000E+03,0.00000E+03,0.00000E+03,0.91035E+00,0.00000E+00,0.00000E+00,0.93078E+00,0.39997E+00,0.89623E+00,0.000E+00,-57.775E+00,-165.987E+00,158.557E+00,-171.352E+00,-139.654E+00,24.447E+00,90.000E+00,90.000E+00,14.5840E+00,0.00000E+00,0.00000E+00,137.956E+00,100.000E+00,100.000E+00,-0.37359E+03,0.00000E+03,0.00000E+03,+99999.9E+99,+99999.9E+99,+99999.9E+99,+99999.9E+99,+99999.9E+99,+99999.9E+99,+99999.9E+99,+99999.9E+99,+99999.9E+99,+99999.9E+99,+99999.9E+99,+99999.9E+99,1B00,0,0,0,1B00,77.0100E+00,77.4731E+00,77.3246E+00,77.2692E+00,71.7212E+00,72.5958E+00,72.3234E+00,72.2135E+00,77.0100E+00,77.4731E+00,77.3246E+00,0.0000E+00,0.0000E+00,0.0000E+00,72.2961E+00,72.7413E+00,72.6185E+00,105.526E+00,105.854E+00,105.643E+00,-104.787E+00,-105.281E+00,-104.484E+00,19.921E+00,19.970E+00,20.243E+00,+99999.9E+99,+99999.9E+99,+99999.9E+99,0.373E+00,13.9741E+00,13.6478E+00,13.7893E+00,13.8037E+00,13.0588E+00,12.8633E+00,12.8242E+00,12.9155E+00,13.9730E+00,13.6462E+00,13.7840E+00,-0.1719E+00,-0.2078E+00,0.3809E+00,7.8195E+00,7.2820E+00,7.0705E+00,27.6333E+00,27.1410E+00,28.7257E+00,-26.6081E+00,-26.6881E+00,-26.8714E+00,48.153E+00,50.174E+00,52.767E+00,+99999.9E+99,+99999.9E+99,+99999.9E+99,7.225E+00,0.45678E+03,0.44503E+03,0.45604E+03,1.35785E+03,0.28158E+03,0.24414E+03,0.26276E+03,0.78848E+03,0.62955E+03,0.61532E+03,0.62380E+03,1.86867E+03,0.31651E+03,0.28568E+03,0.28675E+03,0.88764E+03,-0.43323E+03,-0.42494E+03,-0.42562E+03,-1.28378E+03,-0.14453E+03,-0.14835E+03,-0.11481E+03,-0.40769E+03,-0.72556E+00,-0.72324E+00,-0.73107E+00,-0.72664E+00,-0.88964E+00,-0.85461E+00,-0.91635E+00,-0.88828E+00,0.000E+00,119.900E+00,-119.741E+00,57.377E+00,-178.870E+00,-66.292E+00,-43.484E+00,-43.677E+00,-43.023E+00,-43.395E+00,201.754E+00,202.113E+00,201.084E+00,90.043E+00,+99999.9E+99,+99999.9E+99,0.00014E+06,-0.00078E+06,0.00000E+00,15.415E+00,0.757E+03,0.00122E+06,43.689E+00,F0F08
2021/11/30,17:34:14,00000:00:39,450,38003F00,0,1B00,1B00,3F00,99.938E+00,0.000E+00,0.000E+00,111.002E+00,0.000E+00,0.000E+00,0.487E+00,0.000E+00,0.000E+00,99.937E+00,0.000E+00,0.000E+00,0.000E+00,0.000E+00,0.000E+00,100.943E+00,0.000E+00,0.000E+00,98.968E+00,0.000E+00,0.000E+00,23.597E+00,+99999.9E+99,+99999.9E+99,0.988E+00,+99999.9E+99,+99999.9E+99,11.6780E+00,0.00000E+00,0.00000E+00,11.9920E+00,0.00000E+00,0.00000E+00,4.4508E+00,0.00000E+00,0.00000E+00,10.7966E+00,0.00000E+00,0.00000E+00,4.6375E+00,0.00000E+00,0.00000E+00,17.9255E+00,0.0000E+00,0.0000E+00,4.1021E+00,0.0000E+00,0.0000E+00,11.114E+00,+99999.9E+99,+99999.9E+99,64.017E+00,+99999.9E+99,+99999.9E+99,1.07705E+03,0.00000E+03,0.00000E+03,0.00000E+03,0.00000E+03,0.00000E+03,1.16708E+03,0.00000E+03,0.00000E+03,0.00000E+03,0.00000E+03,0.00000E+03,0.44949E+03,0.00000E+03,0.00000E+03,0.00000E+03,0.00000E+03,0.00000E+03,0.92286E+00,0.00000E+00,0.00000E+00,0.90084E+00,0.25416E+00,0.99008E+00,0.000E+00,-108.439E+00,160.126E+00,154.269E+00,146.837E+00,168.204E+00,22.652E+00,90.000E+00,90.000E+00,12.6165E+00,0.00000E+00,0.00000E+00,80.466E+00,100.000E+00,100.000E+00,0.21039E+03,0.00000E+03,0.00000E+03,+99999.9E+99,+99999.9E+99,+99999.9E+99,+99999.9E+99,+99999.9E+99,+99999.9E+99,+99999.9E+99,+99999.9E+99,+99999.9E+99,+99999.9E+99,+99999.9E+99,+99999.9E+99,1B00,0,0,0,1B00,76.7089E+00,76.6539E+00,76.3852E+00,76.5827E+00,72.5662E+00,72.6595E+00,72.0249E+00,72.4169E+00,76.7089E+00,76.6539E+00,76.3852E+00,0.0000E+00,0.0000E+00,0.0000E+00,70.2567E+00,70.3087E+00,70.1811E+00,105.903E+00,106.071E+00,105.497E+00,-104.100E+00,-104.229E+00,-104.426E+00,38.344E+00,38.012E+00,38.153E+00,+99999.9E+99,+99999.9E+99,+99999.9E+99,0.101E+00,9.6548E+00,9.2531E+00,9.8243E+00,9.5774E+00,8.3891E+00,8.0426E+00,8.4311E+00,8.2876E+00,9.6542E+00,9.2531E+00,9.8243E+00,-0.1120E+00,0.0000E+00,0.0000E+00,14.7441E+00,14.6235E+00,14.9866E+00,26.0052E+00,24.5752E+00,26.8071E+00,-24.8352E+00,-22.9986E+00,-26.0952E+00,40.822E+00,40.864E+00,39.382E+00,+99999.9E+99,+99999.9E+99,+99999.9E+99,1.524E+00,0.28360E+03,0.28195E+03,0.30111E+03,0.86666E+03,0.51651E+03,0.51882E+03,0.53160E+03,1.56693E+03,0.42940E+03,0.41175E+03,0.43577E+03,1.27692E+03,0.59606E+03,0.59059E+03,0.60574E+03,1.79228E+03,-0.32242E+03,-0.30007E+03,-0.31501E+03,-0.93749E+03,-0.29749E+03,-0.28217E+03,-0.29039E+03,-0.87006E+03,-0.66045E+00,-0.68476E+00,-0.69099E+00,-0.67871E+00,-0.86655E+00,-0.87848E+00,-0.87760E+00,-0.87427E+00,0.000E+00,120.083E+00,-119.923E+00,59.963E+00,178.570E+00,-61.246E+00,-48.666E+00,-46.783E+00,-46.292E+00,-47.257E+00,202.018E+00,201.806E+00,202.634E+00,91.866E+00,+99999.9E+99,+99999.9E+99,0.00007E+06,-0.00051E+06,0.00000E+00,10.048E+00,0.757E+03,0.00080E+06,43.817E+00,F0F0F
2021/11/30,17:34:14,00000:00:39,500,38003F00,700,1F00,1F00,3F00,99.938E+00,0.000E+00,0.000E+00,111.002E+00,0.000E+00,0.000E+00,0.487E+00,0.000E+00,0.000E+00,99.937E+00,0.000E+00,0.000E+00,0.000E+00,0.000E+00,0.000E+00,100.943E+00,0.000E+00,0.000E+00,98.968E+00,0.000E+00,0.000E+00,23.597E+00,+99999.9E+99,+99999.9E+99,0.988E+00,+99999.9E+99,+99999.9E+99,11.6780E+00,0.00000E+00,0.00000E+00,11.9920E+00,0.00000E+00,0.00000E+00,4.4508E+00,0.00000E+00,0.00000E+00,10.7966E+00,0.00000E+00,0.00000E+00,4.6375E+00,0.00000E+00,0.00000E+00,17.9255E+00,0.0000E+00,0.0000E+00,4.1021E+00,0.0000E+00,0.0000E+00,11.114E+00,+99999.9E+99,+99999.9E+99,64.017E+00,+99999.9E+99,+99999.9E+99,1.07705E+03,0.00000E+03,0.00000E+03,0.00000E+03,0.00000E+03,0.00000E+03,1.16708E+03,0.00000E+03,0.00000E+03,0.00000E+03,0.00000E+03,0.00000E+03,0.44949E+03,0.00000E+03,0.00000E+03,0.00000E+03,0.00000E+03,0.00000E+03,0.92286E+00,0.00000E+00,0.00000E+00,0.90084E+00,0.25416E+00,0.99008E+00,0.000E+00,-108.439E+00,160.126E+00,154.269E+00,146.837E+00,168.204E+00,22.652E+00,90.000E+00,90.000E+00,12.6165E+00,0.00000E+00,0.00000E+00,96.438E+00,100.000E+00,100.000E+00,0.03836E+03,0.00000E+03,0.00000E+03,+99999.9E+99,+99999.9E+99,+99999.9E+99,+99999.9E+99,+99999.9E+99,+99999.9E+99,+99999.9E+99,+99999.9E+99,+99999.9E+99,+99999.9E+99,+99999.9E+99,+99999.9E+99,1B00,0,0,0,1B00,76.5246E+00,77.0208E+00,77.0416E+00,76.8623E+00,71.8121E+00,72.7557E+00,72.7778E+00,72.4485E+00,76.5246E+00,77.0208E+00,77.0416E+00,0.0000E+00,0.0000E+00,0.0000E+00,73.0715E+00,73.0705E+00,72.9437E+00,105.746E+00,105.999E+00,105.714E+00,-104.427E+00,-105.397E+00,-105.270E+00,15.353E+00,15.173E+00,15.331E+00,+99999.9E+99,+99999.9E+99,+99999.9E+99,0.120E+00,11.5708E+00,11.3302E+00,11.1388E+00,11.3466E+00,10.0298E+00,9.8938E+00,9.6023E+00,9.8420E+00,11.5698E+00,11.3235E+00,11.1257E+00,-0.1507E+00,-0.3881E+00,0.5399E+00,5.2130E+00,5.1053E+00,5.5381E+00,27.3752E+00,26.6690E+00,28.1371E+00,-26.5381E+00,-26.6652E+00,-25.5467E+00,58.579E+00,57.803E+00,53.377E+00,+99999.9E+99,+99999.9E+99,+99999.9E+99,3.820E+00,0.35732E+03,0.33828E+03,0.34309E+03,1.03868E+03,0.18487E+03,0.19080E+03,0.19934E+03,0.57501E+03,0.51654E+03,0.50516E+03,0.49931E+03,1.52101E+03,0.21459E+03,0.21342E+03,0.22611E+03,0.65387E+03,-0.37301E+03,-0.37517E+03,-0.36277E+03,-1.11096E+03,-0.10897E+03,-0.09561E+03,-0.10672E+03,-0.31131E+03,-0.69175E+00,-0.66964E+00,-0.68713E+00,-0.68289E+00,-0.86147E+00,-0.89404E+00,-0.88160E+00,-0.87939E+00,0.000E+00,120.111E+00,-119.949E+00,60.514E+00,176.672E+00,-61.726E+00,-46.231E+00,-47.961E+00,-46.597E+00,-46.930E+00,201.954E+00,201.578E+00,201.323E+00,93.153E+00,+99999.9E+99,+99999.9E+99,0.00007E+06,-0.00063E+06,0.00000E+00,12.215E+00,0.756E+03,0.00097E+06,43.816E+00,F0F0F
2021/11/30,17:34:14,00000:00:39,550,38003F00,500,1F00,1F00,3F00,99.938E+00,0.000E+00,0.000E+00,111.002E+00,0.000E+00,0.000E+00,0.487E+00,0.000E+00,0.000E+00,99.937E+00,0.000E+00,0.000E+00,0.000E+00,0.000E+00,0.000E+00,100.943E+00,0.000E+00,0.000E+00,98.968E+00,0.000E+00,0.000E+00,21.554E+00,+99999.9E+99,+99999.9E+99,0.988E+00,+99999.9E+99,+99999.9E+99,11.6780E+00,0.00000E+00,0.00000E+00,11.9920E+00,0.00000E+00,0.00000E+00,4.4508E+00,0.00000E+00,0.00000E+00,10.7966E+00,0.00000E+00,0.00000E+00,4.4443E+00,0.00000E+00,0.00000E+00,17.9255E+00,0.0000E+00,0.0000E+00,4.1021E+00,0.0000E+00,0.0000E+00,8.544E+00,+99999.9E+99,+99999.9E+99,64.017E+00,+99999.9E+99,+99999.9E+99,1.07705E+03,0.00000E+03,0.00000E+03,0.00000E+03,0.00000E+03,0.00000E+03,1.16708E+03,0.00000E+03,0.00000E+03,0.00000E+03,0.00000E+03,0.00000E+03,0.44949E+03,0.00000E+03,0.00000E+03,0.00000E+03,0.00000E+03,0.00000E+03,0.92286E+00,0.00000E+00,0.00000E+00,0.90050E+00,0.88392E+00,0.61340E+00,0.000E+00,-44.158E+00,155.116E+00,154.224E+00,163.724E+00,-152.720E+00,22.652E+00,90.000E+00,90.000E+00,12.6165E+00,0.00000E+00,0.00000E+00,120.335E+00,100.000E+00,100.000E+00,-0.21902E+03,0.00000E+03,0.00000E+03,+99999.9E+99,+99999.9E+99,+99999.9E+99,+99999.9E+99,+99999.9E+99,+99999.9E+99,+99999.9E+99,+99999.9E+99,+99999.9E+99,+99999.9E+99,+99999.9E+99,+99999.9E+99,1B00,0,0,0,1B00,77.2224E+00,77.2359E+00,76.9885E+00,77.1490E+00,72.2523E+00,72.4518E+00,71.8744E+00,72.1928E+00,77.2224E+00,77.2359E+00,76.9885E+00,0.0000E+00,0.0000E+00,0.0000E+00,71.0286E+00,71.7088E+00,71.5030E+00,105.409E+00,105.721E+00,105.453E+00,-104.717E+00,-105.067E+00,-104.073E+00,30.356E+00,30.491E+00,30.384E+00,+99999.9E+99,+99999.9E+99,+99999.9E+99,0.558E+00,13.5991E+00,13.1707E+00,13.5698E+00,13.4465E+00,12.5250E+00,12.1024E+00,12.4736E+00,12.3670E+00,13.5981E+00,13.1707E+00,13.5686E+00,-0.1601E+00,0.0000E+00,0.1815E+00,12.3970E+00,11.3081E+00,11.4352E+00,27.6629E+00,27.1424E+00,28.6690E+00,-26.5181E+00,-27.0895E+00,-26.7886E+00,41.076E+00,44.261E+00,44.093E+00,+99999.9E+99,+99999.9E+99,+99999.9E+99,5.813E+00,0.42935E+03,0.42181E+03,0.44491E+03,1.29607E+03,0.44467E+03,0.39614E+03,0.42250E+03,1.26330E+03,0.61280E+03,0.59359E+03,0.61017E+03,1.81656E+03,0.49974E+03,0.46039E+03,0.46356E+03,1.42228E+03,-0.43725E+03,-0.41764E+03,-0.41757E+03,-1.27245E+03,-0.22806E+03,-0.23461E+03,-0.19075E+03,-0.65341E+03,-0.70063E+00,-0.71062E+00,-0.72916E+00,-0.71347E+00,-0.88980E+00,-0.86043E+00,-0.91142E+00,-0.88822E+00,0.000E+00,119.880E+00,-119.593E+00,57.465E+00,-179.581E+00,-65.511E+00,-45.523E+00,-44.715E+00,-43.184E+00,-44.482E+00,201.335E+00,202.147E+00,201.917E+00,89.637E+00,+99999.9E+99,+99999.9E+99,0.00013E+06,-0.00074E+06,0.00000E+00,14.644E+00,0.758E+03,0.00116E+06,43.559E+00,F0F08
2021/11/30,17:34:14,00000:00:39,600,38003D00,500,1C00,1C00,3800,99.938E+00,0.000E+00,0.000E+00,111.002E+00,0.000E+00,0.000E+00,0.487E+00,0.000E+00,0.000E+00,99.937E+00,0.000E+00,0.000E+00,0.000E+00,0.000E+00,0.000E+00,100.943E+00,0.000E+00,0.000E+00,98.968E+00,0.000E+00,0.000E+00,21.554E+00,+99999.9E+99,+99999.9E+99,0.988E+00,+99999.9E+99,+99999.9E+99,11.6780E+00,0.00000E+00,0.00000E+00,11.9920E+00,0.00000E+00,0.00000E+00,4.4508E+00,0.00000E+00,0.00000E+00,10.7966E+00,0.00000E+00,0.00000E+00,4.4443E+00,0.00000E+00,0.00000E+00,17.9255E+00,0.0000E+00,0.0000E+00,4.1021E+00,0.0000E+00,0.0000E+00,8.544E+00,+99999.9E+99,+99999.9E+99,64.017E+00,+99999.9E+99,+99999.9E+99,1.07705E+03,0.00000E+03,0.00000E+03,0.00000E+03,0.00000E+03,0.00000E+03,1.16708E+03,0.00000E+03,0.00000E+03,0.00000E+03,0.00000E+03,0.00000E+03,0.44949E+03,0.00000E+03,0.00000E+03,0.00000E+03,0.00000E+03,0.00000E+03,0.92286E+00,0.00000E+00,0.00000E+00,0.90050E+00,0.88392E+00,0.61340E+00,0.000E+00,-44.158E+00,155.116E+00,154.224E+00,163.724E+00,-152.720E+00,22.652E+00,90.000E+00,90.000E+00,12.6165E+00,0.00000E+00,0.00000E+00,72.372E+00,100.000E+00,100.000E+00,0.29757E+03,0.00000E+03,0.00000E+03,+99999.9E+99,+99999.9E+99,+99999.9E+99,+99999.9E+99,+99999.9E+99,+99999.9E+99,+99999.9E+99,+99999.9E+99,+99999.9E+99,+99999.9E+99,+99999.9E+99,+99999.9E+99,1B00,0,0,0,1B00,76.2664E+00,76.6664E+00,76.5073E+00,76.4800E+00,72.1721E+00,72.9106E+00,72.6248E+00,72.5692E+00,76.2664E+00,76.6664E+00,76.5073E+00,0.0000E+00,0.0000E+00,0.0000E+00,71.3129E+00,71.2033E+00,71.0337E+00,105.714E+00,106.066E+00,105.689E+00,-104.410E+00,-105.029E+00,-104.554E+00,31.841E+00,31.124E+00,31.731E+00,+99999.9E+99,+99999.9E+99,+99999.9E+99,0.237E+00,8.2684E+00,8.2248E+00,8.1677E+00,8.2203E+00,7.3642E+00,7.3408E+00,7.2692E+00,7.3247E+00,8.2677E+00,8.2240E+00,8.1646E+00,-0.1088E+00,-0.1151E+00,0.2249E+00,11.7245E+00,11.7258E+00,12.3482E+00,22.2986E+00,20.8690E+00,20.4557E+00,-18.6510E+00,-18.9300E+00,-19.7524E+00,45.126E+00,44.002E+00,41.933E+00,+99999.9E+99,+99999.9E+99,+99999.9E+99,3.467E+00,0.26137E+03,0.25642E+03,0.26169E+03,0.77948E+03,0.40372E+03,0.42496E+03,0.43212E+03,1.26080E+03,0.36569E+03,0.36432E+03,0.36278E+03,1.09280E+03,0.47056E+03,0.47830E+03,0.49725E+03,1.44563E+03,-0.25576E+03,-0.25881E+03,-0.25125E+03,-0.76583E+03,-0.24173E+03,-0.21951E+03,-0.24602E+03,-0.70727E+03,-0.71473E+00,-0.70382E+00,-0.72135E+00,-0.71329E+00,-0.85797E+00,-0.88847E+00,-0.86902E+00,-0.87215E+00,0.000E+00,120.210E+00,-119.978E+00,60.855E+00,177.451E+00,-60.189E+00,-44.379E+00,-45.266E+00,-43.834E+00,-44.497E+00,202.397E+00,201.735E+00,201.964E+00,95.260E+00,+99999.9E+99,+99999.9E+99,0.00004E+06,-0.00049E+06,0.00000E+00,9.379E+00,0.756E+03,0.00074E+06,43.970E+00,F0F08
2021/11/30,17:34:14,00000:00:39,650,38003F00,700,1F00,1F00,3F00,99.938E+00,0.000E+00,0.000E+00,111.002E+00,0.000E+00,0.000E+00,0.487E+00,0.000E+00,0.000E+00,99.937E+00,0.000E+00,0.000E+00,0.000E+00,0.000E+00,0.000E+00,100.943E+00,0.000E+00,0.000E+00,98.968E+00,0.000E+00,0.000E+00,67.463E+00,+99999.9E+99,421.126E+00,0.988E+00,+99999.9E+99,+99999.9E+99,11.6780E+00,0.00000E+00,0.00000E+00,11.9920E+00,0.00000E+00,0.00000E+00,4.4508E+00,0.00000E+00,0.00000E+00,10.7966E+00,0.00000E+00,0.00000E+00,3.9856E+00,0.00000E+00,0.00000E+00,17.9255E+00,0.0000E+00,0.0000E+00,4.1021E+00,0.0000E+00,0.0000E+00,47.928E+00,+99999.9E+99,+99999.9E+99,64.017E+00,+99999.9E+99,+99999.9E+99,1.07705E+03,0.00000E+03,0.00000E+03,0.00000E+03,0.00000E+03,0.00000E+03,1.16708E+03,0.00000E+03,0.00000E+03,0.00000E+03,0.00000E+03,0.00000E+03,0.44949E+03,0.00000E+03,0.00000E+03,0.00000E+03,0.00000E+03,0.00000E+03,0.92286E+00,0.00000E+00,0.00000E+00,0.89016E+00,0.22700E+00,0.79305E+00,0.000E+00,137.720E+00,105.760E+00,152.894E+00,-145.401E+00,-111.768E+00,22.652E+00,90.000E+00,90.000E+00,12.6165E+00,0.00000E+00,0.00000E+00,117.191E+00,100.000E+00,100.000E+00,-0.18515E+03,0.00000E+03,0.00000E+03,+99999.9E+99,+99999.9E+99,+99999.9E+99,+99999.9E+99,+99999.9E+99,+99999.9E+99,+99999.9E+99,+99999.9E+99,+99999.9E+99,+99999.9E+99,+99999.9E+99,+99999.9E+99,1B00,0,0,0,1B00,77.0907E+00,77.1647E+00,77.0963E+00,77.1173E+00,72.1683E+00,72.5296E+00,72.2527E+00,72.3169E+00,77.0907E+00,77.1647E+00,77.0963E+00,0.0000E+00,0.0000E+00,0.0000E+00,73.0373E+00,73.2534E+00,73.1381E+00,105.844E+00,106.093E+00,105.794E+00,-104.556E+00,-104.761E+00,-105.084E+00,14.182E+00,14.452E+00,14.488E+00,+99999.9E+99,+99999.9E+99,+99999.9E+99,0.170E+00,13.4328E+00,12.9594E+00,13.1658E+00,13.1860E+00,12.2340E+00,11.7528E+00,11.8267E+00,11.9378E+00,13.4315E+00,12.9559E+00,13.1566E+00,-0.1871E+00,-0.3037E+00,0.4919E+00,5.2259E+00,4.7779E+00,4.9061E+00,27.6143E+00,27.2300E+00,28.4867E+00,-26.7005E+00,-27.0019E+00,-26.7876E+00,54.651E+00,58.542E+00,56.832E+00,+99999.9E+99,+99999.9E+99,+99999.9E+99,4.113E+00,0.42906E+03,0.40749E+03,0.42564E+03,1.26220E+03,0.18890E+03,0.17470E+03,0.18528E+03,0.54888E+03,0.60514E+03,0.58223E+03,0.59124E+03,1.77861E+03,0.21339E+03,0.19955E+03,0.20404E+03,0.61671E+03,-0.42674E+03,-0.41586E+03,-0.41036E+03,-1.25295E+03,-0.09926E+03,-0.09644E+03,-0.08548E+03,-0.28118E+03,-0.70903E+00,-0.69989E+00,-0.71991E+00,-0.70965E+00,-0.88523E+00,-0.87547E+00,-0.90802E+00,-0.89001E+00,0.000E+00,120.008E+00,-119.850E+00,57.817E+00,178.855E+00,-65.127E+00,-44.844E+00,-45.582E+00,-43.953E+00,-44.793E+00,201.197E+00,201.951E+00,201.659E+00,90.995E+00,+99999.9E+99,+99999.9E+99,0.00011E+06,-0.00074E+06,0.00000E+00,14.487E+00,0.757E+03,0.00115E+06,43.557E+00,F0F08
2021/11/30,17:34:14,00000:00:39,700,38003F00,2800,3B00,3B00,3F00,99.979E+00,0.000E+00,0.000E+00,111.047E+00,0.000E+00,0.000E+00,0.500E+00,0.000E+00,0.000E+00,99.977E+00,0.000E+00,0.000E+00,0.000E+00,0.000E+00,0.000E+00,100.943E+00,0.000E+00,0.000E+00,98.793E+00,0.000E+00,0.000E+00,67.463E+00,+99999.9E+99,421.126E+00,1.075E+00,+99999.9E+99,+99999.9E+99,11.5481E+00,0.00000E+00,0.00000E+00,11.7691E+00,0.00000E+00,0.00000E+00,4.5918E+00,0.00000E+00,0.00000E+00,10.5959E+00,0.00000E+00,0.00000E+00,3.9856E+00,0.00000E+00,0.00000E+00,18.2879E+00,0.0000E+00,0.0000E+00,4.0717E+00,0.0000E+00,0.0000E+00,47.928E+00,+99999.9E+99,+99999.9E+99,67.083E+00,+99999.9E+99,+99999.9E+99,1.05729E+03,0.00000E+03,0.00000E+03,0.00000E+03,0.00000E+03,0.00000E+03,1.15456E+03,0.00000E+03,0.00000E+03,0.00000E+03,0.00000E+03,0.00000E+03,0.46385E+03,0.00000E+03,0.00000E+03,0.00000E+03,0.00000E+03,0.00000E+03,0.91575E+00,0.00000E+00,0.00000E+00,0.89016E+00,0.22700E+00,0.79305E+00,0.000E+00,137.720E+00,105.760E+00,152.894E+00,-145.401E+00,-111.768E+00,23.688E+00,90.000E+00,90.000E+00,0.00000E+00,0.00000E+00,0.00000E+00,107.672E+00,100.000E+00,100.000E+00,-0.08111E+03,0.00000E+03,0.00000E+03,+99999.9E+99,+99999.9E+99,+99999.9E+99,+99999.9E+99,+99999.9E+99,+99999.9E+99,+99999.9E+99,+99999.9E+99,+99999.9E+99,+99999.9E+99,+99999.9E+99,+99999.9E+99,1800,0,0,0,1800,76.9138E+00,77.1115E+00,76.8923E+00,76.9725E+00,72.0919E+00,72.5414E+00,72.0643E+00,72.2325E+00,76.9138E+00,77.1115E+00,76.8923E+00,0.0000E+00,0.0000E+00,0.0000E+00,70.1221E+00,70.5089E+00,70.4446E+00,105.483E+00,105.977E+00,105.587E+00,-104.551E+00,-105.159E+00,-104.843E+00,37.571E+00,37.538E+00,37.400E+00,+99999.9E+99,+99999.9E+99,+99999.9E+99,0.344E+00,12.3953E+00,12.0299E+00,12.3660E+00,12.2638E+00,11.0504E+00,10.7765E+00,11.0090E+00,10.9453E+00,12.3945E+00,12.0299E+00,12.3644E+00,-0.1380E+00,0.0000E+00,0.1962E+00,15.0859E+00,14.4681E+00,14.5065E+00,27.7167E+00,26.6138E+00,28.1281E+00,-26.4862E+00,-26.6300E+00,-26.0676E+00,39.239E+00,40.772E+00,40.483E+00,+99999.9E+99,+99999.9E+99,+99999.9E+99,2.905E+00,0.37717E+03,0.37239E+03,0.38884E+03,1.13840E+03,0.53720E+03,0.50625E+03,0.52709E+03,1.57054E+03,0.55536E+03,0.53943E+03,0.55475E+03,1.64955E+03,0.60989E+03,0.58302E+03,0.58962E+03,1.78210E+03,-0.40764E+03,-0.39028E+03,-0.39567E+03,-1.19359E+03,-0.28875E+03,-0.28918E+03,-0.26425E+03,-0.84218E+03,-0.67914E+00,-0.69033E+00,-0.70093E+00,-0.69012E+00,-0.88082E+00,-0.86832E+00,-0.89395E+00,-0.88129E+00,0.000E+00,119.878E+00,-119.786E+00,58.442E+00,179.582E+00,-63.312E+00,-47.224E+00,-46.344E+00,-45.499E+00,-46.360E+00,202.180E+00,201.572E+00,201.856E+00,90.300E+00,+99999.9E+99,+99999.9E+99,0.00011E+06,-0.00066E+06,0.00000E+00,12.965E+00,0.757E+03,0.00103E+06,43.825E+00,F0F08
2021/11/30,17:34:14,00000:00:39,750,38003F00,2D00,3F00,3F00,3F00,99.979E+00,0.000E+00,0.000E+00,111.047E+00,0.000E+00,0.000E+00,0.500E+00,0.000E+00,0.000E+00,99.977E+00,0.000E+00,0.000E+00,0.000E+00,0.000E+00,0.000E+00,100.943E+00,0.000E+00,0.000E+00,98.793E+00,0.000E+00,0.000E+00,34.851E+00,+99999.9E+99,465.730E+00,1.075E+00,+99999.9E+99,+99999.9E+99,11.5481E+00,0.00000E+00,0.00000E+00,11.7691E+00,0.00000E+00,0.00000E+00,4.5918E+00,0.00000E+00,0.00000E+00,10.5959E+00,0.00000E+00,0.00000E+00,4.2512E+00,0.00000E+00,0.00000E+00,18.2879E+00,0.0000E+00,0.0000E+00,4.0717E+00,0.0000E+00,0.0000E+00,39.978E+00,+99999.9E+99,+99999.9E+99,67.083E+00,+99999.9E+99,+99999.9E+99,1.05729E+03,0.00000E+03,0.00000E+03,0.00000E+03,0.00000E+03,0.00000E+03,1.15456E+03,0.00000E+03,0.00000E+03,0.00000E+03,0.00000E+03,0.00000E+03,0.46385E+03,0.00000E+03,0.00000E+03,0.00000E+03,0.00000E+03,0.00000E+03,0.91575E+00,0.00000E+00,0.00000E+00,0.93474E+00,0.25852E+00,0.76193E+00,0.000E+00,59.010E+00,171.841E+00,159.186E+00,134.028E+00,131.476E+00,23.688E+00,90.000E+00,90.000E+00,0.00000E+00,0.00000E+00,0.00000E+00,71.563E+00,100.000E+00,100.000E+00,0.30066E+03,0.00000E+03,0.00000E+03,+99999.9E+99,+99999.9E+99,+99999.9E+99,+99999.9E+99,+99999.9E+99,+99999.9E+99,+99999.9E+99,+99999.9E+99,+99999.9E+99,+99999.9E+99,+99999.9E+99,+99999.9E+99,1B00,0,0,0,1B00,76.2583E+00,76.6485E+00,76.5196E+00,76.4755E+00,72.0976E+00,72.8340E+00,72.5931E+00,72.5082E+00,76.2583E+00,76.6485E+00,76.5196E+00,0.0000E+00,0.0000E+00,0.0000E+00,72.4873E+00,72.2662E+00,72.2482E+00,105.741E+00,106.081E+00,105.734E+00,-104.127E+00,-104.233E+00,-104.736E+00,22.486E+00,21.573E+00,22.130E+00,+99999.9E+99,+99999.9E+99,+99999.9E+99,0.209E+00,8.1684E+00,8.1132E+00,8.0482E+00,8.1099E+00,7.2310E+00,7.1888E+00,7.1123E+00,7.1774E+00,8.1684E+00,8.1122E+00,8.0454E+00,0.0000E+00,-0.1287E+00,0.2129E+00,7.6748E+00,8.1120E+00,8.3091E+00,22.3076E+00,20.7752E+00,20.3610E+00,-18.7281E+00,-19.2633E+00,-19.9186E+00,52.768E+00,48.528E+00,47.440E+00,+99999.9E+99,+99999.9E+99,+99999.9E+99,4.703E+00,0.25417E+03,0.24817E+03,0.25428E+03,0.75662E+03,0.27144E+03,0.29336E+03,0.29535E+03,0.86015E+03,0.36125E+03,0.35914E+03,0.35732E+03,1.07771E+03,0.31502E+03,0.32630E+03,0.34044E+03,0.98117E+03,-0.25671E+03,-0.25960E+03,-0.25104E+03,-0.76734E+03,-0.15986E+03,-0.14287E+03,-0.16932E+03,-0.47205E+03,-0.70359E+00,-0.69102E+00,-0.71163E+00,-0.70207E+00,-0.86167E+00,-0.89905E+00,-0.86755E+00,-0.87666E+00,0.000E+00,120.111E+00,-120.094E+00,60.395E+00,176.072E+00,-60.163E+00,-45.284E+00,-46.289E+00,-44.633E+00,-45.407E+00,201.653E+00,201.964E+00,202.044E+00,95.126E+00,+99999.9E+99,+99999.9E+99,0.00004E+06,-0.00047E+06,0.00000E+00,9.093E+00,0.756E+03,0.00072E+06,43.773E+00,F0F08
2021/11/30,17:34:15,00000:00:39,800,38003800,2800,3800,3800,3800,99.822E+00,0.000E+00,0.000E+00,110.873E+00,0.000E+00,0.000E+00,0.505E+00,0.000E+00,0.000E+00,99.821E+00,0.000E+00,0.000E+00,0.000E+00,0.000E+00,0.000E+00,101.014E+00,0.000E+00,0.000E+00,98.811E+00,0.000E+00,0.000E+00,34.851E+00,+99999.9E+99,465.730E+00,1.104E+00,+99999.9E+99,+99999.9E+99,12.1589E+00,0.00000E+00,0.00000E+00,12.5867E+00,0.00000E+00,0.00000E+00,4.4075E+00,0.00000E+00,0.00000E+00,11.3320E+00,0.00000E+00,0.00000E+00,4.2512E+00,0.00000E+00,0.00000E+00,18.2802E+00,0.0000E+00,0.0000E+00,3.5340E+00,0.0000E+00,0.0000E+00,39.978E+00,+99999.9E+99,+99999.9E+99,65.064E+00,+99999.9E+99,+99999.9E+99,1.12917E+03,0.00000E+03,0.00000E+03,0.00000E+03,0.00000E+03,0.00000E+03,1.21373E+03,0.00000E+03,0.00000E+03,0.00000E+03,0.00000E+03,0.00000E+03,-0.44511E+03,0.00000E+03,0.00000E+03,0.00000E+03,0.00000E+03,0.00000E+03,-0.93033E+00,0.00000E+00,0.00000E+00,0.93474E+00,0.25852E+00,0.76193E+00,0.000E+00,59.010E+00,171.841E+00,159.186E+00,134.028E+00,131.476E+00,-21.514E+00,90.000E+00,90.000E+00,9.33041E+00,0.00000E+00,0.00000E+00,110.059E+00,100.000E+00,100.000E+00,-0.11359E+03,0.00000E+03,0.00000E+03,+99999.9E+99,+99999.9E+99,+99999.9E+99,+99999.9E+99,+99999.9E+99,+99999.9E+99,+99999.9E+99,+99999.9E+99,+99999.9E+99,+99999.9E+99,+99999.9E+99,+99999.9E+99,1B00,0,0,0,1B00,77.0662E+00,77.1799E+00,77.0878E+00,77.1113E+00,72.0930E+00,72.4742E+00,72.1861E+00,72.2511E+00,77.0662E+00,77.1799E+00,77.0878E+00,0.0000E+00,0.0000E+00,0.0000E+00,72.6898E+00,73.1235E+00,72.9983E+00,105.867E+00,106.110E+00,105.720E+00,-104.441E+00,-104.869E+00,-104.517E+00,15.833E+00,15.698E+00,16.197E+00,+99999.9E+99,+99999.9E+99,+99999.9E+99,0.360E+00,13.3262E+00,12.8955E+00,13.0846E+00,13.1021E+00,12.0904E+00,11.6514E+00,11.7070E+00,11.8163E+00,13.3254E+00,12.8913E+00,13.0759E+00,-0.1477E+00,-0.3289E+00,0.4777E+00,6.1417E+00,5.4623E+00,5.3019E+00,27.7038E+00,27.0957E+00,28.5676E+00,-26.3905E+00,-27.1419E+00,-26.7629E+00,51.794E+00,56.652E+00,57.851E+00,+99999.9E+99,+99999.9E+99,+99999.9E+99,7.760E+00,0.42208E+03,0.40205E+03,0.41863E+03,1.24276E+03,0.21580E+03,0.18489E+03,0.20127E+03,0.60196E+03,0.59960E+03,0.57924E+03,0.58767E+03,1.76651E+03,0.24477E+03,0.21890E+03,0.22052E+03,0.68305E+03,-0.42587E+03,-0.41699E+03,-0.41244E+03,-1.25530E+03,-0.11550E+03,-0.11720E+03,-0.09011E+03,-0.32281E+03,-0.70394E+00,-0.69410E+00,-0.71235E+00,-0.70351E+00,-0.88165E+00,-0.84461E+00,-0.91271E+00,-0.88128E+00,0.000E+00,119.917E+00,-119.740E+00,58.358E+00,-177.773E+00,-65.764E+00,-45.256E+00,-46.045E+00,-44.574E+00,-45.291E+00,201.774E+00,201.372E+00,201.075E+00,90.795E+00,+99999.9E+99,+99999.9E+99,0.00011E+06,-0.00073E+06,0.00000E+00,14.234E+00,0.757E+03,0.00113E+06,43.724E+00,F0F08
2021/11/30,17:34:15,00000:00:39,850,38003F00,0,1B00,1B00,3F00,99.930E+00,0.000E+00,0.000E+00,110.992E+00,0.000E+00,0.000E+00,0.516E+00,0.000E+00,0.000E+00,99.928E+00,0.000E+00,0.000E+00,0.000E+00,0.000E+00,0.000E+00,100.921E+00,0.000E+00,0.000E+00,98.832E+00,0.000E+00,0.000E+00,103.944E+00,+99999.9E+99,+99999.9E+99,1.045E+00,+99999.9E+99,+99999.9E+99,11.7728E+00,0.00000E+00,0.00000E+00,12.0179E+00,0.00000E+00,0.00000E+00,4.6398E+00,0.00000E+00,0.00000E+00,10.8200E+00,0.00000E+00,0.00000E+00,2.9284E+00,0.00000E+00,0.00000E+00,18.2979E+00,0.0000E+00,0.0000E+00,4.2238E+00,0.0000E+00,0.0000E+00,106.761E+00,+99999.9E+99,+99999.9E+99,65.037E+00,+99999.9E+99,+99999.9E+99,1.07907E+03,0.00000E+03,0.00000E+03,0.00000E+03,0.00000E+03,0.00000E+03,1.17645E+03,0.00000E+03,0.00000E+03,0.00000E+03,0.00000E+03,0.00000E+03,0.46866E+03,0.00000E+03,0.00000E+03,0.00000E+03,0.00000E+03,0.00000E+03,0.91723E+00,0.00000E+00,0.00000E+00,0.83220E+00,0.66851E+00,0.03351E+00,0.000E+00,110.997E+00,143.430E+00,146.325E+00,-20.956E+00,51.510E+00,23.476E+00,90.000E+00,90.000E+00,12.6168E+00,0.00000E+00,0.00000E+00,101.691E+00,100.000E+00,100.000E+00,-0.01825E+03,0.00000E+03,0.00000E+03,+99999.9E+99,+99999.9E+99,+99999.9E+99,+99999.9E+99,+99999.9E+99,+99999.9E+99,+99999.9E+99,+99999.9E+99,+99999.9E+99,+99999.9E+99,+99999.9E+99,+99999.9E+99,1B00,0,0,0,1B00,76.7389E+00,77.0791E+00,76.8258E+00,76.8813E+00,72.0194E+00,72.6497E+00,72.1909E+00,72.2866E+00,76.7389E+00,77.0791E+00,76.8258E+00,0.0000E+00,0.0000E+00,0.0000E+00,70.0186E+00,70.2510E+00,70.1475E+00,105.507E+00,106.016E+00,105.506E+00,-104.227E+00,-104.783E+00,-104.613E+00,39.097E+00,38.860E+00,38.879E+00,+99999.9E+99,+99999.9E+99,+99999.9E+99,0.197E+00,11.9883E+00,11.8314E+00,12.1123E+00,11.9773E+00,10.5022E+00,10.4302E+00,10.6222E+00,10.5182E+00,11.9877E+00,11.8314E+00,12.1123E+00,-0.1112E+00,0.0000E+00,0.0000E+00,15.4201E+00,15.0178E+00,15.2340E+00,27.9067E+00,27.1748E+00,28.6824E+00,-26.0738E+00,-27.0524E+00,-26.8505E+00,39.414E+00,40.353E+00,39.341E+00,+99999.9E+99,+99999.9E+99,+99999.9E+99,1.614E+00,0.35989E+03,0.36241E+03,0.37502E+03,1.09732E+03,0.54406E+03,0.52916E+03,0.54607E+03,1.61929E+03,0.53548E+03,0.52993E+03,0.54331E+03,1.60872E+03,0.62222E+03,0.60588E+03,0.61640E+03,1.84437E+03,-0.39651E+03,-0.38663E+03,-0.39312E+03,-1.17626E+03,-0.30192E+03,-0.29511E+03,-0.28593E+03,-0.88295E+03,-0.67209E+00,-0.68389E+00,-0.69025E+00,-0.68211E+00,-0.87439E+00,-0.87337E+00,-0.88591E+00,-0.87796E+00,0.000E+00,119.982E+00,-119.842E+00,59.139E+00,179.083E+00,-62.269E+00,-47.772E+00,-46.852E+00,-46.350E+00,-46.991E+00,201.832E+00,202.250E+00,202.106E+00,90.408E+00,+99999.9E+99,+99999.9E+99,0.00011E+06,-0.00063E+06,0.00000E+00,12.519E+00,0.757E+03,0.00099E+06,43.759E+00,F0F0F
2021/11/30,17:34:15,00000:00:39,900,38003F00,700,1F00,1F00,3F00,99.930E+00,0.000E+00,0.000E+00,110.992E+00,0.000E+00,0.000E+00,0.516E+00,0.000E+00,0.000E+00,99.928E+00,0.000E+00,0.000E+00,0.000E+00,0.000E+00,0.000E+00,100.921E+00,0.000E+00,0.000E+00,98.832E+00,0.000E+00,0.000E+00,103.944E+00,+99999.9E+99,+99999.9E+99,1.045E+00,+99999.9E+99,+99999.9E+99,11.7728E+00,0.00000E+00,0.00000E+00,12.0179E+00,0.00000E+00,0.00000E+00,4.6398E+00,0.00000E+00,0.00000E+00,10.8200E+00,0.00000E+00,0.00000E+00,2.9284E+00,0.00000E+00,0.00000E+00,18.2979E+00,0.0000E+00,0.0000E+00,4.2238E+00,0.0000E+00,0.0000E+00,106.761E+00,+99999.9E+99,+99999.9E+99,65.037E+00,+99999.9E+99,+99999.9E+99,1.07907E+03,0.00000E+03,0.00000E+03,0.00000E+03,0.00000E+03,0.00000E+03,1.17645E+03,0.00000E+03,0.00000E+03,0.00000E+03,0.00000E+03,0.00000E+03,0.46866E+03,0.00000E+03,0.00000E+03,0.00000E+03,0.00000E+03,0.00000E+03,0.91723E+00,0.00000E+00,0.00000E+00,0.83220E+00,0.66851E+00,0.03351E+00,0.000E+00,110.997E+00,143.430E+00,146.325E+00,-20.956E+00,51.510E+00,23.476E+00,90.000E+00,90.000E+00,12.6168E+00,0.00000E+00,0.00000E+00,80.004E+00,100.000E+00,100.000E+00,0.21577E+03,0.00000E+03,0.00000E+03,+99999.9E+99,+99999.9E+99,+99999.9E+99,+99999.9E+99,+99999.9E+99,+99999.9E+99,+99999.9E+99,+99999.9E+99,+99999.9E+99,+99999.9E+99,+99999.9E+99,+99999.9E+99,1B00,0,0,0,1B00,76.5338E+00,76.6459E+00,76.5400E+00,76.5732E+00,72.4317E+00,72.8164E+00,72.4811E+00,72.5764E+00,76.5338E+00,76.6459E+00,76.5400E+00,0.0000E+00,0.0000E+00,0.0000E+00,72.8503E+00,72.6864E+00,72.6007E+00,105.766E+00,106.150E+00,105.877E+00,-104.613E+00,-104.986E+00,-104.351E+00,18.431E+00,18.007E+00,18.091E+00,+99999.9E+99,+99999.9E+99,+99999.9E+99,0.201E+00,9.6016E+00,9.0995E+00,9.2475E+00,9.3162E+00,8.3084E+00,7.8954E+00,7.9369E+00,8.0469E+00,9.6003E+00,9.0968E+00,9.2396E+00,-0.1584E+00,-0.2238E+00,0.3833E+00,6.1660E+00,6.4443E+00,6.8642E+00,26.2319E+00,24.3043E+00,25.0038E+00,-26.5109E+00,-25.2614E+00,-22.6448E+00,56.655E+00,52.626E+00,49.680E+00,+99999.9E+99,+99999.9E+99,+99999.9E+99,4.911E+00,0.29509E+03,0.27699E+03,0.29121E+03,0.86330E+03,0.22095E+03,0.23731E+03,0.24261E+03,0.70087E+03,0.42686E+03,0.40371E+03,0.41030E+03,1.24086E+03,0.25642E+03,0.26296E+03,0.27753E+03,0.79639E+03,-0.30842E+03,-0.29370E+03,-0.28903E+03,-0.89115E+03,-0.13014E+03,-0.11328E+03,-0.13477E+03,-0.37818E+03,-0.69132E+00,-0.68612E+00,-0.70975E+00,-0.69572E+00,-0.86165E+00,-0.90245E+00,-0.87418E+00,-0.88006E+00,0.000E+00,120.146E+00,-120.042E+00,60.421E+00,175.628E+00,-60.878E+00,-46.265E+00,-46.676E+00,-44.785E+00,-45.915E+00,201.940E+00,201.360E+00,202.090E+00,94.556E+00,+99999.9E+99,+99999.9E+99,0.00005E+06,-0.00054E+06,0.00000E+00,10.308E+00,0.756E+03,0.00082E+06,43.827E+00,F0F0F
2021/11/30,17:34:15,00000:00:39,950,38003F00,500,1F00,1F00,3F00,99.930E+00,0.000E+00,0.000E+00,110.992E+00,0.000E+00,0.000E+00,0.516E+00,0.000E+00,0.000E+00,99.928E+00,0.000E+00,0.000E+00,0.000E+00,0.000E+00,0.000E+00,100.921E+00,0.000E+00,0.000E+00,98.832E+00,0.000E+00,0.000E+00,19.802E+00,+99999.9E+99,350.078E+00,1.045E+00,+99999.9E+99,+99999.9E+99,11.7728E+00,0.00000E+00,0.00000E+00,12.0179E+00,0.00000E+00,0.00000E+00,4.6398E+00,0.00000E+00,0.00000E+00,10.8200E+00,0.00000E+00,0.00000E+00,4.7497E+00,0.00000E+00,0.00000E+00,18.2979E+00,0.0000E+00,0.0000E+00,4.2238E+00,0.0000E+00,0.0000E+00,9.587E+00,+99999.9E+99,+99999.9E+99,65.037E+00,+99999.9E+99,+99999.9E+99,1.07907E+03,0.00000E+03,0.00000E+03,0.00000E+03,0.00000E+03,0.00000E+03,1.17645E+03,0.00000E+03,0.00000E+03,0.00000E+03,0.00000E+03,0.00000E+03,0.46866E+03,0.00000E+03,0.00000E+03,0.00000E+03,0.00000E+03,0.00000E+03,0.91723E+00,0.00000E+00,0.00000E+00,0.91872E+00,0.91727E+00,0.42579E+00,0.000E+00,-17.989E+00,149.445E+00,156.739E+00,138.540E+00,-145.756E+00,23.476E+00,90.000E+00,90.000E+00,12.6168E+00,0.00000E+00,0.00000E+00,123.659E+00,100.000E+00,100.000E+00,-0.25530E+03,0.00000E+03,0.00000E+03,+99999.9E+99,+99999.9E+99,+99999.9E+99,+99999.9E+99,+99999.9E+99,+99999.9E+99,+99999.9E+99,+99999.9E+99,+99999.9E+99,+99999.9E+99,+99999.9E+99,+99999.9E+99,1B00,0,0,0,1B00,76.9921E+00,77.4556E+00,77.3179E+00,77.2552E+00,71.6510E+00,72.5181E+00,72.2619E+00,72.1436E+00,76.9920E+00,77.4556E+00,77.3179E+00,0.0000E+00,0.0000E+00,0.0000E+00,71.7348E+00,72.2840E+00,72.0636E+00,105.587E+00,105.910E+00,105.624E+00,-105.147E+00,-104.609E+00,-104.750E+00,25.211E+00,25.660E+00,25.585E+00,+99999.9E+99,+99999.9E+99,+99999.9E+99,0.438E+00,13.7799E+00,13.4623E+00,13.6026E+00,13.6149E+00,12.9085E+00,12.7234E+00,12.6929E+00,12.7749E+00,13.7791E+00,13.4603E+00,13.5974E+00,-0.1440E+00,-0.2315E+00,0.3766E+00,10.1873E+00,9.3484E+00,9.5087E+00,27.5948E+00,26.8138E+00,28.1619E+00,-26.5676E+00,-26.3024E+00,-26.2481E+00,43.865E+00,46.603E+00,46.967E+00,+99999.9E+99,+99999.9E+99,+99999.9E+99,6.526E+00,0.44857E+03,0.43764E+03,0.44816E+03,1.33437E+03,0.37188E+03,0.32742E+03,0.35186E+03,1.05116E+03,0.62039E+03,0.60647E+03,0.61502E+03,1.84188E+03,0.41537E+03,0.37773E+03,0.38195E+03,1.17362E+03,-0.42857E+03,-0.41984E+03,-0.42120E+03,-1.26961E+03,-0.18502E+03,-0.18835E+03,-0.14858E+03,-0.52195E+03,-0.72304E+00,-0.72163E+00,-0.72869E+00,-0.72446E+00,-0.89531E+00,-0.86681E+00,-0.92123E+00,-0.89566E+00,0.000E+00,119.944E+00,-119.656E+00,56.700E+00,179.757E+00,-66.915E+00,-43.694E+00,-43.811E+00,-43.224E+00,-43.576E+00,201.308E+00,202.094E+00,201.018E+00,90.444E+00,+99999.9E+99,+99999.9E+99,0.00013E+06,-0.00077E+06,0.00000E+00,15.222E+00,0.757E+03,0.00121E+06,43.586E+00,F0F08
2021/11/30,17:34:15,00000:00:40,0,38003F00,500,1F00,1F00,3F00,99.930E+00,0.000E+00,0.000E+00,110.992E+00,0.000E+00,0.000E+00,0.516E+00,0.000E+00,0.000E+00,99.928E+00,0.000E+00,0.000E+00,0.000E+00,0.000E+00,0.000E+00,100.921E+00,0.000E+00,0.000E+00,98.832E+00,0.000E+00,0.000E+00,19.802E+00,+99999.9E+99,350.078E+00,1.045E+00,+99999.9E+99,+99999.9E+99,11.7728E+00,0.00000E+00,0.00000E+00,12.0179E+00,0.00000E+00,0.00000E+00,4.6398E+00,0.00000E+00,0.00000E+00,10.8200E+00,0.00000E+00,0.00000E+00,4.7497E+00,0.00000E+00,0.00000E+00,18.2979E+00,0.0000E+00,0.0000E+00,4.2238E+00,0.0000E+00,0.0000E+00,9.587E+00,+99999.9E+99,+99999.9E+99,65.037E+00,+99999.9E+99,+99999.9E+99,1.07907E+03,0.00000E+03,0.00000E+03,0.00000E+03,0.00000E+03,0.00000E+03,1.17645E+03,0.00000E+03,0.00000E+03,0.00000E+03,0.00000E+03,0.00000E+03,0.46866E+03,0.00000E+03,0.00000E+03,0.00000E+03,0.00000E+03,0.00000E+03,0.91723E+00,0.00000E+00,0.00000E+00,0.91872E+00,0.91727E+00,0.42579E+00,0.000E+00,-17.989E+00,149.445E+00,156.739E+00,138.540E+00,-145.756E+00,23.476E+00,90.000E+00,90.000E+00,12.6168E+00,0.00000E+00,0.00000E+00,81.991E+00,100.000E+00,100.000E+00,0.19433E+03,0.00000E+03,0.00000E+03,+99999.9E+99,+99999.9E+99,+99999.9E+99,+99999.9E+99,+99999.9E+99,+99999.9E+99,+99999.9E+99,+99999.9E+99,+99999.9E+99,+99999.9E+99,+99999.9E+99,+99999.9E+99,1B00,0,0,0,1B00,76.7053E+00,76.6661E+00,76.3665E+00,76.5793E+00,72.5879E+00,72.6982E+00,72.0255E+00,72.4372E+00,76.7053E+00,76.6661E+00,76.3665E+00,0.0000E+00,0.0000E+00,0.0000E+00,70.7284E+00,70.6151E+00,70.4638E+00,105.859E+00,106.040E+00,105.730E+00,-104.219E+00,-105.151E+00,-104.214E+00,35.286E+00,34.795E+00,35.236E+00,+99999.9E+99,+99999.9E+99,+99999.9E+99,0.220E+00,9.8023E+00,9.3989E+00,9.9973E+00,9.7328E+00,8.4963E+00,8.1576E+00,8.5486E+00,8.4008E+00,9.8017E+00,9.3988E+00,9.9973E+00,-0.1071E+00,0.0000E+00,0.0000E+00,13.0969E+00,13.1501E+00,13.6956E+00,26.4148E+00,24.8886E+00,27.1524E+00,-25.6000E+00,-23.4124E+00,-26.8652E+00,43.463E+00,42.677E+00,40.769E+00,+99999.9E+99,+99999.9E+99,+99999.9E+99,2.602E+00,0.28952E+03,0.28806E+03,0.30716E+03,0.88474E+03,0.45272E+03,0.46891E+03,0.47683E+03,1.39846E+03,0.43597E+03,0.41842E+03,0.44356E+03,1.29795E+03,0.53014E+03,0.53393E+03,0.55126E+03,1.61502E+03,-0.32596E+03,-0.30347E+03,-0.32000E+03,-0.94942E+03,-0.27585E+03,-0.25537E+03,-0.27662E+03,-0.80784E+03,-0.66408E+00,-0.68846E+00,-0.69249E+00,-0.68165E+00,-0.85396E+00,-0.87821E+00,-0.86498E+00,-0.86591E+00,0.000E+00,120.188E+00,-119.996E+00,61.294E+00,178.696E+00,-59.751E+00,-48.388E+00,-46.492E+00,-46.173E+00,-47.028E+00,202.271E+00,201.612E+00,202.469E+00,92.263E+00,+99999.9E+99,+99999.9E+99,0.00007E+06,-0.00053E+06,0.00000E+00,10.309E+00,0.756E+03,0.00082E+06,43.926E+00,F0F08
2021/11/30,17:34:15,00000:00:40,50,38003F00,700,1C00,1C00,3800,99.930E+00,0.000E+00,0.000E+00,110.992E+00,0.000E+00,0.000E+00,0.516E+00,0.000E+00,0.000E+00,99.928E+00,0.000E+00,0.000E+00,0.000E+00,0.000E+00,0.000E+00,100.921E+00,0.000E+00,0.000E+00,98.832E+00,0.000E+00,0.000E+00,66.805E+00,+99999.9E+99,452.645E+00,1.045E+00,+99999.9E+99,+99999.9E+99,11.7728E+00,0.00000E+00,0.00000E+00,12.0179E+00,0.00000E+00,0.00000E+00,4.6398E+00,0.00000E+00,0.00000E+00,10.8200E+00,0.00000E+00,0.00000E+00,3.9148E+00,0.00000E+00,0.00000E+00,18.2979E+00,0.0000E+00,0.0000E+00,4.2238E+00,0.0000E+00,0.0000E+00,48.329E+00,+99999.9E+99,+99999.9E+99,65.037E+00,+99999.9E+99,+99999.9E+99,1.07907E+03,0.00000E+03,0.00000E+03,0.00000E+03,0.00000E+03,0.00000E+03,1.17645E+03,0.00000E+03,0.00000E+03,0.00000E+03,0.00000E+03,0.00000E+03,0.46866E+03,0.00000E+03,0.00000E+03,0.00000E+03,0.00000E+03,0.00000E+03,0.91723E+00,0.00000E+00,0.00000E+00,0.88110E+00,0.97444E+00,0.97366E+00,0.000E+00,144.857E+00,145.344E+00,151.776E+00,-22.161E+00,-21.475E+00,23.476E+00,90.000E+00,90.000E+00,12.6168E+00,0.00000E+00,0.00000E+00,98.244E+00,100.000E+00,100.000E+00,0.01895E+03,0.00000E+03,0.00000E+03,+99999.9E+99,+99999.9E+99,+99999.9E+99,+99999.9E+99,+99999.9E+99,+99999.9E+99,+99999.9E+99,+99999.9E+99,+99999.9E+99,+99999.9E+99,+99999.9E+99,+99999.9E+99,1B00,0,0,0,1B00,76.4992E+00,77.0169E+00,77.0206E+00,76.8455E+00,71.8328E+00,72.7953E+00,72.7988E+00,72.4756E+00,76.4992E+00,77.0169E+00,77.0206E+00,0.0000E+00,0.0000E+00,0.0000E+00,73.0881E+00,73.1788E+00,73.0862E+00,105.721E+00,106.023E+00,105.747E+00,-104.433E+00,-105.264E+00,-104.301E+00,14.103E+00,14.027E+00,14.263E+00,+99999.9E+99,+99999.9E+99,+99999.9E+99,0.081E+00,11.7499E+00,11.5222E+00,11.3251E+00,11.5324E+00,10.1482E+00,10.0192E+00,9.7234E+00,9.9636E+00,11.7487E+00,11.5163E+00,11.3123E+00,-0.1673E+00,-0.3683E+00,0.5365E+00,4.9017E+00,4.6661E+00,4.8789E+00,27.7314E+00,27.1595E+00,28.6586E+00,-26.5338E+00,-27.1162E+00,-26.3700E+00,57.657E+00,58.955E+00,55.957E+00,+99999.9E+99,+99999.9E+99,+99999.9E+99,2.340E+00,0.36417E+03,0.34583E+03,0.35012E+03,1.06012E+03,0.17726E+03,0.17347E+03,0.18171E+03,0.53244E+03,0.52431E+03,0.51366E+03,0.50761E+03,1.54557E+03,0.20233E+03,0.19573E+03,0.20303E+03,0.60101E+03,-0.37720E+03,-0.37979E+03,-0.36753E+03,-1.12453E+03,-0.09755E+03,-0.09066E+03,-0.09058E+03,-0.27879E+03,-0.69456E+00,-0.67327E+00,-0.68975E+00,-0.68591E+00,-0.87610E+00,-0.88626E+00,-0.89496E+00,-0.88590E+00,0.000E+00,120.041E+00,-119.922E+00,58.862E+00,177.594E+00,-63.423E+00,-46.008E+00,-47.680E+00,-46.389E+00,-46.693E+00,201.177E+00,201.893E+00,201.298E+00,92.464E+00,+99999.9E+99,+99999.9E+99,0.00008E+06,-0.00063E+06,0.00000E+00,12.376E+00,0.756E+03,0.00098E+06,43.607E+00,F0F08
2021/11/30,17:34:15,00000:00:40,100,38003F00,2800,3B00,3B00,3F00,99.981E+00,0.000E+00,0.000E+00,111.050E+00,0.000E+00,0.000E+00,0.491E+00,0.000E+00,0.000E+00,99.980E+00,0.000E+00,0.000E+00,0.000E+00,0.000E+00,0.000E+00,100.911E+00,0.000E+00,0.000E+00,98.804E+00,0.000E+00,0.000E+00,66.805E+00,+99999.9E+99,452.645E+00,1.054E+00,+99999.9E+99,+99999.9E+99,11.5246E+00,0.00000E+00,0.00000E+00,11.7629E+00,0.00000E+00,0.00000E+00,4.5454E+00,0.00000E+00,0.00000E+00,10.5904E+00,0.00000E+00,0.00000E+00,3.9148E+00,0.00000E+00,0.00000E+00,18.3371E+00,0.0000E+00,0.0000E+00,4.0767E+00,0.0000E+00,0.0000E+00,48.329E+00,+99999.9E+99,+99999.9E+99,67.328E+00,+99999.9E+99,+99999.9E+99,1.05682E+03,0.00000E+03,0.00000E+03,0.00000E+03,0.00000E+03,0.00000E+03,1.15225E+03,0.00000E+03,0.00000E+03,0.00000E+03,0.00000E+03,0.00000E+03,0.45912E+03,0.00000E+03,0.00000E+03,0.00000E+03,0.00000E+03,0.00000E+03,0.91719E+00,0.00000E+00,0.00000E+00,0.88110E+00,0.97444E+00,0.97366E+00,0.000E+00,144.857E+00,145.344E+00,151.776E+00,-22.161E+00,-21.475E+00,23.482E+00,90.000E+00,90.000E+00,0.00000E+00,0.00000E+00,0.00000E+00,122.461E+00,100.000E+00,100.000E+00,-0.23737E+03,0.00000E+03,0.00000E+03,+99999.9E+99,+99999.9E+99,+99999.9E+99,+99999.9E+99,+99999.9E+99,+99999.9E+99,+99999.9E+99,+99999.9E+99,+99999.9E+99,+99999.9E+99,+99999.9E+99,+99999.9E+99,1B00,0,0,0,1B00,77.2067E+00,77.2407E+00,77.0132E+00,77.1535E+00,72.2117E+00,72.4609E+00,71.9103E+00,72.1943E+00,77.2067E+00,77.2407E+00,77.0132E+00,0.0000E+00,0.0000E+00,0.0000E+00,70.4589E+00,71.0251E+00,70.9016E+00,105.347E+00,105.630E+00,105.494E+00,-104.769E+00,-105.171E+00,-104.371E+00,34.742E+00,34.799E+00,34.763E+00,+99999.9E+99,+99999.9E+99,+99999.9E+99,0.488E+00,13.5986E+00,13.1539E+00,13.5473E+00,13.4333E+00,12.5216E+00,12.0845E+00,12.4506E+00,12.3522E+00,13.5976E+00,13.1539E+00,13.5459E+00,-0.1679E+00,0.0000E+00,0.1969E+00,14.1200E+00,13.2097E+00,13.2020E+00,27.6110E+00,27.2876E+00,28.5724E+00,-26.6476E+00,-26.8781E+00,-26.6862E+00,39.596E+00,41.803E+00,41.942E+00,+99999.9E+99,+99999.9E+99,+99999.9E+99,4.297E+00,0.42932E+03,0.42065E+03,0.44423E+03,1.29419E+03,0.50463E+03,0.46266E+03,0.48725E+03,1.45454E+03,0.61293E+03,0.59270E+03,0.60923E+03,1.81486E+03,0.56873E+03,0.53418E+03,0.53900E+03,1.64101E+03,-0.43746E+03,-0.41755E+03,-0.41693E+03,-1.27193E+03,-0.26229E+03,-0.26700E+03,-0.23047E+03,-0.75976E+03,-0.70044E+00,-0.70972E+00,-0.72916E+00,-0.71311E+00,-0.88730E+00,-0.86612E+00,-0.90398E+00,-0.88637E+00,0.000E+00,119.855E+00,-119.674E+00,57.731E+00,179.783E+00,-64.565E+00,-45.538E+00,-44.788E+00,-43.184E+00,-44.512E+00,202.172E+00,201.611E+00,201.945E+00,89.541E+00,+99999.9E+99,+99999.9E+99,0.00014E+06,-0.00074E+06,0.00000E+00,14.609E+00,0.757E+03,0.00116E+06,43.798E+00,F0F08
2021/11/30,17:34:15,00000:00:40,150,38003F00,2D00,3F00,3F00,3F00,99.981E+00,0.000E+00,0.000E+00,111.050E+00,0.000E+00,0.000E+00,0.491E+00,0.000E+00,0.000E+00,99.980E+00,0.000E+00,0.000E+00,0.000E+00,0.000E+00,0.000E+00,100.911E+00,0.000E+00,0.000E+00,98.804E+00,0.000E+00,0.000E+00,34.505E+00,+99999.9E+99,317.672E+00,1.054E+00,+99999.9E+99,+99999.9E+99,11.5246E+00,0.00000E+00,0.00000E+00,11.7629E+00,0.00000E+00,0.00000E+00,4.5454E+00,0.00000E+00,0.00000E+00,10.5904E+00,0.00000E+00,0.00000E+00,4.2578E+00,0.00000E+00,0.00000E+00,18.3371E+00,0.0000E+00,0.0000E+00,4.0767E+00,0.0000E+00,0.0000E+00,39.775E+00,+99999.9E+99,+99999.9E+99,67.328E+00,+99999.9E+99,+99999.9E+99,1.05682E+03,0.00000E+03,0.00000E+03,0.00000E+03,0.00000E+03,0.00000E+03,1.15225E+03,0.00000E+03,0.00000E+03,0.00000E+03,0.00000E+03,0.00000E+03,0.45912E+03,0.00000E+03,0.00000E+03,0.00000E+03,0.00000E+03,0.00000E+03,0.91719E+00,0.00000E+00,0.00000E+00,0.93430E+00,0.33927E+00,0.70160E+00,0.000E+00,103.246E+00,153.843E+00,159.115E+00,33.078E+00,-160.712E+00,23.482E+00,90.000E+00,90.000E+00,0.00000E+00,0.00000E+00,0.00000E+00,72.933E+00,100.000E+00,100.000E+00,0.28605E+03,0.00000E+03,0.00000E+03,+99999.9E+99,+99999.9E+99,+99999.9E+99,+99999.9E+99,+99999.9E+99,+99999.9E+99,+99999.9E+99,+99999.9E+99,+99999.9E+99,+99999.9E+99,+99999.9E+99,+99999.9E+99,1B00,0,0,0,1B00,76.3005E+00,76.6541E+00,76.5292E+00,76.4946E+00,72.2038E+00,72.8910E+00,72.6537E+00,72.5828E+00,76.3004E+00,76.6541E+00,76.5292E+00,0.0000E+00,0.0000E+00,0.0000E+00,71.9200E+00,71.7791E+00,71.7009E+00,105.781E+00,106.073E+00,105.733E+00,-105.144E+00,-104.197E+00,-104.484E+00,27.144E+00,26.110E+00,26.851E+00,+99999.9E+99,+99999.9E+99,+99999.9E+99,0.182E+00,8.2207E+00,8.1650E+00,8.1050E+00,8.1636E+00,7.3190E+00,7.2781E+00,7.2086E+00,7.2686E+00,8.2200E+00,8.1640E+00,8.1016E+00,-0.1060E+00,-0.1269E+00,0.2341E+00,9.7180E+00,9.8786E+00,10.2411E+00,22.2671E+00,20.7214E+00,20.3052E+00,-18.6971E+00,-19.1476E+00,-19.9400E+00,48.500E+00,46.125E+00,44.492E+00,+99999.9E+99,+99999.9E+99,+99999.9E+99,4.287E+00,0.25878E+03,0.25298E+03,0.25902E+03,0.77078E+03,0.33479E+03,0.35815E+03,0.36295E+03,1.05590E+03,0.36385E+03,0.36171E+03,0.35995E+03,1.08551E+03,0.39026E+03,0.40080E+03,0.41874E+03,1.20920E+03,-0.25577E+03,-0.25853E+03,-0.24995E+03,-0.76424E+03,-0.20053E+03,-0.17990E+03,-0.20883E+03,-0.58927E+03,-0.71123E+00,-0.69940E+00,-0.71959E+00,-0.71006E+00,-0.85788E+00,-0.89360E+00,-0.86677E+00,-0.87322E+00,0.000E+00,120.138E+00,-120.026E+00,60.857E+00,176.771E+00,-60.009E+00,-44.665E+00,-45.621E+00,-43.979E+00,-44.760E+00,201.813E+00,202.068E+00,202.082E+00,94.612E+00,+99999.9E+99,+99999.9E+99,0.00004E+06,-0.00048E+06,0.00000E+00,9.205E+00,0.757E+03,0.00073E+06,43.772E+00,F0F08
2021/11/30,17:34:15,00000:00:40,200,38003F00,2800,3B00,3B00,3F00,99.808E+00,0.000E+00,0.000E+00,110.857E+00,0.000E+00,0.000E+00,0.505E+00,0.000E+00,0.000E+00,99.806E+00,0.000E+00,0.000E+00,0.000E+00,0.000E+00,0.000E+00,100.961E+00,0.000E+00,0.000E+00,98.811E+00,0.000E+00,0.000E+00,34.505E+00,+99999.9E+99,317.672E+00,1.077E+00,+99999.9E+99,+99999.9E+99,12.3240E+00,0.00000E+00,0.00000E+00,12.7737E+00,0.00000E+00,0.00000E+00,4.4296E+00,0.00000E+00,0.00000E+00,11.5004E+00,0.00000E+00,0.00000E+00,4.2578E+00,0.00000E+00,0.00000E+00,18.2326E+00,0.0000E+00,0.0000E+00,3.9867E+00,0.0000E+00,0.0000E+00,39.775E+00,+99999.9E+99,+99999.9E+99,61.937E+00,+99999.9E+99,+99999.9E+99,1.14581E+03,0.00000E+03,0.00000E+03,0.00000E+03,0.00000E+03,0.00000E+03,1.23003E+03,0.00000E+03,0.00000E+03,0.00000E+03,0.00000E+03,0.00000E+03,-0.44732E+03,0.00000E+03,0.00000E+03,0.00000E+03,0.00000E+03,0.00000E+03,-0.93153E+00,0.00000E+00,0.00000E+00,0.93430E+00,0.33927E+00,0.70160E+00,0.000E+00,103.246E+00,153.843E+00,159.115E+00,33.078E+00,-160.712E+00,-21.325E+00,90.000E+00,90.000E+00,9.33060E+00,0.00000E+00,0.00000E+00,109.517E+00,100.000E+00,100.000E+00,-0.10905E+03,0.00000E+03,0.00000E+03,+99999.9E+99,+99999.9E+99,+99999.9E+99,+99999.9E+99,+99999.9E+99,+99999.9E+99,+99999.9E+99,+99999.9E+99,+99999.9E+99,+99999.9E+99,+99999.9E+99,+99999.9E+99,1B00,0,0,0,1B00,77.0881E+00,77.1766E+00,77.1085E+00,77.1244E+00,72.1665E+00,72.5317E+00,72.2673E+00,72.3218E+00,77.0881E+00,77.1766E+00,77.1085E+00,0.0000E+00,0.0000E+00,0.0000E+00,72.7461E+00,73.1674E+00,73.0238E+00,105.911E+00,106.054E+00,105.639E+00,-104.806E+00,-105.294E+00,-104.281E+00,16.258E+00,16.395E+00,16.819E+00,+99999.9E+99,+99999.9E+99,+99999.9E+99,0.345E+00,13.3781E+00,12.9113E+00,13.1065E+00,13.1319E+00,12.1870E+00,11.7071E+00,11.7760E+00,11.8900E+00,13.3766E+00,12.9076E+00,13.0967E+00,-0.1974E+00,-0.3077E+00,0.5062E+00,6.4216E+00,5.7440E+00,5.6397E+00,27.5838E+00,27.0962E+00,28.6152E+00,-26.5510E+00,-27.0962E+00,-26.7362E+00,49.828E+00,54.435E+00,55.104E+00,+99999.9E+99,+99999.9E+99,+99999.9E+99,7.105E+00,0.42671E+03,0.40514E+03,0.42301E+03,1.25485E+03,0.23025E+03,0.20033E+03,0.21693E+03,0.64751E+03,0.60259E+03,0.58010E+03,0.58876E+03,1.77145E+03,0.25795E+03,0.23212E+03,0.23533E+03,0.72439E+03,-0.42547E+03,-0.41519E+03,-0.40952E+03,-1.25018E+03,-0.11630E+03,-0.11725E+03,-0.09121E+03,-0.32477E+03,-0.70813E+00,-0.69839E+00,-0.71847E+00,-0.70838E+00,-0.89259E+00,-0.86305E+00,-0.92183E+00,-0.89387E+00,0.000E+00,119.938E+00,-119.738E+00,56.994E+00,-179.789E+00,-67.062E+00,-44.917E+00,-45.702E+00,-44.072E+00,-44.897E+00,201.832E+00,201.498E+00,201.739E+00,90.951E+00,+99999.9E+99,+99999.9E+99,0.00011E+06,-0.00074E+06,0.00000E+00,14.392E+00,0.757E+03,0.00114E+06,43.719E+00,F0F08
2021/11/30,17:34:15,00000:00:40,250,38003800,0,1800,1800,3800,99.927E+00,0.000E+00,0.000E+00,110.990E+00,0.000E+00,0.000E+00,0.507E+00,0.000E+00,0.000E+00,99.926E+00,0.000E+00,0.000E+00,0.000E+00,0.000E+00,0.000E+00,100.921E+00,0.000E+00,0.000E+00,98.821E+00,0.000E+00,0.000E+00,99.885E+00,+99999.9E+99,+99999.9E+99,1.051E+00,+99999.9E+99,+99999.9E+99,11.7671E+00,0.00000E+00,0.00000E+00,12.0452E+00,0.00000E+00,0.00000E+00,4.5674E+00,0.00000E+00,0.00000E+00,10.8445E+00,0.00000E+00,0.00000E+00,3.0465E+00,0.00000E+00,0.00000E+00,18.2281E+00,0.0000E+00,0.0000E+00,4.1055E+00,0.0000E+00,0.0000E+00,101.670E+00,+99999.9E+99,+99999.9E+99,65.114E+00,+99999.9E+99,+99999.9E+99,1.08157E+03,0.00000E+03,0.00000E+03,0.00000E+03,0.00000E+03,0.00000E+03,1.17585E+03,0.00000E+03,0.00000E+03,0.00000E+03,0.00000E+03,0.00000E+03,0.46134E+03,0.00000E+03,0.00000E+03,0.00000E+03,0.00000E+03,0.00000E+03,0.91982E+00,0.00000E+00,0.00000E+00,0.83359E+00,0.82566E+00,0.99634E+00,0.000E+00,56.121E+00,161.498E+00,146.469E+00,90.466E+00,-23.404E+00,23.101E+00,90.000E+00,90.000E+00,12.6320E+00,0.00000E+00,0.00000E+00,100.335E+00,100.000E+00,100.000E+00,-0.00363E+03,0.00000E+03,0.00000E+03,+99999.9E+99,+99999.9E+99,+99999.9E+99,+99999.9E+99,+99999.9E+99,+99999.9E+99,+99999.9E+99,+99999.9E+99,+99999.9E+99,+99999.9E+99,+99999.9E+99,+99999.9E+99,1B00,0,0,0,1B00,76.7552E+00,77.1066E+00,76.8339E+00,76.8986E+00,72.0307E+00,72.6701E+00,72.1833E+00,72.2947E+00,76.7552E+00,77.1066E+00,76.8339E+00,0.0000E+00,0.0000E+00,0.0000E+00,70.0504E+00,70.2829E+00,70.1963E+00,105.453E+00,106.004E+00,105.423E+00,-103.977E+00,-104.760E+00,-104.303E+00,38.980E+00,38.740E+00,38.835E+00,+99999.9E+99,+99999.9E+99,+99999.9E+99,0.199E+00,11.9017E+00,11.7564E+00,12.0232E+00,11.8938E+00,10.4235E+00,10.3585E+00,10.5385E+00,10.4402E+00,11.9010E+00,11.7564E+00,12.0232E+00,-0.1249E+00,0.0000E+00,0.0000E+00,15.3257E+00,14.9176E+00,15.1168E+00,27.3305E+00,27.1443E+00,28.5838E+00,-25.9719E+00,-27.0433E+00,-26.7071E+00,39.589E+00,40.530E+00,39.621E+00,+99999.9E+99,+99999.9E+99,+99999.9E+99,1.657E+00,0.35595E+03,0.35863E+03,0.37062E+03,1.08520E+03,0.53998E+03,0.52410E+03,0.54087E+03,1.60496E+03,0.53167E+03,0.52675E+03,0.53949E+03,1.59790E+03,0.61879E+03,0.60196E+03,0.61184E+03,1.83245E+03,-0.39493E+03,-0.38582E+03,-0.39203E+03,-1.17277E+03,-0.30219E+03,-0.29609E+03,-0.28602E+03,-0.88431E+03,-0.66949E+00,-0.68083E+00,-0.68699E+00,-0.67914E+00,-0.87264E+00,-0.87066E+00,-0.88401E+00,-0.87585E+00,0.000E+00,119.966E+00,-119.849E+00,59.344E+00,179.391E+00,-62.051E+00,-47.972E+00,-47.091E+00,-46.608E+00,-47.224E+00,202.055E+00,202.393E+00,201.907E+00,90.509E+00,+99999.9E+99,+99999.9E+99,0.00010E+06,-0.00062E+06,0.00000E+00,12.383E+00,0.757E+03,0.00098E+06,43.769E+00,F0F0F
2021/11/30,17:34:15,00000:00:40,300,38003F00,700,1F00,1F00,3F00,99.927E+00,0.000E+00,0.000E+00,110.990E+00,0.000E+00,0.000E+00,0.507E+00,0.000E+00,0.000E+00,99.926E+00,0.000E+00,0.000E+00,0.000E+00,0.000E+00,0.000E+00,100.921E+00,0.000E+00,0.000E+00,98.821E+00,0.000E+00,0.000E+00,18.087E+00,424.225E+00,317.039E+00,1.051E+00,+99999.9E+99,+99999.9E+99,11.7671E+00,0.00000E+00,0.00000E+00,12.0452E+00,0.00000E+00,0.00000E+00,4.5674E+00,0.00000E+00,0.00000E+00,10.8445E+00,0.00000E+00,0.00000E+00,4.6789E+00,0.00000E+00,0.00000E+00,18.2281E+00,0.0000E+00,0.0000E+00,4.1055E+00,0.0000E+00,0.0000E+00,8.295E+00,+99999.9E+99,+99999.9E+99,65.114E+00,+99999.9E+99,+99999.9E+99,1.08157E+03,0.00000E+03,0.00000E+03,0.00000E+03,0.00000E+03,0.00000E+03,1.17585E+03,0.00000E+03,0.00000E+03,0.00000E+03,0.00000E+03,0.00000E+03,0.46134E+03,0.00000E+03,0.00000E+03,0.00000E+03,0.00000E+03,0.00000E+03,0.91982E+00,0.00000E+00,0.00000E+00,0.91814E+00,0.80654E+00,0.64633E+00,0.000E+00,-106.604E+00,155.829E+00,156.656E+00,109.637E+00,106.095E+00,23.101E+00,90.000E+00,90.000E+00,12.6320E+00,0.00000E+00,0.00000E+00,76.910E+00,100.000E+00,100.000E+00,0.24974E+03,0.00000E+03,0.00000E+03,+99999.9E+99,+99999.9E+99,+99999.9E+99,+99999.9E+99,+99999.9E+99,+99999.9E+99,+99999.9E+99,+99999.9E+99,+99999.9E+99,+99999.9E+99,+99999.9E+99,+99999.9E+99,1B00,0,0,0,1B00,76.5477E+00,76.6254E+00,76.5415E+00,76.5715E+00,72.3909E+00,72.7289E+00,72.4267E+00,72.5155E+00,76.5476E+00,76.6254E+00,76.5415E+00,0.0000E+00,0.0000E+00,0.0000E+00,72.8989E+00,72.7396E+00,72.6710E+00,105.801E+00,106.057E+00,105.696E+00,-104.517E+00,-105.206E+00,-104.340E+00,18.355E+00,17.912E+00,17.952E+00,+99999.9E+99,+99999.9E+99,+99999.9E+99,0.187E+00,9.3163E+00,8.8096E+00,8.9573E+00,9.0277E+00,8.1081E+00,7.7004E+00,7.7443E+00,7.8509E+00,9.3149E+00,8.8072E+00,8.9498E+00,-0.1611E+00,-0.2042E+00,0.3664E+00,6.0968E+00,6.3956E+00,6.7931E+00,25.7924E+00,23.9195E+00,24.3957E+00,-25.9805E+00,-24.6895E+00,-21.9610E+00,57.152E+00,53.000E+00,50.181E+00,+99999.9E+99,+99999.9E+99,+99999.9E+99,4.830E+00,0.28433E+03,0.26648E+03,0.28102E+03,0.83183E+03,0.21810E+03,0.23455E+03,0.23897E+03,0.69162E+03,0.41409E+03,0.39068E+03,0.39714E+03,1.20190E+03,0.25380E+03,0.26077E+03,0.27454E+03,0.78861E+03,-0.30104E+03,-0.28568E+03,-0.28062E+03,-0.86734E+03,-0.12979E+03,-0.11396E+03,-0.13514E+03,-0.37890E+03,-0.68663E+00,-0.68210E+00,-0.70762E+00,-0.69210E+00,-0.85935E+00,-0.89945E+00,-0.87045E+00,-0.87702E+00,0.000E+00,120.129E+00,-120.046E+00,60.682E+00,176.015E+00,-60.454E+00,-46.636E+00,-46.992E+00,-44.959E+00,-46.204E+00,201.699E+00,201.384E+00,202.147E+00,94.651E+00,+99999.9E+99,+99999.9E+99,0.00004E+06,-0.00052E+06,0.00000E+00,9.942E+00,0.756E+03,0.00079E+06,43.761E+00,F0F08
2021/11/30,17:34:15,00000:00:40,350,38003F00,700,1F00,1F00,3F00,99.927E+00,0.000E+00,0.000E+00,110.990E+00,0.000E+00,0.000E+00,0.507E+00,0.000E+00,0.000E+00,99.926E+00,0.000E+00,0.000E+00,0.000E+00,0.000E+00,0.000E+00,100.921E+00,0.000E+00,0.000E+00,98.821E+00,0.000E+00,0.000E+00,18.087E+00,424.225E+00,317.039E+00,1.051E+00,+99999.9E+99,+99999.9E+99,11.7671E+00,0.00000E+00,0.00000E+00,12.0452E+00,0.00000E+00,0.00000E+00,4.5674E+00,0.00000E+00,0.00000E+00,10.8445E+00,0.00000E+00,0.00000E+00,4.6789E+00,0.00000E+00,0.00000E+00,18.2281E+00,0.0000E+00,0.0000E+00,4.1055E+00,0.0000E+00,0.0000E+00,8.295E+00,+99999.9E+99,+99999.9E+99,65.114E+00,+99999.9E+99,+99999.9E+99,1.08157E+03,0.00000E+03,0.00000E+03,0.00000E+03,0.00000E+03,0.00000E+03,1.17585E+03,0.00000E+03,0.00000E+03,0.00000E+03,0.00000E+03,0.00000E+03,0.46134E+03,0.00000E+03,0.00000E+03,0.00000E+03,0.00000E+03,0.00000E+03,0.91982E+00,0.00000E+00,0.00000E+00,0.91814E+00,0.80654E+00,0.64633E+00,0.000E+00,-106.604E+00,155.829E+00,156.656E+00,109.637E+00,106.095E+00,23.101E+00,90.000E+00,90.000E+00,12.6320E+00,0.00000E+00,0.00000E+00,123.086E+00,100.000E+00,100.000E+00,-0.24969E+03,0.00000E+03,0.00000E+03,+99999.9E+99,+99999.9E+99,+99999.9E+99,+99999.9E+99,+99999.9E+99,+99999.9E+99,+99999.9E+99,+99999.9E+99,+99999.9E+99,+99999.9E+99,+99999.9E+99,+99999.9E+99,1B00,0,0,0,1B00,77.0179E+00,77.4494E+00,77.3407E+00,77.2693E+00,71.6707E+00,72.4954E+00,72.2921E+00,72.1527E+00,77.0179E+00,77.4494E+00,77.3407E+00,0.0000E+00,0.0000E+00,0.0000E+00,72.3427E+00,72.7948E+00,72.6515E+00,105.683E+00,106.039E+00,105.541E+00,-104.703E+00,-103.701E+00,-105.337E+00,19.793E+00,19.866E+00,20.135E+00,+99999.9E+99,+99999.9E+99,+99999.9E+99,0.373E+00,13.7798E+00,13.4690E+00,13.5839E+00,13.6109E+00,12.8942E+00,12.7150E+00,12.6501E+00,12.7531E+00,13.7788E+00,13.4664E+00,13.5772E+00,-0.1652E+00,-0.2623E+00,0.4285E+00,7.7747E+00,7.2104E+00,7.0719E+00,27.3176E+00,27.1357E+00,28.4776E+00,-26.0176E+00,-26.5519E+00,-26.4405E+00,48.232E+00,50.796E+00,51.948E+00,+99999.9E+99,+99999.9E+99,+99999.9E+99,6.777E+00,0.44836E+03,0.43622E+03,0.44667E+03,1.33126E+03,0.28347E+03,0.24802E+03,0.26633E+03,0.79783E+03,0.62077E+03,0.60698E+03,0.61422E+03,1.84197E+03,0.31842E+03,0.28889E+03,0.29071E+03,0.89687E+03,-0.42934E+03,-0.42206E+03,-0.42160E+03,-1.27300E+03,-0.14504E+03,-0.14813E+03,-0.11653E+03,-0.40970E+03,-0.72227E+00,-0.71867E+00,-0.72722E+00,-0.72273E+00,-0.89024E+00,-0.85854E+00,-0.91614E+00,-0.88956E+00,0.000E+00,119.915E+00,-119.732E+00,57.304E+00,-179.299E+00,-66.245E+00,-43.758E+00,-44.055E+00,-43.346E+00,-43.719E+00,201.713E+00,202.206E+00,201.016E+00,90.454E+00,+99999.9E+99,+99999.9E+99,0.00013E+06,-0.00077E+06,0.00000E+00,15.180E+00,0.757E+03,0.00120E+06,43.671E+00,F0F08
2021/11/30,17:34:15,00000:00:40,400,38003F00,500,1F00,1F00,3F00,99.927E+00,0.000E+00,0.000E+00,110.990E+00,0.000E+00,0.000E+00,0.507E+00,0.000E+00,0.000E+00,99.926E+00,0.000E+00,0.000E+00,0.000E+00,0.000E+00,0.000E+00,100.921E+00,0.000E+00,0.000E+00,98.821E+00,0.000E+00,0.000E+00,65.771E+00,244.419E+00,+99999.9E+99,1.051E+00,+99999.9E+99,+99999.9E+99,11.7671E+00,0.00000E+00,0.00000E+00,12.0452E+00,0.00000E+00,0.00000E+00,4.5674E+00,0.00000E+00,0.00000E+00,10.8445E+00,0.00000E+00,0.00000E+00,3.8778E+00,0.00000E+00,0.00000E+00,18.2281E+00,0.0000E+00,0.0000E+00,4.1055E+00,0.0000E+00,0.0000E+00,49.586E+00,+99999.9E+99,+99999.9E+99,65.114E+00,+99999.9E+99,+99999.9E+99,1.08157E+03,0.00000E+03,0.00000E+03,0.00000E+03,0.00000E+03,0.00000E+03,1.17585E+03,0.00000E+03,0.00000E+03,0.00000E+03,0.00000E+03,0.00000E+03,0.46134E+03,0.00000E+03,0.00000E+03,0.00000E+03,0.00000E+03,0.00000E+03,0.91982E+00,0.00000E+00,0.00000E+00,0.87858E+00,0.44985E+00,0.99878E+00,0.000E+00,23.533E+00,148.472E+00,151.472E+00,-93.201E+00,-34.361E+00,23.101E+00,90.000E+00,90.000E+00,12.6320E+00,0.00000E+00,0.00000E+00,79.021E+00,100.000E+00,100.000E+00,0.22690E+03,0.00000E+03,0.00000E+03,+99999.9E+99,+99999.9E+99,+99999.9E+99,+99999.9E+99,+99999.9E+99,+99999.9E+99,+99999.9E+99,+99999.9E+99,+99999.9E+99,+99999.9E+99,+99999.9E+99,+99999.9E+99,1B00,0,0,0,1B00,76.7121E+00,76.6449E+00,76.3738E+00,76.5769E+00,72.5376E+00,72.6093E+00,71.9803E+00,72.3757E+00,76.7121E+00,76.6449E+00,76.3738E+00,0.0000E+00,0.0000E+00,0.0000E+00,70.2558E+00,70.2771E+00,70.1817E+00,105.687E+00,105.997E+00,105.733E+00,-104.277E+00,-104.437E+00,-104.351E+00,37.965E+00,37.676E+00,37.875E+00,+99999.9E+99,+99999.9E+99,+99999.9E+99,0.073E+00,9.6335E+00,9.2031E+00,9.8167E+00,9.5511E+00,8.3201E+00,7.9616E+00,8.3638E+00,8.2152E+00,9.6335E+00,9.2031E+00,9.8167E+00,0.0000E+00,0.0000E+00,0.0000E+00,14.5988E+00,14.4725E+00,14.8122E+00,26.4490E+00,24.9205E+00,27.2133E+00,-25.4910E+00,-23.4157E+00,-26.6305E+00,40.983E+00,41.095E+00,39.696E+00,+99999.9E+99,+99999.9E+99,+99999.9E+99,1.414E+00,0.27965E+03,0.27756E+03,0.29745E+03,0.85467E+03,0.51034E+03,0.51148E+03,0.52356E+03,1.54538E+03,0.42835E+03,0.40943E+03,0.43526E+03,1.27304E+03,0.59054E+03,0.58446E+03,0.59843E+03,1.77334E+03,-0.32447E+03,-0.30098E+03,-0.31776E+03,-0.94321E+03,-0.29714E+03,-0.28281E+03,-0.28984E+03,-0.86979E+03,-0.65286E+00,-0.67792E+00,-0.68340E+00,-0.67136E+00,-0.86419E+00,-0.87513E+00,-0.87488E+00,-0.87145E+00,0.000E+00,120.066E+00,-119.953E+00,60.218E+00,178.967E+00,-60.955E+00,-49.242E+00,-47.318E+00,-46.890E+00,-47.828E+00,201.904E+00,201.639E+00,202.564E+00,91.640E+00,+99999.9E+99,+99999.9E+99,0.00007E+06,-0.00051E+06,0.00000E+00,9.890E+00,0.756E+03,0.00078E+06,43.817E+00,F0F08
2021/11/30,17:34:15,00000:00:40,450,38003A00,2A00,3800,3800,3800,100.002E+00,0.000E+00,0.000E+00,111.073E+00,0.000E+00,0.000E+00,0.486E+00,0.000E+00,0.000E+00,100.001E+00,0.000E+00,0.000E+00,0.000E+00,0.000E+00,0.000E+00,100.957E+00,0.000E+00,0.000E+00,98.800E+00,0.000E+00,0.000E+00,65.771E+00,244.419E+00,+99999.9E+99,1.079E+00,+99999.9E+99,+99999.9E+99,11.2898E+00,0.00000E+00,0.00000E+00,11.5045E+00,0.00000E+00,0.00000E+00,4.4920E+00,0.00000E+00,0.00000E+00,10.3577E+00,0.00000E+00,0.00000E+00,3.8778E+00,0.00000E+00,0.00000E+00,18.2555E+00,0.0000E+00,0.0000E+00,4.0917E+00,0.0000E+00,0.0000E+00,49.586E+00,+99999.9E+99,+99999.9E+99,68.373E+00,+99999.9E+99,+99999.9E+99,1.03383E+03,0.00000E+03,0.00000E+03,0.00000E+03,0.00000E+03,0.00000E+03,1.12901E+03,0.00000E+03,0.00000E+03,0.00000E+03,0.00000E+03,0.00000E+03,0.45371E+03,0.00000E+03,0.00000E+03,0.00000E+03,0.00000E+03,0.00000E+03,0.91570E+00,0.00000E+00,0.00000E+00,0.87858E+00,0.44985E+00,0.99878E+00,0.000E+00,23.533E+00,148.472E+00,151.472E+00,-93.201E+00,-34.361E+00,23.695E+00,90.000E+00,90.000E+00,0.00000E+00,0.00000E+00,0.00000E+00,99.539E+00,100.000E+00,100.000E+00,0.00477E+03,0.00000E+03,0.00000E+03,+99999.9E+99,+99999.9E+99,+99999.9E+99,+99999.9E+99,+99999.9E+99,+99999.9E+99,+99999.9E+99,+99999.9E+99,+99999.9E+99,+99999.9E+99,+99999.9E+99,+99999.9E+99,1B00,0,0,0,1B00,76.5232E+00,76.9938E+00,77.0178E+00,76.8449E+00,71.7801E+00,72.6909E+00,72.7153E+00,72.3954E+00,76.5232E+00,76.9938E+00,77.0178E+00,0.0000E+00,0.0000E+00,0.0000E+00,73.0291E+00,73.0259E+00,72.9204E+00,105.791E+00,106.079E+00,105.764E+00,-104.499E+00,-104.071E+00,-105.013E+00,15.066E+00,14.847E+00,15.043E+00,+99999.9E+99,+99999.9E+99,+99999.9E+99,0.101E+00,11.5282E+00,11.2901E+00,11.0799E+00,11.2994E+00,9.9770E+00,9.8267E+00,9.5283E+00,9.7773E+00,11.5271E+00,11.2829E+00,11.0657E+00,-0.1596E+00,-0.4007E+00,0.5612E+00,5.0867E+00,4.9670E+00,5.3527E+00,27.3900E+00,27.1367E+00,28.6371E+00,-26.1238E+00,-27.1776E+00,-26.1467E+00,59.574E+00,59.132E+00,54.921E+00,+99999.9E+99,+99999.9E+99,+99999.9E+99,3.543E+00,0.35451E+03,0.33471E+03,0.33983E+03,1.02906E+03,0.17946E+03,0.18444E+03,0.19247E+03,0.55637E+03,0.51443E+03,0.50311E+03,0.49620E+03,1.51373E+03,0.20973E+03,0.20807E+03,0.21980E+03,0.63739E+03,-0.37277E+03,-0.37561E+03,-0.36156E+03,-1.10995E+03,-0.10854E+03,-0.09631E+03,-0.10616E+03,-0.31100E+03,-0.68914E+00,-0.66528E+00,-0.68487E+00,-0.67981E+00,-0.85568E+00,-0.88643E+00,-0.87564E+00,-0.87288E+00,0.000E+00,120.095E+00,-119.959E+00,61.160E+00,177.621E+00,-61.030E+00,-46.438E+00,-48.296E+00,-46.774E+00,-47.171E+00,201.913E+00,201.883E+00,201.249E+00,93.357E+00,+99999.9E+99,+99999.9E+99,0.00007E+06,-0.00063E+06,0.00000E+00,12.130E+00,0.756E+03,0.00096E+06,43.816E+00,F0F08
2021/11/30,17:34:15,00000:00:40,500,38003F00,2D00,3F00,3F00,3F00,100.002E+00,0.000E+00,0.000E+00,111.073E+00,0.000E+00,0.000E+00,0.486E+00,0.000E+00,0.000E+00,100.001E+00,0.000E+00,0.000E+00,0.000E+00,0.000E+00,0.000E+00,100.957E+00,0.000E+00,0.000E+00,98.800E+00,0.000E+00,0.000E+00,40.377E+00,+99999.9E+99,471.011E+00,1.079E+00,+99999.9E+99,+99999.9E+99,11.2898E+00,0.00000E+00,0.00000E+00,11.5045E+00,0.00000E+00,0.00000E+00,4.4920E+00,0.00000E+00,0.00000E+00,10.3577E+00,0.00000E+00,0.00000E+00,4.1085E+00,0.00000E+00,0.00000E+00,18.2555E+00,0.0000E+00,0.0000E+00,4.0917E+00,0.0000E+00,0.0000E+00,44.010E+00,+99999.9E+99,+99999.9E+99,68.373E+00,+99999.9E+99,+99999.9E+99,1.03383E+03,0.00000E+03,0.00000E+03,0.00000E+03,0.00000E+03,0.00000E+03,1.12901E+03,0.00000E+03,0.00000E+03,0.00000E+03,0.00000E+03,0.00000E+03,0.45371E+03,0.00000E+03,0.00000E+03,0.00000E+03,0.00000E+03,0.00000E+03,0.91570E+00,0.00000E+00,0.00000E+00,0.93432E+00,0.54897E+00,0.08156E+00,0.000E+00,-28.358E+00,171.907E+00,159.119E+00,94.938E+00,77.229E+00,23.695E+00,90.000E+00,90.000E+00,0.00000E+00,0.00000E+00,0.00000E+00,125.676E+00,100.000E+00,100.000E+00,-0.26544E+03,0.00000E+03,0.00000E+03,+99999.9E+99,+99999.9E+99,+99999.9E+99,+99999.9E+99,+99999.9E+99,+99999.9E+99,+99999.9E+99,+99999.9E+99,+99999.9E+99,+99999.9E+99,+99999.9E+99,+99999.9E+99,1B00,0,0,0,1B00,77.2095E+00,77.2000E+00,77.0054E+00,77.1383E+00,72.2233E+00,72.4037E+00,71.8976E+00,72.1748E+00,77.2095E+00,77.1999E+00,77.0054E+00,0.0000E+00,0.0000E+00,0.0000E+00,70.9824E+00,71.7036E+00,71.4802E+00,105.439E+00,105.783E+00,105.527E+00,-104.541E+00,-104.747E+00,-104.886E+00,29.530E+00,29.588E+00,29.527E+00,+99999.9E+99,+99999.9E+99,+99999.9E+99,0.589E+00,13.6351E+00,13.1903E+00,13.5795E+00,13.4683E+00,12.5500E+00,12.1195E+00,12.4814E+00,12.3837E+00,13.6341E+00,13.1903E+00,13.5779E+00,-0.1631E+00,0.0000E+00,0.2095E+00,12.0404E+00,10.8886E+00,11.0414E+00,27.6433E+00,27.1000E+00,28.4333E+00,-26.7629E+00,-27.1124E+00,-26.4662E+00,41.879E+00,45.341E+00,45.056E+00,+99999.9E+99,+99999.9E+99,+99999.9E+99,6.269E+00,0.43106E+03,0.42233E+03,0.44588E+03,1.29927E+03,0.42657E+03,0.37601E+03,0.40478E+03,1.20737E+03,0.61463E+03,0.59406E+03,0.61041E+03,1.81910E+03,0.48408E+03,0.44284E+03,0.44679E+03,1.37212E+03,-0.43813E+03,-0.41779E+03,-0.41688E+03,-1.27280E+03,-0.22884E+03,-0.23394E+03,-0.18914E+03,-0.65191E+03,-0.70134E+00,-0.71091E+00,-0.73046E+00,-0.71424E+00,-0.88121E+00,-0.84908E+00,-0.90598E+00,-0.87993E+00,0.000E+00,119.879E+00,-119.566E+00,58.543E+00,-178.339E+00,-64.748E+00,-45.466E+00,-44.691E+00,-43.075E+00,-44.419E+00,201.267E+00,201.502E+00,201.868E+00,89.268E+00,+99999.9E+99,+99999.9E+99,0.00014E+06,-0.00074E+06,0.00000E+00,14.628E+00,0.757E+03,0.00116E+06,43.572E+00,F0F08
2021/11/30,17:34:15,00000:00:40,550,38003F00,2800,3B00,3B00,3F00,99.843E+00,0.000E+00,0.000E+00,110.896E+00,0.000E+00,0.000E+00,0.521E+00,0.000E+00,0.000E+00,99.841E+00,0.000E+00,0.000E+00,0.000E+00,0.000E+00,0.000E+00,100.932E+00,0.000E+00,0.000E+00,98.836E+00,0.000E+00,0.000E+00,40.377E+00,+99999.9E+99,471.011E+00,1.050E+00,+99999.9E+99,+99999.9E+99,12.7263E+00,0.00000E+00,0.00000E+00,13.2944E+00,0.00000E+00,0.00000E+00,4.3241E+00,0.00000E+00,0.00000E+00,11.9692E+00,0.00000E+00,0.00000E+00,4.1085E+00,0.00000E+00,0.00000E+00,18.2017E+00,0.0000E+00,0.0000E+00,4.1767E+00,0.0000E+00,0.0000E+00,44.010E+00,+99999.9E+99,+99999.9E+99,58.588E+00,+99999.9E+99,+99999.9E+99,1.19300E+03,0.00000E+03,0.00000E+03,0.00000E+03,0.00000E+03,0.00000E+03,1.27063E+03,0.00000E+03,0.00000E+03,0.00000E+03,0.00000E+03,0.00000E+03,0.43731E+03,0.00000E+03,0.00000E+03,0.00000E+03,0.00000E+03,0.00000E+03,0.93891E+00,0.00000E+00,0.00000E+00,0.93432E+00,0.54897E+00,0.08156E+00,0.000E+00,-28.358E+00,171.907E+00,159.119E+00,94.938E+00,77.229E+00,20.131E+00,90.000E+00,90.000E+00,15.0434E+00,0.00000E+00,0.00000E+00,65.281E+00,100.000E+00,100.000E+00,0.41419E+03,0.00000E+03,0.00000E+03,+99999.9E+99,+99999.9E+99,+99999.9E+99,+99999.9E+99,+99999.9E+99,+99999.9E+99,+99999.9E+99,+99999.9E+99,+99999.9E+99,+99999.9E+99,+99999.9E+99,+99999.9E+99,1B00,0,0,0,1B00,76.2918E+00,76.6361E+00,76.5185E+00,76.4821E+00,72.2117E+00,72.8814E+00,72.6453E+00,72.5794E+00,76.2918E+00,76.6361E+00,76.5185E+00,0.0000E+00,0.0000E+00,0.0000E+00,71.2866E+00,71.1840E+00,71.0277E+00,105.697E+00,106.073E+00,105.744E+00,-104.454E+00,-104.544E+00,-104.759E+00,31.910E+00,31.155E+00,31.802E+00,+99999.9E+99,+99999.9E+99,+99999.9E+99,0.220E+00,8.2780E+00,8.2209E+00,8.1594E+00,8.2195E+00,7.3712E+00,7.3281E+00,7.2632E+00,7.3208E+00,8.2771E+00,8.2199E+00,8.1555E+00,-0.1218E+00,-0.1301E+00,0.2529E+00,11.7640E+00,11.7724E+00,12.3643E+00,22.1819E+00,21.0719E+00,20.3414E+00,-18.8738E+00,-19.2400E+00,-19.8657E+00,45.016E+00,43.917E+00,41.895E+00,+99999.9E+99,+99999.9E+99,+99999.9E+99,3.340E+00,0.26160E+03,0.25563E+03,0.26158E+03,0.77881E+03,0.40595E+03,0.42673E+03,0.43327E+03,1.26596E+03,0.36637E+03,0.36406E+03,0.36230E+03,1.09273E+03,0.47212E+03,0.48005E+03,0.49808E+03,1.44980E+03,-0.25650E+03,-0.25922E+03,-0.25067E+03,-0.76639E+03,-0.24103E+03,-0.21988E+03,-0.24568E+03,-0.70659E+03,-0.71402E+00,-0.70216E+00,-0.72200E+00,-0.71272E+00,-0.85986E+00,-0.88893E+00,-0.86989E+00,-0.87319E+00,0.000E+00,120.195E+00,-119.980E+00,60.647E+00,177.384E+00,-60.301E+00,-44.437E+00,-45.399E+00,-43.780E+00,-44.543E+00,202.368E+00,201.990E+00,201.958E+00,95.108E+00,+99999.9E+99,+99999.9E+99,0.00004E+06,-0.00049E+06,0.00000E+00,9.355E+00,0.756E+03,0.00074E+06,43.957E+00,F0F08
2021/11/30,17:34:15,00000:00:40,600,38003F00,0,1B00,1B00,3F00,99.916E+00,0.000E+00,0.000E+00,110.977E+00,0.000E+00,0.000E+00,0.509E+00,0.000E+00,0.000E+00,99.915E+00,0.000E+00,0.000E+00,0.000E+00,0.000E+00,0.000E+00,100.932E+00,0.000E+00,0.000E+00,98.814E+00,0.000E+00,0.000E+00,21.509E+00,+99999.9E+99,483.475E+00,1.060E+00,+99999.9E+99,+99999.9E+99,11.8897E+00,0.00000E+00,0.00000E+00,12.1835E+00,0.00000E+00,0.00000E+00,4.5875E+00,0.00000E+00,0.00000E+00,10.9690E+00,0.00000E+00,0.00000E+00,4.4377E+00,0.00000E+00,0.00000E+00,18.2229E+00,0.0000E+00,0.0000E+00,4.2074E+00,0.0000E+00,0.0000E+00,7.960E+00,+99999.9E+99,+99999.9E+99,63.887E+00,+99999.9E+99,+99999.9E+99,1.09387E+03,0.00000E+03,0.00000E+03,0.00000E+03,0.00000E+03,0.00000E+03,1.18797E+03,0.00000E+03,0.00000E+03,0.00000E+03,0.00000E+03,0.00000E+03,0.46338E+03,0.00000E+03,0.00000E+03,0.00000E+03,0.00000E+03,0.00000E+03,0.92079E+00,0.00000E+00,0.00000E+00,0.89793E+00,0.09326E+00,0.90679E+00,0.000E+00,-91.088E+00,146.086E+00,153.887E+00,173.561E+00,171.020E+00,22.958E+00,90.000E+00,90.000E+00,12.6178E+00,0.00000E+00,0.00000E+00,115.812E+00,100.000E+00,100.000E+00,-0.17296E+03,0.00000E+03,0.00000E+03,+99999.9E+99,+99999.9E+99,+99999.9E+99,+99999.9E+99,+99999.9E+99,+99999.9E+99,+99999.9E+99,+99999.9E+99,+99999.9E+99,+99999.9E+99,+99999.9E+99,+99999.9E+99,1B00,0,0,0,1B00,77.0738E+00,77.1866E+00,77.1194E+00,77.1266E+00,72.1313E+00,72.5397E+00,72.2835E+00,72.3182E+00,77.0738E+00,77.1866E+00,77.1194E+00,0.0000E+00,0.0000E+00,0.0000E+00,73.0128E+00,73.2574E+00,73.1311E+00,105.759E+00,106.054E+00,105.687E+00,-104.986E+00,-105.036E+00,-104.663E+00,14.091E+00,14.367E+00,14.445E+00,+99999.9E+99,+99999.9E+99,+99999.9E+99,0.195E+00,13.4693E+00,13.0052E+00,13.1942E+00,13.2229E+00,12.2741E+00,11.7940E+00,11.8534E+00,11.9738E+00,13.4682E+00,13.0012E+00,13.1849E+00,-0.1716E+00,-0.3224E+00,0.4951E+00,5.2504E+00,4.7597E+00,4.9045E+00,27.7195E+00,27.1267E+00,28.5443E+00,-26.5905E+00,-27.1671E+00,-26.6367E+00,54.358E+00,58.743E+00,56.731E+00,+99999.9E+99,+99999.9E+99,+99999.9E+99,4.623E+00,0.43086E+03,0.40908E+03,0.42689E+03,1.26683E+03,0.18953E+03,0.17367E+03,0.18588E+03,0.54907E+03,0.60666E+03,0.58446E+03,0.59296E+03,1.78408E+03,0.21425E+03,0.19860E+03,0.20411E+03,0.61660E+03,-0.42707E+03,-0.41743E+03,-0.41155E+03,-1.25605E+03,-0.09992E+03,-0.09632E+03,-0.08432E+03,-0.28056E+03,-0.71023E+00,-0.69993E+00,-0.71992E+00,-0.71008E+00,-0.88460E+00,-0.87450E+00,-0.91068E+00,-0.89048E+00,0.000E+00,120.005E+00,-119.832E+00,57.908E+00,178.962E+00,-65.483E+00,-44.747E+00,-45.578E+00,-43.952E+00,-44.759E+00,201.213E+00,201.809E+00,201.652E+00,90.869E+00,+99999.9E+99,+99999.9E+99,0.00012E+06,-0.00074E+06,0.00000E+00,14.523E+00,0.757E+03,0.00115E+06,43.571E+00,F0F0F
2021/11/30,17:34:15,00000:00:40,650,38003F00,700,1C00,1C00,3800,99.916E+00,0.000E+00,0.000E+00,110.977E+00,0.000E+00,0.000E+00,0.509E+00,0.000E+00,0.000E+00,99.915E+00,0.000E+00,0.000E+00,0.000E+00,0.000E+00,0.000E+00,100.932E+00,0.000E+00,0.000E+00,98.814E+00,0.000E+00,0.000E+00,21.509E+00,+99999.9E+99,483.475E+00,1.060E+00,+99999.9E+99,+99999.9E+99,11.8897E+00,0.00000E+00,0.00000E+00,12.1835E+00,0.00000E+00,0.00000E+00,4.5875E+00,0.00000E+00,0.00000E+00,10.9690E+00,0.00000E+00,0.00000E+00,4.4377E+00,0.00000E+00,0.00000E+00,18.2229E+00,0.0000E+00,0.0000E+00,4.2074E+00,0.0000E+00,0.0000E+00,7.960E+00,+99999.9E+99,+99999.9E+99,63.887E+00,+99999.9E+99,+99999.9E+99,1.09387E+03,0.00000E+03,0.00000E+03,0.00000E+03,0.00000E+03,0.00000E+03,1.18797E+03,0.00000E+03,0.00000E+03,0.00000E+03,0.00000E+03,0.00000E+03,0.46338E+03,0.00000E+03,0.00000E+03,0.00000E+03,0.00000E+03,0.00000E+03,0.92079E+00,0.00000E+00,0.00000E+00,0.89793E+00,0.09326E+00,0.90679E+00,0.000E+00,-91.088E+00,146.086E+00,153.887E+00,173.561E+00,171.020E+00,22.958E+00,90.000E+00,90.000E+00,12.6178E+00,0.00000E+00,0.00000E+00,100.050E+00,100.000E+00,100.000E+00,-0.00055E+03,0.00000E+03,0.00000E+03,+99999.9E+99,+99999.9E+99,+99999.9E+99,+99999.9E+99,+99999.9E+99,+99999.9E+99,+99999.9E+99,+99999.9E+99,+99999.9E+99,+99999.9E+99,+99999.9E+99,+99999.9E+99,1B00,0,0,0,1B00,76.7484E+00,77.0829E+00,76.8191E+00,76.8835E+00,72.0475E+00,72.6528E+00,72.1771E+00,72.2925E+00,76.7484E+00,77.0829E+00,76.8191E+00,0.0000E+00,0.0000E+00,0.0000E+00,70.1147E+00,70.4848E+00,70.4249E+00,105.471E+00,106.000E+00,105.493E+00,-104.147E+00,-104.833E+00,-104.650E+00,37.679E+00,37.658E+00,37.482E+00,+99999.9E+99,+99999.9E+99,+99999.9E+99,0.330E+00,11.9662E+00,11.8083E+00,12.0932E+00,11.9559E+00,10.4753E+00,10.4051E+00,10.6045E+00,10.4950E+00,11.9657E+00,11.8083E+00,12.0932E+00,-0.1042E+00,0.0000E+00,0.0000E+00,15.1172E+00,14.5221E+00,14.5461E+00,27.5805E+00,27.1357E+00,28.6110E+00,-26.1581E+00,-27.1600E+00,-26.7609E+00,39.227E+00,40.701E+00,40.488E+00,+99999.9E+99,+99999.9E+99,+99999.9E+99,2.809E+00,0.35881E+03,0.36154E+03,0.37407E+03,1.09442E+03,0.53817E+03,0.50811E+03,0.52793E+03,1.57421E+03,0.53451E+03,0.52893E+03,0.54251E+03,1.60596E+03,0.61101E+03,0.58512E+03,0.59105E+03,1.78677E+03,-0.39618E+03,-0.38609E+03,-0.39292E+03,-1.17519E+03,-0.28933E+03,-0.29016E+03,-0.26575E+03,-0.84524E+03,-0.67129E+00,-0.68352E+00,-0.68952E+00,-0.68147E+00,-0.88078E+00,-0.86839E+00,-0.89321E+00,-0.88103E+00,0.000E+00,119.882E+00,-119.795E+00,58.439E+00,179.581E+00,-63.222E+00,-47.834E+00,-46.881E+00,-46.408E+00,-47.041E+00,202.132E+00,201.579E+00,201.788E+00,90.599E+00,+99999.9E+99,+99999.9E+99,0.00010E+06,-0.00063E+06,0.00000E+00,12.508E+00,0.757E+03,0.00099E+06,43.827E+00,F0F0F
2021/11/30,17:34:15,00000:00:40,700,38003F00,500,1F00,1F00,3F00,99.916E+00,0.000E+00,0.000E+00,110.977E+00,0.000E+00,0.000E+00,0.509E+00,0.000E+00,0.000E+00,99.915E+00,0.000E+00,0.000E+00,0.000E+00,0.000E+00,0.000E+00,100.932E+00,0.000E+00,0.000E+00,98.814E+00,0.000E+00,0.000E+00,20.947E+00,+99999.9E+99,419.523E+00,1.060E+00,+99999.9E+99,+99999.9E+99,11.8897E+00,0.00000E+00,0.00000E+00,12.1835E+00,0.00000E+00,0.00000E+00,4.5875E+00,0.00000E+00,0.00000E+00,10.9690E+00,0.00000E+00,0.00000E+00,4.5733E+00,0.00000E+00,0.00000E+00,18.2229E+00,0.0000E+00,0.0000E+00,4.2074E+00,0.0000E+00,0.0000E+00,7.887E+00,+99999.9E+99,+99999.9E+99,63.887E+00,+99999.9E+99,+99999.9E+99,1.09387E+03,0.00000E+03,0.00000E+03,0.00000E+03,0.00000E+03,0.00000E+03,1.18797E+03,0.00000E+03,0.00000E+03,0.00000E+03,0.00000E+03,0.00000E+03,0.46338E+03,0.00000E+03,0.00000E+03,0.00000E+03,0.00000E+03,0.00000E+03,0.92079E+00,0.00000E+00,0.00000E+00,0.90479E+00,0.65916E+00,0.10097E+00,0.000E+00,-0.350E+00,161.868E+00,154.795E+00,-131.586E+00,-113.927E+00,22.958E+00,90.000E+00,90.000E+00,12.6178E+00,0.00000E+00,0.00000E+00,76.742E+00,100.000E+00,100.000E+00,0.25442E+03,0.00000E+03,0.00000E+03,+99999.9E+99,+99999.9E+99,+99999.9E+99,+99999.9E+99,+99999.9E+99,+99999.9E+99,+99999.9E+99,+99999.9E+99,+99999.9E+99,+99999.9E+99,+99999.9E+99,+99999.9E+99,1B00,0,0,0,1B00,76.5256E+00,76.6517E+00,76.5422E+00,76.5732E+00,72.3568E+00,72.7627E+00,72.4296E+00,72.5164E+00,76.5256E+00,76.6516E+00,76.5422E+00,0.0000E+00,0.0000E+00,0.0000E+00,72.4786E+00,72.2533E+00,72.2291E+00,105.736E+00,106.150E+00,105.837E+00,-104.659E+00,-105.110E+00,-104.477E+00,22.435E+00,21.530E+00,22.057E+00,+99999.9E+99,+99999.9E+99,+99999.9E+99,0.216E+00,9.4837E+00,8.9773E+00,9.1201E+00,9.1937E+00,8.1571E+00,7.7373E+00,7.7778E+00,7.8907E+00,9.4824E+00,8.9745E+00,9.1121E+00,-0.1567E+00,-0.2232E+00,0.3810E+00,7.6746E+00,8.0892E+00,8.3056E+00,26.1657E+00,24.1743E+00,24.9714E+00,-26.4338E+00,-25.1043E+00,-22.4809E+00,52.666E+00,48.544E+00,47.315E+00,+99999.9E+99,+99999.9E+99,+99999.9E+99,4.710E+00,0.28713E+03,0.26903E+03,0.28330E+03,0.83946E+03,0.27183E+03,0.29331E+03,0.29609E+03,0.86123E+03,0.42136E+03,0.39815E+03,0.40452E+03,1.22403E+03,0.31524E+03,0.32585E+03,0.34058E+03,0.98108E+03,-0.30839E+03,-0.29351E+03,-0.28875E+03,-0.89064E+03,-0.15964E+03,-0.14195E+03,-0.16830E+03,-0.46989E+03,-0.68143E+00,-0.67570E+00,-0.70034E+00,-0.68582E+00,-0.86230E+00,-0.90013E+00,-0.86937E+00,-0.87784E+00,0.000E+00,120.118E+00,-120.094E+00,60.322E+00,175.935E+00,-60.368E+00,-47.045E+00,-47.492E+00,-45.545E+00,-46.700E+00,201.716E+00,201.986E+00,202.207E+00,94.659E+00,+99999.9E+99,+99999.9E+99,0.00004E+06,-0.00053E+06,0.00000E+00,10.034E+00,0.756E+03,0.00079E+06,43.764E+00,F0F08
2021/11/30,17:34:15,00000:00:40,750,38003F00,700,1F00,1F00,3F00,99.916E+00,0.000E+00,0.000E+00,110.977E+00,0.000E+00,0.000E+00,0.509E+00,0.000E+00,0.000E+00,99.915E+00,0.000E+00,0.000E+00,0.000E+00,0.000E+00,0.000E+00,100.932E+00,0.000E+00,0.000E+00,98.814E+00,0.000E+00,0.000E+00,20.947E+00,+99999.9E+99,419.523E+00,1.060E+00,+99999.9E+99,+99999.9E+99,11.8897E+00,0.00000E+00,0.00000E+00,12.1835E+00,0.00000E+00,0.00000E+00,4.5875E+00,0.00000E+00,0.00000E+00,10.9690E+00,0.00000E+00,0.00000E+00,4.5733E+00,0.00000E+00,0.00000E+00,18.2229E+00,0.0000E+00,0.0000E+00,4.2074E+00,0.0000E+00,0.0000E+00,7.887E+00,+99999.9E+99,+99999.9E+99,63.887E+00,+99999.9E+99,+99999.9E+99,1.09387E+03,0.00000E+03,0.00000E+03,0.00000E+03,0.00000E+03,0.00000E+03,1.18797E+03,0.00000E+03,0.00000E+03,0.00000E+03,0.00000E+03,0.00000E+03,0.46338E+03,0.00000E+03,0.00000E+03,0.00000E+03,0.00000E+03,0.00000E+03,0.92079E+00,0.00000E+00,0.00000E+00,0.90479E+00,0.65916E+00,0.10097E+00,0.000E+00,-0.350E+00,161.868E+00,154.795E+00,-131.586E+00,-113.927E+00,22.958E+00,90.000E+00,90.000E+00,12.6178E+00,0.00000E+00,0.00000E+00,123.767E+00,100.000E+00,100.000E+00,-0.25998E+03,0.00000E+03,0.00000E+03,+99999.9E+99,+99999.9E+99,+99999.9E+99,+99999.9E+99,+99999.9E+99,+99999.9E+99,+99999.9E+99,+99999.9E+99,+99999.9E+99,+99999.9E+99,+99999.9E+99,+99999.9E+99,1B00,0,0,0,1B00,76.9976E+00,77.4639E+00,77.3341E+00,77.2652E+00,71.7000E+00,72.5788E+00,72.3384E+00,72.2057E+00,76.9976E+00,77.4639E+00,77.3341E+00,0.0000E+00,0.0000E+00,0.0000E+00,72.3142E+00,72.7836E+00,72.6435E+00,105.569E+00,106.047E+00,105.633E+00,-104.950E+00,-104.441E+00,-104.744E+00,20.288E+00,20.474E+00,20.749E+00,+99999.9E+99,+99999.9E+99,+99999.9E+99,0.390E+00,13.9501E+00,13.6277E+00,13.7655E+00,13.7811E+00,13.0275E+00,12.8331E+00,12.8005E+00,12.8871E+00,13.9491E+00,13.6260E+00,13.7601E+00,-0.1703E+00,-0.2150E+00,0.3864E+00,8.0857E+00,7.5031E+00,7.3593E+00,27.6471E+00,27.1995E+00,28.5686E+00,-26.6700E+00,-26.9157E+00,-26.7986E+00,46.837E+00,49.162E+00,50.819E+00,+99999.9E+99,+99999.9E+99,+99999.9E+99,6.882E+00,0.45541E+03,0.44381E+03,0.45464E+03,1.35385E+03,0.29625E+03,0.25895E+03,0.27823E+03,0.83343E+03,0.62847E+03,0.61425E+03,0.62276E+03,1.86548E+03,0.33012E+03,0.29875E+03,0.30134E+03,0.92898E+03,-0.43310E+03,-0.42467E+03,-0.42560E+03,-1.28337E+03,-0.14564E+03,-0.14899E+03,-0.11572E+03,-0.41035E+03,-0.72463E+00,-0.72252E+00,-0.73004E+00,-0.72574E+00,-0.89742E+00,-0.86677E+00,-0.92333E+00,-0.89715E+00,0.000E+00,119.904E+00,-119.724E+00,56.395E+00,179.758E+00,-67.297E+00,-43.562E+00,-43.737E+00,-43.110E+00,-43.470E+00,201.725E+00,201.390E+00,200.961E+00,89.986E+00,+99999.9E+99,+99999.9E+99,0.00014E+06,-0.00077E+06,0.00000E+00,15.362E+00,0.757E+03,0.00122E+06,43.688E+00,F0F08
2021/11/30,17:34:16,00000:00:40,800,38003F00,500,1F00,1F00,3F00,99.916E+00,0.000E+00,0.000E+00,110.977E+00,0.000E+00,0.000E+00,0.509E+00,0.000E+00,0.000E+00,99.915E+00,0.000E+00,0.000E+00,0.000E+00,0.000E+00,0.000E+00,100.932E+00,0.000E+00,0.000E+00,98.814E+00,0.000E+00,0.000E+00,60.909E+00,+99999.9E+99,+99999.9E+99,1.060E+00,+99999.9E+99,+99999.9E+99,11.8897E+00,0.00000E+00,0.00000E+00,12.1835E+00,0.00000E+00,0.00000E+00,4.5875E+00,0.00000E+00,0.00000E+00,10.9690E+00,0.00000E+00,0.00000E+00,4.2003E+00,0.00000E+00,0.00000E+00,18.2229E+00,0.0000E+00,0.0000E+00,4.2074E+00,0.0000E+00,0.0000E+00,42.171E+00,+99999.9E+99,+99999.9E+99,63.887E+00,+99999.9E+99,+99999.9E+99,1.09387E+03,0.00000E+03,0.00000E+03,0.00000E+03,0.00000E+03,0.00000E+03,1.18797E+03,0.00000E+03,0.00000E+03,0.00000E+03,0.00000E+03,0.00000E+03,0.46338E+03,0.00000E+03,0.00000E+03,0.00000E+03,0.00000E+03,0.00000E+03,0.92079E+00,0.00000E+00,0.00000E+00,0.89820E+00,0.80022E+00,0.49221E+00,0.000E+00,68.886E+00,164.361E+00,153.922E+00,-74.265E+00,103.847E+00,22.958E+00,90.000E+00,90.000E+00,12.6178E+00,0.00000E+00,0.00000E+00,92.293E+00,100.000E+00,100.000E+00,0.08430E+03,0.00000E+03,0.00000E+03,+99999.9E+99,+99999.9E+99,+99999.9E+99,+99999.9E+99,+99999.9E+99,+99999.9E+99,+99999.9E+99,+99999.9E+99,+99999.9E+99,+99999.9E+99,+99999.9E+99,+99999.9E+99,1B00,0,0,0,1B00,76.7463E+00,76.8874E+00,76.6772E+00,76.7703E+00,72.2783E+00,72.6433E+00,72.1827E+00,72.3681E+00,76.7463E+00,76.8874E+00,76.6772E+00,0.0000E+00,0.0000E+00,0.0000E+00,70.2726E+00,70.2925E+00,70.1867E+00,105.893E+00,106.081E+00,105.787E+00,-104.281E+00,-104.583E+00,-104.346E+00,38.226E+00,37.961E+00,38.177E+00,+99999.9E+99,+99999.9E+99,+99999.9E+99,0.085E+00,11.2339E+00,11.0110E+00,11.3018E+00,11.1823E+00,9.7030E+00,9.5059E+00,9.7341E+00,9.6477E+00,11.2332E+00,11.0110E+00,11.3010E+00,-0.1288E+00,0.0000E+00,0.1394E+00,14.7044E+00,14.6240E+00,14.9517E+00,27.8743E+00,27.0705E+00,28.5357E+00,-26.4495E+00,-27.2071E+00,-26.6148E+00,40.874E+00,40.749E+00,39.483E+00,+99999.9E+99,+99999.9E+99,+99999.9E+99,1.418E+00,0.33310E+03,0.33046E+03,0.34601E+03,1.00957E+03,0.51565E+03,0.51904E+03,0.52992E+03,1.56461E+03,0.50130E+03,0.49182E+03,0.50460E+03,1.49772E+03,0.59459E+03,0.59058E+03,0.60432E+03,1.78939E+03,-0.37463E+03,-0.36425E+03,-0.36729E+03,-1.10617E+03,-0.29604E+03,-0.28174E+03,-0.29050E+03,-0.86828E+03,-0.66447E+00,-0.67192E+00,-0.68570E+00,-0.67407E+00,-0.86724E+00,-0.87887E+00,-0.87689E+00,-0.87438E+00,0.000E+00,120.078E+00,-119.949E+00,59.868E+00,178.528E+00,-61.182E+00,-48.358E+00,-47.784E+00,-46.709E+00,-47.618E+00,201.957E+00,202.349E+00,202.586E+00,91.127E+00,+99999.9E+99,+99999.9E+99,0.00009E+06,-0.00059E+06,0.00000E+00,11.608E+00,0.757E+03,0.00092E+06,43.789E+00,F0F08
2021/11/30,17:34:16,00000:00:40,850,38003A00,2A00,3800,3800,3800,99.867E+00,0.000E+00,0.000E+00,110.923E+00,0.000E+00,0.000E+00,0.510E+00,0.000E+00,0.000E+00,99.866E+00,0.000E+00,0.000E+00,0.000E+00,0.000E+00,0.000E+00,100.936E+00,0.000E+00,0.000E+00,98.782E+00,0.000E+00,0.000E+00,60.909E+00,+99999.9E+99,+99999.9E+99,1.078E+00,+99999.9E+99,+99999.9E+99,12.1014E+00,0.00000E+00,0.00000E+00,12.3874E+00,0.00000E+00,0.00000E+00,4.6972E+00,0.00000E+00,0.00000E+00,11.1526E+00,0.00000E+00,0.00000E+00,4.2003E+00,0.00000E+00,0.00000E+00,18.2802E+00,0.0000E+00,0.0000E+00,3.9443E+00,0.0000E+00,0.0000E+00,42.171E+00,+99999.9E+99,+99999.9E+99,64.272E+00,+99999.9E+99,+99999.9E+99,1.11160E+03,0.00000E+03,0.00000E+03,0.00000E+03,0.00000E+03,0.00000E+03,1.20853E+03,0.00000E+03,0.00000E+03,0.00000E+03,0.00000E+03,0.00000E+03,0.47422E+03,0.00000E+03,0.00000E+03,0.00000E+03,0.00000E+03,0.00000E+03,0.91980E+00,0.00000E+00,0.00000E+00,0.89820E+00,0.80022E+00,0.49221E+00,0.000E+00,68.886E+00,164.361E+00,153.922E+00,-74.265E+00,103.847E+00,23.104E+00,90.000E+00,90.000E+00,0.00000E+00,0.00000E+00,0.00000E+00,77.306E+00,100.000E+00,100.000E+00,0.25227E+03,0.00000E+03,0.00000E+03,+99999.9E+99,+99999.9E+99,+99999.9E+99,+99999.9E+99,+99999.9E+99,+99999.9E+99,+99999.9E+99,+99999.9E+99,+99999.9E+99,+99999.9E+99,+99999.9E+99,+99999.9E+99,1B00,0,0,0,1B00,76.5443E+00,76.6553E+00,76.5636E+00,76.5877E+00,72.4243E+00,72.8116E+00,72.5109E+00,72.5823E+00,76.5443E+00,76.6553E+00,76.5636E+00,0.0000E+00,0.0000E+00,0.0000E+00,73.0694E+00,73.0586E+00,72.9447E+00,105.873E+00,106.083E+00,105.657E+00,-104.286E+00,-105.190E+00,-104.923E+00,15.388E+00,15.215E+00,15.354E+00,+99999.9E+99,+99999.9E+99,+99999.9E+99,0.113E+00,9.5846E+00,9.0807E+00,9.2193E+00,9.2948E+00,8.2957E+00,7.8712E+00,7.9084E+00,8.0251E+00,9.5834E+00,9.0770E+00,9.2102E+00,-0.1509E+00,-0.2570E+00,0.4090E+00,5.2156E+00,5.1250E+00,5.5377E+00,26.1071E+00,24.1395E+00,25.1271E+00,-26.6043E+00,-25.4924E+00,-22.5057E+00,58.520E+00,57.663E+00,53.470E+00,+99999.9E+99,+99999.9E+99,+99999.9E+99,3.612E+00,0.29401E+03,0.27534E+03,0.28999E+03,0.85933E+03,0.18529E+03,0.19140E+03,0.19901E+03,0.57571E+03,0.42620E+03,0.40301E+03,0.40919E+03,1.23840E+03,0.21473E+03,0.21415E+03,0.22592E+03,0.65458E+03,-0.30856E+03,-0.29429E+03,-0.28869E+03,-0.89154E+03,-0.10852E+03,-0.09606E+03,-0.10692E+03,-0.31150E+03,-0.68984E+00,-0.68321E+00,-0.70869E+00,-0.69391E+00,-0.86290E+00,-0.89376E+00,-0.88091E+00,-0.87951E+00,0.000E+00,120.104E+00,-119.959E+00,60.348E+00,176.706E+00,-61.654E+00,-46.383E+00,-46.905E+00,-44.872E+00,-46.060E+00,202.030E+00,201.411E+00,201.418E+00,94.542E+00,+99999.9E+99,+99999.9E+99,0.00005E+06,-0.00054E+06,0.00000E+00,10.256E+00,0.756E+03,0.00081E+06,43.833E+00,F0F08
2021/11/30,17:34:16,00000:00:40,900,38003F00,2D00,3F00,3F00,3F00,99.867E+00,0.000E+00,0.000E+00,110.923E+00,0.000E+00,0.000E+00,0.510E+00,0.000E+00,0.000E+00,99.866E+00,0.000E+00,0.000E+00,0.000E+00,0.000E+00,0.000E+00,100.936E+00,0.000E+00,0.000E+00,98.782E+00,0.000E+00,0.000E+00,35.493E+00,383.833E+00,464.039E+00,1.078E+00,+99999.9E+99,+99999.9E+99,12.1014E+00,0.00000E+00,0.00000E+00,12.3874E+00,0.00000E+00,0.00000E+00,4.6972E+00,0.00000E+00,0.00000E+00,11.1526E+00,0.00000E+00,0.00000E+00,4.1493E+00,0.00000E+00,0.00000E+00,18.2802E+00,0.0000E+00,0.0000E+00,3.9443E+00,0.0000E+00,0.0000E+00,45.189E+00,+99999.9E+99,+99999.9E+99,64.272E+00,+99999.9E+99,+99999.9E+99,1.11160E+03,0.00000E+03,0.00000E+03,0.00000E+03,0.00000E+03,0.00000E+03,1.20853E+03,0.00000E+03,0.00000E+03,0.00000E+03,0.00000E+03,0.00000E+03,0.47422E+03,0.00000E+03,0.00000E+03,0.00000E+03,0.00000E+03,0.00000E+03,0.91980E+00,0.00000E+00,0.00000E+00,0.93011E+00,0.16316E+00,0.05638E+00,0.000E+00,17.612E+00,-178.508E+00,158.452E+00,-62.998E+00,94.724E+00,23.104E+00,90.000E+00,90.000E+00,0.00000E+00,0.00000E+00,0.00000E+00,121.785E+00,100.000E+00,100.000E+00,-0.24216E+03,0.00000E+03,0.00000E+03,+99999.9E+99,+99999.9E+99,+99999.9E+99,+99999.9E+99,+99999.9E+99,+99999.9E+99,+99999.9E+99,+99999.9E+99,+99999.9E+99,+99999.9E+99,+99999.9E+99,+99999.9E+99,1B00,0,0,0,1B00,77.0242E+00,77.4670E+00,77.3498E+00,77.2803E+00,71.7276E+00,72.5780E+00,72.3414E+00,72.2157E+00,77.0242E+00,77.4670E+00,77.3498E+00,0.0000E+00,0.0000E+00,0.0000E+00,71.7487E+00,72.3144E+00,72.1044E+00,105.746E+00,106.120E+00,105.597E+00,-105.046E+00,-104.410E+00,-104.324E+00,25.270E+00,25.522E+00,25.423E+00,+99999.9E+99,+99999.9E+99,+99999.9E+99,0.453E+00,13.9520E+00,13.6223E+00,13.7604E+00,13.7782E+00,13.0402E+00,12.8404E+00,12.8003E+00,12.8936E+00,13.9512E+00,13.6200E+00,13.7544E+00,-0.1521E+00,-0.2520E+00,0.4051E+00,10.1583E+00,9.3122E+00,9.4570E+00,27.5557E+00,27.1576E+00,28.4300E+00,-26.6971E+00,-27.0114E+00,-26.7405E+00,44.042E+00,46.775E+00,47.120E+00,+99999.9E+99,+99999.9E+99,+99999.9E+99,6.666E+00,0.45568E+03,0.44350E+03,0.45457E+03,1.35376E+03,0.37071E+03,0.32536E+03,0.34984E+03,1.04592E+03,0.62894E+03,0.61417E+03,0.62261E+03,1.86571E+03,0.41435E+03,0.37630E+03,0.38002E+03,1.16919E+03,-0.43349E+03,-0.42487E+03,-0.42544E+03,-1.28380E+03,-0.18509E+03,-0.18905E+03,-0.14841E+03,-0.52254E+03,-0.72453E+00,-0.72211E+00,-0.73011E+00,-0.72560E+00,-0.89469E+00,-0.86464E+00,-0.92059E+00,-0.89457E+00,0.000E+00,119.926E+00,-119.653E+00,56.788E+00,179.993E+00,-66.831E+00,-43.570E+00,-43.771E+00,-43.104E+00,-43.481E+00,201.422E+00,202.238E+00,201.995E+00,90.151E+00,+99999.9E+99,+99999.9E+99,0.00013E+06,-0.00078E+06,0.00000E+00,15.383E+00,0.758E+03,0.00122E+06,43.582E+00,F0F08
2021/11/30,17:34:16,00000:00:40,950,38003F00,2800,3B00,3B00,3F00,100.038E+00,0.000E+00,0.000E+00,111.113E+00,0.000E+00,0.000E+00,0.498E+00,0.000E+00,0.000E+00,100.037E+00,0.000E+00,0.000E+00,0.000E+00,0.000E+00,0.000E+00,100.925E+00,0.000E+00,0.000E+00,98.811E+00,0.000E+00,0.000E+00,35.493E+00,383.833E+00,464.039E+00,1.057E+00,+99999.9E+99,+99999.9E+99,11.2314E+00,0.00000E+00,0.00000E+00,11.4690E+00,0.00000E+00,0.00000E+00,4.4185E+00,0.00000E+00,0.00000E+00,10.3258E+00,0.00000E+00,0.00000E+00,4.1493E+00,0.00000E+00,0.00000E+00,18.1493E+00,0.0000E+00,0.0000E+00,3.9433E+00,0.0000E+00,0.0000E+00,45.189E+00,+99999.9E+99,+99999.9E+99,68.789E+00,+99999.9E+99,+99999.9E+99,1.03099E+03,0.00000E+03,0.00000E+03,0.00000E+03,0.00000E+03,0.00000E+03,1.12357E+03,0.00000E+03,0.00000E+03,0.00000E+03,0.00000E+03,0.00000E+03,-0.44663E+03,0.00000E+03,0.00000E+03,0.00000E+03,0.00000E+03,0.00000E+03,-0.91760E+00,0.00000E+00,0.00000E+00,0.93011E+00,0.16316E+00,0.05638E+00,0.000E+00,17.612E+00,-178.508E+00,158.452E+00,-62.998E+00,94.724E+00,-23.422E+00,90.000E+00,90.000E+00,9.32796E+00,0.00000E+00,0.00000E+00,82.572E+00,100.000E+00,100.000E+00,0.17969E+03,0.00000E+03,0.00000E+03,+99999.9E+99,+99999.9E+99,+99999.9E+99,+99999.9E+99,+99999.9E+99,+99999.9E+99,+99999.9E+99,+99999.9E+99,+99999.9E+99,+99999.9E+99,+99999.9E+99,+99999.9E+99,1B00,0,0,0,1B00,76.7143E+00,76.6707E+00,76.3919E+00,76.5923E+00,72.5382E+00,72.6427E+00,72.0028E+00,72.3946E+00,76.7143E+00,76.6707E+00,76.3919E+00,0.0000E+00,0.0000E+00,0.0000E+00,70.7729E+00,70.6751E+00,70.5187E+00,105.669E+00,105.966E+00,105.840E+00,-104.654E+00,-104.197E+00,-105.180E+00,35.741E+00,35.271E+00,35.707E+00,+99999.9E+99,+99999.9E+99,+99999.9E+99,0.211E+00,9.6493E+00,9.2264E+00,9.8379E+00,9.5712E+00,8.2913E+00,7.9257E+00,8.3346E+00,8.1839E+00,9.6488E+00,9.2264E+00,9.8379E+00,-0.1023E+00,0.0000E+00,0.0000E+00,13.3695E+00,13.4206E+00,13.9723E+00,26.4376E+00,24.7962E+00,27.1005E+00,-25.5662E+00,-23.3881E+00,-26.7757E+00,42.936E+00,42.182E+00,40.283E+00,+99999.9E+99,+99999.9E+99,+99999.9E+99,2.538E+00,0.27859E+03,0.27625E+03,0.29647E+03,0.85130E+03,0.46549E+03,0.48107E+03,0.48962E+03,1.43618E+03,0.42917E+03,0.41060E+03,0.43647E+03,1.27624E+03,0.54101E+03,0.54448E+03,0.56198E+03,1.64716E+03,-0.32646E+03,-0.30377E+03,-0.32033E+03,-0.95056E+03,-0.27570E+03,-0.25502E+03,-0.27585E+03,-0.80657E+03,-0.64914E+00,-0.67280E+00,-0.67924E+00,-0.66704E+00,-0.86041E+00,-0.88353E+00,-0.87124E+00,-0.87191E+00,0.000E+00,120.185E+00,-119.986E+00,60.584E+00,178.047E+00,-60.469E+00,-49.524E+00,-47.717E+00,-47.216E+00,-48.161E+00,202.405E+00,201.733E+00,202.127E+00,92.375E+00,+99999.9E+99,+99999.9E+99,0.00006E+06,-0.00051E+06,0.00000E+00,9.924E+00,0.757E+03,0.00079E+06,43.922E+00,F0F08
2021/11/30,17:34:16,00000:00:41,0,38003F00,0,1B00,1B00,3F00,99.933E+00,0.000E+00,0.000E+00,110.996E+00,0.000E+00,0.000E+00,0.526E+00,0.000E+00,0.000E+00,99.932E+00,0.000E+00,0.000E+00,0.000E+00,0.000E+00,0.000E+00,100.939E+00,0.000E+00,0.000E+00,98.789E+00,0.000E+00,0.000E+00,106.873E+00,400.748E+00,+99999.9E+99,1.076E+00,+99999.9E+99,+99999.9E+99,11.7762E+00,0.00000E+00,0.00000E+00,11.9718E+00,0.00000E+00,0.00000E+00,4.7440E+00,0.00000E+00,0.00000E+00,10.7784E+00,0.00000E+00,0.00000E+00,3.0677E+00,0.00000E+00,0.00000E+00,18.3352E+00,0.0000E+00,0.0000E+00,3.6167E+00,0.0000E+00,0.0000E+00,104.524E+00,+99999.9E+99,+99999.9E+99,68.278E+00,+99999.9E+99,+99999.9E+99,1.07487E+03,0.00000E+03,0.00000E+03,0.00000E+03,0.00000E+03,0.00000E+03,1.17683E+03,0.00000E+03,0.00000E+03,0.00000E+03,0.00000E+03,0.00000E+03,0.47916E+03,0.00000E+03,0.00000E+03,0.00000E+03,0.00000E+03,0.00000E+03,0.91335E+00,0.00000E+00,0.00000E+00,0.82049E+00,0.17523E+00,0.59702E+00,0.000E+00,-127.255E+00,169.231E+00,145.134E+00,132.653E+00,42.574E+00,24.027E+00,90.000E+00,90.000E+00,12.6158E+00,0.00000E+00,0.00000E+00,98.254E+00,100.000E+00,100.000E+00,0.01877E+03,0.00000E+03,0.00000E+03,+99999.9E+99,+99999.9E+99,+99999.9E+99,+99999.9E+99,+99999.9E+99,+99999.9E+99,+99999.9E+99,+99999.9E+99,+99999.9E+99,+99999.9E+99,+99999.9E+99,+99999.9E+99,1B00,0,0,0,1B00,76.5205E+00,77.0284E+00,77.0162E+00,76.8550E+00,71.8641E+00,72.8060E+00,72.7814E+00,72.4838E+00,76.5205E+00,77.0284E+00,77.0162E+00,0.0000E+00,0.0000E+00,0.0000E+00,73.1137E+00,73.2260E+00,73.1247E+00,105.866E+00,106.070E+00,105.794E+00,-104.680E+00,-105.073E+00,-104.529E+00,13.560E+00,13.319E+00,13.645E+00,+99999.9E+99,+99999.9E+99,+99999.9E+99,0.101E+00,11.7210E+00,11.5017E+00,11.3070E+00,11.5099E+00,10.1169E+00,9.9966E+00,9.7028E+00,9.9388E+00,11.7198E+00,11.4961E+00,11.2945E+00,-0.1704E+00,-0.3596E+00,0.5310E+00,4.5754E+00,4.3164E+00,4.5595E+00,27.7157E+00,27.1424E+00,28.7038E+00,-26.6152E+00,-27.0924E+00,-26.2705E+00,61.185E+00,62.704E+00,59.161E+00,+99999.9E+99,+99999.9E+99,+99999.9E+99,3.030E+00,0.36250E+03,0.34485E+03,0.34876E+03,1.05610E+03,0.16251E+03,0.15712E+03,0.16706E+03,0.48669E+03,0.52308E+03,0.51290E+03,0.50683E+03,1.54281E+03,0.18956E+03,0.18096E+03,0.18920E+03,0.55959E+03,-0.37710E+03,-0.37967E+03,-0.36775E+03,-1.12453E+03,-0.09759E+03,-0.08977E+03,-0.08881E+03,-0.27617E+03,-0.69301E+00,-0.67234E+00,-0.68812E+00,-0.68453E+00,-0.85729E+00,-0.86828E+00,-0.88298E+00,-0.86973E+00,0.000E+00,120.039E+00,-119.906E+00,61.035E+00,179.735E+00,-61.915E+00,-46.131E+00,-47.752E+00,-46.519E+00,-46.801E+00,201.238E+00,201.958E+00,201.344E+00,92.956E+00,+99999.9E+99,+99999.9E+99,0.00007E+06,-0.00064E+06,0.00000E+00,12.394E+00,0.756E+03,0.00098E+06,43.618E+00,F0F0F
2021/11/30,17:34:16,00000:00:41,50,38003F00,700,1F00,1F00,3F00,99.933E+00,0.000E+00,0.000E+00,110.996E+00,0.000E+00,0.000E+00,0.526E+00,0.000E+00,0.000E+00,99.932E+00,0.000E+00,0.000E+00,0.000E+00,0.000E+00,0.000E+00,100.939E+00,0.000E+00,0.000E+00,98.789E+00,0.000E+00,0.000E+00,106.873E+00,400.748E+00,+99999.9E+99,1.076E+00,+99999.9E+99,+99999.9E+99,11.7762E+00,0.00000E+00,0.00000E+00,11.9718E+00,0.00000E+00,0.00000E+00,4.7440E+00,0.00000E+00,0.00000E+00,10.7784E+00,0.00000E+00,0.00000E+00,3.0677E+00,0.00000E+00,0.00000E+00,18.3352E+00,0.0000E+00,0.0000E+00,3.6167E+00,0.0000E+00,0.0000E+00,104.524E+00,+99999.9E+99,+99999.9E+99,68.278E+00,+99999.9E+99,+99999.9E+99,1.07487E+03,0.00000E+03,0.00000E+03,0.00000E+03,0.00000E+03,0.00000E+03,1.17683E+03,0.00000E+03,0.00000E+03,0.00000E+03,0.00000E+03,0.00000E+03,0.47916E+03,0.00000E+03,0.00000E+03,0.00000E+03,0.00000E+03,0.00000E+03,0.91335E+00,0.00000E+00,0.00000E+00,0.82049E+00,0.17523E+00,0.59702E+00,0.000E+00,-127.255E+00,169.231E+00,145.134E+00,132.653E+00,42.574E+00,24.027E+00,90.000E+00,90.000E+00,12.6158E+00,0.00000E+00,0.00000E+00,120.400E+00,100.000E+00,100.000E+00,-0.21927E+03,0.00000E+03,0.00000E+03,+99999.9E+99,+99999.9E+99,+99999.9E+99,+99999.9E+99,+99999.9E+99,+99999.9E+99,+99999.9E+99,+99999.9E+99,+99999.9E+99,+99999.9E+99,+99999.9E+99,+99999.9E+99,1B00,0,0,0,1B00,77.2141E+00,77.2295E+00,76.9912E+00,77.1449E+00,72.2218E+00,72.4423E+00,71.8651E+00,72.1764E+00,77.2141E+00,77.2295E+00,76.9912E+00,0.0000E+00,0.0000E+00,0.0000E+00,70.4821E+00,71.0462E+00,70.9151E+00,105.370E+00,105.713E+00,105.620E+00,-104.489E+00,-104.679E+00,-104.176E+00,34.707E+00,34.740E+00,34.741E+00,+99999.9E+99,+99999.9E+99,+99999.9E+99,0.483E+00,13.5938E+00,13.1509E+00,13.5495E+00,13.4314E+00,12.5178E+00,12.0906E+00,12.4536E+00,12.3540E+00,13.5929E+00,13.1508E+00,13.5483E+00,-0.1502E+00,0.0000E+00,0.1819E+00,14.0937E+00,13.1943E+00,13.1894E+00,27.5895E+00,27.1671E+00,28.4295E+00,-26.6976E+00,-27.0005E+00,-26.7586E+00,39.663E+00,41.827E+00,41.978E+00,+99999.9E+99,+99999.9E+99,+99999.9E+99,4.237E+00,0.42915E+03,0.42082E+03,0.44417E+03,1.29414E+03,0.50332E+03,0.46204E+03,0.48652E+03,1.45188E+03,0.61265E+03,0.59253E+03,0.60913E+03,1.81430E+03,0.56772E+03,0.53364E+03,0.53863E+03,1.63912E+03,-0.43722E+03,-0.41714E+03,-0.41683E+03,-1.27120E+03,-0.26264E+03,-0.26701E+03,-0.23112E+03,-0.76077E+03,-0.70049E+00,-0.71020E+00,-0.72919E+00,-0.71330E+00,-0.88655E+00,-0.86582E+00,-0.90326E+00,-0.88576E+00,0.000E+00,119.863E+00,-119.672E+00,57.822E+00,179.822E+00,-64.463E+00,-45.534E+00,-44.749E+00,-43.182E+00,-44.496E+00,202.158E+00,201.583E+00,201.946E+00,89.441E+00,+99999.9E+99,+99999.9E+99,0.00014E+06,-0.00074E+06,0.00000E+00,14.590E+00,0.758E+03,0.00116E+06,43.787E+00,F0F0F
2021/11/30,17:34:16,00000:00:41,100,38003D00,500,1C00,1C00,3800,99.933E+00,0.000E+00,0.000E+00,110.996E+00,0.000E+00,0.000E+00,0.526E+00,0.000E+00,0.000E+00,99.932E+00,0.000E+00,0.000E+00,0.000E+00,0.000E+00,0.000E+00,100.939E+00,0.000E+00,0.000E+00,98.789E+00,0.000E+00,0.000E+00,20.338E+00,+99999.9E+99,456.562E+00,1.076E+00,+99999.9E+99,+99999.9E+99,11.7762E+00,0.00000E+00,0.00000E+00,11.9718E+00,0.00000E+00,0.00000E+00,4.7440E+00,0.00000E+00,0.00000E+00,10.7784E+00,0.00000E+00,0.00000E+00,4.7884E+00,0.00000E+00,0.00000E+00,18.3352E+00,0.0000E+00,0.0000E+00,3.6167E+00,0.0000E+00,0.0000E+00,11.636E+00,+99999.9E+99,+99999.9E+99,68.278E+00,+99999.9E+99,+99999.9E+99,1.07487E+03,0.00000E+03,0.00000E+03,0.00000E+03,0.00000E+03,0.00000E+03,1.17683E+03,0.00000E+03,0.00000E+03,0.00000E+03,0.00000E+03,0.00000E+03,0.47916E+03,0.00000E+03,0.00000E+03,0.00000E+03,0.00000E+03,0.00000E+03,0.91335E+00,0.00000E+00,0.00000E+00,0.91622E+00,0.14658E+00,0.99197E+00,0.000E+00,-13.025E+00,171.533E+00,156.379E+00,-94.597E+00,164.269E+00,24.027E+00,90.000E+00,90.000E+00,12.6158E+00,0.00000E+00,0.00000E+00,72.022E+00,100.000E+00,100.000E+00,0.30073E+03,0.00000E+03,0.00000E+03,+99999.9E+99,+99999.9E+99,+99999.9E+99,+99999.9E+99,+99999.9E+99,+99999.9E+99,+99999.9E+99,+99999.9E+99,+99999.9E+99,+99999.9E+99,+99999.9E+99,+99999.9E+99,1B00,0,0,0,1B00,76.3070E+00,76.6504E+00,76.5310E+00,76.4961E+00,72.2212E+00,72.8920E+00,72.6629E+00,72.5920E+00,76.3070E+00,76.6504E+00,76.5310E+00,0.0000E+00,0.0000E+00,0.0000E+00,71.9305E+00,71.7879E+00,71.7017E+00,105.894E+00,106.111E+00,105.650E+00,-104.970E+00,-104.751E+00,-105.134E+00,27.097E+00,26.065E+00,26.880E+00,+99999.9E+99,+99999.9E+99,+99999.9E+99,0.187E+00,8.2452E+00,8.1853E+00,8.1249E+00,8.1851E+00,7.3415E+00,7.2960E+00,7.2250E+00,7.2875E+00,8.2445E+00,8.1842E+00,8.1213E+00,-0.1027E+00,-0.1376E+00,0.2412E+00,9.6931E+00,9.8613E+00,10.2435E+00,22.2652E+00,20.7543E+00,20.3057E+00,-18.6562E+00,-19.2019E+00,-19.8629E+00,48.596E+00,46.106E+00,44.508E+00,+99999.9E+99,+99999.9E+99,+99999.9E+99,4.422E+00,0.26019E+03,0.25393E+03,0.26001E+03,0.77414E+03,0.33414E+03,0.35836E+03,0.36314E+03,1.05564E+03,0.36503E+03,0.36264E+03,0.36084E+03,1.08851E+03,0.38957E+03,0.40065E+03,0.41898E+03,1.20856E+03,-0.25602E+03,-0.25890E+03,-0.25019E+03,-0.76511E+03,-0.20028E+03,-0.17916E+03,-0.20898E+03,-0.58842E+03,-0.71280E+00,-0.70022E+00,-0.72059E+00,-0.71119E+00,-0.85772E+00,-0.89445E+00,-0.86672E+00,-0.87347E+00,0.000E+00,120.146E+00,-120.023E+00,60.873E+00,176.667E+00,-59.996E+00,-44.537E+00,-45.555E+00,-43.897E+00,-44.668E+00,201.766E+00,202.037E+00,202.028E+00,95.052E+00,+99999.9E+99,+99999.9E+99,0.00004E+06,-0.00048E+06,0.00000E+00,9.292E+00,0.756E+03,0.00074E+06,43.780E+00,F0F08
2021/11/30,17:34:16,00000:00:41,150,38003F00,700,1F00,1F00,3F00,99.933E+00,0.000E+00,0.000E+00,110.996E+00,0.000E+00,0.000E+00,0.526E+00,0.000E+00,0.000E+00,99.932E+00,0.000E+00,0.000E+00,0.000E+00,0.000E+00,0.000E+00,100.939E+00,0.000E+00,0.000E+00,98.789E+00,0.000E+00,0.000E+00,65.778E+00,276.092E+00,448.570E+00,1.076E+00,+99999.9E+99,+99999.9E+99,11.7762E+00,0.00000E+00,0.00000E+00,11.9718E+00,0.00000E+00,0.00000E+00,4.7440E+00,0.00000E+00,0.00000E+00,10.7784E+00,0.00000E+00,0.00000E+00,4.0269E+00,0.00000E+00,0.00000E+00,18.3352E+00,0.0000E+00,0.0000E+00,3.6167E+00,0.0000E+00,0.0000E+00,47.785E+00,+99999.9E+99,+99999.9E+99,68.278E+00,+99999.9E+99,+99999.9E+99,1.07487E+03,0.00000E+03,0.00000E+03,0.00000E+03,0.00000E+03,0.00000E+03,1.17683E+03,0.00000E+03,0.00000E+03,0.00000E+03,0.00000E+03,0.00000E+03,0.47916E+03,0.00000E+03,0.00000E+03,0.00000E+03,0.00000E+03,0.00000E+03,0.91335E+00,0.00000E+00,0.00000E+00,0.89279E+00,0.78480E+00,0.75847E+00,0.000E+00,80.129E+00,157.068E+00,153.226E+00,41.831E+00,116.397E+00,24.027E+00,90.000E+00,90.000E+00,12.6158E+00,0.00000E+00,0.00000E+00,116.730E+00,100.000E+00,100.000E+00,-0.17983E+03,0.00000E+03,0.00000E+03,+99999.9E+99,+99999.9E+99,+99999.9E+99,+99999.9E+99,+99999.9E+99,+99999.9E+99,+99999.9E+99,+99999.9E+99,+99999.9E+99,+99999.9E+99,+99999.9E+99,+99999.9E+99,1B00,0,0,0,1B00,77.0981E+00,77.1782E+00,77.1011E+00,77.1258E+00,72.1755E+00,72.5234E+00,72.2496E+00,72.3162E+00,77.0981E+00,77.1782E+00,77.1011E+00,0.0000E+00,0.0000E+00,0.0000E+00,72.7262E+00,73.1560E+00,73.0221E+00,105.726E+00,106.031E+00,105.771E+00,-104.367E+00,-105.090E+00,-104.463E+00,16.288E+00,16.373E+00,16.773E+00,+99999.9E+99,+99999.9E+99,+99999.9E+99,0.355E+00,13.3697E+00,12.9211E+00,13.1120E+00,13.1343E+00,12.1772E+00,11.7177E+00,11.7775E+00,11.8908E+00,13.3682E+00,12.9178E+00,13.1026E+00,-0.2026E+00,-0.2925E+00,0.4960E+00,6.4428E+00,5.7466E+00,5.6364E+00,27.5605E+00,27.1362E+00,28.6733E+00,-26.4562E+00,-27.0410E+00,-26.7090E+00,49.664E+00,54.423E+00,55.137E+00,+99999.9E+99,+99999.9E+99,+99999.9E+99,7.337E+00,0.42629E+03,0.40572E+03,0.42269E+03,1.25470E+03,0.23146E+03,0.20047E+03,0.21722E+03,0.64915E+03,0.60214E+03,0.58067E+03,0.58895E+03,1.77176E+03,0.25900E+03,0.23246E+03,0.23533E+03,0.72571E+03,-0.42527E+03,-0.41541E+03,-0.41012E+03,-1.25079E+03,-0.11622E+03,-0.11769E+03,-0.09054E+03,-0.32445E+03,-0.70796E+00,-0.69871E+00,-0.71770E+00,-0.70816E+00,-0.89367E+00,-0.86237E+00,-0.92303E+00,-0.89450E+00,0.000E+00,119.925E+00,-119.739E+00,56.861E+00,-179.721E+00,-67.249E+00,-44.931E+00,-45.676E+00,-44.135E+00,-44.914E+00,201.822E+00,201.453E+00,201.730E+00,90.533E+00,+99999.9E+99,+99999.9E+99,0.00012E+06,-0.00073E+06,0.00000E+00,14.322E+00,0.757E+03,0.00114E+06,43.710E+00,F0F08
2021/11/30,17:34:16,00000:00:41,200,38003F00,500,1F00,1F00,3F00,99.933E+00,0.000E+00,0.000E+00,110.996E+00,0.000E+00,0.000E+00,0.526E+00,0.000E+00,0.000E+00,99.932E+00,0.000E+00,0.000E+00,0.000E+00,0.000E+00,0.000E+00,100.939E+00,0.000E+00,0.000E+00,98.789E+00,0.000E+00,0.000E+00,65.778E+00,276.092E+00,448.570E+00,1.076E+00,+99999.9E+99,+99999.9E+99,11.7762E+00,0.00000E+00,0.00000E+00,11.9718E+00,0.00000E+00,0.00000E+00,4.7440E+00,0.00000E+00,0.00000E+00,10.7784E+00,0.00000E+00,0.00000E+00,4.0269E+00,0.00000E+00,0.00000E+00,18.3352E+00,0.0000E+00,0.0000E+00,3.6167E+00,0.0000E+00,0.0000E+00,47.785E+00,+99999.9E+99,+99999.9E+99,68.278E+00,+99999.9E+99,+99999.9E+99,1.07487E+03,0.00000E+03,0.00000E+03,0.00000E+03,0.00000E+03,0.00000E+03,1.17683E+03,0.00000E+03,0.00000E+03,0.00000E+03,0.00000E+03,0.00000E+03,0.47916E+03,0.00000E+03,0.00000E+03,0.00000E+03,0.00000E+03,0.00000E+03,0.91335E+00,0.00000E+00,0.00000E+00,0.89279E+00,0.78480E+00,0.75847E+00,0.000E+00,80.129E+00,157.068E+00,153.226E+00,41.831E+00,116.397E+00,24.027E+00,90.000E+00,90.000E+00,12.6158E+00,0.00000E+00,0.00000E+00,99.396E+00,100.000E+00,100.000E+00,0.00649E+03,0.00000E+03,0.00000E+03,+99999.9E+99,+99999.9E+99,+99999.9E+99,+99999.9E+99,+99999.9E+99,+99999.9E+99,+99999.9E+99,+99999.9E+99,+99999.9E+99,+99999.9E+99,+99999.9E+99,+99999.9E+99,1B00,0,0,0,1B00,76.7500E+00,77.1133E+00,76.8265E+00,76.8966E+00,71.9852E+00,72.6439E+00,72.1230E+00,72.2507E+00,76.7500E+00,77.1133E+00,76.8264E+00,0.0000E+00,0.0000E+00,0.0000E+00,70.0538E+00,70.2739E+00,70.1840E+00,105.227E+00,105.914E+00,105.536E+00,-104.270E+00,-104.679E+00,-104.361E+00,38.975E+00,38.752E+00,38.822E+00,+99999.9E+99,+99999.9E+99,+99999.9E+99,0.189E+00,11.8277E+00,11.6497E+00,11.9452E+00,11.8075E+00,10.3278E+00,10.2436E+00,10.4458E+00,10.3391E+00,11.8270E+00,11.6497E+00,11.9447E+00,-0.1253E+00,0.0000E+00,0.1010E+00,15.3271E+00,14.9399E+00,15.1380E+00,27.6571E+00,27.0809E+00,28.5524E+00,-26.3233E+00,-27.2219E+00,-26.5471E+00,39.585E+00,40.478E+00,39.556E+00,+99999.9E+99,+99999.9E+99,+99999.9E+99,1.574E+00,0.35040E+03,0.35258E+03,0.36540E+03,1.06838E+03,0.54032E+03,0.52547E+03,0.54158E+03,1.60738E+03,0.52813E+03,0.52182E+03,0.53589E+03,1.58584E+03,0.61887E+03,0.60290E+03,0.61259E+03,1.83424E+03,-0.39514E+03,-0.38470E+03,-0.39199E+03,-1.17183E+03,-0.30175E+03,-0.29559E+03,-0.28629E+03,-0.88362E+03,-0.66348E+00,-0.67566E+00,-0.68186E+00,-0.67370E+00,-0.87308E+00,-0.87157E+00,-0.88408E+00,-0.87632E+00,0.000E+00,119.975E+00,-119.854E+00,59.287E+00,179.292E+00,-62.058E+00,-48.435E+00,-47.494E+00,-47.011E+00,-47.647E+00,201.973E+00,202.388E+00,201.877E+00,90.704E+00,+99999.9E+99,+99999.9E+99,0.00010E+06,-0.00062E+06,0.00000E+00,12.222E+00,0.757E+03,0.00097E+06,43.766E+00,F0F08
2021/11/30,17:34:16,00000:00:41,250,38003F00,2A00,3B00,3B00,3F00,99.869E+00,0.000E+00,0.000E+00,110.925E+00,0.000E+00,0.000E+00,0.505E+00,0.000E+00,0.000E+00,99.868E+00,0.000E+00,0.000E+00,0.000E+00,0.000E+00,0.000E+00,100.971E+00,0.000E+00,0.000E+00,98.786E+00,0.000E+00,0.000E+00,65.778E+00,276.092E+00,448.570E+00,1.094E+00,+99999.9E+99,+99999.9E+99,12.0578E+00,0.00000E+00,0.00000E+00,12.3622E+00,0.00000E+00,0.00000E+00,4.6385E+00,0.00000E+00,0.00000E+00,11.1299E+00,0.00000E+00,0.00000E+00,4.0269E+00,0.00000E+00,0.00000E+00,18.2560E+00,0.0000E+00,0.0000E+00,4.0219E+00,0.0000E+00,0.0000E+00,47.785E+00,+99999.9E+99,+99999.9E+99,63.945E+00,+99999.9E+99,+99999.9E+99,1.10941E+03,0.00000E+03,0.00000E+03,0.00000E+03,0.00000E+03,0.00000E+03,1.20420E+03,0.00000E+03,0.00000E+03,0.00000E+03,0.00000E+03,0.00000E+03,0.46830E+03,0.00000E+03,0.00000E+03,0.00000E+03,0.00000E+03,0.00000E+03,0.92128E+00,0.00000E+00,0.00000E+00,0.89279E+00,0.78480E+00,0.75847E+00,0.000E+00,80.129E+00,157.068E+00,153.226E+00,41.831E+00,116.397E+00,22.885E+00,90.000E+00,90.000E+00,0.00000E+00,0.00000E+00,0.00000E+00,77.465E+00,100.000E+00,100.000E+00,0.25001E+03,0.00000E+03,0.00000E+03,+99999.9E+99,+99999.9E+99,+99999.9E+99,+99999.9E+99,+99999.9E+99,+99999.9E+99,+99999.9E+99,+99999.9E+99,+99999.9E+99,+99999.9E+99,+99999.9E+99,+99999.9E+99,1B00,0,0,0,1B00,76.5314E+00,76.6527E+00,76.5652E+00,76.5831E+00,72.4132E+00,72.8031E+00,72.5140E+00,72.5768E+00,76.5314E+00,76.6527E+00,76.5652E+00,0.0000E+00,0.0000E+00,0.0000E+00,72.8757E+00,72.7274E+00,72.6512E+00,105.749E+00,106.140E+00,105.783E+00,-104.166E+00,-104.980E+00,-104.637E+00,17.886E+00,17.563E+00,17.617E+00,+99999.9E+99,+99999.9E+99,+99999.9E+99,0.180E+00,9.5654E+00,9.0912E+00,9.2110E+00,9.2892E+00,8.2809E+00,7.8829E+00,7.9070E+00,8.0236E+00,9.5643E+00,9.0876E+00,9.2022E+00,-0.1463E+00,-0.2550E+00,0.4024E+00,5.9298E+00,6.1698E+00,6.6021E+00,26.0667E+00,24.1505E+00,25.2571E+00,-26.3505E+00,-25.4357E+00,-22.4190E+00,58.209E+00,54.482E+00,51.276E+00,+99999.9E+99,+99999.9E+99,+99999.9E+99,4.947E+00,0.29399E+03,0.27599E+03,0.28942E+03,0.85940E+03,0.21018E+03,0.22608E+03,0.23120E+03,0.66746E+03,0.42526E+03,0.40340E+03,0.40885E+03,1.23751E+03,0.24704E+03,0.25301E+03,0.26747E+03,0.76702E+03,-0.30728E+03,-0.29421E+03,-0.28878E+03,-0.89027E+03,-0.12980E+03,-0.11360E+03,-0.13450E+03,-0.37790E+03,-0.69130E+00,-0.68417E+00,-0.70788E+00,-0.69446E+00,-0.85083E+00,-0.89354E+00,-0.86438E+00,-0.87021E+00,0.000E+00,120.130E+00,-120.040E+00,61.628E+00,176.778E+00,-59.751E+00,-46.267E+00,-46.829E+00,-44.937E+00,-46.016E+00,201.995E+00,201.429E+00,202.134E+00,94.311E+00,+99999.9E+99,+99999.9E+99,0.00005E+06,-0.00053E+06,0.00000E+00,10.232E+00,0.756E+03,0.00081E+06,43.828E+00,F0F08
2021/11/30,17:34:16,00000:00:41,300,38003D00,2D00,3C00,3C00,3800,99.869E+00,0.000E+00,0.000E+00,110.925E+00,0.000E+00,0.000E+00,0.505E+00,0.000E+00,0.000E+00,99.868E+00,0.000E+00,0.000E+00,0.000E+00,0.000E+00,0.000E+00,100.971E+00,0.000E+00,0.000E+00,98.786E+00,0.000E+00,0.000E+00,35.946E+00,+99999.9E+99,+99999.9E+99,1.094E+00,+99999.9E+99,+99999.9E+99,12.0578E+00,0.00000E+00,0.00000E+00,12.3622E+00,0.00000E+00,0.00000E+00,4.6385E+00,0.00000E+00,0.00000E+00,11.1299E+00,0.00000E+00,0.00000E+00,4.2005E+00,0.00000E+00,0.00000E+00,18.2560E+00,0.0000E+00,0.0000E+00,4.0219E+00,0.0000E+00,0.0000E+00,43.181E+00,+99999.9E+99,+99999.9E+99,63.945E+00,+99999.9E+99,+99999.9E+99,1.10941E+03,0.00000E+03,0.00000E+03,0.00000E+03,0.00000E+03,0.00000E+03,1.20420E+03,0.00000E+03,0.00000E+03,0.00000E+03,0.00000E+03,0.00000E+03,0.46830E+03,0.00000E+03,0.00000E+03,0.00000E+03,0.00000E+03,0.00000E+03,0.92128E+00,0.00000E+00,0.00000E+00,0.92944E+00,0.75953E+00,0.66308E+00,0.000E+00,32.386E+00,147.366E+00,158.348E+00,72.963E+00,98.902E+00,22.885E+00,90.000E+00,90.000E+00,0.00000E+00,0.00000E+00,0.00000E+00,122.107E+00,100.000E+00,100.000E+00,-0.24526E+03,0.00000E+03,0.00000E+03,+99999.9E+99,+99999.9E+99,+99999.9E+99,+99999.9E+99,+99999.9E+99,+99999.9E+99,+99999.9E+99,+99999.9E+99,+99999.9E+99,+99999.9E+99,+99999.9E+99,+99999.9E+99,1B00,0,0,0,1B00,77.0202E+00,77.4691E+00,77.3331E+00,77.2741E+00,71.7282E+00,72.5908E+00,72.3227E+00,72.2139E+00,77.0202E+00,77.4691E+00,77.3331E+00,0.0000E+00,0.0000E+00,0.0000E+00,71.7612E+00,72.2966E+00,72.1028E+00,105.536E+00,105.879E+00,105.634E+00,-104.896E+00,-104.709E+00,-105.061E+00,25.184E+00,25.593E+00,25.437E+00,+99999.9E+99,+99999.9E+99,+99999.9E+99,0.428E+00,13.9561E+00,13.6195E+00,13.7714E+00,13.7823E+00,13.0434E+00,12.8360E+00,12.8100E+00,12.8964E+00,13.9551E+00,13.6176E+00,13.7658E+00,-0.1595E+00,-0.2311E+00,0.3915E+00,10.1369E+00,9.3292E+00,9.4392E+00,27.5486E+00,27.1300E+00,28.4529E+00,-26.6671E+00,-26.9476E+00,-26.6390E+00,44.059E+00,46.681E+00,47.250E+00,+99999.9E+99,+99999.9E+99,+99999.9E+99,6.507E+00,0.45574E+03,0.44369E+03,0.45523E+03,1.35466E+03,0.37030E+03,0.32605E+03,0.34893E+03,1.04528E+03,0.62899E+03,0.61403E+03,0.62301E+03,1.86603E+03,0.41366E+03,0.37698E+03,0.37946E+03,1.16870E+03,-0.43350E+03,-0.42447E+03,-0.42533E+03,-1.28330E+03,-0.18438E+03,-0.18922E+03,-0.14913E+03,-0.52272E+03,-0.72456E+00,-0.72259E+00,-0.73069E+00,-0.72596E+00,-0.89517E+00,-0.86491E+00,-0.91954E+00,-0.89440E+00,0.000E+00,119.925E+00,-119.675E+00,56.712E+00,179.969E+00,-66.692E+00,-43.568E+00,-43.731E+00,-43.055E+00,-43.451E+00,201.428E+00,202.185E+00,201.112E+00,90.167E+00,+99999.9E+99,+99999.9E+99,0.00013E+06,-0.00078E+06,0.00000E+00,15.397E+00,0.758E+03,0.00122E+06,43.586E+00,F0F08
2021/11/30,17:34:16,00000:00:41,350,38003F00,2800,3B00,3B00,3F00,100.037E+00,0.000E+00,0.000E+00,111.112E+00,0.000E+00,0.000E+00,0.500E+00,0.000E+00,0.000E+00,100.036E+00,0.000E+00,0.000E+00,0.000E+00,0.000E+00,0.000E+00,100.932E+00,0.000E+00,0.000E+00,98.829E+00,0.000E+00,0.000E+00,35.946E+00,+99999.9E+99,+99999.9E+99,1.051E+00,+99999.9E+99,+99999.9E+99,11.2344E+00,0.00000E+00,0.00000E+00,11.4739E+00,0.00000E+00,0.00000E+00,4.4158E+00,0.00000E+00,0.00000E+00,10.3302E+00,0.00000E+00,0.00000E+00,4.2005E+00,0.00000E+00,0.00000E+00,18.1112E+00,0.0000E+00,0.0000E+00,4.0762E+00,0.0000E+00,0.0000E+00,43.181E+00,+99999.9E+99,+99999.9E+99,67.932E+00,+99999.9E+99,+99999.9E+99,1.03142E+03,0.00000E+03,0.00000E+03,0.00000E+03,0.00000E+03,0.00000E+03,1.12386E+03,0.00000E+03,0.00000E+03,0.00000E+03,0.00000E+03,0.00000E+03,-0.44636E+03,0.00000E+03,0.00000E+03,0.00000E+03,0.00000E+03,0.00000E+03,-0.91775E+00,0.00000E+00,0.00000E+00,0.92944E+00,0.75953E+00,0.66308E+00,0.000E+00,32.386E+00,147.366E+00,158.348E+00,72.963E+00,98.902E+00,-23.401E+00,90.000E+00,90.000E+00,9.34656E+00,0.00000E+00,0.00000E+00,83.974E+00,100.000E+00,100.000E+00,0.16530E+03,0.00000E+03,0.00000E+03,+99999.9E+99,+99999.9E+99,+99999.9E+99,+99999.9E+99,+99999.9E+99,+99999.9E+99,+99999.9E+99,+99999.9E+99,+99999.9E+99,+99999.9E+99,+99999.9E+99,+99999.9E+99,1B00,0,0,0,1B00,76.7252E+00,76.6836E+00,76.3908E+00,76.5999E+00,72.5812E+00,72.6936E+00,72.0320E+00,72.4356E+00,76.7252E+00,76.6836E+00,76.3907E+00,0.0000E+00,0.0000E+00,0.0000E+00,70.7631E+00,70.6841E+00,70.5002E+00,105.911E+00,106.090E+00,105.526E+00,-104.779E+00,-104.764E+00,-106.259E+00,35.718E+00,35.226E+00,35.740E+00,+99999.9E+99,+99999.9E+99,+99999.9E+99,0.222E+00,9.6554E+00,9.2335E+00,9.8185E+00,9.5691E+00,8.3940E+00,8.0360E+00,8.4254E+00,8.2851E+00,9.6547E+00,9.2335E+00,9.8185E+00,-0.1178E+00,0.0000E+00,0.0000E+00,13.3742E+00,13.4046E+00,13.9897E+00,26.0548E+00,24.4348E+00,26.7233E+00,-25.0548E+00,-22.8333E+00,-26.2852E+00,42.911E+00,42.204E+00,40.220E+00,+99999.9E+99,+99999.9E+99,+99999.9E+99,2.665E+00,0.28388E+03,0.28127E+03,0.30097E+03,0.86612E+03,0.46536E+03,0.48088E+03,0.49097E+03,1.43721E+03,0.42956E+03,0.41111E+03,0.43568E+03,1.27635E+03,0.54112E+03,0.54384E+03,0.56285E+03,1.64748E+03,-0.32239E+03,-0.29983E+03,-0.31501E+03,-0.93723E+03,-0.27614E+03,-0.25400E+03,-0.27524E+03,-0.80537E+03,-0.66085E+00,-0.68418E+00,-0.69081E+00,-0.67859E+00,-0.85999E+00,-0.88423E+00,-0.87228E+00,-0.87237E+00,0.000E+00,120.202E+00,-119.964E+00,60.640E+00,177.965E+00,-60.565E+00,-48.635E+00,-46.829E+00,-46.306E+00,-47.266E+00,202.127E+00,201.788E+00,202.667E+00,92.250E+00,+99999.9E+99,+99999.9E+99,0.00007E+06,-0.00052E+06,0.00000E+00,10.084E+00,0.757E+03,0.00080E+06,43.849E+00,F0F08
2021/11/30,17:34:16,00000:00:41,400,38003F00,0,1B00,1B00,3F00,99.935E+00,0.000E+00,0.000E+00,110.998E+00,0.000E+00,0.000E+00,0.485E+00,0.000E+00,0.000E+00,99.933E+00,0.000E+00,0.000E+00,0.000E+00,0.000E+00,0.000E+00,100.904E+00,0.000E+00,0.000E+00,98.914E+00,0.000E+00,0.000E+00,105.590E+00,+99999.9E+99,467.949E+00,0.995E+00,+99999.9E+99,+99999.9E+99,11.6095E+00,0.00000E+00,0.00000E+00,11.9527E+00,0.00000E+00,0.00000E+00,4.3565E+00,0.00000E+00,0.00000E+00,10.7612E+00,0.00000E+00,0.00000E+00,3.0654E+00,0.00000E+00,0.00000E+00,17.4393E+00,0.0000E+00,0.0000E+00,4.1967E+00,0.0000E+00,0.0000E+00,104.402E+00,+99999.9E+99,+99999.9E+99,61.530E+00,+99999.9E+99,+99999.9E+99,1.07351E+03,0.00000E+03,0.00000E+03,0.00000E+03,0.00000E+03,0.00000E+03,1.16020E+03,0.00000E+03,0.00000E+03,0.00000E+03,0.00000E+03,0.00000E+03,0.44004E+03,0.00000E+03,0.00000E+03,0.00000E+03,0.00000E+03,0.00000E+03,0.92528E+00,0.00000E+00,0.00000E+00,0.82076E+00,0.70734E+00,0.98679E+00,0.000E+00,-46.371E+00,99.372E+00,145.161E+00,-1.390E+00,108.695E+00,22.289E+00,90.000E+00,90.000E+00,12.6136E+00,0.00000E+00,0.00000E+00,96.853E+00,100.000E+00,100.000E+00,0.03378E+03,0.00000E+03,0.00000E+03,+99999.9E+99,+99999.9E+99,+99999.9E+99,+99999.9E+99,+99999.9E+99,+99999.9E+99,+99999.9E+99,+99999.9E+99,+99999.9E+99,+99999.9E+99,+99999.9E+99,+99999.9E+99,1B00,0,0,0,1B00,76.5061E+00,77.0193E+00,77.0170E+00,76.8474E+00,71.8142E+00,72.7644E+00,72.7537E+00,72.4441E+00,76.5061E+00,77.0192E+00,77.0169E+00,0.0000E+00,0.0000E+00,0.0000E+00,73.1309E+00,73.2360E+00,73.1347E+00,105.779E+00,105.984E+00,105.741E+00,-104.533E+00,-105.234E+00,-104.221E+00,13.954E+00,13.783E+00,14.065E+00,+99999.9E+99,+99999.9E+99,+99999.9E+99,0.095E+00,11.5758E+00,11.3392E+00,11.1469E+00,11.3539E+00,10.0283E+00,9.8990E+00,9.6075E+00,9.8450E+00,11.5746E+00,11.3335E+00,11.1347E+00,-0.1625E+00,-0.3578E+00,0.5213E+00,4.8472E+00,4.5989E+00,4.8210E+00,27.4681E+00,26.7514E+00,28.2814E+00,-26.4771E+00,-26.6248E+00,-25.8181E+00,58.251E+00,59.810E+00,56.406E+00,+99999.9E+99,+99999.9E+99,+99999.9E+99,2.615E+00,0.35744E+03,0.33899E+03,0.34330E+03,1.03972E+03,0.17470E+03,0.17034E+03,0.17946E+03,0.52449E+03,0.51643E+03,0.50543E+03,0.49952E+03,1.52138E+03,0.20037E+03,0.19295E+03,0.20092E+03,0.59414E+03,-0.37274E+03,-0.37489E+03,-0.36287E+03,-1.11050E+03,-0.09813E+03,-0.09064E+03,-0.09036E+03,-0.27913E+03,-0.69214E+00,-0.67069E+00,-0.68725E+00,-0.68341E+00,-0.87187E+00,-0.88280E+00,-0.89317E+00,-0.88277E+00,0.000E+00,120.042E+00,-119.910E+00,59.368E+00,178.016E+00,-63.185E+00,-46.200E+00,-47.880E+00,-46.587E+00,-46.889E+00,201.866E+00,201.917E+00,201.302E+00,92.898E+00,+99999.9E+99,+99999.9E+99,0.00007E+06,-0.00063E+06,0.00000E+00,12.192E+00,0.757E+03,0.00097E+06,43.787E+00,F0F0F
2021/11/30,17:34:16,00000:00:41,450,38003F00,700,1F00,1F00,3F00,99.935E+00,0.000E+00,0.000E+00,110.998E+00,0.000E+00,0.000E+00,0.485E+00,0.000E+00,0.000E+00,99.933E+00,0.000E+00,0.000E+00,0.000E+00,0.000E+00,0.000E+00,100.904E+00,0.000E+00,0.000E+00,98.914E+00,0.000E+00,0.000E+00,20.443E+00,+99999.9E+99,+99999.9E+99,0.995E+00,+99999.9E+99,+99999.9E+99,11.6095E+00,0.00000E+00,0.00000E+00,11.9527E+00,0.00000E+00,0.00000E+00,4.3565E+00,0.00000E+00,0.00000E+00,10.7612E+00,0.00000E+00,0.00000E+00,4.4402E+00,0.00000E+00,0.00000E+00,17.4393E+00,0.0000E+00,0.0000E+00,4.1967E+00,0.0000E+00,0.0000E+00,10.300E+00,+99999.9E+99,+99999.9E+99,61.530E+00,+99999.9E+99,+99999.9E+99,1.07351E+03,0.00000E+03,0.00000E+03,0.00000E+03,0.00000E+03,0.00000E+03,1.16020E+03,0.00000E+03,0.00000E+03,0.00000E+03,0.00000E+03,0.00000E+03,0.44004E+03,0.00000E+03,0.00000E+03,0.00000E+03,0.00000E+03,0.00000E+03,0.92528E+00,0.00000E+00,0.00000E+00,0.91632E+00,0.48690E+00,0.83320E+00,0.000E+00,148.985E+00,170.939E+00,156.394E+00,29.847E+00,24.510E+00,22.289E+00,90.000E+00,90.000E+00,12.6136E+00,0.00000E+00,0.00000E+00,120.005E+00,100.000E+00,100.000E+00,-0.21476E+03,0.00000E+03,0.00000E+03,+99999.9E+99,+99999.9E+99,+99999.9E+99,+99999.9E+99,+99999.9E+99,+99999.9E+99,+99999.9E+99,+99999.9E+99,+99999.9E+99,+99999.9E+99,+99999.9E+99,+99999.9E+99,1B00,0,0,0,1B00,77.2117E+00,77.2242E+00,77.0000E+00,77.1453E+00,72.2067E+00,72.4153E+00,71.8649E+00,72.1623E+00,77.2117E+00,77.2242E+00,77.0000E+00,0.0000E+00,0.0000E+00,0.0000E+00,71.0405E+00,71.7013E+00,71.4855E+00,105.414E+00,105.731E+00,105.606E+00,-104.703E+00,-104.530E+00,-107.916E+00,30.188E+00,30.528E+00,30.402E+00,+99999.9E+99,+99999.9E+99,+99999.9E+99,0.539E+00,13.5542E+00,13.1146E+00,13.5049E+00,13.3912E+00,12.4831E+00,12.0574E+00,12.4155E+00,12.3187E+00,13.5534E+00,13.1146E+00,13.5035E+00,-0.1489E+00,0.0000E+00,0.1930E+00,12.4006E+00,11.2929E+00,11.4432E+00,27.5524E+00,27.1090E+00,28.4290E+00,-26.6619E+00,-27.0386E+00,-26.6271E+00,41.001E+00,44.289E+00,44.087E+00,+99999.9E+99,+99999.9E+99,+99999.9E+99,5.812E+00,0.42731E+03,0.41901E+03,0.44195E+03,1.28827E+03,0.44493E+03,0.39655E+03,0.42337E+03,1.26484E+03,0.61083E+03,0.59077E+03,0.60710E+03,1.80869E+03,0.49967E+03,0.45997E+03,0.46384E+03,1.42206E+03,-0.43648E+03,-0.41647E+03,-0.41622E+03,-1.26917E+03,-0.22739E+03,-0.23307E+03,-0.18949E+03,-0.64996E+03,-0.69956E+00,-0.70925E+00,-0.72798E+00,-0.71226E+00,-0.89045E+00,-0.86212E+00,-0.91274E+00,-0.88944E+00,0.000E+00,119.899E+00,-119.597E+00,57.374E+00,-179.758E+00,-65.686E+00,-45.609E+00,-44.826E+00,-43.283E+00,-44.581E+00,201.469E+00,201.608E+00,201.984E+00,89.661E+00,+99999.9E+99,+99999.9E+99,0.00013E+06,-0.00074E+06,0.00000E+00,14.561E+00,0.758E+03,0.00116E+06,43.601E+00,F0F08
2021/11/30,17:34:16,00000:00:41,500,38003D00,500,1C00,1C00,3800,99.935E+00,0.000E+00,0.000E+00,110.998E+00,0.000E+00,0.000E+00,0.485E+00,0.000E+00,0.000E+00,99.933E+00,0.000E+00,0.000E+00,0.000E+00,0.000E+00,0.000E+00,100.904E+00,0.000E+00,0.000E+00,98.914E+00,0.000E+00,0.000E+00,20.443E+00,+99999.9E+99,+99999.9E+99,0.995E+00,+99999.9E+99,+99999.9E+99,11.6095E+00,0.00000E+00,0.00000E+00,11.9527E+00,0.00000E+00,0.00000E+00,4.3565E+00,0.00000E+00,0.00000E+00,10.7612E+00,0.00000E+00,0.00000E+00,4.4402E+00,0.00000E+00,0.00000E+00,17.4393E+00,0.0000E+00,0.0000E+00,4.1967E+00,0.0000E+00,0.0000E+00,10.300E+00,+99999.9E+99,+99999.9E+99,61.530E+00,+99999.9E+99,+99999.9E+99,1.07351E+03,0.00000E+03,0.00000E+03,0.00000E+03,0.00000E+03,0.00000E+03,1.16020E+03,0.00000E+03,0.00000E+03,0.00000E+03,0.00000E+03,0.00000E+03,0.44004E+03,0.00000E+03,0.00000E+03,0.00000E+03,0.00000E+03,0.00000E+03,0.92528E+00,0.00000E+00,0.00000E+00,0.91632E+00,0.48690E+00,0.83320E+00,0.000E+00,148.985E+00,170.939E+00,156.394E+00,29.847E+00,24.510E+00,22.289E+00,90.000E+00,90.000E+00,12.6136E+00,0.00000E+00,0.00000E+00,69.898E+00,100.000E+00,100.000E+00,0.32314E+03,0.00000E+03,0.00000E+03,+99999.9E+99,+99999.9E+99,+99999.9E+99,+99999.9E+99,+99999.9E+99,+99999.9E+99,+99999.9E+99,+99999.9E+99,+99999.9E+99,+99999.9E+99,+99999.9E+99,+99999.9E+99,1B00,0,0,0,1B00,76.2942E+00,76.6540E+00,76.5053E+00,76.4845E+00,72.1465E+00,72.8479E+00,72.5689E+00,72.5211E+00,76.2942E+00,76.6540E+00,76.5053E+00,0.0000E+00,0.0000E+00,0.0000E+00,71.3136E+00,71.2055E+00,71.0244E+00,105.813E+00,106.149E+00,105.739E+00,-104.741E+00,-104.181E+00,-105.264E+00,31.871E+00,31.105E+00,31.820E+00,+99999.9E+99,+99999.9E+99,+99999.9E+99,0.244E+00,8.0811E+00,8.0279E+00,7.9711E+00,8.0267E+00,7.1917E+00,7.1442E+00,7.0737E+00,7.1365E+00,8.0801E+00,8.0270E+00,7.9674E+00,-0.1218E+00,-0.1218E+00,0.2446E+00,11.7254E+00,11.7249E+00,12.3573E+00,22.1748E+00,20.9971E+00,20.3171E+00,-18.7800E+00,-18.7857E+00,-19.8810E+00,45.165E+00,43.993E+00,41.951E+00,+99999.9E+99,+99999.9E+99,+99999.9E+99,3.494E+00,0.25222E+03,0.24571E+03,0.25244E+03,0.75037E+03,0.40363E+03,0.42496E+03,0.43235E+03,1.26093E+03,0.35747E+03,0.35551E+03,0.35380E+03,1.06678E+03,0.47075E+03,0.47841E+03,0.49760E+03,1.44628E+03,-0.25332E+03,-0.25693E+03,-0.24790E+03,-0.75814E+03,-0.24226E+03,-0.21975E+03,-0.24634E+03,-0.70836E+03,-0.70557E+00,-0.69116E+00,-0.71349E+00,-0.70339E+00,-0.85741E+00,-0.88827E+00,-0.86886E+00,-0.87185E+00,0.000E+00,120.220E+00,-119.972E+00,60.917E+00,177.481E+00,-60.160E+00,-45.124E+00,-46.278E+00,-44.480E+00,-45.300E+00,202.326E+00,201.986E+00,201.922E+00,94.636E+00,+99999.9E+99,+99999.9E+99,0.00004E+06,-0.00046E+06,0.00000E+00,8.968E+00,0.756E+03,0.00071E+06,43.943E+00,F0F08
2021/11/30,17:34:16,00000:00:41,550,38003F00,700,1F00,1F00,3F00,99.935E+00,0.000E+00,0.000E+00,110.998E+00,0.000E+00,0.000E+00,0.485E+00,0.000E+00,0.000E+00,99.933E+00,0.000E+00,0.000E+00,0.000E+00,0.000E+00,0.000E+00,100.904E+00,0.000E+00,0.000E+00,98.914E+00,0.000E+00,0.000E+00,68.684E+00,+99999.9E+99,+99999.9E+99,0.995E+00,+99999.9E+99,+99999.9E+99,11.6095E+00,0.00000E+00,0.00000E+00,11.9527E+00,0.00000E+00,0.00000E+00,4.3565E+00,0.00000E+00,0.00000E+00,10.7612E+00,0.00000E+00,0.00000E+00,4.0003E+00,0.00000E+00,0.00000E+00,17.4393E+00,0.0000E+00,0.0000E+00,4.1967E+00,0.0000E+00,0.0000E+00,50.582E+00,+99999.9E+99,+99999.9E+99,61.530E+00,+99999.9E+99,+99999.9E+99,1.07351E+03,0.00000E+03,0.00000E+03,0.00000E+03,0.00000E+03,0.00000E+03,1.16020E+03,0.00000E+03,0.00000E+03,0.00000E+03,0.00000E+03,0.00000E+03,0.44004E+03,0.00000E+03,0.00000E+03,0.00000E+03,0.00000E+03,0.00000E+03,0.92528E+00,0.00000E+00,0.00000E+00,0.89231E+00,0.79696E+00,0.47828E+00,0.000E+00,7.795E+00,168.391E+00,153.165E+00,-29.365E+00,-73.036E+00,22.289E+00,90.000E+00,90.000E+00,12.6136E+00,0.00000E+00,0.00000E+00,117.807E+00,100.000E+00,100.000E+00,-0.19116E+03,0.00000E+03,0.00000E+03,+99999.9E+99,+99999.9E+99,+99999.9E+99,+99999.9E+99,+99999.9E+99,+99999.9E+99,+99999.9E+99,+99999.9E+99,+99999.9E+99,+99999.9E+99,+99999.9E+99,+99999.9E+99,1B00,0,0,0,1B00,77.0674E+00,77.1927E+00,77.1119E+00,77.1240E+00,72.1314E+00,72.5494E+00,72.2768E+00,72.3192E+00,77.0674E+00,77.1927E+00,77.1119E+00,0.0000E+00,0.0000E+00,0.0000E+00,73.0160E+00,73.2747E+00,73.1377E+00,105.869E+00,106.030E+00,105.743E+00,-104.463E+00,-105.259E+00,-105.069E+00,13.833E+00,13.835E+00,14.016E+00,+99999.9E+99,+99999.9E+99,+99999.9E+99,0.206E+00,13.4488E+00,12.9829E+00,13.1858E+00,13.2058E+00,12.2518E+00,11.7741E+00,11.8450E+00,11.9570E+00,13.4477E+00,12.9789E+00,13.1765E+00,-0.1734E+00,-0.3214E+00,0.4960E+00,4.9800E+00,4.5281E+00,4.6422E+00,27.8619E+00,27.0829E+00,28.5609E+00,-26.6176E+00,-27.1729E+00,-26.6157E+00,56.920E+00,61.291E+00,58.827E+00,+99999.9E+99,+99999.9E+99,+99999.9E+99,4.870E+00,0.42981E+03,0.40839E+03,0.42647E+03,1.26467E+03,0.17837E+03,0.16262E+03,0.17524E+03,0.51622E+03,0.60561E+03,0.58345E+03,0.59264E+03,1.78170E+03,0.20426E+03,0.18855E+03,0.19423E+03,0.58667E+03,-0.42665E+03,-0.41669E+03,-0.41151E+03,-1.25485E+03,-0.09953E+03,-0.09542E+03,-0.08378E+03,-0.27873E+03,-0.70971E+00,-0.69996E+00,-0.71961E+00,-0.70981E+00,-0.87324E+00,-0.86248E+00,-0.90220E+00,-0.87992E+00,0.000E+00,120.009E+00,-119.819E+00,59.279E+00,-179.650E+00,-64.321E+00,-44.789E+00,-45.576E+00,-43.977E+00,-44.780E+00,201.225E+00,201.385E+00,201.667E+00,91.044E+00,+99999.9E+99,+99999.9E+99,0.00011E+06,-0.00074E+06,0.00000E+00,14.526E+00,0.757E+03,0.00115E+06,43.574E+00,F0F08
2021/11/30,17:34:16,00000:00:41,600,38003F00,2800,3B00,3B00,3F00,99.872E+00,0.000E+00,0.000E+00,110.928E+00,0.000E+00,0.000E+00,0.508E+00,0.000E+00,0.000E+00,99.870E+00,0.000E+00,0.000E+00,0.000E+00,0.000E+00,0.000E+00,100.989E+00,0.000E+00,0.000E+00,98.793E+00,0.000E+00,0.000E+00,68.684E+00,+99999.9E+99,+99999.9E+99,1.100E+00,+99999.9E+99,+99999.9E+99,12.0557E+00,0.00000E+00,0.00000E+00,12.3281E+00,0.00000E+00,0.00000E+00,4.7061E+00,0.00000E+00,0.00000E+00,11.0992E+00,0.00000E+00,0.00000E+00,4.0003E+00,0.00000E+00,0.00000E+00,18.2567E+00,0.0000E+00,0.0000E+00,3.9586E+00,0.0000E+00,0.0000E+00,50.582E+00,+99999.9E+99,+99999.9E+99,64.410E+00,+99999.9E+99,+99999.9E+99,1.10632E+03,0.00000E+03,0.00000E+03,0.00000E+03,0.00000E+03,0.00000E+03,1.20402E+03,0.00000E+03,0.00000E+03,0.00000E+03,0.00000E+03,0.00000E+03,0.47512E+03,0.00000E+03,0.00000E+03,0.00000E+03,0.00000E+03,0.00000E+03,0.91885E+00,0.00000E+00,0.00000E+00,0.89231E+00,0.79696E+00,0.47828E+00,0.000E+00,7.795E+00,168.391E+00,153.165E+00,-29.365E+00,-73.036E+00,23.242E+00,90.000E+00,90.000E+00,0.00000E+00,0.00000E+00,0.00000E+00,97.407E+00,100.000E+00,100.000E+00,0.02869E+03,0.00000E+03,0.00000E+03,+99999.9E+99,+99999.9E+99,+99999.9E+99,+99999.9E+99,+99999.9E+99,+99999.9E+99,+99999.9E+99,+99999.9E+99,+99999.9E+99,+99999.9E+99,+99999.9E+99,+99999.9E+99,1B00,0,0,0,1B00,76.7413E+00,77.0972E+00,76.8273E+00,76.8886E+00,71.9784E+00,72.6372E+00,72.1403E+00,72.2519E+00,76.7413E+00,77.0972E+00,76.8273E+00,0.0000E+00,0.0000E+00,0.0000E+00,70.1259E+00,70.4970E+00,70.4271E+00,105.527E+00,106.006E+00,105.574E+00,-104.421E+00,-104.050E+00,-104.436E+00,37.654E+00,37.618E+00,37.487E+00,+99999.9E+99,+99999.9E+99,+99999.9E+99,0.329E+00,11.9161E+00,11.7392E+00,12.0355E+00,11.8969E+00,10.3857E+00,10.2915E+00,10.4985E+00,10.3919E+00,11.9154E+00,11.7392E+00,12.0355E+00,-0.1270E+00,0.0000E+00,0.0000E+00,15.1031E+00,14.5090E+00,14.5422E+00,27.6167E+00,27.1062E+00,28.7267E+00,-26.1719E+00,-26.7695E+00,-26.8267E+00,39.240E+00,40.690E+00,40.472E+00,+99999.9E+99,+99999.9E+99,+99999.9E+99,2.790E+00,0.35338E+03,0.35537E+03,0.36887E+03,1.07763E+03,0.53768E+03,0.50797E+03,0.52795E+03,1.57361E+03,0.53219E+03,0.52569E+03,0.53981E+03,1.59770E+03,0.61046E+03,0.58469E+03,0.59092E+03,1.78568E+03,-0.39793E+03,-0.38738E+03,-0.39412E+03,-1.17943E+03,-0.28907E+03,-0.28953E+03,-0.26544E+03,-0.84404E+03,-0.66401E+00,-0.67601E+00,-0.68334E+00,-0.67449E+00,-0.88078E+00,-0.86879E+00,-0.89344E+00,-0.88124E+00,0.000E+00,119.891E+00,-119.790E+00,58.440E+00,179.538E+00,-63.241E+00,-48.393E+00,-47.468E+00,-46.895E+00,-47.586E+00,202.155E+00,202.310E+00,201.812E+00,90.049E+00,+99999.9E+99,+99999.9E+99,0.00011E+06,-0.00062E+06,0.00000E+00,12.239E+00,0.757E+03,0.00097E+06,43.822E+00,F0F08
2021/11/30,17:34:16,00000:00:41,650,38003F00,2D00,3F00,3F00,3F00,99.872E+00,0.000E+00,0.000E+00,110.928E+00,0.000E+00,0.000E+00,0.508E+00,0.000E+00,0.000E+00,99.870E+00,0.000E+00,0.000E+00,0.000E+00,0.000E+00,0.000E+00,100.989E+00,0.000E+00,0.000E+00,98.793E+00,0.000E+00,0.000E+00,36.572E+00,361.817E+00,368.873E+00,1.100E+00,+99999.9E+99,+99999.9E+99,12.0557E+00,0.00000E+00,0.00000E+00,12.3281E+00,0.00000E+00,0.00000E+00,4.7061E+00,0.00000E+00,0.00000E+00,11.0992E+00,0.00000E+00,0.00000E+00,4.2452E+00,0.00000E+00,0.00000E+00,18.2567E+00,0.0000E+00,0.0000E+00,3.9586E+00,0.0000E+00,0.0000E+00,44.866E+00,+99999.9E+99,+99999.9E+99,64.410E+00,+99999.9E+99,+99999.9E+99,1.10632E+03,0.00000E+03,0.00000E+03,0.00000E+03,0.00000E+03,0.00000E+03,1.20402E+03,0.00000E+03,0.00000E+03,0.00000E+03,0.00000E+03,0.00000E+03,0.47512E+03,0.00000E+03,0.00000E+03,0.00000E+03,0.00000E+03,0.00000E+03,0.91885E+00,0.00000E+00,0.00000E+00,0.92979E+00,0.03210E+00,0.67368E+00,0.000E+00,-86.659E+00,142.673E+00,158.402E+00,-174.819E+00,-169.678E+00,23.242E+00,90.000E+00,90.000E+00,0.00000E+00,0.00000E+00,0.00000E+00,75.742E+00,100.000E+00,100.000E+00,0.26837E+03,0.00000E+03,0.00000E+03,+99999.9E+99,+99999.9E+99,+99999.9E+99,+99999.9E+99,+99999.9E+99,+99999.9E+99,+99999.9E+99,+99999.9E+99,+99999.9E+99,+99999.9E+99,+99999.9E+99,+99999.9E+99,1B00,0,0,0,1B00,76.5317E+00,76.6132E+00,76.5458E+00,76.5636E+00,72.3691E+00,72.6998E+00,72.4401E+00,72.5030E+00,76.5317E+00,76.6132E+00,76.5458E+00,0.0000E+00,0.0000E+00,0.0000E+00,72.4857E+00,72.2410E+00,72.2320E+00,105.840E+00,106.137E+00,105.710E+00,-104.544E+00,-105.126E+00,-104.566E+00,22.362E+00,21.350E+00,21.917E+00,+99999.9E+99,+99999.9E+99,+99999.9E+99,0.224E+00,9.4594E+00,8.9673E+00,9.0894E+00,9.1720E+00,8.1460E+00,7.7463E+00,7.7634E+00,7.8852E+00,9.4581E+00,8.9639E+00,9.0804E+00,-0.1578E+00,-0.2470E+00,0.4058E+00,7.5369E+00,7.9884E+00,8.1788E+00,26.1710E+00,24.1748E+00,25.0457E+00,-26.5209E+00,-25.2633E+00,-22.2633E+00,53.756E+00,49.150E+00,48.040E+00,+99999.9E+99,+99999.9E+99,+99999.9E+99,4.895E+00,0.28707E+03,0.26858E+03,0.28229E+03,0.83794E+03,0.26350E+03,0.28577E+03,0.28787E+03,0.83714E+03,0.42038E+03,0.39755E+03,0.40299E+03,1.22091E+03,0.30816E+03,0.31925E+03,0.33396E+03,0.96075E+03,-0.30710E+03,-0.29310E+03,-0.28759E+03,-0.88779E+03,-0.15979E+03,-0.14234E+03,-0.16930E+03,-0.47143E+03,-0.68289E+00,-0.67559E+00,-0.70050E+00,-0.68633E+00,-0.85506E+00,-0.89511E+00,-0.86197E+00,-0.87133E+00,0.000E+00,120.114E+00,-120.108E+00,61.123E+00,176.589E+00,-59.534E+00,-46.930E+00,-47.500E+00,-45.533E+00,-46.660E+00,201.679E+00,201.338E+00,202.049E+00,95.078E+00,+99999.9E+99,+99999.9E+99,0.00004E+06,-0.00053E+06,0.00000E+00,10.064E+00,0.756E+03,0.00080E+06,43.775E+00,F0F08
2021/11/30,17:34:16,00000:00:41,700,38003A00,2A00,3800,3800,3800,100.017E+00,0.000E+00,0.000E+00,111.089E+00,0.000E+00,0.000E+00,0.514E+00,0.000E+00,0.000E+00,100.016E+00,0.000E+00,0.000E+00,0.000E+00,0.000E+00,0.000E+00,100.971E+00,0.000E+00,0.000E+00,98.857E+00,0.000E+00,0.000E+00,36.572E+00,361.817E+00,368.873E+00,1.057E+00,+99999.9E+99,+99999.9E+99,10.5985E+00,0.00000E+00,0.00000E+00,10.7906E+00,0.00000E+00,0.00000E+00,4.2363E+00,0.00000E+00,0.00000E+00,9.7150E+00,0.00000E+00,0.00000E+00,4.2452E+00,0.00000E+00,0.00000E+00,18.3612E+00,0.0000E+00,0.0000E+00,3.7919E+00,0.0000E+00,0.0000E+00,44.866E+00,+99999.9E+99,+99999.9E+99,74.984E+00,+99999.9E+99,+99999.9E+99,0.96972E+03,0.00000E+03,0.00000E+03,0.00000E+03,0.00000E+03,0.00000E+03,1.06002E+03,0.00000E+03,0.00000E+03,0.00000E+03,0.00000E+03,0.00000E+03,0.42813E+03,0.00000E+03,0.00000E+03,0.00000E+03,0.00000E+03,0.00000E+03,0.91481E+00,0.00000E+00,0.00000E+00,0.92979E+00,0.03210E+00,0.67368E+00,0.000E+00,-86.659E+00,142.673E+00,158.402E+00,-174.819E+00,-169.678E+00,23.821E+00,90.000E+00,90.000E+00,14.5598E+00,0.00000E+00,0.00000E+00,138.356E+00,100.000E+00,100.000E+00,-0.37194E+03,0.00000E+03,0.00000E+03,+99999.9E+99,+99999.9E+99,+99999.9E+99,+99999.9E+99,+99999.9E+99,+99999.9E+99,+99999.9E+99,+99999.9E+99,+99999.9E+99,+99999.9E+99,+99999.9E+99,+99999.9E+99,1B00,0,0,0,1B00,76.9729E+00,77.4513E+00,77.3095E+00,77.2445E+00,71.6314E+00,72.5146E+00,72.2621E+00,72.1360E+00,76.9729E+00,77.4512E+00,77.3095E+00,0.0000E+00,0.0000E+00,0.0000E+00,72.2861E+00,72.7446E+00,72.6178E+00,105.654E+00,105.966E+00,105.550E+00,-104.477E+00,-104.843E+00,-104.456E+00,19.700E+00,19.738E+00,20.102E+00,+99999.9E+99,+99999.9E+99,+99999.9E+99,0.384E+00,13.8729E+00,13.5496E+00,13.6961E+00,13.7062E+00,12.9629E+00,12.7669E+00,12.7332E+00,12.8210E+00,13.8720E+00,13.5479E+00,13.6910E+00,-0.1537E+00,-0.2169E+00,0.3716E+00,7.7202E+00,7.1526E+00,6.9607E+00,27.6648E+00,27.1638E+00,28.7476E+00,-26.5843E+00,-27.0871E+00,-26.6952E+00,48.596E+00,51.024E+00,53.341E+00,+99999.9E+99,+99999.9E+99,+99999.9E+99,7.371E+00,0.45098E+03,0.43992E+03,0.45076E+03,1.34166E+03,0.27736E+03,0.23963E+03,0.25875E+03,0.77575E+03,0.62435E+03,0.61040E+03,0.61931E+03,1.85406E+03,0.31281E+03,0.28170E+03,0.28296E+03,0.87615E+03,-0.43178E+03,-0.42315E+03,-0.42469E+03,-1.27962E+03,-0.14464E+03,-0.14809E+03,-0.11451E+03,-0.40724E+03,-0.72232E+00,-0.72071E+00,-0.72784E+00,-0.72363E+00,-0.88668E+00,-0.85066E+00,-0.91446E+00,-0.88541E+00,0.000E+00,119.896E+00,-119.734E+00,57.753E+00,-178.442E+00,-66.020E+00,-43.754E+00,-43.887E+00,-43.295E+00,-43.645E+00,201.556E+00,201.605E+00,200.938E+00,90.344E+00,+99999.9E+99,+99999.9E+99,0.00013E+06,-0.00077E+06,0.00000E+00,15.290E+00,0.757E+03,0.00121E+06,43.660E+00,F0F08
2021/11/30,17:34:16,00000:00:41,750,38003F00,0,1B00,1B00,3F00,99.930E+00,0.000E+00,0.000E+00,110.993E+00,0.000E+00,0.000E+00,0.496E+00,0.000E+00,0.000E+00,99.929E+00,0.000E+00,0.000E+00,0.000E+00,0.000E+00,0.000E+00,100.918E+00,0.000E+00,0.000E+00,98.800E+00,0.000E+00,0.000E+00,28.230E+00,+99999.9E+99,+99999.9E+99,1.060E+00,+99999.9E+99,+99999.9E+99,11.7415E+00,0.00000E+00,0.00000E+00,12.0537E+00,0.00000E+00,0.00000E+00,4.4826E+00,0.00000E+00,0.00000E+00,10.8522E+00,0.00000E+00,0.00000E+00,4.4599E+00,0.00000E+00,0.00000E+00,18.0443E+00,0.0000E+00,0.0000E+00,4.2343E+00,0.0000E+00,0.0000E+00,15.178E+00,+99999.9E+99,+99999.9E+99,63.628E+00,+99999.9E+99,+99999.9E+99,1.08246E+03,0.00000E+03,0.00000E+03,0.00000E+03,0.00000E+03,0.00000E+03,1.17333E+03,0.00000E+03,0.00000E+03,0.00000E+03,0.00000E+03,0.00000E+03,-0.45275E+03,0.00000E+03,0.00000E+03,0.00000E+03,0.00000E+03,0.00000E+03,-0.92255E+00,0.00000E+00,0.00000E+00,0.90114E+00,0.06246E+00,0.01703E+00,0.000E+00,13.762E+00,153.641E+00,154.308E+00,-79.819E+00,62.665E+00,-22.697E+00,90.000E+00,90.000E+00,12.8723E+00,0.00000E+00,0.00000E+00,81.823E+00,100.000E+00,100.000E+00,0.19676E+03,0.00000E+03,0.00000E+03,+99999.9E+99,+99999.9E+99,+99999.9E+99,+99999.9E+99,+99999.9E+99,+99999.9E+99,+99999.9E+99,+99999.9E+99,+99999.9E+99,+99999.9E+99,+99999.9E+99,+99999.9E+99,1B00,0,0,0,1B00,76.6944E+00,76.6606E+00,76.3822E+00,76.5791E+00,72.5861E+00,72.7101E+00,72.0677E+00,72.4546E+00,76.6944E+00,76.6606E+00,76.3821E+00,0.0000E+00,0.0000E+00,0.0000E+00,70.2239E+00,70.2678E+00,70.1372E+00,105.767E+00,106.026E+00,105.716E+00,-104.224E+00,-104.836E+00,-104.657E+00,38.062E+00,37.620E+00,37.869E+00,+99999.9E+99,+99999.9E+99,+99999.9E+99,0.105E+00,9.7951E+00,9.3817E+00,9.9927E+00,9.7232E+00,8.5040E+00,8.1488E+00,8.5595E+00,8.4041E+00,9.7951E+00,9.3817E+00,9.9927E+00,0.0000E+00,0.0000E+00,0.0000E+00,14.5523E+00,14.4576E+00,14.8068E+00,26.3638E+00,24.8286E+00,27.1929E+00,-25.6038E+00,-23.3781E+00,-26.7410E+00,41.284E+00,41.106E+00,39.694E+00,+99999.9E+99,+99999.9E+99,+99999.9E+99,1.580E+00,0.28980E+03,0.28803E+03,0.30787E+03,0.88570E+03,0.50604E+03,0.50955E+03,0.52187E+03,1.53746E+03,0.43573E+03,0.41759E+03,0.44343E+03,1.29675E+03,0.58720E+03,0.58253E+03,0.59779E+03,1.76740E+03,-0.32538E+03,-0.30236E+03,-0.31914E+03,-0.94688E+03,-0.29787E+03,-0.28231E+03,-0.29157E+03,-0.87175E+03,-0.66510E+00,-0.68974E+00,-0.69429E+00,-0.68302E+00,-0.86179E+00,-0.87472E+00,-0.87299E+00,-0.86990E+00,0.000E+00,120.091E+00,-119.923E+00,60.502E+00,179.023E+00,-60.695E+00,-48.310E+00,-46.390E+00,-46.030E+00,-46.920E+00,201.922E+00,202.309E+00,202.506E+00,91.613E+00,+99999.9E+99,+99999.9E+99,0.00007E+06,-0.00052E+06,0.00000E+00,10.248E+00,0.756E+03,0.00081E+06,43.833E+00,F0F0F
2021/11/30,17:34:17,00000:00:41,800,38003F00,700,1F00,1F00,3F00,99.930E+00,0.000E+00,0.000E+00,110.993E+00,0.000E+00,0.000E+00,0.496E+00,0.000E+00,0.000E+00,99.929E+00,0.000E+00,0.000E+00,0.000E+00,0.000E+00,0.000E+00,100.918E+00,0.000E+00,0.000E+00,98.800E+00,0.000E+00,0.000E+00,28.230E+00,+99999.9E+99,+99999.9E+99,1.060E+00,+99999.9E+99,+99999.9E+99,11.7415E+00,0.00000E+00,0.00000E+00,12.0537E+00,0.00000E+00,0.00000E+00,4.4826E+00,0.00000E+00,0.00000E+00,10.8522E+00,0.00000E+00,0.00000E+00,4.4599E+00,0.00000E+00,0.00000E+00,18.0443E+00,0.0000E+00,0.0000E+00,4.2343E+00,0.0000E+00,0.0000E+00,15.178E+00,+99999.9E+99,+99999.9E+99,63.628E+00,+99999.9E+99,+99999.9E+99,1.08246E+03,0.00000E+03,0.00000E+03,0.00000E+03,0.00000E+03,0.00000E+03,1.17333E+03,0.00000E+03,0.00000E+03,0.00000E+03,0.00000E+03,0.00000E+03,-0.45275E+03,0.00000E+03,0.00000E+03,0.00000E+03,0.00000E+03,0.00000E+03,-0.92255E+00,0.00000E+00,0.00000E+00,0.90114E+00,0.06246E+00,0.01703E+00,0.000E+00,13.762E+00,153.641E+00,154.308E+00,-79.819E+00,62.665E+00,-22.697E+00,90.000E+00,90.000E+00,12.8723E+00,0.00000E+00,0.00000E+00,95.101E+00,100.000E+00,100.000E+00,0.05303E+03,0.00000E+03,0.00000E+03,+99999.9E+99,+99999.9E+99,+99999.9E+99,+99999.9E+99,+99999.9E+99,+99999.9E+99,+99999.9E+99,+99999.9E+99,+99999.9E+99,+99999.9E+99,+99999.9E+99,+99999.9E+99,1800,0,0,0,1800,76.5140E+00,77.0269E+00,77.0174E+00,76.8527E+00,71.7802E+00,72.7284E+00,72.7201E+00,72.4095E+00,76.5140E+00,77.0269E+00,77.0173E+00,0.0000E+00,0.0000E+00,0.0000E+00,73.0315E+00,73.0175E+00,72.9050E+00,105.761E+00,106.093E+00,105.853E+00,-104.849E+00,-104.726E+00,-104.670E+00,15.556E+00,15.463E+00,15.488E+00,+99999.9E+99,+99999.9E+99,+99999.9E+99,0.113E+00,11.4738E+00,11.2589E+00,11.0434E+00,11.2587E+00,9.9654E+00,9.8439E+00,9.5367E+00,9.7820E+00,11.4727E+00,11.2521E+00,11.0297E+00,-0.1569E+00,-0.3908E+00,0.5489E+00,5.3109E+00,5.2369E+00,5.6373E+00,27.2786E+00,26.7386E+00,28.3829E+00,-25.8505E+00,-26.6667E+00,-25.5909E+00,57.629E+00,56.685E+00,52.812E+00,+99999.9E+99,+99999.9E+99,+99999.9E+99,3.481E+00,0.35408E+03,0.33555E+03,0.33980E+03,1.02943E+03,0.18953E+03,0.19621E+03,0.20304E+03,0.58878E+03,0.51179E+03,0.50192E+03,0.49487E+03,1.50858E+03,0.21844E+03,0.21874E+03,0.22987E+03,0.66684E+03,-0.36954E+03,-0.37326E+03,-0.35977E+03,-1.10257E+03,-0.10860E+03,-0.09669E+03,-0.10777E+03,-0.31306E+03,-0.69184E+00,-0.66854E+00,-0.68665E+00,-0.68239E+00,-0.86765E+00,-0.89700E+00,-0.88329E+00,-0.88295E+00,0.000E+00,120.104E+00,-119.961E+00,59.804E+00,176.289E+00,-61.946E+00,-46.224E+00,-48.045E+00,-46.635E+00,-46.970E+00,201.895E+00,201.275E+00,201.267E+00,93.274E+00,+99999.9E+99,+99999.9E+99,0.00007E+06,-0.00062E+06,0.00000E+00,12.123E+00,0.756E+03,0.00096E+06,43.808E+00,F0F0F
2021/11/30,17:34:17,00000:00:41,850,38003F00,500,1F00,1F00,3F00,99.930E+00,0.000E+00,0.000E+00,110.993E+00,0.000E+00,0.000E+00,0.496E+00,0.000E+00,0.000E+00,99.929E+00,0.000E+00,0.000E+00,0.000E+00,0.000E+00,0.000E+00,100.918E+00,0.000E+00,0.000E+00,98.800E+00,0.000E+00,0.000E+00,21.572E+00,+99999.9E+99,438.664E+00,1.060E+00,+99999.9E+99,+99999.9E+99,11.7415E+00,0.00000E+00,0.00000E+00,12.0537E+00,0.00000E+00,0.00000E+00,4.4826E+00,0.00000E+00,0.00000E+00,10.8522E+00,0.00000E+00,0.00000E+00,4.4734E+00,0.00000E+00,0.00000E+00,18.0443E+00,0.0000E+00,0.0000E+00,4.2343E+00,0.0000E+00,0.0000E+00,8.615E+00,+99999.9E+99,+99999.9E+99,63.628E+00,+99999.9E+99,+99999.9E+99,1.08246E+03,0.00000E+03,0.00000E+03,0.00000E+03,0.00000E+03,0.00000E+03,1.17333E+03,0.00000E+03,0.00000E+03,0.00000E+03,0.00000E+03,0.00000E+03,-0.45275E+03,0.00000E+03,0.00000E+03,0.00000E+03,0.00000E+03,0.00000E+03,-0.92255E+00,0.00000E+00,0.00000E+00,0.90044E+00,0.85187E+00,0.68322E+00,0.000E+00,-20.609E+00,156.386E+00,154.216E+00,-169.025E+00,-70.518E+00,-22.697E+00,90.000E+00,90.000E+00,12.8723E+00,0.00000E+00,0.00000E+00,120.112E+00,100.000E+00,100.000E+00,-0.21770E+03,0.00000E+03,0.00000E+03,+99999.9E+99,+99999.9E+99,+99999.9E+99,+99999.9E+99,+99999.9E+99,+99999.9E+99,+99999.9E+99,+99999.9E+99,+99999.9E+99,+99999.9E+99,+99999.9E+99,+99999.9E+99,1B00,0,0,0,1B00,77.2116E+00,77.2311E+00,76.9924E+00,77.1450E+00,72.2394E+00,72.4399E+00,71.8790E+00,72.1861E+00,77.2115E+00,77.2311E+00,76.9924E+00,0.0000E+00,0.0000E+00,0.0000E+00,71.0306E+00,71.6864E+00,71.4692E+00,105.269E+00,105.617E+00,105.503E+00,-104.357E+00,-104.713E+00,-104.373E+00,29.705E+00,29.923E+00,29.798E+00,+99999.9E+99,+99999.9E+99,+99999.9E+99,0.534E+00,13.6228E+00,13.2058E+00,13.5946E+00,13.4744E+00,12.5470E+00,12.1377E+00,12.4958E+00,12.3935E+00,13.6221E+00,13.2058E+00,13.5933E+00,-0.1426E+00,0.0000E+00,0.1902E+00,12.0697E+00,11.0071E+00,11.1343E+00,27.6629E+00,27.1029E+00,28.6543E+00,-26.4457E+00,-27.1709E+00,-26.6767E+00,41.791E+00,44.948E+00,44.809E+00,+99999.9E+99,+99999.9E+99,+99999.9E+99,5.728E+00,0.43075E+03,0.42348E+03,0.44594E+03,1.30016E+03,0.43032E+03,0.38380E+03,0.40981E+03,1.22392E+03,0.61375E+03,0.59509E+03,0.61141E+03,1.82025E+03,0.48682E+03,0.44892E+03,0.45219E+03,1.38659E+03,-0.43720E+03,-0.41809E+03,-0.41828E+03,-1.27357E+03,-0.22765E+03,-0.23287E+03,-0.19113E+03,-0.65165E+03,-0.70183E+00,-0.71162E+00,-0.72936E+00,-0.71428E+00,-0.88393E+00,-0.85493E+00,-0.90628E+00,-0.88269E+00,0.000E+00,119.905E+00,-119.597E+00,58.181E+00,-178.951E+00,-64.791E+00,-45.426E+00,-44.633E+00,-43.167E+00,-44.416E+00,201.327E+00,202.132E+00,201.938E+00,89.154E+00,+99999.9E+99,+99999.9E+99,0.00014E+06,-0.00074E+06,0.00000E+00,14.615E+00,0.757E+03,0.00116E+06,43.572E+00,F0F08
2021/11/30,17:34:17,00000:00:41,900,38003D00,500,1C00,1C00,3800,99.930E+00,0.000E+00,0.000E+00,110.993E+00,0.000E+00,0.000E+00,0.496E+00,0.000E+00,0.000E+00,99.929E+00,0.000E+00,0.000E+00,0.000E+00,0.000E+00,0.000E+00,100.918E+00,0.000E+00,0.000E+00,98.800E+00,0.000E+00,0.000E+00,21.572E+00,+99999.9E+99,438.664E+00,1.060E+00,+99999.9E+99,+99999.9E+99,11.7415E+00,0.00000E+00,0.00000E+00,12.0537E+00,0.00000E+00,0.00000E+00,4.4826E+00,0.00000E+00,0.00000E+00,10.8522E+00,0.00000E+00,0.00000E+00,4.4734E+00,0.00000E+00,0.00000E+00,18.0443E+00,0.0000E+00,0.0000E+00,4.2343E+00,0.0000E+00,0.0000E+00,8.615E+00,+99999.9E+99,+99999.9E+99,63.628E+00,+99999.9E+99,+99999.9E+99,1.08246E+03,0.00000E+03,0.00000E+03,0.00000E+03,0.00000E+03,0.00000E+03,1.17333E+03,0.00000E+03,0.00000E+03,0.00000E+03,0.00000E+03,0.00000E+03,-0.45275E+03,0.00000E+03,0.00000E+03,0.00000E+03,0.00000E+03,0.00000E+03,-0.92255E+00,0.00000E+00,0.00000E+00,0.90044E+00,0.85187E+00,0.68322E+00,0.000E+00,-20.609E+00,156.386E+00,154.216E+00,-169.025E+00,-70.518E+00,-22.697E+00,90.000E+00,90.000E+00,12.8723E+00,0.00000E+00,0.00000E+00,81.602E+00,100.000E+00,100.000E+00,0.19915E+03,0.00000E+03,0.00000E+03,+99999.9E+99,+99999.9E+99,+99999.9E+99,+99999.9E+99,+99999.9E+99,+99999.9E+99,+99999.9E+99,+99999.9E+99,+99999.9E+99,+99999.9E+99,+99999.9E+99,+99999.9E+99,1B00,0,0,0,1B00,76.5609E+00,76.7939E+00,76.5572E+00,76.6373E+00,72.2306E+00,72.7305E+00,72.2443E+00,72.4018E+00,76.5609E+00,76.7939E+00,76.5572E+00,0.0000E+00,0.0000E+00,0.0000E+00,71.3069E+00,71.2047E+00,71.0341E+00,106.019E+00,106.253E+00,105.721E+00,-104.207E+00,-106.860E+00,-104.131E+00,31.917E+00,31.142E+00,31.823E+00,+99999.9E+99,+99999.9E+99,+99999.9E+99,0.232E+00,9.7743E+00,9.4890E+00,9.8332E+00,9.6988E+00,8.5224E+00,8.3019E+00,8.4609E+00,8.4284E+00,9.7737E+00,9.4890E+00,9.8315E+00,-0.1079E+00,0.0000E+00,0.1828E+00,11.7337E+00,11.7453E+00,12.3598E+00,26.4900E+00,24.8505E+00,27.2557E+00,-25.6086E+00,-23.4033E+00,-26.7800E+00,45.148E+00,43.929E+00,41.908E+00,+99999.9E+99,+99999.9E+99,+99999.9E+99,3.478E+00,0.29340E+03,0.28857E+03,0.30135E+03,0.88331E+03,0.40452E+03,0.42608E+03,0.43302E+03,1.26361E+03,0.43424E+03,0.42213E+03,0.43758E+03,1.29395E+03,0.47114E+03,0.47928E+03,0.49812E+03,1.44806E+03,-0.32012E+03,-0.30809E+03,-0.31729E+03,-0.94550E+03,-0.24152E+03,-0.21948E+03,-0.24621E+03,-0.70722E+03,-0.67567E+00,-0.68360E+00,-0.68866E+00,-0.68265E+00,-0.85860E+00,-0.88899E+00,-0.86930E+00,-0.87263E+00,0.000E+00,120.208E+00,-119.974E+00,60.788E+00,177.383E+00,-60.220E+00,-47.494E+00,-46.874E+00,-46.476E+00,-46.949E+00,202.404E+00,201.728E+00,201.972E+00,92.773E+00,+99999.9E+99,+99999.9E+99,0.00006E+06,-0.00053E+06,0.00000E+00,10.345E+00,0.756E+03,0.00082E+06,43.942E+00,F0F08
2021/11/30,17:34:17,00000:00:41,950,38003F00,700,1F00,1F00,3F00,99.930E+00,0.000E+00,0.000E+00,110.993E+00,0.000E+00,0.000E+00,0.496E+00,0.000E+00,0.000E+00,99.929E+00,0.000E+00,0.000E+00,0.000E+00,0.000E+00,0.000E+00,100.918E+00,0.000E+00,0.000E+00,98.800E+00,0.000E+00,0.000E+00,59.389E+00,356.982E+00,484.184E+00,1.060E+00,+99999.9E+99,+99999.9E+99,11.7415E+00,0.00000E+00,0.00000E+00,12.0537E+00,0.00000E+00,0.00000E+00,4.4826E+00,0.00000E+00,0.00000E+00,10.8522E+00,0.00000E+00,0.00000E+00,4.0875E+00,0.00000E+00,0.00000E+00,18.0443E+00,0.0000E+00,0.0000E+00,4.2343E+00,0.0000E+00,0.0000E+00,40.424E+00,+99999.9E+99,+99999.9E+99,63.628E+00,+99999.9E+99,+99999.9E+99,1.08246E+03,0.00000E+03,0.00000E+03,0.00000E+03,0.00000E+03,0.00000E+03,1.17333E+03,0.00000E+03,0.00000E+03,0.00000E+03,0.00000E+03,0.00000E+03,-0.45275E+03,0.00000E+03,0.00000E+03,0.00000E+03,0.00000E+03,0.00000E+03,-0.92255E+00,0.00000E+00,0.00000E+00,0.89692E+00,0.58013E+00,0.93556E+00,0.000E+00,121.477E+00,139.541E+00,153.756E+00,-113.064E+00,-61.140E+00,-22.697E+00,90.000E+00,90.000E+00,12.8723E+00,0.00000E+00,0.00000E+00,97.085E+00,100.000E+00,100.000E+00,0.03155E+03,0.00000E+03,0.00000E+03,+99999.9E+99,+99999.9E+99,+99999.9E+99,+99999.9E+99,+99999.9E+99,+99999.9E+99,+99999.9E+99,+99999.9E+99,+99999.9E+99,+99999.9E+99,+99999.9E+99,+99999.9E+99,1B00,0,0,0,1B00,76.5315E+00,77.0082E+00,77.0290E+00,76.8562E+00,71.8718E+00,72.7906E+00,72.8060E+00,72.4895E+00,76.5315E+00,77.0082E+00,77.0290E+00,0.0000E+00,0.0000E+00,0.0000E+00,73.0269E+00,73.2544E+00,73.1383E+00,105.779E+00,106.014E+00,105.783E+00,-105.064E+00,-105.013E+00,-104.243E+00,13.718E+00,13.823E+00,13.968E+00,+99999.9E+99,+99999.9E+99,+99999.9E+99,0.180E+00,11.6973E+00,11.4547E+00,11.2435E+00,11.4651E+00,10.0941E+00,9.9493E+00,9.6498E+00,9.8978E+00,11.6959E+00,11.4487E+00,11.2301E+00,-0.1748E+00,-0.3721E+00,0.5480E+00,4.8754E+00,4.4089E+00,4.5164E+00,27.6414E+00,27.1695E+00,28.5410E+00,-26.6419E+00,-26.8133E+00,-25.9157E+00,58.001E+00,62.748E+00,60.610E+00,+99999.9E+99,+99999.9E+99,+99999.9E+99,4.562E+00,0.36183E+03,0.34228E+03,0.34680E+03,1.05091E+03,0.17110E+03,0.15659E+03,0.16751E+03,0.49520E+03,0.52234E+03,0.51071E+03,0.50379E+03,1.53684E+03,0.19760E+03,0.18354E+03,0.18771E+03,0.56852E+03,-0.37672E+03,-0.37903E+03,-0.36543E+03,-1.12118E+03,-0.09883E+03,-0.09574E+03,-0.08471E+03,-0.27929E+03,-0.69271E+00,-0.67021E+00,-0.68837E+00,-0.68381E+00,-0.86592E+00,-0.85315E+00,-0.89238E+00,-0.87102E+00,0.000E+00,120.003E+00,-119.846E+00,60.113E+00,-178.606E+00,-63.068E+00,-46.155E+00,-47.916E+00,-46.499E+00,-46.858E+00,201.220E+00,201.988E+00,201.674E+00,92.974E+00,+99999.9E+99,+99999.9E+99,0.00007E+06,-0.00063E+06,0.00000E+00,12.332E+00,0.757E+03,0.00098E+06,43.600E+00,F0F08
2021/11/30,17:34:17,00000:00:42,0,38003F00,2800,3B00,3B00,3F00,99.981E+00,0.000E+00,0.000E+00,111.050E+00,0.000E+00,0.000E+00,0.504E+00,0.000E+00,0.000E+00,99.980E+00,0.000E+00,0.000E+00,0.000E+00,0.000E+00,0.000E+00,101.032E+00,0.000E+00,0.000E+00,98.818E+00,0.000E+00,0.000E+00,59.389E+00,356.982E+00,484.184E+00,1.107E+00,+99999.9E+99,+99999.9E+99,11.5605E+00,0.00000E+00,0.00000E+00,11.7584E+00,0.00000E+00,0.00000E+00,4.6450E+00,0.00000E+00,0.00000E+00,10.5863E+00,0.00000E+00,0.00000E+00,4.0875E+00,0.00000E+00,0.00000E+00,18.2917E+00,0.0000E+00,0.0000E+00,3.4731E+00,0.0000E+00,0.0000E+00,40.424E+00,+99999.9E+99,+99999.9E+99,69.990E+00,+99999.9E+99,+99999.9E+99,1.05631E+03,0.00000E+03,0.00000E+03,0.00000E+03,0.00000E+03,0.00000E+03,1.15583E+03,0.00000E+03,0.00000E+03,0.00000E+03,0.00000E+03,0.00000E+03,0.46922E+03,0.00000E+03,0.00000E+03,0.00000E+03,0.00000E+03,0.00000E+03,0.91389E+00,0.00000E+00,0.00000E+00,0.89692E+00,0.58013E+00,0.93556E+00,0.000E+00,121.477E+00,139.541E+00,153.756E+00,-113.064E+00,-61.140E+00,23.951E+00,90.000E+00,90.000E+00,0.00000E+00,0.00000E+00,0.00000E+00,122.598E+00,100.000E+00,100.000E+00,-0.23871E+03,0.00000E+03,0.00000E+03,+99999.9E+99,+99999.9E+99,+99999.9E+99,+99999.9E+99,+99999.9E+99,+99999.9E+99,+99999.9E+99,+99999.9E+99,+99999.9E+99,+99999.9E+99,+99999.9E+99,+99999.9E+99,1B00,0,0,0,1B00,77.2228E+00,77.2308E+00,77.0033E+00,77.1523E+00,72.2491E+00,72.4291E+00,71.8758E+00,72.1847E+00,77.2228E+00,77.2308E+00,77.0032E+00,0.0000E+00,0.0000E+00,0.0000E+00,70.4644E+00,71.0623E+00,70.9553E+00,105.351E+00,105.704E+00,105.517E+00,-104.219E+00,-105.121E+00,-104.290E+00,34.585E+00,34.603E+00,34.571E+00,+99999.9E+99,+99999.9E+99,+99999.9E+99,0.521E+00,13.5875E+00,13.1753E+00,13.5666E+00,13.4431E+00,12.5115E+00,12.1045E+00,12.4723E+00,12.3628E+00,13.5866E+00,13.1753E+00,13.5651E+00,-0.1487E+00,0.0000E+00,0.2019E+00,14.0905E+00,13.1439E+00,13.1186E+00,27.7171E+00,27.0962E+00,28.5786E+00,-26.3843E+00,-27.2081E+00,-26.5929E+00,39.589E+00,41.963E+00,42.204E+00,+99999.9E+99,+99999.9E+99,+99999.9E+99,4.556E+00,0.42878E+03,0.42188E+03,0.44435E+03,1.29501E+03,0.50336E+03,0.45885E+03,0.48438E+03,1.44659E+03,0.61226E+03,0.59367E+03,0.61020E+03,1.81613E+03,0.56773E+03,0.53144E+03,0.53597E+03,1.63414E+03,-0.43705E+03,-0.41769E+03,-0.41821E+03,-1.27294E+03,-0.26257E+03,-0.26811E+03,-0.22944E+03,-0.76012E+03,-0.70033E+00,-0.71063E+00,-0.72821E+00,-0.71306E+00,-0.88662E+00,-0.86341E+00,-0.90374E+00,-0.88523E+00,0.000E+00,119.825E+00,-119.668E+00,57.829E+00,-179.931E+00,-64.549E+00,-45.547E+00,-44.714E+00,-43.264E+00,-44.515E+00,202.186E+00,201.554E+00,201.853E+00,89.516E+00,+99999.9E+99,+99999.9E+99,0.00014E+06,-0.00074E+06,0.00000E+00,14.612E+00,0.758E+03,0.00116E+06,43.795E+00,F0F08
2021/11/30,17:34:17,00000:00:42,50,38003F00,2D00,3F00,3F00,3F00,99.981E+00,0.000E+00,0.000E+00,111.050E+00,0.000E+00,0.000E+00,0.504E+00,0.000E+00,0.000E+00,99.980E+00,0.000E+00,0.000E+00,0.000E+00,0.000E+00,0.000E+00,101.032E+00,0.000E+00,0.000E+00,98.818E+00,0.000E+00,0.000E+00,33.403E+00,403.139E+00,491.996E+00,1.107E+00,+99999.9E+99,+99999.9E+99,11.5605E+00,0.00000E+00,0.00000E+00,11.7584E+00,0.00000E+00,0.00000E+00,4.6450E+00,0.00000E+00,0.00000E+00,10.5863E+00,0.00000E+00,0.00000E+00,4.2982E+00,0.00000E+00,0.00000E+00,18.2917E+00,0.0000E+00,0.0000E+00,3.4731E+00,0.0000E+00,0.0000E+00,40.897E+00,+99999.9E+99,+99999.9E+99,69.990E+00,+99999.9E+99,+99999.9E+99,1.05631E+03,0.00000E+03,0.00000E+03,0.00000E+03,0.00000E+03,0.00000E+03,1.15583E+03,0.00000E+03,0.00000E+03,0.00000E+03,0.00000E+03,0.00000E+03,0.46922E+03,0.00000E+03,0.00000E+03,0.00000E+03,0.00000E+03,0.00000E+03,0.91389E+00,0.00000E+00,0.00000E+00,0.92923E+00,0.08699E+00,0.99835E+00,0.000E+00,36.559E+00,170.276E+00,158.315E+00,-58.431E+00,-6.434E+00,23.951E+00,90.000E+00,90.000E+00,0.00000E+00,0.00000E+00,0.00000E+00,73.434E+00,100.000E+00,100.000E+00,0.28062E+03,0.00000E+03,0.00000E+03,+99999.9E+99,+99999.9E+99,+99999.9E+99,+99999.9E+99,+99999.9E+99,+99999.9E+99,+99999.9E+99,+99999.9E+99,+99999.9E+99,+99999.9E+99,+99999.9E+99,+99999.9E+99,1B00,0,0,0,1B00,76.2672E+00,76.6811E+00,76.5262E+00,76.4915E+00,72.1471E+00,72.9242E+00,72.6528E+00,72.5747E+00,76.2672E+00,76.6811E+00,76.5262E+00,0.0000E+00,0.0000E+00,0.0000E+00,71.9301E+00,71.7582E+00,71.6835E+00,105.730E+00,106.117E+00,105.770E+00,-104.221E+00,-106.671E+00,-105.103E+00,27.178E+00,26.215E+00,26.883E+00,+99999.9E+99,+99999.9E+99,+99999.9E+99,0.204E+00,8.2606E+00,8.1974E+00,8.1401E+00,8.1994E+00,7.3581E+00,7.3123E+00,7.2405E+00,7.3036E+00,8.2599E+00,8.1964E+00,8.1365E+00,-0.1134E+00,-0.1273E+00,0.2417E+00,9.7173E+00,9.8924E+00,10.2528E+00,22.2967E+00,20.7124E+00,20.4876E+00,-18.7033E+00,-19.2200E+00,-19.8776E+00,48.549E+00,46.111E+00,44.527E+00,+99999.9E+99,+99999.9E+99,+99999.9E+99,4.337E+00,0.26053E+03,0.25446E+03,0.26070E+03,0.77569E+03,0.33476E+03,0.35894E+03,0.36293E+03,1.05663E+03,0.36547E+03,0.36321E+03,0.36162E+03,1.09030E+03,0.39026E+03,0.40158E+03,0.41907E+03,1.21029E+03,-0.25630E+03,-0.25918E+03,-0.25061E+03,-0.76609E+03,-0.20059E+03,-0.18008E+03,-0.20953E+03,-0.59019E+03,-0.71286E+00,-0.70059E+00,-0.72093E+00,-0.71145E+00,-0.85779E+00,-0.89382E+00,-0.86604E+00,-0.87304E+00,0.000E+00,120.149E+00,-120.042E+00,60.852E+00,176.755E+00,-59.929E+00,-44.532E+00,-45.526E+00,-43.869E+00,-44.647E+00,201.730E+00,202.073E+00,201.945E+00,95.162E+00,+99999.9E+99,+99999.9E+99,0.00004E+06,-0.00048E+06,0.00000E+00,9.322E+00,0.756E+03,0.00074E+06,43.772E+00,F0F08
2021/11/30,17:34:17,00000:00:42,100,38003F00,2800,3B00,3B00,3F00,99.809E+00,0.000E+00,0.000E+00,110.859E+00,0.000E+00,0.000E+00,0.503E+00,0.000E+00,0.000E+00,99.808E+00,0.000E+00,0.000E+00,0.000E+00,0.000E+00,0.000E+00,100.954E+00,0.000E+00,0.000E+00,98.811E+00,0.000E+00,0.000E+00,33.403E+00,403.139E+00,491.996E+00,1.073E+00,+99999.9E+99,+99999.9E+99,12.2917E+00,0.00000E+00,0.00000E+00,12.7374E+00,0.00000E+00,0.00000E+00,4.4248E+00,0.00000E+00,0.00000E+00,11.4677E+00,0.00000E+00,0.00000E+00,4.2982E+00,0.00000E+00,0.00000E+00,18.2259E+00,0.0000E+00,0.0000E+00,4.1310E+00,0.0000E+00,0.0000E+00,40.897E+00,+99999.9E+99,+99999.9E+99,61.455E+00,+99999.9E+99,+99999.9E+99,1.14258E+03,0.00000E+03,0.00000E+03,0.00000E+03,0.00000E+03,0.00000E+03,1.22683E+03,0.00000E+03,0.00000E+03,0.00000E+03,0.00000E+03,0.00000E+03,-0.44680E+03,0.00000E+03,0.00000E+03,0.00000E+03,0.00000E+03,0.00000E+03,-0.93132E+00,0.00000E+00,0.00000E+00,0.92923E+00,0.08699E+00,0.99835E+00,0.000E+00,36.559E+00,170.276E+00,158.315E+00,-58.431E+00,-6.434E+00,-21.358E+00,90.000E+00,90.000E+00,9.20063E+00,0.00000E+00,0.00000E+00,110.347E+00,100.000E+00,100.000E+00,-0.11822E+03,0.00000E+03,0.00000E+03,+99999.9E+99,+99999.9E+99,+99999.9E+99,+99999.9E+99,+99999.9E+99,+99999.9E+99,+99999.9E+99,+99999.9E+99,+99999.9E+99,+99999.9E+99,+99999.9E+99,+99999.9E+99,1B00,0,0,0,1B00,77.0905E+00,77.1653E+00,77.1193E+00,77.1250E+00,72.1674E+00,72.5198E+00,72.2873E+00,72.3248E+00,77.0905E+00,77.1653E+00,77.1193E+00,0.0000E+00,0.0000E+00,0.0000E+00,72.7176E+00,73.1511E+00,73.0227E+00,105.901E+00,106.074E+00,105.659E+00,-104.791E+00,-105.087E+00,-104.260E+00,16.457E+00,16.442E+00,16.828E+00,+99999.9E+99,+99999.9E+99,+99999.9E+99,0.359E+00,13.4176E+00,12.9563E+00,13.1497E+00,13.1746E+00,12.2186E+00,11.7459E+00,11.8135E+00,11.9260E+00,13.4164E+00,12.9525E+00,13.1405E+00,-0.1780E+00,-0.3128E+00,0.4918E+00,6.4942E+00,5.7978E+00,5.6939E+00,27.6067E+00,27.1886E+00,28.4952E+00,-26.6652E+00,-26.9543E+00,-26.7614E+00,49.456E+00,54.176E+00,54.687E+00,+99999.9E+99,+99999.9E+99,+99999.9E+99,7.266E+00,0.42867E+03,0.40728E+03,0.42485E+03,1.26080E+03,0.23385E+03,0.20283E+03,0.21959E+03,0.65627E+03,0.60455E+03,0.58207E+03,0.59069E+03,1.77731E+03,0.26140E+03,0.23483E+03,0.23777E+03,0.73293E+03,-0.42629E+03,-0.41585E+03,-0.41040E+03,-1.25253E+03,-0.11681E+03,-0.11834E+03,-0.09118E+03,-0.32632E+03,-0.70908E+00,-0.69971E+00,-0.71923E+00,-0.70938E+00,-0.89461E+00,-0.86374E+00,-0.92355E+00,-0.89542E+00,0.000E+00,119.919E+00,-119.740E+00,56.741E+00,-179.881E+00,-67.331E+00,-44.840E+00,-45.596E+00,-44.009E+00,-44.815E+00,201.758E+00,201.378E+00,201.673E+00,90.979E+00,+99999.9E+99,+99999.9E+99,0.00011E+06,-0.00074E+06,0.00000E+00,14.467E+00,0.757E+03,0.00115E+06,43.708E+00,F0F08
2021/11/30,17:34:17,00000:00:42,150,38003800,0,1800,1800,3800,99.922E+00,0.000E+00,0.000E+00,110.984E+00,0.000E+00,0.000E+00,0.509E+00,0.000E+00,0.000E+00,99.921E+00,0.000E+00,0.000E+00,0.000E+00,0.000E+00,0.000E+00,100.996E+00,0.000E+00,0.000E+00,98.800E+00,0.000E+00,0.000E+00,103.983E+00,+99999.9E+99,+99999.9E+99,1.099E+00,+99999.9E+99,+99999.9E+99,11.8228E+00,0.00000E+00,0.00000E+00,12.1085E+00,0.00000E+00,0.00000E+00,4.5757E+00,0.00000E+00,0.00000E+00,10.9014E+00,0.00000E+00,0.00000E+00,3.0951E+00,0.00000E+00,0.00000E+00,18.2367E+00,0.0000E+00,0.0000E+00,4.1743E+00,0.0000E+00,0.0000E+00,98.202E+00,+99999.9E+99,+99999.9E+99,64.498E+00,+99999.9E+99,+99999.9E+99,1.08720E+03,0.00000E+03,0.00000E+03,0.00000E+03,0.00000E+03,0.00000E+03,1.18136E+03,0.00000E+03,0.00000E+03,0.00000E+03,0.00000E+03,0.00000E+03,0.46218E+03,0.00000E+03,0.00000E+03,0.00000E+03,0.00000E+03,0.00000E+03,0.92029E+00,0.00000E+00,0.00000E+00,0.83110E+00,0.13534E+00,0.95000E+00,0.000E+00,-167.863E+00,-172.458E+00,146.212E+00,94.358E+00,25.737E+00,23.031E+00,90.000E+00,90.000E+00,12.6021E+00,0.00000E+00,0.00000E+00,100.315E+00,100.000E+00,100.000E+00,-0.00342E+03,0.00000E+03,0.00000E+03,+99999.9E+99,+99999.9E+99,+99999.9E+99,+99999.9E+99,+99999.9E+99,+99999.9E+99,+99999.9E+99,+99999.9E+99,+99999.9E+99,+99999.9E+99,+99999.9E+99,+99999.9E+99,1B00,0,0,0,1B00,76.7547E+00,77.1010E+00,76.8292E+00,76.8949E+00,72.0373E+00,72.6741E+00,72.1733E+00,72.2949E+00,76.7546E+00,77.1010E+00,76.8292E+00,0.0000E+00,0.0000E+00,0.0000E+00,70.0316E+00,70.2432E+00,70.1589E+00,105.430E+00,106.026E+00,105.419E+00,-104.051E+00,-104.487E+00,-104.426E+00,38.941E+00,38.796E+00,38.797E+00,+99999.9E+99,+99999.9E+99,+99999.9E+99,0.180E+00,11.9485E+00,11.7821E+00,12.0720E+00,11.9342E+00,10.4632E+00,10.3831E+00,10.5861E+00,10.4775E+00,11.9478E+00,11.7821E+00,12.0720E+00,-0.1321E+00,0.0000E+00,0.0000E+00,15.3749E+00,14.9751E+00,15.1667E+00,27.6514E+00,27.0509E+00,28.5776E+00,-26.3362E+00,-27.2629E+00,-26.6057E+00,39.451E+00,40.401E+00,39.519E+00,+99999.9E+99,+99999.9E+99,+99999.9E+99,1.612E+00,0.35771E+03,0.36005E+03,0.37286E+03,1.09062E+03,0.54245E+03,0.52694E+03,0.54307E+03,1.61246E+03,0.53378E+03,0.52783E+03,0.54165E+03,1.60327E+03,0.62062E+03,0.60418E+03,0.61360E+03,1.83826E+03,-0.39620E+03,-0.38596E+03,-0.39289E+03,-1.17505E+03,-0.30152E+03,-0.29558E+03,-0.28561E+03,-0.88271E+03,-0.67014E+00,-0.68213E+00,-0.68838E+00,-0.68025E+00,-0.87405E+00,-0.87216E+00,-0.88506E+00,-0.87716E+00,0.000E+00,119.974E+00,-119.861E+00,59.169E+00,179.225E+00,-62.183E+00,-47.922E+00,-46.989E+00,-46.498E+00,-47.137E+00,201.976E+00,202.349E+00,201.868E+00,90.311E+00,+99999.9E+99,+99999.9E+99,0.00011E+06,-0.00062E+06,0.00000E+00,12.424E+00,0.757E+03,0.00098E+06,43.777E+00,F0F0F
2021/11/30,17:34:17,00000:00:42,200,38003F00,700,1F00,1F00,3F00,99.922E+00,0.000E+00,0.000E+00,110.984E+00,0.000E+00,0.000E+00,0.509E+00,0.000E+00,0.000E+00,99.921E+00,0.000E+00,0.000E+00,0.000E+00,0.000E+00,0.000E+00,100.996E+00,0.000E+00,0.000E+00,98.800E+00,0.000E+00,0.000E+00,103.983E+00,+99999.9E+99,+99999.9E+99,1.099E+00,+99999.9E+99,+99999.9E+99,11.8228E+00,0.00000E+00,0.00000E+00,12.1085E+00,0.00000E+00,0.00000E+00,4.5757E+00,0.00000E+00,0.00000E+00,10.9014E+00,0.00000E+00,0.00000E+00,3.0951E+00,0.00000E+00,0.00000E+00,18.2367E+00,0.0000E+00,0.0000E+00,4.1743E+00,0.0000E+00,0.0000E+00,98.202E+00,+99999.9E+99,+99999.9E+99,64.498E+00,+99999.9E+99,+99999.9E+99,1.08720E+03,0.00000E+03,0.00000E+03,0.00000E+03,0.00000E+03,0.00000E+03,1.18136E+03,0.00000E+03,0.00000E+03,0.00000E+03,0.00000E+03,0.00000E+03,0.46218E+03,0.00000E+03,0.00000E+03,0.00000E+03,0.00000E+03,0.00000E+03,0.92029E+00,0.00000E+00,0.00000E+00,0.83110E+00,0.13534E+00,0.95000E+00,0.000E+00,-167.863E+00,-172.458E+00,146.212E+00,94.358E+00,25.737E+00,23.031E+00,90.000E+00,90.000E+00,12.6021E+00,0.00000E+00,0.00000E+00,76.959E+00,100.000E+00,100.000E+00,0.25050E+03,0.00000E+03,0.00000E+03,+99999.9E+99,+99999.9E+99,+99999.9E+99,+99999.9E+99,+99999.9E+99,+99999.9E+99,+99999.9E+99,+99999.9E+99,+99999.9E+99,+99999.9E+99,+99999.9E+99,+99999.9E+99,1B00,0,0,0,1B00,76.5220E+00,76.6358E+00,76.5594E+00,76.5724E+00,72.3426E+00,72.7299E+00,72.4528E+00,72.5084E+00,76.5220E+00,76.6358E+00,76.5594E+00,0.0000E+00,0.0000E+00,0.0000E+00,72.8766E+00,72.7169E+00,72.6494E+00,105.766E+00,106.060E+00,105.721E+00,-104.424E+00,-105.363E+00,-104.667E+00,18.417E+00,18.031E+00,18.055E+00,+99999.9E+99,+99999.9E+99,+99999.9E+99,0.185E+00,9.3641E+00,8.8824E+00,9.0205E+00,9.0890E+00,8.1386E+00,7.7356E+00,7.7813E+00,7.8852E+00,9.3632E+00,8.8786E+00,9.0121E+00,-0.1279E+00,-0.2594E+00,0.3884E+00,6.1250E+00,6.4264E+00,6.8243E+00,25.7405E+00,23.8948E+00,25.2448E+00,-26.3648E+00,-25.4290E+00,-21.9348E+00,56.995E+00,52.834E+00,50.070E+00,+99999.9E+99,+99999.9E+99,+99999.9E+99,4.820E+00,0.28594E+03,0.26824E+03,0.28252E+03,0.83670E+03,0.21931E+03,0.23589E+03,0.24018E+03,0.69539E+03,0.41611E+03,0.39387E+03,0.40013E+03,1.21011E+03,0.25490E+03,0.26206E+03,0.27573E+03,0.79219E+03,-0.30230E+03,-0.28842E+03,-0.28334E+03,-0.87407E+03,-0.12991E+03,-0.11415E+03,-0.13542E+03,-0.37947E+03,-0.68717E+00,-0.68103E+00,-0.70608E+00,-0.69142E+00,-0.86038E+00,-0.90015E+00,-0.87109E+00,-0.87780E+00,0.000E+00,120.128E+00,-120.047E+00,60.565E+00,175.923E+00,-60.530E+00,-46.594E+00,-47.076E+00,-45.083E+00,-46.257E+00,201.979E+00,201.366E+00,202.078E+00,94.671E+00,+99999.9E+99,+99999.9E+99,0.00004E+06,-0.00052E+06,0.00000E+00,10.001E+00,0.756E+03,0.00079E+06,43.833E+00,F0F0F
2021/11/30,17:34:17,00000:00:42,250,38003F00,500,1F00,1F00,3F00,99.922E+00,0.000E+00,0.000E+00,110.984E+00,0.000E+00,0.000E+00,0.509E+00,0.000E+00,0.000E+00,99.921E+00,0.000E+00,0.000E+00,0.000E+00,0.000E+00,0.000E+00,100.996E+00,0.000E+00,0.000E+00,98.800E+00,0.000E+00,0.000E+00,18.396E+00,391.935E+00,464.924E+00,1.099E+00,+99999.9E+99,+99999.9E+99,11.8228E+00,0.00000E+00,0.00000E+00,12.1085E+00,0.00000E+00,0.00000E+00,4.5757E+00,0.00000E+00,0.00000E+00,10.9014E+00,0.00000E+00,0.00000E+00,4.6903E+00,0.00000E+00,0.00000E+00,18.2367E+00,0.0000E+00,0.0000E+00,4.1743E+00,0.0000E+00,0.0000E+00,10.002E+00,+99999.9E+99,+99999.9E+99,64.498E+00,+99999.9E+99,+99999.9E+99,1.08720E+03,0.00000E+03,0.00000E+03,0.00000E+03,0.00000E+03,0.00000E+03,1.18136E+03,0.00000E+03,0.00000E+03,0.00000E+03,0.00000E+03,0.00000E+03,0.46218E+03,0.00000E+03,0.00000E+03,0.00000E+03,0.00000E+03,0.00000E+03,0.92029E+00,0.00000E+00,0.00000E+00,0.92098E+00,0.16264E+00,0.51976E+00,0.000E+00,-114.676E+00,179.093E+00,157.070E+00,164.684E+00,120.409E+00,23.031E+00,90.000E+00,90.000E+00,12.6021E+00,0.00000E+00,0.00000E+00,124.776E+00,100.000E+00,100.000E+00,-0.26936E+03,0.00000E+03,0.00000E+03,+99999.9E+99,+99999.9E+99,+99999.9E+99,+99999.9E+99,+99999.9E+99,+99999.9E+99,+99999.9E+99,+99999.9E+99,+99999.9E+99,+99999.9E+99,+99999.9E+99,+99999.9E+99,1B00,0,0,0,1B00,77.0090E+00,77.4747E+00,77.3242E+00,77.2693E+00,71.7217E+00,72.5996E+00,72.3233E+00,72.2148E+00,77.0090E+00,77.4747E+00,77.3242E+00,0.0000E+00,0.0000E+00,0.0000E+00,71.7483E+00,72.2999E+00,72.0901E+00,105.664E+00,106.044E+00,105.480E+00,-104.699E+00,-105.063E+00,-104.419E+00,24.363E+00,24.742E+00,24.546E+00,+99999.9E+99,+99999.9E+99,+99999.9E+99,0.439E+00,13.9620E+00,13.6382E+00,13.7787E+00,13.7930E+00,13.0465E+00,12.8519E+00,12.8136E+00,12.9040E+00,13.9610E+00,13.6365E+00,13.7732E+00,-0.1701E+00,-0.2189E+00,0.3901E+00,9.7249E+00,8.9265E+00,9.0393E+00,27.6452E+00,27.1276E+00,28.7495E+00,-26.5367E+00,-26.7143E+00,-26.8743E+00,45.360E+00,48.145E+00,48.507E+00,+99999.9E+99,+99999.9E+99,+99999.9E+99,6.646E+00,0.45629E+03,0.44466E+03,0.45561E+03,1.35656E+03,0.35139E+03,0.30806E+03,0.33092E+03,0.99038E+03,0.62899E+03,0.61490E+03,0.62334E+03,1.86722E+03,0.39685E+03,0.36123E+03,0.36319E+03,1.11986E+03,-0.43293E+03,-0.42470E+03,-0.42540E+03,-1.28304E+03,-0.18443E+03,-0.18864E+03,-0.14966E+03,-0.52273E+03,-0.72543E+00,-0.72315E+00,-0.73092E+00,-0.72651E+00,-0.88545E+00,-0.85281E+00,-0.91116E+00,-0.88437E+00,0.000E+00,119.931E+00,-119.662E+00,57.941E+00,-178.678E+00,-65.486E+00,-43.495E+00,-43.685E+00,-43.036E+00,-43.405E+00,201.348E+00,202.133E+00,201.086E+00,90.102E+00,+99999.9E+99,+99999.9E+99,0.00013E+06,-0.00078E+06,0.00000E+00,15.413E+00,0.757E+03,0.00122E+06,43.583E+00,F0F08
2021/11/30,17:34:17,00000:00:42,300,38003F00,500,1F00,1F00,3F00,99.922E+00,0.000E+00,0.000E+00,110.984E+00,0.000E+00,0.000E+00,0.509E+00,0.000E+00,0.000E+00,99.921E+00,0.000E+00,0.000E+00,0.000E+00,0.000E+00,0.000E+00,100.996E+00,0.000E+00,0.000E+00,98.800E+00,0.000E+00,0.000E+00,18.396E+00,391.935E+00,464.924E+00,1.099E+00,+99999.9E+99,+99999.9E+99,11.8228E+00,0.00000E+00,0.00000E+00,12.1085E+00,0.00000E+00,0.00000E+00,4.5757E+00,0.00000E+00,0.00000E+00,10.9014E+00,0.00000E+00,0.00000E+00,4.6903E+00,0.00000E+00,0.00000E+00,18.2367E+00,0.0000E+00,0.0000E+00,4.1743E+00,0.0000E+00,0.0000E+00,10.002E+00,+99999.9E+99,+99999.9E+99,64.498E+00,+99999.9E+99,+99999.9E+99,1.08720E+03,0.00000E+03,0.00000E+03,0.00000E+03,0.00000E+03,0.00000E+03,1.18136E+03,0.00000E+03,0.00000E+03,0.00000E+03,0.00000E+03,0.00000E+03,0.46218E+03,0.00000E+03,0.00000E+03,0.00000E+03,0.00000E+03,0.00000E+03,0.92029E+00,0.00000E+00,0.00000E+00,0.92098E+00,0.16264E+00,0.51976E+00,0.000E+00,-114.676E+00,179.093E+00,157.070E+00,164.684E+00,120.409E+00,23.031E+00,90.000E+00,90.000E+00,12.6021E+00,0.00000E+00,0.00000E+00,80.766E+00,100.000E+00,100.000E+00,0.20911E+03,0.00000E+03,0.00000E+03,+99999.9E+99,+99999.9E+99,+99999.9E+99,+99999.9E+99,+99999.9E+99,+99999.9E+99,+99999.9E+99,+99999.9E+99,+99999.9E+99,+99999.9E+99,+99999.9E+99,+99999.9E+99,1B00,0,0,0,1B00,76.7002E+00,76.6568E+00,76.3805E+00,76.5792E+00,72.5800E+00,72.6932E+00,72.0405E+00,72.4379E+00,76.7002E+00,76.6568E+00,76.3805E+00,0.0000E+00,0.0000E+00,0.0000E+00,70.7460E+00,70.6533E+00,70.4909E+00,105.657E+00,106.010E+00,105.704E+00,-104.581E+00,-105.016E+00,-104.474E+00,35.828E+00,35.292E+00,35.745E+00,+99999.9E+99,+99999.9E+99,+99999.9E+99,0.210E+00,9.7639E+00,9.3501E+00,9.9586E+00,9.6909E+00,8.4569E+00,8.1033E+00,8.5144E+00,8.3582E+00,9.7634E+00,9.3501E+00,9.9586E+00,-0.1024E+00,0.0000E+00,0.0000E+00,13.4104E+00,13.4686E+00,14.0242E+00,26.3919E+00,24.8786E+00,27.1914E+00,-25.5590E+00,-23.5167E+00,-26.5176E+00,42.867E+00,42.078E+00,40.167E+00,+99999.9E+99,+99999.9E+99,+99999.9E+99,2.564E+00,0.28706E+03,0.28550E+03,0.30554E+03,0.87809E+03,0.46717E+03,0.48299E+03,0.49167E+03,1.44183E+03,0.43429E+03,0.41613E+03,0.44186E+03,1.29227E+03,0.54253E+03,0.54614E+03,0.56386E+03,1.65222E+03,-0.32589E+03,-0.30274E+03,-0.31919E+03,-0.94783E+03,-0.27584E+03,-0.25495E+03,-0.27603E+03,-0.80682E+03,-0.66098E+00,-0.68608E+00,-0.69148E+00,-0.67949E+00,-0.86110E+00,-0.88436E+00,-0.87198E+00,-0.87266E+00,0.000E+00,120.188E+00,-119.980E+00,60.509E+00,177.946E+00,-60.550E+00,-48.625E+00,-46.679E+00,-46.252E+00,-47.196E+00,202.401E+00,201.758E+00,202.582E+00,91.939E+00,+99999.9E+99,+99999.9E+99,0.00007E+06,-0.00052E+06,0.00000E+00,10.188E+00,0.757E+03,0.00081E+06,43.923E+00,F0F08
2021/11/30,17:34:17,00000:00:42,350,38003F00,700,1C00,1C00,3800,99.922E+00,0.000E+00,0.000E+00,110.984E+00,0.000E+00,0.000E+00,0.509E+00,0.000E+00,0.000E+00,99.921E+00,0.000E+00,0.000E+00,0.000E+00,0.000E+00,0.000E+00,100.996E+00,0.000E+00,0.000E+00,98.800E+00,0.000E+00,0.000E+00,63.340E+00,+99999.9E+99,+99999.9E+99,1.099E+00,+99999.9E+99,+99999.9E+99,11.8228E+00,0.00000E+00,0.00000E+00,12.1085E+00,0.00000E+00,0.00000E+00,4.5757E+00,0.00000E+00,0.00000E+00,10.9014E+00,0.00000E+00,0.00000E+00,4.0615E+00,0.00000E+00,0.00000E+00,18.2367E+00,0.0000E+00,0.0000E+00,4.1743E+00,0.0000E+00,0.0000E+00,46.227E+00,+99999.9E+99,+99999.9E+99,64.498E+00,+99999.9E+99,+99999.9E+99,1.08720E+03,0.00000E+03,0.00000E+03,0.00000E+03,0.00000E+03,0.00000E+03,1.18136E+03,0.00000E+03,0.00000E+03,0.00000E+03,0.00000E+03,0.00000E+03,0.46218E+03,0.00000E+03,0.00000E+03,0.00000E+03,0.00000E+03,0.00000E+03,0.92029E+00,0.00000E+00,0.00000E+00,0.88260E+00,0.38234E+00,0.92765E+00,0.000E+00,67.967E+00,-164.542E+00,151.958E+00,-44.511E+00,-142.614E+00,23.031E+00,90.000E+00,90.000E+00,12.6021E+00,0.00000E+00,0.00000E+00,97.034E+00,100.000E+00,100.000E+00,0.03225E+03,0.00000E+03,0.00000E+03,+99999.9E+99,+99999.9E+99,+99999.9E+99,+99999.9E+99,+99999.9E+99,+99999.9E+99,+99999.9E+99,+99999.9E+99,+99999.9E+99,+99999.9E+99,+99999.9E+99,+99999.9E+99,1B00,0,0,0,1B00,76.5364E+00,77.0216E+00,77.0506E+00,76.8695E+00,71.8626E+00,72.7959E+00,72.8242E+00,72.4942E+00,76.5364E+00,77.0216E+00,77.0506E+00,0.0000E+00,0.0000E+00,0.0000E+00,73.1302E+00,73.2350E+00,73.1215E+00,105.843E+00,106.047E+00,105.747E+00,-104.516E+00,-103.531E+00,-105.003E+00,13.974E+00,13.919E+00,14.179E+00,+99999.9E+99,+99999.9E+99,+99999.9E+99,0.101E+00,11.7294E+00,11.4829E+00,11.2903E+00,11.5009E+00,10.1265E+00,9.9788E+00,9.6894E+00,9.9316E+00,11.7284E+00,11.4759E+00,11.2768E+00,-0.1498E+00,-0.4011E+00,0.5520E+00,4.8333E+00,4.5942E+00,4.8372E+00,27.7186E+00,27.0781E+00,28.5143E+00,-26.6086E+00,-27.1619E+00,-26.0838E+00,58.424E+00,59.719E+00,56.285E+00,+99999.9E+99,+99999.9E+99,+99999.9E+99,2.729E+00,0.36277E+03,0.34359E+03,0.34859E+03,1.05495E+03,0.17413E+03,0.17074E+03,0.18015E+03,0.52502E+03,0.52392E+03,0.51211E+03,0.50621E+03,1.54225E+03,0.19983E+03,0.19284E+03,0.20164E+03,0.59420E+03,-0.37801E+03,-0.37975E+03,-0.36707E+03,-1.12482E+03,-0.09804E+03,-0.08964E+03,-0.09058E+03,-0.27825E+03,-0.69242E+00,-0.67092E+00,-0.68862E+00,-0.68404E+00,-0.87139E+00,-0.88540E+00,-0.89342E+00,-0.88358E+00,0.000E+00,120.053E+00,-119.906E+00,59.424E+00,177.703E+00,-63.207E+00,-46.178E+00,-47.862E+00,-46.479E+00,-46.840E+00,201.243E+00,201.986E+00,201.382E+00,92.895E+00,+99999.9E+99,+99999.9E+99,0.00007E+06,-0.00064E+06,0.00000E+00,12.371E+00,0.756E+03,0.00098E+06,43.614E+00,F0F08
2021/11/30,17:34:17,00000:00:42,400,38003F00,2800,3B00,3B00,3F00,99.984E+00,0.000E+00,0.000E+00,111.053E+00,0.000E+00,0.000E+00,0.500E+00,0.000E+00,0.000E+00,99.983E+00,0.000E+00,0.000E+00,0.000E+00,0.000E+00,0.000E+00,100.946E+00,0.000E+00,0.000E+00,98.796E+00,0.000E+00,0.000E+00,63.340E+00,+99999.9E+99,+99999.9E+99,1.075E+00,+99999.9E+99,+99999.9E+99,11.5137E+00,0.00000E+00,0.00000E+00,11.7203E+00,0.00000E+00,0.00000E+00,4.6066E+00,0.00000E+00,0.00000E+00,10.5520E+00,0.00000E+00,0.00000E+00,4.0615E+00,0.00000E+00,0.00000E+00,18.3048E+00,0.0000E+00,0.0000E+00,4.1255E+00,0.0000E+00,0.0000E+00,46.227E+00,+99999.9E+99,+99999.9E+99,67.188E+00,+99999.9E+99,+99999.9E+99,1.05296E+03,0.00000E+03,0.00000E+03,0.00000E+03,0.00000E+03,0.00000E+03,1.15119E+03,0.00000E+03,0.00000E+03,0.00000E+03,0.00000E+03,0.00000E+03,0.46530E+03,0.00000E+03,0.00000E+03,0.00000E+03,0.00000E+03,0.00000E+03,0.91467E+00,0.00000E+00,0.00000E+00,0.88260E+00,0.38234E+00,0.92765E+00,0.000E+00,67.967E+00,-164.542E+00,151.958E+00,-44.511E+00,-142.614E+00,23.841E+00,90.000E+00,90.000E+00,0.00000E+00,0.00000E+00,0.00000E+00,120.569E+00,100.000E+00,100.000E+00,-0.21658E+03,0.00000E+03,0.00000E+03,+99999.9E+99,+99999.9E+99,+99999.9E+99,+99999.9E+99,+99999.9E+99,+99999.9E+99,+99999.9E+99,+99999.9E+99,+99999.9E+99,+99999.9E+99,+99999.9E+99,+99999.9E+99,1B00,0,0,0,1B00,77.2186E+00,77.2330E+00,76.9797E+00,77.1438E+00,72.1955E+00,72.3845E+00,71.8029E+00,72.1276E+00,77.2186E+00,77.2330E+00,76.9797E+00,0.0000E+00,0.0000E+00,0.0000E+00,70.4633E+00,71.0579E+00,70.9417E+00,105.381E+00,105.780E+00,105.567E+00,-104.621E+00,-105.139E+00,-104.663E+00,34.790E+00,34.712E+00,34.665E+00,+99999.9E+99,+99999.9E+99,+99999.9E+99,0.514E+00,13.4172E+00,12.9879E+00,13.3936E+00,13.2662E+00,12.3563E+00,11.9384E+00,12.3125E+00,12.2024E+00,13.4163E+00,12.9879E+00,13.3921E+00,-0.1489E+00,0.0000E+00,0.2005E+00,14.1190E+00,13.1927E+00,13.1769E+00,27.5938E+00,27.0638E+00,28.6238E+00,-26.4929E+00,-27.0595E+00,-26.3452E+00,39.640E+00,41.901E+00,42.101E+00,+99999.9E+99,+99999.9E+99,+99999.9E+99,4.409E+00,0.42025E+03,0.41306E+03,0.43623E+03,1.26954E+03,0.50402E+03,0.46084E+03,0.48624E+03,1.45110E+03,0.60422E+03,0.58512E+03,0.60201E+03,1.79135E+03,0.56883E+03,0.53339E+03,0.53841E+03,1.63969E+03,-0.43413E+03,-0.41442E+03,-0.41487E+03,-1.26342E+03,-0.26368E+03,-0.26857E+03,-0.23122E+03,-0.76347E+03,-0.69552E+00,-0.70595E+00,-0.72462E+00,-0.70871E+00,-0.88607E+00,-0.86399E+00,-0.90309E+00,-0.88499E+00,0.000E+00,119.835E+00,-119.665E+00,57.896E+00,-179.990E+00,-64.454E+00,-45.931E+00,-45.094E+00,-43.563E+00,-44.870E+00,202.128E+00,201.549E+00,201.904E+00,89.663E+00,+99999.9E+99,+99999.9E+99,0.00013E+06,-0.00073E+06,0.00000E+00,14.351E+00,0.757E+03,0.00114E+06,43.788E+00,F0F08
2021/11/30,17:34:17,00000:00:42,450,38003F00,2D00,3F00,3F00,3F00,99.984E+00,0.000E+00,0.000E+00,111.053E+00,0.000E+00,0.000E+00,0.500E+00,0.000E+00,0.000E+00,99.983E+00,0.000E+00,0.000E+00,0.000E+00,0.000E+00,0.000E+00,100.946E+00,0.000E+00,0.000E+00,98.796E+00,0.000E+00,0.000E+00,34.886E+00,+99999.9E+99,+99999.9E+99,1.075E+00,+99999.9E+99,+99999.9E+99,11.5137E+00,0.00000E+00,0.00000E+00,11.7203E+00,0.00000E+00,0.00000E+00,4.6066E+00,0.00000E+00,0.00000E+00,10.5520E+00,0.00000E+00,0.00000E+00,4.2587E+00,0.00000E+00,0.00000E+00,18.3048E+00,0.0000E+00,0.0000E+00,4.1255E+00,0.0000E+00,0.0000E+00,39.848E+00,+99999.9E+99,+99999.9E+99,67.188E+00,+99999.9E+99,+99999.9E+99,1.05296E+03,0.00000E+03,0.00000E+03,0.00000E+03,0.00000E+03,0.00000E+03,1.15119E+03,0.00000E+03,0.00000E+03,0.00000E+03,0.00000E+03,0.00000E+03,0.46530E+03,0.00000E+03,0.00000E+03,0.00000E+03,0.00000E+03,0.00000E+03,0.91467E+00,0.00000E+00,0.00000E+00,0.93454E+00,0.92172E+00,0.40894E+00,0.000E+00,42.880E+00,165.878E+00,159.155E+00,65.702E+00,-79.984E+00,23.841E+00,90.000E+00,90.000E+00,0.00000E+00,0.00000E+00,0.00000E+00,74.011E+00,100.000E+00,100.000E+00,0.27365E+03,0.00000E+03,0.00000E+03,+99999.9E+99,+99999.9E+99,+99999.9E+99,+99999.9E+99,+99999.9E+99,+99999.9E+99,+99999.9E+99,+99999.9E+99,+99999.9E+99,+99999.9E+99,+99999.9E+99,+99999.9E+99,1B00,0,0,0,1B00,76.2670E+00,76.6665E+00,76.5055E+00,76.4796E+00,72.1632E+00,72.9042E+00,72.6139E+00,72.5604E+00,76.2670E+00,76.6665E+00,76.5055E+00,0.0000E+00,0.0000E+00,0.0000E+00,71.9117E+00,71.7401E+00,71.6697E+00,105.653E+00,106.047E+00,105.810E+00,-104.169E+00,-104.696E+00,-104.349E+00,26.313E+00,25.362E+00,26.103E+00,+99999.9E+99,+99999.9E+99,+99999.9E+99,0.198E+00,8.2727E+00,8.2285E+00,8.1752E+00,8.2255E+00,7.3713E+00,7.3388E+00,7.2738E+00,7.3280E+00,8.2719E+00,8.2275E+00,8.1716E+00,-0.1184E+00,-0.1253E+00,0.2447E+00,9.3715E+00,9.5356E+00,9.8969E+00,22.3105E+00,20.8143E+00,20.5348E+00,-18.6381E+00,-19.2710E+00,-20.0462E+00,49.515E+00,47.173E+00,45.495E+00,+99999.9E+99,+99999.9E+99,+99999.9E+99,4.343E+00,0.26130E+03,0.25620E+03,0.26182E+03,0.77931E+03,0.32046E+03,0.34371E+03,0.34782E+03,1.01199E+03,0.36589E+03,0.36449E+03,0.36311E+03,1.09349E+03,0.37762E+03,0.38787E+03,0.40538E+03,1.17027E+03,-0.25612E+03,-0.25926E+03,-0.25159E+03,-0.76698E+03,-0.19975E+03,-0.17974E+03,-0.20822E+03,-0.58772E+03,-0.71415E+00,-0.70289E+00,-0.72104E+00,-0.71268E+00,-0.84864E+00,-0.88615E+00,-0.85800E+00,-0.86475E+00,0.000E+00,120.144E+00,-120.044E+00,61.859E+00,177.717E+00,-59.025E+00,-44.427E+00,-45.341E+00,-43.859E+00,-44.546E+00,202.038E+00,201.994E+00,201.964E+00,94.769E+00,+99999.9E+99,+99999.9E+99,0.00004E+06,-0.00048E+06,0.00000E+00,9.328E+00,0.756E+03,0.00074E+06,43.866E+00,F0F08
2021/11/30,17:34:17,00000:00:42,500,38003F00,2800,3B00,3B00,3F00,99.814E+00,0.000E+00,0.000E+00,110.864E+00,0.000E+00,0.000E+00,0.498E+00,0.000E+00,0.000E+00,99.813E+00,0.000E+00,0.000E+00,0.000E+00,0.000E+00,0.000E+00,100.911E+00,0.000E+00,0.000E+00,98.793E+00,0.000E+00,0.000E+00,34.886E+00,+99999.9E+99,+99999.9E+99,1.061E+00,+99999.9E+99,+99999.9E+99,12.2295E+00,0.00000E+00,0.00000E+00,12.6963E+00,0.00000E+00,0.00000E+00,4.3474E+00,0.00000E+00,0.00000E+00,11.4307E+00,0.00000E+00,0.00000E+00,4.2587E+00,0.00000E+00,0.00000E+00,18.3257E+00,0.0000E+00,0.0000E+00,4.0586E+00,0.0000E+00,0.0000E+00,39.848E+00,+99999.9E+99,+99999.9E+99,62.407E+00,+99999.9E+99,+99999.9E+99,1.13899E+03,0.00000E+03,0.00000E+03,0.00000E+03,0.00000E+03,0.00000E+03,1.22068E+03,0.00000E+03,0.00000E+03,0.00000E+03,0.00000E+03,0.00000E+03,-0.43904E+03,0.00000E+03,0.00000E+03,0.00000E+03,0.00000E+03,0.00000E+03,-0.93308E+00,0.00000E+00,0.00000E+00,0.93454E+00,0.92172E+00,0.40894E+00,0.000E+00,42.880E+00,165.878E+00,159.155E+00,65.702E+00,-79.984E+00,-21.080E+00,90.000E+00,90.000E+00,9.33736E+00,0.00000E+00,0.00000E+00,110.512E+00,100.000E+00,100.000E+00,-0.11973E+03,0.00000E+03,0.00000E+03,+99999.9E+99,+99999.9E+99,+99999.9E+99,+99999.9E+99,+99999.9E+99,+99999.9E+99,+99999.9E+99,+99999.9E+99,+99999.9E+99,+99999.9E+99,+99999.9E+99,+99999.9E+99,1B00,0,0,0,1B00,77.1010E+00,77.1816E+00,77.1293E+00,77.1373E+00,72.1727E+00,72.5440E+00,72.2967E+00,72.3378E+00,77.1010E+00,77.1816E+00,77.1293E+00,0.0000E+00,0.0000E+00,0.0000E+00,72.7186E+00,73.1253E+00,73.0009E+00,105.666E+00,106.003E+00,105.704E+00,-104.470E+00,-104.744E+00,-104.923E+00,16.461E+00,16.573E+00,16.910E+00,+99999.9E+99,+99999.9E+99,+99999.9E+99,0.336E+00,13.4128E+00,12.9451E+00,13.1375E+00,13.1652E+00,12.2126E+00,11.7363E+00,11.7959E+00,11.9149E+00,13.4118E+00,12.9410E+00,13.1282E+00,-0.1636E+00,-0.3286E+00,0.4935E+00,6.4846E+00,5.8236E+00,5.7047E+00,27.5743E+00,27.2024E+00,28.4700E+00,-26.6971E+00,-27.0038E+00,-26.7152E+00,49.428E+00,53.847E+00,54.804E+00,+99999.9E+99,+99999.9E+99,+99999.9E+99,6.943E+00,0.42822E+03,0.40631E+03,0.42419E+03,1.25872E+03,0.23397E+03,0.20430E+03,0.21983E+03,0.65810E+03,0.60456E+03,0.58174E+03,0.59031E+03,1.77660E+03,0.26115E+03,0.23593E+03,0.23819E+03,0.73429E+03,-0.42676E+03,-0.41633E+03,-0.41052E+03,-1.25360E+03,-0.11600E+03,-0.11800E+03,-0.09172E+03,-0.32572E+03,-0.70832E+00,-0.69845E+00,-0.71859E+00,-0.70850E+00,-0.89593E+00,-0.86593E+00,-0.92289E+00,-0.89623E+00,0.000E+00,119.927E+00,-119.754E+00,56.560E+00,179.879E+00,-67.236E+00,-44.902E+00,-45.698E+00,-44.062E+00,-44.887E+00,201.286E+00,201.470E+00,201.748E+00,90.715E+00,+99999.9E+99,+99999.9E+99,0.00012E+06,-0.00074E+06,0.00000E+00,14.398E+00,0.757E+03,0.00114E+06,43.563E+00,F0F08
2021/11/30,17:34:17,00000:00:42,550,38003800,0,1800,1800,3800,99.926E+00,0.000E+00,0.000E+00,110.989E+00,0.000E+00,0.000E+00,0.509E+00,0.000E+00,0.000E+00,99.925E+00,0.000E+00,0.000E+00,0.000E+00,0.000E+00,0.000E+00,100.950E+00,0.000E+00,0.000E+00,98.821E+00,0.000E+00,0.000E+00,108.419E+00,+99999.9E+99,+99999.9E+99,1.065E+00,+99999.9E+99,+99999.9E+99,11.7857E+00,0.00000E+00,0.00000E+00,12.0587E+00,0.00000E+00,0.00000E+00,4.5867E+00,0.00000E+00,0.00000E+00,10.8566E+00,0.00000E+00,0.00000E+00,2.8636E+00,0.00000E+00,0.00000E+00,18.1171E+00,0.0000E+00,0.0000E+00,4.1581E+00,0.0000E+00,0.0000E+00,109.533E+00,+99999.9E+99,495.586E+00,64.288E+00,+99999.9E+99,+99999.9E+99,1.08275E+03,0.00000E+03,0.00000E+03,0.00000E+03,0.00000E+03,0.00000E+03,1.17771E+03,0.00000E+03,0.00000E+03,0.00000E+03,0.00000E+03,0.00000E+03,0.46329E+03,0.00000E+03,0.00000E+03,0.00000E+03,0.00000E+03,0.00000E+03,0.91938E+00,0.00000E+00,0.00000E+00,0.82277E+00,0.75243E+00,0.59584E+00,0.000E+00,154.156E+00,170.542E+00,145.363E+00,-67.042E+00,117.114E+00,23.165E+00,90.000E+00,90.000E+00,12.6473E+00,0.00000E+00,0.00000E+00,100.375E+00,100.000E+00,100.000E+00,-0.00406E+03,0.00000E+03,0.00000E+03,+99999.9E+99,+99999.9E+99,+99999.9E+99,+99999.9E+99,+99999.9E+99,+99999.9E+99,+99999.9E+99,+99999.9E+99,+99999.9E+99,+99999.9E+99,+99999.9E+99,+99999.9E+99,1B00,0,0,0,1B00,76.7616E+00,77.1012E+00,76.8515E+00,76.9048E+00,72.0328E+00,72.6699E+00,72.1984E+00,72.3004E+00,76.7616E+00,77.1012E+00,76.8515E+00,0.0000E+00,0.0000E+00,0.0000E+00,70.1412E+00,70.5300E+00,70.4729E+00,105.476E+00,106.047E+00,105.460E+00,-104.576E+00,-104.533E+00,-104.547E+00,37.539E+00,37.490E+00,37.336E+00,+99999.9E+99,+99999.9E+99,+99999.9E+99,0.347E+00,11.9253E+00,11.7597E+00,12.0427E+00,11.9092E+00,10.4391E+00,10.3668E+00,10.5551E+00,10.4537E+00,11.9253E+00,11.7597E+00,12.0427E+00,0.0000E+00,0.0000E+00,0.0000E+00,15.0660E+00,14.4505E+00,14.4776E+00,27.5814E+00,27.1390E+00,28.5129E+00,-26.1986E+00,-26.9367E+00,-26.6967E+00,39.282E+00,40.820E+00,40.544E+00,+99999.9E+99,+99999.9E+99,+99999.9E+99,2.920E+00,0.35658E+03,0.35891E+03,0.37132E+03,1.08681E+03,0.53633E+03,0.50514E+03,0.52575E+03,1.56722E+03,0.53302E+03,0.52678E+03,0.54038E+03,1.60017E+03,0.60928E+03,0.58245E+03,0.58865E+03,1.77994E+03,-0.39618E+03,-0.38559E+03,-0.39259E+03,-1.17436E+03,-0.28910E+03,-0.28996E+03,-0.26475E+03,-0.84381E+03,-0.66899E+00,-0.68133E+00,-0.68715E+00,-0.67918E+00,-0.88026E+00,-0.86727E+00,-0.89315E+00,-0.88049E+00,0.000E+00,119.871E+00,-119.788E+00,58.511E+00,179.699E+00,-63.216E+00,-48.011E+00,-47.052E+00,-46.595E+00,-47.220E+00,202.266E+00,202.434E+00,201.929E+00,90.290E+00,+99999.9E+99,+99999.9E+99,0.00011E+06,-0.00062E+06,0.00000E+00,12.372E+00,0.757E+03,0.00098E+06,43.830E+00,F0F0F
2021/11/30,17:34:17,00000:00:42,600,38003F00,700,1F00,1F00,3F00,99.926E+00,0.000E+00,0.000E+00,110.989E+00,0.000E+00,0.000E+00,0.509E+00,0.000E+00,0.000E+00,99.925E+00,0.000E+00,0.000E+00,0.000E+00,0.000E+00,0.000E+00,100.950E+00,0.000E+00,0.000E+00,98.821E+00,0.000E+00,0.000E+00,18.034E+00,+99999.9E+99,336.537E+00,1.065E+00,+99999.9E+99,+99999.9E+99,11.7857E+00,0.00000E+00,0.00000E+00,12.0587E+00,0.00000E+00,0.00000E+00,4.5867E+00,0.00000E+00,0.00000E+00,10.8566E+00,0.00000E+00,0.00000E+00,4.6962E+00,0.00000E+00,0.00000E+00,18.1171E+00,0.0000E+00,0.0000E+00,4.1581E+00,0.0000E+00,0.0000E+00,8.381E+00,+99999.9E+99,+99999.9E+99,64.288E+00,+99999.9E+99,+99999.9E+99,1.08275E+03,0.00000E+03,0.00000E+03,0.00000E+03,0.00000E+03,0.00000E+03,1.17771E+03,0.00000E+03,0.00000E+03,0.00000E+03,0.00000E+03,0.00000E+03,0.46329E+03,0.00000E+03,0.00000E+03,0.00000E+03,0.00000E+03,0.00000E+03,0.91938E+00,0.00000E+00,0.00000E+00,0.91721E+00,0.99981E+00,0.28603E+00,0.000E+00,160.109E+00,145.574E+00,156.522E+00,158.993E+00,-141.046E+00,23.165E+00,90.000E+00,90.000E+00,12.6473E+00,0.00000E+00,0.00000E+00,78.700E+00,100.000E+00,100.000E+00,0.23062E+03,0.00000E+03,0.00000E+03,+99999.9E+99,+99999.9E+99,+99999.9E+99,+99999.9E+99,+99999.9E+99,+99999.9E+99,+99999.9E+99,+99999.9E+99,+99999.9E+99,+99999.9E+99,+99999.9E+99,+99999.9E+99,1B00,0,0,0,1B00,76.5689E+00,76.6389E+00,76.5982E+00,76.6020E+00,72.4449E+00,72.7963E+00,72.5602E+00,72.6005E+00,76.5689E+00,76.6389E+00,76.5982E+00,0.0000E+00,0.0000E+00,0.0000E+00,72.5168E+00,72.2795E+00,72.2658E+00,105.849E+00,106.079E+00,105.760E+00,-104.459E+00,-104.557E+00,-105.039E+00,22.416E+00,21.494E+00,22.002E+00,+99999.9E+99,+99999.9E+99,+99999.9E+99,0.224E+00,9.5570E+00,9.0311E+00,9.1608E+00,9.2497E+00,8.2559E+00,7.8219E+00,7.8545E+00,7.9774E+00,9.5559E+00,9.0273E+00,9.1516E+00,-0.1479E+00,-0.2624E+00,0.4115E+00,7.6301E+00,8.0602E+00,8.2625E+00,26.2257E+00,24.1138E+00,25.0524E+00,-26.6862E+00,-25.3176E+00,-22.3433E+00,53.083E+00,48.791E+00,47.603E+00,+99999.9E+99,+99999.9E+99,+99999.9E+99,4.725E+00,0.29211E+03,0.27249E+03,0.28753E+03,0.85213E+03,0.26935E+03,0.29122E+03,0.29322E+03,0.85380E+03,0.42544E+03,0.40076E+03,0.40653E+03,1.23273E+03,0.31333E+03,0.32443E+03,0.33865E+03,0.97581E+03,-0.30930E+03,-0.29387E+03,-0.28739E+03,-0.89057E+03,-0.16008E+03,-0.14298E+03,-0.16942E+03,-0.47248E+03,-0.68661E+00,-0.67993E+00,-0.70728E+00,-0.69125E+00,-0.85963E+00,-0.89765E+00,-0.86586E+00,-0.87496E+00,0.000E+00,120.115E+00,-120.104E+00,60.616E+00,176.260E+00,-59.973E+00,-46.638E+00,-47.162E+00,-44.986E+00,-46.271E+00,201.871E+00,201.506E+00,202.245E+00,94.209E+00,+99999.9E+99,+99999.9E+99,0.00005E+06,-0.00053E+06,0.00000E+00,10.130E+00,0.757E+03,0.00080E+06,43.771E+00,F0F08
2021/11/30,17:34:17,00000:00:42,650,38003F00,700,1F00,1F00,3F00,99.926E+00,0.000E+00,0.000E+00,110.989E+00,0.000E+00,0.000E+00,0.509E+00,0.000E+00,0.000E+00,99.925E+00,0.000E+00,0.000E+00,0.000E+00,0.000E+00,0.000E+00,100.950E+00,0.000E+00,0.000E+00,98.821E+00,0.000E+00,0.000E+00,18.034E+00,+99999.9E+99,336.537E+00,1.065E+00,+99999.9E+99,+99999.9E+99,11.7857E+00,0.00000E+00,0.00000E+00,12.0587E+00,0.00000E+00,0.00000E+00,4.5867E+00,0.00000E+00,0.00000E+00,10.8566E+00,0.00000E+00,0.00000E+00,4.6962E+00,0.00000E+00,0.00000E+00,18.1171E+00,0.0000E+00,0.0000E+00,4.1581E+00,0.0000E+00,0.0000E+00,8.381E+00,+99999.9E+99,+99999.9E+99,64.288E+00,+99999.9E+99,+99999.9E+99,1.08275E+03,0.00000E+03,0.00000E+03,0.00000E+03,0.00000E+03,0.00000E+03,1.17771E+03,0.00000E+03,0.00000E+03,0.00000E+03,0.00000E+03,0.00000E+03,0.46329E+03,0.00000E+03,0.00000E+03,0.00000E+03,0.00000E+03,0.00000E+03,0.91938E+00,0.00000E+00,0.00000E+00,0.91721E+00,0.99981E+00,0.28603E+00,0.000E+00,160.109E+00,145.574E+00,156.522E+00,158.993E+00,-141.046E+00,23.165E+00,90.000E+00,90.000E+00,12.6473E+00,0.00000E+00,0.00000E+00,122.700E+00,100.000E+00,100.000E+00,-0.24578E+03,0.00000E+03,0.00000E+03,+99999.9E+99,+99999.9E+99,+99999.9E+99,+99999.9E+99,+99999.9E+99,+99999.9E+99,+99999.9E+99,+99999.9E+99,+99999.9E+99,+99999.9E+99,+99999.9E+99,+99999.9E+99,1B00,0,0,0,1B00,77.0154E+00,77.4700E+00,77.3329E+00,77.2728E+00,71.6581E+00,72.5277E+00,72.2636E+00,72.1498E+00,77.0154E+00,77.4700E+00,77.3329E+00,0.0000E+00,0.0000E+00,0.0000E+00,72.3435E+00,72.8274E+00,72.6889E+00,105.556E+00,106.043E+00,105.591E+00,-104.459E+00,-104.027E+00,-105.523E+00,20.175E+00,20.127E+00,20.465E+00,+99999.9E+99,+99999.9E+99,+99999.9E+99,0.403E+00,13.7921E+00,13.4453E+00,13.6001E+00,13.6125E+00,12.8930E+00,12.6794E+00,12.6571E+00,12.7432E+00,13.7912E+00,13.4430E+00,13.5941E+00,-0.1571E+00,-0.2444E+00,0.4026E+00,8.0448E+00,7.4194E+00,7.2760E+00,27.5667E+00,27.0176E+00,28.3676E+00,-26.7238E+00,-26.9943E+00,-26.2776E+00,47.002E+00,49.575E+00,51.098E+00,+99999.9E+99,+99999.9E+99,+99999.9E+99,7.306E+00,0.44705E+03,0.43479E+03,0.44670E+03,1.32854E+03,0.29373E+03,0.25451E+03,0.27492E+03,0.82316E+03,0.62132E+03,0.60595E+03,0.61503E+03,1.84230E+03,0.32799E+03,0.29500E+03,0.29776E+03,0.91938E+03,-0.43149E+03,-0.42206E+03,-0.42275E+03,-1.27630E+03,-0.14593E+03,-0.14917E+03,-0.11437E+03,-0.40947E+03,-0.71952E+00,-0.71753E+00,-0.72631E+00,-0.72113E+00,-0.89556E+00,-0.86274E+00,-0.92330E+00,-0.89535E+00,0.000E+00,119.896E+00,-119.718E+00,56.642E+00,-179.789E+00,-67.294E+00,-43.985E+00,-44.149E+00,-43.422E+00,-43.852E+00,201.774E+00,202.226E+00,201.114E+00,90.612E+00,+99999.9E+99,+99999.9E+99,0.00012E+06,-0.00077E+06,0.00000E+00,15.172E+00,0.758E+03,0.00120E+06,43.674E+00,F0F08
2021/11/30,17:34:17,00000:00:42,700,38003F00,500,1F00,1F00,3F00,99.926E+00,0.000E+00,0.000E+00,110.989E+00,0.000E+00,0.000E+00,0.509E+00,0.000E+00,0.000E+00,99.925E+00,0.000E+00,0.000E+00,0.000E+00,0.000E+00,0.000E+00,100.950E+00,0.000E+00,0.000E+00,98.821E+00,0.000E+00,0.000E+00,65.649E+00,+99999.9E+99,490.667E+00,1.065E+00,+99999.9E+99,+99999.9E+99,11.7857E+00,0.00000E+00,0.00000E+00,12.0587E+00,0.00000E+00,0.00000E+00,4.5867E+00,0.00000E+00,0.00000E+00,10.8566E+00,0.00000E+00,0.00000E+00,4.0399E+00,0.00000E+00,0.00000E+00,18.1171E+00,0.0000E+00,0.0000E+00,4.1581E+00,0.0000E+00,0.0000E+00,46.216E+00,+99999.9E+99,+99999.9E+99,64.288E+00,+99999.9E+99,+99999.9E+99,1.08275E+03,0.00000E+03,0.00000E+03,0.00000E+03,0.00000E+03,0.00000E+03,1.17771E+03,0.00000E+03,0.00000E+03,0.00000E+03,0.00000E+03,0.00000E+03,0.46329E+03,0.00000E+03,0.00000E+03,0.00000E+03,0.00000E+03,0.00000E+03,0.91938E+00,0.00000E+00,0.00000E+00,0.88485E+00,0.24208E+00,0.99880E+00,0.000E+00,44.985E+00,161.354E+00,152.233E+00,148.995E+00,158.552E+00,23.165E+00,90.000E+00,90.000E+00,12.6473E+00,0.00000E+00,0.00000E+00,78.728E+00,100.000E+00,100.000E+00,0.23032E+03,0.00000E+03,0.00000E+03,+99999.9E+99,+99999.9E+99,+99999.9E+99,+99999.9E+99,+99999.9E+99,+99999.9E+99,+99999.9E+99,+99999.9E+99,+99999.9E+99,+99999.9E+99,+99999.9E+99,+99999.9E+99,1B00,0,0,0,1B00,76.7133E+00,76.6624E+00,76.3851E+00,76.5869E+00,72.5337E+00,72.6360E+00,71.9936E+00,72.3878E+00,76.7133E+00,76.6624E+00,76.3851E+00,0.0000E+00,0.0000E+00,0.0000E+00,70.2889E+00,70.3401E+00,70.1897E+00,105.849E+00,105.986E+00,105.747E+00,-104.554E+00,-104.737E+00,-104.664E+00,37.679E+00,37.360E+00,37.535E+00,+99999.9E+99,+99999.9E+99,+99999.9E+99,0.121E+00,9.6172E+00,9.1865E+00,9.7990E+00,9.5342E+00,8.3060E+00,7.9435E+00,8.3465E+00,8.1987E+00,9.6166E+00,9.1865E+00,9.7990E+00,-0.1027E+00,0.0000E+00,0.0000E+00,14.4098E+00,14.2930E+00,14.6672E+00,26.4452E+00,24.7871E+00,27.1648E+00,-25.6238E+00,-23.3148E+00,-26.7105E+00,41.425E+00,41.434E+00,39.913E+00,+99999.9E+99,+99999.9E+99,+99999.9E+99,1.695E+00,0.27891E+03,0.27688E+03,0.29665E+03,0.85243E+03,0.49944E+03,0.50293E+03,0.51622E+03,1.51860E+03,0.42771E+03,0.40877E+03,0.43460E+03,1.27108E+03,0.58194E+03,0.57665E+03,0.59288E+03,1.75133E+03,-0.32426E+03,-0.30072E+03,-0.31761E+03,-0.94260E+03,-0.29867E+03,-0.28210E+03,-0.29159E+03,-0.87236E+03,-0.65209E+00,-0.67734E+00,-0.68258E+00,-0.67064E+00,-0.85825E+00,-0.87216E+00,-0.87070E+00,-0.86711E+00,0.000E+00,120.107E+00,-119.911E+00,60.903E+00,179.330E+00,-60.409E+00,-49.301E+00,-47.364E+00,-46.955E+00,-47.884E+00,201.925E+00,201.698E+00,202.582E+00,92.004E+00,+99999.9E+99,+99999.9E+99,0.00007E+06,-0.00051E+06,0.00000E+00,9.901E+00,0.756E+03,0.00078E+06,43.810E+00,F0F08
2021/11/30,17:34:17,00000:00:42,750,38003A00,2A00,3800,3800,3800,99.991E+00,0.000E+00,0.000E+00,111.061E+00,0.000E+00,0.000E+00,0.500E+00,0.000E+00,0.000E+00,99.990E+00,0.000E+00,0.000E+00,0.000E+00,0.000E+00,0.000E+00,100.968E+00,0.000E+00,0.000E+00,98.814E+00,0.000E+00,0.000E+00,65.649E+00,+99999.9E+99,490.667E+00,1.077E+00,+99999.9E+99,+99999.9E+99,11.4463E+00,0.00000E+00,0.00000E+00,11.6355E+00,0.00000E+00,0.00000E+00,4.6130E+00,0.00000E+00,0.00000E+00,10.4756E+00,0.00000E+00,0.00000E+00,4.0399E+00,0.00000E+00,0.00000E+00,18.2383E+00,0.0000E+00,0.0000E+00,4.0395E+00,0.0000E+00,0.0000E+00,46.216E+00,+99999.9E+99,+99999.9E+99,67.771E+00,+99999.9E+99,+99999.9E+99,1.04539E+03,0.00000E+03,0.00000E+03,0.00000E+03,0.00000E+03,0.00000E+03,1.14453E+03,0.00000E+03,0.00000E+03,0.00000E+03,0.00000E+03,0.00000E+03,0.46595E+03,0.00000E+03,0.00000E+03,0.00000E+03,0.00000E+03,0.00000E+03,0.91338E+00,0.00000E+00,0.00000E+00,0.88485E+00,0.24208E+00,0.99880E+00,0.000E+00,44.985E+00,161.354E+00,152.233E+00,148.995E+00,158.552E+00,24.023E+00,90.000E+00,90.000E+00,0.00000E+00,0.00000E+00,0.00000E+00,101.287E+00,100.000E+00,100.000E+00,-0.01346E+03,0.00000E+03,0.00000E+03,+99999.9E+99,+99999.9E+99,+99999.9E+99,+99999.9E+99,+99999.9E+99,+99999.9E+99,+99999.9E+99,+99999.9E+99,+99999.9E+99,+99999.9E+99,+99999.9E+99,+99999.9E+99,1B00,0,0,0,1B00,76.5149E+00,77.0374E+00,77.0422E+00,76.8649E+00,71.8522E+00,72.8160E+00,72.8231E+00,72.4971E+00,76.5149E+00,77.0374E+00,77.0422E+00,0.0000E+00,0.0000E+00,0.0000E+00,73.0409E+00,73.0298E+00,72.9409E+00,105.669E+00,106.003E+00,105.696E+00,-104.367E+00,-105.156E+00,-104.703E+00,15.014E+00,14.870E+00,15.001E+00,+99999.9E+99,+99999.9E+99,+99999.9E+99,0.090E+00,11.7348E+00,11.5225E+00,11.3206E+00,11.5260E+00,10.1357E+00,10.0136E+00,9.7202E+00,9.9565E+00,11.7336E+00,11.5159E+00,11.3067E+00,-0.1709E+00,-0.3878E+00,0.5599E+00,5.0511E+00,4.9529E+00,5.3121E+00,27.6781E+00,27.1000E+00,28.5686E+00,-26.4076E+00,-27.2781E+00,-26.1190E+00,60.044E+00,59.340E+00,55.473E+00,+99999.9E+99,+99999.9E+99,+99999.9E+99,3.310E+00,0.36358E+03,0.34566E+03,0.34961E+03,1.05885E+03,0.17810E+03,0.18317E+03,0.19022E+03,0.55150E+03,0.52381E+03,0.51393E+03,0.50777E+03,1.54551E+03,0.20845E+03,0.20733E+03,0.21805E+03,0.63366E+03,-0.37708E+03,-0.38031E+03,-0.36824E+03,-1.12564E+03,-0.10832E+03,-0.09713E+03,-0.10660E+03,-0.31205E+03,-0.69411E+00,-0.67259E+00,-0.68851E+00,-0.68511E+00,-0.85440E+00,-0.88348E+00,-0.87235E+00,-0.87034E+00,0.000E+00,120.084E+00,-119.970E+00,61.298E+00,177.980E+00,-60.656E+00,-46.044E+00,-47.733E+00,-46.487E+00,-46.755E+00,201.980E+00,201.908E+00,201.312E+00,93.050E+00,+99999.9E+99,+99999.9E+99,0.00007E+06,-0.00064E+06,0.00000E+00,12.437E+00,0.756E+03,0.00099E+06,43.820E+00,F0F08
2021/11/30,17:34:18,00000:00:42,800,38003F00,2D00,3F00,3F00,3F00,99.991E+00,0.000E+00,0.000E+00,111.061E+00,0.000E+00,0.000E+00,0.500E+00,0.000E+00,0.000E+00,99.990E+00,0.000E+00,0.000E+00,0.000E+00,0.000E+00,0.000E+00,100.968E+00,0.000E+00,0.000E+00,98.814E+00,0.000E+00,0.000E+00,37.491E+00,+99999.9E+99,+99999.9E+99,1.077E+00,+99999.9E+99,+99999.9E+99,11.4463E+00,0.00000E+00,0.00000E+00,11.6355E+00,0.00000E+00,0.00000E+00,4.6130E+00,0.00000E+00,0.00000E+00,10.4756E+00,0.00000E+00,0.00000E+00,4.2562E+00,0.00000E+00,0.00000E+00,18.2383E+00,0.0000E+00,0.0000E+00,4.0395E+00,0.0000E+00,0.0000E+00,42.146E+00,+99999.9E+99,+99999.9E+99,67.771E+00,+99999.9E+99,+99999.9E+99,1.04539E+03,0.00000E+03,0.00000E+03,0.00000E+03,0.00000E+03,0.00000E+03,1.14453E+03,0.00000E+03,0.00000E+03,0.00000E+03,0.00000E+03,0.00000E+03,0.46595E+03,0.00000E+03,0.00000E+03,0.00000E+03,0.00000E+03,0.00000E+03,0.91338E+00,0.00000E+00,0.00000E+00,0.93270E+00,0.52749E+00,0.14045E+00,0.000E+00,-67.278E+00,177.928E+00,158.860E+00,-9.114E+00,-100.145E+00,24.023E+00,90.000E+00,90.000E+00,0.00000E+00,0.00000E+00,0.00000E+00,122.899E+00,100.000E+00,100.000E+00,-0.23939E+03,0.00000E+03,0.00000E+03,+99999.9E+99,+99999.9E+99,+99999.9E+99,+99999.9E+99,+99999.9E+99,+99999.9E+99,+99999.9E+99,+99999.9E+99,+99999.9E+99,+99999.9E+99,+99999.9E+99,+99999.9E+99,1B00,0,0,0,1B00,77.2152E+00,77.2272E+00,76.9931E+00,77.1452E+00,72.2200E+00,72.4081E+00,71.8580E+00,72.1620E+00,77.2152E+00,77.2272E+00,76.9931E+00,0.0000E+00,0.0000E+00,0.0000E+00,71.0439E+00,71.6923E+00,71.4814E+00,105.333E+00,105.620E+00,105.541E+00,-104.166E+00,-104.853E+00,-104.396E+00,30.349E+00,30.618E+00,30.497E+00,+99999.9E+99,+99999.9E+99,+99999.9E+99,0.528E+00,13.4987E+00,13.0841E+00,13.4753E+00,13.3527E+00,12.4440E+00,12.0390E+00,12.4025E+00,12.2952E+00,13.4979E+00,13.0841E+00,13.4737E+00,-0.1493E+00,0.0000E+00,0.2031E+00,12.4299E+00,11.3519E+00,11.4968E+00,27.6838E+00,27.0995E+00,28.6138E+00,-26.4671E+00,-27.0495E+00,-26.2648E+00,40.976E+00,44.037E+00,44.069E+00,+99999.9E+99,+99999.9E+99,+99999.9E+99,5.646E+00,0.42534E+03,0.41843E+03,0.44101E+03,1.28478E+03,0.44651E+03,0.39935E+03,0.42517E+03,1.27103E+03,0.60806E+03,0.58950E+03,0.60584E+03,1.80340E+03,0.50075E+03,0.46218E+03,0.46568E+03,1.42726E+03,-0.43454E+03,-0.41525E+03,-0.41539E+03,-1.26518E+03,-0.22667E+03,-0.23265E+03,-0.18995E+03,-0.64927E+03,-0.69950E+00,-0.70980E+00,-0.72793E+00,-0.71242E+00,-0.89168E+00,-0.86406E+00,-0.91303E+00,-0.89054E+00,0.000E+00,119.901E+00,-119.605E+00,57.212E+00,-179.975E+00,-65.730E+00,-45.613E+00,-44.781E+00,-43.287E+00,-44.568E+00,201.267E+00,201.728E+00,201.881E+00,89.665E+00,+99999.9E+99,+99999.9E+99,0.00013E+06,-0.00073E+06,0.00000E+00,14.528E+00,0.757E+03,0.00115E+06,43.567E+00,F0F08
2021/11/30,17:34:18,00000:00:42,850,38003F00,2800,3B00,3B00,3F00,99.852E+00,0.000E+00,0.000E+00,110.907E+00,0.000E+00,0.000E+00,0.507E+00,0.000E+00,0.000E+00,99.851E+00,0.000E+00,0.000E+00,0.000E+00,0.000E+00,0.000E+00,100.925E+00,0.000E+00,0.000E+00,98.868E+00,0.000E+00,0.000E+00,37.491E+00,+99999.9E+99,+99999.9E+99,1.030E+00,+99999.9E+99,+99999.9E+99,12.5842E+00,0.00000E+00,0.00000E+00,13.1759E+00,0.00000E+00,0.00000E+00,4.2006E+00,0.00000E+00,0.00000E+00,11.8625E+00,0.00000E+00,0.00000E+00,4.2562E+00,0.00000E+00,0.00000E+00,18.2683E+00,0.0000E+00,0.0000E+00,4.3055E+00,0.0000E+00,0.0000E+00,42.146E+00,+99999.9E+99,+99999.9E+99,58.853E+00,+99999.9E+99,+99999.9E+99,1.18257E+03,0.00000E+03,0.00000E+03,0.00000E+03,0.00000E+03,0.00000E+03,1.25657E+03,0.00000E+03,0.00000E+03,0.00000E+03,0.00000E+03,0.00000E+03,0.42483E+03,0.00000E+03,0.00000E+03,0.00000E+03,0.00000E+03,0.00000E+03,0.94112E+00,0.00000E+00,0.00000E+00,0.93270E+00,0.52749E+00,0.14045E+00,0.000E+00,-67.278E+00,177.928E+00,158.860E+00,-9.114E+00,-100.145E+00,19.760E+00,90.000E+00,90.000E+00,15.0399E+00,0.00000E+00,0.00000E+00,65.813E+00,100.000E+00,100.000E+00,0.40429E+03,0.00000E+03,0.00000E+03,+99999.9E+99,+99999.9E+99,+99999.9E+99,+99999.9E+99,+99999.9E+99,+99999.9E+99,+99999.9E+99,+99999.9E+99,+99999.9E+99,+99999.9E+99,+99999.9E+99,+99999.9E+99,1B00,0,0,0,1B00,76.2668E+00,76.6699E+00,76.5024E+00,76.4797E+00,72.1640E+00,72.9106E+00,72.6107E+00,72.5618E+00,76.2668E+00,76.6699E+00,76.5024E+00,0.0000E+00,0.0000E+00,0.0000E+00,71.2857E+00,71.1707E+00,71.0115E+00,105.793E+00,106.070E+00,105.746E+00,-104.263E+00,-104.971E+00,-104.353E+00,31.484E+00,30.830E+00,31.357E+00,+99999.9E+99,+99999.9E+99,+99999.9E+99,0.234E+00,8.2635E+00,8.2174E+00,8.1659E+00,8.2156E+00,7.3635E+00,7.3312E+00,7.2666E+00,7.3204E+00,8.2627E+00,8.2165E+00,8.1624E+00,-0.1150E+00,-0.1222E+00,0.2384E+00,11.5678E+00,11.5647E+00,12.1599E+00,22.3219E+00,20.7924E+00,20.5333E+00,-18.6148E+00,-19.0909E+00,-20.0095E+00,45.372E+00,44.371E+00,42.308E+00,+99999.9E+99,+99999.9E+99,+99999.9E+99,3.408E+00,0.26091E+03,0.25587E+03,0.26150E+03,0.77829E+03,0.39719E+03,0.41790E+03,0.42467E+03,1.23975E+03,0.36547E+03,0.36402E+03,0.36269E+03,1.09219E+03,0.46486E+03,0.47228E+03,0.49069E+03,1.42736E+03,-0.25591E+03,-0.25892E+03,-0.25133E+03,-0.76616E+03,-0.24153E+03,-0.22002E+03,-0.24582E+03,-0.70737E+03,-0.71392E+00,-0.70290E+00,-0.72099E+00,-0.71260E+00,-0.85442E+00,-0.88485E+00,-0.86547E+00,-0.86856E+00,0.000E+00,120.205E+00,-119.985E+00,61.245E+00,177.898E+00,-59.788E+00,-44.445E+00,-45.340E+00,-43.863E+00,-44.553E+00,202.419E+00,201.762E+00,201.980E+00,94.752E+00,+99999.9E+99,+99999.9E+99,0.00004E+06,-0.00048E+06,0.00000E+00,9.312E+00,0.756E+03,0.00074E+06,43.958E+00,F0F08
2021/11/30,17:34:18,00000:00:42,900,38003F00,0,1B00,1B00,3F00,99.950E+00,0.000E+00,0.000E+00,111.015E+00,0.000E+00,0.000E+00,0.533E+00,0.000E+00,0.000E+00,99.948E+00,0.000E+00,0.000E+00,0.000E+00,0.000E+00,0.000E+00,100.986E+00,0.000E+00,0.000E+00,98.814E+00,0.000E+00,0.000E+00,23.146E+00,+99999.9E+99,+99999.9E+99,1.086E+00,+99999.9E+99,+99999.9E+99,11.6651E+00,0.00000E+00,0.00000E+00,11.8416E+00,0.00000E+00,0.00000E+00,4.7343E+00,0.00000E+00,0.00000E+00,10.6612E+00,0.00000E+00,0.00000E+00,4.3134E+00,0.00000E+00,0.00000E+00,18.1371E+00,0.0000E+00,0.0000E+00,3.4679E+00,0.0000E+00,0.0000E+00,9.234E+00,+99999.9E+99,+99999.9E+99,68.798E+00,+99999.9E+99,+99999.9E+99,1.06330E+03,0.00000E+03,0.00000E+03,0.00000E+03,0.00000E+03,0.00000E+03,1.16592E+03,0.00000E+03,0.00000E+03,0.00000E+03,0.00000E+03,0.00000E+03,0.47830E+03,0.00000E+03,0.00000E+03,0.00000E+03,0.00000E+03,0.00000E+03,0.91198E+00,0.00000E+00,0.00000E+00,0.89681E+00,0.19409E+00,0.01606E+00,0.000E+00,-52.185E+00,160.197E+00,153.742E+00,-130.993E+00,71.118E+00,24.219E+00,90.000E+00,90.000E+00,12.6234E+00,0.00000E+00,0.00000E+00,115.189E+00,100.000E+00,100.000E+00,-0.16150E+03,0.00000E+03,0.00000E+03,+99999.9E+99,+99999.9E+99,+99999.9E+99,+99999.9E+99,+99999.9E+99,+99999.9E+99,+99999.9E+99,+99999.9E+99,+99999.9E+99,+99999.9E+99,+99999.9E+99,+99999.9E+99,1B00,0,0,0,1B00,77.0932E+00,77.1811E+00,77.1185E+00,77.1309E+00,72.0818E+00,72.4626E+00,72.2012E+00,72.2485E+00,77.0932E+00,77.1811E+00,77.1185E+00,0.0000E+00,0.0000E+00,0.0000E+00,73.0224E+00,73.2692E+00,73.1402E+00,105.801E+00,106.230E+00,105.879E+00,-104.436E+00,-104.713E+00,-104.830E+00,14.188E+00,14.378E+00,14.458E+00,+99999.9E+99,+99999.9E+99,+99999.9E+99,0.197E+00,13.2646E+00,12.8038E+00,12.9910E+00,13.0198E+00,11.9933E+00,11.5278E+00,11.5713E+00,11.6975E+00,13.2638E+00,12.7988E+00,12.9810E+00,-0.1488E+00,-0.3596E+00,0.5094E+00,5.2486E+00,4.7593E+00,4.9130E+00,27.5657E+00,27.1548E+00,28.4576E+00,-26.6790E+00,-27.0005E+00,-26.7738E+00,54.476E+00,58.735E+00,56.637E+00,+99999.9E+99,+99999.9E+99,+99999.9E+99,4.567E+00,0.41694E+03,0.39511E+03,0.41276E+03,1.22480E+03,0.18950E+03,0.17385E+03,0.18598E+03,0.54933E+03,0.59738E+03,0.57505E+03,0.58331E+03,1.75574E+03,0.21426E+03,0.19878E+03,0.20429E+03,0.61699E+03,-0.42782E+03,-0.41782E+03,-0.41217E+03,-1.25781E+03,-0.09998E+03,-0.09637E+03,-0.08455E+03,-0.28090E+03,-0.69794E+00,-0.68708E+00,-0.70761E+00,-0.69760E+00,-0.88445E+00,-0.87461E+00,-0.91035E+00,-0.89035E+00,0.000E+00,120.006E+00,-119.830E+00,57.927E+00,178.948E+00,-65.435E+00,-45.738E+00,-46.600E+00,-44.959E+00,-45.765E+00,201.320E+00,202.110E+00,201.861E+00,91.020E+00,+99999.9E+99,+99999.9E+99,0.00011E+06,-0.00072E+06,0.00000E+00,14.061E+00,0.757E+03,0.00111E+06,43.590E+00,F0F0F
2021/11/30,17:34:18,00000:00:42,950,38003F00,700,1C00,1C00,3800,99.950E+00,0.000E+00,0.000E+00,111.015E+00,0.000E+00,0.000E+00,0.533E+00,0.000E+00,0.000E+00,99.948E+00,0.000E+00,0.000E+00,0.000E+00,0.000E+00,0.000E+00,100.986E+00,0.000E+00,0.000E+00,98.814E+00,0.000E+00,0.000E+00,23.146E+00,+99999.9E+99,+99999.9E+99,1.086E+00,+99999.9E+99,+99999.9E+99,11.6651E+00,0.00000E+00,0.00000E+00,11.8416E+00,0.00000E+00,0.00000E+00,4.7343E+00,0.00000E+00,0.00000E+00,10.6612E+00,0.00000E+00,0.00000E+00,4.3134E+00,0.00000E+00,0.00000E+00,18.1371E+00,0.0000E+00,0.0000E+00,3.4679E+00,0.0000E+00,0.0000E+00,9.234E+00,+99999.9E+99,+99999.9E+99,68.798E+00,+99999.9E+99,+99999.9E+99,1.06330E+03,0.00000E+03,0.00000E+03,0.00000E+03,0.00000E+03,0.00000E+03,1.16592E+03,0.00000E+03,0.00000E+03,0.00000E+03,0.00000E+03,0.00000E+03,0.47830E+03,0.00000E+03,0.00000E+03,0.00000E+03,0.00000E+03,0.00000E+03,0.91198E+00,0.00000E+00,0.00000E+00,0.89681E+00,0.19409E+00,0.01606E+00,0.000E+00,-52.185E+00,160.197E+00,153.742E+00,-130.993E+00,71.118E+00,24.219E+00,90.000E+00,90.000E+00,12.6234E+00,0.00000E+00,0.00000E+00,102.202E+00,100.000E+00,100.000E+00,-0.02341E+03,0.00000E+03,0.00000E+03,+99999.9E+99,+99999.9E+99,+99999.9E+99,+99999.9E+99,+99999.9E+99,+99999.9E+99,+99999.9E+99,+99999.9E+99,+99999.9E+99,+99999.9E+99,+99999.9E+99,+99999.9E+99,1B00,0,0,0,1B00,76.7458E+00,77.0991E+00,76.8263E+00,76.8904E+00,72.0199E+00,72.6629E+00,72.1671E+00,72.2833E+00,76.7457E+00,77.0991E+00,76.8263E+00,0.0000E+00,0.0000E+00,0.0000E+00,70.1325E+00,70.5185E+00,70.4571E+00,105.403E+00,105.800E+00,105.644E+00,-104.700E+00,-104.904E+00,-104.841E+00,37.463E+00,37.451E+00,37.294E+00,+99999.9E+99,+99999.9E+99,+99999.9E+99,0.343E+00,11.9503E+00,11.7846E+00,12.0763E+00,11.9371E+00,10.4306E+00,10.3551E+00,10.5505E+00,10.4454E+00,11.9496E+00,11.7846E+00,12.0763E+00,-0.1322E+00,0.0000E+00,0.0000E+00,15.0226E+00,14.3958E+00,14.4262E+00,27.6738E+00,27.0505E+00,28.5890E+00,-26.3162E+00,-27.2462E+00,-26.6490E+00,39.351E+00,40.899E+00,40.742E+00,+99999.9E+99,+99999.9E+99,+99999.9E+99,2.958E+00,0.35651E+03,0.35878E+03,0.37142E+03,1.08671E+03,0.53379E+03,0.50241E+03,0.52339E+03,1.55959E+03,0.53380E+03,0.52789E+03,0.54185E+03,1.60354E+03,0.60719E+03,0.58001E+03,0.58646E+03,1.77321E+03,-0.39729E+03,-0.38723E+03,-0.39453E+03,-1.17905E+03,-0.28938E+03,-0.28983E+03,-0.26457E+03,-0.84378E+03,-0.66787E+00,-0.67965E+00,-0.68546E+00,-0.67769E+00,-0.87912E+00,-0.86620E+00,-0.89246E+00,-0.87953E+00,0.000E+00,119.876E+00,-119.788E+00,58.646E+00,179.826E+00,-63.125E+00,-48.097E+00,-47.184E+00,-46.728E+00,-47.336E+00,202.070E+00,201.417E+00,201.670E+00,90.337E+00,+99999.9E+99,+99999.9E+99,0.00011E+06,-0.00062E+06,0.00000E+00,12.383E+00,0.757E+03,0.00098E+06,43.805E+00,F0F0F
2021/11/30,17:34:18,00000:00:43,0,38003F00,500,1F00,1F00,3F00,99.950E+00,0.000E+00,0.000E+00,111.015E+00,0.000E+00,0.000E+00,0.533E+00,0.000E+00,0.000E+00,99.948E+00,0.000E+00,0.000E+00,0.000E+00,0.000E+00,0.000E+00,100.986E+00,0.000E+00,0.000E+00,98.814E+00,0.000E+00,0.000E+00,21.718E+00,+99999.9E+99,+99999.9E+99,1.086E+00,+99999.9E+99,+99999.9E+99,11.6651E+00,0.00000E+00,0.00000E+00,11.8416E+00,0.00000E+00,0.00000E+00,4.7343E+00,0.00000E+00,0.00000E+00,10.6612E+00,0.00000E+00,0.00000E+00,4.7000E+00,0.00000E+00,0.00000E+00,18.1371E+00,0.0000E+00,0.0000E+00,3.4679E+00,0.0000E+00,0.0000E+00,10.580E+00,+99999.9E+99,+99999.9E+99,68.798E+00,+99999.9E+99,+99999.9E+99,1.06330E+03,0.00000E+03,0.00000E+03,0.00000E+03,0.00000E+03,0.00000E+03,1.16592E+03,0.00000E+03,0.00000E+03,0.00000E+03,0.00000E+03,0.00000E+03,0.47830E+03,0.00000E+03,0.00000E+03,0.00000E+03,0.00000E+03,0.00000E+03,0.91198E+00,0.00000E+00,0.00000E+00,0.90868E+00,0.51879E+00,0.88546E+00,0.000E+00,3.775E+00,147.591E+00,155.323E+00,125.026E+00,119.899E+00,24.219E+00,90.000E+00,90.000E+00,12.6234E+00,0.00000E+00,0.00000E+00,84.583E+00,100.000E+00,100.000E+00,0.16393E+03,0.00000E+03,0.00000E+03,+99999.9E+99,+99999.9E+99,+99999.9E+99,+99999.9E+99,+99999.9E+99,+99999.9E+99,+99999.9E+99,+99999.9E+99,+99999.9E+99,+99999.9E+99,+99999.9E+99,+99999.9E+99,1B00,0,0,0,1B00,76.5048E+00,76.7673E+00,76.6567E+00,76.6429E+00,72.2307E+00,72.8093E+00,72.5385E+00,72.5262E+00,76.5048E+00,76.7673E+00,76.6567E+00,0.0000E+00,0.0000E+00,0.0000E+00,72.4653E+00,72.2522E+00,72.2336E+00,105.844E+00,106.076E+00,105.767E+00,-104.801E+00,-104.663E+00,-104.466E+00,22.537E+00,21.551E+00,22.125E+00,+99999.9E+99,+99999.9E+99,+99999.9E+99,0.201E+00,9.8006E+00,9.4803E+00,9.5554E+00,9.6121E+00,8.5955E+00,8.3633E+00,8.3590E+00,8.4393E+00,9.7998E+00,9.4781E+00,9.5498E+00,-0.1231E+00,-0.2012E+00,0.3254E+00,7.7072E+00,8.1288E+00,8.3315E+00,26.1167E+00,24.1652E+00,25.2048E+00,-26.3043E+00,-25.6395E+00,-22.5076E+00,52.580E+00,48.409E+00,47.207E+00,+99999.9E+99,+99999.9E+99,+99999.9E+99,4.576E+00,0.30393E+03,0.29255E+03,0.30290E+03,0.89937E+03,0.27307E+03,0.29409E+03,0.29663E+03,0.86379E+03,0.43577E+03,0.42134E+03,0.42540E+03,1.28251E+03,0.31639E+03,0.32692E+03,0.34115E+03,0.98390E+03,-0.31229E+03,-0.30323E+03,-0.29869E+03,-0.91421E+03,-0.15981E+03,-0.14278E+03,-0.16851E+03,-0.47110E+03,-0.69746E+00,-0.69432E+00,-0.71203E+00,-0.70126E+00,-0.86306E+00,-0.89959E+00,-0.86949E+00,-0.87792E+00,0.000E+00,120.109E+00,-120.090E+00,60.241E+00,175.998E+00,-60.386E+00,-45.777E+00,-46.027E+00,-44.600E+00,-45.472E+00,201.676E+00,202.001E+00,202.071E+00,93.511E+00,+99999.9E+99,+99999.9E+99,0.00006E+06,-0.00055E+06,0.00000E+00,10.618E+00,0.756E+03,0.00084E+06,43.744E+00,F0F08
2021/11/30,17:34:18,00000:00:43,50,38003F00,700,1F00,1F00,3F00,99.950E+00,0.000E+00,0.000E+00,111.015E+00,0.000E+00,0.000E+00,0.533E+00,0.000E+00,0.000E+00,99.948E+00,0.000E+00,0.000E+00,0.000E+00,0.000E+00,0.000E+00,100.986E+00,0.000E+00,0.000E+00,98.814E+00,0.000E+00,0.000E+00,21.718E+00,+99999.9E+99,+99999.9E+99,1.086E+00,+99999.9E+99,+99999.9E+99,11.6651E+00,0.00000E+00,0.00000E+00,11.8416E+00,0.00000E+00,0.00000E+00,4.7343E+00,0.00000E+00,0.00000E+00,10.6612E+00,0.00000E+00,0.00000E+00,4.7000E+00,0.00000E+00,0.00000E+00,18.1371E+00,0.0000E+00,0.0000E+00,3.4679E+00,0.0000E+00,0.0000E+00,10.580E+00,+99999.9E+99,+99999.9E+99,68.798E+00,+99999.9E+99,+99999.9E+99,1.06330E+03,0.00000E+03,0.00000E+03,0.00000E+03,0.00000E+03,0.00000E+03,1.16592E+03,0.00000E+03,0.00000E+03,0.00000E+03,0.00000E+03,0.00000E+03,0.47830E+03,0.00000E+03,0.00000E+03,0.00000E+03,0.00000E+03,0.00000E+03,0.91198E+00,0.00000E+00,0.00000E+00,0.90868E+00,0.51879E+00,0.88546E+00,0.000E+00,3.775E+00,147.591E+00,155.323E+00,125.026E+00,119.899E+00,24.219E+00,90.000E+00,90.000E+00,12.6234E+00,0.00000E+00,0.00000E+00,118.911E+00,100.000E+00,100.000E+00,-0.20108E+03,0.00000E+03,0.00000E+03,+99999.9E+99,+99999.9E+99,+99999.9E+99,+99999.9E+99,+99999.9E+99,+99999.9E+99,+99999.9E+99,+99999.9E+99,+99999.9E+99,+99999.9E+99,+99999.9E+99,+99999.9E+99,1B00,0,0,0,1B00,77.0692E+00,77.2063E+00,77.0921E+00,77.1225E+00,72.1524E+00,72.5868E+00,72.2475E+00,72.3289E+00,77.0692E+00,77.2063E+00,77.0920E+00,0.0000E+00,0.0000E+00,0.0000E+00,72.3013E+00,72.7717E+00,72.6406E+00,105.804E+00,106.086E+00,105.679E+00,-104.263E+00,-104.807E+00,-104.601E+00,20.402E+00,20.356E+00,20.658E+00,+99999.9E+99,+99999.9E+99,+99999.9E+99,0.393E+00,13.4400E+00,12.9776E+00,13.1758E+00,13.1978E+00,12.2437E+00,11.7712E+00,11.8400E+00,11.9516E+00,13.4387E+00,12.9743E+00,13.1670E+00,-0.1892E+00,-0.2925E+00,0.4829E+00,8.1056E+00,7.4957E+00,7.3470E+00,27.6524E+00,27.2224E+00,28.8057E+00,-26.5676E+00,-27.0448E+00,-26.7457E+00,46.781E+00,49.232E+00,50.776E+00,+99999.9E+99,+99999.9E+99,+99999.9E+99,7.123E+00,0.42960E+03,0.40863E+03,0.42615E+03,1.26438E+03,0.29683E+03,0.25822E+03,0.27798E+03,0.83302E+03,0.60511E+03,0.58320E+03,0.59210E+03,1.78041E+03,0.33069E+03,0.29829E+03,0.30078E+03,0.92844E+03,-0.42615E+03,-0.41611E+03,-0.41106E+03,-1.25332E+03,-0.14576E+03,-0.14932E+03,-0.11489E+03,-0.40997E+03,-0.70996E+00,-0.70066E+00,-0.71973E+00,-0.71016E+00,-0.89762E+00,-0.86568E+00,-0.92418E+00,-0.89723E+00,0.000E+00,119.896E+00,-119.727E+00,56.370E+00,179.879E+00,-67.432E+00,-44.769E+00,-45.520E+00,-43.968E+00,-44.752E+00,201.743E+00,201.359E+00,201.078E+00,91.211E+00,+99999.9E+99,+99999.9E+99,0.00011E+06,-0.00074E+06,0.00000E+00,14.549E+00,0.757E+03,0.00115E+06,43.722E+00,F0F08
2021/11/30,17:34:18,00000:00:43,100,38003F00,500,1F00,1F00,3F00,99.950E+00,0.000E+00,0.000E+00,111.015E+00,0.000E+00,0.000E+00,0.533E+00,0.000E+00,0.000E+00,99.948E+00,0.000E+00,0.000E+00,0.000E+00,0.000E+00,0.000E+00,100.986E+00,0.000E+00,0.000E+00,98.814E+00,0.000E+00,0.000E+00,64.443E+00,+99999.9E+99,+99999.9E+99,1.086E+00,+99999.9E+99,+99999.9E+99,11.6651E+00,0.00000E+00,0.00000E+00,11.8416E+00,0.00000E+00,0.00000E+00,4.7343E+00,0.00000E+00,0.00000E+00,10.6612E+00,0.00000E+00,0.00000E+00,4.0576E+00,0.00000E+00,0.00000E+00,18.1371E+00,0.0000E+00,0.0000E+00,3.4679E+00,0.0000E+00,0.0000E+00,47.301E+00,+99999.9E+99,+99999.9E+99,68.798E+00,+99999.9E+99,+99999.9E+99,1.06330E+03,0.00000E+03,0.00000E+03,0.00000E+03,0.00000E+03,0.00000E+03,1.16592E+03,0.00000E+03,0.00000E+03,0.00000E+03,0.00000E+03,0.00000E+03,0.47830E+03,0.00000E+03,0.00000E+03,0.00000E+03,0.00000E+03,0.00000E+03,0.91198E+00,0.00000E+00,0.00000E+00,0.88772E+00,0.94256E+00,0.46821E+00,0.000E+00,111.191E+00,155.910E+00,152.589E+00,-88.323E+00,-86.172E+00,24.219E+00,90.000E+00,90.000E+00,12.6234E+00,0.00000E+00,0.00000E+00,102.784E+00,100.000E+00,100.000E+00,-0.02960E+03,0.00000E+03,0.00000E+03,+99999.9E+99,+99999.9E+99,+99999.9E+99,+99999.9E+99,+99999.9E+99,+99999.9E+99,+99999.9E+99,+99999.9E+99,+99999.9E+99,+99999.9E+99,+99999.9E+99,+99999.9E+99,1B00,0,0,0,1B00,76.7524E+00,77.0922E+00,76.8300E+00,76.8915E+00,72.0420E+00,72.6678E+00,72.1849E+00,72.2982E+00,76.7524E+00,77.0922E+00,76.8300E+00,0.0000E+00,0.0000E+00,0.0000E+00,70.0170E+00,70.2439E+00,70.1562E+00,105.427E+00,105.917E+00,105.530E+00,-104.476E+00,-104.724E+00,-104.433E+00,39.079E+00,38.865E+00,38.943E+00,+99999.9E+99,+99999.9E+99,+99999.9E+99,0.196E+00,11.9564E+00,11.7908E+00,12.0748E+00,11.9407E+00,10.4676E+00,10.3980E+00,10.5911E+00,10.4856E+00,11.9558E+00,11.7908E+00,12.0748E+00,-0.1180E+00,0.0000E+00,0.0000E+00,15.3910E+00,14.9831E+00,15.1833E+00,27.6748E+00,27.0995E+00,28.4938E+00,-26.3371E+00,-27.0995E+00,-26.3862E+00,39.482E+00,40.420E+00,39.520E+00,+99999.9E+99,+99999.9E+99,+99999.9E+99,1.650E+00,0.35857E+03,0.36092E+03,0.37341E+03,1.09290E+03,0.54291E+03,0.52706E+03,0.54375E+03,1.61371E+03,0.53421E+03,0.52824E+03,0.54172E+03,1.60417E+03,0.62115E+03,0.60433E+03,0.61417E+03,1.83952E+03,-0.39600E+03,-0.38571E+03,-0.39246E+03,-1.17417E+03,-0.30179E+03,-0.29568E+03,-0.28557E+03,-0.88303E+03,-0.67120E+00,-0.68325E+00,-0.68931E+00,-0.68129E+00,-0.87404E+00,-0.87213E+00,-0.88533E+00,-0.87725E+00,0.000E+00,119.969E+00,-119.852E+00,59.177E+00,179.222E+00,-62.213E+00,-47.840E+00,-46.902E+00,-46.425E+00,-47.056E+00,201.958E+00,202.362E+00,202.566E+00,90.092E+00,+99999.9E+99,+99999.9E+99,0.00011E+06,-0.00062E+06,0.00000E+00,12.419E+00,0.757E+03,0.00098E+06,43.767E+00,F0F08
2021/11/30,17:34:18,00000:00:43,150,38003F00,2A00,3B00,3B00,3F00,99.859E+00,0.000E+00,0.000E+00,110.914E+00,0.000E+00,0.000E+00,0.503E+00,0.000E+00,0.000E+00,99.858E+00,0.000E+00,0.000E+00,0.000E+00,0.000E+00,0.000E+00,100.921E+00,0.000E+00,0.000E+00,98.818E+00,0.000E+00,0.000E+00,64.443E+00,+99999.9E+99,+99999.9E+99,1.053E+00,+99999.9E+99,+99999.9E+99,12.1405E+00,0.00000E+00,0.00000E+00,12.4613E+00,0.00000E+00,0.00000E+00,4.6394E+00,0.00000E+00,0.00000E+00,11.2191E+00,0.00000E+00,0.00000E+00,4.0576E+00,0.00000E+00,0.00000E+00,18.3414E+00,0.0000E+00,0.0000E+00,3.4621E+00,0.0000E+00,0.0000E+00,47.301E+00,+99999.9E+99,+99999.9E+99,66.312E+00,+99999.9E+99,+99999.9E+99,1.11823E+03,0.00000E+03,0.00000E+03,0.00000E+03,0.00000E+03,0.00000E+03,1.21234E+03,0.00000E+03,0.00000E+03,0.00000E+03,0.00000E+03,0.00000E+03,0.46834E+03,0.00000E+03,0.00000E+03,0.00000E+03,0.00000E+03,0.00000E+03,0.92237E+00,0.00000E+00,0.00000E+00,0.88772E+00,0.94256E+00,0.46821E+00,0.000E+00,111.191E+00,155.910E+00,152.589E+00,-88.323E+00,-86.172E+00,22.725E+00,90.000E+00,90.000E+00,0.00000E+00,0.00000E+00,0.00000E+00,76.887E+00,100.000E+00,100.000E+00,0.25845E+03,0.00000E+03,0.00000E+03,+99999.9E+99,+99999.9E+99,+99999.9E+99,+99999.9E+99,+99999.9E+99,+99999.9E+99,+99999.9E+99,+99999.9E+99,+99999.9E+99,+99999.9E+99,+99999.9E+99,+99999.9E+99,1B00,0,0,0,1B00,76.5717E+00,76.6217E+00,76.5721E+00,76.5885E+00,72.4700E+00,72.7831E+00,72.5363E+00,72.5965E+00,76.5717E+00,76.6217E+00,76.5720E+00,0.0000E+00,0.0000E+00,0.0000E+00,72.8770E+00,72.7130E+00,72.6356E+00,105.737E+00,106.136E+00,105.834E+00,-104.984E+00,-104.790E+00,-105.334E+00,18.446E+00,18.026E+00,18.073E+00,+99999.9E+99,+99999.9E+99,+99999.9E+99,0.195E+00,9.5969E+00,9.0774E+00,9.2087E+00,9.2944E+00,8.3015E+00,7.8683E+00,7.9007E+00,8.0235E+00,9.5958E+00,9.0737E+00,9.1998E+00,-0.1461E+00,-0.2590E+00,0.4062E+00,6.1292E+00,6.4346E+00,6.8447E+00,26.2443E+00,24.1295E+00,25.1038E+00,-26.6238E+00,-25.3490E+00,-22.4786E+00,56.946E+00,52.742E+00,49.930E+00,+99999.9E+99,+99999.9E+99,+99999.9E+99,4.975E+00,0.29481E+03,0.27510E+03,0.28987E+03,0.85977E+03,0.21953E+03,0.23678E+03,0.24111E+03,0.69741E+03,0.42712E+03,0.40282E+03,0.40852E+03,1.23846E+03,0.25504E+03,0.26261E+03,0.27661E+03,0.79373E+03,-0.30906E+03,-0.29425E+03,-0.28787E+03,-0.89118E+03,-0.12982E+03,-0.11359E+03,-0.13558E+03,-0.37898E+03,-0.69022E+00,-0.68293E+00,-0.70955E+00,-0.69423E+00,-0.86076E+00,-0.90162E+00,-0.87164E+00,-0.87865E+00,0.000E+00,120.139E+00,-120.045E+00,60.521E+00,175.735E+00,-60.586E+00,-46.352E+00,-46.927E+00,-44.802E+00,-46.034E+00,202.037E+00,201.412E+00,201.832E+00,94.551E+00,+99999.9E+99,+99999.9E+99,0.00005E+06,-0.00054E+06,0.00000E+00,10.264E+00,0.756E+03,0.00081E+06,43.846E+00,F0F08
2021/11/30,17:34:18,00000:00:43,200,38003D00,2D00,3C00,3C00,3800,99.859E+00,0.000E+00,0.000E+00,110.914E+00,0.000E+00,0.000E+00,0.503E+00,0.000E+00,0.000E+00,99.858E+00,0.000E+00,0.000E+00,0.000E+00,0.000E+00,0.000E+00,100.921E+00,0.000E+00,0.000E+00,98.818E+00,0.000E+00,0.000E+00,36.644E+00,250.458E+00,+99999.9E+99,1.053E+00,+99999.9E+99,+99999.9E+99,12.1405E+00,0.00000E+00,0.00000E+00,12.4613E+00,0.00000E+00,0.00000E+00,4.6394E+00,0.00000E+00,0.00000E+00,11.2191E+00,0.00000E+00,0.00000E+00,4.1327E+00,0.00000E+00,0.00000E+00,18.3414E+00,0.0000E+00,0.0000E+00,3.4621E+00,0.0000E+00,0.0000E+00,45.211E+00,399.080E+00,+99999.9E+99,66.312E+00,+99999.9E+99,+99999.9E+99,1.11823E+03,0.00000E+03,0.00000E+03,0.00000E+03,0.00000E+03,0.00000E+03,1.21234E+03,0.00000E+03,0.00000E+03,0.00000E+03,0.00000E+03,0.00000E+03,0.46834E+03,0.00000E+03,0.00000E+03,0.00000E+03,0.00000E+03,0.00000E+03,0.92237E+00,0.00000E+00,0.00000E+00,0.92997E+00,0.05188E+00,0.98538E+00,0.000E+00,-22.469E+00,146.791E+00,158.430E+00,-115.443E+00,-43.019E+00,22.725E+00,90.000E+00,90.000E+00,0.00000E+00,0.00000E+00,0.00000E+00,120.708E+00,100.000E+00,100.000E+00,-0.23156E+03,0.00000E+03,0.00000E+03,+99999.9E+99,+99999.9E+99,+99999.9E+99,+99999.9E+99,+99999.9E+99,+99999.9E+99,+99999.9E+99,+99999.9E+99,+99999.9E+99,+99999.9E+99,+99999.9E+99,+99999.9E+99,1B00,0,0,0,1B00,77.0191E+00,77.4725E+00,77.3458E+00,77.2791E+00,71.7296E+00,72.5832E+00,72.3526E+00,72.2218E+00,77.0190E+00,77.4725E+00,77.3458E+00,0.0000E+00,0.0000E+00,0.0000E+00,71.7232E+00,72.3286E+00,72.1205E+00,105.570E+00,106.090E+00,105.629E+00,-104.943E+00,-104.386E+00,-104.377E+00,25.167E+00,25.447E+00,25.387E+00,+99999.9E+99,+99999.9E+99,+99999.9E+99,0.487E+00,13.9197E+00,13.5931E+00,13.7268E+00,13.7465E+00,13.0060E+00,12.8094E+00,12.7640E+00,12.8598E+00,13.9187E+00,13.5912E+00,13.7210E+00,-0.1731E+00,-0.2253E+00,0.3994E+00,10.1847E+00,9.2974E+00,9.4428E+00,27.6243E+00,27.1400E+00,28.7405E+00,-26.5476E+00,-26.6981E+00,-26.7529E+00,43.852E+00,46.845E+00,47.208E+00,+99999.9E+99,+99999.9E+99,+99999.9E+99,6.975E+00,0.45442E+03,0.44224E+03,0.45312E+03,1.34978E+03,0.37181E+03,0.32426E+03,0.35001E+03,1.04608E+03,0.62726E+03,0.61285E+03,0.62108E+03,1.86119E+03,0.41536E+03,0.37550E+03,0.37959E+03,1.16882E+03,-0.43238E+03,-0.42428E+03,-0.42476E+03,-1.28142E+03,-0.18515E+03,-0.18935E+03,-0.14690E+03,-0.52140E+03,-0.72446E+00,-0.72160E+00,-0.72958E+00,-0.72523E+00,-0.89515E+00,-0.86355E+00,-0.92209E+00,-0.89499E+00,0.000E+00,119.906E+00,-119.636E+00,56.746E+00,-179.902E+00,-67.053E+00,-43.576E+00,-43.813E+00,-43.149E+00,-43.512E+00,201.409E+00,202.238E+00,201.146E+00,90.106E+00,+99999.9E+99,+99999.9E+99,0.00013E+06,-0.00077E+06,0.00000E+00,15.328E+00,0.758E+03,0.00122E+06,43.568E+00,F0F08
2021/11/30,17:34:18,00000:00:43,250,38003F00,2800,3B00,3B00,3F00,100.040E+00,0.000E+00,0.000E+00,111.115E+00,0.000E+00,0.000E+00,0.502E+00,0.000E+00,0.000E+00,100.038E+00,0.000E+00,0.000E+00,0.000E+00,0.000E+00,0.000E+00,100.954E+00,0.000E+00,0.000E+00,98.811E+00,0.000E+00,0.000E+00,36.644E+00,250.458E+00,+99999.9E+99,1.071E+00,+99999.9E+99,+99999.9E+99,11.2170E+00,0.00000E+00,0.00000E+00,11.4541E+00,0.00000E+00,0.00000E+00,4.4134E+00,0.00000E+00,0.00000E+00,10.3123E+00,0.00000E+00,0.00000E+00,4.1327E+00,0.00000E+00,0.00000E+00,18.2360E+00,0.0000E+00,0.0000E+00,4.0898E+00,0.0000E+00,0.0000E+00,45.211E+00,399.080E+00,+99999.9E+99,68.589E+00,+99999.9E+99,+99999.9E+99,1.02966E+03,0.00000E+03,0.00000E+03,0.00000E+03,0.00000E+03,0.00000E+03,1.12214E+03,0.00000E+03,0.00000E+03,0.00000E+03,0.00000E+03,0.00000E+03,-0.44611E+03,0.00000E+03,0.00000E+03,0.00000E+03,0.00000E+03,0.00000E+03,-0.91758E+00,0.00000E+00,0.00000E+00,0.92997E+00,0.05188E+00,0.98538E+00,0.000E+00,-22.469E+00,146.791E+00,158.430E+00,-115.443E+00,-43.019E+00,-23.425E+00,90.000E+00,90.000E+00,9.33302E+00,0.00000E+00,0.00000E+00,82.261E+00,100.000E+00,100.000E+00,0.18265E+03,0.00000E+03,0.00000E+03,+99999.9E+99,+99999.9E+99,+99999.9E+99,+99999.9E+99,+99999.9E+99,+99999.9E+99,+99999.9E+99,+99999.9E+99,+99999.9E+99,+99999.9E+99,+99999.9E+99,+99999.9E+99,1B00,0,0,0,1B00,76.7423E+00,76.6781E+00,76.4001E+00,76.6068E+00,72.5701E+00,72.6520E+00,72.0045E+00,72.4088E+00,76.7423E+00,76.6781E+00,76.4001E+00,0.0000E+00,0.0000E+00,0.0000E+00,70.7784E+00,70.6740E+00,70.5155E+00,105.876E+00,106.063E+00,105.846E+00,-104.493E+00,-104.894E+00,-104.619E+00,35.709E+00,35.208E+00,35.635E+00,+99999.9E+99,+99999.9E+99,+99999.9E+99,0.214E+00,9.4992E+00,9.0685E+00,9.6992E+00,9.4223E+00,8.2714E+00,7.9070E+00,8.3243E+00,8.1676E+00,9.4992E+00,9.0685E+00,9.6992E+00,0.0000E+00,0.0000E+00,0.0000E+00,13.3582E+00,13.4247E+00,13.9741E+00,26.3129E+00,24.3500E+00,26.6590E+00,-24.9109E+00,-22.7586E+00,-26.5624E+00,42.972E+00,42.189E+00,40.273E+00,+99999.9E+99,+99999.9E+99,+99999.9E+99,2.568E+00,0.27685E+03,0.27482E+03,0.29534E+03,0.84700E+03,0.46497E+03,0.48110E+03,0.48931E+03,1.43538E+03,0.42265E+03,0.40367E+03,0.43032E+03,1.25664E+03,0.54059E+03,0.54453E+03,0.56194E+03,1.64675E+03,-0.31935E+03,-0.29568E+03,-0.31297E+03,-0.92800E+03,-0.27576E+03,-0.25507E+03,-0.27632E+03,-0.80715E+03,-0.65503E+00,-0.68079E+00,-0.68633E+00,-0.67402E+00,-0.86011E+00,-0.88351E+00,-0.87075E+00,-0.87164E+00,0.000E+00,120.190E+00,-119.988E+00,60.615E+00,178.053E+00,-60.410E+00,-49.078E+00,-47.094E+00,-46.660E+00,-47.622E+00,202.529E+00,201.835E+00,202.711E+00,91.930E+00,+99999.9E+99,+99999.9E+99,0.00007E+06,-0.00050E+06,0.00000E+00,9.824E+00,0.757E+03,0.00078E+06,43.944E+00,F0F08
2021/11/30,17:34:18,00000:00:43,300,38003F00,200,1B00,1B00,3F00,99.956E+00,0.000E+00,0.000E+00,111.021E+00,0.000E+00,0.000E+00,0.521E+00,0.000E+00,0.000E+00,99.954E+00,0.000E+00,0.000E+00,0.000E+00,0.000E+00,0.000E+00,101.004E+00,0.000E+00,0.000E+00,98.861E+00,0.000E+00,0.000E+00,107.507E+00,+99999.9E+99,493.875E+00,1.072E+00,+99999.9E+99,+99999.9E+99,11.5490E+00,0.00000E+00,0.00000E+00,11.7586E+00,0.00000E+00,0.00000E+00,4.6160E+00,0.00000E+00,0.00000E+00,10.5864E+00,0.00000E+00,0.00000E+00,3.0498E+00,0.00000E+00,0.00000E+00,18.2138E+00,0.0000E+00,0.0000E+00,3.2181E+00,0.0000E+00,0.0000E+00,105.291E+00,+99999.9E+99,+99999.9E+99,70.825E+00,+99999.9E+99,+99999.9E+99,1.05600E+03,0.00000E+03,0.00000E+03,0.00000E+03,0.00000E+03,0.00000E+03,1.15439E+03,0.00000E+03,0.00000E+03,0.00000E+03,0.00000E+03,0.00000E+03,0.46634E+03,0.00000E+03,0.00000E+03,0.00000E+03,0.00000E+03,0.00000E+03,0.91477E+00,0.00000E+00,0.00000E+00,0.82085E+00,0.89032E+00,0.35271E+00,0.000E+00,63.163E+00,131.500E+00,145.170E+00,36.076E+00,20.846E+00,23.827E+00,90.000E+00,90.000E+00,12.6278E+00,0.00000E+00,0.00000E+00,96.612E+00,100.000E+00,100.000E+00,0.03578E+03,0.00000E+03,0.00000E+03,+99999.9E+99,+99999.9E+99,+99999.9E+99,+99999.9E+99,+99999.9E+99,+99999.9E+99,+99999.9E+99,+99999.9E+99,+99999.9E+99,+99999.9E+99,+99999.9E+99,+99999.9E+99,1B00,0,0,0,1B00,76.5115E+00,77.0019E+00,77.0194E+00,76.8443E+00,71.7755E+00,72.6899E+00,72.7058E+00,72.3904E+00,76.5115E+00,77.0019E+00,77.0194E+00,0.0000E+00,0.0000E+00,0.0000E+00,73.1487E+00,73.2664E+00,73.1558E+00,105.953E+00,106.206E+00,105.687E+00,-104.739E+00,-104.504E+00,-104.433E+00,13.863E+00,13.710E+00,14.023E+00,+99999.9E+99,+99999.9E+99,+99999.9E+99,0.108E+00,11.5862E+00,11.3604E+00,11.1462E+00,11.3643E+00,9.8922E+00,9.7664E+00,9.4544E+00,9.7043E+00,11.5848E+00,11.3541E+00,11.1320E+00,-0.1812E+00,-0.3803E+00,0.5627E+00,4.8100E+00,4.5514E+00,4.7857E+00,27.6081E+00,27.0310E+00,28.5800E+00,-26.5543E+00,-27.0600E+00,-26.2471E+00,58.631E+00,60.224E+00,56.714E+00,+99999.9E+99,+99999.9E+99,+99999.9E+99,2.793E+00,0.35106E+03,0.33281E+03,0.33635E+03,1.02022E+03,0.17289E+03,0.16834E+03,0.17801E+03,0.51924E+03,0.51679E+03,0.50608E+03,0.49924E+03,1.52211E+03,0.19880E+03,0.19097E+03,0.19944E+03,0.58909E+03,-0.37926E+03,-0.38125E+03,-0.36892E+03,-1.12942E+03,-0.09813E+03,-0.09017E+03,-0.08994E+03,-0.27824E+03,-0.67930E+00,-0.65763E+00,-0.67374E+00,-0.67027E+00,-0.86967E+00,-0.88152E+00,-0.89254E+00,-0.88143E+00,0.000E+00,120.045E+00,-119.901E+00,59.630E+00,178.171E+00,-63.096E+00,-47.211E+00,-48.881E+00,-47.644E+00,-47.912E+00,201.262E+00,202.094E+00,201.428E+00,93.239E+00,+99999.9E+99,+99999.9E+99,0.00007E+06,-0.00062E+06,0.00000E+00,12.007E+00,0.757E+03,0.00095E+06,43.614E+00,F0F0F
2021/11/30,17:34:18,00000:00:43,350,38003F00,500,1F00,1F00,3F00,99.956E+00,0.000E+00,0.000E+00,111.021E+00,0.000E+00,0.000E+00,0.521E+00,0.000E+00,0.000E+00,99.954E+00,0.000E+00,0.000E+00,0.000E+00,0.000E+00,0.000E+00,101.004E+00,0.000E+00,0.000E+00,98.861E+00,0.000E+00,0.000E+00,107.507E+00,+99999.9E+99,493.875E+00,1.072E+00,+99999.9E+99,+99999.9E+99,11.5490E+00,0.00000E+00,0.00000E+00,11.7586E+00,0.00000E+00,0.00000E+00,4.6160E+00,0.00000E+00,0.00000E+00,10.5864E+00,0.00000E+00,0.00000E+00,3.0498E+00,0.00000E+00,0.00000E+00,18.2138E+00,0.0000E+00,0.0000E+00,3.2181E+00,0.0000E+00,0.0000E+00,105.291E+00,+99999.9E+99,+99999.9E+99,70.825E+00,+99999.9E+99,+99999.9E+99,1.05600E+03,0.00000E+03,0.00000E+03,0.00000E+03,0.00000E+03,0.00000E+03,1.15439E+03,0.00000E+03,0.00000E+03,0.00000E+03,0.00000E+03,0.00000E+03,0.46634E+03,0.00000E+03,0.00000E+03,0.00000E+03,0.00000E+03,0.00000E+03,0.91477E+00,0.00000E+00,0.00000E+00,0.82085E+00,0.89032E+00,0.35271E+00,0.000E+00,63.163E+00,131.500E+00,145.170E+00,36.076E+00,20.846E+00,23.827E+00,90.000E+00,90.000E+00,12.6278E+00,0.00000E+00,0.00000E+00,121.837E+00,100.000E+00,100.000E+00,-0.23060E+03,0.00000E+03,0.00000E+03,+99999.9E+99,+99999.9E+99,+99999.9E+99,+99999.9E+99,+99999.9E+99,+99999.9E+99,+99999.9E+99,+99999.9E+99,+99999.9E+99,+99999.9E+99,+99999.9E+99,+99999.9E+99,1B00,0,0,0,1B00,77.1879E+00,77.2043E+00,76.9875E+00,77.1266E+00,72.1830E+00,72.3969E+00,71.8568E+00,72.1456E+00,77.1879E+00,77.2043E+00,76.9875E+00,0.0000E+00,0.0000E+00,0.0000E+00,70.4845E+00,71.0652E+00,70.9611E+00,105.354E+00,105.683E+00,105.571E+00,-104.350E+00,-104.907E+00,-104.319E+00,34.587E+00,34.626E+00,34.601E+00,+99999.9E+99,+99999.9E+99,+99999.9E+99,0.507E+00,13.5827E+00,13.1441E+00,13.5399E+00,13.4222E+00,12.4674E+00,12.0280E+00,12.4063E+00,12.3006E+00,13.5818E+00,13.1441E+00,13.5388E+00,-0.1570E+00,0.0000E+00,0.1720E+00,14.0575E+00,13.1368E+00,13.0921E+00,27.6733E+00,27.2162E+00,28.5481E+00,-26.6457E+00,-26.9538E+00,-26.7219E+00,39.685E+00,41.957E+00,42.237E+00,+99999.9E+99,+99999.9E+99,+99999.9E+99,4.471E+00,0.42645E+03,0.41828E+03,0.44188E+03,1.28660E+03,0.50210E+03,0.45851E+03,0.48298E+03,1.44359E+03,0.61184E+03,0.59178E+03,0.60849E+03,1.81211E+03,0.56652E+03,0.53125E+03,0.53502E+03,1.63183E+03,-0.43874E+03,-0.41863E+03,-0.41833E+03,-1.27570E+03,-0.26238E+03,-0.26832E+03,-0.23017E+03,-0.76087E+03,-0.69699E+00,-0.70681E+00,-0.72619E+00,-0.71000E+00,-0.88629E+00,-0.86308E+00,-0.90273E+00,-0.88464E+00,0.000E+00,119.830E+00,-119.677E+00,57.862E+00,-179.886E+00,-64.417E+00,-45.814E+00,-45.024E+00,-43.432E+00,-44.765E+00,202.007E+00,201.346E+00,201.749E+00,89.552E+00,+99999.9E+99,+99999.9E+99,0.00013E+06,-0.00073E+06,0.00000E+00,14.530E+00,0.757E+03,0.00115E+06,43.773E+00,F0F0F
2021/11/30,17:34:18,00000:00:43,400,38003D00,500,1C00,1C00,3800,99.956E+00,0.000E+00,0.000E+00,111.021E+00,0.000E+00,0.000E+00,0.521E+00,0.000E+00,0.000E+00,99.954E+00,0.000E+00,0.000E+00,0.000E+00,0.000E+00,0.000E+00,101.004E+00,0.000E+00,0.000E+00,98.861E+00,0.000E+00,0.000E+00,23.826E+00,+99999.9E+99,366.276E+00,1.072E+00,+99999.9E+99,+99999.9E+99,11.5490E+00,0.00000E+00,0.00000E+00,11.7586E+00,0.00000E+00,0.00000E+00,4.6160E+00,0.00000E+00,0.00000E+00,10.5864E+00,0.00000E+00,0.00000E+00,4.6273E+00,0.00000E+00,0.00000E+00,18.2138E+00,0.0000E+00,0.0000E+00,3.2181E+00,0.0000E+00,0.0000E+00,16.062E+00,+99999.9E+99,+99999.9E+99,70.825E+00,+99999.9E+99,+99999.9E+99,1.05600E+03,0.00000E+03,0.00000E+03,0.00000E+03,0.00000E+03,0.00000E+03,1.15439E+03,0.00000E+03,0.00000E+03,0.00000E+03,0.00000E+03,0.00000E+03,0.46634E+03,0.00000E+03,0.00000E+03,0.00000E+03,0.00000E+03,0.00000E+03,0.91477E+00,0.00000E+00,0.00000E+00,0.91758E+00,0.99988E+00,0.97451E+00,0.000E+00,-71.941E+00,169.815E+00,156.576E+00,107.172E+00,156.850E+00,23.827E+00,90.000E+00,90.000E+00,12.6278E+00,0.00000E+00,0.00000E+00,71.973E+00,100.000E+00,100.000E+00,0.29596E+03,0.00000E+03,0.00000E+03,+99999.9E+99,+99999.9E+99,+99999.9E+99,+99999.9E+99,+99999.9E+99,+99999.9E+99,+99999.9E+99,+99999.9E+99,+99999.9E+99,+99999.9E+99,+99999.9E+99,+99999.9E+99,1B00,0,0,0,1B00,76.2540E+00,76.6539E+00,76.5006E+00,76.4695E+00,72.0980E+00,72.8349E+00,72.5555E+00,72.4961E+00,76.2540E+00,76.6539E+00,76.5006E+00,0.0000E+00,0.0000E+00,0.0000E+00,71.9120E+00,71.7822E+00,71.6796E+00,105.737E+00,106.074E+00,105.836E+00,-105.137E+00,-104.814E+00,-104.504E+00,27.056E+00,25.977E+00,26.843E+00,+99999.9E+99,+99999.9E+99,+99999.9E+99,0.188E+00,8.1957E+00,8.1501E+00,8.0958E+00,8.1472E+00,7.2390E+00,7.2087E+00,7.1425E+00,7.1967E+00,8.1950E+00,8.1493E+00,8.0926E+00,-0.1091E+00,-0.1172E+00,0.2273E+00,9.6329E+00,9.8030E+00,10.1849E+00,22.3690E+00,20.8143E+00,20.4586E+00,-18.7357E+00,-19.1429E+00,-19.9514E+00,48.977E+00,46.363E+00,44.841E+00,+99999.9E+99,+99999.9E+99,+99999.9E+99,4.567E+00,0.25480E+03,0.24981E+03,0.25542E+03,0.76004E+03,0.33029E+03,0.35515E+03,0.36011E+03,1.04555E+03,0.36228E+03,0.36080E+03,0.35939E+03,1.08247E+03,0.38607E+03,0.39743E+03,0.41628E+03,1.19911E+03,-0.25752E+03,-0.26033E+03,-0.25283E+03,-0.77068E+03,-0.19989E+03,-0.17837E+03,-0.20883E+03,-0.58709E+03,-0.70335E+00,-0.69239E+00,-0.71071E+00,-0.70214E+00,-0.85552E+00,-0.89363E+00,-0.86506E+00,-0.87194E+00,0.000E+00,120.156E+00,-120.008E+00,61.124E+00,176.773E+00,-59.790E+00,-45.304E+00,-46.180E+00,-44.708E+00,-45.401E+00,201.605E+00,201.903E+00,201.867E+00,95.374E+00,+99999.9E+99,+99999.9E+99,0.00004E+06,-0.00048E+06,0.00000E+00,9.160E+00,0.756E+03,0.00072E+06,43.778E+00,F0F08
2021/11/30,17:34:18,00000:00:43,450,38003F00,700,1F00,1F00,3F00,99.956E+00,0.000E+00,0.000E+00,111.021E+00,0.000E+00,0.000E+00,0.521E+00,0.000E+00,0.000E+00,99.954E+00,0.000E+00,0.000E+00,0.000E+00,0.000E+00,0.000E+00,101.004E+00,0.000E+00,0.000E+00,98.861E+00,0.000E+00,0.000E+00,65.859E+00,+99999.9E+99,475.030E+00,1.072E+00,+99999.9E+99,+99999.9E+99,11.5490E+00,0.00000E+00,0.00000E+00,11.7586E+00,0.00000E+00,0.00000E+00,4.6160E+00,0.00000E+00,0.00000E+00,10.5864E+00,0.00000E+00,0.00000E+00,4.2434E+00,0.00000E+00,0.00000E+00,18.2138E+00,0.0000E+00,0.0000E+00,3.2181E+00,0.0000E+00,0.0000E+00,47.421E+00,+99999.9E+99,+99999.9E+99,70.825E+00,+99999.9E+99,+99999.9E+99,1.05600E+03,0.00000E+03,0.00000E+03,0.00000E+03,0.00000E+03,0.00000E+03,1.15439E+03,0.00000E+03,0.00000E+03,0.00000E+03,0.00000E+03,0.00000E+03,0.46634E+03,0.00000E+03,0.00000E+03,0.00000E+03,0.00000E+03,0.00000E+03,0.91477E+00,0.00000E+00,0.00000E+00,0.88947E+00,0.06444E+00,0.26051E+00,0.000E+00,129.164E+00,157.224E+00,152.807E+00,35.469E+00,-127.876E+00,23.827E+00,90.000E+00,90.000E+00,12.6278E+00,0.00000E+00,0.00000E+00,120.473E+00,100.000E+00,100.000E+00,-0.21619E+03,0.00000E+03,0.00000E+03,+99999.9E+99,+99999.9E+99,+99999.9E+99,+99999.9E+99,+99999.9E+99,+99999.9E+99,+99999.9E+99,+99999.9E+99,+99999.9E+99,+99999.9E+99,+99999.9E+99,+99999.9E+99,1B00,0,0,0,1B00,77.0600E+00,77.1922E+00,77.0858E+00,77.1127E+00,72.1472E+00,72.5704E+00,72.2501E+00,72.3226E+00,77.0600E+00,77.1922E+00,77.0858E+00,0.0000E+00,0.0000E+00,0.0000E+00,72.6847E+00,73.0800E+00,72.9549E+00,105.849E+00,106.021E+00,105.687E+00,-104.346E+00,-105.226E+00,-104.433E+00,16.232E+00,16.510E+00,16.837E+00,+99999.9E+99,+99999.9E+99,+99999.9E+99,0.327E+00,13.4788E+00,13.0302E+00,13.2365E+00,13.2485E+00,12.2833E+00,11.8184E+00,11.8916E+00,11.9978E+00,13.4777E+00,13.0265E+00,13.2275E+00,-0.1773E+00,-0.3100E+00,0.4885E+00,6.3923E+00,5.7073E+00,5.5949E+00,27.7086E+00,27.1929E+00,28.6819E+00,-26.4790E+00,-27.1524E+00,-26.8486E+00,49.920E+00,54.677E+00,56.025E+00,+99999.9E+99,+99999.9E+99,+99999.9E+99,7.046E+00,0.43191E+03,0.41141E+03,0.42888E+03,1.27220E+03,0.22766E+03,0.19827E+03,0.21361E+03,0.63954E+03,0.60679E+03,0.58557E+03,0.59482E+03,1.78717E+03,0.25518E+03,0.23031E+03,0.23226E+03,0.71677E+03,-0.42620E+03,-0.41669E+03,-0.41216E+03,-1.25505E+03,-0.11528E+03,-0.11718E+03,-0.09118E+03,-0.32365E+03,-0.71180E+00,-0.70258E+00,-0.72102E+00,-0.71185E+00,-0.89214E+00,-0.86088E+00,-0.91972E+00,-0.89225E+00,0.000E+00,119.931E+00,-119.760E+00,57.039E+00,-179.542E+00,-66.770E+00,-44.619E+00,-45.365E+00,-43.861E+00,-44.615E+00,201.627E+00,201.274E+00,201.581E+00,90.664E+00,+99999.9E+99,+99999.9E+99,0.00012E+06,-0.00074E+06,0.00000E+00,14.555E+00,0.757E+03,0.00115E+06,43.701E+00,F0F08
2021/11/30,17:34:18,00000:00:43,500,38003F00,500,1F00,1F00,3F00,99.956E+00,0.000E+00,0.000E+00,111.021E+00,0.000E+00,0.000E+00,0.521E+00,0.000E+00,0.000E+00,99.954E+00,0.000E+00,0.000E+00,0.000E+00,0.000E+00,0.000E+00,101.004E+00,0.000E+00,0.000E+00,98.861E+00,0.000E+00,0.000E+00,65.859E+00,+99999.9E+99,475.030E+00,1.072E+00,+99999.9E+99,+99999.9E+99,11.5490E+00,0.00000E+00,0.00000E+00,11.7586E+00,0.00000E+00,0.00000E+00,4.6160E+00,0.00000E+00,0.00000E+00,10.5864E+00,0.00000E+00,0.00000E+00,4.2434E+00,0.00000E+00,0.00000E+00,18.2138E+00,0.0000E+00,0.0000E+00,3.2181E+00,0.0000E+00,0.0000E+00,47.421E+00,+99999.9E+99,+99999.9E+99,70.825E+00,+99999.9E+99,+99999.9E+99,1.05600E+03,0.00000E+03,0.00000E+03,0.00000E+03,0.00000E+03,0.00000E+03,1.15439E+03,0.00000E+03,0.00000E+03,0.00000E+03,0.00000E+03,0.00000E+03,0.46634E+03,0.00000E+03,0.00000E+03,0.00000E+03,0.00000E+03,0.00000E+03,0.91477E+00,0.00000E+00,0.00000E+00,0.88947E+00,0.06444E+00,0.26051E+00,0.000E+00,129.164E+00,157.224E+00,152.807E+00,35.469E+00,-127.876E+00,23.827E+00,90.000E+00,90.000E+00,12.6278E+00,0.00000E+00,0.00000E+00,103.857E+00,100.000E+00,100.000E+00,-0.04073E+03,0.00000E+03,0.00000E+03,+99999.9E+99,+99999.9E+99,+99999.9E+99,+99999.9E+99,+99999.9E+99,+99999.9E+99,+99999.9E+99,+99999.9E+99,+99999.9E+99,+99999.9E+99,+99999.9E+99,+99999.9E+99,1B00,0,0,0,1B00,76.7480E+00,77.0820E+00,76.8195E+00,76.8832E+00,72.0507E+00,72.6530E+00,72.1805E+00,72.2947E+00,76.7480E+00,77.0820E+00,76.8195E+00,0.0000E+00,0.0000E+00,0.0000E+00,70.0052E+00,70.2173E+00,70.1105E+00,105.410E+00,106.061E+00,105.520E+00,-104.527E+00,-104.446E+00,-104.814E+00,39.107E+00,38.901E+00,38.948E+00,+99999.9E+99,+99999.9E+99,+99999.9E+99,0.180E+00,11.9763E+00,11.8239E+00,12.1107E+00,11.9703E+00,10.4875E+00,10.4205E+00,10.6231E+00,10.5104E+00,11.9757E+00,11.8239E+00,12.1107E+00,-0.1171E+00,0.0000E+00,0.0000E+00,15.4144E+00,15.0333E+00,15.2505E+00,27.6157E+00,27.1133E+00,28.6152E+00,-26.1910E+00,-27.1957E+00,-26.7629E+00,39.429E+00,40.306E+00,39.332E+00,+99999.9E+99,+99999.9E+99,+99999.9E+99,1.546E+00,0.35936E+03,0.36251E+03,0.37487E+03,1.09673E+03,0.54422E+03,0.53024E+03,0.54647E+03,1.62092E+03,0.53496E+03,0.52962E+03,0.54329E+03,1.60786E+03,0.62193E+03,0.60634E+03,0.61658E+03,1.84473E+03,-0.39628E+03,-0.38611E+03,-0.39325E+03,-1.17564E+03,-0.30103E+03,-0.29411E+03,-0.28556E+03,-0.88070E+03,-0.67175E+00,-0.68447E+00,-0.68999E+00,-0.68210E+00,-0.87505E+00,-0.87449E+00,-0.88629E+00,-0.87868E+00,0.000E+00,119.994E+00,-119.850E+00,59.051E+00,178.961E+00,-62.313E+00,-47.798E+00,-46.806E+00,-46.371E+00,-46.992E+00,201.919E+00,202.260E+00,201.755E+00,90.443E+00,+99999.9E+99,+99999.9E+99,0.00010E+06,-0.00063E+06,0.00000E+00,12.517E+00,0.757E+03,0.00099E+06,43.784E+00,F0F08
2021/11/30,17:34:18,00000:00:43,550,38003F00,2A00,3B00,3B00,3F00,99.864E+00,0.000E+00,0.000E+00,110.920E+00,0.000E+00,0.000E+00,0.514E+00,0.000E+00,0.000E+00,99.863E+00,0.000E+00,0.000E+00,0.000E+00,0.000E+00,0.000E+00,100.957E+00,0.000E+00,0.000E+00,98.768E+00,0.000E+00,0.000E+00,36.576E+00,+99999.9E+99,+99999.9E+99,1.096E+00,+99999.9E+99,+99999.9E+99,12.1326E+00,0.00000E+00,0.00000E+00,12.3916E+00,0.00000E+00,0.00000E+00,4.7683E+00,0.00000E+00,0.00000E+00,11.1563E+00,0.00000E+00,0.00000E+00,4.1417E+00,0.00000E+00,0.00000E+00,18.3626E+00,0.0000E+00,0.0000E+00,3.3976E+00,0.0000E+00,0.0000E+00,45.237E+00,+99999.9E+99,+99999.9E+99,67.069E+00,+99999.9E+99,+99999.9E+99,1.11190E+03,0.00000E+03,0.00000E+03,0.00000E+03,0.00000E+03,0.00000E+03,1.21162E+03,0.00000E+03,0.00000E+03,0.00000E+03,0.00000E+03,0.00000E+03,0.48135E+03,0.00000E+03,0.00000E+03,0.00000E+03,0.00000E+03,0.00000E+03,0.91770E+00,0.00000E+00,0.00000E+00,0.92941E+00,0.77453E+00,0.97558E+00,0.000E+00,-22.986E+00,-179.928E+00,158.342E+00,16.251E+00,12.760E+00,23.408E+00,90.000E+00,90.000E+00,0.00000E+00,0.00000E+00,0.00000E+00,77.377E+00,100.000E+00,100.000E+00,0.25154E+03,0.00000E+03,0.00000E+03,+99999.9E+99,+99999.9E+99,+99999.9E+99,+99999.9E+99,+99999.9E+99,+99999.9E+99,+99999.9E+99,+99999.9E+99,+99999.9E+99,+99999.9E+99,+99999.9E+99,+99999.9E+99,1B00,0,0,0,1B00,76.5279E+00,76.6538E+00,76.5552E+00,76.5789E+00,72.4124E+00,72.8186E+00,72.5046E+00,72.5785E+00,76.5279E+00,76.6538E+00,76.5552E+00,0.0000E+00,0.0000E+00,0.0000E+00,72.8684E+00,72.6706E+00,72.6023E+00,105.680E+00,105.996E+00,105.794E+00,-103.506E+00,-105.163E+00,-104.707E+00,18.320E+00,17.977E+00,18.091E+00,+99999.9E+99,+99999.9E+99,+99999.9E+99,0.220E+00,9.5751E+00,9.0743E+00,9.2164E+00,9.2886E+00,8.2873E+00,7.8792E+00,7.9120E+00,8.0262E+00,9.5739E+00,9.0714E+00,9.2084E+00,-0.1543E+00,-0.2277E+00,0.3830E+00,6.1327E+00,6.4604E+00,6.8555E+00,26.1467E+00,24.1576E+00,24.9438E+00,-26.4810E+00,-25.0848E+00,-22.4824E+00,56.757E+00,52.250E+00,49.778E+00,+99999.9E+99,+99999.9E+99,+99999.9E+99,5.021E+00,0.29429E+03,0.27604E+03,0.29003E+03,0.86036E+03,0.22015E+03,0.23808E+03,0.24167E+03,0.69990E+03,0.42566E+03,0.40262E+03,0.40901E+03,1.23729E+03,0.25517E+03,0.26353E+03,0.27702E+03,0.79517E+03,-0.30753E+03,-0.29309E+03,-0.28840E+03,-0.88902E+03,-0.12902E+03,-0.11299E+03,-0.13541E+03,-0.37742E+03,-0.69138E+00,-0.68561E+00,-0.70910E+00,-0.69536E+00,-0.86277E+00,-0.90342E+00,-0.87238E+00,-0.88018E+00,0.000E+00,120.147E+00,-120.065E+00,60.279E+00,175.508E+00,-60.681E+00,-46.260E+00,-46.717E+00,-44.838E+00,-45.944E+00,201.775E+00,201.403E+00,202.140E+00,94.172E+00,+99999.9E+99,+99999.9E+99,0.00005E+06,-0.00053E+06,0.00000E+00,10.229E+00,0.756E+03,0.00081E+06,43.770E+00,F0F08
2021/11/30,17:34:18,00000:00:43,600,38003D00,2D00,3C00,3C00,3800,99.864E+00,0.000E+00,0.000E+00,110.920E+00,0.000E+00,0.000E+00,0.514E+00,0.000E+00,0.000E+00,99.863E+00,0.000E+00,0.000E+00,0.000E+00,0.000E+00,0.000E+00,100.957E+00,0.000E+00,0.000E+00,98.768E+00,0.000E+00,0.000E+00,36.576E+00,+99999.9E+99,+99999.9E+99,1.096E+00,+99999.9E+99,+99999.9E+99,12.1326E+00,0.00000E+00,0.00000E+00,12.3916E+00,0.00000E+00,0.00000E+00,4.7683E+00,0.00000E+00,0.00000E+00,11.1563E+00,0.00000E+00,0.00000E+00,4.1417E+00,0.00000E+00,0.00000E+00,18.3626E+00,0.0000E+00,0.0000E+00,3.3976E+00,0.0000E+00,0.0000E+00,45.237E+00,+99999.9E+99,+99999.9E+99,67.069E+00,+99999.9E+99,+99999.9E+99,1.11190E+03,0.00000E+03,0.00000E+03,0.00000E+03,0.00000E+03,0.00000E+03,1.21162E+03,0.00000E+03,0.00000E+03,0.00000E+03,0.00000E+03,0.00000E+03,0.48135E+03,0.00000E+03,0.00000E+03,0.00000E+03,0.00000E+03,0.00000E+03,0.91770E+00,0.00000E+00,0.00000E+00,0.92941E+00,0.77453E+00,0.97558E+00,0.000E+00,-22.986E+00,-179.928E+00,158.342E+00,16.251E+00,12.760E+00,23.408E+00,90.000E+00,90.000E+00,0.00000E+00,0.00000E+00,0.00000E+00,121.729E+00,100.000E+00,100.000E+00,-0.24160E+03,0.00000E+03,0.00000E+03,+99999.9E+99,+99999.9E+99,+99999.9E+99,+99999.9E+99,+99999.9E+99,+99999.9E+99,+99999.9E+99,+99999.9E+99,+99999.9E+99,+99999.9E+99,+99999.9E+99,+99999.9E+99,1B00,0,0,0,1B00,77.0374E+00,77.4749E+00,77.3402E+00,77.2842E+00,71.7404E+00,72.5825E+00,72.3253E+00,72.2161E+00,77.0374E+00,77.4749E+00,77.3402E+00,0.0000E+00,0.0000E+00,0.0000E+00,71.7474E+00,72.2840E+00,72.0809E+00,105.609E+00,105.986E+00,105.506E+00,-104.489E+00,-104.330E+00,-104.980E+00,25.195E+00,25.672E+00,25.554E+00,+99999.9E+99,+99999.9E+99,+99999.9E+99,0.428E+00,13.9480E+00,13.6220E+00,13.7617E+00,13.7772E+00,13.0331E+00,12.8387E+00,12.7954E+00,12.8890E+00,13.9472E+00,13.6197E+00,13.7558E+00,-0.1535E+00,-0.2484E+00,0.4030E+00,10.1588E+00,9.3380E+00,9.4703E+00,27.6771E+00,27.0876E+00,28.4457E+00,-26.5619E+00,-27.0743E+00,-26.4633E+00,43.908E+00,46.651E+00,47.112E+00,+99999.9E+99,+99999.9E+99,+99999.9E+99,6.492E+00,0.45539E+03,0.44360E+03,0.45450E+03,1.35350E+03,0.37102E+03,0.32683E+03,0.35020E+03,1.04805E+03,0.62870E+03,0.61433E+03,0.62262E+03,1.86565E+03,0.41435E+03,0.37741E+03,0.38053E+03,1.17089E+03,-0.43345E+03,-0.42499E+03,-0.42554E+03,-1.28398E+03,-0.18447E+03,-0.18874E+03,-0.14888E+03,-0.52209E+03,-0.72435E+00,-0.72209E+00,-0.72998E+00,-0.72548E+00,-0.89543E+00,-0.86598E+00,-0.92029E+00,-0.89509E+00,0.000E+00,119.933E+00,-119.670E+00,56.679E+00,179.850E+00,-66.793E+00,-43.586E+00,-43.773E+00,-43.115E+00,-43.491E+00,201.869E+00,202.242E+00,201.132E+00,90.150E+00,+99999.9E+99,+99999.9E+99,0.00013E+06,-0.00078E+06,0.00000E+00,15.381E+00,0.758E+03,0.00122E+06,43.708E+00,F0F08
2021/11/30,17:34:18,00000:00:43,650,38003F00,2800,3B00,3B00,3F00,100.047E+00,0.000E+00,0.000E+00,111.123E+00,0.000E+00,0.000E+00,0.514E+00,0.000E+00,0.000E+00,100.046E+00,0.000E+00,0.000E+00,0.000E+00,0.000E+00,0.000E+00,101.025E+00,0.000E+00,0.000E+00,98.804E+00,0.000E+00,0.000E+00,36.576E+00,+99999.9E+99,+99999.9E+99,1.110E+00,+99999.9E+99,+99999.9E+99,11.2121E+00,0.00000E+00,0.00000E+00,11.3991E+00,0.00000E+00,0.00000E+00,4.5151E+00,0.00000E+00,0.00000E+00,10.2628E+00,0.00000E+00,0.00000E+00,4.1417E+00,0.00000E+00,0.00000E+00,18.1129E+00,0.0000E+00,0.0000E+00,3.4952E+00,0.0000E+00,0.0000E+00,45.237E+00,+99999.9E+99,+99999.9E+99,71.216E+00,+99999.9E+99,+99999.9E+99,1.02468E+03,0.00000E+03,0.00000E+03,0.00000E+03,0.00000E+03,0.00000E+03,1.12174E+03,0.00000E+03,0.00000E+03,0.00000E+03,0.00000E+03,0.00000E+03,0.45644E+03,0.00000E+03,0.00000E+03,0.00000E+03,0.00000E+03,0.00000E+03,0.91347E+00,0.00000E+00,0.00000E+00,0.92941E+00,0.77453E+00,0.97558E+00,0.000E+00,-22.986E+00,-179.928E+00,158.342E+00,16.251E+00,12.760E+00,24.011E+00,90.000E+00,90.000E+00,9.32288E+00,0.00000E+00,0.00000E+00,83.316E+00,100.000E+00,100.000E+00,0.17096E+03,0.00000E+03,0.00000E+03,+99999.9E+99,+99999.9E+99,+99999.9E+99,+99999.9E+99,+99999.9E+99,+99999.9E+99,+99999.9E+99,+99999.9E+99,+99999.9E+99,+99999.9E+99,+99999.9E+99,+99999.9E+99,1B00,0,0,0,1B00,76.7102E+00,76.6791E+00,76.4040E+00,76.5977E+00,72.5268E+00,72.6604E+00,72.0134E+00,72.4002E+00,76.7102E+00,76.6790E+00,76.4040E+00,0.0000E+00,0.0000E+00,0.0000E+00,70.2848E+00,70.3186E+00,70.1875E+00,105.846E+00,106.081E+00,105.791E+00,-103.954E+00,-104.619E+00,-104.530E+00,38.168E+00,37.856E+00,38.093E+00,+99999.9E+99,+99999.9E+99,+99999.9E+99,0.108E+00,9.6755E+00,9.2529E+00,9.8687E+00,9.5990E+00,8.3052E+00,7.9477E+00,8.3516E+00,8.2015E+00,9.6755E+00,9.2529E+00,9.8687E+00,0.0000E+00,0.0000E+00,0.0000E+00,14.6890E+00,14.5714E+00,14.9389E+00,26.4162E+00,24.8357E+00,27.0809E+00,-25.5129E+00,-23.3548E+00,-26.8029E+00,40.907E+00,40.921E+00,39.486E+00,+99999.9E+99,+99999.9E+99,+99999.9E+99,1.572E+00,0.27914E+03,0.27720E+03,0.29738E+03,0.85372E+03,0.51401E+03,0.51680E+03,0.52955E+03,1.56035E+03,0.43040E+03,0.41174E+03,0.43795E+03,1.28009E+03,0.59401E+03,0.58866E+03,0.60402E+03,1.78656E+03,-0.32761E+03,-0.30445E+03,-0.32150E+03,-0.95356E+03,-0.29773E+03,-0.28185E+03,-0.29055E+03,-0.87013E+03,-0.64855E+00,-0.67324E+00,-0.67903E+00,-0.66692E+00,-0.86532E+00,-0.87793E+00,-0.87670E+00,-0.87338E+00,0.000E+00,120.095E+00,-119.930E+00,60.095E+00,178.647E+00,-61.136E+00,-49.567E+00,-47.682E+00,-47.232E+00,-48.170E+00,201.913E+00,201.737E+00,202.608E+00,92.117E+00,+99999.9E+99,+99999.9E+99,0.00007E+06,-0.00051E+06,0.00000E+00,9.924E+00,0.757E+03,0.00079E+06,43.784E+00,F0F08
2021/11/30,17:34:18,00000:00:43,700,38003F00,0,1B00,1B00,3F00,99.920E+00,0.000E+00,0.000E+00,110.982E+00,0.000E+00,0.000E+00,0.507E+00,0.000E+00,0.000E+00,99.919E+00,0.000E+00,0.000E+00,0.000E+00,0.000E+00,0.000E+00,100.893E+00,0.000E+00,0.000E+00,98.832E+00,0.000E+00,0.000E+00,109.716E+00,+99999.9E+99,+99999.9E+99,1.031E+00,+99999.9E+99,+99999.9E+99,11.8156E+00,0.00000E+00,0.00000E+00,12.0802E+00,0.00000E+00,0.00000E+00,4.6174E+00,0.00000E+00,0.00000E+00,10.8760E+00,0.00000E+00,0.00000E+00,3.0451E+00,0.00000E+00,0.00000E+00,18.2745E+00,0.0000E+00,0.0000E+00,3.3986E+00,0.0000E+00,0.0000E+00,107.590E+00,+99999.9E+99,+99999.9E+99,68.389E+00,+99999.9E+99,+99999.9E+99,1.08463E+03,0.00000E+03,0.00000E+03,0.00000E+03,0.00000E+03,0.00000E+03,1.18061E+03,0.00000E+03,0.00000E+03,0.00000E+03,0.00000E+03,0.00000E+03,0.46629E+03,0.00000E+03,0.00000E+03,0.00000E+03,0.00000E+03,0.00000E+03,0.91870E+00,0.00000E+00,0.00000E+00,0.81099E+00,0.92693E+00,0.32368E+00,0.000E+00,-151.079E+00,136.353E+00,144.193E+00,6.882E+00,65.238E+00,23.263E+00,90.000E+00,90.000E+00,12.6156E+00,0.00000E+00,0.00000E+00,97.004E+00,100.000E+00,100.000E+00,0.03250E+03,0.00000E+03,0.00000E+03,+99999.9E+99,+99999.9E+99,+99999.9E+99,+99999.9E+99,+99999.9E+99,+99999.9E+99,+99999.9E+99,+99999.9E+99,+99999.9E+99,+99999.9E+99,+99999.9E+99,+99999.9E+99,1B00,0,0,0,1B00,76.5239E+00,77.0128E+00,77.0187E+00,76.8518E+00,71.8591E+00,72.7962E+00,72.7905E+00,72.4819E+00,76.5239E+00,77.0128E+00,77.0187E+00,0.0000E+00,0.0000E+00,0.0000E+00,73.0815E+00,73.0659E+00,72.9638E+00,105.859E+00,106.116E+00,105.833E+00,-104.613E+00,-104.966E+00,-104.913E+00,15.350E+00,15.240E+00,15.244E+00,+99999.9E+99,+99999.9E+99,+99999.9E+99,0.104E+00,11.7086E+00,11.4600E+00,11.2598E+00,11.4761E+00,10.1049E+00,9.9613E+00,9.6622E+00,9.9094E+00,11.7073E+00,11.4541E+00,11.2466E+00,-0.1769E+00,-0.3666E+00,0.5446E+00,5.0919E+00,5.0015E+00,5.4254E+00,27.6443E+00,27.0971E+00,28.6686E+00,-26.5995E+00,-26.7471E+00,-26.2462E+00,60.038E+00,59.171E+00,54.505E+00,+99999.9E+99,+99999.9E+99,+99999.9E+99,3.669E+00,0.36200E+03,0.34267E+03,0.34745E+03,1.05213E+03,0.17757E+03,0.18497E+03,0.19112E+03,0.55366E+03,0.52268E+03,0.51094E+03,0.50453E+03,1.53815E+03,0.20775E+03,0.20854E+03,0.21948E+03,0.63554E+03,-0.37703E+03,-0.37900E+03,-0.36582E+03,-1.12185E+03,-0.10784E+03,-0.09631E+03,-0.10790E+03,-0.31205E+03,-0.69259E+00,-0.67067E+00,-0.68867E+00,-0.68402E+00,-0.85471E+00,-0.88698E+00,-0.87080E+00,-0.87116E+00,0.000E+00,120.096E+00,-119.968E+00,61.261E+00,177.557E+00,-60.466E+00,-46.165E+00,-47.881E+00,-46.475E+00,-46.841E+00,202.024E+00,201.997E+00,201.396E+00,92.733E+00,+99999.9E+99,+99999.9E+99,0.00008E+06,-0.00063E+06,0.00000E+00,12.315E+00,0.757E+03,0.00098E+06,43.826E+00,F0F0F
2021/11/30,17:34:18,00000:00:43,750,38003F00,700,1F00,1F00,3F00,99.920E+00,0.000E+00,0.000E+00,110.982E+00,0.000E+00,0.000E+00,0.507E+00,0.000E+00,0.000E+00,99.919E+00,0.000E+00,0.000E+00,0.000E+00,0.000E+00,0.000E+00,100.893E+00,0.000E+00,0.000E+00,98.832E+00,0.000E+00,0.000E+00,19.420E+00,+99999.9E+99,+99999.9E+99,1.031E+00,+99999.9E+99,+99999.9E+99,11.8156E+00,0.00000E+00,0.00000E+00,12.0802E+00,0.00000E+00,0.00000E+00,4.6174E+00,0.00000E+00,0.00000E+00,10.8760E+00,0.00000E+00,0.00000E+00,4.7637E+00,0.00000E+00,0.00000E+00,18.2745E+00,0.0000E+00,0.0000E+00,3.3986E+00,0.0000E+00,0.0000E+00,9.227E+00,+99999.9E+99,+99999.9E+99,68.389E+00,+99999.9E+99,+99999.9E+99,1.08463E+03,0.00000E+03,0.00000E+03,0.00000E+03,0.00000E+03,0.00000E+03,1.18061E+03,0.00000E+03,0.00000E+03,0.00000E+03,0.00000E+03,0.00000E+03,0.46629E+03,0.00000E+03,0.00000E+03,0.00000E+03,0.00000E+03,0.00000E+03,0.91870E+00,0.00000E+00,0.00000E+00,0.91539E+00,0.78696E+00,0.84444E+00,0.000E+00,35.846E+00,169.356E+00,156.262E+00,-2.252E+00,-43.032E+00,23.263E+00,90.000E+00,90.000E+00,12.6156E+00,0.00000E+00,0.00000E+00,119.313E+00,100.000E+00,100.000E+00,-0.20948E+03,0.00000E+03,0.00000E+03,+99999.9E+99,+99999.9E+99,+99999.9E+99,+99999.9E+99,+99999.9E+99,+99999.9E+99,+99999.9E+99,+99999.9E+99,+99999.9E+99,+99999.9E+99,+99999.9E+99,+99999.9E+99,1B00,0,0,0,1B00,77.2147E+00,77.2285E+00,77.0101E+00,77.1511E+00,72.2307E+00,72.4275E+00,71.8928E+00,72.1836E+00,77.2147E+00,77.2285E+00,77.0101E+00,0.0000E+00,0.0000E+00,0.0000E+00,71.0409E+00,71.7170E+00,71.5104E+00,105.433E+00,105.777E+00,105.541E+00,-104.456E+00,-105.124E+00,-104.844E+00,30.183E+00,30.438E+00,30.404E+00,+99999.9E+99,+99999.9E+99,+99999.9E+99,0.554E+00,13.6006E+00,13.1664E+00,13.5578E+00,13.4416E+00,12.5168E+00,12.0909E+00,12.4580E+00,12.3552E+00,13.5997E+00,13.1664E+00,13.5562E+00,-0.1560E+00,0.0000E+00,0.2081E+00,12.4150E+00,11.2706E+00,11.4255E+00,27.8629E+00,27.0905E+00,28.5433E+00,-26.6129E+00,-27.1114E+00,-26.5729E+00,40.948E+00,44.311E+00,44.224E+00,+99999.9E+99,+99999.9E+99,+99999.9E+99,6.012E+00,0.42899E+03,0.42090E+03,0.44422E+03,1.29410E+03,0.44547E+03,0.39538E+03,0.42311E+03,1.26396E+03,0.61288E+03,0.59323E+03,0.60980E+03,1.81591E+03,0.50015E+03,0.45902E+03,0.46311E+03,1.42077E+03,-0.43771E+03,-0.41806E+03,-0.41776E+03,-1.27353E+03,-0.22739E+03,-0.23319E+03,-0.18826E+03,-0.64884E+03,-0.69995E+00,-0.70950E+00,-0.72847E+00,-0.71265E+00,-0.89068E+00,-0.86134E+00,-0.91364E+00,-0.88963E+00,0.000E+00,119.884E+00,-119.593E+00,57.352E+00,-179.681E+00,-65.820E+00,-45.577E+00,-44.806E+00,-43.242E+00,-44.549E+00,201.374E+00,201.591E+00,201.952E+00,89.657E+00,+99999.9E+99,+99999.9E+99,0.00013E+06,-0.00074E+06,0.00000E+00,14.624E+00,0.758E+03,0.00116E+06,43.564E+00,F0F08
2021/11/30,17:34:19,00000:00:43,800,38003D00,500,1C00,1C00,3800,99.920E+00,0.000E+00,0.000E+00,110.982E+00,0.000E+00,0.000E+00,0.507E+00,0.000E+00,0.000E+00,99.919E+00,0.000E+00,0.000E+00,0.000E+00,0.000E+00,0.000E+00,100.893E+00,0.000E+00,0.000E+00,98.832E+00,0.000E+00,0.000E+00,19.420E+00,+99999.9E+99,+99999.9E+99,1.031E+00,+99999.9E+99,+99999.9E+99,11.8156E+00,0.00000E+00,0.00000E+00,12.0802E+00,0.00000E+00,0.00000E+00,4.6174E+00,0.00000E+00,0.00000E+00,10.8760E+00,0.00000E+00,0.00000E+00,4.7637E+00,0.00000E+00,0.00000E+00,18.2745E+00,0.0000E+00,0.0000E+00,3.3986E+00,0.0000E+00,0.0000E+00,9.227E+00,+99999.9E+99,+99999.9E+99,68.389E+00,+99999.9E+99,+99999.9E+99,1.08463E+03,0.00000E+03,0.00000E+03,0.00000E+03,0.00000E+03,0.00000E+03,1.18061E+03,0.00000E+03,0.00000E+03,0.00000E+03,0.00000E+03,0.00000E+03,0.46629E+03,0.00000E+03,0.00000E+03,0.00000E+03,0.00000E+03,0.00000E+03,0.91870E+00,0.00000E+00,0.00000E+00,0.91539E+00,0.78696E+00,0.84444E+00,0.000E+00,35.846E+00,169.356E+00,156.262E+00,-2.252E+00,-43.032E+00,23.263E+00,90.000E+00,90.000E+00,12.6156E+00,0.00000E+00,0.00000E+00,71.478E+00,100.000E+00,100.000E+00,0.30935E+03,0.00000E+03,0.00000E+03,+99999.9E+99,+99999.9E+99,+99999.9E+99,+99999.9E+99,+99999.9E+99,+99999.9E+99,+99999.9E+99,+99999.9E+99,+99999.9E+99,+99999.9E+99,+99999.9E+99,+99999.9E+99,1B00,0,0,0,1B00,76.2712E+00,76.6807E+00,76.5170E+00,76.4896E+00,72.1574E+00,72.9297E+00,72.6372E+00,72.5748E+00,76.2712E+00,76.6807E+00,76.5170E+00,0.0000E+00,0.0000E+00,0.0000E+00,71.3147E+00,71.2184E+00,71.0648E+00,105.679E+00,106.094E+00,105.826E+00,-103.999E+00,-104.680E+00,-104.223E+00,31.883E+00,31.111E+00,31.737E+00,+99999.9E+99,+99999.9E+99,+99999.9E+99,0.214E+00,8.2588E+00,8.1960E+00,8.1476E+00,8.2008E+00,7.3541E+00,7.3070E+00,7.2422E+00,7.3011E+00,8.2580E+00,8.1951E+00,8.1441E+00,-0.1150E+00,-0.1235E+00,0.2395E+00,11.7325E+00,11.7392E+00,12.3297E+00,22.3805E+00,20.8481E+00,20.5286E+00,-18.6938E+00,-19.2305E+00,-19.9257E+00,45.140E+00,44.016E+00,41.987E+00,+99999.9E+99,+99999.9E+99,+99999.9E+99,3.332E+00,0.26018E+03,0.25435E+03,0.26074E+03,0.77527E+03,0.40435E+03,0.42503E+03,0.43155E+03,1.26092E+03,0.36538E+03,0.36315E+03,0.36193E+03,1.09046E+03,0.47093E+03,0.47879E+03,0.49680E+03,1.44608E+03,-0.25652E+03,-0.25921E+03,-0.25101E+03,-0.76675E+03,-0.24140E+03,-0.22044E+03,-0.24613E+03,-0.70797E+03,-0.71210E+00,-0.70038E+00,-0.72042E+00,-0.71096E+00,-0.85862E+00,-0.88771E+00,-0.86865E+00,-0.87196E+00,0.000E+00,120.190E+00,-119.979E+00,60.788E+00,177.532E+00,-60.160E+00,-44.594E+00,-45.542E+00,-43.911E+00,-44.687E+00,202.470E+00,202.065E+00,202.025E+00,94.623E+00,+99999.9E+99,+99999.9E+99,0.00004E+06,-0.00048E+06,0.00000E+00,9.262E+00,0.756E+03,0.00073E+06,43.967E+00,F0F08
2021/11/30,17:34:19,00000:00:43,850,38003F00,700,1F00,1F00,3F00,99.920E+00,0.000E+00,0.000E+00,110.982E+00,0.000E+00,0.000E+00,0.507E+00,0.000E+00,0.000E+00,99.919E+00,0.000E+00,0.000E+00,0.000E+00,0.000E+00,0.000E+00,100.893E+00,0.000E+00,0.000E+00,98.832E+00,0.000E+00,0.000E+00,65.718E+00,341.062E+00,444.554E+00,1.031E+00,+99999.9E+99,+99999.9E+99,11.8156E+00,0.00000E+00,0.00000E+00,12.0802E+00,0.00000E+00,0.00000E+00,4.6174E+00,0.00000E+00,0.00000E+00,10.8760E+00,0.00000E+00,0.00000E+00,4.0478E+00,0.00000E+00,0.00000E+00,18.2745E+00,0.0000E+00,0.0000E+00,3.3986E+00,0.0000E+00,0.0000E+00,47.475E+00,+99999.9E+99,+99999.9E+99,68.389E+00,+99999.9E+99,+99999.9E+99,1.08463E+03,0.00000E+03,0.00000E+03,0.00000E+03,0.00000E+03,0.00000E+03,1.18061E+03,0.00000E+03,0.00000E+03,0.00000E+03,0.00000E+03,0.00000E+03,0.46629E+03,0.00000E+03,0.00000E+03,0.00000E+03,0.00000E+03,0.00000E+03,0.91870E+00,0.00000E+00,0.00000E+00,0.89315E+00,0.38377E+00,0.97288E+00,0.000E+00,-36.387E+00,152.640E+00,153.272E+00,-148.954E+00,166.014E+00,23.263E+00,90.000E+00,90.000E+00,12.6156E+00,0.00000E+00,0.00000E+00,116.012E+00,100.000E+00,100.000E+00,-0.17367E+03,0.00000E+03,0.00000E+03,+99999.9E+99,+99999.9E+99,+99999.9E+99,+99999.9E+99,+99999.9E+99,+99999.9E+99,+99999.9E+99,+99999.9E+99,+99999.9E+99,+99999.9E+99,+99999.9E+99,+99999.9E+99,1B00,0,0,0,1B00,77.1104E+00,77.2041E+00,77.1313E+00,77.1486E+00,72.1807E+00,72.5756E+00,72.2975E+00,72.3513E+00,77.1104E+00,77.2041E+00,77.1313E+00,0.0000E+00,0.0000E+00,0.0000E+00,73.0404E+00,73.2953E+00,73.1553E+00,105.657E+00,106.019E+00,105.664E+00,-104.410E+00,-104.711E+00,-104.900E+00,14.126E+00,14.253E+00,14.364E+00,+99999.9E+99,+99999.9E+99,+99999.9E+99,0.201E+00,13.4013E+00,12.9273E+00,13.1304E+00,13.1530E+00,12.2104E+00,11.7237E+00,11.7943E+00,11.9094E+00,13.4003E+00,12.9231E+00,13.1211E+00,-0.1686E+00,-0.3265E+00,0.4962E+00,5.2280E+00,4.7220E+00,4.8932E+00,27.4857E+00,27.0862E+00,28.3719E+00,-26.6267E+00,-27.0576E+00,-26.5981E+00,54.697E+00,59.114E+00,56.721E+00,+99999.9E+99,+99999.9E+99,+99999.9E+99,4.748E+00,0.42789E+03,0.40611E+03,0.42429E+03,1.25829E+03,0.18834E+03,0.17234E+03,0.18527E+03,0.54595E+03,0.60408E+03,0.58119E+03,0.59014E+03,1.77541E+03,0.21341E+03,0.19730E+03,0.20352E+03,0.61387E+03,-0.42640E+03,-0.41576E+03,-0.41018E+03,-1.25234E+03,-0.10036E+03,-0.09607E+03,-0.08424E+03,-0.28067E+03,-0.70834E+00,-0.69875E+00,-0.71896E+00,-0.70873E+00,-0.88252E+00,-0.87346E+00,-0.91031E+00,-0.88936E+00,0.000E+00,120.012E+00,-119.821E+00,58.167E+00,179.085E+00,-65.421E+00,-44.900E+00,-45.673E+00,-44.031E+00,-44.868E+00,201.279E+00,201.494E+00,201.771E+00,90.929E+00,+99999.9E+99,+99999.9E+99,0.00011E+06,-0.00074E+06,0.00000E+00,14.426E+00,0.757E+03,0.00114E+06,43.559E+00,F0F08
2021/11/30,17:34:19,00000:00:43,900,38003F00,2800,3B00,3B00,3F00,99.876E+00,0.000E+00,0.000E+00,110.933E+00,0.000E+00,0.000E+00,0.505E+00,0.000E+00,0.000E+00,99.875E+00,0.000E+00,0.000E+00,0.000E+00,0.000E+00,0.000E+00,100.918E+00,0.000E+00,0.000E+00,98.789E+00,0.000E+00,0.000E+00,65.718E+00,341.062E+00,444.554E+00,1.066E+00,+99999.9E+99,+99999.9E+99,12.0149E+00,0.00000E+00,0.00000E+00,12.3039E+00,0.00000E+00,0.00000E+00,4.6529E+00,0.00000E+00,0.00000E+00,11.0774E+00,0.00000E+00,0.00000E+00,4.0478E+00,0.00000E+00,0.00000E+00,18.2986E+00,0.0000E+00,0.0000E+00,4.0483E+00,0.0000E+00,0.0000E+00,47.475E+00,+99999.9E+99,+99999.9E+99,64.321E+00,+99999.9E+99,+99999.9E+99,1.10424E+03,0.00000E+03,0.00000E+03,0.00000E+03,0.00000E+03,0.00000E+03,1.20000E+03,0.00000E+03,0.00000E+03,0.00000E+03,0.00000E+03,0.00000E+03,0.46974E+03,0.00000E+03,0.00000E+03,0.00000E+03,0.00000E+03,0.00000E+03,0.92020E+00,0.00000E+00,0.00000E+00,0.89315E+00,0.38377E+00,0.97288E+00,0.000E+00,-36.387E+00,152.640E+00,153.272E+00,-148.954E+00,166.014E+00,23.045E+00,90.000E+00,90.000E+00,0.00000E+00,0.00000E+00,0.00000E+00,95.207E+00,100.000E+00,100.000E+00,0.05292E+03,0.00000E+03,0.00000E+03,+99999.9E+99,+99999.9E+99,+99999.9E+99,+99999.9E+99,+99999.9E+99,+99999.9E+99,+99999.9E+99,+99999.9E+99,+99999.9E+99,+99999.9E+99,+99999.9E+99,+99999.9E+99,1800,0,0,0,1800,76.7340E+00,77.0862E+00,76.8361E+00,76.8855E+00,71.9077E+00,72.5565E+00,72.0978E+00,72.1873E+00,76.7340E+00,77.0862E+00,76.8361E+00,0.0000E+00,0.0000E+00,0.0000E+00,70.1596E+00,70.5456E+00,70.4795E+00,105.479E+00,106.017E+00,105.541E+00,-104.579E+00,-104.756E+00,-104.419E+00,37.425E+00,37.406E+00,37.306E+00,+99999.9E+99,+99999.9E+99,+99999.9E+99,0.344E+00,11.7532E+00,11.5849E+00,11.8509E+00,11.7297E+00,10.2299E+00,10.1482E+00,10.3267E+00,10.2349E+00,11.7526E+00,11.5849E+00,11.8509E+00,-0.1172E+00,0.0000E+00,0.0000E+00,15.0372E+00,14.4312E+00,14.4686E+00,27.3171E+00,27.1800E+00,28.6309E+00,-25.8552E+00,-26.7909E+00,-26.7695E+00,39.304E+00,40.780E+00,40.554E+00,+99999.9E+99,+99999.9E+99,+99999.9E+99,2.853E+00,0.34509E+03,0.34690E+03,0.35933E+03,1.05132E+03,0.53511E+03,0.50478E+03,0.52530E+03,1.56519E+03,0.52471E+03,0.51849E+03,0.53128E+03,1.57447E+03,0.60819E+03,0.58189E+03,0.58838E+03,1.77804E+03,-0.39526E+03,-0.38534E+03,-0.39133E+03,-1.17193E+03,-0.28906E+03,-0.28947E+03,-0.26505E+03,-0.84358E+03,-0.65768E+00,-0.66906E+00,-0.67635E+00,-0.66773E+00,-0.87984E+00,-0.86748E+00,-0.89279E+00,-0.88029E+00,0.000E+00,119.880E+00,-119.785E+00,58.561E+00,179.681E+00,-63.162E+00,-48.877E+00,-48.005E+00,-47.441E+00,-48.108E+00,202.212E+00,202.052E+00,201.857E+00,90.783E+00,+99999.9E+99,+99999.9E+99,0.00010E+06,-0.00061E+06,0.00000E+00,12.037E+00,0.757E+03,0.00095E+06,43.835E+00,F0F08
2021/11/30,17:34:19,00000:00:43,950,38003F00,2D00,3F00,3F00,3F00,99.876E+00,0.000E+00,0.000E+00,110.933E+00,0.000E+00,0.000E+00,0.505E+00,0.000E+00,0.000E+00,99.875E+00,0.000E+00,0.000E+00,0.000E+00,0.000E+00,0.000E+00,100.918E+00,0.000E+00,0.000E+00,98.789E+00,0.000E+00,0.000E+00,35.732E+00,+99999.9E+99,+99999.9E+99,1.066E+00,+99999.9E+99,+99999.9E+99,12.0149E+00,0.00000E+00,0.00000E+00,12.3039E+00,0.00000E+00,0.00000E+00,4.6529E+00,0.00000E+00,0.00000E+00,11.0774E+00,0.00000E+00,0.00000E+00,4.2807E+00,0.00000E+00,0.00000E+00,18.2986E+00,0.0000E+00,0.0000E+00,4.0483E+00,0.0000E+00,0.0000E+00,43.239E+00,+99999.9E+99,+99999.9E+99,64.321E+00,+99999.9E+99,+99999.9E+99,1.10424E+03,0.00000E+03,0.00000E+03,0.00000E+03,0.00000E+03,0.00000E+03,1.20000E+03,0.00000E+03,0.00000E+03,0.00000E+03,0.00000E+03,0.00000E+03,0.46974E+03,0.00000E+03,0.00000E+03,0.00000E+03,0.00000E+03,0.00000E+03,0.92020E+00,0.00000E+00,0.00000E+00,0.92857E+00,0.67964E+00,0.99007E+00,0.000E+00,-13.689E+00,119.311E+00,158.213E+00,33.495E+00,127.393E+00,23.045E+00,90.000E+00,90.000E+00,0.00000E+00,0.00000E+00,0.00000E+00,76.165E+00,100.000E+00,100.000E+00,0.26320E+03,0.00000E+03,0.00000E+03,+99999.9E+99,+99999.9E+99,+99999.9E+99,+99999.9E+99,+99999.9E+99,+99999.9E+99,+99999.9E+99,+99999.9E+99,+99999.9E+99,+99999.9E+99,+99999.9E+99,+99999.9E+99,1B00,0,0,0,1B00,76.5317E+00,76.6306E+00,76.5477E+00,76.5700E+00,72.3809E+00,72.7550E+00,72.4580E+00,72.5313E+00,76.5317E+00,76.6306E+00,76.5477E+00,0.0000E+00,0.0000E+00,0.0000E+00,72.4708E+00,72.2360E+00,72.2168E+00,105.799E+00,106.064E+00,105.769E+00,-104.257E+00,-105.047E+00,-104.901E+00,21.464E+00,20.481E+00,21.148E+00,+99999.9E+99,+99999.9E+99,+99999.9E+99,0.222E+00,9.3786E+00,8.8694E+00,9.0111E+00,9.0864E+00,8.1701E+00,7.7564E+00,7.7972E+00,7.9079E+00,9.3772E+00,8.8671E+00,9.0037E+00,-0.1622E+00,-0.2017E+00,0.3649E+00,7.1613E+00,7.5693E+00,7.7868E+00,25.7614E+00,23.7319E+00,24.6405E+00,-26.0819E+00,-24.8162E+00,-21.7314E+00,55.783E+00,51.144E+00,49.812E+00,+99999.9E+99,+99999.9E+99,+99999.9E+99,5.096E+00,0.28769E+03,0.26951E+03,0.28384E+03,0.84104E+03,0.24570E+03,0.26723E+03,0.27025E+03,0.78317E+03,0.41686E+03,0.39331E+03,0.39964E+03,1.20981E+03,0.29309E+03,0.30256E+03,0.31842E+03,0.91342E+03,-0.30167E+03,-0.28645E+03,-0.28133E+03,-0.86945E+03,-0.15979E+03,-0.14190E+03,-0.16840E+03,-0.47008E+03,-0.69014E+00,-0.68524E+00,-0.71024E+00,-0.69519E+00,-0.83832E+00,-0.88320E+00,-0.84871E+00,-0.85741E+00,0.000E+00,120.118E+00,-120.100E+00,62.930E+00,178.081E+00,-58.059E+00,-46.359E+00,-46.746E+00,-44.745E+00,-45.958E+00,201.633E+00,201.899E+00,202.041E+00,94.288E+00,+99999.9E+99,+99999.9E+99,0.00005E+06,-0.00052E+06,0.00000E+00,10.016E+00,0.756E+03,0.00079E+06,43.757E+00,F0F08
2021/11/30,17:34:19,00000:00:44,0,38003800,2800,3800,3800,3800,99.989E+00,0.000E+00,0.000E+00,111.059E+00,0.000E+00,0.000E+00,0.503E+00,0.000E+00,0.000E+00,99.988E+00,0.000E+00,0.000E+00,0.000E+00,0.000E+00,0.000E+00,100.914E+00,0.000E+00,0.000E+00,98.782E+00,0.000E+00,0.000E+00,35.732E+00,+99999.9E+99,+99999.9E+99,1.066E+00,+99999.9E+99,+99999.9E+99,10.7899E+00,0.00000E+00,0.00000E+00,11.0483E+00,0.00000E+00,0.00000E+00,4.1807E+00,0.00000E+00,0.00000E+00,9.9470E+00,0.00000E+00,0.00000E+00,4.2807E+00,0.00000E+00,0.00000E+00,18.2517E+00,0.0000E+00,0.0000E+00,4.1400E+00,0.0000E+00,0.0000E+00,43.239E+00,+99999.9E+99,+99999.9E+99,70.934E+00,+99999.9E+99,+99999.9E+99,0.99268E+03,0.00000E+03,0.00000E+03,0.00000E+03,0.00000E+03,0.00000E+03,1.07887E+03,0.00000E+03,0.00000E+03,0.00000E+03,0.00000E+03,0.00000E+03,0.42255E+03,0.00000E+03,0.00000E+03,0.00000E+03,0.00000E+03,0.00000E+03,0.92011E+00,0.00000E+00,0.00000E+00,0.92857E+00,0.67964E+00,0.99007E+00,0.000E+00,-13.689E+00,119.311E+00,158.213E+00,33.495E+00,127.393E+00,23.058E+00,90.000E+00,90.000E+00,14.5776E+00,0.00000E+00,0.00000E+00,136.866E+00,100.000E+00,100.000E+00,-0.36597E+03,0.00000E+03,0.00000E+03,+99999.9E+99,+99999.9E+99,+99999.9E+99,+99999.9E+99,+99999.9E+99,+99999.9E+99,+99999.9E+99,+99999.9E+99,+99999.9E+99,+99999.9E+99,+99999.9E+99,+99999.9E+99,1B00,0,0,0,1B00,77.0110E+00,77.4462E+00,77.3304E+00,77.2625E+00,71.7187E+00,72.5562E+00,72.3298E+00,72.2016E+00,77.0110E+00,77.4462E+00,77.3304E+00,0.0000E+00,0.0000E+00,0.0000E+00,72.3234E+00,72.7861E+00,72.6416E+00,105.557E+00,106.153E+00,105.529E+00,-104.970E+00,-104.707E+00,-104.494E+00,19.986E+00,20.089E+00,20.408E+00,+99999.9E+99,+99999.9E+99,+99999.9E+99,0.381E+00,13.9858E+00,13.6620E+00,13.7860E+00,13.8113E+00,13.0690E+00,12.8762E+00,12.8233E+00,12.9228E+00,13.9850E+00,13.6599E+00,13.7804E+00,-0.1534E+00,-0.2369E+00,0.3912E+00,7.9195E+00,7.3542E+00,7.2106E+00,27.5819E+00,27.3276E+00,28.5457E+00,-26.6957E+00,-26.9557E+00,-26.6700E+00,47.378E+00,49.783E+00,50.989E+00,+99999.9E+99,+99999.9E+99,+99999.9E+99,6.706E+00,0.45753E+03,0.44526E+03,0.45585E+03,1.35865E+03,0.28935E+03,0.25369E+03,0.27207E+03,0.81511E+03,0.63024E+03,0.61576E+03,0.62346E+03,1.86947E+03,0.32352E+03,0.29371E+03,0.29581E+03,0.91189E+03,-0.43344E+03,-0.42533E+03,-0.42532E+03,-1.28410E+03,-0.14471E+03,-0.14801E+03,-0.11612E+03,-0.40883E+03,-0.72596E+00,-0.72311E+00,-0.73117E+00,-0.72676E+00,-0.89439E+00,-0.86375E+00,-0.91973E+00,-0.89387E+00,0.000E+00,119.913E+00,-119.724E+00,56.783E+00,-179.891E+00,-66.761E+00,-43.451E+00,-43.689E+00,-43.016E+00,-43.385E+00,201.757E+00,201.399E+00,201.056E+00,90.195E+00,+99999.9E+99,+99999.9E+99,0.00013E+06,-0.00078E+06,0.00000E+00,15.449E+00,0.757E+03,0.00123E+06,43.684E+00,F0F08
2021/11/30,17:34:19,00000:00:44,50,38003F00,0,1B00,1B00,3F00,99.922E+00,0.000E+00,0.000E+00,110.984E+00,0.000E+00,0.000E+00,0.509E+00,0.000E+00,0.000E+00,99.921E+00,0.000E+00,0.000E+00,0.000E+00,0.000E+00,0.000E+00,100.925E+00,0.000E+00,0.000E+00,98.836E+00,0.000E+00,0.000E+00,24.453E+00,+99999.9E+99,464.773E+00,1.045E+00,+99999.9E+99,+99999.9E+99,11.8253E+00,0.00000E+00,0.00000E+00,12.1131E+00,0.00000E+00,0.00000E+00,4.5722E+00,0.00000E+00,0.00000E+00,10.9056E+00,0.00000E+00,0.00000E+00,4.3122E+00,0.00000E+00,0.00000E+00,18.2143E+00,0.0000E+00,0.0000E+00,4.0412E+00,0.0000E+00,0.0000E+00,10.354E+00,+99999.9E+99,+99999.9E+99,64.981E+00,+99999.9E+99,+99999.9E+99,1.08762E+03,0.00000E+03,0.00000E+03,0.00000E+03,0.00000E+03,0.00000E+03,1.18161E+03,0.00000E+03,0.00000E+03,0.00000E+03,0.00000E+03,0.00000E+03,0.46183E+03,0.00000E+03,0.00000E+03,0.00000E+03,0.00000E+03,0.00000E+03,0.92045E+00,0.00000E+00,0.00000E+00,0.90120E+00,0.68021E+00,0.39539E+00,0.000E+00,146.902E+00,129.855E+00,154.317E+00,99.762E+00,16.565E+00,23.007E+00,90.000E+00,90.000E+00,12.6120E+00,0.00000E+00,0.00000E+00,80.519E+00,100.000E+00,100.000E+00,0.21188E+03,0.00000E+03,0.00000E+03,+99999.9E+99,+99999.9E+99,+99999.9E+99,+99999.9E+99,+99999.9E+99,+99999.9E+99,+99999.9E+99,+99999.9E+99,+99999.9E+99,+99999.9E+99,+99999.9E+99,+99999.9E+99,1B00,0,0,0,1B00,76.7131E+00,76.6644E+00,76.3852E+00,76.5876E+00,72.5902E+00,72.6987E+00,72.0470E+00,72.4453E+00,76.7131E+00,76.6644E+00,76.3852E+00,0.0000E+00,0.0000E+00,0.0000E+00,70.2655E+00,70.2957E+00,70.1881E+00,105.753E+00,105.909E+00,105.859E+00,-103.941E+00,-104.817E+00,-104.176E+00,38.264E+00,37.967E+00,38.156E+00,+99999.9E+99,+99999.9E+99,+99999.9E+99,0.086E+00,9.7449E+00,9.3209E+00,9.9321E+00,9.6660E+00,8.4480E+00,8.0850E+00,8.4928E+00,8.3420E+00,9.7443E+00,9.3209E+00,9.9321E+00,-0.1145E+00,0.0000E+00,0.0000E+00,14.7386E+00,14.6331E+00,14.9599E+00,26.4200E+00,24.7519E+00,27.0367E+00,-25.5048E+00,-23.0576E+00,-26.6157E+00,40.778E+00,40.775E+00,39.442E+00,+99999.9E+99,+99999.9E+99,+99999.9E+99,1.398E+00,0.28664E+03,0.28437E+03,0.30472E+03,0.87573E+03,0.51699E+03,0.51915E+03,0.53071E+03,1.56685E+03,0.43353E+03,0.41484E+03,0.44070E+03,1.28906E+03,0.59592E+03,0.59090E+03,0.60472E+03,1.79144E+03,-0.32524E+03,-0.30203E+03,-0.31837E+03,-0.94564E+03,-0.29639E+03,-0.28220E+03,-0.28988E+03,-0.86847E+03,-0.66118E+00,-0.68551E+00,-0.69145E+00,-0.67936E+00,-0.86754E+00,-0.87859E+00,-0.87761E+00,-0.87463E+00,0.000E+00,120.075E+00,-119.943E+00,59.838E+00,178.558E+00,-61.267E+00,-48.610E+00,-46.724E+00,-46.255E+00,-47.207E+00,201.952E+00,202.343E+00,202.609E+00,91.803E+00,+99999.9E+99,+99999.9E+99,0.00007E+06,-0.00052E+06,0.00000E+00,10.149E+00,0.756E+03,0.00080E+06,43.814E+00,F0F0F
2021/11/30,17:34:19,00000:00:44,100,38003F00,700,1F00,1F00,3F00,99.922E+00,0.000E+00,0.000E+00,110.984E+00,0.000E+00,0.000E+00,0.509E+00,0.000E+00,0.000E+00,99.921E+00,0.000E+00,0.000E+00,0.000E+00,0.000E+00,0.000E+00,100.925E+00,0.000E+00,0.000E+00,98.836E+00,0.000E+00,0.000E+00,24.453E+00,+99999.9E+99,464.773E+00,1.045E+00,+99999.9E+99,+99999.9E+99,11.8253E+00,0.00000E+00,0.00000E+00,12.1131E+00,0.00000E+00,0.00000E+00,4.5722E+00,0.00000E+00,0.00000E+00,10.9056E+00,0.00000E+00,0.00000E+00,4.3122E+00,0.00000E+00,0.00000E+00,18.2143E+00,0.0000E+00,0.0000E+00,4.0412E+00,0.0000E+00,0.0000E+00,10.354E+00,+99999.9E+99,+99999.9E+99,64.981E+00,+99999.9E+99,+99999.9E+99,1.08762E+03,0.00000E+03,0.00000E+03,0.00000E+03,0.00000E+03,0.00000E+03,1.18161E+03,0.00000E+03,0.00000E+03,0.00000E+03,0.00000E+03,0.00000E+03,0.46183E+03,0.00000E+03,0.00000E+03,0.00000E+03,0.00000E+03,0.00000E+03,0.92045E+00,0.00000E+00,0.00000E+00,0.90120E+00,0.68021E+00,0.39539E+00,0.000E+00,146.902E+00,129.855E+00,154.317E+00,99.762E+00,16.565E+00,23.007E+00,90.000E+00,90.000E+00,12.6120E+00,0.00000E+00,0.00000E+00,91.633E+00,100.000E+00,100.000E+00,0.09100E+03,0.00000E+03,0.00000E+03,+99999.9E+99,+99999.9E+99,+99999.9E+99,+99999.9E+99,+99999.9E+99,+99999.9E+99,+99999.9E+99,+99999.9E+99,+99999.9E+99,+99999.9E+99,+99999.9E+99,+99999.9E+99,1B00,0,0,0,1B00,76.5922E+00,76.8960E+00,76.8249E+00,76.7711E+00,72.1219E+00,72.7655E+00,72.5713E+00,72.4862E+00,76.5922E+00,76.8960E+00,76.8249E+00,0.0000E+00,0.0000E+00,0.0000E+00,73.0569E+00,73.0570E+00,72.9436E+00,105.807E+00,106.049E+00,105.757E+00,-104.443E+00,-104.866E+00,-104.653E+00,15.460E+00,15.261E+00,15.394E+00,+99999.9E+99,+99999.9E+99,+99999.9E+99,0.105E+00,11.0968E+00,10.8334E+00,10.7800E+00,10.9034E+00,9.5721E+00,9.3280E+00,9.2513E+00,9.3838E+00,11.0957E+00,10.8296E+00,10.7708E+00,-0.1582E+00,-0.2863E+00,0.4457E+00,5.2466E+00,5.1470E+00,5.5576E+00,27.5767E+00,27.0676E+00,28.5738E+00,-26.3867E+00,-27.2443E+00,-26.1119E+00,58.330E+00,57.588E+00,53.362E+00,+99999.9E+99,+99999.9E+99,+99999.9E+99,3.520E+00,0.33934E+03,0.32336E+03,0.33392E+03,0.99662E+03,0.18642E+03,0.19207E+03,0.19984E+03,0.57833E+03,0.49488E+03,0.48271E+03,0.48156E+03,1.45915E+03,0.21595E+03,0.21503E+03,0.22673E+03,0.65749E+03,-0.36021E+03,-0.35839E+03,-0.34698E+03,-1.06559E+03,-0.10900E+03,-0.09669E+03,-0.10710E+03,-0.31278E+03,-0.68571E+00,-0.66989E+00,-0.69341E+00,-0.68302E+00,-0.86328E+00,-0.89321E+00,-0.88141E+00,-0.87960E+00,0.000E+00,120.099E+00,-119.954E+00,60.310E+00,176.771E+00,-61.715E+00,-46.709E+00,-47.942E+00,-46.099E+00,-46.920E+00,202.011E+00,201.423E+00,201.388E+00,92.910E+00,+99999.9E+99,+99999.9E+99,0.00007E+06,-0.00060E+06,0.00000E+00,11.686E+00,0.757E+03,0.00093E+06,43.818E+00,F0F0F
2021/11/30,17:34:19,00000:00:44,150,38003F00,500,1F00,1F00,3F00,99.922E+00,0.000E+00,0.000E+00,110.984E+00,0.000E+00,0.000E+00,0.509E+00,0.000E+00,0.000E+00,99.921E+00,0.000E+00,0.000E+00,0.000E+00,0.000E+00,0.000E+00,100.925E+00,0.000E+00,0.000E+00,98.836E+00,0.000E+00,0.000E+00,21.004E+00,+99999.9E+99,+99999.9E+99,1.045E+00,+99999.9E+99,+99999.9E+99,11.8253E+00,0.00000E+00,0.00000E+00,12.1131E+00,0.00000E+00,0.00000E+00,4.5722E+00,0.00000E+00,0.00000E+00,10.9056E+00,0.00000E+00,0.00000E+00,4.5573E+00,0.00000E+00,0.00000E+00,18.2143E+00,0.0000E+00,0.0000E+00,4.0412E+00,0.0000E+00,0.0000E+00,7.953E+00,+99999.9E+99,+99999.9E+99,64.981E+00,+99999.9E+99,+99999.9E+99,1.08762E+03,0.00000E+03,0.00000E+03,0.00000E+03,0.00000E+03,0.00000E+03,1.18161E+03,0.00000E+03,0.00000E+03,0.00000E+03,0.00000E+03,0.00000E+03,0.46183E+03,0.00000E+03,0.00000E+03,0.00000E+03,0.00000E+03,0.00000E+03,0.92045E+00,0.00000E+00,0.00000E+00,0.90497E+00,0.99233E+00,0.40267E+00,0.000E+00,-23.888E+00,-176.273E+00,154.819E+00,149.010E+00,-62.528E+00,23.007E+00,90.000E+00,90.000E+00,12.6120E+00,0.00000E+00,0.00000E+00,121.472E+00,100.000E+00,100.000E+00,-0.23353E+03,0.00000E+03,0.00000E+03,+99999.9E+99,+99999.9E+99,+99999.9E+99,+99999.9E+99,+99999.9E+99,+99999.9E+99,+99999.9E+99,+99999.9E+99,+99999.9E+99,+99999.9E+99,+99999.9E+99,+99999.9E+99,1B00,0,0,0,1B00,77.0116E+00,77.4348E+00,77.3288E+00,77.2584E+00,71.6407E+00,72.4520E+00,72.2454E+00,72.1127E+00,77.0116E+00,77.4348E+00,77.3288E+00,0.0000E+00,0.0000E+00,0.0000E+00,71.0718E+00,71.7099E+00,71.5023E+00,105.661E+00,105.899E+00,105.679E+00,-104.651E+00,-104.729E+00,-104.770E+00,30.263E+00,30.488E+00,30.367E+00,+99999.9E+99,+99999.9E+99,+99999.9E+99,0.520E+00,13.7343E+00,13.4273E+00,13.5462E+00,13.5693E+00,12.8339E+00,12.6545E+00,12.5987E+00,12.6957E+00,13.7337E+00,13.4250E+00,13.5409E+00,-0.1287E+00,-0.2503E+00,0.3801E+00,12.3948E+00,11.3174E+00,11.4651E+00,27.3005E+00,27.2995E+00,28.5800E+00,-26.1429E+00,-26.9686E+00,-26.6848E+00,41.057E+00,44.085E+00,44.057E+00,+99999.9E+99,+99999.9E+99,+99999.9E+99,5.635E+00,0.44474E+03,0.43309E+03,0.44332E+03,1.32115E+03,0.44490E+03,0.39796E+03,0.42367E+03,1.26653E+03,0.61850E+03,0.60479E+03,0.61221E+03,1.83550E+03,0.49931E+03,0.46090E+03,0.46435E+03,1.42323E+03,-0.42983E+03,-0.42214E+03,-0.42221E+03,-1.27419E+03,-0.22667E+03,-0.23249E+03,-0.19006E+03,-0.64922E+03,-0.71905E+00,-0.71610E+00,-0.72414E+00,-0.71978E+00,-0.89102E+00,-0.86345E+00,-0.91240E+00,-0.88990E+00,0.000E+00,119.901E+00,-119.612E+00,57.291E+00,-179.903E+00,-65.646E+00,-44.024E+00,-44.267E+00,-43.603E+00,-43.964E+00,201.365E+00,202.158E+00,201.969E+00,90.392E+00,+99999.9E+99,+99999.9E+99,0.00013E+06,-0.00076E+06,0.00000E+00,15.055E+00,0.757E+03,0.00119E+06,43.574E+00,F0F08
2021/11/30,17:34:19,00000:00:44,200,38003F00,500,1F00,1F00,3F00,99.922E+00,0.000E+00,0.000E+00,110.984E+00,0.000E+00,0.000E+00,0.509E+00,0.000E+00,0.000E+00,99.921E+00,0.000E+00,0.000E+00,0.000E+00,0.000E+00,0.000E+00,100.925E+00,0.000E+00,0.000E+00,98.836E+00,0.000E+00,0.000E+00,21.004E+00,+99999.9E+99,+99999.9E+99,1.045E+00,+99999.9E+99,+99999.9E+99,11.8253E+00,0.00000E+00,0.00000E+00,12.1131E+00,0.00000E+00,0.00000E+00,4.5722E+00,0.00000E+00,0.00000E+00,10.9056E+00,0.00000E+00,0.00000E+00,4.5573E+00,0.00000E+00,0.00000E+00,18.2143E+00,0.0000E+00,0.0000E+00,4.0412E+00,0.0000E+00,0.0000E+00,7.953E+00,+99999.9E+99,+99999.9E+99,64.981E+00,+99999.9E+99,+99999.9E+99,1.08762E+03,0.00000E+03,0.00000E+03,0.00000E+03,0.00000E+03,0.00000E+03,1.18161E+03,0.00000E+03,0.00000E+03,0.00000E+03,0.00000E+03,0.00000E+03,0.46183E+03,0.00000E+03,0.00000E+03,0.00000E+03,0.00000E+03,0.00000E+03,0.92045E+00,0.00000E+00,0.00000E+00,0.90497E+00,0.99233E+00,0.40267E+00,0.000E+00,-23.888E+00,-176.273E+00,154.819E+00,149.010E+00,-62.528E+00,23.007E+00,90.000E+00,90.000E+00,12.6120E+00,0.00000E+00,0.00000E+00,80.839E+00,100.000E+00,100.000E+00,0.20840E+03,0.00000E+03,0.00000E+03,+99999.9E+99,+99999.9E+99,+99999.9E+99,+99999.9E+99,+99999.9E+99,+99999.9E+99,+99999.9E+99,+99999.9E+99,+99999.9E+99,+99999.9E+99,+99999.9E+99,+99999.9E+99,1B00,0,0,0,1B00,76.7042E+00,76.6342E+00,76.3776E+00,76.5720E+00,72.5913E+00,72.6607E+00,72.0399E+00,72.4306E+00,76.7042E+00,76.6342E+00,76.3776E+00,0.0000E+00,0.0000E+00,0.0000E+00,70.7791E+00,70.6700E+00,70.5064E+00,105.736E+00,106.046E+00,105.684E+00,-104.343E+00,-104.753E+00,-104.150E+00,35.541E+00,35.064E+00,35.503E+00,+99999.9E+99,+99999.9E+99,+99999.9E+99,0.224E+00,9.7591E+00,9.3515E+00,9.9498E+00,9.6868E+00,8.4593E+00,8.1117E+00,8.5150E+00,8.3620E+00,9.7585E+00,9.3515E+00,9.9498E+00,-0.1085E+00,0.0000E+00,0.0000E+00,13.2639E+00,13.3459E+00,13.9024E+00,26.3610E+00,24.8495E+00,27.1752E+00,-25.4995E+00,-23.5005E+00,-26.4667E+00,43.223E+00,42.321E+00,40.430E+00,+99999.9E+99,+99999.9E+99,+99999.9E+99,2.682E+00,0.28757E+03,0.28593E+03,0.30571E+03,0.87922E+03,0.45990E+03,0.47718E+03,0.48505E+03,1.42213E+03,0.43411E+03,0.41610E+03,0.44133E+03,1.29154E+03,0.53594E+03,0.54063E+03,0.55830E+03,1.63453E+03,-0.32520E+03,-0.30229E+03,-0.31829E+03,-0.94579E+03,-0.27516E+03,-0.25413E+03,-0.27646E+03,-0.80575E+03,-0.66244E+00,-0.68717E+00,-0.69271E+00,-0.68075E+00,-0.85813E+00,-0.88263E+00,-0.86879E+00,-0.87005E+00,0.000E+00,120.196E+00,-119.989E+00,60.834E+00,178.165E+00,-60.180E+00,-48.514E+00,-46.594E+00,-46.155E+00,-47.098E+00,202.329E+00,201.666E+00,201.904E+00,91.725E+00,+99999.9E+99,+99999.9E+99,0.00007E+06,-0.00052E+06,0.00000E+00,10.183E+00,0.756E+03,0.00081E+06,43.931E+00,F0F08
2021/11/30,17:34:19,00000:00:44,250,38003F00,700,1C00,1C00,3800,99.922E+00,0.000E+00,0.000E+00,110.984E+00,0.000E+00,0.000E+00,0.509E+00,0.000E+00,0.000E+00,99.921E+00,0.000E+00,0.000E+00,0.000E+00,0.000E+00,0.000E+00,100.925E+00,0.000E+00,0.000E+00,98.836E+00,0.000E+00,0.000E+00,74.497E+00,+99999.9E+99,+99999.9E+99,1.045E+00,+99999.9E+99,+99999.9E+99,11.8253E+00,0.00000E+00,0.00000E+00,12.1131E+00,0.00000E+00,0.00000E+00,4.5722E+00,0.00000E+00,0.00000E+00,10.9056E+00,0.00000E+00,0.00000E+00,3.8658E+00,0.00000E+00,0.00000E+00,18.2143E+00,0.0000E+00,0.0000E+00,4.0412E+00,0.0000E+00,0.0000E+00,55.152E+00,+99999.9E+99,+99999.9E+99,64.981E+00,+99999.9E+99,+99999.9E+99,1.08762E+03,0.00000E+03,0.00000E+03,0.00000E+03,0.00000E+03,0.00000E+03,1.18161E+03,0.00000E+03,0.00000E+03,0.00000E+03,0.00000E+03,0.00000E+03,0.46183E+03,0.00000E+03,0.00000E+03,0.00000E+03,0.00000E+03,0.00000E+03,0.92045E+00,0.00000E+00,0.00000E+00,0.87566E+00,0.78959E+00,0.91971E+00,0.000E+00,74.088E+00,179.965E+00,151.123E+00,-143.765E+00,-156.920E+00,23.007E+00,90.000E+00,90.000E+00,12.6120E+00,0.00000E+00,0.00000E+00,97.078E+00,100.000E+00,100.000E+00,0.03178E+03,0.00000E+03,0.00000E+03,+99999.9E+99,+99999.9E+99,+99999.9E+99,+99999.9E+99,+99999.9E+99,+99999.9E+99,+99999.9E+99,+99999.9E+99,+99999.9E+99,+99999.9E+99,+99999.9E+99,+99999.9E+99,1B00,0,0,0,1B00,76.5582E+00,77.0220E+00,77.0538E+00,76.8780E+00,71.8967E+00,72.7980E+00,72.8422E+00,72.5123E+00,76.5582E+00,77.0220E+00,77.0538E+00,0.0000E+00,0.0000E+00,0.0000E+00,73.1062E+00,73.2111E+00,73.1085E+00,105.746E+00,106.151E+00,105.843E+00,-104.937E+00,-104.764E+00,-105.067E+00,14.027E+00,13.959E+00,14.190E+00,+99999.9E+99,+99999.9E+99,+99999.9E+99,0.095E+00,11.7376E+00,11.4895E+00,11.2815E+00,11.5028E+00,10.1310E+00,9.9865E+00,9.6810E+00,9.9328E+00,11.7368E+00,11.4825E+00,11.2685E+00,-0.1381E+00,-0.4007E+00,0.5400E+00,4.8679E+00,4.6249E+00,4.8490E+00,27.8629E+00,27.0905E+00,28.3605E+00,-26.6029E+00,-27.1229E+00,-26.0633E+00,58.042E+00,59.436E+00,56.163E+00,+99999.9E+99,+99999.9E+99,+99999.9E+99,2.590E+00,0.36369E+03,0.34369E+03,0.34846E+03,1.05584E+03,0.17583E+03,0.17179E+03,0.18087E+03,0.52849E+03,0.52451E+03,0.51258E+03,0.50576E+03,1.54285E+03,0.20124E+03,0.19405E+03,0.20216E+03,0.59736E+03,-0.37794E+03,-0.38028E+03,-0.36656E+03,-1.12478E+03,-0.09788E+03,-0.09025E+03,-0.09031E+03,-0.27844E+03,-0.69340E+00,-0.67051E+00,-0.68898E+00,-0.68435E+00,-0.87374E+00,-0.88528E+00,-0.89468E+00,-0.88472E+00,0.000E+00,120.044E+00,-119.910E+00,59.148E+00,177.713E+00,-63.377E+00,-46.100E+00,-47.894E+00,-46.450E+00,-46.816E+00,201.249E+00,202.020E+00,201.594E+00,92.796E+00,+99999.9E+99,+99999.9E+99,0.00008E+06,-0.00064E+06,0.00000E+00,12.364E+00,0.757E+03,0.00098E+06,43.598E+00,F0F08
2021/11/30,17:34:19,00000:00:44,300,38003F00,2800,3B00,3B00,3F00,99.987E+00,0.000E+00,0.000E+00,111.056E+00,0.000E+00,0.000E+00,0.493E+00,0.000E+00,0.000E+00,99.985E+00,0.000E+00,0.000E+00,0.000E+00,0.000E+00,0.000E+00,100.950E+00,0.000E+00,0.000E+00,98.796E+00,0.000E+00,0.000E+00,74.497E+00,+99999.9E+99,+99999.9E+99,1.077E+00,+99999.9E+99,+99999.9E+99,11.4774E+00,0.00000E+00,0.00000E+00,11.6956E+00,0.00000E+00,0.00000E+00,4.5667E+00,0.00000E+00,0.00000E+00,10.5298E+00,0.00000E+00,0.00000E+00,3.8658E+00,0.00000E+00,0.00000E+00,18.2431E+00,0.0000E+00,0.0000E+00,4.1048E+00,0.0000E+00,0.0000E+00,55.152E+00,+99999.9E+99,+99999.9E+99,67.135E+00,+99999.9E+99,+99999.9E+99,1.05080E+03,0.00000E+03,0.00000E+03,0.00000E+03,0.00000E+03,0.00000E+03,1.14759E+03,0.00000E+03,0.00000E+03,0.00000E+03,0.00000E+03,0.00000E+03,0.46128E+03,0.00000E+03,0.00000E+03,0.00000E+03,0.00000E+03,0.00000E+03,0.91566E+00,0.00000E+00,0.00000E+00,0.87566E+00,0.78959E+00,0.91971E+00,0.000E+00,74.088E+00,179.965E+00,151.123E+00,-143.765E+00,-156.920E+00,23.701E+00,90.000E+00,90.000E+00,0.00000E+00,0.00000E+00,0.00000E+00,122.502E+00,100.000E+00,100.000E+00,-0.23645E+03,0.00000E+03,0.00000E+03,+99999.9E+99,+99999.9E+99,+99999.9E+99,+99999.9E+99,+99999.9E+99,+99999.9E+99,+99999.9E+99,+99999.9E+99,+99999.9E+99,+99999.9E+99,+99999.9E+99,+99999.9E+99,1B00,0,0,0,1B00,77.2179E+00,77.2432E+00,77.0040E+00,77.1550E+00,72.2265E+00,72.4462E+00,71.8791E+00,72.1839E+00,77.2179E+00,77.2432E+00,77.0040E+00,0.0000E+00,0.0000E+00,0.0000E+00,70.4589E+00,71.0558E+00,70.9502E+00,105.401E+00,105.636E+00,105.686E+00,-104.191E+00,-104.734E+00,-104.313E+00,34.714E+00,34.652E+00,34.579E+00,+99999.9E+99,+99999.9E+99,+99999.9E+99,0.520E+00,13.5487E+00,13.1159E+00,13.4935E+00,13.3860E+00,12.4774E+00,12.0515E+00,12.4033E+00,12.3107E+00,13.5479E+00,13.1159E+00,13.4920E+00,-0.1525E+00,0.0000E+00,0.2058E+00,14.1383E+00,13.2098E+00,13.1833E+00,27.6338E+00,27.1800E+00,28.8119E+00,-26.4690E+00,-26.8938E+00,-26.7971E+00,39.537E+00,41.840E+00,42.058E+00,+99999.9E+99,+99999.9E+99,+99999.9E+99,4.449E+00,0.42703E+03,0.41878E+03,0.44143E+03,1.28724E+03,0.50528E+03,0.46157E+03,0.48670E+03,1.45355E+03,0.61055E+03,0.59099E+03,0.60677E+03,1.80830E+03,0.56970E+03,0.53410E+03,0.53864E+03,1.64148E+03,-0.43637E+03,-0.41700E+03,-0.41630E+03,-1.26966E+03,-0.26317E+03,-0.26872E+03,-0.23077E+03,-0.76266E+03,-0.69942E+00,-0.70861E+00,-0.72751E+00,-0.71185E+00,-0.88691E+00,-0.86421E+00,-0.90358E+00,-0.88551E+00,0.000E+00,119.824E+00,-119.669E+00,57.792E+00,179.979E+00,-64.528E+00,-45.619E+00,-44.878E+00,-43.322E+00,-44.614E+00,202.200E+00,201.604E+00,201.998E+00,89.839E+00,+99999.9E+99,+99999.9E+99,0.00013E+06,-0.00074E+06,0.00000E+00,14.578E+00,0.758E+03,0.00116E+06,43.802E+00,F0F08
2021/11/30,17:34:19,00000:00:44,350,38003F00,2D00,3F00,3F00,3F00,99.987E+00,0.000E+00,0.000E+00,111.056E+00,0.000E+00,0.000E+00,0.493E+00,0.000E+00,0.000E+00,99.985E+00,0.000E+00,0.000E+00,0.000E+00,0.000E+00,0.000E+00,100.950E+00,0.000E+00,0.000E+00,98.796E+00,0.000E+00,0.000E+00,36.235E+00,+99999.9E+99,476.117E+00,1.077E+00,+99999.9E+99,+99999.9E+99,11.4774E+00,0.00000E+00,0.00000E+00,11.6956E+00,0.00000E+00,0.00000E+00,4.5667E+00,0.00000E+00,0.00000E+00,10.5298E+00,0.00000E+00,0.00000E+00,4.2516E+00,0.00000E+00,0.00000E+00,18.2431E+00,0.0000E+00,0.0000E+00,4.1048E+00,0.0000E+00,0.0000E+00,39.745E+00,+99999.9E+99,+99999.9E+99,67.135E+00,+99999.9E+99,+99999.9E+99,1.05080E+03,0.00000E+03,0.00000E+03,0.00000E+03,0.00000E+03,0.00000E+03,1.14759E+03,0.00000E+03,0.00000E+03,0.00000E+03,0.00000E+03,0.00000E+03,0.46128E+03,0.00000E+03,0.00000E+03,0.00000E+03,0.00000E+03,0.00000E+03,0.91566E+00,0.00000E+00,0.00000E+00,0.93451E+00,0.83125E+00,0.37405E+00,0.000E+00,-97.583E+00,170.233E+00,159.149E+00,48.644E+00,-77.801E+00,23.701E+00,90.000E+00,90.000E+00,0.00000E+00,0.00000E+00,0.00000E+00,72.140E+00,100.000E+00,100.000E+00,0.29276E+03,0.00000E+03,0.00000E+03,+99999.9E+99,+99999.9E+99,+99999.9E+99,+99999.9E+99,+99999.9E+99,+99999.9E+99,+99999.9E+99,+99999.9E+99,+99999.9E+99,+99999.9E+99,+99999.9E+99,+99999.9E+99,1B00,0,0,0,1B00,76.2740E+00,76.6305E+00,76.4849E+00,76.4631E+00,72.1481E+00,72.8194E+00,72.5481E+00,72.5052E+00,76.2740E+00,76.6305E+00,76.4849E+00,0.0000E+00,0.0000E+00,0.0000E+00,71.9440E+00,71.7801E+00,71.7176E+00,105.909E+00,106.123E+00,105.759E+00,-104.973E+00,-104.256E+00,-104.199E+00,27.014E+00,26.032E+00,26.768E+00,+99999.9E+99,+99999.9E+99,+99999.9E+99,0.189E+00,8.0981E+00,8.0652E+00,8.0203E+00,8.0612E+00,7.2212E+00,7.2027E+00,7.1389E+00,7.1876E+00,8.0973E+00,8.0646E+00,8.0176E+00,-0.1084E+00,-0.1009E+00,0.2101E+00,9.6917E+00,9.8666E+00,10.2039E+00,22.1081E+00,20.8724E+00,20.6281E+00,-18.7100E+00,-18.6386E+00,-19.6224E+00,48.437E+00,46.070E+00,44.615E+00,+99999.9E+99,+99999.9E+99,+99999.9E+99,4.192E+00,0.25386E+03,0.24929E+03,0.25489E+03,0.75804E+03,0.33451E+03,0.35797E+03,0.36151E+03,1.05399E+03,0.35802E+03,0.35705E+03,0.35592E+03,1.07099E+03,0.38948E+03,0.40068E+03,0.41733E+03,1.20692E+03,-0.25246E+03,-0.25561E+03,-0.24841E+03,-0.75648E+03,-0.19950E+03,-0.18001E+03,-0.20851E+03,-0.58801E+03,-0.70906E+00,-0.69821E+00,-0.71615E+00,-0.70780E+00,-0.85886E+00,-0.89341E+00,-0.86624E+00,-0.87329E+00,0.000E+00,120.134E+00,-120.044E+00,60.737E+00,176.799E+00,-59.964E+00,-44.841E+00,-45.717E+00,-44.263E+00,-44.944E+00,201.704E+00,201.936E+00,201.920E+00,94.990E+00,+99999.9E+99,+99999.9E+99,0.00004E+06,-0.00047E+06,0.00000E+00,9.094E+00,0.756E+03,0.00072E+06,43.771E+00,F0F08
2021/11/30,17:34:19,00000:00:44,400,38003F00,2800,3B00,3B00,3F00,99.816E+00,0.000E+00,0.000E+00,110.866E+00,0.000E+00,0.000E+00,0.506E+00,0.000E+00,0.000E+00,99.814E+00,0.000E+00,0.000E+00,0.000E+00,0.000E+00,0.000E+00,100.964E+00,0.000E+00,0.000E+00,98.807E+00,0.000E+00,0.000E+00,36.235E+00,+99999.9E+99,476.117E+00,1.081E+00,+99999.9E+99,+99999.9E+99,12.2498E+00,0.00000E+00,0.00000E+00,12.6800E+00,0.00000E+00,0.00000E+00,4.4422E+00,0.00000E+00,0.00000E+00,11.4160E+00,0.00000E+00,0.00000E+00,4.2516E+00,0.00000E+00,0.00000E+00,18.2250E+00,0.0000E+00,0.0000E+00,4.1669E+00,0.0000E+00,0.0000E+00,39.745E+00,+99999.9E+99,+99999.9E+99,61.572E+00,+99999.9E+99,+99999.9E+99,1.13746E+03,0.00000E+03,0.00000E+03,0.00000E+03,0.00000E+03,0.00000E+03,1.22272E+03,0.00000E+03,0.00000E+03,0.00000E+03,0.00000E+03,0.00000E+03,-0.44860E+03,0.00000E+03,0.00000E+03,0.00000E+03,0.00000E+03,0.00000E+03,-0.93027E+00,0.00000E+00,0.00000E+00,0.93451E+00,0.83125E+00,0.37405E+00,0.000E+00,-97.583E+00,170.233E+00,159.149E+00,48.644E+00,-77.801E+00,-21.524E+00,90.000E+00,90.000E+00,9.33567E+00,0.00000E+00,0.00000E+00,108.941E+00,100.000E+00,100.000E+00,-0.10170E+03,0.00000E+03,0.00000E+03,+99999.9E+99,+99999.9E+99,+99999.9E+99,+99999.9E+99,+99999.9E+99,+99999.9E+99,+99999.9E+99,+99999.9E+99,+99999.9E+99,+99999.9E+99,+99999.9E+99,+99999.9E+99,1B00,0,0,0,1B00,77.0815E+00,77.1484E+00,77.0905E+00,77.1068E+00,72.0941E+00,72.4404E+00,72.1868E+00,72.2404E+00,77.0815E+00,77.1484E+00,77.0905E+00,0.0000E+00,0.0000E+00,0.0000E+00,72.7347E+00,73.1272E+00,72.9789E+00,105.847E+00,106.070E+00,105.676E+00,-105.170E+00,-104.637E+00,-104.461E+00,15.863E+00,16.046E+00,16.321E+00,+99999.9E+99,+99999.9E+99,+99999.9E+99,0.322E+00,13.3312E+00,12.8650E+00,13.0575E+00,13.0846E+00,12.0925E+00,11.6222E+00,11.6695E+00,11.7947E+00,13.3298E+00,12.8610E+00,13.0474E+00,-0.1949E+00,-0.3193E+00,0.5153E+00,6.1571E+00,5.5509E+00,5.4396E+00,27.5995E+00,27.1410E+00,28.4176E+00,-26.6976E+00,-27.0314E+00,-26.6495E+00,51.586E+00,55.881E+00,56.399E+00,+99999.9E+99,+99999.9E+99,+99999.9E+99,6.724E+00,0.42186E+03,0.39984E+03,0.41746E+03,1.23916E+03,0.22055E+03,0.19316E+03,0.20821E+03,0.62192E+03,0.60021E+03,0.57762E+03,0.58598E+03,1.76382E+03,0.24896E+03,0.22557E+03,0.22785E+03,0.70150E+03,-0.42695E+03,-0.41687E+03,-0.41122E+03,-1.25504E+03,-0.11549E+03,-0.11650E+03,-0.09254E+03,-0.32453E+03,-0.70285E+00,-0.69221E+00,-0.71241E+00,-0.70254E+00,-0.88588E+00,-0.85632E+00,-0.91381E+00,-0.88656E+00,0.000E+00,119.953E+00,-119.750E+00,57.822E+00,-179.020E+00,-65.901E+00,-45.344E+00,-46.195E+00,-44.569E+00,-45.369E+00,201.802E+00,201.413E+00,201.601E+00,90.991E+00,+99999.9E+99,+99999.9E+99,0.00011E+06,-0.00073E+06,0.00000E+00,14.227E+00,0.757E+03,0.00113E+06,43.747E+00,F0F08
2021/11/30,17:34:19,00000:00:44,450,38003800,0,1800,1800,3800,99.950E+00,0.000E+00,0.000E+00,111.015E+00,0.000E+00,0.000E+00,0.494E+00,0.000E+00,0.000E+00,99.949E+00,0.000E+00,0.000E+00,0.000E+00,0.000E+00,0.000E+00,100.921E+00,0.000E+00,0.000E+00,98.861E+00,0.000E+00,0.000E+00,100.652E+00,+99999.9E+99,+99999.9E+99,1.031E+00,+99999.9E+99,+99999.9E+99,11.5599E+00,0.00000E+00,0.00000E+00,11.8338E+00,0.00000E+00,0.00000E+00,4.4854E+00,0.00000E+00,0.00000E+00,10.6542E+00,0.00000E+00,0.00000E+00,3.0051E+00,0.00000E+00,0.00000E+00,17.9459E+00,0.0000E+00,0.0000E+00,4.1888E+00,0.0000E+00,0.0000E+00,104.089E+00,+99999.9E+99,+99999.9E+99,64.562E+00,+99999.9E+99,+99999.9E+99,1.06290E+03,0.00000E+03,0.00000E+03,0.00000E+03,0.00000E+03,0.00000E+03,1.15541E+03,0.00000E+03,0.00000E+03,0.00000E+03,0.00000E+03,0.00000E+03,0.45301E+03,0.00000E+03,0.00000E+03,0.00000E+03,0.00000E+03,0.00000E+03,0.91993E+00,0.00000E+00,0.00000E+00,0.83463E+00,0.69234E+00,0.44931E+00,0.000E+00,-13.431E+00,150.991E+00,146.577E+00,120.384E+00,34.292E+00,23.084E+00,90.000E+00,90.000E+00,12.6280E+00,0.00000E+00,0.00000E+00,100.993E+00,100.000E+00,100.000E+00,-0.01056E+03,0.00000E+03,0.00000E+03,+99999.9E+99,+99999.9E+99,+99999.9E+99,+99999.9E+99,+99999.9E+99,+99999.9E+99,+99999.9E+99,+99999.9E+99,+99999.9E+99,+99999.9E+99,+99999.9E+99,+99999.9E+99,1B00,0,0,0,1B00,76.7193E+00,77.0555E+00,76.8100E+00,76.8616E+00,71.9518E+00,72.5756E+00,72.1134E+00,72.2136E+00,76.7193E+00,77.0555E+00,76.8100E+00,0.0000E+00,0.0000E+00,0.0000E+00,70.0158E+00,70.2292E+00,70.1410E+00,105.424E+00,105.841E+00,105.507E+00,-104.394E+00,-104.629E+00,-104.569E+00,38.998E+00,38.831E+00,38.795E+00,+99999.9E+99,+99999.9E+99,+99999.9E+99,0.182E+00,11.7783E+00,11.6232E+00,11.8916E+00,11.7644E+00,10.3576E+00,10.2876E+00,10.4762E+00,10.3738E+00,11.7777E+00,11.6232E+00,11.8916E+00,-0.1225E+00,0.0000E+00,0.0000E+00,15.3853E+00,14.9693E+00,15.1785E+00,27.5995E+00,26.8857E+00,28.1671E+00,-26.1657E+00,-26.7290E+00,-26.1852E+00,39.433E+00,40.468E+00,39.489E+00,+99999.9E+99,+99999.9E+99,+99999.9E+99,1.661E+00,0.35198E+03,0.35466E+03,0.36682E+03,1.07346E+03,0.54264E+03,0.52694E+03,0.54377E+03,1.61334E+03,0.52577E+03,0.52007E+03,0.53298E+03,1.57882E+03,0.62083E+03,0.60389E+03,0.61399E+03,1.83858E+03,-0.39057E+03,-0.38038E+03,-0.38666E+03,-1.15761E+03,-0.30162E+03,-0.29500E+03,-0.28514E+03,-0.88176E+03,-0.66945E+00,-0.68195E+00,-0.68825E+00,-0.67991E+00,-0.87406E+00,-0.87257E+00,-0.88562E+00,-0.87750E+00,0.000E+00,119.976E+00,-119.858E+00,59.169E+00,179.178E+00,-62.249E+00,-47.975E+00,-47.004E+00,-46.509E+00,-47.163E+00,201.743E+00,202.170E+00,201.725E+00,90.248E+00,+99999.9E+99,+99999.9E+99,0.00010E+06,-0.00061E+06,0.00000E+00,12.226E+00,0.757E+03,0.00097E+06,43.742E+00,F0F0F
2021/11/30,17:34:19,00000:00:44,500,38003F00,700,1F00,1F00,3F00,99.950E+00,0.000E+00,0.000E+00,111.015E+00,0.000E+00,0.000E+00,0.494E+00,0.000E+00,0.000E+00,99.949E+00,0.000E+00,0.000E+00,0.000E+00,0.000E+00,0.000E+00,100.921E+00,0.000E+00,0.000E+00,98.861E+00,0.000E+00,0.000E+00,100.652E+00,+99999.9E+99,+99999.9E+99,1.031E+00,+99999.9E+99,+99999.9E+99,11.5599E+00,0.00000E+00,0.00000E+00,11.8338E+00,0.00000E+00,0.00000E+00,4.4854E+00,0.00000E+00,0.00000E+00,10.6542E+00,0.00000E+00,0.00000E+00,3.0051E+00,0.00000E+00,0.00000E+00,17.9459E+00,0.0000E+00,0.0000E+00,4.1888E+00,0.0000E+00,0.0000E+00,104.089E+00,+99999.9E+99,+99999.9E+99,64.562E+00,+99999.9E+99,+99999.9E+99,1.06290E+03,0.00000E+03,0.00000E+03,0.00000E+03,0.00000E+03,0.00000E+03,1.15541E+03,0.00000E+03,0.00000E+03,0.00000E+03,0.00000E+03,0.00000E+03,0.45301E+03,0.00000E+03,0.00000E+03,0.00000E+03,0.00000E+03,0.00000E+03,0.91993E+00,0.00000E+00,0.00000E+00,0.83463E+00,0.69234E+00,0.44931E+00,0.000E+00,-13.431E+00,150.991E+00,146.577E+00,120.384E+00,34.292E+00,23.084E+00,90.000E+00,90.000E+00,12.6280E+00,0.00000E+00,0.00000E+00,81.692E+00,100.000E+00,100.000E+00,0.19460E+03,0.00000E+03,0.00000E+03,+99999.9E+99,+99999.9E+99,+99999.9E+99,+99999.9E+99,+99999.9E+99,+99999.9E+99,+99999.9E+99,+99999.9E+99,+99999.9E+99,+99999.9E+99,+99999.9E+99,+99999.9E+99,1B00,0,0,0,1B00,76.5051E+00,76.6238E+00,76.5361E+00,76.5550E+00,72.3941E+00,72.8023E+00,72.4977E+00,72.5647E+00,76.5051E+00,76.6238E+00,76.5361E+00,0.0000E+00,0.0000E+00,0.0000E+00,72.8413E+00,72.6769E+00,72.5979E+00,105.700E+00,106.056E+00,105.653E+00,-104.821E+00,-105.050E+00,-104.564E+00,18.570E+00,18.114E+00,18.183E+00,+99999.9E+99,+99999.9E+99,+99999.9E+99,0.199E+00,9.6330E+00,9.1128E+00,9.2634E+00,9.3364E+00,8.3483E+00,7.9158E+00,7.9675E+00,8.0772E+00,9.6316E+00,9.1099E+00,9.2551E+00,-0.1638E+00,-0.2293E+00,0.3941E+00,6.1778E+00,6.4889E+00,6.8939E+00,26.1948E+00,24.2090E+00,25.0252E+00,-26.6429E+00,-25.3109E+00,-22.2776E+00,56.670E+00,52.316E+00,49.649E+00,+99999.9E+99,+99999.9E+99,+99999.9E+99,4.953E+00,0.29706E+03,0.27807E+03,0.29317E+03,0.86830E+03,0.22175E+03,0.23911E+03,0.24338E+03,0.70424E+03,0.42818E+03,0.40410E+03,0.41087E+03,1.24315E+03,0.25701E+03,0.26476E+03,0.27868E+03,0.79991E+03,-0.30838E+03,-0.29322E+03,-0.28786E+03,-0.88946E+03,-0.12992E+03,-0.11368E+03,-0.13576E+03,-0.37935E+03,-0.69376E+00,-0.68811E+00,-0.71354E+00,-0.69846E+00,-0.86282E+00,-0.90313E+00,-0.87332E+00,-0.88040E+00,0.000E+00,120.141E+00,-120.045E+00,60.287E+00,175.535E+00,-60.781E+00,-46.071E+00,-46.519E+00,-44.476E+00,-45.696E+00,201.845E+00,201.240E+00,201.983E+00,94.564E+00,+99999.9E+99,+99999.9E+99,0.00005E+06,-0.00054E+06,0.00000E+00,10.374E+00,0.756E+03,0.00082E+06,43.833E+00,F0F0F
2021/11/30,17:34:19,00000:00:44,550,38003F00,500,1F00,1F00,3F00,99.950E+00,0.000E+00,0.000E+00,111.015E+00,0.000E+00,0.000E+00,0.494E+00,0.000E+00,0.000E+00,99.949E+00,0.000E+00,0.000E+00,0.000E+00,0.000E+00,0.000E+00,100.921E+00,0.000E+00,0.000E+00,98.861E+00,0.000E+00,0.000E+00,22.736E+00,+99999.9E+99,+99999.9E+99,1.031E+00,+99999.9E+99,+99999.9E+99,11.5599E+00,0.00000E+00,0.00000E+00,11.8338E+00,0.00000E+00,0.00000E+00,4.4854E+00,0.00000E+00,0.00000E+00,10.6542E+00,0.00000E+00,0.00000E+00,4.6180E+00,0.00000E+00,0.00000E+00,17.9459E+00,0.0000E+00,0.0000E+00,4.1888E+00,0.0000E+00,0.0000E+00,11.357E+00,+99999.9E+99,+99999.9E+99,64.562E+00,+99999.9E+99,+99999.9E+99,1.06290E+03,0.00000E+03,0.00000E+03,0.00000E+03,0.00000E+03,0.00000E+03,1.15541E+03,0.00000E+03,0.00000E+03,0.00000E+03,0.00000E+03,0.00000E+03,0.45301E+03,0.00000E+03,0.00000E+03,0.00000E+03,0.00000E+03,0.00000E+03,0.91993E+00,0.00000E+00,0.00000E+00,0.91610E+00,0.24110E+00,0.93256E+00,0.000E+00,-49.677E+00,153.895E+00,156.363E+00,-125.725E+00,132.732E+00,23.084E+00,90.000E+00,90.000E+00,12.6280E+00,0.00000E+00,0.00000E+00,126.313E+00,100.000E+00,100.000E+00,-0.27968E+03,0.00000E+03,0.00000E+03,+99999.9E+99,+99999.9E+99,+99999.9E+99,+99999.9E+99,+99999.9E+99,+99999.9E+99,+99999.9E+99,+99999.9E+99,+99999.9E+99,+99999.9E+99,+99999.9E+99,+99999.9E+99,1B00,0,0,0,1B00,76.9875E+00,77.4605E+00,77.3153E+00,77.2544E+00,71.6441E+00,72.5120E+00,72.2641E+00,72.1401E+00,76.9875E+00,77.4605E+00,77.3153E+00,0.0000E+00,0.0000E+00,0.0000E+00,71.6987E+00,72.2598E+00,72.0389E+00,105.504E+00,106.146E+00,105.484E+00,-104.497E+00,-104.996E+00,-104.554E+00,25.281E+00,25.697E+00,25.660E+00,+99999.9E+99,+99999.9E+99,+99999.9E+99,0.449E+00,13.8744E+00,13.5702E+00,13.6845E+00,13.7097E+00,12.9689E+00,12.7923E+00,12.7303E+00,12.8305E+00,13.8734E+00,13.5678E+00,13.6781E+00,-0.1669E+00,-0.2513E+00,0.4193E+00,10.2286E+00,9.3736E+00,9.5408E+00,27.7571E+00,27.1157E+00,28.4833E+00,-26.5000E+00,-27.1933E+00,-26.1924E+00,43.697E+00,46.531E+00,46.776E+00,+99999.9E+99,+99999.9E+99,+99999.9E+99,6.539E+00,0.45175E+03,0.44046E+03,0.45038E+03,1.34258E+03,0.37381E+03,0.32906E+03,0.35388E+03,1.05675E+03,0.62446E+03,0.61155E+03,0.61895E+03,1.85496E+03,0.41703E+03,0.37903E+03,0.38366E+03,1.17829E+03,-0.43113E+03,-0.42425E+03,-0.42456E+03,-1.27995E+03,-0.18489E+03,-0.18810E+03,-0.14819E+03,-0.52118E+03,-0.72342E+00,-0.72023E+00,-0.72765E+00,-0.72378E+00,-0.89635E+00,-0.86817E+00,-0.92239E+00,-0.89686E+00,0.000E+00,119.938E+00,-119.650E+00,56.572E+00,179.595E+00,-67.086E+00,-43.662E+00,-43.926E+00,-43.310E+00,-43.632E+00,201.240E+00,202.052E+00,200.939E+00,90.133E+00,+99999.9E+99,+99999.9E+99,0.00013E+06,-0.00077E+06,0.00000E+00,15.266E+00,0.757E+03,0.00121E+06,43.579E+00,F0F08
2021/11/30,17:34:19,00000:00:44,600,38003F00,500,1F00,1F00,3F00,99.950E+00,0.000E+00,0.000E+00,111.015E+00,0.000E+00,0.000E+00,0.494E+00,0.000E+00,0.000E+00,99.949E+00,0.000E+00,0.000E+00,0.000E+00,0.000E+00,0.000E+00,100.921E+00,0.000E+00,0.000E+00,98.861E+00,0.000E+00,0.000E+00,67.269E+00,453.973E+00,+99999.9E+99,1.031E+00,+99999.9E+99,+99999.9E+99,11.5599E+00,0.00000E+00,0.00000E+00,11.8338E+00,0.00000E+00,0.00000E+00,4.4854E+00,0.00000E+00,0.00000E+00,10.6542E+00,0.00000E+00,0.00000E+00,4.0014E+00,0.00000E+00,0.00000E+00,17.9459E+00,0.0000E+00,0.0000E+00,4.1888E+00,0.0000E+00,0.0000E+00,46.012E+00,+99999.9E+99,+99999.9E+99,64.562E+00,+99999.9E+99,+99999.9E+99,1.06290E+03,0.00000E+03,0.00000E+03,0.00000E+03,0.00000E+03,0.00000E+03,1.15541E+03,0.00000E+03,0.00000E+03,0.00000E+03,0.00000E+03,0.00000E+03,0.45301E+03,0.00000E+03,0.00000E+03,0.00000E+03,0.00000E+03,0.00000E+03,0.91993E+00,0.00000E+00,0.00000E+00,0.89220E+00,0.51385E+00,0.34250E+00,0.000E+00,70.079E+00,147.429E+00,153.151E+00,-50.842E+00,37.400E+00,23.084E+00,90.000E+00,90.000E+00,12.6280E+00,0.00000E+00,0.00000E+00,83.148E+00,100.000E+00,100.000E+00,0.17912E+03,0.00000E+03,0.00000E+03,+99999.9E+99,+99999.9E+99,+99999.9E+99,+99999.9E+99,+99999.9E+99,+99999.9E+99,+99999.9E+99,+99999.9E+99,+99999.9E+99,+99999.9E+99,+99999.9E+99,+99999.9E+99,1B00,0,0,0,1B00,76.6990E+00,76.6721E+00,76.3883E+00,76.5864E+00,72.5798E+00,72.7144E+00,72.0699E+00,72.4547E+00,76.6990E+00,76.6721E+00,76.3882E+00,0.0000E+00,0.0000E+00,0.0000E+00,70.7139E+00,70.6019E+00,70.4718E+00,105.729E+00,105.899E+00,105.867E+00,-104.639E+00,-104.727E+00,-104.711E+00,35.109E+00,34.610E+00,34.971E+00,+99999.9E+99,+99999.9E+99,+99999.9E+99,0.201E+00,9.7859E+00,9.3708E+00,9.9733E+00,9.7100E+00,8.4936E+00,8.1426E+00,8.5405E+00,8.3922E+00,9.7853E+00,9.3708E+00,9.9733E+00,-0.1143E+00,0.0000E+00,0.0000E+00,13.0426E+00,13.1204E+00,13.6434E+00,26.4309E+00,24.7938E+00,27.1229E+00,-25.5767E+00,-23.2852E+00,-26.6638E+00,43.693E+00,42.834E+00,40.956E+00,+99999.9E+99,+99999.9E+99,+99999.9E+99,2.553E+00,0.28954E+03,0.28720E+03,0.30704E+03,0.88378E+03,0.44967E+03,0.46543E+03,0.47311E+03,1.38822E+03,0.43532E+03,0.41715E+03,0.44263E+03,1.29510E+03,0.52731E+03,0.53096E+03,0.54796E+03,1.60592E+03,-0.32508E+03,-0.30254E+03,-0.31882E+03,-0.94643E+03,-0.27541E+03,-0.25552E+03,-0.27644E+03,-0.80737E+03,-0.66511E+00,-0.68849E+00,-0.69368E+00,-0.68240E+00,-0.85277E+00,-0.87659E+00,-0.86341E+00,-0.86443E+00,0.000E+00,120.168E+00,-120.003E+00,61.427E+00,178.880E+00,-59.591E+00,-48.309E+00,-46.489E+00,-46.078E+00,-46.968E+00,202.293E+00,201.645E+00,202.546E+00,91.559E+00,+99999.9E+99,+99999.9E+99,0.00007E+06,-0.00052E+06,0.00000E+00,10.217E+00,0.756E+03,0.00081E+06,43.918E+00,F0F08
2021/11/30,17:34:19,00000:00:44,650,38003F00,700,1C00,1C00,3800,99.950E+00,0.000E+00,0.000E+00,111.015E+00,0.000E+00,0.000E+00,0.494E+00,0.000E+00,0.000E+00,99.949E+00,0.000E+00,0.000E+00,0.000E+00,0.000E+00,0.000E+00,100.921E+00,0.000E+00,0.000E+00,98.861E+00,0.000E+00,0.000E+00,67.269E+00,453.973E+00,+99999.9E+99,1.031E+00,+99999.9E+99,+99999.9E+99,11.5599E+00,0.00000E+00,0.00000E+00,11.8338E+00,0.00000E+00,0.00000E+00,4.4854E+00,0.00000E+00,0.00000E+00,10.6542E+00,0.00000E+00,0.00000E+00,4.0014E+00,0.00000E+00,0.00000E+00,17.9459E+00,0.0000E+00,0.0000E+00,4.1888E+00,0.0000E+00,0.0000E+00,46.012E+00,+99999.9E+99,+99999.9E+99,64.562E+00,+99999.9E+99,+99999.9E+99,1.06290E+03,0.00000E+03,0.00000E+03,0.00000E+03,0.00000E+03,0.00000E+03,1.15541E+03,0.00000E+03,0.00000E+03,0.00000E+03,0.00000E+03,0.00000E+03,0.45301E+03,0.00000E+03,0.00000E+03,0.00000E+03,0.00000E+03,0.00000E+03,0.91993E+00,0.00000E+00,0.00000E+00,0.89220E+00,0.51385E+00,0.34250E+00,0.000E+00,70.079E+00,147.429E+00,153.151E+00,-50.842E+00,37.400E+00,23.084E+00,90.000E+00,90.000E+00,12.6280E+00,0.00000E+00,0.00000E+00,96.661E+00,100.000E+00,100.000E+00,0.03549E+03,0.00000E+03,0.00000E+03,+99999.9E+99,+99999.9E+99,+99999.9E+99,+99999.9E+99,+99999.9E+99,+99999.9E+99,+99999.9E+99,+99999.9E+99,+99999.9E+99,+99999.9E+99,+99999.9E+99,+99999.9E+99,1B00,0,0,0,1B00,76.5034E+00,77.0388E+00,77.0304E+00,76.8575E+00,71.7591E+00,72.7361E+00,72.7214E+00,72.4055E+00,76.5034E+00,77.0388E+00,77.0304E+00,0.0000E+00,0.0000E+00,0.0000E+00,73.0872E+00,73.1963E+00,73.0967E+00,105.843E+00,106.109E+00,105.729E+00,-104.463E+00,-104.857E+00,-104.666E+00,14.069E+00,13.897E+00,14.176E+00,+99999.9E+99,+99999.9E+99,+99999.9E+99,0.099E+00,11.5829E+00,11.3814E+00,11.1719E+00,11.3788E+00,9.9326E+00,9.8208E+00,9.5218E+00,9.7584E+00,11.5819E+00,11.3744E+00,11.1580E+00,-0.1574E+00,-0.3984E+00,0.5569E+00,4.9247E+00,4.6802E+00,4.9019E+00,27.6624E+00,27.0752E+00,28.6019E+00,-26.4890E+00,-27.2381E+00,-26.1205E+00,57.456E+00,58.934E+00,55.631E+00,+99999.9E+99,+99999.9E+99,+99999.9E+99,2.552E+00,0.35307E+03,0.33522E+03,0.33911E+03,1.02741E+03,0.17836E+03,0.17400E+03,0.18306E+03,0.53542E+03,0.51660E+03,0.50730E+03,0.50082E+03,1.52473E+03,0.20364E+03,0.19629E+03,0.20424E+03,0.60407E+03,-0.37712E+03,-0.38077E+03,-0.36854E+03,-1.12643E+03,-0.09827E+03,-0.09086E+03,-0.09056E+03,-0.27969E+03,-0.68345E+00,-0.66078E+00,-0.67712E+00,-0.67383E+00,-0.87585E+00,-0.88641E+00,-0.89633E+00,-0.88635E+00,0.000E+00,120.039E+00,-119.910E+00,58.900E+00,177.570E+00,-63.593E+00,-46.886E+00,-48.641E+00,-47.381E+00,-47.637E+00,201.704E+00,201.928E+00,201.322E+00,93.003E+00,+99999.9E+99,+99999.9E+99,0.00007E+06,-0.00062E+06,0.00000E+00,12.064E+00,0.756E+03,0.00096E+06,43.754E+00,F0F08
2021/11/30,17:34:19,00000:00:44,700,38003F00,2800,3B00,3B00,3F00,99.983E+00,0.000E+00,0.000E+00,111.052E+00,0.000E+00,0.000E+00,0.503E+00,0.000E+00,0.000E+00,99.982E+00,0.000E+00,0.000E+00,0.000E+00,0.000E+00,0.000E+00,100.964E+00,0.000E+00,0.000E+00,98.804E+00,0.000E+00,0.000E+00,39.361E+00,+99999.9E+99,339.286E+00,1.081E+00,+99999.9E+99,+99999.9E+99,11.5083E+00,0.00000E+00,0.00000E+00,11.7121E+00,0.00000E+00,0.00000E+00,4.6100E+00,0.00000E+00,0.00000E+00,10.5446E+00,0.00000E+00,0.00000E+00,4.2221E+00,0.00000E+00,0.00000E+00,18.3364E+00,0.0000E+00,0.0000E+00,4.0140E+00,0.0000E+00,0.0000E+00,44.322E+00,+99999.9E+99,+99999.9E+99,67.913E+00,+99999.9E+99,+99999.9E+99,1.05219E+03,0.00000E+03,0.00000E+03,0.00000E+03,0.00000E+03,0.00000E+03,1.15063E+03,0.00000E+03,0.00000E+03,0.00000E+03,0.00000E+03,0.00000E+03,0.46568E+03,0.00000E+03,0.00000E+03,0.00000E+03,0.00000E+03,0.00000E+03,0.91444E+00,0.00000E+00,0.00000E+00,0.93630E+00,0.47265E+00,0.95200E+00,0.000E+00,-175.824E+00,165.178E+00,159.439E+00,65.970E+00,3.003E+00,23.873E+00,90.000E+00,90.000E+00,0.00000E+00,0.00000E+00,0.00000E+00,123.694E+00,100.000E+00,100.000E+00,-0.24930E+03,0.00000E+03,0.00000E+03,+99999.9E+99,+99999.9E+99,+99999.9E+99,+99999.9E+99,+99999.9E+99,+99999.9E+99,+99999.9E+99,+99999.9E+99,+99999.9E+99,+99999.9E+99,+99999.9E+99,+99999.9E+99,1B00,0,0,0,1B00,77.2105E+00,77.2267E+00,76.9801E+00,77.1391E+00,72.2453E+00,72.4369E+00,71.8646E+00,72.1822E+00,77.2105E+00,77.2267E+00,76.9801E+00,0.0000E+00,0.0000E+00,0.0000E+00,70.4724E+00,71.0080E+00,70.9003E+00,105.216E+00,105.609E+00,105.610E+00,-104.287E+00,-104.871E+00,-104.441E+00,34.493E+00,34.640E+00,34.579E+00,+99999.9E+99,+99999.9E+99,+99999.9E+99,0.463E+00,13.6398E+00,13.2150E+00,13.6138E+00,13.4895E+00,12.5537E+00,12.1382E+00,12.5089E+00,12.4003E+00,13.6389E+00,13.2150E+00,13.6124E+00,-0.1531E+00,0.0000E+00,0.1966E+00,13.9929E+00,13.1150E+00,13.0778E+00,27.7095E+00,27.1505E+00,28.6067E+00,-26.4752E+00,-27.2033E+00,-26.7533E+00,39.884E+00,41.969E+00,42.486E+00,+99999.9E+99,+99999.9E+99,+99999.9E+99,4.221E+00,0.43102E+03,0.42376E+03,0.44670E+03,1.30149E+03,0.49781E+03,0.45696E+03,0.47971E+03,1.43447E+03,0.61444E+03,0.59547E+03,0.61218E+03,1.82209E+03,0.56265E+03,0.52964E+03,0.53280E+03,1.62424E+03,-0.43790E+03,-0.41835E+03,-0.41859E+03,-1.27483E+03,-0.26222E+03,-0.26779E+03,-0.23186E+03,-0.76186E+03,-0.70149E+00,-0.71164E+00,-0.72970E+00,-0.71428E+00,-0.88476E+00,-0.86276E+00,-0.90035E+00,-0.88317E+00,0.000E+00,119.853E+00,-119.697E+00,58.029E+00,-179.828E+00,-64.100E+00,-45.453E+00,-44.632E+00,-43.139E+00,-44.415E+00,201.303E+00,201.521E+00,201.882E+00,89.671E+00,+99999.9E+99,+99999.9E+99,0.00013E+06,-0.00074E+06,0.00000E+00,14.715E+00,0.757E+03,0.00117E+06,43.565E+00,F0F08
2021/11/30,17:34:19,00000:00:44,750,38003F00,2D00,3F00,3F00,3F00,99.983E+00,0.000E+00,0.000E+00,111.052E+00,0.000E+00,0.000E+00,0.503E+00,0.000E+00,0.000E+00,99.982E+00,0.000E+00,0.000E+00,0.000E+00,0.000E+00,0.000E+00,100.964E+00,0.000E+00,0.000E+00,98.804E+00,0.000E+00,0.000E+00,39.361E+00,+99999.9E+99,339.286E+00,1.081E+00,+99999.9E+99,+99999.9E+99,11.5083E+00,0.00000E+00,0.00000E+00,11.7121E+00,0.00000E+00,0.00000E+00,4.6100E+00,0.00000E+00,0.00000E+00,10.5446E+00,0.00000E+00,0.00000E+00,4.2221E+00,0.00000E+00,0.00000E+00,18.3364E+00,0.0000E+00,0.0000E+00,4.0140E+00,0.0000E+00,0.0000E+00,44.322E+00,+99999.9E+99,+99999.9E+99,67.913E+00,+99999.9E+99,+99999.9E+99,1.05219E+03,0.00000E+03,0.00000E+03,0.00000E+03,0.00000E+03,0.00000E+03,1.15063E+03,0.00000E+03,0.00000E+03,0.00000E+03,0.00000E+03,0.00000E+03,0.46568E+03,0.00000E+03,0.00000E+03,0.00000E+03,0.00000E+03,0.00000E+03,0.91444E+00,0.00000E+00,0.00000E+00,0.93630E+00,0.47265E+00,0.95200E+00,0.000E+00,-175.824E+00,165.178E+00,159.439E+00,65.970E+00,3.003E+00,23.873E+00,90.000E+00,90.000E+00,0.00000E+00,0.00000E+00,0.00000E+00,74.237E+00,100.000E+00,100.000E+00,0.27107E+03,0.00000E+03,0.00000E+03,+99999.9E+99,+99999.9E+99,+99999.9E+99,+99999.9E+99,+99999.9E+99,+99999.9E+99,+99999.9E+99,+99999.9E+99,+99999.9E+99,+99999.9E+99,+99999.9E+99,+99999.9E+99,1B00,0,0,0,1B00,76.2555E+00,76.6668E+00,76.5168E+00,76.4797E+00,72.1436E+00,72.9149E+00,72.6422E+00,72.5669E+00,76.2555E+00,76.6668E+00,76.5168E+00,0.0000E+00,0.0000E+00,0.0000E+00,71.9140E+00,71.7488E+00,71.6753E+00,105.806E+00,106.027E+00,105.736E+00,-103.929E+00,-104.344E+00,-104.016E+00,27.100E+00,26.114E+00,26.920E+00,+99999.9E+99,+99999.9E+99,+99999.9E+99,0.201E+00,8.2830E+00,8.2277E+00,8.1811E+00,8.2306E+00,7.3816E+00,7.3410E+00,7.2848E+00,7.3358E+00,8.2824E+00,8.2268E+00,8.1779E+00,-0.1028E+00,-0.1247E+00,0.2285E+00,9.7115E+00,9.8972E+00,10.2465E+00,22.3233E+00,20.7795E+00,20.4771E+00,-18.7057E+00,-19.2962E+00,-19.9400E+00,48.425E+00,45.961E+00,44.517E+00,+99999.9E+99,+99999.9E+99,+99999.9E+99,4.330E+00,0.26187E+03,0.25645E+03,0.26279E+03,0.78112E+03,0.33513E+03,0.35949E+03,0.36312E+03,1.05774E+03,0.36640E+03,0.36443E+03,0.36340E+03,1.09422E+03,0.39004E+03,0.40177E+03,0.41891E+03,1.21010E+03,-0.25626E+03,-0.25892E+03,-0.25100E+03,-0.76618E+03,-0.19954E+03,-0.17940E+03,-0.20887E+03,-0.58782E+03,-0.71472E+00,-0.70372E+00,-0.72315E+00,-0.71385E+00,-0.85922E+00,-0.89477E+00,-0.86682E+00,-0.87409E+00,0.000E+00,120.145E+00,-120.039E+00,60.695E+00,176.631E+00,-60.020E+00,-44.380E+00,-45.274E+00,-43.685E+00,-44.451E+00,202.340E+00,201.975E+00,201.930E+00,94.842E+00,+99999.9E+99,+99999.9E+99,0.00004E+06,-0.00048E+06,0.00000E+00,9.359E+00,0.756E+03,0.00074E+06,43.964E+00,F0F08
2021/11/30,17:34:20,00000:00:44,800,38003F00,2800,3B00,3B00,3F00,99.799E+00,0.000E+00,0.000E+00,110.847E+00,0.000E+00,0.000E+00,0.505E+00,0.000E+00,0.000E+00,99.798E+00,0.000E+00,0.000E+00,0.000E+00,0.000E+00,0.000E+00,100.918E+00,0.000E+00,0.000E+00,98.804E+00,0.000E+00,0.000E+00,39.361E+00,+99999.9E+99,339.286E+00,1.059E+00,+99999.9E+99,+99999.9E+99,12.4116E+00,0.00000E+00,0.00000E+00,12.8752E+00,0.00000E+00,0.00000E+00,4.4362E+00,0.00000E+00,0.00000E+00,11.5918E+00,0.00000E+00,0.00000E+00,4.2221E+00,0.00000E+00,0.00000E+00,18.3488E+00,0.0000E+00,0.0000E+00,4.1850E+00,0.0000E+00,0.0000E+00,44.322E+00,+99999.9E+99,+99999.9E+99,61.094E+00,+99999.9E+99,+99999.9E+99,1.15482E+03,0.00000E+03,0.00000E+03,0.00000E+03,0.00000E+03,0.00000E+03,1.23867E+03,0.00000E+03,0.00000E+03,0.00000E+03,0.00000E+03,0.00000E+03,-0.44798E+03,0.00000E+03,0.00000E+03,0.00000E+03,0.00000E+03,0.00000E+03,-0.93231E+00,0.00000E+00,0.00000E+00,0.93630E+00,0.47265E+00,0.95200E+00,0.000E+00,-175.824E+00,165.178E+00,159.439E+00,65.970E+00,3.003E+00,-21.203E+00,90.000E+00,90.000E+00,9.31461E+00,0.00000E+00,0.00000E+00,109.616E+00,100.000E+00,100.000E+00,-0.11104E+03,0.00000E+03,0.00000E+03,+99999.9E+99,+99999.9E+99,+99999.9E+99,+99999.9E+99,+99999.9E+99,+99999.9E+99,+99999.9E+99,+99999.9E+99,+99999.9E+99,+99999.9E+99,+99999.9E+99,+99999.9E+99,1B00,0,0,0,1B00,77.0685E+00,77.2049E+00,77.0919E+00,77.1218E+00,72.1536E+00,72.5862E+00,72.2490E+00,72.3296E+00,77.0685E+00,77.2049E+00,77.0919E+00,0.0000E+00,0.0000E+00,0.0000E+00,73.0023E+00,73.2700E+00,73.1197E+00,105.757E+00,106.097E+00,105.820E+00,-104.394E+00,-104.970E+00,-104.446E+00,14.203E+00,14.381E+00,14.495E+00,+99999.9E+99,+99999.9E+99,+99999.9E+99,0.212E+00,13.4499E+00,12.9885E+00,13.1823E+00,13.2069E+00,12.2529E+00,11.7810E+00,11.8460E+00,11.9600E+00,13.4486E+00,12.9850E+00,13.1733E+00,-0.1863E+00,-0.2989E+00,0.4863E+00,5.2901E+00,4.7724E+00,4.9573E+00,27.6667E+00,27.2090E+00,28.7529E+00,-26.5714E+00,-27.0943E+00,-26.7995E+00,54.182E+00,58.609E+00,56.229E+00,+99999.9E+99,+99999.9E+99,+99999.9E+99,4.789E+00,0.43014E+03,0.40916E+03,0.42657E+03,1.26586E+03,0.19088E+03,0.17469E+03,0.18817E+03,0.55375E+03,0.60554E+03,0.58370E+03,0.59239E+03,1.78163E+03,0.21586E+03,0.19936E+03,0.20618E+03,0.62103E+03,-0.42622E+03,-0.41628E+03,-0.41106E+03,-1.25356E+03,-0.10081E+03,-0.09606E+03,-0.08427E+03,-0.28114E+03,-0.71034E+00,-0.70098E+00,-0.72007E+00,-0.71051E+00,-0.88426E+00,-0.87625E+00,-0.91266E+00,-0.89166E+00,0.000E+00,120.016E+00,-119.811E+00,57.960E+00,178.754E+00,-65.739E+00,-44.738E+00,-45.494E+00,-43.939E+00,-44.724E+00,201.199E+00,201.365E+00,201.710E+00,90.837E+00,+99999.9E+99,+99999.9E+99,0.00012E+06,-0.00074E+06,0.00000E+00,14.504E+00,0.757E+03,0.00115E+06,43.558E+00,F0F08
2021/11/30,17:34:20,00000:00:44,850,38003800,0,1800,1800,3800,99.920E+00,0.000E+00,0.000E+00,110.982E+00,0.000E+00,0.000E+00,0.505E+00,0.000E+00,0.000E+00,99.919E+00,0.000E+00,0.000E+00,0.000E+00,0.000E+00,0.000E+00,100.943E+00,0.000E+00,0.000E+00,98.779E+00,0.000E+00,0.000E+00,101.252E+00,+99999.9E+99,+99999.9E+99,1.083E+00,+99999.9E+99,+99999.9E+99,11.8492E+00,0.00000E+00,0.00000E+00,12.1474E+00,0.00000E+00,0.00000E+00,4.5602E+00,0.00000E+00,0.00000E+00,10.9365E+00,0.00000E+00,0.00000E+00,3.0435E+00,0.00000E+00,0.00000E+00,18.1093E+00,0.0000E+00,0.0000E+00,4.1733E+00,0.0000E+00,0.0000E+00,102.162E+00,+99999.9E+99,+99999.9E+99,63.713E+00,+99999.9E+99,+99999.9E+99,1.09070E+03,0.00000E+03,0.00000E+03,0.00000E+03,0.00000E+03,0.00000E+03,1.18397E+03,0.00000E+03,0.00000E+03,0.00000E+03,0.00000E+03,0.00000E+03,0.46060E+03,0.00000E+03,0.00000E+03,0.00000E+03,0.00000E+03,0.00000E+03,0.92122E+00,0.00000E+00,0.00000E+00,0.83025E+00,0.96978E+00,0.56005E+00,0.000E+00,-65.195E+00,108.848E+00,146.125E+00,-51.074E+00,-127.093E+00,22.894E+00,90.000E+00,90.000E+00,12.6123E+00,0.00000E+00,0.00000E+00,100.256E+00,100.000E+00,100.000E+00,-0.00279E+03,0.00000E+03,0.00000E+03,+99999.9E+99,+99999.9E+99,+99999.9E+99,+99999.9E+99,+99999.9E+99,+99999.9E+99,+99999.9E+99,+99999.9E+99,+99999.9E+99,+99999.9E+99,+99999.9E+99,+99999.9E+99,1B00,0,0,0,1B00,76.7500E+00,77.0952E+00,76.8298E+00,76.8917E+00,72.0408E+00,72.6758E+00,72.1892E+00,72.3019E+00,76.7500E+00,77.0952E+00,76.8298E+00,0.0000E+00,0.0000E+00,0.0000E+00,70.1173E+00,70.4918E+00,70.4414E+00,105.294E+00,106.006E+00,105.469E+00,-104.086E+00,-104.670E+00,-104.529E+00,37.664E+00,37.650E+00,37.577E+00,+99999.9E+99,+99999.9E+99,+99999.9E+99,0.339E+00,11.9560E+00,11.7910E+00,12.0758E+00,11.9409E+00,10.4703E+00,10.4001E+00,10.5929E+00,10.4878E+00,11.9553E+00,11.7910E+00,12.0758E+00,-0.1287E+00,0.0000E+00,0.0000E+00,15.1079E+00,14.5023E+00,14.5193E+00,27.6200E+00,27.1114E+00,28.4252E+00,-26.2824E+00,-27.0662E+00,-26.4362E+00,39.240E+00,40.708E+00,40.501E+00,+99999.9E+99,+99999.9E+99,+99999.9E+99,2.893E+00,0.35879E+03,0.36118E+03,0.37353E+03,1.09350E+03,0.53834E+03,0.50730E+03,0.52730E+03,1.57294E+03,0.53416E+03,0.52822E+03,0.54177E+03,1.60416E+03,0.61081E+03,0.58427E+03,0.58995E+03,1.78461E+03,-0.39572E+03,-0.38545E+03,-0.39242E+03,-1.17359E+03,-0.28858E+03,-0.28987E+03,-0.26458E+03,-0.84302E+03,-0.67169E+00,-0.68376E+00,-0.68946E+00,-0.68167E+00,-0.88136E+00,-0.86826E+00,-0.89380E+00,-0.88139E+00,0.000E+00,119.870E+00,-119.797E+00,58.372E+00,179.588E+00,-63.305E+00,-47.802E+00,-46.862E+00,-46.413E+00,-47.026E+00,202.202E+00,202.341E+00,201.772E+00,90.264E+00,+99999.9E+99,+99999.9E+99,0.00011E+06,-0.00063E+06,0.00000E+00,12.452E+00,0.757E+03,0.00099E+06,43.846E+00,F0F0F
2021/11/30,17:34:20,00000:00:44,900,38003F00,700,1F00,1F00,3F00,99.920E+00,0.000E+00,0.000E+00,110.982E+00,0.000E+00,0.000E+00,0.505E+00,0.000E+00,0.000E+00,99.919E+00,0.000E+00,0.000E+00,0.000E+00,0.000E+00,0.000E+00,100.943E+00,0.000E+00,0.000E+00,98.779E+00,0.000E+00,0.000E+00,18.571E+00,432.059E+00,+99999.9E+99,1.083E+00,+99999.9E+99,+99999.9E+99,11.8492E+00,0.00000E+00,0.00000E+00,12.1474E+00,0.00000E+00,0.00000E+00,4.5602E+00,0.00000E+00,0.00000E+00,10.9365E+00,0.00000E+00,0.00000E+00,4.6780E+00,0.00000E+00,0.00000E+00,18.1093E+00,0.0000E+00,0.0000E+00,4.1733E+00,0.0000E+00,0.0000E+00,8.573E+00,+99999.9E+99,+99999.9E+99,63.713E+00,+99999.9E+99,+99999.9E+99,1.09070E+03,0.00000E+03,0.00000E+03,0.00000E+03,0.00000E+03,0.00000E+03,1.18397E+03,0.00000E+03,0.00000E+03,0.00000E+03,0.00000E+03,0.00000E+03,0.46060E+03,0.00000E+03,0.00000E+03,0.00000E+03,0.00000E+03,0.00000E+03,0.92122E+00,0.00000E+00,0.00000E+00,0.91818E+00,0.02104E+00,0.95301E+00,0.000E+00,77.753E+00,175.374E+00,156.662E+00,-11.041E+00,13.007E+00,22.894E+00,90.000E+00,90.000E+00,12.6123E+00,0.00000E+00,0.00000E+00,78.779E+00,100.000E+00,100.000E+00,0.23146E+03,0.00000E+03,0.00000E+03,+99999.9E+99,+99999.9E+99,+99999.9E+99,+99999.9E+99,+99999.9E+99,+99999.9E+99,+99999.9E+99,+99999.9E+99,+99999.9E+99,+99999.9E+99,+99999.9E+99,+99999.9E+99,1B00,0,0,0,1B00,76.5666E+00,76.6183E+00,76.5707E+00,76.5852E+00,72.4622E+00,72.7769E+00,72.5312E+00,72.5901E+00,76.5666E+00,76.6183E+00,76.5707E+00,0.0000E+00,0.0000E+00,0.0000E+00,72.4866E+00,72.2653E+00,72.2482E+00,105.890E+00,106.084E+00,105.646E+00,-104.851E+00,-104.737E+00,-105.229E+00,22.436E+00,21.545E+00,22.114E+00,+99999.9E+99,+99999.9E+99,+99999.9E+99,0.210E+00,9.5936E+00,9.0784E+00,9.2038E+00,9.2919E+00,8.2964E+00,7.8707E+00,7.8988E+00,8.0220E+00,9.5925E+00,9.0748E+00,9.1951E+00,-0.1474E+00,-0.2525E+00,0.4009E+00,7.6892E+00,8.1219E+00,8.3219E+00,26.2757E+00,24.1405E+00,25.0524E+00,-26.6590E+00,-25.3448E+00,-22.4695E+00,52.552E+00,48.318E+00,47.215E+00,+99999.9E+99,+99999.9E+99,+99999.9E+99,4.643E+00,0.29459E+03,0.27507E+03,0.28958E+03,0.85924E+03,0.27246E+03,0.29405E+03,0.29614E+03,0.86266E+03,0.42695E+03,0.40282E+03,0.40828E+03,1.23805E+03,0.31571E+03,0.32680E+03,0.34084E+03,0.98278E+03,-0.30904E+03,-0.29428E+03,-0.28781E+03,-0.89113E+03,-0.15950E+03,-0.14259E+03,-0.16873E+03,-0.47082E+03,-0.68999E+00,-0.68286E+00,-0.70927E+00,-0.69403E+00,-0.86300E+00,-0.89979E+00,-0.86887E+00,-0.87778E+00,0.000E+00,120.111E+00,-120.094E+00,60.245E+00,175.974E+00,-60.315E+00,-46.371E+00,-46.933E+00,-44.824E+00,-46.050E+00,201.739E+00,201.417E+00,202.137E+00,94.536E+00,+99999.9E+99,+99999.9E+99,0.00005E+06,-0.00054E+06,0.00000E+00,10.254E+00,0.756E+03,0.00081E+06,43.755E+00,F0F08
2021/11/30,17:34:20,00000:00:44,950,38003F00,700,1F00,1F00,3F00,99.920E+00,0.000E+00,0.000E+00,110.982E+00,0.000E+00,0.000E+00,0.505E+00,0.000E+00,0.000E+00,99.919E+00,0.000E+00,0.000E+00,0.000E+00,0.000E+00,0.000E+00,100.943E+00,0.000E+00,0.000E+00,98.779E+00,0.000E+00,0.000E+00,18.571E+00,432.059E+00,+99999.9E+99,1.083E+00,+99999.9E+99,+99999.9E+99,11.8492E+00,0.00000E+00,0.00000E+00,12.1474E+00,0.00000E+00,0.00000E+00,4.5602E+00,0.00000E+00,0.00000E+00,10.9365E+00,0.00000E+00,0.00000E+00,4.6780E+00,0.00000E+00,0.00000E+00,18.1093E+00,0.0000E+00,0.0000E+00,4.1733E+00,0.0000E+00,0.0000E+00,8.573E+00,+99999.9E+99,+99999.9E+99,63.713E+00,+99999.9E+99,+99999.9E+99,1.09070E+03,0.00000E+03,0.00000E+03,0.00000E+03,0.00000E+03,0.00000E+03,1.18397E+03,0.00000E+03,0.00000E+03,0.00000E+03,0.00000E+03,0.00000E+03,0.46060E+03,0.00000E+03,0.00000E+03,0.00000E+03,0.00000E+03,0.00000E+03,0.92122E+00,0.00000E+00,0.00000E+00,0.91818E+00,0.02104E+00,0.95301E+00,0.000E+00,77.753E+00,175.374E+00,156.662E+00,-11.041E+00,13.007E+00,22.894E+00,90.000E+00,90.000E+00,12.6123E+00,0.00000E+00,0.00000E+00,124.910E+00,100.000E+00,100.000E+00,-0.27169E+03,0.00000E+03,0.00000E+03,+99999.9E+99,+99999.9E+99,+99999.9E+99,+99999.9E+99,+99999.9E+99,+99999.9E+99,+99999.9E+99,+99999.9E+99,+99999.9E+99,+99999.9E+99,+99999.9E+99,+99999.9E+99,1B00,0,0,0,1B00,77.0018E+00,77.4695E+00,77.3222E+00,77.2645E+00,71.7253E+00,72.5751E+00,72.3120E+00,72.2042E+00,77.0018E+00,77.4695E+00,77.3222E+00,0.0000E+00,0.0000E+00,0.0000E+00,72.3133E+00,72.7896E+00,72.6516E+00,105.680E+00,105.937E+00,105.650E+00,-104.440E+00,-105.321E+00,-104.294E+00,20.216E+00,20.223E+00,20.561E+00,+99999.9E+99,+99999.9E+99,+99999.9E+99,0.396E+00,13.9989E+00,13.6938E+00,13.8333E+00,13.8420E+00,13.0761E+00,12.8989E+00,12.8650E+00,12.9467E+00,13.9981E+00,13.6917E+00,13.8278E+00,-0.1534E+00,-0.2354E+00,0.3899E+00,8.0691E+00,7.4439E+00,7.3021E+00,27.7033E+00,27.1552E+00,28.6029E+00,-26.4662E+00,-27.2414E+00,-26.7690E+00,46.835E+00,49.400E+00,50.960E+00,+99999.9E+99,+99999.9E+99,+99999.9E+99,7.273E+00,0.45774E+03,0.44717E+03,0.45748E+03,1.36240E+03,0.29489E+03,0.25575E+03,0.27610E+03,0.82673E+03,0.63039E+03,0.61737E+03,0.62601E+03,1.87377E+03,0.32886E+03,0.29587E+03,0.29871E+03,0.92208E+03,-0.43344E+03,-0.42565E+03,-0.42732E+03,-1.28641E+03,-0.14556E+03,-0.14877E+03,-0.11402E+03,-0.40834E+03,-0.72612E+00,-0.72432E+00,-0.73079E+00,-0.72709E+00,-0.89671E+00,-0.86440E+00,-0.92429E+00,-0.89660E+00,0.000E+00,119.899E+00,-119.722E+00,56.491E+00,-179.974E+00,-67.443E+00,-43.438E+00,-43.587E+00,-43.047E+00,-43.357E+00,201.702E+00,202.112E+00,201.056E+00,90.385E+00,+99999.9E+99,+99999.9E+99,0.00013E+06,-0.00078E+06,0.00000E+00,15.528E+00,0.757E+03,0.00123E+06,43.684E+00,F0F08
2021/11/30,17:34:20,00000:00:45,0,38003F00,500,1F00,1F00,3F00,99.920E+00,0.000E+00,0.000E+00,110.982E+00,0.000E+00,0.000E+00,0.505E+00,0.000E+00,0.000E+00,99.919E+00,0.000E+00,0.000E+00,0.000E+00,0.000E+00,0.000E+00,100.943E+00,0.000E+00,0.000E+00,98.779E+00,0.000E+00,0.000E+00,66.748E+00,+99999.9E+99,+99999.9E+99,1.083E+00,+99999.9E+99,+99999.9E+99,11.8492E+00,0.00000E+00,0.00000E+00,12.1474E+00,0.00000E+00,0.00000E+00,4.5602E+00,0.00000E+00,0.00000E+00,10.9365E+00,0.00000E+00,0.00000E+00,4.0706E+00,0.00000E+00,0.00000E+00,18.1093E+00,0.0000E+00,0.0000E+00,4.1733E+00,0.0000E+00,0.0000E+00,48.300E+00,+99999.9E+99,+99999.9E+99,63.713E+00,+99999.9E+99,+99999.9E+99,1.09070E+03,0.00000E+03,0.00000E+03,0.00000E+03,0.00000E+03,0.00000E+03,1.18397E+03,0.00000E+03,0.00000E+03,0.00000E+03,0.00000E+03,0.00000E+03,0.46060E+03,0.00000E+03,0.00000E+03,0.00000E+03,0.00000E+03,0.00000E+03,0.92122E+00,0.00000E+00,0.00000E+00,0.88390E+00,0.99999E+00,0.65565E+00,0.000E+00,56.408E+00,153.165E+00,152.117E+00,-123.374E+00,22.196E+00,22.894E+00,90.000E+00,90.000E+00,12.6123E+00,0.00000E+00,0.00000E+00,80.633E+00,100.000E+00,100.000E+00,0.21124E+03,0.00000E+03,0.00000E+03,+99999.9E+99,+99999.9E+99,+99999.9E+99,+99999.9E+99,+99999.9E+99,+99999.9E+99,+99999.9E+99,+99999.9E+99,+99999.9E+99,+99999.9E+99,+99999.9E+99,+99999.9E+99,1B00,0,0,0,1B00,76.7028E+00,76.6712E+00,76.3865E+00,76.5869E+00,72.5640E+00,72.6956E+00,72.0393E+00,72.4330E+00,76.7028E+00,76.6712E+00,76.3865E+00,0.0000E+00,0.0000E+00,0.0000E+00,70.2512E+00,70.2853E+00,70.1726E+00,105.781E+00,105.971E+00,105.729E+00,-104.304E+00,-104.573E+00,-104.114E+00,38.372E+00,38.011E+00,38.212E+00,+99999.9E+99,+99999.9E+99,+99999.9E+99,0.090E+00,9.7750E+00,9.3584E+00,9.9684E+00,9.7006E+00,8.4784E+00,8.1205E+00,8.5253E+00,8.3747E+00,9.7743E+00,9.3584E+00,9.9684E+00,-0.1127E+00,0.0000E+00,0.0000E+00,14.7787E+00,14.6806E+00,15.0171E+00,26.3352E+00,24.8733E+00,27.2624E+00,-25.6990E+00,-23.4233E+00,-26.7338E+00,40.763E+00,40.716E+00,39.378E+00,+99999.9E+99,+99999.9E+99,+99999.9E+99,1.449E+00,0.28782E+03,0.28580E+03,0.30585E+03,0.87946E+03,0.51815E+03,0.52087E+03,0.53263E+03,1.57165E+03,0.43483E+03,0.41657E+03,0.44236E+03,1.29375E+03,0.59739E+03,0.59262E+03,0.60693E+03,1.79683E+03,-0.32593E+03,-0.30307E+03,-0.31959E+03,-0.94859E+03,-0.29731E+03,-0.28264E+03,-0.29098E+03,-0.87093E+03,-0.66193E+00,-0.68607E+00,-0.69140E+00,-0.67978E+00,-0.86736E+00,-0.87894E+00,-0.87758E+00,-0.87468E+00,0.000E+00,120.078E+00,-119.938E+00,59.862E+00,178.516E+00,-61.257E+00,-48.553E+00,-46.680E+00,-46.259E+00,-47.174E+00,201.968E+00,201.933E+00,202.589E+00,91.795E+00,+99999.9E+99,+99999.9E+99,0.00007E+06,-0.00052E+06,0.00000E+00,10.189E+00,0.757E+03,0.00081E+06,43.805E+00,F0F08
2021/11/30,17:34:20,00000:00:45,50,38003A00,2A00,3800,3800,3800,99.979E+00,0.000E+00,0.000E+00,111.048E+00,0.000E+00,0.000E+00,0.504E+00,0.000E+00,0.000E+00,99.978E+00,0.000E+00,0.000E+00,0.000E+00,0.000E+00,0.000E+00,100.932E+00,0.000E+00,0.000E+00,98.793E+00,0.000E+00,0.000E+00,66.748E+00,+99999.9E+99,+99999.9E+99,1.070E+00,+99999.9E+99,+99999.9E+99,11.5801E+00,0.00000E+00,0.00000E+00,11.7828E+00,0.00000E+00,0.00000E+00,4.6437E+00,0.00000E+00,0.00000E+00,10.6082E+00,0.00000E+00,0.00000E+00,4.0706E+00,0.00000E+00,0.00000E+00,18.3040E+00,0.0000E+00,0.0000E+00,4.0931E+00,0.0000E+00,0.0000E+00,48.300E+00,+99999.9E+99,+99999.9E+99,66.981E+00,+99999.9E+99,+99999.9E+99,1.05850E+03,0.00000E+03,0.00000E+03,0.00000E+03,0.00000E+03,0.00000E+03,1.15777E+03,0.00000E+03,0.00000E+03,0.00000E+03,0.00000E+03,0.00000E+03,0.46907E+03,0.00000E+03,0.00000E+03,0.00000E+03,0.00000E+03,0.00000E+03,0.91425E+00,0.00000E+00,0.00000E+00,0.88390E+00,0.99999E+00,0.65565E+00,0.000E+00,56.408E+00,153.165E+00,152.117E+00,-123.374E+00,22.196E+00,23.900E+00,90.000E+00,90.000E+00,0.00000E+00,0.00000E+00,0.00000E+00,99.170E+00,100.000E+00,100.000E+00,0.00878E+03,0.00000E+03,0.00000E+03,+99999.9E+99,+99999.9E+99,+99999.9E+99,+99999.9E+99,+99999.9E+99,+99999.9E+99,+99999.9E+99,+99999.9E+99,+99999.9E+99,+99999.9E+99,+99999.9E+99,+99999.9E+99,1B00,0,0,0,1B00,76.5499E+00,77.0225E+00,77.0533E+00,76.8753E+00,71.8854E+00,72.8025E+00,72.8320E+00,72.5066E+00,76.5499E+00,77.0225E+00,77.0533E+00,0.0000E+00,0.0000E+00,0.0000E+00,73.0564E+00,73.0495E+00,72.9412E+00,105.717E+00,106.093E+00,105.733E+00,-104.694E+00,-104.710E+00,-105.309E+00,15.519E+00,15.370E+00,15.400E+00,+99999.9E+99,+99999.9E+99,+99999.9E+99,0.101E+00,11.7004E+00,11.4520E+00,11.2441E+00,11.4655E+00,10.0899E+00,9.9482E+00,9.6428E+00,9.8936E+00,11.6994E+00,11.4451E+00,11.2306E+00,-0.1520E+00,-0.3976E+00,0.5507E+00,5.2518E+00,5.1560E+00,5.5683E+00,27.5210E+00,27.2052E+00,28.4838E+00,-26.6867E+00,-26.9962E+00,-25.9195E+00,58.311E+00,57.573E+00,53.346E+00,+99999.9E+99,+99999.9E+99,+99999.9E+99,3.557E+00,0.36156E+03,0.34170E+03,0.34645E+03,1.04972E+03,0.18662E+03,0.19247E+03,0.20020E+03,0.57928E+03,0.52280E+03,0.51075E+03,0.50405E+03,1.53760E+03,0.21615E+03,0.21537E+03,0.22714E+03,0.65845E+03,-0.37761E+03,-0.37961E+03,-0.36612E+03,-1.12334E+03,-0.10906E+03,-0.09665E+03,-0.10731E+03,-0.31303E+03,-0.69160E+00,-0.66902E+00,-0.68733E+00,-0.68270E+00,-0.86337E+00,-0.89365E+00,-0.88137E+00,-0.87977E+00,0.000E+00,120.097E+00,-119.960E+00,60.297E+00,176.716E+00,-61.715E+00,-46.243E+00,-48.009E+00,-46.581E+00,-46.945E+00,202.107E+00,201.453E+00,201.460E+00,92.820E+00,+99999.9E+99,+99999.9E+99,0.00008E+06,-0.00063E+06,0.00000E+00,12.294E+00,0.757E+03,0.00097E+06,43.833E+00,F0F08
2021/11/30,17:34:20,00000:00:45,100,38003F00,2D00,3F00,3F00,3F00,99.979E+00,0.000E+00,0.000E+00,111.048E+00,0.000E+00,0.000E+00,0.504E+00,0.000E+00,0.000E+00,99.978E+00,0.000E+00,0.000E+00,0.000E+00,0.000E+00,0.000E+00,100.932E+00,0.000E+00,0.000E+00,98.793E+00,0.000E+00,0.000E+00,34.979E+00,393.265E+00,489.515E+00,1.070E+00,+99999.9E+99,+99999.9E+99,11.5801E+00,0.00000E+00,0.00000E+00,11.7828E+00,0.00000E+00,0.00000E+00,4.6437E+00,0.00000E+00,0.00000E+00,10.6082E+00,0.00000E+00,0.00000E+00,4.2421E+00,0.00000E+00,0.00000E+00,18.3040E+00,0.0000E+00,0.0000E+00,4.0931E+00,0.0000E+00,0.0000E+00,40.205E+00,+99999.9E+99,+99999.9E+99,66.981E+00,+99999.9E+99,+99999.9E+99,1.05850E+03,0.00000E+03,0.00000E+03,0.00000E+03,0.00000E+03,0.00000E+03,1.15777E+03,0.00000E+03,0.00000E+03,0.00000E+03,0.00000E+03,0.00000E+03,0.46907E+03,0.00000E+03,0.00000E+03,0.00000E+03,0.00000E+03,0.00000E+03,0.91425E+00,0.00000E+00,0.00000E+00,0.93474E+00,0.04727E+00,0.25638E+00,0.000E+00,-104.894E+00,170.746E+00,159.186E+00,167.816E+00,-114.110E+00,23.900E+00,90.000E+00,90.000E+00,0.00000E+00,0.00000E+00,0.00000E+00,120.271E+00,100.000E+00,100.000E+00,-0.21457E+03,0.00000E+03,0.00000E+03,+99999.9E+99,+99999.9E+99,+99999.9E+99,+99999.9E+99,+99999.9E+99,+99999.9E+99,+99999.9E+99,+99999.9E+99,+99999.9E+99,+99999.9E+99,+99999.9E+99,+99999.9E+99,1B00,0,0,0,1B00,77.2186E+00,77.2334E+00,77.0233E+00,77.1584E+00,72.1705E+00,72.3933E+00,71.8646E+00,72.1428E+00,77.2186E+00,77.2334E+00,77.0233E+00,0.0000E+00,0.0000E+00,0.0000E+00,71.0373E+00,71.7362E+00,71.5333E+00,105.284E+00,105.617E+00,105.487E+00,-104.706E+00,-104.621E+00,-104.240E+00,30.272E+00,30.405E+00,30.305E+00,+99999.9E+99,+99999.9E+99,+99999.9E+99,0.574E+00,13.4523E+00,13.0217E+00,13.3929E+00,13.2889E+00,12.3971E+00,11.9798E+00,12.3178E+00,12.2316E+00,13.4513E+00,13.0217E+00,13.3912E+00,-0.1599E+00,0.0000E+00,0.2112E+00,12.4404E+00,11.2831E+00,11.4384E+00,27.3395E+00,27.1681E+00,28.4700E+00,-26.2938E+00,-26.8790E+00,-26.6790E+00,40.941E+00,44.382E+00,44.229E+00,+99999.9E+99,+99999.9E+99,+99999.9E+99,6.110E+00,0.42237E+03,0.41395E+03,0.43675E+03,1.27307E+03,0.44612E+03,0.39504E+03,0.42338E+03,1.26454E+03,0.60628E+03,0.58650E+03,0.60208E+03,1.79486E+03,0.50114E+03,0.45929E+03,0.46350E+03,1.42237E+03,-0.43495E+03,-0.41549E+03,-0.41442E+03,-1.26486E+03,-0.22829E+03,-0.23429E+03,-0.18863E+03,-0.65121E+03,-0.69665E+00,-0.70579E+00,-0.72541E+00,-0.70928E+00,-0.89021E+00,-0.86011E+00,-0.91345E+00,-0.88904E+00,0.000E+00,119.870E+00,-119.585E+00,57.421E+00,-179.555E+00,-65.797E+00,-45.841E+00,-45.107E+00,-43.497E+00,-44.823E+00,201.469E+00,202.279E+00,202.053E+00,89.779E+00,+99999.9E+99,+99999.9E+99,0.00013E+06,-0.00073E+06,0.00000E+00,14.402E+00,0.758E+03,0.00114E+06,43.576E+00,F0F08
2021/11/30,17:34:20,00000:00:45,150,38003F00,2800,3B00,3B00,3F00,99.898E+00,0.000E+00,0.000E+00,110.957E+00,0.000E+00,0.000E+00,0.527E+00,0.000E+00,0.000E+00,99.896E+00,0.000E+00,0.000E+00,0.000E+00,0.000E+00,0.000E+00,100.954E+00,0.000E+00,0.000E+00,98.832E+00,0.000E+00,0.000E+00,34.979E+00,393.265E+00,489.515E+00,1.062E+00,+99999.9E+99,+99999.9E+99,12.2301E+00,0.00000E+00,0.00000E+00,12.6711E+00,0.00000E+00,0.00000E+00,4.4081E+00,0.00000E+00,0.00000E+00,11.4080E+00,0.00000E+00,0.00000E+00,4.2421E+00,0.00000E+00,0.00000E+00,18.2200E+00,0.0000E+00,0.0000E+00,3.4338E+00,0.0000E+00,0.0000E+00,40.205E+00,+99999.9E+99,+99999.9E+99,64.806E+00,+99999.9E+99,+99999.9E+99,1.13753E+03,0.00000E+03,0.00000E+03,0.00000E+03,0.00000E+03,0.00000E+03,1.22176E+03,0.00000E+03,0.00000E+03,0.00000E+03,0.00000E+03,0.00000E+03,0.44578E+03,0.00000E+03,0.00000E+03,0.00000E+03,0.00000E+03,0.00000E+03,0.93106E+00,0.00000E+00,0.00000E+00,0.93474E+00,0.04727E+00,0.25638E+00,0.000E+00,-104.894E+00,170.746E+00,159.186E+00,167.816E+00,-114.110E+00,21.399E+00,90.000E+00,90.000E+00,14.5509E+00,0.00000E+00,0.00000E+00,65.175E+00,100.000E+00,100.000E+00,0.39614E+03,0.00000E+03,0.00000E+03,+99999.9E+99,+99999.9E+99,+99999.9E+99,+99999.9E+99,+99999.9E+99,+99999.9E+99,+99999.9E+99,+99999.9E+99,+99999.9E+99,+99999.9E+99,+99999.9E+99,+99999.9E+99,1B00,0,0,0,1B00,76.2869E+00,76.6358E+00,76.5210E+00,76.4812E+00,72.1179E+00,72.8013E+00,72.5712E+00,72.4968E+00,76.2868E+00,76.6358E+00,76.5210E+00,0.0000E+00,0.0000E+00,0.0000E+00,71.3352E+00,71.2270E+00,71.0593E+00,105.807E+00,106.107E+00,105.716E+00,-104.887E+00,-104.560E+00,-103.843E+00,31.852E+00,31.105E+00,31.710E+00,+99999.9E+99,+99999.9E+99,+99999.9E+99,0.234E+00,8.0552E+00,7.9898E+00,7.9311E+00,7.9920E+00,7.1386E+00,7.0840E+00,7.0121E+00,7.0782E+00,8.0544E+00,7.9889E+00,7.9278E+00,-0.1105E+00,-0.1190E+00,0.2304E+00,11.7061E+00,11.7050E+00,12.3183E+00,22.1714E+00,20.9962E+00,20.3600E+00,-18.7681E+00,-18.7862E+00,-19.8014E+00,45.216E+00,44.093E+00,42.057E+00,+99999.9E+99,+99999.9E+99,+99999.9E+99,3.423E+00,0.24928E+03,0.24298E+03,0.24913E+03,0.74139E+03,0.40252E+03,0.42359E+03,0.43048E+03,1.25659E+03,0.35634E+03,0.35365E+03,0.35199E+03,1.06198E+03,0.46981E+03,0.47754E+03,0.49615E+03,1.44303E+03,-0.25464E+03,-0.25696E+03,-0.24866E+03,-0.76026E+03,-0.24228E+03,-0.22051E+03,-0.24668E+03,-0.70946E+03,-0.69954E+00,-0.68706E+00,-0.70778E+00,-0.69811E+00,-0.85677E+00,-0.88701E+00,-0.86764E+00,-0.87079E+00,0.000E+00,120.208E+00,-119.978E+00,60.989E+00,177.631E+00,-60.031E+00,-45.610E+00,-46.602E+00,-44.946E+00,-45.724E+00,202.318E+00,201.652E+00,201.936E+00,94.797E+00,+99999.9E+99,+99999.9E+99,0.00004E+06,-0.00046E+06,0.00000E+00,8.876E+00,0.756E+03,0.00070E+06,43.943E+00,F0F08
2021/11/30,17:34:20,00000:00:45,200,38003F00,0,1B00,1B00,3F00,99.905E+00,0.000E+00,0.000E+00,110.965E+00,0.000E+00,0.000E+00,0.516E+00,0.000E+00,0.000E+00,99.904E+00,0.000E+00,0.000E+00,0.000E+00,0.000E+00,0.000E+00,100.911E+00,0.000E+00,0.000E+00,98.818E+00,0.000E+00,0.000E+00,22.324E+00,+99999.9E+99,+99999.9E+99,1.047E+00,+99999.9E+99,+99999.9E+99,11.9897E+00,0.00000E+00,0.00000E+00,12.2643E+00,0.00000E+00,0.00000E+00,4.6726E+00,0.00000E+00,0.00000E+00,11.0418E+00,0.00000E+00,0.00000E+00,4.4463E+00,0.00000E+00,0.00000E+00,18.2888E+00,0.0000E+00,0.0000E+00,3.8626E+00,0.0000E+00,0.0000E+00,8.522E+00,+99999.9E+99,+99999.9E+99,65.326E+00,+99999.9E+99,+99999.9E+99,1.10096E+03,0.00000E+03,0.00000E+03,0.00000E+03,0.00000E+03,0.00000E+03,1.19783E+03,0.00000E+03,0.00000E+03,0.00000E+03,0.00000E+03,0.00000E+03,0.47190E+03,0.00000E+03,0.00000E+03,0.00000E+03,0.00000E+03,0.00000E+03,0.91913E+00,0.00000E+00,0.00000E+00,0.90498E+00,0.41739E+00,0.99590E+00,0.000E+00,-11.796E+00,151.357E+00,154.820E+00,53.533E+00,-33.833E+00,23.201E+00,90.000E+00,90.000E+00,13.0163E+00,0.00000E+00,0.00000E+00,115.162E+00,100.000E+00,100.000E+00,-0.16693E+03,0.00000E+03,0.00000E+03,+99999.9E+99,+99999.9E+99,+99999.9E+99,+99999.9E+99,+99999.9E+99,+99999.9E+99,+99999.9E+99,+99999.9E+99,+99999.9E+99,+99999.9E+99,+99999.9E+99,+99999.9E+99,1B00,0,0,0,1B00,77.0723E+00,77.1846E+00,77.1179E+00,77.1249E+00,72.1324E+00,72.5458E+00,72.2859E+00,72.3213E+00,77.0723E+00,77.1846E+00,77.1179E+00,0.0000E+00,0.0000E+00,0.0000E+00,73.0130E+00,73.2610E+00,73.1373E+00,105.840E+00,105.900E+00,105.697E+00,-104.444E+00,-104.749E+00,-105.204E+00,13.753E+00,14.095E+00,14.095E+00,+99999.9E+99,+99999.9E+99,+99999.9E+99,0.197E+00,13.4787E+00,13.0074E+00,13.2050E+00,13.2304E+00,12.2809E+00,11.7943E+00,11.8604E+00,11.9785E+00,13.4777E+00,13.0031E+00,13.1956E+00,-0.1656E+00,-0.3322E+00,0.4989E+00,5.0656E+00,4.5492E+00,4.7054E+00,27.8276E+00,27.1286E+00,28.6010E+00,-26.5362E+00,-27.1924E+00,-26.6381E+00,55.975E+00,60.749E+00,58.803E+00,+99999.9E+99,+99999.9E+99,+99999.9E+99,5.017E+00,0.43117E+03,0.40925E+03,0.42747E+03,1.26789E+03,0.18029E+03,0.16360E+03,0.17554E+03,0.51942E+03,0.60712E+03,0.58454E+03,0.59343E+03,1.78509E+03,0.20561E+03,0.18968E+03,0.19415E+03,0.58903E+03,-0.42742E+03,-0.41737E+03,-0.41162E+03,-1.25640E+03,-0.09883E+03,-0.09600E+03,-0.08295E+03,-0.27778E+03,-0.71019E+00,-0.70013E+00,-0.72033E+00,-0.71027E+00,-0.87689E+00,-0.86248E+00,-0.90414E+00,-0.88182E+00,0.000E+00,119.999E+00,-119.832E+00,58.843E+00,-179.652E+00,-64.595E+00,-44.749E+00,-45.562E+00,-43.918E+00,-44.743E+00,201.199E+00,201.975E+00,201.620E+00,90.928E+00,+99999.9E+99,+99999.9E+99,0.00012E+06,-0.00074E+06,0.00000E+00,14.545E+00,0.757E+03,0.00115E+06,43.570E+00,F0F0F
2021/11/30,17:34:20,00000:00:45,250,38003F00,500,1F00,1F00,3F00,99.905E+00,0.000E+00,0.000E+00,110.965E+00,0.000E+00,0.000E+00,0.516E+00,0.000E+00,0.000E+00,99.904E+00,0.000E+00,0.000E+00,0.000E+00,0.000E+00,0.000E+00,100.911E+00,0.000E+00,0.000E+00,98.818E+00,0.000E+00,0.000E+00,19.621E+00,381.052E+00,+99999.9E+99,1.047E+00,+99999.9E+99,+99999.9E+99,11.9897E+00,0.00000E+00,0.00000E+00,12.2643E+00,0.00000E+00,0.00000E+00,4.6726E+00,0.00000E+00,0.00000E+00,11.0418E+00,0.00000E+00,0.00000E+00,4.6702E+00,0.00000E+00,0.00000E+00,18.2888E+00,0.0000E+00,0.0000E+00,3.8626E+00,0.0000E+00,0.0000E+00,6.168E+00,+99999.9E+99,+99999.9E+99,65.326E+00,+99999.9E+99,+99999.9E+99,1.10096E+03,0.00000E+03,0.00000E+03,0.00000E+03,0.00000E+03,0.00000E+03,1.19783E+03,0.00000E+03,0.00000E+03,0.00000E+03,0.00000E+03,0.00000E+03,0.47190E+03,0.00000E+03,0.00000E+03,0.00000E+03,0.00000E+03,0.00000E+03,0.91913E+00,0.00000E+00,0.00000E+00,0.89782E+00,0.00772E+00,0.95302E+00,0.000E+00,-13.768E+00,125.483E+00,153.873E+00,-103.326E+00,-72.149E+00,23.201E+00,90.000E+00,90.000E+00,13.0163E+00,0.00000E+00,0.00000E+00,105.184E+00,100.000E+00,100.000E+00,-0.05707E+03,0.00000E+03,0.00000E+03,+99999.9E+99,+99999.9E+99,+99999.9E+99,+99999.9E+99,+99999.9E+99,+99999.9E+99,+99999.9E+99,+99999.9E+99,+99999.9E+99,+99999.9E+99,+99999.9E+99,+99999.9E+99,1B00,0,0,0,1B00,76.9071E+00,77.1252E+00,76.9055E+00,76.9792E+00,72.1266E+00,72.6181E+00,72.1427E+00,72.2958E+00,76.9071E+00,77.1252E+00,76.9054E+00,0.0000E+00,0.0000E+00,0.0000E+00,70.1058E+00,70.4787E+00,70.4189E+00,105.443E+00,105.946E+00,105.547E+00,-104.599E+00,-105.066E+00,-104.780E+00,37.724E+00,37.684E+00,37.517E+00,+99999.9E+99,+99999.9E+99,+99999.9E+99,0.332E+00,12.5733E+00,12.1922E+00,12.5181E+00,12.4279E+00,11.1750E+00,10.8891E+00,11.1075E+00,11.0572E+00,12.5725E+00,12.1922E+00,12.5167E+00,-0.1411E+00,0.0000E+00,0.1878E+00,15.1293E+00,14.5340E+00,14.5591E+00,27.6086E+00,27.1814E+00,28.6781E+00,-26.5752E+00,-26.9695E+00,-26.8010E+00,39.212E+00,40.671E+00,40.461E+00,+99999.9E+99,+99999.9E+99,+99999.9E+99,2.802E+00,0.38445E+03,0.37838E+03,0.39520E+03,1.15803E+03,0.53875E+03,0.50873E+03,0.52858E+03,1.57606E+03,0.56367E+03,0.54689E+03,0.56180E+03,1.67236E+03,0.61141E+03,0.58553E+03,0.59154E+03,1.78808E+03,-0.41222E+03,-0.39487E+03,-0.39929E+03,-1.20638E+03,-0.28909E+03,-0.28991E+03,-0.26556E+03,-0.84455E+03,-0.68205E+00,-0.69187E+00,-0.70346E+00,-0.69245E+00,-0.88116E+00,-0.86883E+00,-0.89357E+00,-0.88143E+00,0.000E+00,119.880E+00,-119.794E+00,58.395E+00,179.528E+00,-63.267E+00,-46.996E+00,-46.222E+00,-45.295E+00,-46.176E+00,202.192E+00,201.597E+00,201.851E+00,90.183E+00,+99999.9E+99,+99999.9E+99,0.00011E+06,-0.00067E+06,0.00000E+00,13.169E+00,0.757E+03,0.00104E+06,43.821E+00,F0F08
2021/11/30,17:34:20,00000:00:45,300,38003D00,500,1C00,1C00,3800,99.905E+00,0.000E+00,0.000E+00,110.965E+00,0.000E+00,0.000E+00,0.516E+00,0.000E+00,0.000E+00,99.904E+00,0.000E+00,0.000E+00,0.000E+00,0.000E+00,0.000E+00,100.911E+00,0.000E+00,0.000E+00,98.818E+00,0.000E+00,0.000E+00,19.621E+00,381.052E+00,+99999.9E+99,1.047E+00,+99999.9E+99,+99999.9E+99,11.9897E+00,0.00000E+00,0.00000E+00,12.2643E+00,0.00000E+00,0.00000E+00,4.6726E+00,0.00000E+00,0.00000E+00,11.0418E+00,0.00000E+00,0.00000E+00,4.6702E+00,0.00000E+00,0.00000E+00,18.2888E+00,0.0000E+00,0.0000E+00,3.8626E+00,0.0000E+00,0.0000E+00,6.168E+00,+99999.9E+99,+99999.9E+99,65.326E+00,+99999.9E+99,+99999.9E+99,1.10096E+03,0.00000E+03,0.00000E+03,0.00000E+03,0.00000E+03,0.00000E+03,1.19783E+03,0.00000E+03,0.00000E+03,0.00000E+03,0.00000E+03,0.00000E+03,0.47190E+03,0.00000E+03,0.00000E+03,0.00000E+03,0.00000E+03,0.00000E+03,0.91913E+00,0.00000E+00,0.00000E+00,0.89782E+00,0.00772E+00,0.95302E+00,0.000E+00,-13.768E+00,125.483E+00,153.873E+00,-103.326E+00,-72.149E+00,23.201E+00,90.000E+00,90.000E+00,13.0163E+00,0.00000E+00,0.00000E+00,70.167E+00,100.000E+00,100.000E+00,0.32845E+03,0.00000E+03,0.00000E+03,+99999.9E+99,+99999.9E+99,+99999.9E+99,+99999.9E+99,+99999.9E+99,+99999.9E+99,+99999.9E+99,+99999.9E+99,+99999.9E+99,+99999.9E+99,+99999.9E+99,+99999.9E+99,1B00,0,0,0,1B00,76.2968E+00,76.6649E+00,76.5117E+00,76.4911E+00,72.2020E+00,72.9021E+00,72.6140E+00,72.5727E+00,76.2968E+00,76.6649E+00,76.5117E+00,0.0000E+00,0.0000E+00,0.0000E+00,72.4934E+00,72.2608E+00,72.2407E+00,105.697E+00,106.044E+00,105.689E+00,-104.501E+00,-104.276E+00,-104.594E+00,22.393E+00,21.503E+00,22.024E+00,+99999.9E+99,+99999.9E+99,+99999.9E+99,0.222E+00,8.2343E+00,8.1794E+00,8.1255E+00,8.1798E+00,7.3315E+00,7.2900E+00,7.2254E+00,7.2823E+00,8.2336E+00,8.1785E+00,8.1221E+00,-0.1130E+00,-0.1235E+00,0.2376E+00,7.6657E+00,8.0889E+00,8.2966E+00,22.1224E+00,20.7967E+00,20.3286E+00,-18.7857E+00,-19.1314E+00,-19.8290E+00,52.727E+00,48.549E+00,47.387E+00,+99999.9E+99,+99999.9E+99,+99999.9E+99,4.699E+00,0.25918E+03,0.25366E+03,0.25967E+03,0.77251E+03,0.27148E+03,0.29312E+03,0.29550E+03,0.86010E+03,0.36434E+03,0.36234E+03,0.36087E+03,1.08756E+03,0.31495E+03,0.32583E+03,0.34023E+03,0.98041E+03,-0.25607E+03,-0.25875E+03,-0.25060E+03,-0.76542E+03,-0.15966E+03,-0.14228E+03,-0.16862E+03,-0.47057E+03,-0.71137E+00,-0.70006E+00,-0.71955E+00,-0.71031E+00,-0.86198E+00,-0.89962E+00,-0.86854E+00,-0.87729E+00,0.000E+00,120.119E+00,-120.099E+00,60.355E+00,176.004E+00,-60.275E+00,-44.654E+00,-45.569E+00,-43.982E+00,-44.739E+00,201.793E+00,202.083E+00,202.179E+00,94.803E+00,+99999.9E+99,+99999.9E+99,0.00004E+06,-0.00048E+06,0.00000E+00,9.245E+00,0.757E+03,0.00073E+06,43.767E+00,F0F08
2021/11/30,17:34:20,00000:00:45,350,38003F00,700,1F00,1F00,3F00,99.905E+00,0.000E+00,0.000E+00,110.965E+00,0.000E+00,0.000E+00,0.516E+00,0.000E+00,0.000E+00,99.904E+00,0.000E+00,0.000E+00,0.000E+00,0.000E+00,0.000E+00,100.911E+00,0.000E+00,0.000E+00,98.818E+00,0.000E+00,0.000E+00,19.621E+00,381.052E+00,+99999.9E+99,1.047E+00,+99999.9E+99,+99999.9E+99,11.9897E+00,0.00000E+00,0.00000E+00,12.2643E+00,0.00000E+00,0.00000E+00,4.6726E+00,0.00000E+00,0.00000E+00,11.0418E+00,0.00000E+00,0.00000E+00,4.6702E+00,0.00000E+00,0.00000E+00,18.2888E+00,0.0000E+00,0.0000E+00,3.8626E+00,0.0000E+00,0.0000E+00,6.168E+00,+99999.9E+99,+99999.9E+99,65.326E+00,+99999.9E+99,+99999.9E+99,1.10096E+03,0.00000E+03,0.00000E+03,0.00000E+03,0.00000E+03,0.00000E+03,1.19783E+03,0.00000E+03,0.00000E+03,0.00000E+03,0.00000E+03,0.00000E+03,0.47190E+03,0.00000E+03,0.00000E+03,0.00000E+03,0.00000E+03,0.00000E+03,0.91913E+00,0.00000E+00,0.00000E+00,0.89782E+00,0.00772E+00,0.95302E+00,0.000E+00,-13.768E+00,125.483E+00,153.873E+00,-103.326E+00,-72.149E+00,23.201E+00,90.000E+00,90.000E+00,13.0163E+00,0.00000E+00,0.00000E+00,112.102E+00,100.000E+00,100.000E+00,-0.13324E+03,0.00000E+03,0.00000E+03,+99999.9E+99,+99999.9E+99,+99999.9E+99,+99999.9E+99,+99999.9E+99,+99999.9E+99,+99999.9E+99,+99999.9E+99,+99999.9E+99,+99999.9E+99,+99999.9E+99,+99999.9E+99,1B00,0,0,0,1B00,77.0761E+00,77.1984E+00,77.1048E+00,77.1264E+00,72.1016E+00,72.4973E+00,72.2055E+00,72.2682E+00,77.0761E+00,77.1984E+00,77.1048E+00,0.0000E+00,0.0000E+00,0.0000E+00,72.7448E+00,73.1555E+00,73.0133E+00,105.724E+00,106.033E+00,105.671E+00,-104.709E+00,-105.274E+00,-104.440E+00,16.284E+00,16.503E+00,16.867E+00,+99999.9E+99,+99999.9E+99,+99999.9E+99,0.337E+00,13.2507E+00,12.7995E+00,12.9952E+00,13.0151E+00,12.0442E+00,11.5897E+00,11.6496E+00,11.7611E+00,13.2494E+00,12.7959E+00,12.9858E+00,-0.1879E+00,-0.3034E+00,0.4925E+00,6.4422E+00,5.7717E+00,5.6761E+00,27.5843E+00,27.0729E+00,28.5310E+00,-26.4586E+00,-27.1895E+00,-26.6871E+00,49.714E+00,54.224E+00,54.952E+00,+99999.9E+99,+99999.9E+99,+99999.9E+99,6.953E+00,0.41931E+03,0.39877E+03,0.41613E+03,1.23420E+03,0.23138E+03,0.20196E+03,0.21816E+03,0.65150E+03,0.59635E+03,0.57501E+03,0.58383E+03,1.75519E+03,0.25899E+03,0.23362E+03,0.23666E+03,0.72829E+03,-0.42405E+03,-0.41428E+03,-0.40951E+03,-1.24783E+03,-0.11635E+03,-0.11743E+03,-0.09173E+03,-0.32551E+03,-0.70312E+00,-0.69349E+00,-0.71275E+00,-0.70317E+00,-0.89340E+00,-0.86448E+00,-0.92183E+00,-0.89456E+00,0.000E+00,119.942E+00,-119.744E+00,56.886E+00,-179.948E+00,-67.062E+00,-45.322E+00,-46.093E+00,-44.541E+00,-45.318E+00,201.824E+00,201.437E+00,201.671E+00,91.016E+00,+99999.9E+99,+99999.9E+99,0.00011E+06,-0.00072E+06,0.00000E+00,14.167E+00,0.757E+03,0.00112E+06,43.724E+00,F0F08
2021/11/30,17:34:20,00000:00:45,400,38003F00,500,1F00,1F00,3F00,99.905E+00,0.000E+00,0.000E+00,110.965E+00,0.000E+00,0.000E+00,0.516E+00,0.000E+00,0.000E+00,99.904E+00,0.000E+00,0.000E+00,0.000E+00,0.000E+00,0.000E+00,100.911E+00,0.000E+00,0.000E+00,98.818E+00,0.000E+00,0.000E+00,65.053E+00,+99999.9E+99,405.927E+00,1.047E+00,+99999.9E+99,+99999.9E+99,11.9897E+00,0.00000E+00,0.00000E+00,12.2643E+00,0.00000E+00,0.00000E+00,4.6726E+00,0.00000E+00,0.00000E+00,11.0418E+00,0.00000E+00,0.00000E+00,4.0378E+00,0.00000E+00,0.00000E+00,18.2888E+00,0.0000E+00,0.0000E+00,3.8626E+00,0.0000E+00,0.0000E+00,46.972E+00,+99999.9E+99,+99999.9E+99,65.326E+00,+99999.9E+99,+99999.9E+99,1.10096E+03,0.00000E+03,0.00000E+03,0.00000E+03,0.00000E+03,0.00000E+03,1.19783E+03,0.00000E+03,0.00000E+03,0.00000E+03,0.00000E+03,0.00000E+03,0.47190E+03,0.00000E+03,0.00000E+03,0.00000E+03,0.00000E+03,0.00000E+03,0.91913E+00,0.00000E+00,0.00000E+00,0.89453E+00,0.79123E+00,0.99957E+00,0.000E+00,143.709E+00,142.836E+00,153.448E+00,-178.591E+00,-35.483E+00,23.201E+00,90.000E+00,90.000E+00,13.0163E+00,0.00000E+00,0.00000E+00,99.195E+00,100.000E+00,100.000E+00,0.00886E+03,0.00000E+03,0.00000E+03,+99999.9E+99,+99999.9E+99,+99999.9E+99,+99999.9E+99,+99999.9E+99,+99999.9E+99,+99999.9E+99,+99999.9E+99,+99999.9E+99,+99999.9E+99,+99999.9E+99,+99999.9E+99,1B00,0,0,0,1B00,76.7467E+00,77.0834E+00,76.8320E+00,76.8874E+00,72.0355E+00,72.6566E+00,72.1890E+00,72.2937E+00,76.7467E+00,77.0834E+00,76.8320E+00,0.0000E+00,0.0000E+00,0.0000E+00,70.0506E+00,70.2780E+00,70.1878E+00,105.356E+00,106.061E+00,105.424E+00,-104.501E+00,-104.463E+00,-104.480E+00,38.902E+00,38.711E+00,38.718E+00,+99999.9E+99,+99999.9E+99,+99999.9E+99,0.195E+00,11.9515E+00,11.7892E+00,12.0706E+00,11.9371E+00,10.4568E+00,10.3929E+00,10.5845E+00,10.4781E+00,11.9507E+00,11.7892E+00,12.0706E+00,-0.1299E+00,0.0000E+00,0.0000E+00,15.3290E+00,14.9259E+00,15.1215E+00,27.6714E+00,27.1552E+00,28.4871E+00,-26.3267E+00,-27.0452E+00,-26.3419E+00,39.518E+00,40.484E+00,39.569E+00,+99999.9E+99,+99999.9E+99,+99999.9E+99,1.652E+00,0.35821E+03,0.36081E+03,0.37308E+03,1.09210E+03,0.54029E+03,0.52456E+03,0.54123E+03,1.60608E+03,0.53397E+03,0.52804E+03,0.54149E+03,1.60350E+03,0.61892E+03,0.60217E+03,0.61201E+03,1.83296E+03,-0.39599E+03,-0.38554E+03,-0.39246E+03,-1.17399E+03,-0.30191E+03,-0.29573E+03,-0.28569E+03,-0.88333E+03,-0.67084E+00,-0.68330E+00,-0.68899E+00,-0.68107E+00,-0.87295E+00,-0.87110E+00,-0.88436E+00,-0.87622E+00,0.000E+00,119.973E+00,-119.850E+00,59.305E+00,179.345E+00,-62.090E+00,-47.868E+00,-46.898E+00,-46.450E+00,-47.073E+00,201.926E+00,202.342E+00,201.777E+00,90.466E+00,+99999.9E+99,+99999.9E+99,0.00010E+06,-0.00063E+06,0.00000E+00,12.461E+00,0.757E+03,0.00099E+06,43.757E+00,F0F08
2021/11/30,17:34:20,00000:00:45,450,38003F00,2A00,3B00,3B00,3F00,99.870E+00,0.000E+00,0.000E+00,110.926E+00,0.000E+00,0.000E+00,0.505E+00,0.000E+00,0.000E+00,99.868E+00,0.000E+00,0.000E+00,0.000E+00,0.000E+00,0.000E+00,100.900E+00,0.000E+00,0.000E+00,98.786E+00,0.000E+00,0.000E+00,65.053E+00,+99999.9E+99,405.927E+00,1.059E+00,+99999.9E+99,+99999.9E+99,12.0499E+00,0.00000E+00,0.00000E+00,12.3583E+00,0.00000E+00,0.00000E+00,4.6266E+00,0.00000E+00,0.00000E+00,11.1263E+00,0.00000E+00,0.00000E+00,4.0378E+00,0.00000E+00,0.00000E+00,18.2538E+00,0.0000E+00,0.0000E+00,4.0729E+00,0.0000E+00,0.0000E+00,46.972E+00,+99999.9E+99,+99999.9E+99,63.727E+00,+99999.9E+99,+99999.9E+99,1.10908E+03,0.00000E+03,0.00000E+03,0.00000E+03,0.00000E+03,0.00000E+03,1.20342E+03,0.00000E+03,0.00000E+03,0.00000E+03,0.00000E+03,0.00000E+03,0.46709E+03,0.00000E+03,0.00000E+03,0.00000E+03,0.00000E+03,0.00000E+03,0.92160E+00,0.00000E+00,0.00000E+00,0.89453E+00,0.79123E+00,0.99957E+00,0.000E+00,143.709E+00,142.836E+00,153.448E+00,-178.591E+00,-35.483E+00,22.839E+00,90.000E+00,90.000E+00,0.00000E+00,0.00000E+00,0.00000E+00,75.522E+00,100.000E+00,100.000E+00,0.27148E+03,0.00000E+03,0.00000E+03,+99999.9E+99,+99999.9E+99,+99999.9E+99,+99999.9E+99,+99999.9E+99,+99999.9E+99,+99999.9E+99,+99999.9E+99,+99999.9E+99,+99999.9E+99,+99999.9E+99,+99999.9E+99,1B00,0,0,0,1B00,76.5564E+00,76.6080E+00,76.5580E+00,76.5741E+00,72.3907E+00,72.7107E+00,72.4590E+00,72.5201E+00,76.5564E+00,76.6080E+00,76.5580E+00,0.0000E+00,0.0000E+00,0.0000E+00,72.8856E+00,72.7027E+00,72.6345E+00,105.920E+00,106.071E+00,105.723E+00,-104.389E+00,-104.963E+00,-105.310E+00,18.389E+00,17.995E+00,18.025E+00,+99999.9E+99,+99999.9E+99,+99999.9E+99,0.207E+00,9.5022E+00,8.9887E+00,9.1084E+00,9.1998E+00,8.1604E+00,7.7280E+00,7.7501E+00,7.8795E+00,9.5012E+00,8.9848E+00,9.0996E+00,-0.1341E+00,-0.2644E+00,0.3995E+00,6.1017E+00,6.4304E+00,6.8229E+00,26.2295E+00,24.1438E+00,25.1043E+00,-26.6124E+00,-25.3481E+00,-22.4800E+00,57.102E+00,52.699E+00,50.032E+00,+99999.9E+99,+99999.9E+99,+99999.9E+99,5.000E+00,0.28760E+03,0.26767E+03,0.28232E+03,0.83760E+03,0.21867E+03,0.23655E+03,0.23996E+03,0.69519E+03,0.42264E+03,0.39857E+03,0.40379E+03,1.22500E+03,0.25393E+03,0.26234E+03,0.27567E+03,0.79140E+03,-0.30968E+03,-0.29532E+03,-0.28869E+03,-0.89369E+03,-0.12909E+03,-0.11342E+03,-0.13569E+03,-0.37820E+03,-0.68050E+00,-0.67157E+00,-0.69918E+00,-0.68375E+00,-0.86115E+00,-0.90170E+00,-0.87047E+00,-0.87842E+00,0.000E+00,120.139E+00,-120.058E+00,60.468E+00,175.729E+00,-60.458E+00,-47.117E+00,-47.811E+00,-45.639E+00,-46.862E+00,201.966E+00,201.339E+00,202.083E+00,94.886E+00,+99999.9E+99,+99999.9E+99,0.00004E+06,-0.00053E+06,0.00000E+00,10.038E+00,0.756E+03,0.00079E+06,43.848E+00,F0F08
2021/11/30,17:34:20,00000:00:45,500,38003D00,2D00,3C00,3C00,3800,99.870E+00,0.000E+00,0.000E+00,110.926E+00,0.000E+00,0.000E+00,0.505E+00,0.000E+00,0.000E+00,99.868E+00,0.000E+00,0.000E+00,0.000E+00,0.000E+00,0.000E+00,100.900E+00,0.000E+00,0.000E+00,98.786E+00,0.000E+00,0.000E+00,35.557E+00,+99999.9E+99,482.775E+00,1.059E+00,+99999.9E+99,+99999.9E+99,12.0499E+00,0.00000E+00,0.00000E+00,12.3583E+00,0.00000E+00,0.00000E+00,4.6266E+00,0.00000E+00,0.00000E+00,11.1263E+00,0.00000E+00,0.00000E+00,4.1599E+00,0.00000E+00,0.00000E+00,18.2538E+00,0.0000E+00,0.0000E+00,4.0729E+00,0.0000E+00,0.0000E+00,43.902E+00,+99999.9E+99,+99999.9E+99,63.727E+00,+99999.9E+99,+99999.9E+99,1.10908E+03,0.00000E+03,0.00000E+03,0.00000E+03,0.00000E+03,0.00000E+03,1.20342E+03,0.00000E+03,0.00000E+03,0.00000E+03,0.00000E+03,0.00000E+03,0.46709E+03,0.00000E+03,0.00000E+03,0.00000E+03,0.00000E+03,0.00000E+03,0.92160E+00,0.00000E+00,0.00000E+00,0.93206E+00,0.66281E+00,0.22640E+00,0.000E+00,48.077E+00,122.180E+00,158.758E+00,179.592E+00,45.266E+00,22.839E+00,90.000E+00,90.000E+00,0.00000E+00,0.00000E+00,0.00000E+00,123.090E+00,100.000E+00,100.000E+00,-0.25609E+03,0.00000E+03,0.00000E+03,+99999.9E+99,+99999.9E+99,+99999.9E+99,+99999.9E+99,+99999.9E+99,+99999.9E+99,+99999.9E+99,+99999.9E+99,+99999.9E+99,+99999.9E+99,+99999.9E+99,+99999.9E+99,1B00,0,0,0,1B00,77.0096E+00,77.4475E+00,77.3405E+00,77.2659E+00,71.7188E+00,72.5492E+00,72.3433E+00,72.2037E+00,77.0096E+00,77.4475E+00,77.3405E+00,0.0000E+00,0.0000E+00,0.0000E+00,71.7016E+00,72.2979E+00,72.1050E+00,105.643E+00,105.991E+00,105.511E+00,-104.557E+00,-104.643E+00,-104.856E+00,24.940E+00,25.226E+00,25.129E+00,+99999.9E+99,+99999.9E+99,+99999.9E+99,0.485E+00,14.0360E+00,13.7111E+00,13.8333E+00,13.8601E+00,13.1143E+00,12.9189E+00,12.8666E+00,12.9666E+00,14.0352E+00,13.7089E+00,13.8275E+00,-0.1478E+00,-0.2507E+00,0.3996E+00,10.0321E+00,9.1672E+00,9.2889E+00,27.7462E+00,27.1552E+00,28.5500E+00,-26.7090E+00,-27.1876E+00,-26.5962E+00,44.475E+00,47.290E+00,48.076E+00,+99999.9E+99,+99999.9E+99,+99999.9E+99,7.262E+00,0.45978E+03,0.44729E+03,0.45809E+03,1.36517E+03,0.36321E+03,0.31472E+03,0.34035E+03,1.01828E+03,0.63249E+03,0.61803E+03,0.62582E+03,1.87634E+03,0.40748E+03,0.36731E+03,0.37036E+03,1.14344E+03,-0.43432E+03,-0.42649E+03,-0.42638E+03,-1.28720E+03,-0.18472E+03,-0.18939E+03,-0.14603E+03,-0.52015E+03,-0.72695E+00,-0.72373E+00,-0.73198E+00,-0.72757E+00,-0.89135E+00,-0.85682E+00,-0.91898E+00,-0.89054E+00,0.000E+00,119.897E+00,-119.645E+00,57.228E+00,-179.149E+00,-66.610E+00,-43.369E+00,-43.636E+00,-42.947E+00,-43.317E+00,201.300E+00,202.116E+00,200.996E+00,90.232E+00,+99999.9E+99,+99999.9E+99,0.00013E+06,-0.00078E+06,0.00000E+00,15.532E+00,0.757E+03,0.00123E+06,43.568E+00,F0F08
2021/11/30,17:34:20,00000:00:45,550,38003F00,2800,3B00,3B00,3F00,100.048E+00,0.000E+00,0.000E+00,111.124E+00,0.000E+00,0.000E+00,0.523E+00,0.000E+00,0.000E+00,100.047E+00,0.000E+00,0.000E+00,0.000E+00,0.000E+00,0.000E+00,100.986E+00,0.000E+00,0.000E+00,98.832E+00,0.000E+00,0.000E+00,35.557E+00,+99999.9E+99,482.775E+00,1.076E+00,+99999.9E+99,+99999.9E+99,11.2378E+00,0.00000E+00,0.00000E+00,11.3849E+00,0.00000E+00,0.00000E+00,4.6072E+00,0.00000E+00,0.00000E+00,10.2500E+00,0.00000E+00,0.00000E+00,4.1599E+00,0.00000E+00,0.00000E+00,18.2533E+00,0.0000E+00,0.0000E+00,3.4286E+00,0.0000E+00,0.0000E+00,43.902E+00,+99999.9E+99,+99999.9E+99,72.316E+00,+99999.9E+99,+99999.9E+99,1.02332E+03,0.00000E+03,0.00000E+03,0.00000E+03,0.00000E+03,0.00000E+03,1.12433E+03,0.00000E+03,0.00000E+03,0.00000E+03,0.00000E+03,0.00000E+03,0.46574E+03,0.00000E+03,0.00000E+03,0.00000E+03,0.00000E+03,0.00000E+03,0.91017E+00,0.00000E+00,0.00000E+00,0.93206E+00,0.66281E+00,0.22640E+00,0.000E+00,48.077E+00,122.180E+00,158.758E+00,179.592E+00,45.266E+00,24.472E+00,90.000E+00,90.000E+00,9.32507E+00,0.00000E+00,0.00000E+00,82.075E+00,100.000E+00,100.000E+00,0.18343E+03,0.00000E+03,0.00000E+03,+99999.9E+99,+99999.9E+99,+99999.9E+99,+99999.9E+99,+99999.9E+99,+99999.9E+99,+99999.9E+99,+99999.9E+99,+99999.9E+99,+99999.9E+99,+99999.9E+99,+99999.9E+99,1B00,0,0,0,1B00,76.6855E+00,76.6418E+00,76.3764E+00,76.5679E+00,72.4527E+00,72.5612E+00,71.9456E+00,72.3198E+00,76.6855E+00,76.6418E+00,76.3764E+00,0.0000E+00,0.0000E+00,0.0000E+00,70.7246E+00,70.6031E+00,70.4674E+00,105.653E+00,106.141E+00,105.723E+00,-104.203E+00,-104.721E+00,-103.739E+00,35.857E+00,35.424E+00,35.801E+00,+99999.9E+99,+99999.9E+99,+99999.9E+99,0.214E+00,9.6125E+00,9.1723E+00,9.7743E+00,9.5197E+00,8.2228E+00,7.8612E+00,8.2475E+00,8.1105E+00,9.6118E+00,9.1723E+00,9.7743E+00,-0.1135E+00,0.0000E+00,0.0000E+00,13.4663E+00,13.5289E+00,14.0409E+00,26.4043E+00,24.9514E+00,27.2100E+00,-25.7452E+00,-23.5738E+00,-26.5424E+00,42.685E+00,41.941E+00,40.162E+00,+99999.9E+99,+99999.9E+99,+99999.9E+99,2.372E+00,0.27521E+03,0.27247E+03,0.29222E+03,0.83990E+03,0.47038E+03,0.48534E+03,0.49283E+03,1.44854E+03,0.42722E+03,0.40782E+03,0.43328E+03,1.26832E+03,0.54479E+03,0.54842E+03,0.56446E+03,1.65740E+03,-0.32676E+03,-0.30345E+03,-0.31991E+03,-0.95012E+03,-0.27485E+03,-0.25536E+03,-0.27520E+03,-0.80541E+03,-0.64419E+00,-0.66809E+00,-0.67444E+00,-0.66221E+00,-0.86341E+00,-0.88498E+00,-0.87309E+00,-0.87399E+00,0.000E+00,120.177E+00,-120.007E+00,60.235E+00,177.870E+00,-60.706E+00,-49.895E+00,-48.080E+00,-47.589E+00,-48.531E+00,202.284E+00,201.601E+00,202.470E+00,92.202E+00,+99999.9E+99,+99999.9E+99,0.00007E+06,-0.00050E+06,0.00000E+00,9.782E+00,0.756E+03,0.00077E+06,43.941E+00,F0F08
2021/11/30,17:34:20,00000:00:45,600,38003F00,0,1B00,1B00,3F00,99.929E+00,0.000E+00,0.000E+00,110.992E+00,0.000E+00,0.000E+00,0.524E+00,0.000E+00,0.000E+00,99.928E+00,0.000E+00,0.000E+00,0.000E+00,0.000E+00,0.000E+00,100.929E+00,0.000E+00,0.000E+00,98.789E+00,0.000E+00,0.000E+00,101.478E+00,+99999.9E+99,+99999.9E+99,1.070E+00,+99999.9E+99,+99999.9E+99,11.7852E+00,0.00000E+00,0.00000E+00,11.9664E+00,0.00000E+00,0.00000E+00,4.7770E+00,0.00000E+00,0.00000E+00,10.7736E+00,0.00000E+00,0.00000E+00,3.2591E+00,0.00000E+00,0.00000E+00,18.2267E+00,0.0000E+00,0.0000E+00,3.4655E+00,0.0000E+00,0.0000E+00,98.977E+00,+99999.9E+99,+99999.9E+99,68.507E+00,+99999.9E+99,+99999.9E+99,1.07434E+03,0.00000E+03,0.00000E+03,0.00000E+03,0.00000E+03,0.00000E+03,1.17768E+03,0.00000E+03,0.00000E+03,0.00000E+03,0.00000E+03,0.00000E+03,0.48242E+03,0.00000E+03,0.00000E+03,0.00000E+03,0.00000E+03,0.00000E+03,0.91225E+00,0.00000E+00,0.00000E+00,0.83125E+00,0.99996E+00,0.87599E+00,0.000E+00,-99.977E+00,118.901E+00,146.228E+00,-100.459E+00,-32.261E+00,24.182E+00,90.000E+00,90.000E+00,12.6229E+00,0.00000E+00,0.00000E+00,98.791E+00,100.000E+00,100.000E+00,0.01299E+03,0.00000E+03,0.00000E+03,+99999.9E+99,+99999.9E+99,+99999.9E+99,+99999.9E+99,+99999.9E+99,+99999.9E+99,+99999.9E+99,+99999.9E+99,+99999.9E+99,+99999.9E+99,+99999.9E+99,+99999.9E+99,1B00,0,0,0,1B00,76.5127E+00,76.9975E+00,77.0091E+00,76.8398E+00,71.8526E+00,72.7878E+00,72.7815E+00,72.4740E+00,76.5127E+00,76.9975E+00,77.0091E+00,0.0000E+00,0.0000E+00,0.0000E+00,73.0698E+00,73.1789E+00,73.0786E+00,105.739E+00,106.004E+00,105.713E+00,-104.543E+00,-104.681E+00,-104.684E+00,13.362E+00,13.206E+00,13.510E+00,+99999.9E+99,+99999.9E+99,+99999.9E+99,0.096E+00,11.7755E+00,11.5189E+00,11.3353E+00,11.5432E+00,10.1611E+00,10.0104E+00,9.7332E+00,9.9682E+00,11.7743E+00,11.5130E+00,11.3225E+00,-0.1687E+00,-0.3683E+00,0.5380E+00,4.4886E+00,4.2158E+00,4.4567E+00,27.6505E+00,27.0814E+00,28.5362E+00,-26.7786E+00,-27.0495E+00,-26.1100E+00,62.092E+00,63.966E+00,60.294E+00,+99999.9E+99,+99999.9E+99,+99999.9E+99,2.970E+00,0.36472E+03,0.34562E+03,0.35101E+03,1.06135E+03,0.15743E+03,0.15247E+03,0.16198E+03,0.47188E+03,0.52567E+03,0.51343E+03,0.50787E+03,1.54697E+03,0.18482E+03,0.17664E+03,0.18458E+03,0.54592E+03,-0.37857E+03,-0.37968E+03,-0.36704E+03,-1.12529E+03,-0.09681E+03,-0.08919E+03,-0.08851E+03,-0.27450E+03,-0.69381E+00,-0.67316E+00,-0.69115E+00,-0.68608E+00,-0.85184E+00,-0.86317E+00,-0.87754E+00,-0.86439E+00,0.000E+00,120.040E+00,-119.910E+00,61.634E+00,-179.678E+00,-61.260E+00,-46.068E+00,-47.688E+00,-46.279E+00,-46.679E+00,201.098E+00,201.822E+00,201.245E+00,92.670E+00,+99999.9E+99,+99999.9E+99,0.00008E+06,-0.00064E+06,0.00000E+00,12.421E+00,0.756E+03,0.00098E+06,43.596E+00,F0F0F
2021/11/30,17:34:20,00000:00:45,650,38003F00,700,1F00,1F00,3F00,99.929E+00,0.000E+00,0.000E+00,110.992E+00,0.000E+00,0.000E+00,0.524E+00,0.000E+00,0.000E+00,99.928E+00,0.000E+00,0.000E+00,0.000E+00,0.000E+00,0.000E+00,100.929E+00,0.000E+00,0.000E+00,98.789E+00,0.000E+00,0.000E+00,101.478E+00,+99999.9E+99,+99999.9E+99,1.070E+00,+99999.9E+99,+99999.9E+99,11.7852E+00,0.00000E+00,0.00000E+00,11.9664E+00,0.00000E+00,0.00000E+00,4.7770E+00,0.00000E+00,0.00000E+00,10.7736E+00,0.00000E+00,0.00000E+00,3.2591E+00,0.00000E+00,0.00000E+00,18.2267E+00,0.0000E+00,0.0000E+00,3.4655E+00,0.0000E+00,0.0000E+00,98.977E+00,+99999.9E+99,+99999.9E+99,68.507E+00,+99999.9E+99,+99999.9E+99,1.07434E+03,0.00000E+03,0.00000E+03,0.00000E+03,0.00000E+03,0.00000E+03,1.17768E+03,0.00000E+03,0.00000E+03,0.00000E+03,0.00000E+03,0.00000E+03,0.48242E+03,0.00000E+03,0.00000E+03,0.00000E+03,0.00000E+03,0.00000E+03,0.91225E+00,0.00000E+00,0.00000E+00,0.83125E+00,0.99996E+00,0.87599E+00,0.000E+00,-99.977E+00,118.901E+00,146.228E+00,-100.459E+00,-32.261E+00,24.182E+00,90.000E+00,90.000E+00,12.6229E+00,0.00000E+00,0.00000E+00,120.975E+00,100.000E+00,100.000E+00,-0.22534E+03,0.00000E+03,0.00000E+03,+99999.9E+99,+99999.9E+99,+99999.9E+99,+99999.9E+99,+99999.9E+99,+99999.9E+99,+99999.9E+99,+99999.9E+99,+99999.9E+99,+99999.9E+99,+99999.9E+99,+99999.9E+99,1B00,0,0,0,1B00,77.2042E+00,77.2285E+00,76.9847E+00,77.1391E+00,72.2341E+00,72.4585E+00,71.8785E+00,72.1904E+00,77.2042E+00,77.2285E+00,76.9847E+00,0.0000E+00,0.0000E+00,0.0000E+00,70.4070E+00,71.0145E+00,70.9055E+00,105.371E+00,105.564E+00,105.520E+00,-104.559E+00,-104.501E+00,-103.623E+00,34.832E+00,34.803E+00,34.722E+00,+99999.9E+99,+99999.9E+99,+99999.9E+99,0.529E+00,13.6170E+00,13.1915E+00,13.5819E+00,13.4635E+00,12.5389E+00,12.1225E+00,12.4838E+00,12.3817E+00,13.6163E+00,13.1915E+00,13.5806E+00,-0.1377E+00,0.0000E+00,0.1865E+00,14.1972E+00,13.2446E+00,13.2321E+00,27.6695E+00,27.2048E+00,28.5819E+00,-26.6657E+00,-26.9386E+00,-26.8105E+00,39.444E+00,41.837E+00,41.977E+00,+99999.9E+99,+99999.9E+99,+99999.9E+99,4.520E+00,0.43089E+03,0.42313E+03,0.44567E+03,1.29968E+03,0.50760E+03,0.46309E+03,0.48902E+03,1.45971E+03,0.61356E+03,0.59435E+03,0.61063E+03,1.81853E+03,0.57164E+03,0.53516E+03,0.54027E+03,1.64608E+03,-0.43680E+03,-0.41739E+03,-0.41742E+03,-1.27161E+03,-0.26291E+03,-0.26821E+03,-0.22969E+03,-0.76080E+03,-0.70228E+00,-0.71192E+00,-0.72986E+00,-0.71469E+00,-0.88796E+00,-0.86534E+00,-0.90513E+00,-0.88678E+00,0.000E+00,119.823E+00,-119.662E+00,57.667E+00,179.846E+00,-64.734E+00,-45.390E+00,-44.609E+00,-43.125E+00,-44.382E+00,202.081E+00,201.529E+00,201.860E+00,89.498E+00,+99999.9E+99,+99999.9E+99,0.00014E+06,-0.00074E+06,0.00000E+00,14.670E+00,0.757E+03,0.00116E+06,43.798E+00,F0F0F
2021/11/30,17:34:20,00000:00:45,700,38003D00,500,1C00,1C00,3800,99.929E+00,0.000E+00,0.000E+00,110.992E+00,0.000E+00,0.000E+00,0.524E+00,0.000E+00,0.000E+00,99.928E+00,0.000E+00,0.000E+00,0.000E+00,0.000E+00,0.000E+00,100.929E+00,0.000E+00,0.000E+00,98.789E+00,0.000E+00,0.000E+00,20.286E+00,+99999.9E+99,377.307E+00,1.070E+00,+99999.9E+99,+99999.9E+99,11.7852E+00,0.00000E+00,0.00000E+00,11.9664E+00,0.00000E+00,0.00000E+00,4.7770E+00,0.00000E+00,0.00000E+00,10.7736E+00,0.00000E+00,0.00000E+00,4.8682E+00,0.00000E+00,0.00000E+00,18.2267E+00,0.0000E+00,0.0000E+00,3.4655E+00,0.0000E+00,0.0000E+00,11.421E+00,435.754E+00,+99999.9E+99,68.507E+00,+99999.9E+99,+99999.9E+99,1.07434E+03,0.00000E+03,0.00000E+03,0.00000E+03,0.00000E+03,0.00000E+03,1.17768E+03,0.00000E+03,0.00000E+03,0.00000E+03,0.00000E+03,0.00000E+03,0.48242E+03,0.00000E+03,0.00000E+03,0.00000E+03,0.00000E+03,0.00000E+03,0.91225E+00,0.00000E+00,0.00000E+00,0.91581E+00,0.56475E+00,0.79739E+00,0.000E+00,31.002E+00,159.657E+00,156.320E+00,155.387E+00,-163.225E+00,24.182E+00,90.000E+00,90.000E+00,12.6229E+00,0.00000E+00,0.00000E+00,70.664E+00,100.000E+00,100.000E+00,0.31517E+03,0.00000E+03,0.00000E+03,+99999.9E+99,+99999.9E+99,+99999.9E+99,+99999.9E+99,+99999.9E+99,+99999.9E+99,+99999.9E+99,+99999.9E+99,+99999.9E+99,+99999.9E+99,+99999.9E+99,+99999.9E+99,1B00,0,0,0,1B00,76.2650E+00,76.6317E+00,76.4945E+00,76.4637E+00,72.1137E+00,72.7946E+00,72.5462E+00,72.4848E+00,76.2650E+00,76.6317E+00,76.4945E+00,0.0000E+00,0.0000E+00,0.0000E+00,71.9118E+00,71.7442E+00,71.6715E+00,105.897E+00,106.180E+00,105.869E+00,-105.129E+00,-104.213E+00,-104.274E+00,27.215E+00,26.197E+00,26.980E+00,+99999.9E+99,+99999.9E+99,+99999.9E+99,0.198E+00,8.1582E+00,8.1366E+00,8.0630E+00,8.1193E+00,7.2326E+00,7.2266E+00,7.1387E+00,7.1993E+00,8.1573E+00,8.1357E+00,8.0592E+00,-0.1228E+00,-0.1245E+00,0.2483E+00,9.7343E+00,9.9466E+00,10.2972E+00,22.3429E+00,20.7386E+00,20.5095E+00,-18.7357E+00,-19.0833E+00,-19.9514E+00,48.472E+00,45.771E+00,44.349E+00,+99999.9E+99,+99999.9E+99,+99999.9E+99,4.413E+00,0.25446E+03,0.24994E+03,0.25477E+03,0.75918E+03,0.33649E+03,0.36178E+03,0.36492E+03,1.06319E+03,0.36063E+03,0.36015E+03,0.35781E+03,1.07859E+03,0.39124E+03,0.40384E+03,0.42089E+03,1.21533E+03,-0.25555E+03,-0.25929E+03,-0.25124E+03,-0.76607E+03,-0.19960E+03,-0.17945E+03,-0.20971E+03,-0.58876E+03,-0.70560E+00,-0.69401E+00,-0.71203E+00,-0.70386E+00,-0.86007E+00,-0.89585E+00,-0.86703E+00,-0.87482E+00,0.000E+00,120.146E+00,-120.041E+00,60.599E+00,176.493E+00,-60.044E+00,-45.122E+00,-46.052E+00,-44.600E+00,-45.262E+00,201.635E+00,201.928E+00,201.907E+00,95.073E+00,+99999.9E+99,+99999.9E+99,0.00004E+06,-0.00047E+06,0.00000E+00,9.118E+00,0.756E+03,0.00072E+06,43.768E+00,F0F08
2021/11/30,17:34:20,00000:00:45,750,38003F00,700,1F00,1F00,3F00,99.929E+00,0.000E+00,0.000E+00,110.992E+00,0.000E+00,0.000E+00,0.524E+00,0.000E+00,0.000E+00,99.928E+00,0.000E+00,0.000E+00,0.000E+00,0.000E+00,0.000E+00,100.929E+00,0.000E+00,0.000E+00,98.789E+00,0.000E+00,0.000E+00,68.042E+00,+99999.9E+99,475.506E+00,1.070E+00,+99999.9E+99,+99999.9E+99,11.7852E+00,0.00000E+00,0.00000E+00,11.9664E+00,0.00000E+00,0.00000E+00,4.7770E+00,0.00000E+00,0.00000E+00,10.7736E+00,0.00000E+00,0.00000E+00,4.0652E+00,0.00000E+00,0.00000E+00,18.2267E+00,0.0000E+00,0.0000E+00,3.4655E+00,0.0000E+00,0.0000E+00,49.826E+00,+99999.9E+99,+99999.9E+99,68.507E+00,+99999.9E+99,+99999.9E+99,1.07434E+03,0.00000E+03,0.00000E+03,0.00000E+03,0.00000E+03,0.00000E+03,1.17768E+03,0.00000E+03,0.00000E+03,0.00000E+03,0.00000E+03,0.00000E+03,0.48242E+03,0.00000E+03,0.00000E+03,0.00000E+03,0.00000E+03,0.00000E+03,0.91225E+00,0.00000E+00,0.00000E+00,0.89240E+00,0.87082E+00,0.50925E+00,0.000E+00,-31.700E+00,-164.445E+00,153.177E+00,177.747E+00,-105.059E+00,24.182E+00,90.000E+00,90.000E+00,12.6229E+00,0.00000E+00,0.00000E+00,113.169E+00,100.000E+00,100.000E+00,-0.14148E+03,0.00000E+03,0.00000E+03,+99999.9E+99,+99999.9E+99,+99999.9E+99,+99999.9E+99,+99999.9E+99,+99999.9E+99,+99999.9E+99,+99999.9E+99,+99999.9E+99,+99999.9E+99,+99999.9E+99,+99999.9E+99,1B00,0,0,0,1B00,77.0393E+00,77.1777E+00,77.0774E+00,77.0982E+00,71.9845E+00,72.4223E+00,72.1187E+00,72.1752E+00,77.0393E+00,77.1777E+00,77.0774E+00,0.0000E+00,0.0000E+00,0.0000E+00,72.7140E+00,73.0846E+00,72.9528E+00,105.917E+00,106.043E+00,105.720E+00,-104.691E+00,-105.307E+00,-104.409E+00,15.773E+00,15.877E+00,16.258E+00,+99999.9E+99,+99999.9E+99,+99999.9E+99,0.305E+00,13.1607E+00,12.7080E+00,12.8965E+00,12.9217E+00,11.9370E+00,11.4755E+00,11.5242E+00,11.6456E+00,13.1593E+00,12.7045E+00,12.8873E+00,-0.1883E+00,-0.2974E+00,0.4870E+00,6.0772E+00,5.4746E+00,5.3176E+00,27.3214E+00,27.1971E+00,28.5890E+00,-26.0667E+00,-26.3690E+00,-26.7219E+00,52.099E+00,56.401E+00,57.697E+00,+99999.9E+99,+99999.9E+99,+99999.9E+99,6.803E+00,0.41361E+03,0.39238E+03,0.40983E+03,1.21582E+03,0.21434E+03,0.18730E+03,0.20135E+03,0.60299E+03,0.59176E+03,0.57030E+03,0.57870E+03,1.74075E+03,0.24306E+03,0.22050E+03,0.22152E+03,0.68420E+03,-0.42321E+03,-0.41386E+03,-0.40856E+03,-1.24563E+03,-0.11460E+03,-0.11636E+03,-0.09236E+03,-0.32332E+03,-0.69895E+00,-0.68802E+00,-0.70820E+00,-0.69845E+00,-0.88187E+00,-0.84943E+00,-0.90893E+00,-0.88130E+00,0.000E+00,119.951E+00,-119.766E+00,58.304E+00,-178.261E+00,-65.234E+00,-45.657E+00,-46.526E+00,-44.911E+00,-45.698E+00,201.548E+00,201.331E+00,201.649E+00,91.262E+00,+99999.9E+99,+99999.9E+99,0.00011E+06,-0.00072E+06,0.00000E+00,14.005E+00,0.757E+03,0.00111E+06,43.694E+00,F0F08
2021/11/30,17:34:21,00000:00:45,800,38003F00,500,1F00,1F00,3F00,99.929E+00,0.000E+00,0.000E+00,110.992E+00,0.000E+00,0.000E+00,0.524E+00,0.000E+00,0.000E+00,99.928E+00,0.000E+00,0.000E+00,0.000E+00,0.000E+00,0.000E+00,100.929E+00,0.000E+00,0.000E+00,98.789E+00,0.000E+00,0.000E+00,68.042E+00,+99999.9E+99,475.506E+00,1.070E+00,+99999.9E+99,+99999.9E+99,11.7852E+00,0.00000E+00,0.00000E+00,11.9664E+00,0.00000E+00,0.00000E+00,4.7770E+00,0.00000E+00,0.00000E+00,10.7736E+00,0.00000E+00,0.00000E+00,4.0652E+00,0.00000E+00,0.00000E+00,18.2267E+00,0.0000E+00,0.0000E+00,3.4655E+00,0.0000E+00,0.0000E+00,49.826E+00,+99999.9E+99,+99999.9E+99,68.507E+00,+99999.9E+99,+99999.9E+99,1.07434E+03,0.00000E+03,0.00000E+03,0.00000E+03,0.00000E+03,0.00000E+03,1.17768E+03,0.00000E+03,0.00000E+03,0.00000E+03,0.00000E+03,0.00000E+03,0.48242E+03,0.00000E+03,0.00000E+03,0.00000E+03,0.00000E+03,0.00000E+03,0.91225E+00,0.00000E+00,0.00000E+00,0.89240E+00,0.87082E+00,0.50925E+00,0.000E+00,-31.700E+00,-164.445E+00,153.177E+00,177.747E+00,-105.059E+00,24.182E+00,90.000E+00,90.000E+00,12.6229E+00,0.00000E+00,0.00000E+00,100.772E+00,100.000E+00,100.000E+00,-0.00830E+03,0.00000E+03,0.00000E+03,+99999.9E+99,+99999.9E+99,+99999.9E+99,+99999.9E+99,+99999.9E+99,+99999.9E+99,+99999.9E+99,+99999.9E+99,+99999.9E+99,+99999.9E+99,+99999.9E+99,+99999.9E+99,1B00,0,0,0,1B00,76.7159E+00,77.0687E+00,76.7967E+00,76.8604E+00,71.9539E+00,72.6040E+00,72.1071E+00,72.2216E+00,76.7159E+00,77.0687E+00,76.7967E+00,0.0000E+00,0.0000E+00,0.0000E+00,69.9786E+00,70.2146E+00,70.1282E+00,105.401E+00,105.951E+00,105.447E+00,-104.600E+00,-104.747E+00,-104.533E+00,38.675E+00,38.479E+00,38.567E+00,+99999.9E+99,+99999.9E+99,+99999.9E+99,0.204E+00,11.9013E+00,11.7336E+00,12.0076E+00,11.8809E+00,10.4161E+00,10.3420E+00,10.5128E+00,10.4237E+00,11.9006E+00,11.7336E+00,12.0076E+00,-0.1348E+00,0.0000E+00,0.0000E+00,15.1955E+00,14.7641E+00,14.9680E+00,27.2824E+00,26.8710E+00,28.2048E+00,-25.8419E+00,-26.6100E+00,-26.5800E+00,39.748E+00,40.758E+00,39.855E+00,+99999.9E+99,+99999.9E+99,+99999.9E+99,1.842E+00,0.35577E+03,0.35740E+03,0.36947E+03,1.08264E+03,0.53374E+03,0.51598E+03,0.53391E+03,1.58364E+03,0.53123E+03,0.52512E+03,0.53822E+03,1.59456E+03,0.61334E+03,0.59478E+03,0.60490E+03,1.81286E+03,-0.39451E+03,-0.38472E+03,-0.39136E+03,-1.17059E+03,-0.30217E+03,-0.29585E+03,-0.28432E+03,-0.88235E+03,-0.66970E+00,-0.68062E+00,-0.68648E+00,-0.67896E+00,-0.87022E+00,-0.86751E+00,-0.88265E+00,-0.87356E+00,0.000E+00,119.964E+00,-119.847E+00,59.629E+00,179.753E+00,-61.885E+00,-47.956E+00,-47.108E+00,-46.648E+00,-47.238E+00,201.899E+00,202.060E+00,201.518E+00,90.542E+00,+99999.9E+99,+99999.9E+99,0.00010E+06,-0.00062E+06,0.00000E+00,12.379E+00,0.756E+03,0.00098E+06,43.819E+00,F0F08
2021/11/30,17:34:21,00000:00:45,850,38003F00,2800,3B00,3B00,3F00,99.880E+00,0.000E+00,0.000E+00,110.938E+00,0.000E+00,0.000E+00,0.509E+00,0.000E+00,0.000E+00,99.879E+00,0.000E+00,0.000E+00,0.000E+00,0.000E+00,0.000E+00,101.004E+00,0.000E+00,0.000E+00,98.796E+00,0.000E+00,0.000E+00,37.726E+00,+99999.9E+99,+99999.9E+99,1.105E+00,+99999.9E+99,+99999.9E+99,11.9683E+00,0.00000E+00,0.00000E+00,12.2488E+00,0.00000E+00,0.00000E+00,4.6505E+00,0.00000E+00,0.00000E+00,11.0278E+00,0.00000E+00,0.00000E+00,4.2095E+00,0.00000E+00,0.00000E+00,18.2817E+00,0.0000E+00,0.0000E+00,3.5186E+00,0.0000E+00,0.0000E+00,43.362E+00,+99999.9E+99,+99999.9E+99,66.936E+00,+99999.9E+99,+99999.9E+99,1.09933E+03,0.00000E+03,0.00000E+03,0.00000E+03,0.00000E+03,0.00000E+03,1.19539E+03,0.00000E+03,0.00000E+03,0.00000E+03,0.00000E+03,0.00000E+03,0.46951E+03,0.00000E+03,0.00000E+03,0.00000E+03,0.00000E+03,0.00000E+03,0.91964E+00,0.00000E+00,0.00000E+00,0.93334E+00,0.78398E+00,0.12688E+00,0.000E+00,1.782E+00,161.007E+00,158.962E+00,40.155E+00,63.718E+00,23.127E+00,90.000E+00,90.000E+00,0.00000E+00,0.00000E+00,0.00000E+00,78.905E+00,100.000E+00,100.000E+00,0.23190E+03,0.00000E+03,0.00000E+03,+99999.9E+99,+99999.9E+99,+99999.9E+99,+99999.9E+99,+99999.9E+99,+99999.9E+99,+99999.9E+99,+99999.9E+99,+99999.9E+99,+99999.9E+99,+99999.9E+99,+99999.9E+99,1B00,0,0,0,1B00,76.5077E+00,76.6006E+00,76.5256E+00,76.5446E+00,72.4000E+00,72.7596E+00,72.4834E+00,72.5477E+00,76.5077E+00,76.6006E+00,76.5256E+00,0.0000E+00,0.0000E+00,0.0000E+00,72.8117E+00,72.6375E+00,72.5770E+00,105.769E+00,106.054E+00,105.623E+00,-104.383E+00,-104.954E+00,-104.800E+00,18.519E+00,18.090E+00,18.062E+00,+99999.9E+99,+99999.9E+99,+99999.9E+99,0.196E+00,9.5692E+00,9.0732E+00,9.2097E+00,9.2840E+00,8.3319E+00,7.9234E+00,7.9645E+00,8.0733E+00,9.5678E+00,9.0704E+00,9.2016E+00,-0.1608E+00,-0.2252E+00,0.3870E+00,6.1493E+00,6.4673E+00,6.8638E+00,25.8524E+00,23.8486E+00,24.7071E+00,-26.1852E+00,-24.8776E+00,-21.9476E+00,56.821E+00,52.577E+00,49.874E+00,+99999.9E+99,+99999.9E+99,+99999.9E+99,4.837E+00,0.29666E+03,0.27823E+03,0.29253E+03,0.86742E+03,0.22043E+03,0.23757E+03,0.24117E+03,0.69918E+03,0.42535E+03,0.40231E+03,0.40835E+03,1.23601E+03,0.25524E+03,0.26319E+03,0.27631E+03,0.79424E+03,-0.30481E+03,-0.29059E+03,-0.28492E+03,-0.88031E+03,-0.12868E+03,-0.11326E+03,-0.13485E+03,-0.37679E+03,-0.69747E+00,-0.69158E+00,-0.71636E+00,-0.70179E+00,-0.86362E+00,-0.90266E+00,-0.87282E+00,-0.88031E+00,0.000E+00,120.128E+00,-120.059E+00,60.192E+00,175.594E+00,-60.741E+00,-45.776E+00,-46.244E+00,-44.245E+00,-45.429E+00,201.447E+00,201.115E+00,201.828E+00,94.411E+00,+99999.9E+99,+99999.9E+99,0.00005E+06,-0.00054E+06,0.00000E+00,10.353E+00,0.755E+03,0.00082E+06,43.752E+00,F0F08
2021/11/30,17:34:21,00000:00:45,900,38003D00,2D00,3C00,3C00,3800,99.880E+00,0.000E+00,0.000E+00,110.938E+00,0.000E+00,0.000E+00,0.509E+00,0.000E+00,0.000E+00,99.879E+00,0.000E+00,0.000E+00,0.000E+00,0.000E+00,0.000E+00,101.004E+00,0.000E+00,0.000E+00,98.796E+00,0.000E+00,0.000E+00,37.726E+00,+99999.9E+99,+99999.9E+99,1.105E+00,+99999.9E+99,+99999.9E+99,11.9683E+00,0.00000E+00,0.00000E+00,12.2488E+00,0.00000E+00,0.00000E+00,4.6505E+00,0.00000E+00,0.00000E+00,11.0278E+00,0.00000E+00,0.00000E+00,4.2095E+00,0.00000E+00,0.00000E+00,18.2817E+00,0.0000E+00,0.0000E+00,3.5186E+00,0.0000E+00,0.0000E+00,43.362E+00,+99999.9E+99,+99999.9E+99,66.936E+00,+99999.9E+99,+99999.9E+99,1.09933E+03,0.00000E+03,0.00000E+03,0.00000E+03,0.00000E+03,0.00000E+03,1.19539E+03,0.00000E+03,0.00000E+03,0.00000E+03,0.00000E+03,0.00000E+03,0.46951E+03,0.00000E+03,0.00000E+03,0.00000E+03,0.00000E+03,0.00000E+03,0.91964E+00,0.00000E+00,0.00000E+00,0.93334E+00,0.78398E+00,0.12688E+00,0.000E+00,1.782E+00,161.007E+00,158.962E+00,40.155E+00,63.718E+00,23.127E+00,90.000E+00,90.000E+00,0.00000E+00,0.00000E+00,0.00000E+00,124.719E+00,100.000E+00,100.000E+00,-0.27174E+03,0.00000E+03,0.00000E+03,+99999.9E+99,+99999.9E+99,+99999.9E+99,+99999.9E+99,+99999.9E+99,+99999.9E+99,+99999.9E+99,+99999.9E+99,+99999.9E+99,+99999.9E+99,+99999.9E+99,+99999.9E+99,1B00,0,0,0,1B00,76.9803E+00,77.4440E+00,77.3166E+00,77.2470E+00,71.7019E+00,72.5761E+00,72.3363E+00,72.2048E+00,76.9803E+00,77.4440E+00,77.3166E+00,0.0000E+00,0.0000E+00,0.0000E+00,72.2368E+00,72.7038E+00,72.5713E+00,105.671E+00,106.131E+00,105.583E+00,-105.087E+00,-104.721E+00,-104.324E+00,20.453E+00,20.621E+00,20.878E+00,+99999.9E+99,+99999.9E+99,+99999.9E+99,0.389E+00,14.0670E+00,13.7387E+00,13.8705E+00,13.8921E+00,13.1384E+00,12.9433E+00,12.8988E+00,12.9935E+00,14.0660E+00,13.7367E+00,13.8646E+00,-0.1710E+00,-0.2333E+00,0.4053E+00,8.1923E+00,7.5980E+00,7.4590E+00,27.6638E+00,27.1862E+00,28.5538E+00,-26.7119E+00,-27.1290E+00,-26.5648E+00,46.190E+00,48.630E+00,50.089E+00,+99999.9E+99,+99999.9E+99,+99999.9E+99,6.809E+00,0.46148E+03,0.44932E+03,0.46027E+03,1.37107E+03,0.30110E+03,0.26370E+03,0.28286E+03,0.84766E+03,0.63360E+03,0.61908E+03,0.62734E+03,1.88002E+03,0.33417E+03,0.30267E+03,0.30539E+03,0.94101E+03,-0.43415E+03,-0.42587E+03,-0.42627E+03,-1.28630E+03,-0.14496E+03,-0.14856E+03,-0.11511E+03,-0.40863E+03,-0.72834E+00,-0.72579E+00,-0.73369E+00,-0.72928E+00,-0.90101E+00,-0.87126E+00,-0.92624E+00,-0.90080E+00,0.000E+00,119.899E+00,-119.728E+00,55.924E+00,179.236E+00,-67.742E+00,-43.252E+00,-43.466E+00,-42.804E+00,-43.174E+00,201.561E+00,201.951E+00,200.927E+00,90.095E+00,+99999.9E+99,+99999.9E+99,0.00014E+06,-0.00079E+06,0.00000E+00,15.588E+00,0.757E+03,0.00124E+06,43.685E+00,F0F08
2021/11/30,17:34:21,00000:00:45,950,38003F00,2800,3B00,3B00,3F00,100.017E+00,0.000E+00,0.000E+00,111.089E+00,0.000E+00,0.000E+00,0.498E+00,0.000E+00,0.000E+00,100.015E+00,0.000E+00,0.000E+00,0.000E+00,0.000E+00,0.000E+00,100.921E+00,0.000E+00,0.000E+00,98.793E+00,0.000E+00,0.000E+00,37.726E+00,+99999.9E+99,+99999.9E+99,1.064E+00,+99999.9E+99,+99999.9E+99,11.3954E+00,0.00000E+00,0.00000E+00,11.6768E+00,0.00000E+00,0.00000E+00,4.3973E+00,0.00000E+00,0.00000E+00,10.5128E+00,0.00000E+00,0.00000E+00,4.2095E+00,0.00000E+00,0.00000E+00,18.3343E+00,0.0000E+00,0.0000E+00,4.3374E+00,0.0000E+00,0.0000E+00,43.362E+00,+99999.9E+99,+99999.9E+99,66.571E+00,+99999.9E+99,+99999.9E+99,1.04947E+03,0.00000E+03,0.00000E+03,0.00000E+03,0.00000E+03,0.00000E+03,1.13973E+03,0.00000E+03,0.00000E+03,0.00000E+03,0.00000E+03,0.00000E+03,0.44452E+03,0.00000E+03,0.00000E+03,0.00000E+03,0.00000E+03,0.00000E+03,0.92081E+00,0.00000E+00,0.00000E+00,0.93334E+00,0.78398E+00,0.12688E+00,0.000E+00,1.782E+00,161.007E+00,158.962E+00,40.155E+00,63.718E+00,22.956E+00,90.000E+00,90.000E+00,9.31461E+00,0.00000E+00,0.00000E+00,84.586E+00,100.000E+00,100.000E+00,0.16177E+03,0.00000E+03,0.00000E+03,+99999.9E+99,+99999.9E+99,+99999.9E+99,+99999.9E+99,+99999.9E+99,+99999.9E+99,+99999.9E+99,+99999.9E+99,+99999.9E+99,+99999.9E+99,+99999.9E+99,+99999.9E+99,1B00,0,0,0,1B00,76.7044E+00,76.6667E+00,76.3631E+00,76.5781E+00,72.5896E+00,72.6981E+00,72.0129E+00,72.4335E+00,76.7044E+00,76.6667E+00,76.3631E+00,0.0000E+00,0.0000E+00,0.0000E+00,70.2078E+00,70.2449E+00,70.1342E+00,105.689E+00,106.001E+00,105.800E+00,-104.299E+00,-104.947E+00,-104.270E+00,38.368E+00,38.037E+00,38.225E+00,+99999.9E+99,+99999.9E+99,+99999.9E+99,0.086E+00,9.8181E+00,9.4100E+00,10.0148E+00,9.7476E+00,8.5178E+00,8.1757E+00,8.5747E+00,8.4227E+00,9.8176E+00,9.4100E+00,10.0148E+00,-0.1070E+00,0.0000E+00,0.0000E+00,14.8356E+00,14.7143E+00,15.0572E+00,26.4857E+00,24.8929E+00,27.1633E+00,-25.6400E+00,-23.4271E+00,-26.8433E+00,40.592E+00,40.627E+00,39.238E+00,+99999.9E+99,+99999.9E+99,+99999.9E+99,1.446E+00,0.29046E+03,0.28896E+03,0.30828E+03,0.88770E+03,0.52129E+03,0.52301E+03,0.53537E+03,1.57967E+03,0.43663E+03,0.41890E+03,0.44437E+03,1.29990E+03,0.59949E+03,0.59386E+03,0.60833E+03,1.80158E+03,-0.32601E+03,-0.30328E+03,-0.32005E+03,-0.94933E+03,-0.29604E+03,-0.28129E+03,-0.28887E+03,-0.86621E+03,-0.66524E+00,-0.68981E+00,-0.69374E+00,-0.68290E+00,-0.86956E+00,-0.88070E+00,-0.88006E+00,-0.87683E+00,0.000E+00,120.074E+00,-119.938E+00,59.608E+00,178.301E+00,-61.558E+00,-48.300E+00,-46.385E+00,-46.073E+00,-46.929E+00,201.853E+00,201.628E+00,202.458E+00,91.992E+00,+99999.9E+99,+99999.9E+99,0.00007E+06,-0.00053E+06,0.00000E+00,10.313E+00,0.756E+03,0.00082E+06,43.812E+00,F0F08
2021/11/30,17:34:21,00000:00:46,0,38003F00,0,1B00,1B00,3F00,99.913E+00,0.000E+00,0.000E+00,110.974E+00,0.000E+00,0.000E+00,0.507E+00,0.000E+00,0.000E+00,99.912E+00,0.000E+00,0.000E+00,0.000E+00,0.000E+00,0.000E+00,100.925E+00,0.000E+00,0.000E+00,98.804E+00,0.000E+00,0.000E+00,103.772E+00,+99999.9E+99,+99999.9E+99,1.062E+00,+99999.9E+99,+99999.9E+99,11.9125E+00,0.00000E+00,0.00000E+00,12.2187E+00,0.00000E+00,0.00000E+00,4.5707E+00,0.00000E+00,0.00000E+00,11.0007E+00,0.00000E+00,0.00000E+00,3.0719E+00,0.00000E+00,0.00000E+00,18.3783E+00,0.0000E+00,0.0000E+00,4.2036E+00,0.0000E+00,0.0000E+00,99.443E+00,+99999.9E+99,+99999.9E+99,64.426E+00,+99999.9E+99,+99999.9E+99,1.09703E+03,0.00000E+03,0.00000E+03,0.00000E+03,0.00000E+03,0.00000E+03,1.19022E+03,0.00000E+03,0.00000E+03,0.00000E+03,0.00000E+03,0.00000E+03,0.46169E+03,0.00000E+03,0.00000E+03,0.00000E+03,0.00000E+03,0.00000E+03,0.92170E+00,0.00000E+00,0.00000E+00,0.83333E+00,0.92940E+00,0.40938E+00,0.000E+00,-106.069E+00,68.546E+00,146.443E+00,-84.411E+00,134.380E+00,22.824E+00,90.000E+00,90.000E+00,12.6005E+00,0.00000E+00,0.00000E+00,96.728E+00,100.000E+00,100.000E+00,0.03589E+03,0.00000E+03,0.00000E+03,+99999.9E+99,+99999.9E+99,+99999.9E+99,+99999.9E+99,+99999.9E+99,+99999.9E+99,+99999.9E+99,+99999.9E+99,+99999.9E+99,+99999.9E+99,+99999.9E+99,+99999.9E+99,1800,0,0,0,1800,76.4971E+00,77.0108E+00,77.0229E+00,76.8436E+00,71.8316E+00,72.7879E+00,72.8019E+00,72.4738E+00,76.4971E+00,77.0108E+00,77.0229E+00,0.0000E+00,0.0000E+00,0.0000E+00,73.0216E+00,72.9988E+00,72.9050E+00,105.859E+00,106.050E+00,105.703E+00,-104.499E+00,-105.266E+00,-104.263E+00,15.578E+00,15.454E+00,15.470E+00,+99999.9E+99,+99999.9E+99,+99999.9E+99,0.099E+00,11.7508E+00,11.5272E+00,11.3358E+00,11.5379E+00,10.1527E+00,10.0223E+00,9.7353E+00,9.9701E+00,11.7497E+00,11.5213E+00,11.3232E+00,-0.1622E+00,-0.3699E+00,0.5332E+00,5.2966E+00,5.2214E+00,5.6112E+00,27.7276E+00,27.1929E+00,28.6905E+00,-26.5109E+00,-27.1238E+00,-26.3629E+00,57.801E+00,56.898E+00,52.980E+00,+99999.9E+99,+99999.9E+99,+99999.9E+99,3.389E+00,0.36430E+03,0.34623E+03,0.35061E+03,1.06114E+03,0.18916E+03,0.19544E+03,0.20223E+03,0.58683E+03,0.52437E+03,0.51384E+03,0.50809E+03,1.54631E+03,0.21804E+03,0.21808E+03,0.22901E+03,0.66493E+03,-0.37717E+03,-0.37969E+03,-0.36773E+03,-1.12459E+03,-0.10845E+03,-0.09677E+03,-0.10746E+03,-0.31268E+03,-0.69473E+00,-0.67380E+00,-0.69006E+00,-0.68624E+00,-0.86754E+00,-0.89617E+00,-0.88306E+00,-0.88254E+00,0.000E+00,120.091E+00,-119.973E+00,59.813E+00,176.393E+00,-61.935E+00,-45.995E+00,-47.639E+00,-46.365E+00,-46.667E+00,201.934E+00,201.878E+00,201.292E+00,92.581E+00,+99999.9E+99,+99999.9E+99,0.00008E+06,-0.00064E+06,0.00000E+00,12.406E+00,0.756E+03,0.00098E+06,43.830E+00,F0F0F
2021/11/30,17:34:21,00000:00:46,50,38003F00,700,1F00,1F00,3F00,99.913E+00,0.000E+00,0.000E+00,110.974E+00,0.000E+00,0.000E+00,0.507E+00,0.000E+00,0.000E+00,99.912E+00,0.000E+00,0.000E+00,0.000E+00,0.000E+00,0.000E+00,100.925E+00,0.000E+00,0.000E+00,98.804E+00,0.000E+00,0.000E+00,103.772E+00,+99999.9E+99,+99999.9E+99,1.062E+00,+99999.9E+99,+99999.9E+99,11.9125E+00,0.00000E+00,0.00000E+00,12.2187E+00,0.00000E+00,0.00000E+00,4.5707E+00,0.00000E+00,0.00000E+00,11.0007E+00,0.00000E+00,0.00000E+00,3.0719E+00,0.00000E+00,0.00000E+00,18.3783E+00,0.0000E+00,0.0000E+00,4.2036E+00,0.0000E+00,0.0000E+00,99.443E+00,+99999.9E+99,+99999.9E+99,64.426E+00,+99999.9E+99,+99999.9E+99,1.09703E+03,0.00000E+03,0.00000E+03,0.00000E+03,0.00000E+03,0.00000E+03,1.19022E+03,0.00000E+03,0.00000E+03,0.00000E+03,0.00000E+03,0.00000E+03,0.46169E+03,0.00000E+03,0.00000E+03,0.00000E+03,0.00000E+03,0.00000E+03,0.92170E+00,0.00000E+00,0.00000E+00,0.83333E+00,0.92940E+00,0.40938E+00,0.000E+00,-106.069E+00,68.546E+00,146.443E+00,-84.411E+00,134.380E+00,22.824E+00,90.000E+00,90.000E+00,12.6005E+00,0.00000E+00,0.00000E+00,118.097E+00,100.000E+00,100.000E+00,-0.19853E+03,0.00000E+03,0.00000E+03,+99999.9E+99,+99999.9E+99,+99999.9E+99,+99999.9E+99,+99999.9E+99,+99999.9E+99,+99999.9E+99,+99999.9E+99,+99999.9E+99,+99999.9E+99,+99999.9E+99,+99999.9E+99,1B00,0,0,0,1B00,77.2097E+00,77.2389E+00,76.9994E+00,77.1493E+00,72.2217E+00,72.4601E+00,71.8895E+00,72.1904E+00,77.2097E+00,77.2389E+00,76.9994E+00,0.0000E+00,0.0000E+00,0.0000E+00,71.0261E+00,71.6804E+00,71.4639E+00,105.437E+00,105.796E+00,105.584E+00,-104.546E+00,-105.129E+00,-106.961E+00,30.307E+00,30.599E+00,30.507E+00,+99999.9E+99,+99999.9E+99,+99999.9E+99,0.534E+00,13.6038E+00,13.1595E+00,13.5565E+00,13.4399E+00,12.5306E+00,12.0970E+00,12.4600E+00,12.3625E+00,13.6029E+00,13.1595E+00,13.5551E+00,-0.1621E+00,0.0000E+00,0.1928E+00,12.4502E+00,11.3372E+00,11.5086E+00,27.6224E+00,27.1557E+00,28.7743E+00,-26.6062E+00,-26.7571E+00,-26.8538E+00,40.900E+00,44.097E+00,43.988E+00,+99999.9E+99,+99999.9E+99,+99999.9E+99,5.749E+00,0.42967E+03,0.42118E+03,0.44470E+03,1.29555E+03,0.44719E+03,0.39917E+03,0.42598E+03,1.27234E+03,0.61308E+03,0.59296E+03,0.60958E+03,1.81562E+03,0.50139E+03,0.46179E+03,0.46601E+03,1.42781E+03,-0.43732E+03,-0.41739E+03,-0.41692E+03,-1.27163E+03,-0.22675E+03,-0.23219E+03,-0.18898E+03,-0.64792E+03,-0.70084E+00,-0.71030E+00,-0.72953E+00,-0.71356E+00,-0.89190E+00,-0.86440E+00,-0.91409E+00,-0.89111E+00,0.000E+00,119.903E+00,-119.599E+00,57.188E+00,179.986E+00,-65.874E+00,-45.506E+00,-44.741E+00,-43.153E+00,-44.475E+00,201.343E+00,201.586E+00,201.913E+00,89.602E+00,+99999.9E+99,+99999.9E+99,0.00013E+06,-0.00074E+06,0.00000E+00,14.633E+00,0.758E+03,0.00116E+06,43.562E+00,F0F0F
2021/11/30,17:34:21,00000:00:46,100,38003D00,500,1C00,1C00,3800,99.913E+00,0.000E+00,0.000E+00,110.974E+00,0.000E+00,0.000E+00,0.507E+00,0.000E+00,0.000E+00,99.912E+00,0.000E+00,0.000E+00,0.000E+00,0.000E+00,0.000E+00,100.925E+00,0.000E+00,0.000E+00,98.804E+00,0.000E+00,0.000E+00,20.250E+00,+99999.9E+99,465.453E+00,1.062E+00,+99999.9E+99,+99999.9E+99,11.9125E+00,0.00000E+00,0.00000E+00,12.2187E+00,0.00000E+00,0.00000E+00,4.5707E+00,0.00000E+00,0.00000E+00,11.0007E+00,0.00000E+00,0.00000E+00,4.6341E+00,0.00000E+00,0.00000E+00,18.3783E+00,0.0000E+00,0.0000E+00,4.2036E+00,0.0000E+00,0.0000E+00,11.911E+00,+99999.9E+99,355.758E+00,64.426E+00,+99999.9E+99,+99999.9E+99,1.09703E+03,0.00000E+03,0.00000E+03,0.00000E+03,0.00000E+03,0.00000E+03,1.19022E+03,0.00000E+03,0.00000E+03,0.00000E+03,0.00000E+03,0.00000E+03,0.46169E+03,0.00000E+03,0.00000E+03,0.00000E+03,0.00000E+03,0.00000E+03,0.92170E+00,0.00000E+00,0.00000E+00,0.91723E+00,0.98378E+00,0.46326E+00,0.000E+00,178.917E+00,163.052E+00,156.524E+00,-11.418E+00,45.455E+00,22.824E+00,90.000E+00,90.000E+00,12.6005E+00,0.00000E+00,0.00000E+00,70.768E+00,100.000E+00,100.000E+00,0.32068E+03,0.00000E+03,0.00000E+03,+99999.9E+99,+99999.9E+99,+99999.9E+99,+99999.9E+99,+99999.9E+99,+99999.9E+99,+99999.9E+99,+99999.9E+99,+99999.9E+99,+99999.9E+99,+99999.9E+99,+99999.9E+99,1B00,0,0,0,1B00,76.2735E+00,76.6495E+00,76.5074E+00,76.4768E+00,72.1830E+00,72.9042E+00,72.6258E+00,72.5710E+00,76.2735E+00,76.6495E+00,76.5074E+00,0.0000E+00,0.0000E+00,0.0000E+00,71.2998E+00,71.1935E+00,71.0239E+00,105.691E+00,106.021E+00,105.693E+00,-104.699E+00,-104.974E+00,-104.139E+00,31.899E+00,31.164E+00,31.765E+00,+99999.9E+99,+99999.9E+99,+99999.9E+99,0.232E+00,8.2527E+00,8.1964E+00,8.1447E+00,8.1979E+00,7.3486E+00,7.3087E+00,7.2493E+00,7.3022E+00,8.2520E+00,8.1956E+00,8.1417E+00,-0.1093E+00,-0.1106E+00,0.2210E+00,11.7528E+00,11.7507E+00,12.3602E+00,22.1167E+00,20.9390E+00,20.3786E+00,-18.7543E+00,-19.1348E+00,-19.7876E+00,45.058E+00,43.954E+00,41.937E+00,+99999.9E+99,+99999.9E+99,+99999.9E+99,3.383E+00,0.26026E+03,0.25500E+03,0.26108E+03,0.77635E+03,0.40482E+03,0.42564E+03,0.43259E+03,1.26305E+03,0.36509E+03,0.36301E+03,0.36167E+03,1.08978E+03,0.47159E+03,0.47924E+03,0.49770E+03,1.44807E+03,-0.25604E+03,-0.25837E+03,-0.25028E+03,-0.76469E+03,-0.24190E+03,-0.22022E+03,-0.24612E+03,-0.70825E+03,-0.71287E+00,-0.70244E+00,-0.72188E+00,-0.71239E+00,-0.85842E+00,-0.88817E+00,-0.86917E+00,-0.87223E+00,0.000E+00,120.209E+00,-119.977E+00,60.806E+00,177.487E+00,-60.206E+00,-44.531E+00,-45.377E+00,-43.790E+00,-44.570E+00,202.404E+00,202.036E+00,202.016E+00,94.921E+00,+99999.9E+99,+99999.9E+99,0.00004E+06,-0.00048E+06,0.00000E+00,9.307E+00,0.756E+03,0.00074E+06,43.965E+00,F0F08
2021/11/30,17:34:21,00000:00:46,150,38003F00,700,1F00,1F00,3F00,99.913E+00,0.000E+00,0.000E+00,110.974E+00,0.000E+00,0.000E+00,0.507E+00,0.000E+00,0.000E+00,99.912E+00,0.000E+00,0.000E+00,0.000E+00,0.000E+00,0.000E+00,100.925E+00,0.000E+00,0.000E+00,98.804E+00,0.000E+00,0.000E+00,65.044E+00,+99999.9E+99,+99999.9E+99,1.062E+00,+99999.9E+99,+99999.9E+99,11.9125E+00,0.00000E+00,0.00000E+00,12.2187E+00,0.00000E+00,0.00000E+00,4.5707E+00,0.00000E+00,0.00000E+00,11.0007E+00,0.00000E+00,0.00000E+00,4.0312E+00,0.00000E+00,0.00000E+00,18.3783E+00,0.0000E+00,0.0000E+00,4.2036E+00,0.0000E+00,0.0000E+00,47.079E+00,+99999.9E+99,+99999.9E+99,64.426E+00,+99999.9E+99,+99999.9E+99,1.09703E+03,0.00000E+03,0.00000E+03,0.00000E+03,0.00000E+03,0.00000E+03,1.19022E+03,0.00000E+03,0.00000E+03,0.00000E+03,0.00000E+03,0.00000E+03,0.46169E+03,0.00000E+03,0.00000E+03,0.00000E+03,0.00000E+03,0.00000E+03,0.92170E+00,0.00000E+00,0.00000E+00,0.89523E+00,0.49351E+00,0.79910E+00,0.000E+00,-154.865E+00,124.810E+00,153.538E+00,144.706E+00,87.854E+00,22.824E+00,90.000E+00,90.000E+00,12.6005E+00,0.00000E+00,0.00000E+00,114.997E+00,100.000E+00,100.000E+00,-0.16452E+03,0.00000E+03,0.00000E+03,+99999.9E+99,+99999.9E+99,+99999.9E+99,+99999.9E+99,+99999.9E+99,+99999.9E+99,+99999.9E+99,+99999.9E+99,+99999.9E+99,+99999.9E+99,+99999.9E+99,+99999.9E+99,1B00,0,0,0,1B00,77.0739E+00,77.2054E+00,77.1244E+00,77.1345E+00,72.1263E+00,72.5552E+00,72.2876E+00,72.3230E+00,77.0738E+00,77.2054E+00,77.1243E+00,0.0000E+00,0.0000E+00,0.0000E+00,73.0371E+00,73.2818E+00,73.1447E+00,105.694E+00,106.044E+00,105.701E+00,-104.506E+00,-105.164E+00,-104.796E+00,14.121E+00,14.416E+00,14.479E+00,+99999.9E+99,+99999.9E+99,+99999.9E+99,0.195E+00,13.4301E+00,12.9685E+00,13.1615E+00,13.1867E+00,12.2373E+00,11.7623E+00,11.8260E+00,11.9418E+00,13.4290E+00,12.9645E+00,13.1521E+00,-0.1743E+00,-0.3229E+00,0.4982E+00,5.2258E+00,4.7514E+00,4.9035E+00,27.8443E+00,27.0800E+00,28.4871E+00,-26.6386E+00,-27.1571E+00,-26.5181E+00,54.662E+00,58.829E+00,56.664E+00,+99999.9E+99,+99999.9E+99,+99999.9E+99,4.372E+00,0.42891E+03,0.40738E+03,0.42526E+03,1.26155E+03,0.18834E+03,0.17357E+03,0.18550E+03,0.54741E+03,0.60486E+03,0.58294E+03,0.59165E+03,1.77945E+03,0.21316E+03,0.19832E+03,0.20403E+03,0.61520E+03,-0.42649E+03,-0.41697E+03,-0.41134E+03,-1.25480E+03,-0.09984E+03,-0.09593E+03,-0.08497E+03,-0.28073E+03,-0.70911E+00,-0.69883E+00,-0.71877E+00,-0.70895E+00,-0.88354E+00,-0.87523E+00,-0.90916E+00,-0.88981E+00,0.000E+00,120.015E+00,-119.827E+00,58.037E+00,178.880E+00,-65.264E+00,-44.838E+00,-45.667E+00,-44.047E+00,-44.850E+00,201.281E+00,201.924E+00,201.727E+00,90.763E+00,+99999.9E+99,+99999.9E+99,0.00012E+06,-0.00074E+06,0.00000E+00,14.437E+00,0.757E+03,0.00115E+06,43.559E+00,F0F08
2021/11/30,17:34:21,00000:00:46,200,38003F00,2800,3B00,3B00,3F00,99.863E+00,0.000E+00,0.000E+00,110.919E+00,0.000E+00,0.000E+00,0.503E+00,0.000E+00,0.000E+00,99.862E+00,0.000E+00,0.000E+00,0.000E+00,0.000E+00,0.000E+00,100.936E+00,0.000E+00,0.000E+00,98.814E+00,0.000E+00,0.000E+00,65.044E+00,+99999.9E+99,+99999.9E+99,1.062E+00,+99999.9E+99,+99999.9E+99,12.1161E+00,0.00000E+00,0.00000E+00,12.4382E+00,0.00000E+00,0.00000E+00,4.6257E+00,0.00000E+00,0.00000E+00,11.1983E+00,0.00000E+00,0.00000E+00,4.0312E+00,0.00000E+00,0.00000E+00,18.2938E+00,0.0000E+00,0.0000E+00,3.9931E+00,0.0000E+00,0.0000E+00,47.079E+00,+99999.9E+99,+99999.9E+99,63.852E+00,+99999.9E+99,+99999.9E+99,1.11620E+03,0.00000E+03,0.00000E+03,0.00000E+03,0.00000E+03,0.00000E+03,1.20995E+03,0.00000E+03,0.00000E+03,0.00000E+03,0.00000E+03,0.00000E+03,0.46700E+03,0.00000E+03,0.00000E+03,0.00000E+03,0.00000E+03,0.00000E+03,0.92251E+00,0.00000E+00,0.00000E+00,0.89523E+00,0.49351E+00,0.79910E+00,0.000E+00,-154.865E+00,124.810E+00,153.538E+00,144.706E+00,87.854E+00,22.704E+00,90.000E+00,90.000E+00,0.00000E+00,0.00000E+00,0.00000E+00,97.385E+00,100.000E+00,100.000E+00,0.02918E+03,0.00000E+03,0.00000E+03,+99999.9E+99,+99999.9E+99,+99999.9E+99,+99999.9E+99,+99999.9E+99,+99999.9E+99,+99999.9E+99,+99999.9E+99,+99999.9E+99,+99999.9E+99,+99999.9E+99,+99999.9E+99,1B00,0,0,0,1B00,76.7537E+00,77.1106E+00,76.8309E+00,76.8984E+00,72.0172E+00,72.6734E+00,72.1672E+00,72.2859E+00,76.7537E+00,77.1106E+00,76.8308E+00,0.0000E+00,0.0000E+00,0.0000E+00,70.1336E+00,70.5116E+00,70.4474E+00,105.459E+00,106.057E+00,105.499E+00,-104.539E+00,-104.911E+00,-104.483E+00,37.623E+00,37.585E+00,37.447E+00,+99999.9E+99,+99999.9E+99,+99999.9E+99,0.336E+00,11.9291E+00,11.7528E+00,12.0359E+00,11.9059E+00,10.4439E+00,10.3639E+00,10.5534E+00,10.4537E+00,11.9284E+00,11.7528E+00,12.0355E+00,-0.1300E+00,0.0000E+00,0.1008E+00,15.0915E+00,14.4879E+00,14.5167E+00,27.7243E+00,27.0924E+00,28.4452E+00,-26.3238E+00,-27.0800E+00,-26.3257E+00,39.267E+00,40.757E+00,40.525E+00,+99999.9E+99,+99999.9E+99,+99999.9E+99,2.843E+00,0.35689E+03,0.35865E+03,0.37146E+03,1.08701E+03,0.53691E+03,0.50657E+03,0.52679E+03,1.57027E+03,0.53293E+03,0.52658E+03,0.53999E+03,1.59950E+03,0.61009E+03,0.58390E+03,0.59006E+03,1.78364E+03,-0.39578E+03,-0.38556E+03,-0.39192E+03,-1.17326E+03,-0.28974E+03,-0.29039E+03,-0.26582E+03,-0.84594E+03,-0.66968E+00,-0.68110E+00,-0.68791E+00,-0.67959E+00,-0.88004E+00,-0.86756E+00,-0.89278E+00,-0.88037E+00,0.000E+00,119.882E+00,-119.790E+00,58.533E+00,179.674E+00,-63.162E+00,-47.958E+00,-47.070E+00,-46.535E+00,-47.188E+00,202.275E+00,201.653E+00,201.908E+00,90.317E+00,+99999.9E+99,+99999.9E+99,0.00011E+06,-0.00062E+06,0.00000E+00,12.380E+00,0.757E+03,0.00098E+06,43.843E+00,F0F08
2021/11/30,17:34:21,00000:00:46,250,38003F00,2D00,3F00,3F00,3F00,99.863E+00,0.000E+00,0.000E+00,110.919E+00,0.000E+00,0.000E+00,0.503E+00,0.000E+00,0.000E+00,99.862E+00,0.000E+00,0.000E+00,0.000E+00,0.000E+00,0.000E+00,100.936E+00,0.000E+00,0.000E+00,98.814E+00,0.000E+00,0.000E+00,36.387E+00,+99999.9E+99,480.303E+00,1.062E+00,+99999.9E+99,+99999.9E+99,12.1161E+00,0.00000E+00,0.00000E+00,12.4382E+00,0.00000E+00,0.00000E+00,4.6257E+00,0.00000E+00,0.00000E+00,11.1983E+00,0.00000E+00,0.00000E+00,4.1444E+00,0.00000E+00,0.00000E+00,18.2938E+00,0.0000E+00,0.0000E+00,3.9931E+00,0.0000E+00,0.0000E+00,44.965E+00,+99999.9E+99,+99999.9E+99,63.852E+00,+99999.9E+99,+99999.9E+99,1.11620E+03,0.00000E+03,0.00000E+03,0.00000E+03,0.00000E+03,0.00000E+03,1.20995E+03,0.00000E+03,0.00000E+03,0.00000E+03,0.00000E+03,0.00000E+03,0.46700E+03,0.00000E+03,0.00000E+03,0.00000E+03,0.00000E+03,0.00000E+03,0.92251E+00,0.00000E+00,0.00000E+00,0.93020E+00,0.92522E+00,0.41022E+00,0.000E+00,-57.513E+00,159.487E+00,158.466E+00,-79.811E+00,93.706E+00,22.704E+00,90.000E+00,90.000E+00,0.00000E+00,0.00000E+00,0.00000E+00,74.691E+00,100.000E+00,100.000E+00,0.28250E+03,0.00000E+03,0.00000E+03,+99999.9E+99,+99999.9E+99,+99999.9E+99,+99999.9E+99,+99999.9E+99,+99999.9E+99,+99999.9E+99,+99999.9E+99,+99999.9E+99,+99999.9E+99,+99999.9E+99,+99999.9E+99,1B00,0,0,0,1B00,76.5388E+00,76.6503E+00,76.5716E+00,76.5869E+00,72.3437E+00,72.7417E+00,72.4489E+00,72.5114E+00,76.5388E+00,76.6503E+00,76.5716E+00,0.0000E+00,0.0000E+00,0.0000E+00,72.5056E+00,72.2834E+00,72.2769E+00,105.873E+00,106.039E+00,105.777E+00,-104.283E+00,-104.813E+00,-105.019E+00,22.421E+00,21.527E+00,22.065E+00,+99999.9E+99,+99999.9E+99,+99999.9E+99,0.204E+00,9.5024E+00,8.9730E+00,9.1168E+00,9.1974E+00,8.1432E+00,7.7024E+00,7.7404E+00,7.8620E+00,9.5013E+00,8.9689E+00,9.1073E+00,-0.1435E+00,-0.2716E+00,0.4162E+00,7.6511E+00,8.0743E+00,8.2669E+00,26.1429E+00,24.0371E+00,25.0729E+00,-26.6514E+00,-25.3881E+00,-22.4305E+00,52.856E+00,48.653E+00,47.556E+00,+99999.9E+99,+99999.9E+99,+99999.9E+99,4.580E+00,0.28588E+03,0.26634E+03,0.28148E+03,0.83370E+03,0.27049E+03,0.29166E+03,0.29369E+03,0.85584E+03,0.42246E+03,0.39796E+03,0.40447E+03,1.22489E+03,0.31419E+03,0.32493E+03,0.33881E+03,0.97737E+03,-0.31104E+03,-0.29570E+03,-0.29046E+03,-0.89720E+03,-0.15983E+03,-0.14324E+03,-0.16894E+03,-0.47201E+03,-0.67670E+00,-0.66926E+00,-0.69592E+00,-0.68063E+00,-0.86093E+00,-0.89759E+00,-0.86682E+00,-0.87565E+00,0.000E+00,120.101E+00,-120.100E+00,60.477E+00,176.258E+00,-60.089E+00,-47.414E+00,-47.990E+00,-45.899E+00,-47.107E+00,201.775E+00,202.081E+00,202.200E+00,94.529E+00,+99999.9E+99,+99999.9E+99,0.00005E+06,-0.00052E+06,0.00000E+00,9.946E+00,0.757E+03,0.00079E+06,43.749E+00,F0F08
2021/11/30,17:34:21,00000:00:46,300,38003F00,2800,3B00,3B00,3F00,100.010E+00,0.000E+00,0.000E+00,111.082E+00,0.000E+00,0.000E+00,0.529E+00,0.000E+00,0.000E+00,100.009E+00,0.000E+00,0.000E+00,0.000E+00,0.000E+00,0.000E+00,101.086E+00,0.000E+00,0.000E+00,98.821E+00,0.000E+00,0.000E+00,36.387E+00,+99999.9E+99,480.303E+00,1.132E+00,+99999.9E+99,+99999.9E+99,10.7620E+00,0.00000E+00,0.00000E+00,10.8886E+00,0.00000E+00,0.00000E+00,4.4405E+00,0.00000E+00,0.00000E+00,9.8032E+00,0.00000E+00,0.00000E+00,4.1444E+00,0.00000E+00,0.00000E+00,18.0652E+00,0.0000E+00,0.0000E+00,3.3274E+00,0.0000E+00,0.0000E+00,44.965E+00,+99999.9E+99,+99999.9E+99,75.168E+00,+99999.9E+99,+99999.9E+99,0.97832E+03,0.00000E+03,0.00000E+03,0.00000E+03,0.00000E+03,0.00000E+03,1.07631E+03,0.00000E+03,0.00000E+03,0.00000E+03,0.00000E+03,0.00000E+03,0.44870E+03,0.00000E+03,0.00000E+03,0.00000E+03,0.00000E+03,0.00000E+03,0.90896E+00,0.00000E+00,0.00000E+00,0.93020E+00,0.92522E+00,0.41022E+00,0.000E+00,-57.513E+00,159.487E+00,158.466E+00,-79.811E+00,93.706E+00,24.638E+00,90.000E+00,90.000E+00,14.6054E+00,0.00000E+00,0.00000E+00,138.378E+00,100.000E+00,100.000E+00,-0.37546E+03,0.00000E+03,0.00000E+03,+99999.9E+99,+99999.9E+99,+99999.9E+99,+99999.9E+99,+99999.9E+99,+99999.9E+99,+99999.9E+99,+99999.9E+99,+99999.9E+99,+99999.9E+99,+99999.9E+99,+99999.9E+99,1B00,0,0,0,1B00,77.0412E+00,77.4784E+00,77.3485E+00,77.2894E+00,71.7456E+00,72.5896E+00,72.3362E+00,72.2238E+00,77.0412E+00,77.4784E+00,77.3485E+00,0.0000E+00,0.0000E+00,0.0000E+00,72.3087E+00,72.8042E+00,72.6698E+00,105.603E+00,105.967E+00,105.631E+00,-104.449E+00,-104.221E+00,-105.209E+00,20.175E+00,20.050E+00,20.404E+00,+99999.9E+99,+99999.9E+99,+99999.9E+99,0.412E+00,13.9481E+00,13.6151E+00,13.7617E+00,13.7750E+00,13.0395E+00,12.8336E+00,12.8014E+00,12.8915E+00,13.9473E+00,13.6130E+00,13.7560E+00,-0.1539E+00,-0.2420E+00,0.3970E+00,7.9842E+00,7.3473E+00,7.1851E+00,27.6624E+00,27.0471E+00,28.4390E+00,-26.5714E+00,-27.0281E+00,-26.5590E+00,47.331E+00,49.986E+00,51.863E+00,+99999.9E+99,+99999.9E+99,+99999.9E+99,7.642E+00,0.45551E+03,0.44344E+03,0.45483E+03,1.35378E+03,0.28902E+03,0.24858E+03,0.26989E+03,0.80749E+03,0.62881E+03,0.61405E+03,0.62273E+03,1.86559E+03,0.32394E+03,0.28993E+03,0.29283E+03,0.90523E+03,-0.43348E+03,-0.42475E+03,-0.42535E+03,-1.28359E+03,-0.14631E+03,-0.14923E+03,-0.11361E+03,-0.40915E+03,-0.72441E+00,-0.72216E+00,-0.73037E+00,-0.72566E+00,-0.89219E+00,-0.85738E+00,-0.92167E+00,-0.89203E+00,0.000E+00,119.888E+00,-119.715E+00,57.078E+00,-179.193E+00,-67.055E+00,-43.581E+00,-43.767E+00,-43.082E+00,-43.476E+00,201.841E+00,201.523E+00,201.157E+00,90.185E+00,+99999.9E+99,+99999.9E+99,0.00013E+06,-0.00078E+06,0.00000E+00,15.387E+00,0.758E+03,0.00122E+06,43.690E+00,F0F08
2021/11/30,17:34:21,00000:00:46,350,38003800,0,1800,1800,3800,99.927E+00,0.000E+00,0.000E+00,110.990E+00,0.000E+00,0.000E+00,0.511E+00,0.000E+00,0.000E+00,99.926E+00,0.000E+00,0.000E+00,0.000E+00,0.000E+00,0.000E+00,100.929E+00,0.000E+00,0.000E+00,98.846E+00,0.000E+00,0.000E+00,22.064E+00,388.407E+00,347.731E+00,1.042E+00,+99999.9E+99,+99999.9E+99,11.7736E+00,0.00000E+00,0.00000E+00,12.0457E+00,0.00000E+00,0.00000E+00,4.5831E+00,0.00000E+00,0.00000E+00,10.8449E+00,0.00000E+00,0.00000E+00,4.6609E+00,0.00000E+00,0.00000E+00,18.0450E+00,0.0000E+00,0.0000E+00,4.0162E+00,0.0000E+00,0.0000E+00,8.816E+00,+99999.9E+99,+99999.9E+99,64.679E+00,+99999.9E+99,+99999.9E+99,1.08160E+03,0.00000E+03,0.00000E+03,0.00000E+03,0.00000E+03,0.00000E+03,1.17650E+03,0.00000E+03,0.00000E+03,0.00000E+03,0.00000E+03,0.00000E+03,0.46292E+03,0.00000E+03,0.00000E+03,0.00000E+03,0.00000E+03,0.00000E+03,0.91934E+00,0.00000E+00,0.00000E+00,0.90000E+00,0.39946E+00,0.53419E+00,0.000E+00,-123.526E+00,147.932E+00,154.157E+00,122.930E+00,25.643E+00,23.171E+00,90.000E+00,90.000E+00,12.6297E+00,0.00000E+00,0.00000E+00,92.617E+00,100.000E+00,100.000E+00,0.07985E+03,0.00000E+03,0.00000E+03,+99999.9E+99,+99999.9E+99,+99999.9E+99,+99999.9E+99,+99999.9E+99,+99999.9E+99,+99999.9E+99,+99999.9E+99,+99999.9E+99,+99999.9E+99,+99999.9E+99,+99999.9E+99,1B00,0,0,0,1B00,76.7656E+00,76.9357E+00,76.6993E+00,76.8002E+00,72.2807E+00,72.6909E+00,72.2038E+00,72.3918E+00,76.7656E+00,76.9357E+00,76.6993E+00,0.0000E+00,0.0000E+00,0.0000E+00,70.2917E+00,70.3243E+00,70.1956E+00,105.871E+00,105.947E+00,105.683E+00,-104.034E+00,-104.583E+00,-104.664E+00,38.183E+00,37.864E+00,38.099E+00,+99999.9E+99,+99999.9E+99,+99999.9E+99,0.101E+00,11.1742E+00,10.9597E+00,11.2399E+00,11.1246E+00,9.6534E+00,9.4643E+00,9.6783E+00,9.5987E+00,11.1735E+00,10.9597E+00,11.2390E+00,-0.1241E+00,0.0000E+00,0.1427E+00,14.6788E+00,14.5611E+00,14.9243E+00,27.6024E+00,26.9633E+00,28.4824E+00,-26.2981E+00,-27.1567E+00,-26.4548E+00,40.928E+00,40.932E+00,39.511E+00,+99999.9E+99,+99999.9E+99,+99999.9E+99,1.548E+00,0.33069E+03,0.32799E+03,0.34307E+03,1.00175E+03,0.51365E+03,0.51635E+03,0.52892E+03,1.55892E+03,0.49878E+03,0.48995E+03,0.50215E+03,1.49089E+03,0.59367E+03,0.58835E+03,0.60348E+03,1.78539E+03,-0.37340E+03,-0.36397E+03,-0.36669E+03,-1.10406E+03,-0.29768E+03,-0.28204E+03,-0.29057E+03,-0.87029E+03,-0.66299E+00,-0.66943E+00,-0.68320E+00,-0.67191E+00,-0.86520E+00,-0.87761E+00,-0.87646E+00,-0.87315E+00,0.000E+00,120.094E+00,-119.932E+00,60.108E+00,178.684E+00,-61.109E+00,-48.472E+00,-47.977E+00,-46.906E+00,-47.785E+00,202.126E+00,202.477E+00,202.747E+00,90.891E+00,+99999.9E+99,+99999.9E+99,0.00009E+06,-0.00058E+06,0.00000E+00,11.480E+00,0.757E+03,0.00091E+06,43.797E+00,F0F0F
2021/11/30,17:34:21,00000:00:46,400,38003F00,700,1F00,1F00,3F00,99.927E+00,0.000E+00,0.000E+00,110.990E+00,0.000E+00,0.000E+00,0.511E+00,0.000E+00,0.000E+00,99.926E+00,0.000E+00,0.000E+00,0.000E+00,0.000E+00,0.000E+00,100.929E+00,0.000E+00,0.000E+00,98.846E+00,0.000E+00,0.000E+00,22.064E+00,388.407E+00,347.731E+00,1.042E+00,+99999.9E+99,+99999.9E+99,11.7736E+00,0.00000E+00,0.00000E+00,12.0457E+00,0.00000E+00,0.00000E+00,4.5831E+00,0.00000E+00,0.00000E+00,10.8449E+00,0.00000E+00,0.00000E+00,4.6609E+00,0.00000E+00,0.00000E+00,18.0450E+00,0.0000E+00,0.0000E+00,4.0162E+00,0.0000E+00,0.0000E+00,8.816E+00,+99999.9E+99,+99999.9E+99,64.679E+00,+99999.9E+99,+99999.9E+99,1.08160E+03,0.00000E+03,0.00000E+03,0.00000E+03,0.00000E+03,0.00000E+03,1.17650E+03,0.00000E+03,0.00000E+03,0.00000E+03,0.00000E+03,0.00000E+03,0.46292E+03,0.00000E+03,0.00000E+03,0.00000E+03,0.00000E+03,0.00000E+03,0.91934E+00,0.00000E+00,0.00000E+00,0.90000E+00,0.39946E+00,0.53419E+00,0.000E+00,-123.526E+00,147.932E+00,154.157E+00,122.930E+00,25.643E+00,23.171E+00,90.000E+00,90.000E+00,12.6297E+00,0.00000E+00,0.00000E+00,78.719E+00,100.000E+00,100.000E+00,0.23018E+03,0.00000E+03,0.00000E+03,+99999.9E+99,+99999.9E+99,+99999.9E+99,+99999.9E+99,+99999.9E+99,+99999.9E+99,+99999.9E+99,+99999.9E+99,+99999.9E+99,+99999.9E+99,+99999.9E+99,+99999.9E+99,1B00,0,0,0,1B00,76.5428E+00,76.6543E+00,76.5753E+00,76.5908E+00,72.4348E+00,72.8050E+00,72.5164E+00,72.5854E+00,76.5428E+00,76.6543E+00,76.5753E+00,0.0000E+00,0.0000E+00,0.0000E+00,73.1109E+00,73.0981E+00,72.9922E+00,105.746E+00,106.037E+00,105.704E+00,-104.249E+00,-105.261E+00,-104.647E+00,15.351E+00,15.269E+00,15.274E+00,+99999.9E+99,+99999.9E+99,+99999.9E+99,0.104E+00,9.5055E+00,9.0344E+00,9.1628E+00,9.2342E+00,8.2206E+00,7.8220E+00,7.8624E+00,7.9684E+00,9.5041E+00,9.0311E+00,9.1539E+00,-0.1581E+00,-0.2452E+00,0.4044E+00,5.1776E+00,5.0905E+00,5.4957E+00,26.0919E+00,24.0786E+00,25.1148E+00,-26.2757E+00,-25.4662E+00,-22.3662E+00,58.913E+00,58.221E+00,53.928E+00,+99999.9E+99,+99999.9E+99,+99999.9E+99,3.558E+00,0.29085E+03,0.27353E+03,0.28705E+03,0.85142E+03,0.18339E+03,0.18949E+03,0.19681E+03,0.56969E+03,0.42266E+03,0.40086E+03,0.40680E+03,1.23032E+03,0.21321E+03,0.21271E+03,0.22420E+03,0.64991E+03,-0.30667E+03,-0.29304E+03,-0.28825E+03,-0.88796E+03,-0.10876E+03,-0.09664E+03,-0.10738E+03,-0.31278E+03,-0.68814E+00,-0.68235E+00,-0.70563E+00,-0.69204E+00,-0.86011E+00,-0.89083E+00,-0.87785E+00,-0.87657E+00,0.000E+00,120.098E+00,-119.963E+00,60.662E+00,177.075E+00,-61.293E+00,-46.517E+00,-46.973E+00,-45.120E+00,-46.209E+00,202.134E+00,201.490E+00,201.485E+00,94.881E+00,+99999.9E+99,+99999.9E+99,0.00004E+06,-0.00053E+06,0.00000E+00,10.194E+00,0.757E+03,0.00081E+06,43.843E+00,F0F0F
2021/11/30,17:34:21,00000:00:46,450,38003F00,500,1F00,1F00,3F00,99.927E+00,0.000E+00,0.000E+00,110.990E+00,0.000E+00,0.000E+00,0.511E+00,0.000E+00,0.000E+00,99.926E+00,0.000E+00,0.000E+00,0.000E+00,0.000E+00,0.000E+00,100.929E+00,0.000E+00,0.000E+00,98.846E+00,0.000E+00,0.000E+00,21.017E+00,+99999.9E+99,+99999.9E+99,1.042E+00,+99999.9E+99,+99999.9E+99,11.7736E+00,0.00000E+00,0.00000E+00,12.0457E+00,0.00000E+00,0.00000E+00,4.5831E+00,0.00000E+00,0.00000E+00,10.8449E+00,0.00000E+00,0.00000E+00,4.5681E+00,0.00000E+00,0.00000E+00,18.0450E+00,0.0000E+00,0.0000E+00,4.0162E+00,0.0000E+00,0.0000E+00,7.978E+00,+99999.9E+99,+99999.9E+99,64.679E+00,+99999.9E+99,+99999.9E+99,1.08160E+03,0.00000E+03,0.00000E+03,0.00000E+03,0.00000E+03,0.00000E+03,1.17650E+03,0.00000E+03,0.00000E+03,0.00000E+03,0.00000E+03,0.00000E+03,0.46292E+03,0.00000E+03,0.00000E+03,0.00000E+03,0.00000E+03,0.00000E+03,0.91934E+00,0.00000E+00,0.00000E+00,0.90506E+00,0.00324E+00,0.95094E+00,0.000E+00,-63.853E+00,155.031E+00,154.832E+00,-153.667E+00,137.010E+00,23.171E+00,90.000E+00,90.000E+00,12.6297E+00,0.00000E+00,0.00000E+00,124.976E+00,100.000E+00,100.000E+00,-0.27014E+03,0.00000E+03,0.00000E+03,+99999.9E+99,+99999.9E+99,+99999.9E+99,+99999.9E+99,+99999.9E+99,+99999.9E+99,+99999.9E+99,+99999.9E+99,+99999.9E+99,+99999.9E+99,+99999.9E+99,+99999.9E+99,1B00,0,0,0,1B00,77.0067E+00,77.4894E+00,77.3387E+00,77.2783E+00,71.7144E+00,72.6011E+00,72.3191E+00,72.2115E+00,77.0067E+00,77.4894E+00,77.3387E+00,0.0000E+00,0.0000E+00,0.0000E+00,71.8029E+00,72.3256E+00,72.1189E+00,105.719E+00,106.134E+00,105.566E+00,-104.406E+00,-105.040E+00,-104.304E+00,25.017E+00,25.514E+00,25.426E+00,+99999.9E+99,+99999.9E+99,+99999.9E+99,0.416E+00,13.9220E+00,13.6110E+00,13.7553E+00,13.7627E+00,13.0109E+00,12.8304E+00,12.7990E+00,12.8801E+00,13.9209E+00,13.6093E+00,13.7500E+00,-0.1717E+00,-0.2109E+00,0.3838E+00,10.0588E+00,9.2731E+00,9.3931E+00,27.5600E+00,27.0305E+00,28.5529E+00,-26.4110E+00,-27.2229E+00,-26.6271E+00,44.318E+00,46.861E+00,47.525E+00,+99999.9E+99,+99999.9E+99,+99999.9E+99,6.346E+00,0.45417E+03,0.44340E+03,0.45417E+03,1.35174E+03,0.36678E+03,0.32400E+03,0.34625E+03,1.03703E+03,0.62707E+03,0.61368E+03,0.62265E+03,1.86339E+03,0.41044E+03,0.37496E+03,0.37729E+03,1.16136E+03,-0.43236E+03,-0.42426E+03,-0.42594E+03,-1.28256E+03,-0.18420E+03,-0.18873E+03,-0.14987E+03,-0.52280E+03,-0.72428E+00,-0.72253E+00,-0.72941E+00,-0.72542E+00,-0.89364E+00,-0.86409E+00,-0.91773E+00,-0.89295E+00,0.000E+00,119.943E+00,-119.675E+00,56.902E+00,-179.926E+00,-66.417E+00,-43.591E+00,-43.737E+00,-43.163E+00,-43.496E+00,201.445E+00,202.264E+00,202.049E+00,90.214E+00,+99999.9E+99,+99999.9E+99,0.00013E+06,-0.00078E+06,0.00000E+00,15.366E+00,0.758E+03,0.00122E+06,43.569E+00,F0F08
2021/11/30,17:34:21,00000:00:46,500,38003F00,500,1F00,1F00,3F00,99.927E+00,0.000E+00,0.000E+00,110.990E+00,0.000E+00,0.000E+00,0.511E+00,0.000E+00,0.000E+00,99.926E+00,0.000E+00,0.000E+00,0.000E+00,0.000E+00,0.000E+00,100.929E+00,0.000E+00,0.000E+00,98.846E+00,0.000E+00,0.000E+00,21.017E+00,+99999.9E+99,+99999.9E+99,1.042E+00,+99999.9E+99,+99999.9E+99,11.7736E+00,0.00000E+00,0.00000E+00,12.0457E+00,0.00000E+00,0.00000E+00,4.5831E+00,0.00000E+00,0.00000E+00,10.8449E+00,0.00000E+00,0.00000E+00,4.5681E+00,0.00000E+00,0.00000E+00,18.0450E+00,0.0000E+00,0.0000E+00,4.0162E+00,0.0000E+00,0.0000E+00,7.978E+00,+99999.9E+99,+99999.9E+99,64.679E+00,+99999.9E+99,+99999.9E+99,1.08160E+03,0.00000E+03,0.00000E+03,0.00000E+03,0.00000E+03,0.00000E+03,1.17650E+03,0.00000E+03,0.00000E+03,0.00000E+03,0.00000E+03,0.00000E+03,0.46292E+03,0.00000E+03,0.00000E+03,0.00000E+03,0.00000E+03,0.00000E+03,0.91934E+00,0.00000E+00,0.00000E+00,0.90506E+00,0.00324E+00,0.95094E+00,0.000E+00,-63.853E+00,155.031E+00,154.832E+00,-153.667E+00,137.010E+00,23.171E+00,90.000E+00,90.000E+00,12.6297E+00,0.00000E+00,0.00000E+00,80.483E+00,100.000E+00,100.000E+00,0.21109E+03,0.00000E+03,0.00000E+03,+99999.9E+99,+99999.9E+99,+99999.9E+99,+99999.9E+99,+99999.9E+99,+99999.9E+99,+99999.9E+99,+99999.9E+99,+99999.9E+99,+99999.9E+99,+99999.9E+99,+99999.9E+99,1B00,0,0,0,1B00,76.7213E+00,76.6990E+00,76.3939E+00,76.6047E+00,72.5938E+00,72.7351E+00,72.0447E+00,72.4579E+00,76.7213E+00,76.6990E+00,76.3939E+00,0.0000E+00,0.0000E+00,0.0000E+00,70.7748E+00,70.6772E+00,70.5211E+00,105.720E+00,105.986E+00,105.803E+00,-104.280E+00,-104.531E+00,-104.291E+00,35.700E+00,35.199E+00,35.627E+00,+99999.9E+99,+99999.9E+99,+99999.9E+99,0.210E+00,9.7166E+00,9.3006E+00,9.9146E+00,9.6439E+00,8.4111E+00,8.0599E+00,8.4680E+00,8.3130E+00,9.7159E+00,9.3006E+00,9.9146E+00,-0.1160E+00,0.0000E+00,0.0000E+00,13.3578E+00,13.3923E+00,13.9445E+00,26.4014E+00,24.7314E+00,27.1276E+00,-25.5462E+00,-23.2729E+00,-26.6795E+00,42.935E+00,42.249E+00,40.332E+00,+99999.9E+99,+99999.9E+99,+99999.9E+99,2.490E+00,0.28453E+03,0.28305E+03,0.30293E+03,0.87051E+03,0.46497E+03,0.47961E+03,0.48868E+03,1.43326E+03,0.43227E+03,0.41416E+03,0.44014E+03,1.28658E+03,0.54078E+03,0.54338E+03,0.56097E+03,1.64484E+03,-0.32542E+03,-0.30235E+03,-0.31931E+03,-0.94708E+03,-0.27613E+03,-0.25542E+03,-0.27546E+03,-0.80701E+03,-0.65822E+00,-0.68343E+00,-0.68825E+00,-0.67661E+00,-0.85981E+00,-0.88264E+00,-0.87113E+00,-0.87137E+00,0.000E+00,120.185E+00,-119.985E+00,60.652E+00,178.155E+00,-60.456E+00,-48.835E+00,-46.888E+00,-46.508E+00,-47.421E+00,202.488E+00,201.838E+00,202.214E+00,92.006E+00,+99999.9E+99,+99999.9E+99,0.00007E+06,-0.00052E+06,0.00000E+00,10.105E+00,0.757E+03,0.00080E+06,43.931E+00,F0F08
2021/11/30,17:34:21,00000:00:46,550,38003F00,700,1C00,1C00,3800,99.927E+00,0.000E+00,0.000E+00,110.990E+00,0.000E+00,0.000E+00,0.511E+00,0.000E+00,0.000E+00,99.926E+00,0.000E+00,0.000E+00,0.000E+00,0.000E+00,0.000E+00,100.929E+00,0.000E+00,0.000E+00,98.846E+00,0.000E+00,0.000E+00,66.465E+00,+99999.9E+99,+99999.9E+99,1.042E+00,+99999.9E+99,+99999.9E+99,11.7736E+00,0.00000E+00,0.00000E+00,12.0457E+00,0.00000E+00,0.00000E+00,4.5831E+00,0.00000E+00,0.00000E+00,10.8449E+00,0.00000E+00,0.00000E+00,4.0511E+00,0.00000E+00,0.00000E+00,18.0450E+00,0.0000E+00,0.0000E+00,4.0162E+00,0.0000E+00,0.0000E+00,48.207E+00,+99999.9E+99,+99999.9E+99,64.679E+00,+99999.9E+99,+99999.9E+99,1.08160E+03,0.00000E+03,0.00000E+03,0.00000E+03,0.00000E+03,0.00000E+03,1.17650E+03,0.00000E+03,0.00000E+03,0.00000E+03,0.00000E+03,0.00000E+03,0.46292E+03,0.00000E+03,0.00000E+03,0.00000E+03,0.00000E+03,0.00000E+03,0.91934E+00,0.00000E+00,0.00000E+00,0.88394E+00,0.10905E+00,0.36578E+00,0.000E+00,-144.558E+00,151.996E+00,152.121E+00,131.703E+00,-139.460E+00,23.171E+00,90.000E+00,90.000E+00,12.6297E+00,0.00000E+00,0.00000E+00,96.994E+00,100.000E+00,100.000E+00,0.03252E+03,0.00000E+03,0.00000E+03,+99999.9E+99,+99999.9E+99,+99999.9E+99,+99999.9E+99,+99999.9E+99,+99999.9E+99,+99999.9E+99,+99999.9E+99,+99999.9E+99,+99999.9E+99,+99999.9E+99,+99999.9E+99,1B00,0,0,0,1B00,76.5544E+00,77.0168E+00,77.0259E+00,76.8657E+00,71.8998E+00,72.7790E+00,72.7824E+00,72.4871E+00,76.5544E+00,77.0168E+00,77.0259E+00,0.0000E+00,0.0000E+00,0.0000E+00,73.1664E+00,73.2681E+00,73.1623E+00,105.844E+00,106.090E+00,105.823E+00,-105.120E+00,-104.450E+00,-104.403E+00,13.881E+00,13.833E+00,14.099E+00,+99999.9E+99,+99999.9E+99,+99999.9E+99,0.091E+00,11.6821E+00,11.4563E+00,11.2521E+00,11.4635E+00,10.0804E+00,9.9509E+00,9.6503E+00,9.8938E+00,11.6811E+00,11.4502E+00,11.2397E+00,-0.1535E+00,-0.3735E+00,0.5282E+00,4.7780E+00,4.5470E+00,4.7812E+00,27.6409E+00,27.0505E+00,28.5405E+00,-26.5157E+00,-27.1471E+00,-26.1462E+00,58.961E+00,60.199E+00,56.876E+00,+99999.9E+99,+99999.9E+99,+99999.9E+99,2.626E+00,0.36063E+03,0.34209E+03,0.34636E+03,1.04908E+03,0.17179E+03,0.16853E+03,0.17750E+03,0.51782E+03,0.52164E+03,0.51096E+03,0.50429E+03,1.53688E+03,0.19763E+03,0.19093E+03,0.19930E+03,0.58776E+03,-0.37690E+03,-0.37954E+03,-0.36652E+03,-1.12296E+03,-0.09771E+03,-0.08973E+03,-0.09063E+03,-0.27807E+03,-0.69134E+00,-0.66951E+00,-0.68684E+00,-0.68260E+00,-0.86922E+00,-0.88269E+00,-0.89063E+00,-0.88101E+00,0.000E+00,120.048E+00,-119.910E+00,59.674E+00,178.033E+00,-62.860E+00,-46.264E+00,-47.971E+00,-46.620E+00,-46.953E+00,201.346E+00,202.107E+00,201.491E+00,93.093E+00,+99999.9E+99,+99999.9E+99,0.00007E+06,-0.00063E+06,0.00000E+00,12.319E+00,0.757E+03,0.00098E+06,43.602E+00,F0F08
2021/11/30,17:34:21,00000:00:46,600,38003F00,2800,3B00,3B00,3F00,99.985E+00,0.000E+00,0.000E+00,111.054E+00,0.000E+00,0.000E+00,0.500E+00,0.000E+00,0.000E+00,99.984E+00,0.000E+00,0.000E+00,0.000E+00,0.000E+00,0.000E+00,100.939E+00,0.000E+00,0.000E+00,98.836E+00,0.000E+00,0.000E+00,66.465E+00,+99999.9E+99,+99999.9E+99,1.052E+00,+99999.9E+99,+99999.9E+99,11.5138E+00,0.00000E+00,0.00000E+00,11.7068E+00,0.00000E+00,0.00000E+00,4.6345E+00,0.00000E+00,0.00000E+00,10.5399E+00,0.00000E+00,0.00000E+00,4.0511E+00,0.00000E+00,0.00000E+00,18.2038E+00,0.0000E+00,0.0000E+00,4.0633E+00,0.0000E+00,0.0000E+00,48.207E+00,+99999.9E+99,+99999.9E+99,67.081E+00,+99999.9E+99,+99999.9E+99,1.05173E+03,0.00000E+03,0.00000E+03,0.00000E+03,0.00000E+03,0.00000E+03,1.15121E+03,0.00000E+03,0.00000E+03,0.00000E+03,0.00000E+03,0.00000E+03,0.46813E+03,0.00000E+03,0.00000E+03,0.00000E+03,0.00000E+03,0.00000E+03,0.91359E+00,0.00000E+00,0.00000E+00,0.88394E+00,0.10905E+00,0.36578E+00,0.000E+00,-144.558E+00,151.996E+00,152.121E+00,131.703E+00,-139.460E+00,23.994E+00,90.000E+00,90.000E+00,0.00000E+00,0.00000E+00,0.00000E+00,122.141E+00,100.000E+00,100.000E+00,-0.23287E+03,0.00000E+03,0.00000E+03,+99999.9E+99,+99999.9E+99,+99999.9E+99,+99999.9E+99,+99999.9E+99,+99999.9E+99,+99999.9E+99,+99999.9E+99,+99999.9E+99,+99999.9E+99,+99999.9E+99,+99999.9E+99,1B00,0,0,0,1B00,77.2328E+00,77.2456E+00,77.0255E+00,77.1680E+00,72.2487E+00,72.4439E+00,71.9129E+00,72.2018E+00,77.2328E+00,77.2456E+00,77.0255E+00,0.0000E+00,0.0000E+00,0.0000E+00,70.5125E+00,71.0818E+00,70.9667E+00,105.344E+00,105.731E+00,105.601E+00,-104.254E+00,-104.839E+00,-104.296E+00,34.619E+00,34.654E+00,34.588E+00,+99999.9E+99,+99999.9E+99,+99999.9E+99,0.491E+00,13.5298E+00,13.0993E+00,13.4796E+00,13.3696E+00,12.4577E+00,12.0338E+00,12.3892E+00,12.2935E+00,13.5289E+00,13.0993E+00,13.4781E+00,-0.1586E+00,0.0000E+00,0.2047E+00,14.0519E+00,13.1530E+00,13.1244E+00,27.5648E+00,27.1148E+00,28.6262E+00,-26.5405E+00,-27.1452E+00,-26.6733E+00,39.739E+00,41.950E+00,42.155E+00,+99999.9E+99,+99999.9E+99,+99999.9E+99,4.319E+00,0.42612E+03,0.41782E+03,0.44065E+03,1.28460E+03,0.50166E+03,0.45957E+03,0.48370E+03,1.44493E+03,0.60994E+03,0.59036E+03,0.60633E+03,1.80663E+03,0.56639E+03,0.53213E+03,0.53623E+03,1.63385E+03,-0.43640E+03,-0.41707E+03,-0.41648E+03,-1.26995E+03,-0.26294E+03,-0.26824E+03,-0.23147E+03,-0.76265E+03,-0.69863E+00,-0.70775E+00,-0.72676E+00,-0.71105E+00,-0.88571E+00,-0.86366E+00,-0.90203E+00,-0.88437E+00,0.000E+00,119.846E+00,-119.677E+00,57.928E+00,-179.941E+00,-64.314E+00,-45.683E+00,-44.948E+00,-43.384E+00,-44.680E+00,202.277E+00,201.682E+00,202.022E+00,89.501E+00,+99999.9E+99,+99999.9E+99,0.00013E+06,-0.00073E+06,0.00000E+00,14.487E+00,0.758E+03,0.00115E+06,43.801E+00,F0F08
2021/11/30,17:34:21,00000:00:46,650,38003F00,2D00,3F00,3F00,3F00,99.985E+00,0.000E+00,0.000E+00,111.054E+00,0.000E+00,0.000E+00,0.500E+00,0.000E+00,0.000E+00,99.984E+00,0.000E+00,0.000E+00,0.000E+00,0.000E+00,0.000E+00,100.939E+00,0.000E+00,0.000E+00,98.836E+00,0.000E+00,0.000E+00,34.687E+00,389.514E+00,+99999.9E+99,1.052E+00,+99999.9E+99,+99999.9E+99,11.5138E+00,0.00000E+00,0.00000E+00,11.7068E+00,0.00000E+00,0.00000E+00,4.6345E+00,0.00000E+00,0.00000E+00,10.5399E+00,0.00000E+00,0.00000E+00,4.2624E+00,0.00000E+00,0.00000E+00,18.2038E+00,0.0000E+00,0.0000E+00,4.0633E+00,0.0000E+00,0.0000E+00,39.877E+00,+99999.9E+99,+99999.9E+99,67.081E+00,+99999.9E+99,+99999.9E+99,1.05173E+03,0.00000E+03,0.00000E+03,0.00000E+03,0.00000E+03,0.00000E+03,1.15121E+03,0.00000E+03,0.00000E+03,0.00000E+03,0.00000E+03,0.00000E+03,0.46813E+03,0.00000E+03,0.00000E+03,0.00000E+03,0.00000E+03,0.00000E+03,0.91359E+00,0.00000E+00,0.00000E+00,0.93456E+00,0.88463E+00,0.91965E+00,0.000E+00,96.104E+00,-174.024E+00,159.157E+00,68.309E+00,-150.899E+00,23.994E+00,90.000E+00,90.000E+00,0.00000E+00,0.00000E+00,0.00000E+00,72.934E+00,100.000E+00,100.000E+00,0.28466E+03,0.00000E+03,0.00000E+03,+99999.9E+99,+99999.9E+99,+99999.9E+99,+99999.9E+99,+99999.9E+99,+99999.9E+99,+99999.9E+99,+99999.9E+99,+99999.9E+99,+99999.9E+99,+99999.9E+99,+99999.9E+99,1B00,0,0,0,1B00,76.3078E+00,76.6671E+00,76.5368E+00,76.5039E+00,72.2046E+00,72.9045E+00,72.6578E+00,72.5890E+00,76.3078E+00,76.6671E+00,76.5368E+00,0.0000E+00,0.0000E+00,0.0000E+00,71.9689E+00,71.7877E+00,71.7252E+00,105.867E+00,106.093E+00,105.754E+00,-105.987E+00,-104.856E+00,-104.499E+00,26.974E+00,26.035E+00,26.758E+00,+99999.9E+99,+99999.9E+99,+99999.9E+99,0.205E+00,8.1975E+00,8.1365E+00,8.0785E+00,8.1375E+00,7.2970E+00,7.2547E+00,7.1850E+00,7.2456E+00,8.1967E+00,8.1355E+00,8.0749E+00,-0.1162E+00,-0.1245E+00,0.2417E+00,9.6238E+00,9.8136E+00,10.1519E+00,22.2567E+00,20.6819E+00,20.3624E+00,-18.6062E+00,-19.0814E+00,-19.8348E+00,48.810E+00,46.328E+00,44.865E+00,+99999.9E+99,+99999.9E+99,+99999.9E+99,4.276E+00,0.25763E+03,0.25165E+03,0.25779E+03,0.76707E+03,0.33141E+03,0.35547E+03,0.35861E+03,1.04549E+03,0.36291E+03,0.36051E+03,0.35883E+03,1.08226E+03,0.38695E+03,0.39854E+03,0.41515E+03,1.20004E+03,-0.25560E+03,-0.25815E+03,-0.24960E+03,-0.76336E+03,-0.19975E+03,-0.18020E+03,-0.20916E+03,-0.58911E+03,-0.70989E+00,-0.69804E+00,-0.71842E+00,-0.70877E+00,-0.85646E+00,-0.89194E+00,-0.86381E+00,-0.87121E+00,0.000E+00,120.142E+00,-120.052E+00,60.996E+00,176.993E+00,-59.686E+00,-44.774E+00,-45.730E+00,-44.076E+00,-44.865E+00,201.862E+00,202.146E+00,202.133E+00,94.614E+00,+99999.9E+99,+99999.9E+99,0.00004E+06,-0.00047E+06,0.00000E+00,9.158E+00,0.757E+03,0.00073E+06,43.764E+00,F0F08
2021/11/30,17:34:21,00000:00:46,700,38003F00,2800,3B00,3B00,3F00,99.812E+00,0.000E+00,0.000E+00,110.862E+00,0.000E+00,0.000E+00,0.501E+00,0.000E+00,0.000E+00,99.811E+00,0.000E+00,0.000E+00,0.000E+00,0.000E+00,0.000E+00,100.954E+00,0.000E+00,0.000E+00,98.818E+00,0.000E+00,0.000E+00,34.687E+00,389.514E+00,+99999.9E+99,1.070E+00,+99999.9E+99,+99999.9E+99,12.2651E+00,0.00000E+00,0.00000E+00,12.7102E+00,0.00000E+00,0.00000E+00,4.4141E+00,0.00000E+00,0.00000E+00,11.4432E+00,0.00000E+00,0.00000E+00,4.2624E+00,0.00000E+00,0.00000E+00,18.2010E+00,0.0000E+00,0.0000E+00,4.1071E+00,0.0000E+00,0.0000E+00,39.877E+00,+99999.9E+99,+99999.9E+99,61.582E+00,+99999.9E+99,+99999.9E+99,1.14016E+03,0.00000E+03,0.00000E+03,0.00000E+03,0.00000E+03,0.00000E+03,1.22420E+03,0.00000E+03,0.00000E+03,0.00000E+03,0.00000E+03,0.00000E+03,-0.44575E+03,0.00000E+03,0.00000E+03,0.00000E+03,0.00000E+03,0.00000E+03,-0.93135E+00,0.00000E+00,0.00000E+00,0.93456E+00,0.88463E+00,0.91965E+00,0.000E+00,96.104E+00,-174.024E+00,159.157E+00,68.309E+00,-150.899E+00,-21.353E+00,90.000E+00,90.000E+00,9.34415E+00,0.00000E+00,0.00000E+00,109.905E+00,100.000E+00,100.000E+00,-0.11293E+03,0.00000E+03,0.00000E+03,+99999.9E+99,+99999.9E+99,+99999.9E+99,+99999.9E+99,+99999.9E+99,+99999.9E+99,+99999.9E+99,+99999.9E+99,+99999.9E+99,+99999.9E+99,+99999.9E+99,+99999.9E+99,1B00,0,0,0,1B00,77.1056E+00,77.2052E+00,77.1510E+00,77.1539E+00,72.1652E+00,72.5648E+00,72.3150E+00,72.3483E+00,77.1056E+00,77.2052E+00,77.1510E+00,0.0000E+00,0.0000E+00,0.0000E+00,72.7642E+00,73.1950E+00,73.0427E+00,105.789E+00,106.060E+00,105.716E+00,-104.983E+00,-104.744E+00,-104.701E+00,16.235E+00,16.346E+00,16.784E+00,+99999.9E+99,+99999.9E+99,+99999.9E+99,0.353E+00,13.3737E+00,12.8971E+00,13.0944E+00,13.1218E+00,12.1847E+00,11.6962E+00,11.7609E+00,11.8806E+00,13.3728E+00,12.8931E+00,13.0854E+00,-0.1623E+00,-0.3235E+00,0.4868E+00,6.3931E+00,5.7127E+00,5.6191E+00,27.5105E+00,27.2443E+00,28.4824E+00,-26.6329E+00,-26.7805E+00,-26.7238E+00,50.099E+00,54.730E+00,55.296E+00,+99999.9E+99,+99999.9E+99,+99999.9E+99,7.111E+00,0.42637E+03,0.40413E+03,0.42260E+03,1.25309E+03,0.22885E+03,0.19905E+03,0.21598E+03,0.64388E+03,0.60292E+03,0.57973E+03,0.58866E+03,1.77132E+03,0.25690E+03,0.23103E+03,0.23457E+03,0.72148E+03,-0.42629E+03,-0.41566E+03,-0.40980E+03,-1.25175E+03,-0.11672E+03,-0.11727E+03,-0.09151E+03,-0.32551E+03,-0.70717E+00,-0.69709E+00,-0.71790E+00,-0.70744E+00,-0.89082E+00,-0.86159E+00,-0.92076E+00,-0.89244E+00,0.000E+00,119.942E+00,-119.730E+00,57.223E+00,-179.624E+00,-66.896E+00,-44.995E+00,-45.806E+00,-44.119E+00,-44.973E+00,201.906E+00,201.587E+00,201.869E+00,90.884E+00,+99999.9E+99,+99999.9E+99,0.00011E+06,-0.00073E+06,0.00000E+00,14.355E+00,0.758E+03,0.00114E+06,43.716E+00,F0F08
2021/11/30,17:34:21,00000:00:46,750,38003800,0,1800,1800,3800,99.930E+00,0.000E+00,0.000E+00,110.993E+00,0.000E+00,0.000E+00,0.509E+00,0.000E+00,0.000E+00,99.929E+00,0.000E+00,0.000E+00,0.000E+00,0.000E+00,0.000E+00,100.968E+00,0.000E+00,0.000E+00,98.861E+00,0.000E+00,0.000E+00,101.144E+00,+99999.9E+99,489.074E+00,1.054E+00,+99999.9E+99,+99999.9E+99,11.7347E+00,0.00000E+00,0.00000E+00,12.0070E+00,0.00000E+00,0.00000E+00,4.5656E+00,0.00000E+00,0.00000E+00,10.8101E+00,0.00000E+00,0.00000E+00,3.0074E+00,0.00000E+00,0.00000E+00,18.1505E+00,0.0000E+00,0.0000E+00,3.8910E+00,0.0000E+00,0.0000E+00,103.473E+00,+99999.9E+99,+99999.9E+99,65.955E+00,+99999.9E+99,+99999.9E+99,1.07817E+03,0.00000E+03,0.00000E+03,0.00000E+03,0.00000E+03,0.00000E+03,1.17265E+03,0.00000E+03,0.00000E+03,0.00000E+03,0.00000E+03,0.00000E+03,0.46115E+03,0.00000E+03,0.00000E+03,0.00000E+03,0.00000E+03,0.00000E+03,0.91943E+00,0.00000E+00,0.00000E+00,0.83204E+00,0.65556E+00,0.52373E+00,0.000E+00,155.000E+00,163.952E+00,146.309E+00,105.962E+00,105.535E+00,23.157E+00,90.000E+00,90.000E+00,12.6212E+00,0.00000E+00,0.00000E+00,100.279E+00,100.000E+00,100.000E+00,-0.00301E+03,0.00000E+03,0.00000E+03,+99999.9E+99,+99999.9E+99,+99999.9E+99,+99999.9E+99,+99999.9E+99,+99999.9E+99,+99999.9E+99,+99999.9E+99,+99999.9E+99,+99999.9E+99,+99999.9E+99,+99999.9E+99,1B00,0,0,0,1B00,76.7681E+00,77.1097E+00,76.8529E+00,76.9102E+00,72.0394E+00,72.6640E+00,72.1967E+00,72.3000E+00,76.7681E+00,77.1097E+00,76.8529E+00,0.0000E+00,0.0000E+00,0.0000E+00,70.0750E+00,70.2846E+00,70.1987E+00,105.519E+00,106.066E+00,105.547E+00,-104.274E+00,-104.709E+00,-104.213E+00,38.859E+00,38.690E+00,38.672E+00,+99999.9E+99,+99999.9E+99,+99999.9E+99,0.178E+00,11.9008E+00,11.7180E+00,12.0097E+00,11.8762E+00,10.4170E+00,10.3273E+00,10.5200E+00,10.4214E+00,11.9004E+00,11.7180E+00,12.0097E+00,-0.1071E+00,0.0000E+00,0.0000E+00,15.3093E+00,14.9032E+00,15.1005E+00,27.5643E+00,27.0210E+00,28.4762E+00,-26.2614E+00,-27.1100E+00,-26.5933E+00,39.579E+00,40.562E+00,39.626E+00,+99999.9E+99,+99999.9E+99,+99999.9E+99,1.644E+00,0.35484E+03,0.35651E+03,0.36983E+03,1.08118E+03,0.53922E+03,0.52358E+03,0.54001E+03,1.60280E+03,0.53178E+03,0.52508E+03,0.53900E+03,1.59586E+03,0.61831E+03,0.60161E+03,0.61124E+03,1.83103E+03,-0.39608E+03,-0.38550E+03,-0.39211E+03,-1.17369E+03,-0.30259E+03,-0.29631E+03,-0.28636E+03,-0.88526E+03,-0.66727E+00,-0.67895E+00,-0.68614E+00,-0.67749E+00,-0.87207E+00,-0.87029E+00,-0.88346E+00,-0.87536E+00,0.000E+00,119.976E+00,-119.861E+00,59.400E+00,179.445E+00,-61.986E+00,-48.143E+00,-47.238E+00,-46.675E+00,-47.352E+00,202.170E+00,202.489E+00,201.992E+00,90.255E+00,+99999.9E+99,+99999.9E+99,0.00011E+06,-0.00062E+06,0.00000E+00,12.296E+00,0.758E+03,0.00098E+06,43.771E+00,F0F0F
2021/11/30,17:34:22,00000:00:46,800,38003F00,700,1F00,1F00,3F00,99.930E+00,0.000E+00,0.000E+00,110.993E+00,0.000E+00,0.000E+00,0.509E+00,0.000E+00,0.000E+00,99.929E+00,0.000E+00,0.000E+00,0.000E+00,0.000E+00,0.000E+00,100.968E+00,0.000E+00,0.000E+00,98.861E+00,0.000E+00,0.000E+00,101.144E+00,+99999.9E+99,489.074E+00,1.054E+00,+99999.9E+99,+99999.9E+99,11.7347E+00,0.00000E+00,0.00000E+00,12.0070E+00,0.00000E+00,0.00000E+00,4.5656E+00,0.00000E+00,0.00000E+00,10.8101E+00,0.00000E+00,0.00000E+00,3.0074E+00,0.00000E+00,0.00000E+00,18.1505E+00,0.0000E+00,0.0000E+00,3.8910E+00,0.0000E+00,0.0000E+00,103.473E+00,+99999.9E+99,+99999.9E+99,65.955E+00,+99999.9E+99,+99999.9E+99,1.07817E+03,0.00000E+03,0.00000E+03,0.00000E+03,0.00000E+03,0.00000E+03,1.17265E+03,0.00000E+03,0.00000E+03,0.00000E+03,0.00000E+03,0.00000E+03,0.46115E+03,0.00000E+03,0.00000E+03,0.00000E+03,0.00000E+03,0.00000E+03,0.91943E+00,0.00000E+00,0.00000E+00,0.83204E+00,0.65556E+00,0.52373E+00,0.000E+00,155.000E+00,163.952E+00,146.309E+00,105.962E+00,105.535E+00,23.157E+00,90.000E+00,90.000E+00,12.6212E+00,0.00000E+00,0.00000E+00,77.723E+00,100.000E+00,100.000E+00,0.24019E+03,0.00000E+03,0.00000E+03,+99999.9E+99,+99999.9E+99,+99999.9E+99,+99999.9E+99,+99999.9E+99,+99999.9E+99,+99999.9E+99,+99999.9E+99,+99999.9E+99,+99999.9E+99,+99999.9E+99,+99999.9E+99,1B00,0,0,0,1B00,76.5797E+00,76.6392E+00,76.5762E+00,76.5983E+00,72.4380E+00,72.7657E+00,72.4946E+00,72.5661E+00,76.5797E+00,76.6392E+00,76.5762E+00,0.0000E+00,0.0000E+00,0.0000E+00,72.9352E+00,72.7723E+00,72.7053E+00,105.870E+00,106.136E+00,105.804E+00,-104.601E+00,-104.921E+00,-104.603E+00,18.291E+00,17.853E+00,17.885E+00,+99999.9E+99,+99999.9E+99,+99999.9E+99,0.189E+00,9.4674E+00,8.9418E+00,9.0835E+00,9.1642E+00,8.1632E+00,7.7283E+00,7.7712E+00,7.8875E+00,9.4663E+00,8.9385E+00,9.0751E+00,-0.1479E+00,-0.2421E+00,0.3911E+00,6.0511E+00,6.3467E+00,6.7532E+00,26.1495E+00,24.1762E+00,24.8633E+00,-26.4205E+00,-25.0581E+00,-22.5257E+00,57.568E+00,53.396E+00,50.435E+00,+99999.9E+99,+99999.9E+99,+99999.9E+99,4.890E+00,0.28692E+03,0.26793E+03,0.28314E+03,0.83798E+03,0.21591E+03,0.23253E+03,0.23684E+03,0.68528E+03,0.42122E+03,0.39672E+03,0.40291E+03,1.22085E+03,0.25195E+03,0.25900E+03,0.27281E+03,0.78325E+03,-0.30840E+03,-0.29258E+03,-0.28664E+03,-0.88763E+03,-0.12987E+03,-0.11405E+03,-0.13539E+03,-0.37930E+03,-0.68115E+00,-0.67535E+00,-0.70274E+00,-0.68639E+00,-0.85693E+00,-0.89782E+00,-0.86817E+00,-0.87492E+00,0.000E+00,120.129E+00,-120.049E+00,60.950E+00,176.229E+00,-60.192E+00,-47.067E+00,-47.519E+00,-45.352E+00,-46.655E+00,202.290E+00,201.615E+00,202.386E+00,94.936E+00,+99999.9E+99,+99999.9E+99,0.00004E+06,-0.00053E+06,0.00000E+00,10.038E+00,0.757E+03,0.00080E+06,43.879E+00,F0F0F
2021/11/30,17:34:22,00000:00:46,850,38003F00,500,1F00,1F00,3F00,99.930E+00,0.000E+00,0.000E+00,110.993E+00,0.000E+00,0.000E+00,0.509E+00,0.000E+00,0.000E+00,99.929E+00,0.000E+00,0.000E+00,0.000E+00,0.000E+00,0.000E+00,100.968E+00,0.000E+00,0.000E+00,98.861E+00,0.000E+00,0.000E+00,18.144E+00,325.718E+00,422.910E+00,1.054E+00,+99999.9E+99,+99999.9E+99,11.7347E+00,0.00000E+00,0.00000E+00,12.0070E+00,0.00000E+00,0.00000E+00,4.5656E+00,0.00000E+00,0.00000E+00,10.8101E+00,0.00000E+00,0.00000E+00,4.6794E+00,0.00000E+00,0.00000E+00,18.1505E+00,0.0000E+00,0.0000E+00,3.8910E+00,0.0000E+00,0.0000E+00,8.232E+00,+99999.9E+99,+99999.9E+99,65.955E+00,+99999.9E+99,+99999.9E+99,1.07817E+03,0.00000E+03,0.00000E+03,0.00000E+03,0.00000E+03,0.00000E+03,1.17265E+03,0.00000E+03,0.00000E+03,0.00000E+03,0.00000E+03,0.00000E+03,0.46115E+03,0.00000E+03,0.00000E+03,0.00000E+03,0.00000E+03,0.00000E+03,0.91943E+00,0.00000E+00,0.00000E+00,0.91769E+00,0.12660E+00,0.99997E+00,0.000E+00,-134.588E+00,152.675E+00,156.590E+00,142.685E+00,152.266E+00,23.157E+00,90.000E+00,90.000E+00,12.6212E+00,0.00000E+00,0.00000E+00,123.700E+00,100.000E+00,100.000E+00,-0.25552E+03,0.00000E+03,0.00000E+03,+99999.9E+99,+99999.9E+99,+99999.9E+99,+99999.9E+99,+99999.9E+99,+99999.9E+99,+99999.9E+99,+99999.9E+99,+99999.9E+99,+99999.9E+99,+99999.9E+99,+99999.9E+99,1B00,0,0,0,1B00,77.0149E+00,77.4689E+00,77.3523E+00,77.2787E+00,71.6828E+00,72.5421E+00,72.3192E+00,72.1814E+00,77.0149E+00,77.4689E+00,77.3523E+00,0.0000E+00,0.0000E+00,0.0000E+00,71.7948E+00,72.3680E+00,72.1424E+00,105.561E+00,106.066E+00,105.571E+00,-104.519E+00,-104.240E+00,-105.047E+00,25.060E+00,25.422E+00,25.387E+00,+99999.9E+99,+99999.9E+99,+99999.9E+99,0.458E+00,13.8397E+00,13.5080E+00,13.6469E+00,13.6649E+00,12.9121E+00,12.7153E+00,12.6777E+00,12.7683E+00,13.8388E+00,13.5058E+00,13.6411E+00,-0.1575E+00,-0.2414E+00,0.4000E+00,10.0768E+00,9.2190E+00,9.3815E+00,27.5500E+00,27.1643E+00,28.5152E+00,-26.6219E+00,-26.8681E+00,-26.5967E+00,44.329E+00,47.202E+00,47.420E+00,+99999.9E+99,+99999.9E+99,+99999.9E+99,6.729E+00,0.44902E+03,0.43690E+03,0.44777E+03,1.33369E+03,0.36662E+03,0.32127E+03,0.34666E+03,1.03454E+03,0.62360E+03,0.60884E+03,0.61739E+03,1.84983E+03,0.41111E+03,0.37272E+03,0.37721E+03,1.15954E+03,-0.43274E+03,-0.42404E+03,-0.42505E+03,-1.28182E+03,-0.18603E+03,-0.18895E+03,-0.14872E+03,-0.52370E+03,-0.72004E+00,-0.71759E+00,-0.72527E+00,-0.72098E+00,-0.89177E+00,-0.86197E+00,-0.91900E+00,-0.89220E+00,0.000E+00,119.937E+00,-119.643E+00,57.163E+00,-179.700E+00,-66.584E+00,-43.942E+00,-44.144E+00,-43.509E+00,-43.865E+00,201.533E+00,202.205E+00,201.052E+00,90.367E+00,+99999.9E+99,+99999.9E+99,0.00013E+06,-0.00077E+06,0.00000E+00,15.187E+00,0.758E+03,0.00121E+06,43.595E+00,F0F08
2021/11/30,17:34:22,00000:00:46,900,38003F00,500,1F00,1F00,3F00,99.930E+00,0.000E+00,0.000E+00,110.993E+00,0.000E+00,0.000E+00,0.509E+00,0.000E+00,0.000E+00,99.929E+00,0.000E+00,0.000E+00,0.000E+00,0.000E+00,0.000E+00,100.968E+00,0.000E+00,0.000E+00,98.861E+00,0.000E+00,0.000E+00,67.260E+00,+99999.9E+99,+99999.9E+99,1.054E+00,+99999.9E+99,+99999.9E+99,11.7347E+00,0.00000E+00,0.00000E+00,12.0070E+00,0.00000E+00,0.00000E+00,4.5656E+00,0.00000E+00,0.00000E+00,10.8101E+00,0.00000E+00,0.00000E+00,4.1213E+00,0.00000E+00,0.00000E+00,18.1505E+00,0.0000E+00,0.0000E+00,3.8910E+00,0.0000E+00,0.0000E+00,47.917E+00,+99999.9E+99,+99999.9E+99,65.955E+00,+99999.9E+99,+99999.9E+99,1.07817E+03,0.00000E+03,0.00000E+03,0.00000E+03,0.00000E+03,0.00000E+03,1.17265E+03,0.00000E+03,0.00000E+03,0.00000E+03,0.00000E+03,0.00000E+03,0.46115E+03,0.00000E+03,0.00000E+03,0.00000E+03,0.00000E+03,0.00000E+03,0.91943E+00,0.00000E+00,0.00000E+00,0.88376E+00,0.71962E+00,0.30724E+00,0.000E+00,-51.135E+00,136.110E+00,152.099E+00,-95.112E+00,28.217E+00,23.157E+00,90.000E+00,90.000E+00,12.6212E+00,0.00000E+00,0.00000E+00,81.101E+00,100.000E+00,100.000E+00,0.20376E+03,0.00000E+03,0.00000E+03,+99999.9E+99,+99999.9E+99,+99999.9E+99,+99999.9E+99,+99999.9E+99,+99999.9E+99,+99999.9E+99,+99999.9E+99,+99999.9E+99,+99999.9E+99,+99999.9E+99,+99999.9E+99,1B00,0,0,0,1B00,76.7428E+00,76.6707E+00,76.3936E+00,76.6024E+00,72.6304E+00,72.7044E+00,72.0571E+00,72.4640E+00,76.7428E+00,76.6707E+00,76.3936E+00,0.0000E+00,0.0000E+00,0.0000E+00,70.7910E+00,70.6968E+00,70.5420E+00,105.817E+00,105.969E+00,105.726E+00,-104.533E+00,-104.154E+00,-103.776E+00,35.406E+00,34.924E+00,35.298E+00,+99999.9E+99,+99999.9E+99,+99999.9E+99,0.204E+00,9.7396E+00,9.3170E+00,9.9334E+00,9.6633E+00,8.4392E+00,8.0765E+00,8.4875E+00,8.3344E+00,9.7390E+00,9.3170E+00,9.9334E+00,-0.1035E+00,0.0000E+00,0.0000E+00,13.1936E+00,13.2562E+00,13.8110E+00,26.3952E+00,24.7952E+00,27.0990E+00,-25.5490E+00,-23.3505E+00,-26.7362E+00,43.337E+00,42.547E+00,40.616E+00,+99999.9E+99,+99999.9E+99,+99999.9E+99,2.589E+00,0.28616E+03,0.28397E+03,0.30428E+03,0.87441E+03,0.45645E+03,0.47248E+03,0.48067E+03,1.40961E+03,0.43353E+03,0.41488E+03,0.44082E+03,1.28923E+03,0.53323E+03,0.53700E+03,0.55449E+03,1.62441E+03,-0.32568E+03,-0.30247E+03,-0.31896E+03,-0.94711E+03,-0.27565E+03,-0.25521E+03,-0.27642E+03,-0.80729E+03,-0.66006E+00,-0.68446E+00,-0.69026E+00,-0.67824E+00,-0.85602E+00,-0.87985E+00,-0.86688E+00,-0.86777E+00,0.000E+00,120.181E+00,-119.987E+00,61.076E+00,178.491E+00,-59.967E+00,-48.695E+00,-46.807E+00,-46.350E+00,-47.294E+00,202.027E+00,201.770E+00,202.669E+00,91.882E+00,+99999.9E+99,+99999.9E+99,0.00007E+06,-0.00052E+06,0.00000E+00,10.139E+00,0.757E+03,0.00080E+06,43.819E+00,F0F08
2021/11/30,17:34:22,00000:00:46,950,38003F00,700,1C00,1C00,3800,99.930E+00,0.000E+00,0.000E+00,110.993E+00,0.000E+00,0.000E+00,0.509E+00,0.000E+00,0.000E+00,99.929E+00,0.000E+00,0.000E+00,0.000E+00,0.000E+00,0.000E+00,100.968E+00,0.000E+00,0.000E+00,98.861E+00,0.000E+00,0.000E+00,67.260E+00,+99999.9E+99,+99999.9E+99,1.054E+00,+99999.9E+99,+99999.9E+99,11.7347E+00,0.00000E+00,0.00000E+00,12.0070E+00,0.00000E+00,0.00000E+00,4.5656E+00,0.00000E+00,0.00000E+00,10.8101E+00,0.00000E+00,0.00000E+00,4.1213E+00,0.00000E+00,0.00000E+00,18.1505E+00,0.0000E+00,0.0000E+00,3.8910E+00,0.0000E+00,0.0000E+00,47.917E+00,+99999.9E+99,+99999.9E+99,65.955E+00,+99999.9E+99,+99999.9E+99,1.07817E+03,0.00000E+03,0.00000E+03,0.00000E+03,0.00000E+03,0.00000E+03,1.17265E+03,0.00000E+03,0.00000E+03,0.00000E+03,0.00000E+03,0.00000E+03,0.46115E+03,0.00000E+03,0.00000E+03,0.00000E+03,0.00000E+03,0.00000E+03,0.91943E+00,0.00000E+00,0.00000E+00,0.88376E+00,0.71962E+00,0.30724E+00,0.000E+00,-51.135E+00,136.110E+00,152.099E+00,-95.112E+00,28.217E+00,23.157E+00,90.000E+00,90.000E+00,12.6212E+00,0.00000E+00,0.00000E+00,97.183E+00,100.000E+00,100.000E+00,0.03037E+03,0.00000E+03,0.00000E+03,+99999.9E+99,+99999.9E+99,+99999.9E+99,+99999.9E+99,+99999.9E+99,+99999.9E+99,+99999.9E+99,+99999.9E+99,+99999.9E+99,+99999.9E+99,+99999.9E+99,+99999.9E+99,1B00,0,0,0,1B00,76.5287E+00,77.0160E+00,77.0255E+00,76.8567E+00,71.8572E+00,72.7907E+00,72.7904E+00,72.4794E+00,76.5287E+00,77.0160E+00,77.0255E+00,0.0000E+00,0.0000E+00,0.0000E+00,73.0742E+00,73.0780E+00,72.9730E+00,105.711E+00,106.041E+00,105.646E+00,-104.561E+00,-105.147E+00,-104.734E+00,15.419E+00,15.285E+00,15.301E+00,+99999.9E+99,+99999.9E+99,+99999.9E+99,0.096E+00,11.6857E+00,11.4344E+00,11.2354E+00,11.4518E+00,10.0829E+00,9.9325E+00,9.6395E+00,9.8850E+00,11.6843E+00,11.4282E+00,11.2215E+00,-0.1818E+00,-0.3759E+00,0.5589E+00,5.2355E+00,5.1447E+00,5.5416E+00,27.6048E+00,27.1267E+00,28.6257E+00,-26.5486E+00,-27.0667E+00,-26.2657E+00,58.316E+00,57.704E+00,53.448E+00,+99999.9E+99,+99999.9E+99,+99999.9E+99,3.376E+00,0.36055E+03,0.34104E+03,0.34620E+03,1.04779E+03,0.18623E+03,0.19179E+03,0.19910E+03,0.57712E+03,0.52169E+03,0.50979E+03,0.50348E+03,1.53496E+03,0.21563E+03,0.21492E+03,0.22608E+03,0.65644E+03,-0.37704E+03,-0.37892E+03,-0.36556E+03,-1.12152E+03,-0.10870E+03,-0.09700E+03,-0.10710E+03,-0.31281E+03,-0.69113E+00,-0.66898E+00,-0.68763E+00,-0.68262E+00,-0.86364E+00,-0.89236E+00,-0.88067E+00,-0.87916E+00,0.000E+00,120.089E+00,-119.956E+00,60.271E+00,176.874E+00,-61.633E+00,-46.281E+00,-48.012E+00,-46.557E+00,-46.951E+00,202.110E+00,202.057E+00,201.431E+00,92.909E+00,+99999.9E+99,+99999.9E+99,0.00007E+06,-0.00063E+06,0.00000E+00,12.282E+00,0.757E+03,0.00097E+06,43.824E+00,F0F08
2021/11/30,17:34:22,00000:00:47,0,38003F00,2800,3B00,3B00,3F00,99.992E+00,0.000E+00,0.000E+00,111.061E+00,0.000E+00,0.000E+00,0.502E+00,0.000E+00,0.000E+00,99.990E+00,0.000E+00,0.000E+00,0.000E+00,0.000E+00,0.000E+00,100.936E+00,0.000E+00,0.000E+00,98.804E+00,0.000E+00,0.000E+00,34.857E+00,+99999.9E+99,433.155E+00,1.066E+00,+99999.9E+99,+99999.9E+99,11.4495E+00,0.00000E+00,0.00000E+00,11.6253E+00,0.00000E+00,0.00000E+00,4.6417E+00,0.00000E+00,0.00000E+00,10.4664E+00,0.00000E+00,0.00000E+00,4.2575E+00,0.00000E+00,0.00000E+00,18.2160E+00,0.0000E+00,0.0000E+00,3.9540E+00,0.0000E+00,0.0000E+00,39.315E+00,+99999.9E+99,+99999.9E+99,68.132E+00,+99999.9E+99,+99999.9E+99,1.04445E+03,0.00000E+03,0.00000E+03,0.00000E+03,0.00000E+03,0.00000E+03,1.14485E+03,0.00000E+03,0.00000E+03,0.00000E+03,0.00000E+03,0.00000E+03,0.46885E+03,0.00000E+03,0.00000E+03,0.00000E+03,0.00000E+03,0.00000E+03,0.91230E+00,0.00000E+00,0.00000E+00,0.93517E+00,0.70218E+00,0.57266E+00,0.000E+00,-77.935E+00,163.446E+00,159.255E+00,147.463E+00,-71.618E+00,24.175E+00,90.000E+00,90.000E+00,0.00000E+00,0.00000E+00,0.00000E+00,123.166E+00,100.000E+00,100.000E+00,-0.24196E+03,0.00000E+03,0.00000E+03,+99999.9E+99,+99999.9E+99,+99999.9E+99,+99999.9E+99,+99999.9E+99,+99999.9E+99,+99999.9E+99,+99999.9E+99,+99999.9E+99,+99999.9E+99,+99999.9E+99,+99999.9E+99,1B00,0,0,0,1B00,77.2327E+00,77.2497E+00,77.0266E+00,77.1697E+00,72.2455E+00,72.4495E+00,71.9146E+00,72.2032E+00,77.2327E+00,77.2496E+00,77.0266E+00,0.0000E+00,0.0000E+00,0.0000E+00,71.0567E+00,71.7427E+00,71.5299E+00,105.401E+00,105.643E+00,105.481E+00,-104.726E+00,-105.107E+00,-104.427E+00,30.138E+00,30.360E+00,30.346E+00,+99999.9E+99,+99999.9E+99,+99999.9E+99,0.560E+00,13.5448E+00,13.1106E+00,13.4939E+00,13.3831E+00,12.4735E+00,12.0467E+00,12.4020E+00,12.3074E+00,13.5438E+00,13.1106E+00,13.4924E+00,-0.1653E+00,0.0000E+00,0.1982E+00,12.3815E+00,11.2257E+00,11.3896E+00,27.6071E+00,27.1395E+00,28.6162E+00,-26.5405E+00,-26.8771E+00,-26.7276E+00,41.040E+00,44.453E+00,44.300E+00,+99999.9E+99,+99999.9E+99,+99999.9E+99,6.073E+00,0.42674E+03,0.41839E+03,0.44128E+03,1.28641E+03,0.44388E+03,0.39344E+03,0.42178E+03,1.25910E+03,0.61061E+03,0.59092E+03,0.60699E+03,1.80852E+03,0.49888E+03,0.45732E+03,0.46181E+03,1.41647E+03,-0.43673E+03,-0.41730E+03,-0.41679E+03,-1.27082E+03,-0.22770E+03,-0.23312E+03,-0.18807E+03,-0.64888E+03,-0.69888E+00,-0.70803E+00,-0.72699E+00,-0.71130E+00,-0.88976E+00,-0.86032E+00,-0.91332E+00,-0.88890E+00,0.000E+00,119.886E+00,-119.586E+00,57.472E+00,-179.568E+00,-65.769E+00,-45.663E+00,-44.925E+00,-43.365E+00,-44.659E+00,201.453E+00,201.707E+00,202.064E+00,89.428E+00,+99999.9E+99,+99999.9E+99,0.00014E+06,-0.00073E+06,0.00000E+00,14.494E+00,0.758E+03,0.00115E+06,43.565E+00,F0F08
2021/11/30,17:34:22,00000:00:47,50,38003F00,2D00,3F00,3F00,3F00,99.992E+00,0.000E+00,0.000E+00,111.061E+00,0.000E+00,0.000E+00,0.502E+00,0.000E+00,0.000E+00,99.990E+00,0.000E+00,0.000E+00,0.000E+00,0.000E+00,0.000E+00,100.936E+00,0.000E+00,0.000E+00,98.804E+00,0.000E+00,0.000E+00,34.857E+00,+99999.9E+99,433.155E+00,1.066E+00,+99999.9E+99,+99999.9E+99,11.4495E+00,0.00000E+00,0.00000E+00,11.6253E+00,0.00000E+00,0.00000E+00,4.6417E+00,0.00000E+00,0.00000E+00,10.4664E+00,0.00000E+00,0.00000E+00,4.2575E+00,0.00000E+00,0.00000E+00,18.2160E+00,0.0000E+00,0.0000E+00,3.9540E+00,0.0000E+00,0.0000E+00,39.315E+00,+99999.9E+99,+99999.9E+99,68.132E+00,+99999.9E+99,+99999.9E+99,1.04445E+03,0.00000E+03,0.00000E+03,0.00000E+03,0.00000E+03,0.00000E+03,1.14485E+03,0.00000E+03,0.00000E+03,0.00000E+03,0.00000E+03,0.00000E+03,0.46885E+03,0.00000E+03,0.00000E+03,0.00000E+03,0.00000E+03,0.00000E+03,0.91230E+00,0.00000E+00,0.00000E+00,0.93517E+00,0.70218E+00,0.57266E+00,0.000E+00,-77.935E+00,163.446E+00,159.255E+00,147.463E+00,-71.618E+00,24.175E+00,90.000E+00,90.000E+00,0.00000E+00,0.00000E+00,0.00000E+00,73.606E+00,100.000E+00,100.000E+00,0.27567E+03,0.00000E+03,0.00000E+03,+99999.9E+99,+99999.9E+99,+99999.9E+99,+99999.9E+99,+99999.9E+99,+99999.9E+99,+99999.9E+99,+99999.9E+99,+99999.9E+99,+99999.9E+99,+99999.9E+99,+99999.9E+99,1B00,0,0,0,1B00,76.3073E+00,76.6619E+00,76.5405E+00,76.5032E+00,72.2055E+00,72.8969E+00,72.6721E+00,72.5915E+00,76.3073E+00,76.6619E+00,76.5404E+00,0.0000E+00,0.0000E+00,0.0000E+00,71.3464E+00,71.2337E+00,71.0809E+00,105.691E+00,106.080E+00,105.704E+00,-104.400E+00,-104.483E+00,-104.557E+00,31.821E+00,31.074E+00,31.694E+00,+99999.9E+99,+99999.9E+99,+99999.9E+99,0.226E+00,8.2127E+00,8.1541E+00,8.0857E+00,8.1508E+00,7.3085E+00,7.2690E+00,7.1890E+00,7.2555E+00,8.2118E+00,8.1531E+00,8.0819E+00,-0.1188E+00,-0.1257E+00,0.2453E+00,11.6672E+00,11.6816E+00,12.2789E+00,22.2633E+00,20.7333E+00,20.2833E+00,-18.6848E+00,-19.1038E+00,-19.8700E+00,45.373E+00,44.187E+00,42.201E+00,+99999.9E+99,+99999.9E+99,+99999.9E+99,3.401E+00,0.25853E+03,0.25219E+03,0.25806E+03,0.76878E+03,0.40119E+03,0.42248E+03,0.42867E+03,1.25234E+03,0.36359E+03,0.36131E+03,0.35913E+03,1.08403E+03,0.46850E+03,0.47670E+03,0.49475E+03,1.43949E+03,-0.25566E+03,-0.25873E+03,-0.24976E+03,-0.76415E+03,-0.24194E+03,-0.22080E+03,-0.24703E+03,-0.70977E+03,-0.71104E+00,-0.69801E+00,-0.71857E+00,-0.70919E+00,-0.85633E+00,-0.88626E+00,-0.86643E+00,-0.86999E+00,0.000E+00,120.196E+00,-119.987E+00,61.036E+00,177.719E+00,-59.906E+00,-44.680E+00,-45.733E+00,-44.064E+00,-44.831E+00,202.517E+00,202.133E+00,202.095E+00,94.927E+00,+99999.9E+99,+99999.9E+99,0.00004E+06,-0.00048E+06,0.00000E+00,9.211E+00,0.757E+03,0.00073E+06,43.960E+00,F0F08
2021/11/30,17:34:22,00000:00:47,100,38003F00,2800,3B00,3B00,3F00,99.825E+00,0.000E+00,0.000E+00,110.877E+00,0.000E+00,0.000E+00,0.494E+00,0.000E+00,0.000E+00,99.824E+00,0.000E+00,0.000E+00,0.000E+00,0.000E+00,0.000E+00,100.946E+00,0.000E+00,0.000E+00,98.814E+00,0.000E+00,0.000E+00,34.857E+00,+99999.9E+99,433.155E+00,1.068E+00,+99999.9E+99,+99999.9E+99,12.1492E+00,0.00000E+00,0.00000E+00,12.6022E+00,0.00000E+00,0.00000E+00,4.3442E+00,0.00000E+00,0.00000E+00,11.3460E+00,0.00000E+00,0.00000E+00,4.2575E+00,0.00000E+00,0.00000E+00,18.1724E+00,0.0000E+00,0.0000E+00,4.1198E+00,0.0000E+00,0.0000E+00,39.315E+00,+99999.9E+99,+99999.9E+99,61.928E+00,+99999.9E+99,+99999.9E+99,1.13068E+03,0.00000E+03,0.00000E+03,0.00000E+03,0.00000E+03,0.00000E+03,1.21280E+03,0.00000E+03,0.00000E+03,0.00000E+03,0.00000E+03,0.00000E+03,-0.43867E+03,0.00000E+03,0.00000E+03,0.00000E+03,0.00000E+03,0.00000E+03,-0.93229E+00,0.00000E+00,0.00000E+00,0.93517E+00,0.70218E+00,0.57266E+00,0.000E+00,-77.935E+00,163.446E+00,159.255E+00,147.463E+00,-71.618E+00,-21.205E+00,90.000E+00,90.000E+00,9.48191E+00,0.00000E+00,0.00000E+00,107.958E+00,100.000E+00,100.000E+00,-0.08998E+03,0.00000E+03,0.00000E+03,+99999.9E+99,+99999.9E+99,+99999.9E+99,+99999.9E+99,+99999.9E+99,+99999.9E+99,+99999.9E+99,+99999.9E+99,+99999.9E+99,+99999.9E+99,+99999.9E+99,+99999.9E+99,1B00,0,0,0,1B00,77.0919E+00,77.1599E+00,77.1256E+00,77.1258E+00,72.0914E+00,72.4297E+00,72.2211E+00,72.2474E+00,77.0919E+00,77.1599E+00,77.1256E+00,0.0000E+00,0.0000E+00,0.0000E+00,73.0574E+00,73.3171E+00,73.1941E+00,105.854E+00,106.030E+00,105.676E+00,-104.690E+00,-104.714E+00,-104.329E+00,13.992E+00,14.252E+00,14.279E+00,+99999.9E+99,+99999.9E+99,+99999.9E+99,0.206E+00,13.1150E+00,12.6423E+00,12.8211E+00,12.8595E+00,11.9865E+00,11.5121E+00,11.5622E+00,11.6869E+00,13.1139E+00,12.6377E+00,12.8109E+00,-0.1681E+00,-0.3422E+00,0.5114E+00,5.1841E+00,4.6811E+00,4.8168E+00,27.1671E+00,26.8343E+00,28.1619E+00,-26.0729E+00,-26.3124E+00,-26.1129E+00,54.974E+00,59.670E+00,57.498E+00,+99999.9E+99,+99999.9E+99,+99999.9E+99,4.907E+00,0.41582E+03,0.39352E+03,0.41133E+03,1.22067E+03,0.18655E+03,0.16980E+03,0.18214E+03,0.53850E+03,0.59067E+03,0.56766E+03,0.57562E+03,1.73395E+03,0.21158E+03,0.19538E+03,0.20046E+03,0.60703E+03,-0.41950E+03,-0.40912E+03,-0.40268E+03,-1.23131E+03,-0.09982E+03,-0.09664E+03,-0.08372E+03,-0.28018E+03,-0.70398E+00,-0.69323E+00,-0.71457E+00,-0.70398E+00,-0.88172E+00,-0.86909E+00,-0.90862E+00,-0.88711E+00,0.000E+00,119.995E+00,-119.827E+00,58.265E+00,179.586E+00,-65.202E+00,-45.252E+00,-46.113E+00,-44.392E+00,-45.253E+00,201.264E+00,201.449E+00,201.725E+00,91.165E+00,+99999.9E+99,+99999.9E+99,0.00011E+06,-0.00072E+06,0.00000E+00,14.033E+00,0.757E+03,0.00111E+06,43.562E+00,F0F08
2021/11/30,17:34:22,00000:00:47,150,38003800,0,1800,1800,3800,99.922E+00,0.000E+00,0.000E+00,110.984E+00,0.000E+00,0.000E+00,0.498E+00,0.000E+00,0.000E+00,99.921E+00,0.000E+00,0.000E+00,0.000E+00,0.000E+00,0.000E+00,100.932E+00,0.000E+00,0.000E+00,98.832E+00,0.000E+00,0.000E+00,100.907E+00,+99999.9E+99,+99999.9E+99,1.051E+00,+99999.9E+99,+99999.9E+99,11.6940E+00,0.00000E+00,0.00000E+00,12.0250E+00,0.00000E+00,0.00000E+00,4.4205E+00,0.00000E+00,0.00000E+00,10.8263E+00,0.00000E+00,0.00000E+00,3.0057E+00,0.00000E+00,0.00000E+00,18.2169E+00,0.0000E+00,0.0000E+00,4.1626E+00,0.0000E+00,0.0000E+00,103.719E+00,+99999.9E+99,+99999.9E+99,64.908E+00,+99999.9E+99,+99999.9E+99,1.07978E+03,0.00000E+03,0.00000E+03,0.00000E+03,0.00000E+03,0.00000E+03,1.16848E+03,0.00000E+03,0.00000E+03,0.00000E+03,0.00000E+03,0.00000E+03,0.44657E+03,0.00000E+03,0.00000E+03,0.00000E+03,0.00000E+03,0.00000E+03,0.92409E+00,0.00000E+00,0.00000E+00,0.83334E+00,0.10506E+00,0.93976E+00,0.000E+00,-115.493E+00,127.658E+00,146.444E+00,148.477E+00,147.647E+00,22.469E+00,90.000E+00,90.000E+00,12.3855E+00,0.00000E+00,0.00000E+00,101.106E+00,100.000E+00,100.000E+00,-0.01194E+03,0.00000E+03,0.00000E+03,+99999.9E+99,+99999.9E+99,+99999.9E+99,+99999.9E+99,+99999.9E+99,+99999.9E+99,+99999.9E+99,+99999.9E+99,+99999.9E+99,+99999.9E+99,+99999.9E+99,+99999.9E+99,1B00,0,0,0,1B00,76.7507E+00,77.1033E+00,76.8245E+00,76.8928E+00,72.0305E+00,72.6796E+00,72.1681E+00,72.2927E+00,76.7507E+00,77.1032E+00,76.8245E+00,0.0000E+00,0.0000E+00,0.0000E+00,70.1318E+00,70.5209E+00,70.4763E+00,105.401E+00,106.057E+00,105.437E+00,-104.206E+00,-104.227E+00,-104.390E+00,36.600E+00,36.530E+00,36.445E+00,+99999.9E+99,+99999.9E+99,+99999.9E+99,0.353E+00,11.9581E+00,11.7875E+00,12.0792E+00,11.9416E+00,10.4715E+00,10.3884E+00,10.5899E+00,10.4833E+00,11.9574E+00,11.7875E+00,12.0792E+00,-0.1265E+00,0.0000E+00,0.0000E+00,14.5141E+00,13.8962E+00,13.8939E+00,27.6767E+00,27.0333E+00,28.5733E+00,-26.4214E+00,-27.2543E+00,-26.6600E+00,40.250E+00,41.799E+00,41.673E+00,+99999.9E+99,+99999.9E+99,+99999.9E+99,3.125E+00,0.35811E+03,0.36031E+03,0.37330E+03,1.09172E+03,0.50997E+03,0.47773E+03,0.49845E+03,1.48615E+03,0.53416E+03,0.52806E+03,0.54198E+03,1.60420E+03,0.58692E+03,0.55967E+03,0.56480E+03,1.71091E+03,-0.39634E+03,-0.38604E+03,-0.39292E+03,-1.17530E+03,-0.29052E+03,-0.29156E+03,-0.26561E+03,-0.84768E+03,-0.67042E+00,-0.68232E+00,-0.68877E+00,-0.68054E+00,-0.86890E+00,-0.85359E+00,-0.88252E+00,-0.86863E+00,0.000E+00,119.859E+00,-119.793E+00,59.854E+00,-178.769E+00,-61.904E+00,-47.901E+00,-46.975E+00,-46.467E+00,-47.114E+00,202.177E+00,202.328E+00,201.852E+00,90.414E+00,+99999.9E+99,+99999.9E+99,0.00010E+06,-0.00063E+06,0.00000E+00,12.451E+00,0.757E+03,0.00099E+06,43.833E+00,F0F0F
2021/11/30,17:34:22,00000:00:47,200,38003F00,500,1F00,1F00,3F00,99.922E+00,0.000E+00,0.000E+00,110.984E+00,0.000E+00,0.000E+00,0.498E+00,0.000E+00,0.000E+00,99.921E+00,0.000E+00,0.000E+00,0.000E+00,0.000E+00,0.000E+00,100.932E+00,0.000E+00,0.000E+00,98.832E+00,0.000E+00,0.000E+00,100.907E+00,+99999.9E+99,+99999.9E+99,1.051E+00,+99999.9E+99,+99999.9E+99,11.6940E+00,0.00000E+00,0.00000E+00,12.0250E+00,0.00000E+00,0.00000E+00,4.4205E+00,0.00000E+00,0.00000E+00,10.8263E+00,0.00000E+00,0.00000E+00,3.0057E+00,0.00000E+00,0.00000E+00,18.2169E+00,0.0000E+00,0.0000E+00,4.1626E+00,0.0000E+00,0.0000E+00,103.719E+00,+99999.9E+99,+99999.9E+99,64.908E+00,+99999.9E+99,+99999.9E+99,1.07978E+03,0.00000E+03,0.00000E+03,0.00000E+03,0.00000E+03,0.00000E+03,1.16848E+03,0.00000E+03,0.00000E+03,0.00000E+03,0.00000E+03,0.00000E+03,0.44657E+03,0.00000E+03,0.00000E+03,0.00000E+03,0.00000E+03,0.00000E+03,0.92409E+00,0.00000E+00,0.00000E+00,0.83334E+00,0.10506E+00,0.93976E+00,0.000E+00,-115.493E+00,127.658E+00,146.444E+00,148.477E+00,147.647E+00,22.469E+00,90.000E+00,90.000E+00,12.3855E+00,0.00000E+00,0.00000E+00,79.718E+00,100.000E+00,100.000E+00,0.21900E+03,0.00000E+03,0.00000E+03,+99999.9E+99,+99999.9E+99,+99999.9E+99,+99999.9E+99,+99999.9E+99,+99999.9E+99,+99999.9E+99,+99999.9E+99,+99999.9E+99,+99999.9E+99,+99999.9E+99,+99999.9E+99,1B00,0,0,0,1B00,76.5304E+00,76.6447E+00,76.5696E+00,76.5816E+00,72.4117E+00,72.8002E+00,72.5266E+00,72.5795E+00,76.5304E+00,76.6447E+00,76.5696E+00,0.0000E+00,0.0000E+00,0.0000E+00,72.4827E+00,72.2695E+00,72.2572E+00,105.844E+00,105.986E+00,105.699E+00,-104.260E+00,-105.346E+00,-104.740E+00,22.495E+00,21.549E+00,22.116E+00,+99999.9E+99,+99999.9E+99,+99999.9E+99,0.199E+00,9.5708E+00,9.0944E+00,9.2202E+00,9.2951E+00,8.2900E+00,7.8830E+00,7.9160E+00,8.0297E+00,9.5698E+00,9.0906E+00,9.2115E+00,-0.1397E+00,-0.2612E+00,0.4021E+00,7.6773E+00,8.1012E+00,8.2942E+00,26.1267E+00,24.1267E+00,25.2086E+00,-26.1648E+00,-25.5286E+00,-22.4581E+00,52.759E+00,48.562E+00,47.423E+00,+99999.9E+99,+99999.9E+99,+99999.9E+99,4.577E+00,0.29424E+03,0.27631E+03,0.29023E+03,0.86078E+03,0.27156E+03,0.29263E+03,0.29493E+03,0.85911E+03,0.42555E+03,0.40350E+03,0.40925E+03,1.23829E+03,0.31515E+03,0.32577E+03,0.33984E+03,0.98021E+03,-0.30743E+03,-0.29404E+03,-0.28853E+03,-0.89001E+03,-0.15993E+03,-0.14316E+03,-0.16886E+03,-0.47195E+03,-0.69143E+00,-0.68480E+00,-0.70917E+00,-0.69514E+00,-0.86167E+00,-0.89827E+00,-0.86782E+00,-0.87646E+00,0.000E+00,120.102E+00,-120.093E+00,60.399E+00,176.167E+00,-60.200E+00,-46.256E+00,-46.780E+00,-44.832E+00,-45.962E+00,201.730E+00,201.775E+00,202.104E+00,94.573E+00,+99999.9E+99,+99999.9E+99,0.00005E+06,-0.00054E+06,0.00000E+00,10.277E+00,0.756E+03,0.00081E+06,43.757E+00,F0F0F
2021/11/30,17:34:22,00000:00:47,250,38003F00,700,1F00,1F00,3F00,99.922E+00,0.000E+00,0.000E+00,110.984E+00,0.000E+00,0.000E+00,0.498E+00,0.000E+00,0.000E+00,99.921E+00,0.000E+00,0.000E+00,0.000E+00,0.000E+00,0.000E+00,100.932E+00,0.000E+00,0.000E+00,98.832E+00,0.000E+00,0.000E+00,19.549E+00,+99999.9E+99,352.801E+00,1.051E+00,+99999.9E+99,+99999.9E+99,11.6940E+00,0.00000E+00,0.00000E+00,12.0250E+00,0.00000E+00,0.00000E+00,4.4205E+00,0.00000E+00,0.00000E+00,10.8263E+00,0.00000E+00,0.00000E+00,4.4476E+00,0.00000E+00,0.00000E+00,18.2169E+00,0.0000E+00,0.0000E+00,4.1626E+00,0.0000E+00,0.0000E+00,9.987E+00,+99999.9E+99,+99999.9E+99,64.908E+00,+99999.9E+99,+99999.9E+99,1.07978E+03,0.00000E+03,0.00000E+03,0.00000E+03,0.00000E+03,0.00000E+03,1.16848E+03,0.00000E+03,0.00000E+03,0.00000E+03,0.00000E+03,0.00000E+03,0.44657E+03,0.00000E+03,0.00000E+03,0.00000E+03,0.00000E+03,0.00000E+03,0.92409E+00,0.00000E+00,0.00000E+00,0.91858E+00,0.63049E+00,0.17723E+00,0.000E+00,162.303E+00,159.272E+00,156.719E+00,-68.611E+00,-120.937E+00,22.469E+00,90.000E+00,90.000E+00,12.3855E+00,0.00000E+00,0.00000E+00,124.472E+00,100.000E+00,100.000E+00,-0.26425E+03,0.00000E+03,0.00000E+03,+99999.9E+99,+99999.9E+99,+99999.9E+99,+99999.9E+99,+99999.9E+99,+99999.9E+99,+99999.9E+99,+99999.9E+99,+99999.9E+99,+99999.9E+99,+99999.9E+99,+99999.9E+99,1B00,0,0,0,1B00,77.0098E+00,77.4609E+00,77.3432E+00,77.2713E+00,71.6756E+00,72.5342E+00,72.3121E+00,72.1740E+00,77.0098E+00,77.4609E+00,77.3432E+00,0.0000E+00,0.0000E+00,0.0000E+00,72.3134E+00,72.7894E+00,72.6521E+00,105.860E+00,106.230E+00,105.567E+00,-104.656E+00,-104.477E+00,-104.701E+00,20.375E+00,20.361E+00,20.673E+00,+99999.9E+99,+99999.9E+99,+99999.9E+99,0.397E+00,13.9038E+00,13.5897E+00,13.7155E+00,13.7363E+00,12.9724E+00,12.7936E+00,12.7294E+00,12.8318E+00,13.9030E+00,13.5870E+00,13.7091E+00,-0.1504E+00,-0.2693E+00,0.4208E+00,8.0929E+00,7.4943E+00,7.3564E+00,27.6105E+00,27.1562E+00,28.5038E+00,-26.6695E+00,-26.9376E+00,-26.7414E+00,46.842E+00,49.200E+00,50.708E+00,+99999.9E+99,+99999.9E+99,+99999.9E+99,7.011E+00,0.45275E+03,0.44055E+03,0.45074E+03,1.34403E+03,0.29640E+03,0.25839E+03,0.27825E+03,0.83303E+03,0.62639E+03,0.61246E+03,0.62030E+03,1.85914E+03,0.33037E+03,0.29831E+03,0.30120E+03,0.92861E+03,-0.43288E+03,-0.42547E+03,-0.42615E+03,-1.28449E+03,-0.14593E+03,-0.14908E+03,-0.11534E+03,-0.41034E+03,-0.72279E+00,-0.71931E+00,-0.72665E+00,-0.72293E+00,-0.89716E+00,-0.86617E+00,-0.92378E+00,-0.89707E+00,0.000E+00,119.899E+00,-119.722E+00,56.432E+00,179.823E+00,-67.367E+00,-43.715E+00,-44.003E+00,-43.394E+00,-43.703E+00,201.879E+00,201.498E+00,201.133E+00,90.109E+00,+99999.9E+99,+99999.9E+99,0.00013E+06,-0.00077E+06,0.00000E+00,15.268E+00,0.757E+03,0.00121E+06,43.719E+00,F0F08
2021/11/30,17:34:22,00000:00:47,300,38003F00,500,1F00,1F00,3F00,99.922E+00,0.000E+00,0.000E+00,110.984E+00,0.000E+00,0.000E+00,0.498E+00,0.000E+00,0.000E+00,99.921E+00,0.000E+00,0.000E+00,0.000E+00,0.000E+00,0.000E+00,100.932E+00,0.000E+00,0.000E+00,98.832E+00,0.000E+00,0.000E+00,70.772E+00,436.872E+00,+99999.9E+99,1.051E+00,+99999.9E+99,+99999.9E+99,11.6940E+00,0.00000E+00,0.00000E+00,12.0250E+00,0.00000E+00,0.00000E+00,4.4205E+00,0.00000E+00,0.00000E+00,10.8263E+00,0.00000E+00,0.00000E+00,4.0059E+00,0.00000E+00,0.00000E+00,18.2169E+00,0.0000E+00,0.0000E+00,4.1626E+00,0.0000E+00,0.0000E+00,50.617E+00,+99999.9E+99,+99999.9E+99,64.908E+00,+99999.9E+99,+99999.9E+99,1.07978E+03,0.00000E+03,0.00000E+03,0.00000E+03,0.00000E+03,0.00000E+03,1.16848E+03,0.00000E+03,0.00000E+03,0.00000E+03,0.00000E+03,0.00000E+03,0.44657E+03,0.00000E+03,0.00000E+03,0.00000E+03,0.00000E+03,0.00000E+03,0.92409E+00,0.00000E+00,0.00000E+00,0.87730E+00,0.78950E+00,0.04042E+00,0.000E+00,-67.167E+00,-161.013E+00,151.318E+00,74.972E+00,-73.330E+00,22.469E+00,90.000E+00,90.000E+00,12.3855E+00,0.00000E+00,0.00000E+00,79.855E+00,100.000E+00,100.000E+00,0.21752E+03,0.00000E+03,0.00000E+03,+99999.9E+99,+99999.9E+99,+99999.9E+99,+99999.9E+99,+99999.9E+99,+99999.9E+99,+99999.9E+99,+99999.9E+99,+99999.9E+99,+99999.9E+99,+99999.9E+99,+99999.9E+99,1B00,0,0,0,1B00,76.7195E+00,76.6475E+00,76.3816E+00,76.5829E+00,72.5732E+00,72.6388E+00,72.0058E+00,72.4059E+00,76.7195E+00,76.6475E+00,76.3816E+00,0.0000E+00,0.0000E+00,0.0000E+00,70.2888E+00,70.3151E+00,70.1960E+00,105.724E+00,105.969E+00,105.744E+00,-104.553E+00,-104.389E+00,-104.541E+00,38.175E+00,37.897E+00,38.148E+00,+99999.9E+99,+99999.9E+99,+99999.9E+99,0.096E+00,9.6983E+00,9.2830E+00,9.8977E+00,9.6263E+00,8.3579E+00,7.9966E+00,8.4183E+00,8.2576E+00,9.6977E+00,9.2830E+00,9.8977E+00,-0.1102E+00,0.0000E+00,0.0000E+00,14.6818E+00,14.5933E+00,14.9360E+00,26.4214E+00,24.7495E+00,27.1381E+00,-25.4729E+00,-23.2062E+00,-26.6195E+00,40.918E+00,40.807E+00,39.498E+00,+99999.9E+99,+99999.9E+99,+99999.9E+99,1.479E+00,0.28177E+03,0.27991E+03,0.30058E+03,0.86226E+03,0.51439E+03,0.51786E+03,0.52928E+03,1.56153E+03,0.43138E+03,0.41303E+03,0.43902E+03,1.28343E+03,0.59377E+03,0.58952E+03,0.60383E+03,1.78702E+03,-0.32664E+03,-0.30372E+03,-0.31998E+03,-0.95034E+03,-0.29658E+03,-0.28171E+03,-0.29064E+03,-0.86893E+03,-0.65318E+00,-0.67770E+00,-0.68467E+00,-0.67184E+00,-0.86632E+00,-0.87844E+00,-0.87654E+00,-0.87382E+00,0.000E+00,120.087E+00,-119.940E+00,59.977E+00,178.584E+00,-61.128E+00,-49.218E+00,-47.336E+00,-46.790E+00,-47.791E+00,201.839E+00,202.230E+00,202.555E+00,91.963E+00,+99999.9E+99,+99999.9E+99,0.00007E+06,-0.00051E+06,0.00000E+00,10.009E+00,0.757E+03,0.00079E+06,43.774E+00,F0F08
2021/11/30,17:34:22,00000:00:47,350,38003F00,2A00,3B00,3B00,3F00,99.986E+00,0.000E+00,0.000E+00,111.056E+00,0.000E+00,0.000E+00,0.506E+00,0.000E+00,0.000E+00,99.985E+00,0.000E+00,0.000E+00,0.000E+00,0.000E+00,0.000E+00,101.014E+00,0.000E+00,0.000E+00,98.804E+00,0.000E+00,0.000E+00,70.772E+00,436.872E+00,+99999.9E+99,1.106E+00,+99999.9E+99,+99999.9E+99,11.5270E+00,0.00000E+00,0.00000E+00,11.7017E+00,0.00000E+00,0.00000E+00,4.6777E+00,0.00000E+00,0.00000E+00,10.5352E+00,0.00000E+00,0.00000E+00,4.0059E+00,0.00000E+00,0.00000E+00,18.2145E+00,0.0000E+00,0.0000E+00,3.7990E+00,0.0000E+00,0.0000E+00,50.617E+00,+99999.9E+99,+99999.9E+99,68.416E+00,+99999.9E+99,+99999.9E+99,1.05124E+03,0.00000E+03,0.00000E+03,0.00000E+03,0.00000E+03,0.00000E+03,1.15254E+03,0.00000E+03,0.00000E+03,0.00000E+03,0.00000E+03,0.00000E+03,0.47249E+03,0.00000E+03,0.00000E+03,0.00000E+03,0.00000E+03,0.00000E+03,0.91211E+00,0.00000E+00,0.00000E+00,0.87730E+00,0.78950E+00,0.04042E+00,0.000E+00,-67.167E+00,-161.013E+00,151.318E+00,74.972E+00,-73.330E+00,24.202E+00,90.000E+00,90.000E+00,0.00000E+00,0.00000E+00,0.00000E+00,100.122E+00,100.000E+00,100.000E+00,-0.00128E+03,0.00000E+03,0.00000E+03,+99999.9E+99,+99999.9E+99,+99999.9E+99,+99999.9E+99,+99999.9E+99,+99999.9E+99,+99999.9E+99,+99999.9E+99,+99999.9E+99,+99999.9E+99,+99999.9E+99,+99999.9E+99,1B00,0,0,0,1B00,76.5238E+00,77.0464E+00,77.0414E+00,76.8705E+00,71.8508E+00,72.8092E+00,72.8028E+00,72.4876E+00,76.5238E+00,77.0464E+00,77.0414E+00,0.0000E+00,0.0000E+00,0.0000E+00,73.0571E+00,73.0463E+00,72.9366E+00,105.774E+00,106.066E+00,105.701E+00,-104.513E+00,-105.120E+00,-104.549E+00,15.431E+00,15.276E+00,15.372E+00,+99999.9E+99,+99999.9E+99,+99999.9E+99,0.109E+00,11.6960E+00,11.4981E+00,11.2802E+00,11.4914E+00,10.0927E+00,9.9851E+00,9.6764E+00,9.9181E+00,11.6951E+00,11.4913E+00,11.2674E+00,-0.1426E+00,-0.3952E+00,0.5389E+00,5.2250E+00,5.1358E+00,5.5400E+00,27.6676E+00,27.0538E+00,28.5443E+00,-26.3200E+00,-27.2324E+00,-26.0786E+00,58.493E+00,57.724E+00,53.505E+00,+99999.9E+99,+99999.9E+99,+99999.9E+99,3.513E+00,0.36152E+03,0.34392E+03,0.34707E+03,1.05252E+03,0.18547E+03,0.19158E+03,0.19884E+03,0.57589E+03,0.52205E+03,0.51290E+03,0.50597E+03,1.54092E+03,0.21489E+03,0.21450E+03,0.22588E+03,0.65506E+03,-0.37661E+03,-0.38051E+03,-0.36816E+03,-1.12528E+03,-0.10853E+03,-0.09648E+03,-0.10716E+03,-0.31217E+03,-0.69251E+00,-0.67053E+00,-0.68596E+00,-0.68305E+00,-0.86309E+00,-0.89313E+00,-0.88031E+00,-0.87915E+00,0.000E+00,120.101E+00,-119.960E+00,60.327E+00,176.784E+00,-61.585E+00,-46.171E+00,-47.892E+00,-46.689E+00,-46.918E+00,202.000E+00,201.436E+00,201.429E+00,92.669E+00,+99999.9E+99,+99999.9E+99,0.00008E+06,-0.00063E+06,0.00000E+00,12.309E+00,0.757E+03,0.00098E+06,43.812E+00,F0F08
2021/11/30,17:34:22,00000:00:47,400,38003D00,2D00,3C00,3C00,3800,99.986E+00,0.000E+00,0.000E+00,111.056E+00,0.000E+00,0.000E+00,0.506E+00,0.000E+00,0.000E+00,99.985E+00,0.000E+00,0.000E+00,0.000E+00,0.000E+00,0.000E+00,101.014E+00,0.000E+00,0.000E+00,98.804E+00,0.000E+00,0.000E+00,31.144E+00,+99999.9E+99,320.380E+00,1.106E+00,+99999.9E+99,+99999.9E+99,11.5270E+00,0.00000E+00,0.00000E+00,11.7017E+00,0.00000E+00,0.00000E+00,4.6777E+00,0.00000E+00,0.00000E+00,10.5352E+00,0.00000E+00,0.00000E+00,4.4196E+00,0.00000E+00,0.00000E+00,18.2145E+00,0.0000E+00,0.0000E+00,3.7990E+00,0.0000E+00,0.0000E+00,34.201E+00,+99999.9E+99,+99999.9E+99,68.416E+00,+99999.9E+99,+99999.9E+99,1.05124E+03,0.00000E+03,0.00000E+03,0.00000E+03,0.00000E+03,0.00000E+03,1.15254E+03,0.00000E+03,0.00000E+03,0.00000E+03,0.00000E+03,0.00000E+03,0.47249E+03,0.00000E+03,0.00000E+03,0.00000E+03,0.00000E+03,0.00000E+03,0.91211E+00,0.00000E+00,0.00000E+00,0.93470E+00,0.69374E+00,0.04834E+00,0.000E+00,-63.776E+00,160.304E+00,159.179E+00,-109.849E+00,-112.467E+00,24.202E+00,90.000E+00,90.000E+00,0.00000E+00,0.00000E+00,0.00000E+00,115.895E+00,100.000E+00,100.000E+00,-0.16710E+03,0.00000E+03,0.00000E+03,+99999.9E+99,+99999.9E+99,+99999.9E+99,+99999.9E+99,+99999.9E+99,+99999.9E+99,+99999.9E+99,+99999.9E+99,+99999.9E+99,+99999.9E+99,+99999.9E+99,+99999.9E+99,1B00,0,0,0,1B00,77.0215E+00,77.2491E+00,77.0820E+00,77.1175E+00,71.9661E+00,72.4896E+00,72.1207E+00,72.1921E+00,77.0215E+00,77.2491E+00,77.0820E+00,0.0000E+00,0.0000E+00,0.0000E+00,71.0836E+00,71.6997E+00,71.5114E+00,105.711E+00,106.040E+00,105.716E+00,-104.394E+00,-104.727E+00,-105.351E+00,30.261E+00,30.594E+00,30.412E+00,+99999.9E+99,+99999.9E+99,+99999.9E+99,0.504E+00,12.8969E+00,12.5441E+00,12.7490E+00,12.7300E+00,11.8463E+00,11.5493E+00,11.6574E+00,11.6843E+00,12.8960E+00,12.5432E+00,12.7453E+00,-0.1542E+00,-0.1511E+00,0.3064E+00,12.3782E+00,11.3373E+00,11.4435E+00,27.6290E+00,26.9614E+00,28.0343E+00,-26.4790E+00,-27.0248E+00,-25.9633E+00,41.119E+00,44.079E+00,44.268E+00,+99999.9E+99,+99999.9E+99,+99999.9E+99,5.558E+00,0.40838E+03,0.39708E+03,0.41287E+03,1.21834E+03,0.44445E+03,0.39818E+03,0.42210E+03,1.26473E+03,0.57962E+03,0.56387E+03,0.57339E+03,1.71688E+03,0.49870E+03,0.46155E+03,0.46331E+03,1.42228E+03,-0.41132E+03,-0.40034E+03,-0.39789E+03,-1.20954E+03,-0.22622E+03,-0.23341E+03,-0.19101E+03,-0.65064E+03,-0.70457E+00,-0.70421E+00,-0.72005E+00,-0.70962E+00,-0.89120E+00,-0.86270E+00,-0.91106E+00,-0.88923E+00,0.000E+00,119.894E+00,-119.631E+00,57.258E+00,-179.816E+00,-65.478E+00,-45.205E+00,-45.234E+00,-43.941E+00,-44.796E+00,201.446E+00,202.287E+00,201.954E+00,90.444E+00,+99999.9E+99,+99999.9E+99,0.00012E+06,-0.00070E+06,0.00000E+00,13.892E+00,0.757E+03,0.00110E+06,43.598E+00,F0F08
2021/11/30,17:34:22,00000:00:47,450,38003F00,2800,3B00,3B00,3F00,99.888E+00,0.000E+00,0.000E+00,110.946E+00,0.000E+00,0.000E+00,0.536E+00,0.000E+00,0.000E+00,99.887E+00,0.000E+00,0.000E+00,0.000E+00,0.000E+00,0.000E+00,100.971E+00,0.000E+00,0.000E+00,98.882E+00,0.000E+00,0.000E+00,31.144E+00,+99999.9E+99,320.380E+00,1.046E+00,+99999.9E+99,+99999.9E+99,12.3461E+00,0.00000E+00,0.00000E+00,12.8105E+00,0.00000E+00,0.00000E+00,4.4051E+00,0.00000E+00,0.00000E+00,11.5335E+00,0.00000E+00,0.00000E+00,4.4196E+00,0.00000E+00,0.00000E+00,17.9643E+00,0.0000E+00,0.0000E+00,3.4848E+00,0.0000E+00,0.0000E+00,34.201E+00,+99999.9E+99,+99999.9E+99,62.771E+00,+99999.9E+99,+99999.9E+99,1.14993E+03,0.00000E+03,0.00000E+03,0.00000E+03,0.00000E+03,0.00000E+03,1.23323E+03,0.00000E+03,0.00000E+03,0.00000E+03,0.00000E+03,0.00000E+03,0.44557E+03,0.00000E+03,0.00000E+03,0.00000E+03,0.00000E+03,0.00000E+03,0.93245E+00,0.00000E+00,0.00000E+00,0.93470E+00,0.69374E+00,0.04834E+00,0.000E+00,-63.776E+00,160.304E+00,159.179E+00,-109.849E+00,-112.467E+00,21.180E+00,90.000E+00,90.000E+00,15.0980E+00,0.00000E+00,0.00000E+00,73.428E+00,100.000E+00,100.000E+00,0.30556E+03,0.00000E+03,0.00000E+03,+99999.9E+99,+99999.9E+99,+99999.9E+99,+99999.9E+99,+99999.9E+99,+99999.9E+99,+99999.9E+99,+99999.9E+99,+99999.9E+99,+99999.9E+99,+99999.9E+99,+99999.9E+99,1B00,0,0,0,1B00,76.6869E+00,76.6652E+00,76.3838E+00,76.5786E+00,72.4713E+00,72.6101E+00,71.9676E+00,72.3496E+00,76.6869E+00,76.6651E+00,76.3838E+00,0.0000E+00,0.0000E+00,0.0000E+00,71.3037E+00,71.1954E+00,71.0489E+00,105.940E+00,106.033E+00,105.731E+00,-104.589E+00,-104.607E+00,-104.830E+00,31.016E+00,30.356E+00,30.995E+00,+99999.9E+99,+99999.9E+99,+99999.9E+99,0.214E+00,9.6424E+00,9.2217E+00,9.8345E+00,9.5662E+00,8.2458E+00,7.8819E+00,8.2856E+00,8.1378E+00,9.6417E+00,9.2217E+00,9.8345E+00,-0.1122E+00,0.0000E+00,0.0000E+00,11.3613E+00,11.3399E+00,11.9337E+00,26.4367E+00,24.7481E+00,27.1800E+00,-25.5810E+00,-23.2705E+00,-26.6557E+00,45.997E+00,44.978E+00,42.910E+00,+99999.9E+99,+99999.9E+99,+99999.9E+99,3.346E+00,0.27634E+03,0.27380E+03,0.29423E+03,0.84436E+03,0.38735E+03,0.40676E+03,0.41397E+03,1.20808E+03,0.42860E+03,0.41015E+03,0.43619E+03,1.27494E+03,0.45690E+03,0.46305E+03,0.48155E+03,1.40107E+03,-0.32762E+03,-0.30538E+03,-0.32201E+03,-0.95501E+03,-0.24233E+03,-0.22127E+03,-0.24600E+03,-0.70960E+03,-0.64474E+00,-0.66756E+00,-0.67454E+00,-0.66228E+00,-0.84777E+00,-0.87844E+00,-0.85966E+00,-0.86226E+00,0.000E+00,120.188E+00,-119.987E+00,61.976E+00,178.666E+00,-59.144E+00,-49.854E+00,-48.121E+00,-47.582E+00,-48.526E+00,202.324E+00,201.590E+00,201.970E+00,92.002E+00,+99999.9E+99,+99999.9E+99,0.00007E+06,-0.00050E+06,0.00000E+00,9.808E+00,0.756E+03,0.00078E+06,43.923E+00,F0F08
2021/11/30,17:34:22,00000:00:47,500,38003F00,0,1B00,1B00,3F00,99.937E+00,0.000E+00,0.000E+00,111.000E+00,0.000E+00,0.000E+00,0.498E+00,0.000E+00,0.000E+00,99.935E+00,0.000E+00,0.000E+00,0.000E+00,0.000E+00,0.000E+00,100.904E+00,0.000E+00,0.000E+00,98.796E+00,0.000E+00,0.000E+00,26.228E+00,+99999.9E+99,+99999.9E+99,1.054E+00,+99999.9E+99,+99999.9E+99,11.6052E+00,0.00000E+00,0.00000E+00,11.8536E+00,0.00000E+00,0.00000E+00,4.5595E+00,0.00000E+00,0.00000E+00,10.6720E+00,0.00000E+00,0.00000E+00,4.4226E+00,0.00000E+00,0.00000E+00,18.3481E+00,0.0000E+00,0.0000E+00,3.4698E+00,0.0000E+00,0.0000E+00,14.091E+00,+99999.9E+99,+99999.9E+99,69.707E+00,+99999.9E+99,+99999.9E+99,1.06448E+03,0.00000E+03,0.00000E+03,0.00000E+03,0.00000E+03,0.00000E+03,1.15978E+03,0.00000E+03,0.00000E+03,0.00000E+03,0.00000E+03,0.00000E+03,0.46042E+03,0.00000E+03,0.00000E+03,0.00000E+03,0.00000E+03,0.00000E+03,0.91783E+00,0.00000E+00,0.00000E+00,0.90088E+00,0.02184E+00,0.31579E+00,0.000E+00,-150.823E+00,120.921E+00,154.274E+00,120.428E+00,-167.488E+00,23.390E+00,90.000E+00,90.000E+00,12.6032E+00,0.00000E+00,0.00000E+00,96.870E+00,100.000E+00,100.000E+00,0.03331E+03,0.00000E+03,0.00000E+03,+99999.9E+99,+99999.9E+99,+99999.9E+99,+99999.9E+99,+99999.9E+99,+99999.9E+99,+99999.9E+99,+99999.9E+99,+99999.9E+99,+99999.9E+99,+99999.9E+99,+99999.9E+99,1B00,0,0,0,1B00,76.5174E+00,77.0032E+00,77.0048E+00,76.8418E+00,71.7817E+00,72.7074E+00,72.6973E+00,72.3954E+00,76.5174E+00,77.0032E+00,77.0048E+00,0.0000E+00,0.0000E+00,0.0000E+00,73.0898E+00,73.1943E+00,73.1015E+00,105.637E+00,106.006E+00,105.679E+00,-104.497E+00,-105.246E+00,-104.863E+00,13.311E+00,13.127E+00,13.473E+00,+99999.9E+99,+99999.9E+99,+99999.9E+99,0.095E+00,11.5205E+00,11.2874E+00,11.0923E+00,11.3001E+00,9.9879E+00,9.8393E+00,9.5533E+00,9.7935E+00,11.5193E+00,11.2802E+00,11.0775E+00,-0.1679E+00,-0.4041E+00,0.5731E+00,4.3965E+00,4.1451E+00,4.3535E+00,27.5086E+00,27.1181E+00,28.5957E+00,-26.1881E+00,-26.8400E+00,-26.1148E+00,63.285E+00,65.035E+00,61.447E+00,+99999.9E+99,+99999.9E+99,+99999.9E+99,2.728E+00,0.35467E+03,0.33572E+03,0.34077E+03,1.03117E+03,0.15310E+03,0.14884E+03,0.15743E+03,0.45937E+03,0.51393E+03,0.50303E+03,0.49684E+03,1.51380E+03,0.18089E+03,0.17361E+03,0.18084E+03,0.53524E+03,-0.37193E+03,-0.37460E+03,-0.36156E+03,-1.10810E+03,-0.09634E+03,-0.08937E+03,-0.08900E+03,-0.27470E+03,-0.69012E+00,-0.66740E+00,-0.68587E+00,-0.68118E+00,-0.84637E+00,-0.85733E+00,-0.87053E+00,-0.85825E+00,0.000E+00,120.036E+00,-119.914E+00,62.225E+00,-179.024E+00,-60.438E+00,-46.361E+00,-48.133E+00,-46.696E+00,-47.064E+00,201.123E+00,201.846E+00,201.517E+00,93.254E+00,+99999.9E+99,+99999.9E+99,0.00007E+06,-0.00063E+06,0.00000E+00,12.146E+00,0.756E+03,0.00096E+06,43.615E+00,F0F0F
2021/11/30,17:34:22,00000:00:47,550,38003F00,700,1F00,1F00,3F00,99.937E+00,0.000E+00,0.000E+00,111.000E+00,0.000E+00,0.000E+00,0.498E+00,0.000E+00,0.000E+00,99.935E+00,0.000E+00,0.000E+00,0.000E+00,0.000E+00,0.000E+00,100.904E+00,0.000E+00,0.000E+00,98.796E+00,0.000E+00,0.000E+00,21.598E+00,+99999.9E+99,+99999.9E+99,1.054E+00,+99999.9E+99,+99999.9E+99,11.6052E+00,0.00000E+00,0.00000E+00,11.8536E+00,0.00000E+00,0.00000E+00,4.5595E+00,0.00000E+00,0.00000E+00,10.6720E+00,0.00000E+00,0.00000E+00,4.5543E+00,0.00000E+00,0.00000E+00,18.3481E+00,0.0000E+00,0.0000E+00,3.4698E+00,0.0000E+00,0.0000E+00,7.651E+00,+99999.9E+99,+99999.9E+99,69.707E+00,+99999.9E+99,+99999.9E+99,1.06448E+03,0.00000E+03,0.00000E+03,0.00000E+03,0.00000E+03,0.00000E+03,1.15978E+03,0.00000E+03,0.00000E+03,0.00000E+03,0.00000E+03,0.00000E+03,0.46042E+03,0.00000E+03,0.00000E+03,0.00000E+03,0.00000E+03,0.00000E+03,0.91783E+00,0.00000E+00,0.00000E+00,0.90145E+00,0.99385E+00,0.97702E+00,0.000E+00,111.536E+00,163.385E+00,154.349E+00,117.894E+00,151.079E+00,23.390E+00,90.000E+00,90.000E+00,12.6032E+00,0.00000E+00,0.00000E+00,121.147E+00,100.000E+00,100.000E+00,-0.22511E+03,0.00000E+03,0.00000E+03,+99999.9E+99,+99999.9E+99,+99999.9E+99,+99999.9E+99,+99999.9E+99,+99999.9E+99,+99999.9E+99,+99999.9E+99,+99999.9E+99,+99999.9E+99,+99999.9E+99,+99999.9E+99,1B00,0,0,0,1B00,77.1862E+00,77.1980E+00,76.9989E+00,77.1277E+00,72.1767E+00,72.3873E+00,71.8715E+00,72.1452E+00,77.1861E+00,77.1980E+00,76.9989E+00,0.0000E+00,0.0000E+00,0.0000E+00,70.4028E+00,70.9971E+00,70.8599E+00,105.237E+00,105.566E+00,105.627E+00,-104.531E+00,-104.736E+00,-104.680E+00,34.006E+00,33.965E+00,33.998E+00,+99999.9E+99,+99999.9E+99,+99999.9E+99,0.509E+00,13.5579E+00,13.1263E+00,13.5013E+00,13.3952E+00,12.4826E+00,12.0636E+00,12.4138E+00,12.3200E+00,13.5570E+00,13.1263E+00,13.4995E+00,-0.1577E+00,0.0000E+00,0.2189E+00,13.6914E+00,12.7626E+00,12.7542E+00,27.5824E+00,27.1905E+00,28.5133E+00,-26.3600E+00,-27.0119E+00,-26.4762E+00,40.518E+00,42.725E+00,43.177E+00,+99999.9E+99,+99999.9E+99,+99999.9E+99,4.523E+00,0.42789E+03,0.41932E+03,0.44237E+03,1.28958E+03,0.48232E+03,0.43964E+03,0.46567E+03,1.38763E+03,0.61080E+03,0.59087E+03,0.60671E+03,1.80838E+03,0.55029E+03,0.51511E+03,0.52025E+03,1.58469E+03,-0.43586E+03,-0.41630E+03,-0.41522E+03,-1.26738E+03,-0.26491E+03,-0.26843E+03,-0.23197E+03,-0.76531E+03,-0.70055E+00,-0.70965E+00,-0.72913E+00,-0.71312E+00,-0.87649E+00,-0.85349E+00,-0.89509E+00,-0.87565E+00,0.000E+00,119.854E+00,-119.654E+00,59.057E+00,-178.806E+00,-63.387E+00,-45.529E+00,-44.793E+00,-43.186E+00,-44.511E+00,202.079E+00,201.508E+00,201.733E+00,89.663E+00,+99999.9E+99,+99999.9E+99,0.00013E+06,-0.00074E+06,0.00000E+00,14.583E+00,0.757E+03,0.00116E+06,43.799E+00,F0F08
2021/11/30,17:34:22,00000:00:47,600,38003D00,500,1C00,1C00,3800,99.937E+00,0.000E+00,0.000E+00,111.000E+00,0.000E+00,0.000E+00,0.498E+00,0.000E+00,0.000E+00,99.935E+00,0.000E+00,0.000E+00,0.000E+00,0.000E+00,0.000E+00,100.904E+00,0.000E+00,0.000E+00,98.796E+00,0.000E+00,0.000E+00,21.598E+00,+99999.9E+99,+99999.9E+99,1.054E+00,+99999.9E+99,+99999.9E+99,11.6052E+00,0.00000E+00,0.00000E+00,11.8536E+00,0.00000E+00,0.00000E+00,4.5595E+00,0.00000E+00,0.00000E+00,10.6720E+00,0.00000E+00,0.00000E+00,4.5543E+00,0.00000E+00,0.00000E+00,18.3481E+00,0.0000E+00,0.0000E+00,3.4698E+00,0.0000E+00,0.0000E+00,7.651E+00,+99999.9E+99,+99999.9E+99,69.707E+00,+99999.9E+99,+99999.9E+99,1.06448E+03,0.00000E+03,0.00000E+03,0.00000E+03,0.00000E+03,0.00000E+03,1.15978E+03,0.00000E+03,0.00000E+03,0.00000E+03,0.00000E+03,0.00000E+03,0.46042E+03,0.00000E+03,0.00000E+03,0.00000E+03,0.00000E+03,0.00000E+03,0.91783E+00,0.00000E+00,0.00000E+00,0.90145E+00,0.99385E+00,0.97702E+00,0.000E+00,111.536E+00,163.385E+00,154.349E+00,117.894E+00,151.079E+00,23.390E+00,90.000E+00,90.000E+00,12.6032E+00,0.00000E+00,0.00000E+00,70.353E+00,100.000E+00,100.000E+00,0.31558E+03,0.00000E+03,0.00000E+03,+99999.9E+99,+99999.9E+99,+99999.9E+99,+99999.9E+99,+99999.9E+99,+99999.9E+99,+99999.9E+99,+99999.9E+99,+99999.9E+99,+99999.9E+99,+99999.9E+99,+99999.9E+99,1B00,0,0,0,1B00,76.2575E+00,76.6234E+00,76.4763E+00,76.4524E+00,72.0872E+00,72.7708E+00,72.5068E+00,72.4549E+00,76.2575E+00,76.6233E+00,76.4763E+00,0.0000E+00,0.0000E+00,0.0000E+00,71.8941E+00,71.7445E+00,71.6674E+00,105.699E+00,106.164E+00,105.751E+00,-103.573E+00,-104.906E+00,-104.287E+00,27.144E+00,26.194E+00,26.838E+00,+99999.9E+99,+99999.9E+99,+99999.9E+99,0.184E+00,8.0746E+00,8.0318E+00,7.9841E+00,8.0302E+00,7.1659E+00,7.1444E+00,7.0770E+00,7.1291E+00,8.0746E+00,8.0310E+00,7.9813E+00,0.0000E+00,-0.1123E+00,0.2109E+00,9.7447E+00,9.9160E+00,10.2670E+00,22.3910E+00,20.8119E+00,20.3186E+00,-18.6986E+00,-18.6705E+00,-19.9781E+00,48.275E+00,45.915E+00,44.333E+00,+99999.9E+99,+99999.9E+99,+99999.9E+99,4.234E+00,0.25085E+03,0.24628E+03,0.25176E+03,0.74889E+03,0.33691E+03,0.36023E+03,0.36469E+03,1.06183E+03,0.35679E+03,0.35542E+03,0.35417E+03,1.06638E+03,0.39150E+03,0.40229E+03,0.41973E+03,1.21293E+03,-0.25372E+03,-0.25625E+03,-0.24910E+03,-0.75908E+03,-0.19940E+03,-0.17908E+03,-0.20779E+03,-0.58627E+03,-0.70306E+00,-0.69294E+00,-0.71086E+00,-0.70228E+00,-0.86057E+00,-0.89546E+00,-0.86886E+00,-0.87543E+00,0.000E+00,120.141E+00,-120.031E+00,60.551E+00,176.537E+00,-60.252E+00,-45.327E+00,-46.136E+00,-44.695E+00,-45.390E+00,201.519E+00,201.797E+00,201.778E+00,95.078E+00,+99999.9E+99,+99999.9E+99,0.00004E+06,-0.00047E+06,0.00000E+00,9.000E+00,0.755E+03,0.00071E+06,43.767E+00,F0F08
2021/11/30,17:34:22,00000:00:47,650,38003F00,700,1F00,1F00,3F00,99.937E+00,0.000E+00,0.000E+00,111.000E+00,0.000E+00,0.000E+00,0.498E+00,0.000E+00,0.000E+00,99.935E+00,0.000E+00,0.000E+00,0.000E+00,0.000E+00,0.000E+00,100.904E+00,0.000E+00,0.000E+00,98.796E+00,0.000E+00,0.000E+00,63.996E+00,+99999.9E+99,+99999.9E+99,1.054E+00,+99999.9E+99,+99999.9E+99,11.6052E+00,0.00000E+00,0.00000E+00,11.8536E+00,0.00000E+00,0.00000E+00,4.5595E+00,0.00000E+00,0.00000E+00,10.6720E+00,0.00000E+00,0.00000E+00,4.0989E+00,0.00000E+00,0.00000E+00,18.3481E+00,0.0000E+00,0.0000E+00,3.4698E+00,0.0000E+00,0.0000E+00,44.957E+00,+99999.9E+99,+99999.9E+99,69.707E+00,+99999.9E+99,+99999.9E+99,1.06448E+03,0.00000E+03,0.00000E+03,0.00000E+03,0.00000E+03,0.00000E+03,1.15978E+03,0.00000E+03,0.00000E+03,0.00000E+03,0.00000E+03,0.00000E+03,0.46042E+03,0.00000E+03,0.00000E+03,0.00000E+03,0.00000E+03,0.00000E+03,0.91783E+00,0.00000E+00,0.00000E+00,0.89507E+00,0.56285E+00,0.58919E+00,0.000E+00,37.494E+00,143.623E+00,153.518E+00,-86.759E+00,-162.477E+00,23.390E+00,90.000E+00,90.000E+00,12.6032E+00,0.00000E+00,0.00000E+00,119.362E+00,100.000E+00,100.000E+00,-0.20610E+03,0.00000E+03,0.00000E+03,+99999.9E+99,+99999.9E+99,+99999.9E+99,+99999.9E+99,+99999.9E+99,+99999.9E+99,+99999.9E+99,+99999.9E+99,+99999.9E+99,+99999.9E+99,+99999.9E+99,+99999.9E+99,1B00,0,0,0,1B00,77.0736E+00,77.1575E+00,77.0938E+00,77.1083E+00,72.1527E+00,72.5059E+00,72.2529E+00,72.3038E+00,77.0736E+00,77.1575E+00,77.0938E+00,0.0000E+00,0.0000E+00,0.0000E+00,72.6899E+00,73.0639E+00,72.9369E+00,105.834E+00,106.019E+00,105.684E+00,-104.704E+00,-104.327E+00,-105.201E+00,16.162E+00,16.380E+00,16.623E+00,+99999.9E+99,+99999.9E+99,+99999.9E+99,0.308E+00,13.5128E+00,13.0485E+00,13.2437E+00,13.2683E+00,12.2859E+00,11.8060E+00,11.8699E+00,11.9873E+00,13.5118E+00,13.0439E+00,13.2339E+00,-0.1642E+00,-0.3445E+00,0.5098E+00,6.3164E+00,5.6973E+00,5.5878E+00,27.8586E+00,27.1805E+00,28.6948E+00,-26.7190E+00,-27.2419E+00,-26.7814E+00,50.476E+00,54.789E+00,55.434E+00,+99999.9E+99,+99999.9E+99,+99999.9E+99,6.570E+00,0.43208E+03,0.41052E+03,0.42799E+03,1.27058E+03,0.22738E+03,0.19993E+03,0.21389E+03,0.64120E+03,0.60845E+03,0.58620E+03,0.59491E+03,1.78956E+03,0.25482E+03,0.23178E+03,0.23313E+03,0.71888E+03,-0.42840E+03,-0.41846E+03,-0.41320E+03,-1.26007E+03,-0.11504E+03,-0.11727E+03,-0.09272E+03,-0.32504E+03,-0.71012E+00,-0.70030E+00,-0.71942E+00,-0.71000E+00,-0.89229E+00,-0.86255E+00,-0.91750E+00,-0.89194E+00,0.000E+00,119.941E+00,-119.770E+00,57.010E+00,-179.721E+00,-66.449E+00,-44.755E+00,-45.549E+00,-43.993E+00,-44.765E+00,201.587E+00,201.254E+00,201.615E+00,90.859E+00,+99999.9E+99,+99999.9E+99,0.00012E+06,-0.00074E+06,0.00000E+00,14.572E+00,0.757E+03,0.00115E+06,43.709E+00,F0F08
2021/11/30,17:34:22,00000:00:47,700,38003F00,500,1F00,1F00,3F00,99.937E+00,0.000E+00,0.000E+00,111.000E+00,0.000E+00,0.000E+00,0.498E+00,0.000E+00,0.000E+00,99.935E+00,0.000E+00,0.000E+00,0.000E+00,0.000E+00,0.000E+00,100.904E+00,0.000E+00,0.000E+00,98.796E+00,0.000E+00,0.000E+00,63.996E+00,+99999.9E+99,+99999.9E+99,1.054E+00,+99999.9E+99,+99999.9E+99,11.6052E+00,0.00000E+00,0.00000E+00,11.8536E+00,0.00000E+00,0.00000E+00,4.5595E+00,0.00000E+00,0.00000E+00,10.6720E+00,0.00000E+00,0.00000E+00,4.0989E+00,0.00000E+00,0.00000E+00,18.3481E+00,0.0000E+00,0.0000E+00,3.4698E+00,0.0000E+00,0.0000E+00,44.957E+00,+99999.9E+99,+99999.9E+99,69.707E+00,+99999.9E+99,+99999.9E+99,1.06448E+03,0.00000E+03,0.00000E+03,0.00000E+03,0.00000E+03,0.00000E+03,1.15978E+03,0.00000E+03,0.00000E+03,0.00000E+03,0.00000E+03,0.00000E+03,0.46042E+03,0.00000E+03,0.00000E+03,0.00000E+03,0.00000E+03,0.00000E+03,0.91783E+00,0.00000E+00,0.00000E+00,0.89507E+00,0.56285E+00,0.58919E+00,0.000E+00,37.494E+00,143.623E+00,153.518E+00,-86.759E+00,-162.477E+00,23.390E+00,90.000E+00,90.000E+00,12.6032E+00,0.00000E+00,0.00000E+00,101.651E+00,100.000E+00,100.000E+00,-0.01757E+03,0.00000E+03,0.00000E+03,+99999.9E+99,+99999.9E+99,+99999.9E+99,+99999.9E+99,+99999.9E+99,+99999.9E+99,+99999.9E+99,+99999.9E+99,+99999.9E+99,+99999.9E+99,+99999.9E+99,+99999.9E+99,1B00,0,0,0,1B00,76.7183E+00,77.0621E+00,76.7999E+00,76.8601E+00,71.9657E+00,72.6078E+00,72.1087E+00,72.2274E+00,76.7183E+00,77.0621E+00,76.7999E+00,0.0000E+00,0.0000E+00,0.0000E+00,69.9712E+00,70.1927E+00,70.0911E+00,105.519E+00,106.030E+00,105.454E+00,-104.396E+00,-104.323E+00,-104.441E+00,39.149E+00,38.977E+00,38.966E+00,+99999.9E+99,+99999.9E+99,+99999.9E+99,0.188E+00,11.9555E+00,11.7881E+00,12.0811E+00,11.9416E+00,10.4004E+00,10.3111E+00,10.5184E+00,10.4100E+00,11.9548E+00,11.7881E+00,12.0811E+00,-0.1290E+00,0.0000E+00,0.0000E+00,15.4902E+00,15.0902E+00,15.3036E+00,27.6367E+00,27.3786E+00,28.5214E+00,-26.2405E+00,-27.0171E+00,-26.7857E+00,39.259E+00,40.202E+00,39.288E+00,+99999.9E+99,+99999.9E+99,+99999.9E+99,1.600E+00,0.35491E+03,0.35702E+03,0.37012E+03,1.08205E+03,0.54716E+03,0.53232E+03,0.54902E+03,1.62850E+03,0.53372E+03,0.52751E+03,0.54152E+03,1.60276E+03,0.62462E+03,0.60835E+03,0.61872E+03,1.85155E+03,-0.39862E+03,-0.38834E+03,-0.39530E+03,-1.18226E+03,-0.30128E+03,-0.29448E+03,-0.28529E+03,-0.88104E+03,-0.66497E+00,-0.67680E+00,-0.68347E+00,-0.67511E+00,-0.87598E+00,-0.87503E+00,-0.88735E+00,-0.87953E+00,0.000E+00,119.986E+00,-119.848E+00,58.944E+00,178.891E+00,-62.450E+00,-48.320E+00,-47.406E+00,-46.884E+00,-47.537E+00,201.794E+00,202.159E+00,201.583E+00,90.163E+00,+99999.9E+99,+99999.9E+99,0.00011E+06,-0.00062E+06,0.00000E+00,12.315E+00,0.756E+03,0.00098E+06,43.767E+00,F0F08
2021/11/30,17:34:22,00000:00:47,750,38003F00,2A00,3B00,3B00,3F00,99.869E+00,0.000E+00,0.000E+00,110.925E+00,0.000E+00,0.000E+00,0.521E+00,0.000E+00,0.000E+00,99.868E+00,0.000E+00,0.000E+00,0.000E+00,0.000E+00,0.000E+00,100.954E+00,0.000E+00,0.000E+00,98.786E+00,0.000E+00,0.000E+00,63.996E+00,+99999.9E+99,+99999.9E+99,1.085E+00,+99999.9E+99,+99999.9E+99,12.1059E+00,0.00000E+00,0.00000E+00,12.3598E+00,0.00000E+00,0.00000E+00,4.7671E+00,0.00000E+00,0.00000E+00,11.1277E+00,0.00000E+00,0.00000E+00,4.0989E+00,0.00000E+00,0.00000E+00,18.3795E+00,0.0000E+00,0.0000E+00,3.4212E+00,0.0000E+00,0.0000E+00,44.957E+00,+99999.9E+99,+99999.9E+99,67.212E+00,+99999.9E+99,+99999.9E+99,1.10908E+03,0.00000E+03,0.00000E+03,0.00000E+03,0.00000E+03,0.00000E+03,1.20900E+03,0.00000E+03,0.00000E+03,0.00000E+03,0.00000E+03,0.00000E+03,0.48128E+03,0.00000E+03,0.00000E+03,0.00000E+03,0.00000E+03,0.00000E+03,0.91735E+00,0.00000E+00,0.00000E+00,0.89507E+00,0.56285E+00,0.58919E+00,0.000E+00,37.494E+00,143.623E+00,153.518E+00,-86.759E+00,-162.477E+00,23.458E+00,90.000E+00,90.000E+00,0.00000E+00,0.00000E+00,0.00000E+00,78.170E+00,100.000E+00,100.000E+00,0.24211E+03,0.00000E+03,0.00000E+03,+99999.9E+99,+99999.9E+99,+99999.9E+99,+99999.9E+99,+99999.9E+99,+99999.9E+99,+99999.9E+99,+99999.9E+99,+99999.9E+99,+99999.9E+99,+99999.9E+99,+99999.9E+99,1B00,0,0,0,1B00,76.5284E+00,76.6154E+00,76.5390E+00,76.5609E+00,72.4293E+00,72.7773E+00,72.4950E+00,72.5672E+00,76.5284E+00,76.6153E+00,76.5390E+00,0.0000E+00,0.0000E+00,0.0000E+00,72.8292E+00,72.6691E+00,72.5910E+00,105.653E+00,105.974E+00,105.797E+00,-104.479E+00,-105.100E+00,-104.850E+00,18.312E+00,17.788E+00,17.842E+00,+99999.9E+99,+99999.9E+99,+99999.9E+99,0.192E+00,9.6176E+00,9.1217E+00,9.2500E+00,9.3298E+00,8.3287E+00,7.9240E+00,7.9551E+00,8.0693E+00,9.6164E+00,9.1185E+00,9.2415E+00,-0.1522E+00,-0.2426E+00,0.3959E+00,5.9731E+00,6.2913E+00,6.7136E+00,26.2295E+00,24.2286E+00,25.1448E+00,-26.7138E+00,-25.4133E+00,-22.4443E+00,58.387E+00,53.622E+00,50.646E+00,+99999.9E+99,+99999.9E+99,+99999.9E+99,5.155E+00,0.29656E+03,0.27836E+03,0.29205E+03,0.86697E+03,0.21087E+03,0.22792E+03,0.23267E+03,0.67147E+03,0.42759E+03,0.40457E+03,0.41026E+03,1.24242E+03,0.24717E+03,0.25413E+03,0.26871E+03,0.76946E+03,-0.30803E+03,-0.29358E+03,-0.28814E+03,-0.88975E+03,-0.12893E+03,-0.11241E+03,-0.13441E+03,-0.37575E+03,-0.69357E+00,-0.68804E+00,-0.71185E+00,-0.69781E+00,-0.85317E+00,-0.89686E+00,-0.86590E+00,-0.87266E+00,0.000E+00,120.137E+00,-120.043E+00,61.367E+00,176.357E+00,-59.921E+00,-46.087E+00,-46.525E+00,-44.614E+00,-45.749E+00,201.864E+00,201.303E+00,202.031E+00,94.027E+00,+99999.9E+99,+99999.9E+99,0.00005E+06,-0.00054E+06,0.00000E+00,10.298E+00,0.756E+03,0.00082E+06,43.830E+00,F0F08
2021/11/30,17:34:23,00000:00:47,800,38003D00,2D00,3C00,3C00,3800,99.869E+00,0.000E+00,0.000E+00,110.925E+00,0.000E+00,0.000E+00,0.521E+00,0.000E+00,0.000E+00,99.868E+00,0.000E+00,0.000E+00,0.000E+00,0.000E+00,0.000E+00,100.954E+00,0.000E+00,0.000E+00,98.786E+00,0.000E+00,0.000E+00,37.227E+00,+99999.9E+99,+99999.9E+99,1.085E+00,+99999.9E+99,+99999.9E+99,12.1059E+00,0.00000E+00,0.00000E+00,12.3598E+00,0.00000E+00,0.00000E+00,4.7671E+00,0.00000E+00,0.00000E+00,11.1277E+00,0.00000E+00,0.00000E+00,4.3174E+00,0.00000E+00,0.00000E+00,18.3795E+00,0.0000E+00,0.0000E+00,3.4212E+00,0.0000E+00,0.0000E+00,45.673E+00,+99999.9E+99,+99999.9E+99,67.212E+00,+99999.9E+99,+99999.9E+99,1.10908E+03,0.00000E+03,0.00000E+03,0.00000E+03,0.00000E+03,0.00000E+03,1.20900E+03,0.00000E+03,0.00000E+03,0.00000E+03,0.00000E+03,0.00000E+03,0.48128E+03,0.00000E+03,0.00000E+03,0.00000E+03,0.00000E+03,0.00000E+03,0.91735E+00,0.00000E+00,0.00000E+00,0.92958E+00,0.98086E+00,0.90972E+00,0.000E+00,-147.104E+00,166.242E+00,158.370E+00,-158.332E+00,10.775E+00,23.458E+00,90.000E+00,90.000E+00,0.00000E+00,0.00000E+00,0.00000E+00,122.643E+00,100.000E+00,100.000E+00,-0.25113E+03,0.00000E+03,0.00000E+03,+99999.9E+99,+99999.9E+99,+99999.9E+99,+99999.9E+99,+99999.9E+99,+99999.9E+99,+99999.9E+99,+99999.9E+99,+99999.9E+99,+99999.9E+99,+99999.9E+99,+99999.9E+99,1B00,0,0,0,1B00,77.0008E+00,77.4551E+00,77.3315E+00,77.2624E+00,71.7094E+00,72.5751E+00,72.3363E+00,72.2070E+00,77.0007E+00,77.4551E+00,77.3314E+00,0.0000E+00,0.0000E+00,0.0000E+00,71.7173E+00,72.2645E+00,72.0528E+00,105.567E+00,105.996E+00,105.544E+00,-104.480E+00,-104.820E+00,-105.007E+00,25.243E+00,25.660E+00,25.636E+00,+99999.9E+99,+99999.9E+99,+99999.9E+99,0.437E+00,13.9831E+00,13.6684E+00,13.7995E+00,13.8170E+00,13.0667E+00,12.8795E+00,12.8376E+00,12.9280E+00,13.9824E+00,13.6663E+00,13.7941E+00,-0.1425E+00,-0.2441E+00,0.3876E+00,10.1810E+00,9.3483E+00,9.4855E+00,27.6467E+00,27.1786E+00,28.4962E+00,-26.6767E+00,-26.9390E+00,-26.7438E+00,43.876E+00,46.607E+00,47.094E+00,+99999.9E+99,+99999.9E+99,+99999.9E+99,6.505E+00,0.45761E+03,0.44611E+03,0.45648E+03,1.36020E+03,0.37230E+03,0.32796E+03,0.35175E+03,1.05201E+03,0.63001E+03,0.61602E+03,0.62421E+03,1.87024E+03,0.41532E+03,0.37805E+03,0.38167E+03,1.17362E+03,-0.43302E+03,-0.42481E+03,-0.42575E+03,-1.28358E+03,-0.18406E+03,-0.18805E+03,-0.14813E+03,-0.52024E+03,-0.72635E+00,-0.72418E+00,-0.73130E+00,-0.72729E+00,-0.89643E+00,-0.86750E+00,-0.92161E+00,-0.89638E+00,0.000E+00,119.937E+00,-119.661E+00,56.555E+00,179.674E+00,-66.979E+00,-43.419E+00,-43.599E+00,-43.005E+00,-43.341E+00,201.370E+00,202.114E+00,201.026E+00,90.286E+00,+99999.9E+99,+99999.9E+99,0.00013E+06,-0.00078E+06,0.00000E+00,15.485E+00,0.757E+03,0.00123E+06,43.586E+00,F0F08
2021/11/30,17:34:23,00000:00:47,850,38003F00,2800,3B00,3B00,3F00,100.031E+00,0.000E+00,0.000E+00,111.105E+00,0.000E+00,0.000E+00,0.498E+00,0.000E+00,0.000E+00,100.030E+00,0.000E+00,0.000E+00,0.000E+00,0.000E+00,0.000E+00,100.932E+00,0.000E+00,0.000E+00,98.811E+00,0.000E+00,0.000E+00,37.227E+00,+99999.9E+99,+99999.9E+99,1.060E+00,+99999.9E+99,+99999.9E+99,11.3034E+00,0.00000E+00,0.00000E+00,11.5614E+00,0.00000E+00,0.00000E+00,4.4069E+00,0.00000E+00,0.00000E+00,10.4089E+00,0.00000E+00,0.00000E+00,4.3174E+00,0.00000E+00,0.00000E+00,18.1455E+00,0.0000E+00,0.0000E+00,4.1921E+00,0.0000E+00,0.0000E+00,45.673E+00,+99999.9E+99,+99999.9E+99,67.026E+00,+99999.9E+99,+99999.9E+99,1.03924E+03,0.00000E+03,0.00000E+03,0.00000E+03,0.00000E+03,0.00000E+03,1.13068E+03,0.00000E+03,0.00000E+03,0.00000E+03,0.00000E+03,0.00000E+03,-0.44546E+03,0.00000E+03,0.00000E+03,0.00000E+03,0.00000E+03,0.00000E+03,-0.91912E+00,0.00000E+00,0.00000E+00,0.92958E+00,0.98086E+00,0.90972E+00,0.000E+00,-147.104E+00,166.242E+00,158.370E+00,-158.332E+00,10.775E+00,-23.202E+00,90.000E+00,90.000E+00,9.31748E+00,0.00000E+00,0.00000E+00,84.705E+00,100.000E+00,100.000E+00,0.15895E+03,0.00000E+03,0.00000E+03,+99999.9E+99,+99999.9E+99,+99999.9E+99,+99999.9E+99,+99999.9E+99,+99999.9E+99,+99999.9E+99,+99999.9E+99,+99999.9E+99,+99999.9E+99,+99999.9E+99,+99999.9E+99,1B00,0,0,0,1B00,76.6853E+00,76.6416E+00,76.3873E+00,76.5714E+00,72.5594E+00,72.6732E+00,72.0590E+00,72.4305E+00,76.6853E+00,76.6416E+00,76.3873E+00,0.0000E+00,0.0000E+00,0.0000E+00,70.7495E+00,70.6395E+00,70.4862E+00,105.751E+00,106.050E+00,105.691E+00,-104.156E+00,-104.453E+00,-104.303E+00,35.803E+00,35.336E+00,35.809E+00,+99999.9E+99,+99999.9E+99,+99999.9E+99,0.218E+00,9.7757E+00,9.3660E+00,9.9580E+00,9.6999E+00,8.4684E+00,8.1226E+00,8.5173E+00,8.3694E+00,9.7750E+00,9.3660E+00,9.9580E+00,-0.1120E+00,0.0000E+00,0.0000E+00,13.4185E+00,13.4924E+00,14.0325E+00,26.3171E+00,24.8976E+00,27.2795E+00,-25.8133E+00,-23.5457E+00,-26.3652E+00,42.825E+00,41.957E+00,40.147E+00,+99999.9E+99,+99999.9E+99,+99999.9E+99,2.552E+00,0.28822E+03,0.28620E+03,0.30586E+03,0.88028E+03,0.46811E+03,0.48448E+03,0.49230E+03,1.44488E+03,0.43479E+03,0.41668E+03,0.44178E+03,1.29325E+03,0.54285E+03,0.54720E+03,0.56428E+03,1.65403E+03,-0.32553E+03,-0.30284E+03,-0.31877E+03,-0.94715E+03,-0.27490E+03,-0.25439E+03,-0.27578E+03,-0.80506E+03,-0.66289E+00,-0.68686E+00,-0.69234E+00,-0.68067E+00,-0.86230E+00,-0.88537E+00,-0.87244E+00,-0.87355E+00,0.000E+00,120.188E+00,-119.993E+00,60.365E+00,177.825E+00,-60.612E+00,-48.479E+00,-46.618E+00,-46.184E+00,-47.104E+00,202.341E+00,201.703E+00,202.543E+00,92.022E+00,+99999.9E+99,+99999.9E+99,0.00007E+06,-0.00052E+06,0.00000E+00,10.228E+00,0.756E+03,0.00081E+06,43.935E+00,F0F08
2021/11/30,17:34:23,00000:00:47,900,38003F00,0,1B00,1B00,3F00,99.933E+00,0.000E+00,0.000E+00,110.996E+00,0.000E+00,0.000E+00,0.531E+00,0.000E+00,0.000E+00,99.931E+00,0.000E+00,0.000E+00,0.000E+00,0.000E+00,0.000E+00,101.082E+00,0.000E+00,0.000E+00,98.789E+00,0.000E+00,0.000E+00,106.443E+00,+99999.9E+99,+99999.9E+99,1.147E+00,+99999.9E+99,+99999.9E+99,11.8241E+00,0.00000E+00,0.00000E+00,12.0488E+00,0.00000E+00,0.00000E+00,4.7048E+00,0.00000E+00,0.00000E+00,10.8477E+00,0.00000E+00,0.00000E+00,3.0641E+00,0.00000E+00,0.00000E+00,18.1840E+00,0.0000E+00,0.0000E+00,3.3681E+00,0.0000E+00,0.0000E+00,103.749E+00,+99999.9E+99,+99999.9E+99,68.291E+00,+99999.9E+99,+99999.9E+99,1.08178E+03,0.00000E+03,0.00000E+03,0.00000E+03,0.00000E+03,0.00000E+03,1.18161E+03,0.00000E+03,0.00000E+03,0.00000E+03,0.00000E+03,0.00000E+03,0.47533E+03,0.00000E+03,0.00000E+03,0.00000E+03,0.00000E+03,0.00000E+03,0.91552E+00,0.00000E+00,0.00000E+00,0.82082E+00,0.81010E+00,0.69109E+00,0.000E+00,25.828E+00,132.908E+00,145.167E+00,-10.066E+00,-93.375E+00,23.720E+00,90.000E+00,90.000E+00,12.6160E+00,0.00000E+00,0.00000E+00,95.438E+00,100.000E+00,100.000E+00,0.04935E+03,0.00000E+03,0.00000E+03,+99999.9E+99,+99999.9E+99,+99999.9E+99,+99999.9E+99,+99999.9E+99,+99999.9E+99,+99999.9E+99,+99999.9E+99,+99999.9E+99,+99999.9E+99,+99999.9E+99,+99999.9E+99,1B00,0,0,0,1B00,76.5302E+00,77.0116E+00,77.0319E+00,76.8579E+00,71.8063E+00,72.7363E+00,72.7537E+00,72.4321E+00,76.5302E+00,77.0116E+00,77.0319E+00,0.0000E+00,0.0000E+00,0.0000E+00,73.1045E+00,73.2068E+00,73.1087E+00,105.749E+00,106.143E+00,105.934E+00,-104.971E+00,-104.836E+00,-104.594E+00,14.050E+00,13.972E+00,14.183E+00,+99999.9E+99,+99999.9E+99,+99999.9E+99,0.090E+00,11.6766E+00,11.4123E+00,11.2147E+00,11.4346E+00,9.9842E+00,9.8271E+00,9.5308E+00,9.7807E+00,11.6756E+00,11.4050E+00,11.2006E+00,-0.1533E+00,-0.4079E+00,0.5622E+00,4.8626E+00,4.6213E+00,4.8400E+00,27.6024E+00,27.1376E+00,28.4500E+00,-26.7476E+00,-27.0952E+00,-26.0743E+00,58.120E+00,59.561E+00,56.248E+00,+99999.9E+99,+99999.9E+99,+99999.9E+99,2.541E+00,0.35587E+03,0.33562E+03,0.34095E+03,1.03243E+03,0.17555E+03,0.17148E+03,0.18038E+03,0.52741E+03,0.52129E+03,0.50860E+03,0.50243E+03,1.53232E+03,0.20097E+03,0.19385E+03,0.20174E+03,0.59646E+03,-0.38092E+03,-0.38215E+03,-0.36904E+03,-1.13210E+03,-0.09782E+03,-0.09040E+03,-0.09035E+03,-0.27857E+03,-0.68267E+00,-0.65988E+00,-0.67860E+00,-0.67377E+00,-0.87353E+00,-0.88461E+00,-0.89411E+00,-0.88424E+00,0.000E+00,120.041E+00,-119.913E+00,59.172E+00,177.795E+00,-63.309E+00,-46.947E+00,-48.709E+00,-47.265E+00,-47.641E+00,201.310E+00,201.936E+00,201.365E+00,92.894E+00,+99999.9E+99,+99999.9E+99,0.00007E+06,-0.00062E+06,0.00000E+00,12.105E+00,0.757E+03,0.00096E+06,43.626E+00,F0F0F
2021/11/30,17:34:23,00000:00:47,950,38003F00,700,1F00,1F00,3F00,99.933E+00,0.000E+00,0.000E+00,110.996E+00,0.000E+00,0.000E+00,0.531E+00,0.000E+00,0.000E+00,99.931E+00,0.000E+00,0.000E+00,0.000E+00,0.000E+00,0.000E+00,101.082E+00,0.000E+00,0.000E+00,98.789E+00,0.000E+00,0.000E+00,20.102E+00,+99999.9E+99,328.364E+00,1.147E+00,+99999.9E+99,+99999.9E+99,11.8241E+00,0.00000E+00,0.00000E+00,12.0488E+00,0.00000E+00,0.00000E+00,4.7048E+00,0.00000E+00,0.00000E+00,10.8477E+00,0.00000E+00,0.00000E+00,4.7419E+00,0.00000E+00,0.00000E+00,18.1840E+00,0.0000E+00,0.0000E+00,3.3681E+00,0.0000E+00,0.0000E+00,13.072E+00,+99999.9E+99,+99999.9E+99,68.291E+00,+99999.9E+99,+99999.9E+99,1.08178E+03,0.00000E+03,0.00000E+03,0.00000E+03,0.00000E+03,0.00000E+03,1.18161E+03,0.00000E+03,0.00000E+03,0.00000E+03,0.00000E+03,0.00000E+03,0.47533E+03,0.00000E+03,0.00000E+03,0.00000E+03,0.00000E+03,0.00000E+03,0.91552E+00,0.00000E+00,0.00000E+00,0.91850E+00,0.63080E+00,0.98564E+00,0.000E+00,58.347E+00,139.101E+00,156.708E+00,7.456E+00,129.381E+00,23.720E+00,90.000E+00,90.000E+00,12.6160E+00,0.00000E+00,0.00000E+00,118.875E+00,100.000E+00,100.000E+00,-0.20419E+03,0.00000E+03,0.00000E+03,+99999.9E+99,+99999.9E+99,+99999.9E+99,+99999.9E+99,+99999.9E+99,+99999.9E+99,+99999.9E+99,+99999.9E+99,+99999.9E+99,+99999.9E+99,+99999.9E+99,+99999.9E+99,1B00,0,0,0,1B00,77.2114E+00,77.2200E+00,76.9914E+00,77.1409E+00,72.1907E+00,72.3810E+00,71.8271E+00,72.1329E+00,77.2114E+00,77.2199E+00,76.9914E+00,0.0000E+00,0.0000E+00,0.0000E+00,70.4425E+00,71.0562E+00,70.9451E+00,105.451E+00,105.660E+00,105.616E+00,-104.413E+00,-104.909E+00,-104.644E+00,34.724E+00,34.675E+00,34.595E+00,+99999.9E+99,+99999.9E+99,+99999.9E+99,0.534E+00,13.5388E+00,13.1303E+00,13.4909E+00,13.3867E+00,12.4734E+00,12.0643E+00,12.4076E+00,12.3151E+00,13.5381E+00,13.1303E+00,13.4893E+00,-0.1414E+00,0.0000E+00,0.2019E+00,14.1468E+00,13.1850E+00,13.1748E+00,27.7610E+00,27.1214E+00,28.5595E+00,-26.4314E+00,-27.2010E+00,-26.6167E+00,39.529E+00,41.965E+00,42.095E+00,+99999.9E+99,+99999.9E+99,+99999.9E+99,4.572E+00,0.42640E+03,0.41874E+03,0.44083E+03,1.28597E+03,0.50534E+03,0.46047E+03,0.48671E+03,1.45253E+03,0.60986E+03,0.59143E+03,0.60644E+03,1.80772E+03,0.56992E+03,0.53315E+03,0.53831E+03,1.64037E+03,-0.43601E+03,-0.41767E+03,-0.41645E+03,-1.27013E+03,-0.26352E+03,-0.26872E+03,-0.22997E+03,-0.76221E+03,-0.69918E+00,-0.70801E+00,-0.72692E+00,-0.71138E+00,-0.88668E+00,-0.86369E+00,-0.90416E+00,-0.88549E+00,0.000E+00,119.822E+00,-119.658E+00,57.829E+00,-179.967E+00,-64.600E+00,-45.639E+00,-44.926E+00,-43.371E+00,-44.653E+00,201.758E+00,201.544E+00,201.922E+00,89.618E+00,+99999.9E+99,+99999.9E+99,0.00013E+06,-0.00073E+06,0.00000E+00,14.533E+00,0.757E+03,0.00115E+06,43.701E+00,F0F08
2021/11/30,17:34:23,00000:00:48,0,38003D00,500,1C00,1C00,3800,99.933E+00,0.000E+00,0.000E+00,110.996E+00,0.000E+00,0.000E+00,0.531E+00,0.000E+00,0.000E+00,99.931E+00,0.000E+00,0.000E+00,0.000E+00,0.000E+00,0.000E+00,101.082E+00,0.000E+00,0.000E+00,98.789E+00,0.000E+00,0.000E+00,20.102E+00,+99999.9E+99,328.364E+00,1.147E+00,+99999.9E+99,+99999.9E+99,11.8241E+00,0.00000E+00,0.00000E+00,12.0488E+00,0.00000E+00,0.00000E+00,4.7048E+00,0.00000E+00,0.00000E+00,10.8477E+00,0.00000E+00,0.00000E+00,4.7419E+00,0.00000E+00,0.00000E+00,18.1840E+00,0.0000E+00,0.0000E+00,3.3681E+00,0.0000E+00,0.0000E+00,13.072E+00,+99999.9E+99,+99999.9E+99,68.291E+00,+99999.9E+99,+99999.9E+99,1.08178E+03,0.00000E+03,0.00000E+03,0.00000E+03,0.00000E+03,0.00000E+03,1.18161E+03,0.00000E+03,0.00000E+03,0.00000E+03,0.00000E+03,0.00000E+03,0.47533E+03,0.00000E+03,0.00000E+03,0.00000E+03,0.00000E+03,0.00000E+03,0.91552E+00,0.00000E+00,0.00000E+00,0.91850E+00,0.63080E+00,0.98564E+00,0.000E+00,58.347E+00,139.101E+00,156.708E+00,7.456E+00,129.381E+00,23.720E+00,90.000E+00,90.000E+00,12.6160E+00,0.00000E+00,0.00000E+00,70.902E+00,100.000E+00,100.000E+00,0.31477E+03,0.00000E+03,0.00000E+03,+99999.9E+99,+99999.9E+99,+99999.9E+99,+99999.9E+99,+99999.9E+99,+99999.9E+99,+99999.9E+99,+99999.9E+99,+99999.9E+99,+99999.9E+99,+99999.9E+99,+99999.9E+99,1B00,0,0,0,1B00,76.2742E+00,76.6676E+00,76.5201E+00,76.4873E+00,72.1470E+00,72.8983E+00,72.6246E+00,72.5566E+00,76.2742E+00,76.6675E+00,76.5201E+00,0.0000E+00,0.0000E+00,0.0000E+00,71.9045E+00,71.7327E+00,71.6660E+00,105.791E+00,106.076E+00,105.753E+00,-105.046E+00,-104.871E+00,-104.386E+00,27.241E+00,26.244E+00,26.926E+00,+99999.9E+99,+99999.9E+99,+99999.9E+99,0.199E+00,8.1717E+00,8.1029E+00,8.0658E+00,8.1135E+00,7.2974E+00,7.2518E+00,7.1875E+00,7.2456E+00,8.1710E+00,8.1022E+00,8.0630E+00,-0.1037E+00,-0.1072E+00,0.2119E+00,9.7466E+00,9.9292E+00,10.2756E+00,22.2500E+00,20.6814E+00,20.3319E+00,-18.4729E+00,-18.8395E+00,-19.9257E+00,48.411E+00,45.968E+00,44.472E+00,+99999.9E+99,+99999.9E+99,+99999.9E+99,4.279E+00,0.25766E+03,0.25143E+03,0.25792E+03,0.76701E+03,0.33624E+03,0.36035E+03,0.36395E+03,1.06054E+03,0.36156E+03,0.35892E+03,0.35823E+03,1.07871E+03,0.39134E+03,0.40288E+03,0.41989E+03,1.21351E+03,-0.25364E+03,-0.25614E+03,-0.24861E+03,-0.75840E+03,-0.20022E+03,-0.18018E+03,-0.20941E+03,-0.58980E+03,-0.71264E+00,-0.70051E+00,-0.71998E+00,-0.71104E+00,-0.85921E+00,-0.89442E+00,-0.86677E+00,-0.87394E+00,0.000E+00,120.142E+00,-120.046E+00,60.693E+00,176.675E+00,-60.020E+00,-44.550E+00,-45.532E+00,-43.947E+00,-44.680E+00,202.289E+00,201.908E+00,201.917E+00,94.519E+00,+99999.9E+99,+99999.9E+99,0.00004E+06,-0.00047E+06,0.00000E+00,9.156E+00,0.756E+03,0.00072E+06,43.932E+00,F0F08
2021/11/30,17:34:23,00000:00:48,50,38003F00,700,1F00,1F00,3F00,99.933E+00,0.000E+00,0.000E+00,110.996E+00,0.000E+00,0.000E+00,0.531E+00,0.000E+00,0.000E+00,99.931E+00,0.000E+00,0.000E+00,0.000E+00,0.000E+00,0.000E+00,101.082E+00,0.000E+00,0.000E+00,98.789E+00,0.000E+00,0.000E+00,66.169E+00,+99999.9E+99,+99999.9E+99,1.147E+00,+99999.9E+99,+99999.9E+99,11.8241E+00,0.00000E+00,0.00000E+00,12.0488E+00,0.00000E+00,0.00000E+00,4.7048E+00,0.00000E+00,0.00000E+00,10.8477E+00,0.00000E+00,0.00000E+00,3.9969E+00,0.00000E+00,0.00000E+00,18.1840E+00,0.0000E+00,0.0000E+00,3.3681E+00,0.0000E+00,0.0000E+00,49.241E+00,+99999.9E+99,+99999.9E+99,68.291E+00,+99999.9E+99,+99999.9E+99,1.08178E+03,0.00000E+03,0.00000E+03,0.00000E+03,0.00000E+03,0.00000E+03,1.18161E+03,0.00000E+03,0.00000E+03,0.00000E+03,0.00000E+03,0.00000E+03,0.47533E+03,0.00000E+03,0.00000E+03,0.00000E+03,0.00000E+03,0.00000E+03,0.91552E+00,0.00000E+00,0.00000E+00,0.88597E+00,0.74513E+00,0.59442E+00,0.000E+00,-25.509E+00,136.328E+00,152.372E+00,-163.679E+00,82.800E+00,23.720E+00,90.000E+00,90.000E+00,12.6160E+00,0.00000E+00,0.00000E+00,114.636E+00,100.000E+00,100.000E+00,-0.15833E+03,0.00000E+03,0.00000E+03,+99999.9E+99,+99999.9E+99,+99999.9E+99,+99999.9E+99,+99999.9E+99,+99999.9E+99,+99999.9E+99,+99999.9E+99,+99999.9E+99,+99999.9E+99,+99999.9E+99,+99999.9E+99,1B00,0,0,0,1B00,77.0570E+00,77.1927E+00,77.0939E+00,77.1145E+00,72.0753E+00,72.4949E+00,72.1974E+00,72.2559E+00,77.0570E+00,77.1927E+00,77.0938E+00,0.0000E+00,0.0000E+00,0.0000E+00,72.7072E+00,73.1389E+00,72.9975E+00,105.847E+00,106.019E+00,105.687E+00,-104.246E+00,-104.599E+00,-104.240E+00,16.143E+00,16.111E+00,16.488E+00,+99999.9E+99,+99999.9E+99,+99999.9E+99,0.355E+00,13.2771E+00,12.8247E+00,13.0201E+00,13.0406E+00,12.0897E+00,11.6324E+00,11.6930E+00,11.8050E+00,13.2757E+00,12.8212E+00,13.0109E+00,-0.1909E+00,-0.2985E+00,0.4906E+00,6.3643E+00,5.6841E+00,5.5860E+00,27.5848E+00,27.0752E+00,28.5929E+00,-26.3952E+00,-27.1990E+00,-26.6971E+00,50.126E+00,54.884E+00,54.926E+00,+99999.9E+99,+99999.9E+99,+99999.9E+99,7.283E+00,0.42127E+03,0.40072E+03,0.41813E+03,1.24012E+03,0.22889E+03,0.19839E+03,0.21504E+03,0.64231E+03,0.59738E+03,0.57607E+03,0.58488E+03,1.75833E+03,0.25675E+03,0.23061E+03,0.23348E+03,0.71978E+03,-0.42355E+03,-0.41386E+03,-0.40896E+03,-1.24638E+03,-0.11632E+03,-0.11758E+03,-0.09094E+03,-0.32484E+03,-0.70519E+00,-0.69561E+00,-0.71490E+00,-0.70528E+00,-0.89149E+00,-0.86025E+00,-0.92103E+00,-0.89237E+00,0.000E+00,119.931E+00,-119.736E+00,57.138E+00,-179.479E+00,-66.948E+00,-45.155E+00,-45.924E+00,-44.365E+00,-45.148E+00,201.229E+00,201.405E+00,201.669E+00,90.916E+00,+99999.9E+99,+99999.9E+99,0.00011E+06,-0.00073E+06,0.00000E+00,14.224E+00,0.757E+03,0.00113E+06,43.578E+00,F0F08
2021/11/30,17:34:23,00000:00:48,100,38003F00,2800,3B00,3B00,3F00,99.876E+00,0.000E+00,0.000E+00,110.933E+00,0.000E+00,0.000E+00,0.495E+00,0.000E+00,0.000E+00,99.875E+00,0.000E+00,0.000E+00,0.000E+00,0.000E+00,0.000E+00,100.939E+00,0.000E+00,0.000E+00,98.825E+00,0.000E+00,0.000E+00,66.169E+00,+99999.9E+99,+99999.9E+99,1.058E+00,+99999.9E+99,+99999.9E+99,11.9389E+00,0.00000E+00,0.00000E+00,12.2552E+00,0.00000E+00,0.00000E+00,4.5605E+00,0.00000E+00,0.00000E+00,11.0335E+00,0.00000E+00,0.00000E+00,3.9969E+00,0.00000E+00,0.00000E+00,18.4319E+00,0.0000E+00,0.0000E+00,3.4407E+00,0.0000E+00,0.0000E+00,49.241E+00,+99999.9E+99,+99999.9E+99,67.935E+00,+99999.9E+99,+99999.9E+99,1.09995E+03,0.00000E+03,0.00000E+03,0.00000E+03,0.00000E+03,0.00000E+03,1.19240E+03,0.00000E+03,0.00000E+03,0.00000E+03,0.00000E+03,0.00000E+03,0.46038E+03,0.00000E+03,0.00000E+03,0.00000E+03,0.00000E+03,0.00000E+03,0.92246E+00,0.00000E+00,0.00000E+00,0.88597E+00,0.74513E+00,0.59442E+00,0.000E+00,-25.509E+00,136.328E+00,152.372E+00,-163.679E+00,82.800E+00,22.711E+00,90.000E+00,90.000E+00,0.00000E+00,0.00000E+00,0.00000E+00,97.146E+00,100.000E+00,100.000E+00,0.03139E+03,0.00000E+03,0.00000E+03,+99999.9E+99,+99999.9E+99,+99999.9E+99,+99999.9E+99,+99999.9E+99,+99999.9E+99,+99999.9E+99,+99999.9E+99,+99999.9E+99,+99999.9E+99,+99999.9E+99,+99999.9E+99,1800,0,0,0,1800,76.7432E+00,77.0863E+00,76.8219E+00,76.8838E+00,71.9614E+00,72.5974E+00,72.1171E+00,72.2253E+00,76.7432E+00,77.0863E+00,76.8219E+00,0.0000E+00,0.0000E+00,0.0000E+00,70.1112E+00,70.4933E+00,70.4123E+00,105.431E+00,105.864E+00,105.509E+00,-104.423E+00,-104.349E+00,-104.037E+00,37.320E+00,37.308E+00,37.210E+00,+99999.9E+99,+99999.9E+99,+99999.9E+99,0.337E+00,11.7611E+00,11.5946E+00,11.8684E+00,11.7413E+00,10.3369E+00,10.2561E+00,10.4410E+00,10.3446E+00,11.7605E+00,11.5946E+00,11.8684E+00,-0.1219E+00,0.0000E+00,0.0000E+00,14.9110E+00,14.3035E+00,14.3439E+00,27.5776E+00,27.1248E+00,28.1486E+00,-26.1238E+00,-26.7386E+00,-26.1476E+00,39.610E+00,41.042E+00,40.824E+00,+99999.9E+99,+99999.9E+99,+99999.9E+99,2.921E+00,0.35065E+03,0.35278E+03,0.36512E+03,1.06855E+03,0.52730E+03,0.49687E+03,0.51833E+03,1.54250E+03,0.52513E+03,0.51915E+03,0.53211E+03,1.57639E+03,0.60203E+03,0.57519E+03,0.58239E+03,1.75918E+03,-0.39091E+03,-0.38087E+03,-0.38707E+03,-1.15885E+03,-0.29050E+03,-0.28976E+03,-0.26555E+03,-0.84582E+03,-0.66773E+00,-0.67954E+00,-0.68618E+00,-0.67785E+00,-0.87587E+00,-0.86384E+00,-0.89000E+00,-0.87683E+00,0.000E+00,119.897E+00,-119.778E+00,59.034E+00,-179.893E+00,-62.792E+00,-48.108E+00,-47.192E+00,-46.671E+00,-47.324E+00,202.140E+00,202.308E+00,201.785E+00,90.478E+00,+99999.9E+99,+99999.9E+99,0.00010E+06,-0.00061E+06,0.00000E+00,12.195E+00,0.757E+03,0.00097E+06,43.823E+00,F0F08
2021/11/30,17:34:23,00000:00:48,150,38003F00,2D00,3F00,3F00,3F00,99.876E+00,0.000E+00,0.000E+00,110.933E+00,0.000E+00,0.000E+00,0.495E+00,0.000E+00,0.000E+00,99.875E+00,0.000E+00,0.000E+00,0.000E+00,0.000E+00,0.000E+00,100.939E+00,0.000E+00,0.000E+00,98.825E+00,0.000E+00,0.000E+00,66.169E+00,+99999.9E+99,+99999.9E+99,1.058E+00,+99999.9E+99,+99999.9E+99,11.9389E+00,0.00000E+00,0.00000E+00,12.2552E+00,0.00000E+00,0.00000E+00,4.5605E+00,0.00000E+00,0.00000E+00,11.0335E+00,0.00000E+00,0.00000E+00,3.9969E+00,0.00000E+00,0.00000E+00,18.4319E+00,0.0000E+00,0.0000E+00,3.4407E+00,0.0000E+00,0.0000E+00,49.241E+00,+99999.9E+99,+99999.9E+99,67.935E+00,+99999.9E+99,+99999.9E+99,1.09995E+03,0.00000E+03,0.00000E+03,0.00000E+03,0.00000E+03,0.00000E+03,1.19240E+03,0.00000E+03,0.00000E+03,0.00000E+03,0.00000E+03,0.00000E+03,0.46038E+03,0.00000E+03,0.00000E+03,0.00000E+03,0.00000E+03,0.00000E+03,0.92246E+00,0.00000E+00,0.00000E+00,0.88597E+00,0.74513E+00,0.59442E+00,0.000E+00,-25.509E+00,136.328E+00,152.372E+00,-163.679E+00,82.800E+00,22.711E+00,90.000E+00,90.000E+00,0.00000E+00,0.00000E+00,0.00000E+00,78.485E+00,100.000E+00,100.000E+00,0.23666E+03,0.00000E+03,0.00000E+03,+99999.9E+99,+99999.9E+99,+99999.9E+99,+99999.9E+99,+99999.9E+99,+99999.9E+99,+99999.9E+99,+99999.9E+99,+99999.9E+99,+99999.9E+99,+99999.9E+99,+99999.9E+99,1B00,0,0,0,1B00,76.5258E+00,76.6388E+00,76.5433E+00,76.5693E+00,72.4184E+00,72.8097E+00,72.4938E+00,72.5739E+00,76.5258E+00,76.6388E+00,76.5433E+00,0.0000E+00,0.0000E+00,0.0000E+00,72.4635E+00,72.2248E+00,72.2236E+00,105.743E+00,106.126E+00,105.796E+00,-105.857E+00,-104.913E+00,-103.526E+00,22.321E+00,21.434E+00,21.970E+00,+99999.9E+99,+99999.9E+99,+99999.9E+99,0.216E+00,9.5966E+00,9.0874E+00,9.2315E+00,9.3052E+00,8.3074E+00,7.8914E+00,7.9354E+00,8.0447E+00,9.5952E+00,9.0848E+00,9.2235E+00,-0.1632E+00,-0.2194E+00,0.3838E+00,7.6214E+00,8.0471E+00,8.2399E+00,26.1700E+00,24.2081E+00,25.0395E+00,-26.6324E+00,-25.3190E+00,-22.3505E+00,52.936E+00,48.673E+00,47.540E+00,+99999.9E+99,+99999.9E+99,+99999.9E+99,4.537E+00,0.29524E+03,0.27682E+03,0.29122E+03,0.86329E+03,0.26947E+03,0.29038E+03,0.29233E+03,0.85218E+03,0.42663E+03,0.40311E+03,0.40955E+03,1.23928E+03,0.31332E+03,0.32385E+03,0.33755E+03,0.97418E+03,-0.30796E+03,-0.29303E+03,-0.28796E+03,-0.88895E+03,-0.15986E+03,-0.14339E+03,-0.16878E+03,-0.47203E+03,-0.69204E+00,-0.68672E+00,-0.71108E+00,-0.69660E+00,-0.86005E+00,-0.89664E+00,-0.86603E+00,-0.87477E+00,0.000E+00,120.104E+00,-120.109E+00,60.570E+00,176.386E+00,-60.002E+00,-46.208E+00,-46.629E+00,-44.677E+00,-45.845E+00,201.646E+00,201.292E+00,202.033E+00,94.432E+00,+99999.9E+99,+99999.9E+99,0.00005E+06,-0.00054E+06,0.00000E+00,10.299E+00,0.756E+03,0.00082E+06,43.770E+00,F0F08
2021/11/30,17:34:23,00000:00:48,200,38003800,2800,3800,3800,3800,99.987E+00,0.000E+00,0.000E+00,111.056E+00,0.000E+00,0.000E+00,0.509E+00,0.000E+00,0.000E+00,99.985E+00,0.000E+00,0.000E+00,0.000E+00,0.000E+00,0.000E+00,100.911E+00,0.000E+00,0.000E+00,98.796E+00,0.000E+00,0.000E+00,34.216E+00,408.626E+00,+99999.9E+99,1.057E+00,+99999.9E+99,+99999.9E+99,10.9251E+00,0.00000E+00,0.00000E+00,11.1763E+00,0.00000E+00,0.00000E+00,4.2556E+00,0.00000E+00,0.00000E+00,10.0622E+00,0.00000E+00,0.00000E+00,4.0640E+00,0.00000E+00,0.00000E+00,18.2857E+00,0.0000E+00,0.0000E+00,3.9762E+00,0.0000E+00,0.0000E+00,41.606E+00,+99999.9E+99,+99999.9E+99,71.106E+00,+99999.9E+99,+99999.9E+99,1.00414E+03,0.00000E+03,0.00000E+03,0.00000E+03,0.00000E+03,0.00000E+03,1.09236E+03,0.00000E+03,0.00000E+03,0.00000E+03,0.00000E+03,0.00000E+03,0.43007E+03,0.00000E+03,0.00000E+03,0.00000E+03,0.00000E+03,0.00000E+03,0.91924E+00,0.00000E+00,0.00000E+00,0.92996E+00,0.24042E+00,0.90734E+00,0.000E+00,-93.814E+00,159.239E+00,158.429E+00,10.098E+00,4.098E+00,23.185E+00,90.000E+00,90.000E+00,14.5671E+00,0.00000E+00,0.00000E+00,135.176E+00,100.000E+00,100.000E+00,-0.35321E+03,0.00000E+03,0.00000E+03,+99999.9E+99,+99999.9E+99,+99999.9E+99,+99999.9E+99,+99999.9E+99,+99999.9E+99,+99999.9E+99,+99999.9E+99,+99999.9E+99,+99999.9E+99,+99999.9E+99,+99999.9E+99,1B00,0,0,0,1B00,76.9935E+00,77.4630E+00,77.3300E+00,77.2621E+00,71.6944E+00,72.5738E+00,72.3291E+00,72.1991E+00,76.9935E+00,77.4630E+00,77.3300E+00,0.0000E+00,0.0000E+00,0.0000E+00,72.2993E+00,72.7772E+00,72.6268E+00,105.460E+00,105.887E+00,105.649E+00,-104.770E+00,-105.253E+00,-104.596E+00,20.314E+00,20.440E+00,20.771E+00,+99999.9E+99,+99999.9E+99,+99999.9E+99,0.396E+00,13.9774E+00,13.6579E+00,13.7887E+00,13.8080E+00,13.0518E+00,12.8602E+00,12.8140E+00,12.9086E+00,13.9764E+00,13.6557E+00,13.7824E+00,-0.1679E+00,-0.2457E+00,0.4146E+00,8.0925E+00,7.4904E+00,7.3727E+00,27.6795E+00,27.2519E+00,28.6005E+00,-26.6100E+00,-26.8819E+00,-26.6348E+00,46.716E+00,49.192E+00,50.547E+00,+99999.9E+99,+99999.9E+99,+99999.9E+99,6.847E+00,0.45684E+03,0.44499E+03,0.45552E+03,1.35735E+03,0.29636E+03,0.25926E+03,0.27901E+03,0.83464E+03,0.62958E+03,0.61556E+03,0.62372E+03,1.86886E+03,0.33008E+03,0.29857E+03,0.30187E+03,0.92930E+03,-0.43321E+03,-0.42532E+03,-0.42606E+03,-1.28459E+03,-0.14533E+03,-0.14809E+03,-0.11521E+03,-0.40863E+03,-0.72562E+00,-0.72290E+00,-0.73033E+00,-0.72630E+00,-0.89786E+00,-0.86833E+00,-0.92430E+00,-0.89814E+00,0.000E+00,119.910E+00,-119.715E+00,56.342E+00,179.580E+00,-67.432E+00,-43.479E+00,-43.705E+00,-43.086E+00,-43.423E+00,201.783E+00,202.081E+00,201.068E+00,90.387E+00,+99999.9E+99,+99999.9E+99,0.00013E+06,-0.00078E+06,0.00000E+00,15.470E+00,0.757E+03,0.00123E+06,43.703E+00,F0F08
2021/11/30,17:34:23,00000:00:48,250,38003F00,0,1B00,1B00,3F00,99.951E+00,0.000E+00,0.000E+00,111.016E+00,0.000E+00,0.000E+00,0.516E+00,0.000E+00,0.000E+00,99.950E+00,0.000E+00,0.000E+00,0.000E+00,0.000E+00,0.000E+00,100.989E+00,0.000E+00,0.000E+00,98.796E+00,0.000E+00,0.000E+00,21.929E+00,+99999.9E+99,+99999.9E+99,1.097E+00,+99999.9E+99,+99999.9E+99,11.6062E+00,0.00000E+00,0.00000E+00,11.8102E+00,0.00000E+00,0.00000E+00,4.6523E+00,0.00000E+00,0.00000E+00,10.6330E+00,0.00000E+00,0.00000E+00,4.4742E+00,0.00000E+00,0.00000E+00,17.8998E+00,0.0000E+00,0.0000E+00,3.5200E+00,0.0000E+00,0.0000E+00,9.191E+00,+99999.9E+99,+99999.9E+99,67.619E+00,+99999.9E+99,+99999.9E+99,1.06063E+03,0.00000E+03,0.00000E+03,0.00000E+03,0.00000E+03,0.00000E+03,1.16005E+03,0.00000E+03,0.00000E+03,0.00000E+03,0.00000E+03,0.00000E+03,0.46988E+03,0.00000E+03,0.00000E+03,0.00000E+03,0.00000E+03,0.00000E+03,0.91429E+00,0.00000E+00,0.00000E+00,0.90274E+00,0.95835E+00,0.98344E+00,0.000E+00,5.568E+00,138.188E+00,154.521E+00,-157.837E+00,127.745E+00,23.894E+00,90.000E+00,90.000E+00,12.9423E+00,0.00000E+00,0.00000E+00,81.518E+00,100.000E+00,100.000E+00,0.19603E+03,0.00000E+03,0.00000E+03,+99999.9E+99,+99999.9E+99,+99999.9E+99,+99999.9E+99,+99999.9E+99,+99999.9E+99,+99999.9E+99,+99999.9E+99,+99999.9E+99,+99999.9E+99,+99999.9E+99,+99999.9E+99,1B00,0,0,0,1B00,76.7015E+00,76.6637E+00,76.3715E+00,76.5789E+00,72.5341E+00,72.6347E+00,71.9775E+00,72.3821E+00,76.7015E+00,76.6637E+00,76.3715E+00,0.0000E+00,0.0000E+00,0.0000E+00,70.2501E+00,70.2894E+00,70.1812E+00,106.024E+00,106.196E+00,105.556E+00,-104.161E+00,-104.821E+00,-104.589E+00,38.309E+00,37.997E+00,38.212E+00,+99999.9E+99,+99999.9E+99,+99999.9E+99,0.081E+00,9.7267E+00,9.3306E+00,9.9271E+00,9.6615E+00,8.3623E+00,8.0343E+00,8.4290E+00,8.2752E+00,9.7262E+00,9.3306E+00,9.9271E+00,-0.1007E+00,0.0000E+00,0.0000E+00,14.7555E+00,14.6446E+00,14.9784E+00,26.3948E+00,24.9086E+00,27.1343E+00,-25.6186E+00,-23.4352E+00,-26.8014E+00,40.759E+00,40.740E+00,39.427E+00,+99999.9E+99,+99999.9E+99,+99999.9E+99,1.422E+00,0.28247E+03,0.28155E+03,0.30058E+03,0.86460E+03,0.51770E+03,0.51972E+03,0.53166E+03,1.56908E+03,0.43241E+03,0.41520E+03,0.44038E+03,1.28799E+03,0.59651E+03,0.59127E+03,0.60544E+03,1.79313E+03,-0.32740E+03,-0.30515E+03,-0.32186E+03,-0.95441E+03,-0.29633E+03,-0.28194E+03,-0.28966E+03,-0.86793E+03,-0.65324E+00,-0.67812E+00,-0.68253E+00,-0.67128E+00,-0.86788E+00,-0.87899E+00,-0.87813E+00,-0.87505E+00,0.000E+00,120.071E+00,-119.939E+00,59.803E+00,178.505E+00,-61.328E+00,-49.213E+00,-47.303E+00,-46.958E+00,-47.834E+00,201.781E+00,201.659E+00,202.435E+00,91.996E+00,+99999.9E+99,+99999.9E+99,0.00007E+06,-0.00051E+06,0.00000E+00,10.046E+00,0.756E+03,0.00080E+06,43.794E+00,F0F0F
2021/11/30,17:34:23,00000:00:48,300,38003F00,700,1F00,1F00,3F00,99.951E+00,0.000E+00,0.000E+00,111.016E+00,0.000E+00,0.000E+00,0.516E+00,0.000E+00,0.000E+00,99.950E+00,0.000E+00,0.000E+00,0.000E+00,0.000E+00,0.000E+00,100.989E+00,0.000E+00,0.000E+00,98.796E+00,0.000E+00,0.000E+00,21.929E+00,+99999.9E+99,+99999.9E+99,1.097E+00,+99999.9E+99,+99999.9E+99,11.6062E+00,0.00000E+00,0.00000E+00,11.8102E+00,0.00000E+00,0.00000E+00,4.6523E+00,0.00000E+00,0.00000E+00,10.6330E+00,0.00000E+00,0.00000E+00,4.4742E+00,0.00000E+00,0.00000E+00,17.8998E+00,0.0000E+00,0.0000E+00,3.5200E+00,0.0000E+00,0.0000E+00,9.191E+00,+99999.9E+99,+99999.9E+99,67.619E+00,+99999.9E+99,+99999.9E+99,1.06063E+03,0.00000E+03,0.00000E+03,0.00000E+03,0.00000E+03,0.00000E+03,1.16005E+03,0.00000E+03,0.00000E+03,0.00000E+03,0.00000E+03,0.00000E+03,0.46988E+03,0.00000E+03,0.00000E+03,0.00000E+03,0.00000E+03,0.00000E+03,0.91429E+00,0.00000E+00,0.00000E+00,0.90274E+00,0.95835E+00,0.98344E+00,0.000E+00,5.568E+00,138.188E+00,154.521E+00,-157.837E+00,127.745E+00,23.894E+00,90.000E+00,90.000E+00,12.9423E+00,0.00000E+00,0.00000E+00,98.442E+00,100.000E+00,100.000E+00,0.01652E+03,0.00000E+03,0.00000E+03,+99999.9E+99,+99999.9E+99,+99999.9E+99,+99999.9E+99,+99999.9E+99,+99999.9E+99,+99999.9E+99,+99999.9E+99,+99999.9E+99,+99999.9E+99,+99999.9E+99,+99999.9E+99,1B00,0,0,0,1B00,76.4943E+00,77.0233E+00,77.0090E+00,76.8422E+00,71.7931E+00,72.7831E+00,72.7506E+00,72.4422E+00,76.4943E+00,77.0232E+00,77.0090E+00,0.0000E+00,0.0000E+00,0.0000E+00,73.0419E+00,73.0119E+00,72.9175E+00,105.667E+00,106.003E+00,105.773E+00,-104.714E+00,-105.053E+00,-104.570E+00,15.409E+00,15.363E+00,15.284E+00,+99999.9E+99,+99999.9E+99,+99999.9E+99,0.104E+00,11.5988E+00,11.3478E+00,11.1581E+00,11.3682E+00,10.0633E+00,9.9167E+00,9.6289E+00,9.8696E+00,11.5974E+00,11.3427E+00,11.1461E+00,-0.1761E+00,-0.3412E+00,0.5185E+00,5.1652E+00,5.0982E+00,5.4865E+00,27.2714E+00,26.8305E+00,28.4752E+00,-26.3438E+00,-26.4662E+00,-25.7129E+00,59.032E+00,58.266E+00,54.053E+00,+99999.9E+99,+99999.9E+99,+99999.9E+99,3.474E+00,0.35909E+03,0.33996E+03,0.34506E+03,1.04410E+03,0.18224E+03,0.18968E+03,0.19527E+03,0.56719E+03,0.51742E+03,0.50579E+03,0.49994E+03,1.52314E+03,0.21149E+03,0.21273E+03,0.22297E+03,0.64698E+03,-0.37252E+03,-0.37451E+03,-0.36176E+03,-1.10879E+03,-0.10731E+03,-0.09631E+03,-0.10765E+03,-0.31126E+03,-0.69401E+00,-0.67213E+00,-0.69021E+00,-0.68549E+00,-0.86172E+00,-0.89164E+00,-0.87574E+00,-0.87667E+00,0.000E+00,120.096E+00,-119.977E+00,60.472E+00,176.976E+00,-61.052E+00,-46.052E+00,-47.769E+00,-46.354E+00,-46.726E+00,201.897E+00,201.841E+00,201.260E+00,92.952E+00,+99999.9E+99,+99999.9E+99,0.00007E+06,-0.00063E+06,0.00000E+00,12.256E+00,0.756E+03,0.00097E+06,43.818E+00,F0F0F
2021/11/30,17:34:23,00000:00:48,350,38003F00,500,1F00,1F00,3F00,99.951E+00,0.000E+00,0.000E+00,111.016E+00,0.000E+00,0.000E+00,0.516E+00,0.000E+00,0.000E+00,99.950E+00,0.000E+00,0.000E+00,0.000E+00,0.000E+00,0.000E+00,100.989E+00,0.000E+00,0.000E+00,98.796E+00,0.000E+00,0.000E+00,23.136E+00,+99999.9E+99,+99999.9E+99,1.097E+00,+99999.9E+99,+99999.9E+99,11.6062E+00,0.00000E+00,0.00000E+00,11.8102E+00,0.00000E+00,0.00000E+00,4.6523E+00,0.00000E+00,0.00000E+00,10.6330E+00,0.00000E+00,0.00000E+00,4.6319E+00,0.00000E+00,0.00000E+00,17.8998E+00,0.0000E+00,0.0000E+00,3.5200E+00,0.0000E+00,0.0000E+00,10.382E+00,+99999.9E+99,+99999.9E+99,67.619E+00,+99999.9E+99,+99999.9E+99,1.06063E+03,0.00000E+03,0.00000E+03,0.00000E+03,0.00000E+03,0.00000E+03,1.16005E+03,0.00000E+03,0.00000E+03,0.00000E+03,0.00000E+03,0.00000E+03,0.46988E+03,0.00000E+03,0.00000E+03,0.00000E+03,0.00000E+03,0.00000E+03,0.91429E+00,0.00000E+00,0.00000E+00,0.89831E+00,0.49255E+00,0.94673E+00,0.000E+00,-124.049E+00,169.405E+00,153.936E+00,175.459E+00,150.620E+00,23.894E+00,90.000E+00,90.000E+00,12.9423E+00,0.00000E+00,0.00000E+00,122.334E+00,100.000E+00,100.000E+00,-0.23688E+03,0.00000E+03,0.00000E+03,+99999.9E+99,+99999.9E+99,+99999.9E+99,+99999.9E+99,+99999.9E+99,+99999.9E+99,+99999.9E+99,+99999.9E+99,+99999.9E+99,+99999.9E+99,+99999.9E+99,+99999.9E+99,1B00,0,0,0,1B00,77.2137E+00,77.2306E+00,76.9953E+00,77.1465E+00,72.2436E+00,72.4460E+00,71.8947E+00,72.1947E+00,77.2136E+00,77.2306E+00,76.9953E+00,0.0000E+00,0.0000E+00,0.0000E+00,71.0131E+00,71.6774E+00,71.4649E+00,105.356E+00,105.596E+00,105.534E+00,-104.353E+00,-104.867E+00,-104.457E+00,30.164E+00,30.447E+00,30.344E+00,+99999.9E+99,+99999.9E+99,+99999.9E+99,0.545E+00,13.5977E+00,13.1752E+00,13.5697E+00,13.4475E+00,12.5222E+00,12.1094E+00,12.4720E+00,12.3679E+00,13.5969E+00,13.1752E+00,13.5685E+00,-0.1432E+00,0.0000E+00,0.1794E+00,12.3687E+00,11.2749E+00,11.4233E+00,27.7357E+00,27.1633E+00,28.5890E+00,-26.4781E+00,-27.0657E+00,-26.7719E+00,41.025E+00,44.235E+00,43.960E+00,+99999.9E+99,+99999.9E+99,+99999.9E+99,5.774E+00,0.42989E+03,0.42238E+03,0.44524E+03,1.29750E+03,0.44360E+03,0.39558E+03,0.42212E+03,1.26130E+03,0.61266E+03,0.59373E+03,0.61019E+03,1.81658E+03,0.49845E+03,0.45918E+03,0.46287E+03,1.41911E+03,-0.43651E+03,-0.41727E+03,-0.41725E+03,-1.27103E+03,-0.22732E+03,-0.23316E+03,-0.18991E+03,-0.65039E+03,-0.70168E+00,-0.71139E+00,-0.72967E+00,-0.71426E+00,-0.88995E+00,-0.86149E+00,-0.91196E+00,-0.88879E+00,0.000E+00,119.893E+00,-119.596E+00,57.439E+00,-179.691E+00,-65.580E+00,-45.438E+00,-44.652E+00,-43.141E+00,-44.418E+00,201.275E+00,201.738E+00,201.897E+00,89.299E+00,+99999.9E+99,+99999.9E+99,0.00014E+06,-0.00074E+06,0.00000E+00,14.610E+00,0.757E+03,0.00116E+06,43.562E+00,F0F08
2021/11/30,17:34:23,00000:00:48,400,38003F00,500,1F00,1F00,3F00,99.951E+00,0.000E+00,0.000E+00,111.016E+00,0.000E+00,0.000E+00,0.516E+00,0.000E+00,0.000E+00,99.950E+00,0.000E+00,0.000E+00,0.000E+00,0.000E+00,0.000E+00,100.989E+00,0.000E+00,0.000E+00,98.796E+00,0.000E+00,0.000E+00,23.136E+00,+99999.9E+99,+99999.9E+99,1.097E+00,+99999.9E+99,+99999.9E+99,11.6062E+00,0.00000E+00,0.00000E+00,11.8102E+00,0.00000E+00,0.00000E+00,4.6523E+00,0.00000E+00,0.00000E+00,10.6330E+00,0.00000E+00,0.00000E+00,4.6319E+00,0.00000E+00,0.00000E+00,17.8998E+00,0.0000E+00,0.0000E+00,3.5200E+00,0.0000E+00,0.0000E+00,10.382E+00,+99999.9E+99,+99999.9E+99,67.619E+00,+99999.9E+99,+99999.9E+99,1.06063E+03,0.00000E+03,0.00000E+03,0.00000E+03,0.00000E+03,0.00000E+03,1.16005E+03,0.00000E+03,0.00000E+03,0.00000E+03,0.00000E+03,0.00000E+03,0.46988E+03,0.00000E+03,0.00000E+03,0.00000E+03,0.00000E+03,0.00000E+03,0.91429E+00,0.00000E+00,0.00000E+00,0.89831E+00,0.49255E+00,0.94673E+00,0.000E+00,-124.049E+00,169.405E+00,153.936E+00,175.459E+00,150.620E+00,23.894E+00,90.000E+00,90.000E+00,12.9423E+00,0.00000E+00,0.00000E+00,71.180E+00,100.000E+00,100.000E+00,0.30567E+03,0.00000E+03,0.00000E+03,+99999.9E+99,+99999.9E+99,+99999.9E+99,+99999.9E+99,+99999.9E+99,+99999.9E+99,+99999.9E+99,+99999.9E+99,+99999.9E+99,+99999.9E+99,+99999.9E+99,+99999.9E+99,1B00,0,0,0,1B00,76.2511E+00,76.6790E+00,76.5041E+00,76.4781E+00,72.0789E+00,72.8605E+00,72.5545E+00,72.4979E+00,76.2511E+00,76.6790E+00,76.5041E+00,0.0000E+00,0.0000E+00,0.0000E+00,71.2986E+00,71.1848E+00,71.0234E+00,105.791E+00,106.049E+00,105.699E+00,-104.336E+00,-105.120E+00,-104.534E+00,31.893E+00,31.195E+00,31.764E+00,+99999.9E+99,+99999.9E+99,+99999.9E+99,0.234E+00,8.1201E+00,8.0623E+00,7.9896E+00,8.0574E+00,7.2258E+00,7.1914E+00,7.1115E+00,7.1762E+00,8.1194E+00,8.0616E+00,7.9865E+00,-0.1112E+00,-0.1111E+00,0.2233E+00,11.7512E+00,11.7621E+00,12.3623E+00,22.2200E+00,20.6729E+00,20.3395E+00,-18.5800E+00,-19.3362E+00,-19.8490E+00,45.028E+00,43.914E+00,41.902E+00,+99999.9E+99,+99999.9E+99,+99999.9E+99,3.384E+00,0.25356E+03,0.24811E+03,0.25329E+03,0.75496E+03,0.40530E+03,0.42643E+03,0.43293E+03,1.26467E+03,0.35888E+03,0.35698E+03,0.35476E+03,1.07062E+03,0.47163E+03,0.47972E+03,0.49786E+03,1.44875E+03,-0.25397E+03,-0.25667E+03,-0.24839E+03,-0.75903E+03,-0.24117E+03,-0.21973E+03,-0.24584E+03,-0.70674E+03,-0.70653E+00,-0.69502E+00,-0.71398E+00,-0.70516E+00,-0.85937E+00,-0.88893E+00,-0.86958E+00,-0.87294E+00,0.000E+00,120.204E+00,-119.983E+00,60.697E+00,177.391E+00,-60.261E+00,-45.046E+00,-45.971E+00,-44.440E+00,-45.157E+00,202.401E+00,201.715E+00,201.971E+00,95.336E+00,+99999.9E+99,+99999.9E+99,0.00004E+06,-0.00047E+06,0.00000E+00,9.091E+00,0.756E+03,0.00072E+06,43.968E+00,F0F08
2021/11/30,17:34:23,00000:00:48,450,38003F00,700,1C00,1C00,3800,99.951E+00,0.000E+00,0.000E+00,111.016E+00,0.000E+00,0.000E+00,0.516E+00,0.000E+00,0.000E+00,99.950E+00,0.000E+00,0.000E+00,0.000E+00,0.000E+00,0.000E+00,100.989E+00,0.000E+00,0.000E+00,98.796E+00,0.000E+00,0.000E+00,61.213E+00,+99999.9E+99,318.008E+00,1.097E+00,+99999.9E+99,+99999.9E+99,11.6062E+00,0.00000E+00,0.00000E+00,11.8102E+00,0.00000E+00,0.00000E+00,4.6523E+00,0.00000E+00,0.00000E+00,10.6330E+00,0.00000E+00,0.00000E+00,4.1032E+00,0.00000E+00,0.00000E+00,17.8998E+00,0.0000E+00,0.0000E+00,3.5200E+00,0.0000E+00,0.0000E+00,41.560E+00,+99999.9E+99,490.331E+00,67.619E+00,+99999.9E+99,+99999.9E+99,1.06063E+03,0.00000E+03,0.00000E+03,0.00000E+03,0.00000E+03,0.00000E+03,1.16005E+03,0.00000E+03,0.00000E+03,0.00000E+03,0.00000E+03,0.00000E+03,0.46988E+03,0.00000E+03,0.00000E+03,0.00000E+03,0.00000E+03,0.00000E+03,0.91429E+00,0.00000E+00,0.00000E+00,0.90186E+00,0.93423E+00,0.99743E+00,0.000E+00,177.979E+00,157.199E+00,154.404E+00,-161.125E+00,-26.913E+00,23.894E+00,90.000E+00,90.000E+00,12.9423E+00,0.00000E+00,0.00000E+00,117.143E+00,100.000E+00,100.000E+00,-0.18182E+03,0.00000E+03,0.00000E+03,+99999.9E+99,+99999.9E+99,+99999.9E+99,+99999.9E+99,+99999.9E+99,+99999.9E+99,+99999.9E+99,+99999.9E+99,+99999.9E+99,+99999.9E+99,+99999.9E+99,+99999.9E+99,1B00,0,0,0,1B00,77.0673E+00,77.1648E+00,77.0919E+00,77.1080E+00,72.0975E+00,72.4664E+00,72.2001E+00,72.2547E+00,77.0673E+00,77.1648E+00,77.0919E+00,0.0000E+00,0.0000E+00,0.0000E+00,73.0220E+00,73.2656E+00,73.1434E+00,105.867E+00,106.140E+00,105.917E+00,-104.479E+00,-104.713E+00,-104.361E+00,14.210E+00,14.402E+00,14.488E+00,+99999.9E+99,+99999.9E+99,+99999.9E+99,0.194E+00,13.3477E+00,12.8985E+00,13.0829E+00,13.1097E+00,12.0926E+00,11.6358E+00,11.6868E+00,11.8051E+00,13.3467E+00,12.8944E+00,13.0739E+00,-0.1581E+00,-0.3243E+00,0.4834E+00,5.2588E+00,4.7680E+00,4.9180E+00,27.6586E+00,27.2024E+00,28.5719E+00,-26.6167E+00,-26.9086E+00,-26.7810E+00,54.397E+00,58.656E+00,56.550E+00,+99999.9E+99,+99999.9E+99,+99999.9E+99,4.552E+00,0.42242E+03,0.40153E+03,0.41850E+03,1.24245E+03,0.18986E+03,0.17415E+03,0.18606E+03,0.55007E+03,0.60077E+03,0.57914E+03,0.58737E+03,1.76728E+03,0.21453E+03,0.19912E+03,0.20438E+03,0.61769E+03,-0.42718E+03,-0.41735E+03,-0.41215E+03,-1.25667E+03,-0.09989E+03,-0.09654E+03,-0.08457E+03,-0.28100E+03,-0.70314E+00,-0.69331E+00,-0.71249E+00,-0.70303E+00,-0.88499E+00,-0.87460E+00,-0.91037E+00,-0.89053E+00,0.000E+00,120.001E+00,-119.835E+00,57.858E+00,178.948E+00,-65.445E+00,-45.320E+00,-46.107E+00,-44.562E+00,-45.330E+00,201.157E+00,201.921E+00,201.763E+00,90.786E+00,+99999.9E+99,+99999.9E+99,0.00011E+06,-0.00073E+06,0.00000E+00,14.231E+00,0.757E+03,0.00113E+06,43.558E+00,F0F08
2021/11/30,17:34:23,00000:00:48,500,38003F00,2800,3B00,3B00,3F00,99.980E+00,0.000E+00,0.000E+00,111.049E+00,0.000E+00,0.000E+00,0.511E+00,0.000E+00,0.000E+00,99.979E+00,0.000E+00,0.000E+00,0.000E+00,0.000E+00,0.000E+00,101.018E+00,0.000E+00,0.000E+00,98.804E+00,0.000E+00,0.000E+00,61.213E+00,+99999.9E+99,318.008E+00,1.107E+00,+99999.9E+99,+99999.9E+99,11.5832E+00,0.00000E+00,0.00000E+00,11.7695E+00,0.00000E+00,0.00000E+00,4.6786E+00,0.00000E+00,0.00000E+00,10.5963E+00,0.00000E+00,0.00000E+00,4.1032E+00,0.00000E+00,0.00000E+00,18.2898E+00,0.0000E+00,0.0000E+00,3.3607E+00,0.0000E+00,0.0000E+00,41.560E+00,+99999.9E+99,490.331E+00,70.445E+00,+99999.9E+99,+99999.9E+99,1.05726E+03,0.00000E+03,0.00000E+03,0.00000E+03,0.00000E+03,0.00000E+03,1.15809E+03,0.00000E+03,0.00000E+03,0.00000E+03,0.00000E+03,0.00000E+03,0.47262E+03,0.00000E+03,0.00000E+03,0.00000E+03,0.00000E+03,0.00000E+03,0.91294E+00,0.00000E+00,0.00000E+00,0.90186E+00,0.93423E+00,0.99743E+00,0.000E+00,177.979E+00,157.199E+00,154.404E+00,-161.125E+00,-26.913E+00,24.086E+00,90.000E+00,90.000E+00,0.00000E+00,0.00000E+00,0.00000E+00,103.511E+00,100.000E+00,100.000E+00,-0.03712E+03,0.00000E+03,0.00000E+03,+99999.9E+99,+99999.9E+99,+99999.9E+99,+99999.9E+99,+99999.9E+99,+99999.9E+99,+99999.9E+99,+99999.9E+99,+99999.9E+99,+99999.9E+99,+99999.9E+99,+99999.9E+99,1B00,0,0,0,1B00,76.7384E+00,77.0808E+00,76.8112E+00,76.8768E+00,72.0279E+00,72.6662E+00,72.1584E+00,72.2841E+00,76.7384E+00,77.0808E+00,76.8112E+00,0.0000E+00,0.0000E+00,0.0000E+00,70.1221E+00,70.4970E+00,70.4487E+00,105.369E+00,105.893E+00,105.543E+00,-104.660E+00,-104.454E+00,-104.674E+00,37.543E+00,37.533E+00,37.453E+00,+99999.9E+99,+99999.9E+99,+99999.9E+99,0.340E+00,11.9792E+00,11.8127E+00,12.1018E+00,11.9646E+00,10.4790E+00,10.3963E+00,10.6052E+00,10.4935E+00,11.9786E+00,11.8127E+00,12.1018E+00,-0.1160E+00,0.0000E+00,0.0000E+00,15.0776E+00,14.4623E+00,14.4775E+00,27.6724E+00,27.2324E+00,28.6105E+00,-26.1752E+00,-26.9233E+00,-26.7171E+00,39.226E+00,40.713E+00,40.595E+00,+99999.9E+99,+99999.9E+99,+99999.9E+99,2.936E+00,0.35886E+03,0.36124E+03,0.37428E+03,1.09439E+03,0.53744E+03,0.50602E+03,0.52617E+03,1.56963E+03,0.53508E+03,0.52901E+03,0.54278E+03,1.60687E+03,0.60960E+03,0.58273E+03,0.58842E+03,1.78030E+03,-0.39689E+03,-0.38647E+03,-0.39309E+03,-1.17645E+03,-0.28769E+03,-0.28900E+03,-0.26340E+03,-0.84009E+03,-0.67068E+00,-0.68286E+00,-0.68957E+00,-0.68107E+00,-0.88163E+00,-0.86836E+00,-0.89421E+00,-0.88166E+00,0.000E+00,119.868E+00,-119.799E+00,58.338E+00,179.576E+00,-63.361E+00,-47.880E+00,-46.932E+00,-46.404E+00,-47.073E+00,202.094E+00,201.517E+00,201.604E+00,90.256E+00,+99999.9E+99,+99999.9E+99,0.00011E+06,-0.00063E+06,0.00000E+00,12.465E+00,0.757E+03,0.00099E+06,43.833E+00,F0F08
2021/11/30,17:34:23,00000:00:48,550,38003F00,2D00,3F00,3F00,3F00,99.980E+00,0.000E+00,0.000E+00,111.049E+00,0.000E+00,0.000E+00,0.511E+00,0.000E+00,0.000E+00,99.979E+00,0.000E+00,0.000E+00,0.000E+00,0.000E+00,0.000E+00,101.018E+00,0.000E+00,0.000E+00,98.804E+00,0.000E+00,0.000E+00,42.357E+00,441.467E+00,+99999.9E+99,1.107E+00,+99999.9E+99,+99999.9E+99,11.5832E+00,0.00000E+00,0.00000E+00,11.7695E+00,0.00000E+00,0.00000E+00,4.6786E+00,0.00000E+00,0.00000E+00,10.5963E+00,0.00000E+00,0.00000E+00,4.1357E+00,0.00000E+00,0.00000E+00,18.2898E+00,0.0000E+00,0.0000E+00,3.3607E+00,0.0000E+00,0.0000E+00,51.228E+00,+99999.9E+99,+99999.9E+99,70.445E+00,+99999.9E+99,+99999.9E+99,1.05726E+03,0.00000E+03,0.00000E+03,0.00000E+03,0.00000E+03,0.00000E+03,1.15809E+03,0.00000E+03,0.00000E+03,0.00000E+03,0.00000E+03,0.00000E+03,0.47262E+03,0.00000E+03,0.00000E+03,0.00000E+03,0.00000E+03,0.00000E+03,0.91294E+00,0.00000E+00,0.00000E+00,0.92680E+00,0.47552E+00,0.91094E+00,0.000E+00,42.465E+00,168.855E+00,157.942E+00,-19.142E+00,-166.781E+00,24.086E+00,90.000E+00,90.000E+00,0.00000E+00,0.00000E+00,0.00000E+00,85.049E+00,100.000E+00,100.000E+00,0.15807E+03,0.00000E+03,0.00000E+03,+99999.9E+99,+99999.9E+99,+99999.9E+99,+99999.9E+99,+99999.9E+99,+99999.9E+99,+99999.9E+99,+99999.9E+99,+99999.9E+99,+99999.9E+99,+99999.9E+99,+99999.9E+99,1B00,0,0,0,1B00,76.5012E+00,76.7288E+00,76.6327E+00,76.6209E+00,72.2420E+00,72.7757E+00,72.5119E+00,72.5099E+00,76.5012E+00,76.7288E+00,76.6327E+00,0.0000E+00,0.0000E+00,0.0000E+00,72.4597E+00,72.2403E+00,72.2226E+00,105.859E+00,106.053E+00,105.787E+00,-104.897E+00,-104.273E+00,-106.820E+00,22.558E+00,21.660E+00,22.167E+00,+99999.9E+99,+99999.9E+99,+99999.9E+99,0.207E+00,9.8068E+00,9.4643E+00,9.5491E+00,9.6068E+00,8.5934E+00,8.3514E+00,8.3534E+00,8.4327E+00,9.8059E+00,9.4626E+00,9.5439E+00,-0.1313E+00,-0.1841E+00,0.3165E+00,7.7273E+00,8.1583E+00,8.3626E+00,26.1648E+00,24.1795E+00,25.1252E+00,-26.6229E+00,-25.3838E+00,-22.3800E+00,52.415E+00,48.228E+00,47.051E+00,+99999.9E+99,+99999.9E+99,+99999.9E+99,4.650E+00,0.30406E+03,0.29221E+03,0.30293E+03,0.89920E+03,0.27404E+03,0.29569E+03,0.29792E+03,0.86765E+03,0.43603E+03,0.42039E+03,0.42479E+03,1.28121E+03,0.31717E+03,0.32827E+03,0.34246E+03,0.98732E+03,-0.31252E+03,-0.30223E+03,-0.29779E+03,-0.91254E+03,-0.15969E+03,-0.14258E+03,-0.16887E+03,-0.47114E+03,-0.69734E+00,-0.69509E+00,-0.71312E+00,-0.70184E+00,-0.86401E+00,-0.90075E+00,-0.86996E+00,-0.87880E+00,0.000E+00,120.110E+00,-120.093E+00,60.131E+00,175.848E+00,-60.442E+00,-45.786E+00,-45.966E+00,-44.510E+00,-45.426E+00,201.676E+00,201.935E+00,202.076E+00,93.768E+00,+99999.9E+99,+99999.9E+99,0.00006E+06,-0.00055E+06,0.00000E+00,10.647E+00,0.756E+03,0.00084E+06,43.753E+00,F0F08
2021/11/30,17:34:23,00000:00:48,600,38003F00,2800,3B00,3B00,3F00,99.809E+00,0.000E+00,0.000E+00,110.859E+00,0.000E+00,0.000E+00,0.499E+00,0.000E+00,0.000E+00,99.808E+00,0.000E+00,0.000E+00,0.000E+00,0.000E+00,0.000E+00,100.950E+00,0.000E+00,0.000E+00,98.789E+00,0.000E+00,0.000E+00,42.357E+00,441.467E+00,+99999.9E+99,1.082E+00,+99999.9E+99,+99999.9E+99,12.2978E+00,0.00000E+00,0.00000E+00,12.7480E+00,0.00000E+00,0.00000E+00,4.4169E+00,0.00000E+00,0.00000E+00,11.4772E+00,0.00000E+00,0.00000E+00,4.1357E+00,0.00000E+00,0.00000E+00,18.1838E+00,0.0000E+00,0.0000E+00,4.1969E+00,0.0000E+00,0.0000E+00,51.228E+00,+99999.9E+99,+99999.9E+99,60.933E+00,+99999.9E+99,+99999.9E+99,1.14353E+03,0.00000E+03,0.00000E+03,0.00000E+03,0.00000E+03,0.00000E+03,1.22743E+03,0.00000E+03,0.00000E+03,0.00000E+03,0.00000E+03,0.00000E+03,-0.44600E+03,0.00000E+03,0.00000E+03,0.00000E+03,0.00000E+03,0.00000E+03,-0.93165E+00,0.00000E+00,0.00000E+00,0.92680E+00,0.47552E+00,0.91094E+00,0.000E+00,42.465E+00,168.855E+00,157.942E+00,-19.142E+00,-166.781E+00,-21.307E+00,90.000E+00,90.000E+00,9.16288E+00,0.00000E+00,0.00000E+00,110.534E+00,100.000E+00,100.000E+00,-0.12046E+03,0.00000E+03,0.00000E+03,+99999.9E+99,+99999.9E+99,+99999.9E+99,+99999.9E+99,+99999.9E+99,+99999.9E+99,+99999.9E+99,+99999.9E+99,+99999.9E+99,+99999.9E+99,+99999.9E+99,+99999.9E+99,1B00,0,0,0,1B00,77.0815E+00,77.1610E+00,77.1073E+00,77.1166E+00,72.1566E+00,72.5258E+00,72.2757E+00,72.3194E+00,77.0815E+00,77.1610E+00,77.1073E+00,0.0000E+00,0.0000E+00,0.0000E+00,72.3011E+00,72.7656E+00,72.6347E+00,105.803E+00,106.031E+00,105.741E+00,-105.049E+00,-104.696E+00,-104.486E+00,20.345E+00,20.491E+00,20.809E+00,+99999.9E+99,+99999.9E+99,+99999.9E+99,0.389E+00,13.4479E+00,12.9721E+00,13.1734E+00,13.1978E+00,12.2446E+00,11.7649E+00,11.8325E+00,11.9473E+00,13.4465E+00,12.9682E+00,13.1635E+00,-0.1947E+00,-0.3159E+00,0.5116E+00,8.0935E+00,7.4915E+00,7.3474E+00,27.5995E+00,27.1467E+00,28.5295E+00,-26.7390E+00,-26.9957E+00,-26.6086E+00,46.720E+00,49.305E+00,50.828E+00,+99999.9E+99,+99999.9E+99,+99999.9E+99,6.956E+00,0.42994E+03,0.40798E+03,0.42608E+03,1.26400E+03,0.29633E+03,0.25864E+03,0.27799E+03,0.83297E+03,0.60587E+03,0.58274E+03,0.59164E+03,1.78025E+03,0.33002E+03,0.29834E+03,0.30088E+03,0.92799E+03,-0.42688E+03,-0.41610E+03,-0.41049E+03,-1.25347E+03,-0.14526E+03,-0.14871E+03,-0.11511E+03,-0.40908E+03,-0.70963E+00,-0.70010E+00,-0.72016E+00,-0.71001E+00,-0.89792E+00,-0.86692E+00,-0.92393E+00,-0.89760E+00,0.000E+00,119.898E+00,-119.730E+00,56.328E+00,179.739E+00,-67.395E+00,-44.795E+00,-45.565E+00,-43.932E+00,-44.764E+00,201.724E+00,201.377E+00,201.008E+00,90.745E+00,+99999.9E+99,+99999.9E+99,0.00012E+06,-0.00074E+06,0.00000E+00,14.469E+00,0.757E+03,0.00115E+06,43.708E+00,F0F08
2021/11/30,17:34:23,00000:00:48,650,38003800,0,1800,1800,3800,99.918E+00,0.000E+00,0.000E+00,110.979E+00,0.000E+00,0.000E+00,0.512E+00,0.000E+00,0.000E+00,99.916E+00,0.000E+00,0.000E+00,0.000E+00,0.000E+00,0.000E+00,100.957E+00,0.000E+00,0.000E+00,98.825E+00,0.000E+00,0.000E+00,103.357E+00,+99999.9E+99,+99999.9E+99,1.067E+00,+99999.9E+99,+99999.9E+99,11.8769E+00,0.00000E+00,0.00000E+00,12.1641E+00,0.00000E+00,0.00000E+00,4.5962E+00,0.00000E+00,0.00000E+00,10.9515E+00,0.00000E+00,0.00000E+00,3.1162E+00,0.00000E+00,0.00000E+00,18.2002E+00,0.0000E+00,0.0000E+00,4.1660E+00,0.0000E+00,0.0000E+00,96.423E+00,+99999.9E+99,+99999.9E+99,64.075E+00,+99999.9E+99,+99999.9E+99,1.09213E+03,0.00000E+03,0.00000E+03,0.00000E+03,0.00000E+03,0.00000E+03,1.18671E+03,0.00000E+03,0.00000E+03,0.00000E+03,0.00000E+03,0.00000E+03,0.46426E+03,0.00000E+03,0.00000E+03,0.00000E+03,0.00000E+03,0.00000E+03,0.92030E+00,0.00000E+00,0.00000E+00,0.82896E+00,0.58341E+00,0.99880E+00,0.000E+00,-60.629E+00,138.789E+00,145.992E+00,173.680E+00,141.592E+00,23.030E+00,90.000E+00,90.000E+00,12.5852E+00,0.00000E+00,0.00000E+00,100.243E+00,100.000E+00,100.000E+00,-0.00265E+03,0.00000E+03,0.00000E+03,+99999.9E+99,+99999.9E+99,+99999.9E+99,+99999.9E+99,+99999.9E+99,+99999.9E+99,+99999.9E+99,+99999.9E+99,+99999.9E+99,+99999.9E+99,+99999.9E+99,+99999.9E+99,1B00,0,0,0,1B00,76.7469E+00,77.0894E+00,76.8239E+00,76.8867E+00,72.0276E+00,72.6628E+00,72.1687E+00,72.2864E+00,76.7469E+00,77.0894E+00,76.8239E+00,0.0000E+00,0.0000E+00,0.0000E+00,70.0097E+00,70.2276E+00,70.1376E+00,105.350E+00,105.890E+00,105.541E+00,-104.159E+00,-104.196E+00,-104.287E+00,39.021E+00,38.847E+00,38.813E+00,+99999.9E+99,+99999.9E+99,+99999.9E+99,0.184E+00,11.9850E+00,11.8162E+00,12.1024E+00,11.9679E+00,10.4926E+00,10.4137E+00,10.6134E+00,10.5065E+00,11.9844E+00,11.8162E+00,12.1024E+00,-0.1227E+00,0.0000E+00,0.0000E+00,15.4002E+00,14.9796E+00,15.1920E+00,27.8271E+00,27.1143E+00,28.5705E+00,-26.3995E+00,-27.2295E+00,-26.6043E+00,39.408E+00,40.456E+00,39.474E+00,+99999.9E+99,+99999.9E+99,+99999.9E+99,1.680E+00,0.35913E+03,0.36138E+03,0.37427E+03,1.09478E+03,0.54322E+03,0.52734E+03,0.54440E+03,1.61497E+03,0.53539E+03,0.52925E+03,0.54294E+03,1.60758E+03,0.62142E+03,0.60428E+03,0.61454E+03,1.84010E+03,-0.39708E+03,-0.38666E+03,-0.39332E+03,-1.17706E+03,-0.30178E+03,-0.29507E+03,-0.28511E+03,-0.88196E+03,-0.67078E+00,-0.68282E+00,-0.68934E+00,-0.68101E+00,-0.87417E+00,-0.87267E+00,-0.88586E+00,-0.87765E+00,0.000E+00,119.976E+00,-119.856E+00,59.157E+00,179.165E+00,-62.277E+00,-47.873E+00,-46.935E+00,-46.422E+00,-47.077E+00,201.925E+00,202.333E+00,202.593E+00,90.293E+00,+99999.9E+99,+99999.9E+99,0.00011E+06,-0.00063E+06,0.00000E+00,12.471E+00,0.757E+03,0.00099E+06,43.772E+00,F0F0F
2021/11/30,17:34:23,00000:00:48,700,38003F00,700,1F00,1F00,3F00,99.918E+00,0.000E+00,0.000E+00,110.979E+00,0.000E+00,0.000E+00,0.512E+00,0.000E+00,0.000E+00,99.916E+00,0.000E+00,0.000E+00,0.000E+00,0.000E+00,0.000E+00,100.957E+00,0.000E+00,0.000E+00,98.825E+00,0.000E+00,0.000E+00,103.357E+00,+99999.9E+99,+99999.9E+99,1.067E+00,+99999.9E+99,+99999.9E+99,11.8769E+00,0.00000E+00,0.00000E+00,12.1641E+00,0.00000E+00,0.00000E+00,4.5962E+00,0.00000E+00,0.00000E+00,10.9515E+00,0.00000E+00,0.00000E+00,3.1162E+00,0.00000E+00,0.00000E+00,18.2002E+00,0.0000E+00,0.0000E+00,4.1660E+00,0.0000E+00,0.0000E+00,96.423E+00,+99999.9E+99,+99999.9E+99,64.075E+00,+99999.9E+99,+99999.9E+99,1.09213E+03,0.00000E+03,0.00000E+03,0.00000E+03,0.00000E+03,0.00000E+03,1.18671E+03,0.00000E+03,0.00000E+03,0.00000E+03,0.00000E+03,0.00000E+03,0.46426E+03,0.00000E+03,0.00000E+03,0.00000E+03,0.00000E+03,0.00000E+03,0.92030E+00,0.00000E+00,0.00000E+00,0.82896E+00,0.58341E+00,0.99880E+00,0.000E+00,-60.629E+00,138.789E+00,145.992E+00,173.680E+00,141.592E+00,23.030E+00,90.000E+00,90.000E+00,12.5852E+00,0.00000E+00,0.00000E+00,76.618E+00,100.000E+00,100.000E+00,0.25536E+03,0.00000E+03,0.00000E+03,+99999.9E+99,+99999.9E+99,+99999.9E+99,+99999.9E+99,+99999.9E+99,+99999.9E+99,+99999.9E+99,+99999.9E+99,+99999.9E+99,+99999.9E+99,+99999.9E+99,+99999.9E+99,1B00,0,0,0,1B00,76.5325E+00,76.6546E+00,76.5613E+00,76.5828E+00,72.3447E+00,72.7509E+00,72.4472E+00,72.5143E+00,76.5325E+00,76.6546E+00,76.5613E+00,0.0000E+00,0.0000E+00,0.0000E+00,72.8706E+00,72.7058E+00,72.6335E+00,105.703E+00,106.124E+00,105.761E+00,-104.227E+00,-105.311E+00,-105.130E+00,18.439E+00,18.067E+00,18.077E+00,+99999.9E+99,+99999.9E+99,+99999.9E+99,0.194E+00,9.4920E+00,8.9897E+00,9.1144E+00,9.1987E+00,8.1571E+00,7.7273E+00,7.7575E+00,7.8806E+00,9.4908E+00,8.9856E+00,9.1045E+00,-0.1519E+00,-0.2700E+00,0.4230E+00,6.1367E+00,6.4464E+00,6.8503E+00,26.0800E+00,24.1962E+00,25.1010E+00,-26.5567E+00,-25.5538E+00,-22.4952E+00,56.928E+00,52.690E+00,49.931E+00,+99999.9E+99,+99999.9E+99,+99999.9E+99,4.943E+00,0.28667E+03,0.26780E+03,0.28230E+03,0.83677E+03,0.21981E+03,0.23695E+03,0.24124E+03,0.69800E+03,0.42183E+03,0.39873E+03,0.40435E+03,1.22491E+03,0.25534E+03,0.26285E+03,0.27678E+03,0.79445E+03,-0.30946E+03,-0.29541E+03,-0.28950E+03,-0.89436E+03,-0.12993E+03,-0.11379E+03,-0.13568E+03,-0.37940E+03,-0.67958E+00,-0.67165E+00,-0.69815E+00,-0.68313E+00,-0.86085E+00,-0.90144E+00,-0.87161E+00,-0.87860E+00,0.000E+00,120.135E+00,-120.048E+00,60.510E+00,175.757E+00,-60.586E+00,-47.189E+00,-47.806E+00,-45.722E+00,-46.912E+00,202.190E+00,201.489E+00,201.889E+00,94.659E+00,+99999.9E+99,+99999.9E+99,0.00004E+06,-0.00052E+06,0.00000E+00,9.998E+00,0.757E+03,0.00079E+06,43.876E+00,F0F0F
2021/11/30,17:34:23,00000:00:48,750,38003F00,500,1F00,1F00,3F00,99.918E+00,0.000E+00,0.000E+00,110.979E+00,0.000E+00,0.000E+00,0.512E+00,0.000E+00,0.000E+00,99.916E+00,0.000E+00,0.000E+00,0.000E+00,0.000E+00,0.000E+00,100.957E+00,0.000E+00,0.000E+00,98.825E+00,0.000E+00,0.000E+00,18.793E+00,+99999.9E+99,307.715E+00,1.067E+00,+99999.9E+99,+99999.9E+99,11.8769E+00,0.00000E+00,0.00000E+00,12.1641E+00,0.00000E+00,0.00000E+00,4.5962E+00,0.00000E+00,0.00000E+00,10.9515E+00,0.00000E+00,0.00000E+00,4.6927E+00,0.00000E+00,0.00000E+00,18.2002E+00,0.0000E+00,0.0000E+00,4.1660E+00,0.0000E+00,0.0000E+00,11.164E+00,+99999.9E+99,+99999.9E+99,64.075E+00,+99999.9E+99,+99999.9E+99,1.09213E+03,0.00000E+03,0.00000E+03,0.00000E+03,0.00000E+03,0.00000E+03,1.18671E+03,0.00000E+03,0.00000E+03,0.00000E+03,0.00000E+03,0.00000E+03,0.46426E+03,0.00000E+03,0.00000E+03,0.00000E+03,0.00000E+03,0.00000E+03,0.92030E+00,0.00000E+00,0.00000E+00,0.92182E+00,0.28834E+00,0.90499E+00,0.000E+00,-26.830E+00,171.283E+00,157.193E+00,-133.589E+00,146.105E+00,23.030E+00,90.000E+00,90.000E+00,12.5852E+00,0.00000E+00,0.00000E+00,123.972E+00,100.000E+00,100.000E+00,-0.26181E+03,0.00000E+03,0.00000E+03,+99999.9E+99,+99999.9E+99,+99999.9E+99,+99999.9E+99,+99999.9E+99,+99999.9E+99,+99999.9E+99,+99999.9E+99,+99999.9E+99,+99999.9E+99,+99999.9E+99,+99999.9E+99,1B00,0,0,0,1B00,77.0092E+00,77.4708E+00,77.3383E+00,77.2728E+00,71.7084E+00,72.5853E+00,72.3386E+00,72.2108E+00,77.0092E+00,77.4708E+00,77.3383E+00,0.0000E+00,0.0000E+00,0.0000E+00,71.7488E+00,72.3146E+00,72.1050E+00,105.440E+00,105.887E+00,105.659E+00,-104.770E+00,-105.179E+00,-104.257E+00,25.269E+00,25.514E+00,25.417E+00,+99999.9E+99,+99999.9E+99,+99999.9E+99,0.453E+00,13.9507E+00,13.6246E+00,13.7640E+00,13.7798E+00,13.0342E+00,12.8396E+00,12.8036E+00,12.8925E+00,13.9498E+00,13.6226E+00,13.7583E+00,-0.1604E+00,-0.2323E+00,0.3938E+00,10.1572E+00,9.3121E+00,9.4589E+00,27.6400E+00,27.1143E+00,28.5219E+00,-26.6790E+00,-26.8919E+00,-26.7514E+00,44.033E+00,46.762E+00,47.085E+00,+99999.9E+99,+99999.9E+99,+99999.9E+99,6.662E+00,0.45558E+03,0.44377E+03,0.45459E+03,1.35394E+03,0.37077E+03,0.32543E+03,0.34996E+03,1.04615E+03,0.62863E+03,0.61428E+03,0.62271E+03,1.86563E+03,0.41438E+03,0.37630E+03,0.38010E+03,1.16930E+03,-0.43316E+03,-0.42475E+03,-0.42557E+03,-1.28349E+03,-0.18504E+03,-0.18894E+03,-0.14835E+03,-0.52233E+03,-0.72471E+00,-0.72241E+00,-0.73002E+00,-0.72573E+00,-0.89476E+00,-0.86481E+00,-0.92069E+00,-0.89468E+00,0.000E+00,119.926E+00,-119.653E+00,56.779E+00,179.973E+00,-66.846E+00,-43.555E+00,-43.746E+00,-43.112E+00,-43.470E+00,201.204E+00,202.094E+00,201.013E+00,89.970E+00,+99999.9E+99,+99999.9E+99,0.00014E+06,-0.00077E+06,0.00000E+00,15.359E+00,0.757E+03,0.00122E+06,43.538E+00,F0F08
2021/11/30,17:34:24,00000:00:48,800,38003F00,500,1F00,1F00,3F00,99.918E+00,0.000E+00,0.000E+00,110.979E+00,0.000E+00,0.000E+00,0.512E+00,0.000E+00,0.000E+00,99.916E+00,0.000E+00,0.000E+00,0.000E+00,0.000E+00,0.000E+00,100.957E+00,0.000E+00,0.000E+00,98.825E+00,0.000E+00,0.000E+00,18.793E+00,+99999.9E+99,307.715E+00,1.067E+00,+99999.9E+99,+99999.9E+99,11.8769E+00,0.00000E+00,0.00000E+00,12.1641E+00,0.00000E+00,0.00000E+00,4.5962E+00,0.00000E+00,0.00000E+00,10.9515E+00,0.00000E+00,0.00000E+00,4.6927E+00,0.00000E+00,0.00000E+00,18.2002E+00,0.0000E+00,0.0000E+00,4.1660E+00,0.0000E+00,0.0000E+00,11.164E+00,+99999.9E+99,+99999.9E+99,64.075E+00,+99999.9E+99,+99999.9E+99,1.09213E+03,0.00000E+03,0.00000E+03,0.00000E+03,0.00000E+03,0.00000E+03,1.18671E+03,0.00000E+03,0.00000E+03,0.00000E+03,0.00000E+03,0.00000E+03,0.46426E+03,0.00000E+03,0.00000E+03,0.00000E+03,0.00000E+03,0.00000E+03,0.92030E+00,0.00000E+00,0.00000E+00,0.92182E+00,0.28834E+00,0.90499E+00,0.000E+00,-26.830E+00,171.283E+00,157.193E+00,-133.589E+00,146.105E+00,23.030E+00,90.000E+00,90.000E+00,12.5852E+00,0.00000E+00,0.00000E+00,80.148E+00,100.000E+00,100.000E+00,0.21680E+03,0.00000E+03,0.00000E+03,+99999.9E+99,+99999.9E+99,+99999.9E+99,+99999.9E+99,+99999.9E+99,+99999.9E+99,+99999.9E+99,+99999.9E+99,+99999.9E+99,+99999.9E+99,+99999.9E+99,+99999.9E+99,1B00,0,0,0,1B00,76.7162E+00,76.6758E+00,76.3880E+00,76.5933E+00,72.5936E+00,72.7116E+00,72.0506E+00,72.4519E+00,76.7162E+00,76.6758E+00,76.3880E+00,0.0000E+00,0.0000E+00,0.0000E+00,70.7593E+00,70.6636E+00,70.4998E+00,105.896E+00,106.034E+00,105.619E+00,-104.449E+00,-104.776E+00,-104.336E+00,35.743E+00,35.247E+00,35.711E+00,+99999.9E+99,+99999.9E+99,+99999.9E+99,0.216E+00,9.7483E+00,9.3278E+00,9.9399E+00,9.6720E+00,8.4448E+00,8.0830E+00,8.4931E+00,8.3403E+00,9.7476E+00,9.3278E+00,9.9399E+00,-0.1178E+00,0.0000E+00,0.0000E+00,13.3721E+00,13.4304E+00,13.9875E+00,26.3767E+00,24.7629E+00,27.1295E+00,-25.5729E+00,-23.2943E+00,-26.6662E+00,42.913E+00,42.107E+00,40.227E+00,+99999.9E+99,+99999.9E+99,+99999.9E+99,2.590E+00,0.28641E+03,0.28431E+03,0.30461E+03,0.87533E+03,0.46562E+03,0.48161E+03,0.49026E+03,1.43749E+03,0.43369E+03,0.41525E+03,0.44113E+03,1.29007E+03,0.54092E+03,0.54463E+03,0.56240E+03,1.64763E+03,-0.32567E+03,-0.30265E+03,-0.31907E+03,-0.94740E+03,-0.27531E+03,-0.25430E+03,-0.27557E+03,-0.80518E+03,-0.66039E+00,-0.68467E+00,-0.69053E+00,-0.67851E+00,-0.86078E+00,-0.88430E+00,-0.87173E+00,-0.87246E+00,0.000E+00,120.191E+00,-119.982E+00,60.543E+00,177.955E+00,-60.520E+00,-48.670E+00,-46.790E+00,-46.328E+00,-47.273E+00,202.411E+00,201.754E+00,202.636E+00,92.023E+00,+99999.9E+99,+99999.9E+99,0.00007E+06,-0.00052E+06,0.00000E+00,10.164E+00,0.757E+03,0.00081E+06,43.919E+00,F0F08
2021/11/30,17:34:24,00000:00:48,850,38003F00,700,1C00,1C00,3800,99.918E+00,0.000E+00,0.000E+00,110.979E+00,0.000E+00,0.000E+00,0.512E+00,0.000E+00,0.000E+00,99.916E+00,0.000E+00,0.000E+00,0.000E+00,0.000E+00,0.000E+00,100.957E+00,0.000E+00,0.000E+00,98.825E+00,0.000E+00,0.000E+00,67.779E+00,424.811E+00,441.628E+00,1.067E+00,+99999.9E+99,+99999.9E+99,11.8769E+00,0.00000E+00,0.00000E+00,12.1641E+00,0.00000E+00,0.00000E+00,4.5962E+00,0.00000E+00,0.00000E+00,10.9515E+00,0.00000E+00,0.00000E+00,4.1731E+00,0.00000E+00,0.00000E+00,18.2002E+00,0.0000E+00,0.0000E+00,4.1660E+00,0.0000E+00,0.0000E+00,48.973E+00,458.528E+00,+99999.9E+99,64.075E+00,+99999.9E+99,+99999.9E+99,1.09213E+03,0.00000E+03,0.00000E+03,0.00000E+03,0.00000E+03,0.00000E+03,1.18671E+03,0.00000E+03,0.00000E+03,0.00000E+03,0.00000E+03,0.00000E+03,0.46426E+03,0.00000E+03,0.00000E+03,0.00000E+03,0.00000E+03,0.00000E+03,0.92030E+00,0.00000E+00,0.00000E+00,0.88376E+00,0.39797E+00,0.92256E+00,0.000E+00,107.810E+00,166.978E+00,152.100E+00,41.261E+00,-170.326E+00,23.030E+00,90.000E+00,90.000E+00,12.5852E+00,0.00000E+00,0.00000E+00,96.558E+00,100.000E+00,100.000E+00,0.03759E+03,0.00000E+03,0.00000E+03,+99999.9E+99,+99999.9E+99,+99999.9E+99,+99999.9E+99,+99999.9E+99,+99999.9E+99,+99999.9E+99,+99999.9E+99,+99999.9E+99,+99999.9E+99,+99999.9E+99,+99999.9E+99,1B00,0,0,0,1B00,76.5184E+00,77.0452E+00,77.0305E+00,76.8647E+00,71.8552E+00,72.8195E+00,72.7908E+00,72.4885E+00,76.5184E+00,77.0452E+00,77.0305E+00,0.0000E+00,0.0000E+00,0.0000E+00,73.1320E+00,73.2471E+00,73.1359E+00,105.850E+00,106.044E+00,105.661E+00,-104.373E+00,-105.310E+00,-104.514E+00,13.898E+00,13.752E+00,14.088E+00,+99999.9E+99,+99999.9E+99,+99999.9E+99,0.101E+00,11.7173E+00,11.4861E+00,11.2935E+00,11.4990E+00,10.1100E+00,9.9867E+00,9.6922E+00,9.9296E+00,11.7162E+00,11.4802E+00,11.2810E+00,-0.1615E+00,-0.3680E+00,0.5305E+00,4.8243E+00,4.5696E+00,4.8082E+00,27.6490E+00,27.0676E+00,28.6124E+00,-26.4067E+00,-27.1176E+00,-26.1029E+00,58.502E+00,59.987E+00,56.513E+00,+99999.9E+99,+99999.9E+99,+99999.9E+99,2.808E+00,0.36216E+03,0.34410E+03,0.34829E+03,1.05454E+03,0.17364E+03,0.16933E+03,0.17908E+03,0.52205E+03,0.52292E+03,0.51227E+03,0.50650E+03,1.54169E+03,0.19946E+03,0.19173E+03,0.20043E+03,0.59150E+03,-0.37721E+03,-0.37950E+03,-0.36775E+03,-1.12446E+03,-0.09814E+03,-0.08994E+03,-0.09003E+03,-0.27811E+03,-0.69257E+00,-0.67170E+00,-0.68763E+00,-0.68401E+00,-0.87057E+00,-0.88315E+00,-0.89345E+00,-0.88258E+00,0.000E+00,120.047E+00,-119.901E+00,59.524E+00,177.973E+00,-63.212E+00,-46.166E+00,-47.801E+00,-46.557E+00,-46.842E+00,201.281E+00,202.028E+00,201.408E+00,92.861E+00,+99999.9E+99,+99999.9E+99,0.00008E+06,-0.00064E+06,0.00000E+00,12.359E+00,0.757E+03,0.00098E+06,43.613E+00,F0F08
2021/11/30,17:34:24,00000:00:48,900,38003F00,2800,3B00,3B00,3F00,99.986E+00,0.000E+00,0.000E+00,111.055E+00,0.000E+00,0.000E+00,0.507E+00,0.000E+00,0.000E+00,99.985E+00,0.000E+00,0.000E+00,0.000E+00,0.000E+00,0.000E+00,100.929E+00,0.000E+00,0.000E+00,98.807E+00,0.000E+00,0.000E+00,67.779E+00,424.811E+00,441.628E+00,1.061E+00,+99999.9E+99,+99999.9E+99,11.5336E+00,0.00000E+00,0.00000E+00,11.7021E+00,0.00000E+00,0.00000E+00,4.6933E+00,0.00000E+00,0.00000E+00,10.5356E+00,0.00000E+00,0.00000E+00,4.1731E+00,0.00000E+00,0.00000E+00,18.2381E+00,0.0000E+00,0.0000E+00,3.6167E+00,0.0000E+00,0.0000E+00,48.973E+00,458.528E+00,+99999.9E+99,69.391E+00,+99999.9E+99,+99999.9E+99,1.05126E+03,0.00000E+03,0.00000E+03,0.00000E+03,0.00000E+03,0.00000E+03,1.15321E+03,0.00000E+03,0.00000E+03,0.00000E+03,0.00000E+03,0.00000E+03,0.47406E+03,0.00000E+03,0.00000E+03,0.00000E+03,0.00000E+03,0.00000E+03,0.91160E+00,0.00000E+00,0.00000E+00,0.88376E+00,0.39797E+00,0.92256E+00,0.000E+00,107.810E+00,166.978E+00,152.100E+00,41.261E+00,-170.326E+00,24.273E+00,90.000E+00,90.000E+00,0.00000E+00,0.00000E+00,0.00000E+00,119.108E+00,100.000E+00,100.000E+00,-0.20087E+03,0.00000E+03,0.00000E+03,+99999.9E+99,+99999.9E+99,+99999.9E+99,+99999.9E+99,+99999.9E+99,+99999.9E+99,+99999.9E+99,+99999.9E+99,+99999.9E+99,+99999.9E+99,+99999.9E+99,+99999.9E+99,1B00,0,0,0,1B00,77.2154E+00,77.2092E+00,76.9997E+00,77.1414E+00,72.1292E+00,72.3009E+00,71.7905E+00,72.0736E+00,77.2153E+00,77.2092E+00,76.9997E+00,0.0000E+00,0.0000E+00,0.0000E+00,70.4832E+00,71.0627E+00,70.9340E+00,105.430E+00,105.769E+00,105.583E+00,-104.759E+00,-104.194E+00,-104.513E+00,34.696E+00,34.783E+00,34.709E+00,+99999.9E+99,+99999.9E+99,+99999.9E+99,0.498E+00,13.3114E+00,12.8829E+00,13.2447E+00,13.1463E+00,12.2668E+00,11.8536E+00,12.1843E+00,12.1016E+00,13.3105E+00,12.8829E+00,13.2430E+00,-0.1476E+00,0.0000E+00,0.2161E+00,14.1105E+00,13.1882E+00,13.1820E+00,27.5371E+00,27.0400E+00,28.4090E+00,-26.3171E+00,-27.0881E+00,-26.0081E+00,39.634E+00,41.884E+00,42.040E+00,+99999.9E+99,+99999.9E+99,+99999.9E+99,4.357E+00,0.41551E+03,0.40709E+03,0.42954E+03,1.25213E+03,0.50390E+03,0.46139E+03,0.48644E+03,1.45173E+03,0.59950E+03,0.58005E+03,0.59494E+03,1.77449E+03,0.56851E+03,0.53353E+03,0.53848E+03,1.63960E+03,-0.43216E+03,-0.41320E+03,-0.41165E+03,-1.25700E+03,-0.26323E+03,-0.26791E+03,-0.23095E+03,-0.76209E+03,-0.69308E+00,-0.70182E+00,-0.72198E+00,-0.70563E+00,-0.88635E+00,-0.86478E+00,-0.90336E+00,-0.88542E+00,0.000E+00,119.854E+00,-119.666E+00,57.854E+00,179.932E+00,-64.478E+00,-46.125E+00,-45.427E+00,-43.782E+00,-45.120E+00,202.223E+00,201.607E+00,201.956E+00,89.934E+00,+99999.9E+99,+99999.9E+99,0.00013E+06,-0.00072E+06,0.00000E+00,14.195E+00,0.758E+03,0.00113E+06,43.807E+00,F0F08
2021/11/30,17:34:24,00000:00:48,950,38003F00,2D00,3F00,3F00,3F00,99.986E+00,0.000E+00,0.000E+00,111.055E+00,0.000E+00,0.000E+00,0.507E+00,0.000E+00,0.000E+00,99.985E+00,0.000E+00,0.000E+00,0.000E+00,0.000E+00,0.000E+00,100.929E+00,0.000E+00,0.000E+00,98.807E+00,0.000E+00,0.000E+00,34.799E+00,429.661E+00,353.187E+00,1.061E+00,+99999.9E+99,+99999.9E+99,11.5336E+00,0.00000E+00,0.00000E+00,11.7021E+00,0.00000E+00,0.00000E+00,4.6933E+00,0.00000E+00,0.00000E+00,10.5356E+00,0.00000E+00,0.00000E+00,4.2681E+00,0.00000E+00,0.00000E+00,18.2381E+00,0.0000E+00,0.0000E+00,3.6167E+00,0.0000E+00,0.0000E+00,39.686E+00,+99999.9E+99,+99999.9E+99,69.391E+00,+99999.9E+99,+99999.9E+99,1.05126E+03,0.00000E+03,0.00000E+03,0.00000E+03,0.00000E+03,0.00000E+03,1.15321E+03,0.00000E+03,0.00000E+03,0.00000E+03,0.00000E+03,0.00000E+03,0.47406E+03,0.00000E+03,0.00000E+03,0.00000E+03,0.00000E+03,0.00000E+03,0.91160E+00,0.00000E+00,0.00000E+00,0.93446E+00,0.91276E+00,0.99346E+00,0.000E+00,-35.684E+00,177.449E+00,159.141E+00,168.427E+00,-175.995E+00,24.273E+00,90.000E+00,90.000E+00,0.00000E+00,0.00000E+00,0.00000E+00,71.686E+00,100.000E+00,100.000E+00,0.29766E+03,0.00000E+03,0.00000E+03,+99999.9E+99,+99999.9E+99,+99999.9E+99,+99999.9E+99,+99999.9E+99,+99999.9E+99,+99999.9E+99,+99999.9E+99,+99999.9E+99,+99999.9E+99,+99999.9E+99,+99999.9E+99,1B00,0,0,0,1B00,76.2650E+00,76.6021E+00,76.4887E+00,76.4519E+00,72.1244E+00,72.7890E+00,72.5571E+00,72.4902E+00,76.2650E+00,76.6021E+00,76.4887E+00,0.0000E+00,0.0000E+00,0.0000E+00,71.9254E+00,71.7616E+00,71.7024E+00,105.736E+00,106.157E+00,105.746E+00,-104.627E+00,-104.753E+00,-105.463E+00,26.397E+00,25.407E+00,26.131E+00,+99999.9E+99,+99999.9E+99,+99999.9E+99,0.185E+00,8.0917E+00,8.0484E+00,7.9975E+00,8.0459E+00,7.1984E+00,7.1597E+00,7.0984E+00,7.1522E+00,8.0910E+00,8.0475E+00,7.9945E+00,-0.1027E+00,-0.1176E+00,0.2214E+00,9.3733E+00,9.5332E+00,9.8922E+00,22.2090E+00,20.9333E+00,20.6981E+00,-18.7448E+00,-18.6519E+00,-19.6952E+00,49.650E+00,47.251E+00,45.519E+00,+99999.9E+99,+99999.9E+99,+99999.9E+99,4.275E+00,0.25281E+03,0.24722E+03,0.25358E+03,0.75361E+03,0.32079E+03,0.34357E+03,0.34774E+03,1.01210E+03,0.35781E+03,0.35613E+03,0.35474E+03,1.06868E+03,0.37799E+03,0.38796E+03,0.40535E+03,1.17072E+03,-0.25321E+03,-0.25633E+03,-0.24807E+03,-0.75762E+03,-0.19992E+03,-0.18021E+03,-0.20830E+03,-0.58842E+03,-0.70654E+00,-0.69420E+00,-0.71482E+00,-0.70518E+00,-0.84868E+00,-0.88557E+00,-0.85787E+00,-0.86451E+00,0.000E+00,120.130E+00,-120.044E+00,61.858E+00,177.779E+00,-59.021E+00,-45.046E+00,-46.036E+00,-44.371E+00,-45.156E+00,201.566E+00,201.832E+00,201.824E+00,94.666E+00,+99999.9E+99,+99999.9E+99,0.00004E+06,-0.00047E+06,0.00000E+00,9.015E+00,0.756E+03,0.00071E+06,43.765E+00,F0F08
2021/11/30,17:34:24,00000:00:49,0,38003F00,2800,3B00,3B00,3F00,99.830E+00,0.000E+00,0.000E+00,110.882E+00,0.000E+00,0.000E+00,0.505E+00,0.000E+00,0.000E+00,99.829E+00,0.000E+00,0.000E+00,0.000E+00,0.000E+00,0.000E+00,100.993E+00,0.000E+00,0.000E+00,98.782E+00,0.000E+00,0.000E+00,34.799E+00,429.661E+00,353.187E+00,1.107E+00,+99999.9E+99,+99999.9E+99,12.0673E+00,0.00000E+00,0.00000E+00,12.4881E+00,0.00000E+00,0.00000E+00,4.3827E+00,0.00000E+00,0.00000E+00,11.2433E+00,0.00000E+00,0.00000E+00,4.2681E+00,0.00000E+00,0.00000E+00,18.3388E+00,0.0000E+00,0.0000E+00,4.1574E+00,0.0000E+00,0.0000E+00,39.686E+00,+99999.9E+99,+99999.9E+99,63.066E+00,+99999.9E+99,+99999.9E+99,1.12042E+03,0.00000E+03,0.00000E+03,0.00000E+03,0.00000E+03,0.00000E+03,1.20468E+03,0.00000E+03,0.00000E+03,0.00000E+03,0.00000E+03,0.00000E+03,-0.44261E+03,0.00000E+03,0.00000E+03,0.00000E+03,0.00000E+03,0.00000E+03,-0.93006E+00,0.00000E+00,0.00000E+00,0.93446E+00,0.91276E+00,0.99346E+00,0.000E+00,-35.684E+00,177.449E+00,159.141E+00,168.427E+00,-175.995E+00,-21.556E+00,90.000E+00,90.000E+00,9.33512E+00,0.00000E+00,0.00000E+00,112.688E+00,100.000E+00,100.000E+00,-0.14216E+03,0.00000E+03,0.00000E+03,+99999.9E+99,+99999.9E+99,+99999.9E+99,+99999.9E+99,+99999.9E+99,+99999.9E+99,+99999.9E+99,+99999.9E+99,+99999.9E+99,+99999.9E+99,+99999.9E+99,+99999.9E+99,1B00,0,0,0,1B00,77.0716E+00,77.1668E+00,77.0947E+00,77.1110E+00,72.1402E+00,72.5308E+00,72.2526E+00,72.3079E+00,77.0716E+00,77.1668E+00,77.0947E+00,0.0000E+00,0.0000E+00,0.0000E+00,72.6848E+00,73.0932E+00,72.9611E+00,105.814E+00,106.180E+00,105.837E+00,-104.561E+00,-104.944E+00,-108.333E+00,15.744E+00,15.665E+00,16.059E+00,+99999.9E+99,+99999.9E+99,+99999.9E+99,0.339E+00,13.4379E+00,12.9687E+00,13.1687E+00,13.1918E+00,12.2302E+00,11.7537E+00,11.8229E+00,11.9356E+00,13.4364E+00,12.9655E+00,13.1596E+00,-0.1984E+00,-0.2910E+00,0.4905E+00,6.0746E+00,5.4307E+00,5.2818E+00,27.6243E+00,27.3714E+00,28.5333E+00,-26.7081E+00,-27.0067E+00,-26.6710E+00,52.149E+00,56.883E+00,57.535E+00,+99999.9E+99,+99999.9E+99,+99999.9E+99,7.521E+00,0.42925E+03,0.40772E+03,0.42561E+03,1.26258E+03,0.21539E+03,0.18549E+03,0.20151E+03,0.60239E+03,0.60517E+03,0.58249E+03,0.59140E+03,1.77906E+03,0.24422E+03,0.21904E+03,0.22082E+03,0.68302E+03,-0.42659E+03,-0.41600E+03,-0.41062E+03,-1.25321E+03,-0.11512E+03,-0.11649E+03,-0.09032E+03,-0.32193E+03,-0.70930E+00,-0.69996E+00,-0.71967E+00,-0.70969E+00,-0.88194E+00,-0.84684E+00,-0.91253E+00,-0.88195E+00,0.000E+00,119.934E+00,-119.748E+00,58.313E+00,-177.998E+00,-65.733E+00,-44.822E+00,-45.576E+00,-43.973E+00,-44.790E+00,201.695E+00,201.336E+00,201.598E+00,90.716E+00,+99999.9E+99,+99999.9E+99,0.00012E+06,-0.00074E+06,0.00000E+00,14.452E+00,0.757E+03,0.00115E+06,43.715E+00,F0F08
2021/11/30,17:34:24,00000:00:49,50,38003800,0,1800,1800,3800,99.927E+00,0.000E+00,0.000E+00,110.990E+00,0.000E+00,0.000E+00,0.515E+00,0.000E+00,0.000E+00,99.926E+00,0.000E+00,0.000E+00,0.000E+00,0.000E+00,0.000E+00,100.946E+00,0.000E+00,0.000E+00,98.821E+00,0.000E+00,0.000E+00,107.555E+00,+99999.9E+99,+99999.9E+99,1.063E+00,+99999.9E+99,+99999.9E+99,11.8134E+00,0.00000E+00,0.00000E+00,12.0593E+00,0.00000E+00,0.00000E+00,4.6560E+00,0.00000E+00,0.00000E+00,10.8572E+00,0.00000E+00,0.00000E+00,2.8229E+00,0.00000E+00,0.00000E+00,18.1783E+00,0.0000E+00,0.0000E+00,3.4650E+00,0.0000E+00,0.0000E+00,112.129E+00,466.954E+00,+99999.9E+99,67.759E+00,+99999.9E+99,+99999.9E+99,1.08276E+03,0.00000E+03,0.00000E+03,0.00000E+03,0.00000E+03,0.00000E+03,1.18048E+03,0.00000E+03,0.00000E+03,0.00000E+03,0.00000E+03,0.00000E+03,0.47028E+03,0.00000E+03,0.00000E+03,0.00000E+03,0.00000E+03,0.00000E+03,0.91722E+00,0.00000E+00,0.00000E+00,0.82779E+00,0.52779E+00,0.32716E+00,0.000E+00,-118.887E+00,163.715E+00,145.873E+00,119.256E+00,92.812E+00,23.477E+00,90.000E+00,90.000E+00,12.6175E+00,0.00000E+00,0.00000E+00,100.126E+00,100.000E+00,100.000E+00,-0.00136E+03,0.00000E+03,0.00000E+03,+99999.9E+99,+99999.9E+99,+99999.9E+99,+99999.9E+99,+99999.9E+99,+99999.9E+99,+99999.9E+99,+99999.9E+99,+99999.9E+99,+99999.9E+99,+99999.9E+99,+99999.9E+99,1B00,0,0,0,1B00,76.7395E+00,77.0758E+00,76.8273E+00,76.8808E+00,72.0011E+00,72.6300E+00,72.1620E+00,72.2643E+00,76.7395E+00,77.0757E+00,76.8273E+00,0.0000E+00,0.0000E+00,0.0000E+00,70.0001E+00,70.2182E+00,70.1451E+00,105.373E+00,106.034E+00,105.656E+00,-104.181E+00,-104.640E+00,-104.179E+00,39.038E+00,38.894E+00,38.857E+00,+99999.9E+99,+99999.9E+99,+99999.9E+99,0.189E+00,11.9280E+00,11.7637E+00,12.0467E+00,11.9128E+00,10.4104E+00,10.3339E+00,10.5290E+00,10.4245E+00,11.9275E+00,11.7637E+00,12.0467E+00,-0.1018E+00,0.0000E+00,0.0000E+00,15.4242E+00,15.0171E+00,15.1947E+00,27.6138E+00,27.0814E+00,28.4686E+00,-26.3105E+00,-27.1143E+00,-26.4119E+00,39.338E+00,40.353E+00,39.472E+00,+99999.9E+99,+99999.9E+99,+99999.9E+99,1.643E+00,0.35562E+03,0.35787E+03,0.37063E+03,1.08412E+03,0.54498E+03,0.52865E+03,0.54475E+03,1.61838E+03,0.53280E+03,0.52674E+03,0.54025E+03,1.59979E+03,0.62245E+03,0.60559E+03,0.61464E+03,1.84253E+03,-0.39675E+03,-0.38650E+03,-0.39307E+03,-1.17631E+03,-0.30072E+03,-0.29541E+03,-0.28465E+03,-0.88078E+03,-0.66745E+00,-0.67941E+00,-0.68604E+00,-0.67767E+00,-0.87555E+00,-0.87295E+00,-0.88630E+00,-0.87835E+00,0.000E+00,119.960E+00,-119.863E+00,58.994E+00,179.124E+00,-62.346E+00,-48.129E+00,-47.202E+00,-46.683E+00,-47.338E+00,201.937E+00,202.324E+00,201.834E+00,90.070E+00,+99999.9E+99,+99999.9E+99,0.00011E+06,-0.00062E+06,0.00000E+00,12.318E+00,0.757E+03,0.00098E+06,43.770E+00,F0F0F
2021/11/30,17:34:24,00000:00:49,100,38003F00,700,1F00,1F00,3F00,99.927E+00,0.000E+00,0.000E+00,110.990E+00,0.000E+00,0.000E+00,0.515E+00,0.000E+00,0.000E+00,99.926E+00,0.000E+00,0.000E+00,0.000E+00,0.000E+00,0.000E+00,100.946E+00,0.000E+00,0.000E+00,98.821E+00,0.000E+00,0.000E+00,18.983E+00,+99999.9E+99,339.875E+00,1.063E+00,+99999.9E+99,+99999.9E+99,11.8134E+00,0.00000E+00,0.00000E+00,12.0593E+00,0.00000E+00,0.00000E+00,4.6560E+00,0.00000E+00,0.00000E+00,10.8572E+00,0.00000E+00,0.00000E+00,4.7681E+00,0.00000E+00,0.00000E+00,18.1783E+00,0.0000E+00,0.0000E+00,3.4650E+00,0.0000E+00,0.0000E+00,8.673E+00,+99999.9E+99,+99999.9E+99,67.759E+00,+99999.9E+99,+99999.9E+99,1.08276E+03,0.00000E+03,0.00000E+03,0.00000E+03,0.00000E+03,0.00000E+03,1.18048E+03,0.00000E+03,0.00000E+03,0.00000E+03,0.00000E+03,0.00000E+03,0.47028E+03,0.00000E+03,0.00000E+03,0.00000E+03,0.00000E+03,0.00000E+03,0.91722E+00,0.00000E+00,0.00000E+00,0.91722E+00,0.86222E+00,0.48687E+00,0.000E+00,80.752E+00,155.767E+00,156.523E+00,50.318E+00,36.632E+00,23.477E+00,90.000E+00,90.000E+00,12.6175E+00,0.00000E+00,0.00000E+00,79.383E+00,100.000E+00,100.000E+00,0.22323E+03,0.00000E+03,0.00000E+03,+99999.9E+99,+99999.9E+99,+99999.9E+99,+99999.9E+99,+99999.9E+99,+99999.9E+99,+99999.9E+99,+99999.9E+99,+99999.9E+99,+99999.9E+99,+99999.9E+99,+99999.9E+99,1B00,0,0,0,1B00,76.5680E+00,76.6351E+00,76.5794E+00,76.5942E+00,72.4649E+00,72.8043E+00,72.5471E+00,72.6054E+00,76.5680E+00,76.6351E+00,76.5794E+00,0.0000E+00,0.0000E+00,0.0000E+00,72.8785E+00,72.7108E+00,72.6268E+00,105.730E+00,106.097E+00,105.819E+00,-104.624E+00,-103.853E+00,-104.731E+00,18.397E+00,17.936E+00,17.952E+00,+99999.9E+99,+99999.9E+99,+99999.9E+99,0.204E+00,9.5928E+00,9.0715E+00,9.2112E+00,9.2918E+00,8.2944E+00,7.8631E+00,7.9028E+00,8.0201E+00,9.5919E+00,9.0677E+00,9.2027E+00,-0.1305E+00,-0.2630E+00,0.3945E+00,6.0190E+00,6.3450E+00,6.7739E+00,26.2943E+00,24.1224E+00,25.1271E+00,-26.5862E+00,-25.3071E+00,-22.4924E+00,58.028E+00,53.338E+00,50.359E+00,+99999.9E+99,+99999.9E+99,+99999.9E+99,5.305E+00,0.29443E+03,0.27504E+03,0.29006E+03,0.85953E+03,0.21383E+03,0.23219E+03,0.23632E+03,0.68234E+03,0.42695E+03,0.40258E+03,0.40875E+03,1.23829E+03,0.24986E+03,0.25806E+03,0.27253E+03,0.77985E+03,-0.30919E+03,-0.29398E+03,-0.28800E+03,-0.89118E+03,-0.12926E+03,-0.11261E+03,-0.13573E+03,-0.37760E+03,-0.68961E+00,-0.68319E+00,-0.70961E+00,-0.69413E+00,-0.85579E+00,-0.89977E+00,-0.86715E+00,-0.87496E+00,0.000E+00,120.146E+00,-120.045E+00,61.073E+00,175.984E+00,-60.060E+00,-46.401E+00,-46.906E+00,-44.797E+00,-46.042E+00,201.735E+00,201.408E+00,202.160E+00,94.430E+00,+99999.9E+99,+99999.9E+99,0.00005E+06,-0.00054E+06,0.00000E+00,10.247E+00,0.756E+03,0.00081E+06,43.759E+00,F0F08
2021/11/30,17:34:24,00000:00:49,150,38003F00,500,1F00,1F00,3F00,99.927E+00,0.000E+00,0.000E+00,110.990E+00,0.000E+00,0.000E+00,0.515E+00,0.000E+00,0.000E+00,99.926E+00,0.000E+00,0.000E+00,0.000E+00,0.000E+00,0.000E+00,100.946E+00,0.000E+00,0.000E+00,98.821E+00,0.000E+00,0.000E+00,18.983E+00,+99999.9E+99,339.875E+00,1.063E+00,+99999.9E+99,+99999.9E+99,11.8134E+00,0.00000E+00,0.00000E+00,12.0593E+00,0.00000E+00,0.00000E+00,4.6560E+00,0.00000E+00,0.00000E+00,10.8572E+00,0.00000E+00,0.00000E+00,4.7681E+00,0.00000E+00,0.00000E+00,18.1783E+00,0.0000E+00,0.0000E+00,3.4650E+00,0.0000E+00,0.0000E+00,8.673E+00,+99999.9E+99,+99999.9E+99,67.759E+00,+99999.9E+99,+99999.9E+99,1.08276E+03,0.00000E+03,0.00000E+03,0.00000E+03,0.00000E+03,0.00000E+03,1.18048E+03,0.00000E+03,0.00000E+03,0.00000E+03,0.00000E+03,0.00000E+03,0.47028E+03,0.00000E+03,0.00000E+03,0.00000E+03,0.00000E+03,0.00000E+03,0.91722E+00,0.00000E+00,0.00000E+00,0.91722E+00,0.86222E+00,0.48687E+00,0.000E+00,80.752E+00,155.767E+00,156.523E+00,50.318E+00,36.632E+00,23.477E+00,90.000E+00,90.000E+00,12.6175E+00,0.00000E+00,0.00000E+00,125.089E+00,100.000E+00,100.000E+00,-0.27165E+03,0.00000E+03,0.00000E+03,+99999.9E+99,+99999.9E+99,+99999.9E+99,+99999.9E+99,+99999.9E+99,+99999.9E+99,+99999.9E+99,+99999.9E+99,+99999.9E+99,+99999.9E+99,+99999.9E+99,+99999.9E+99,1B00,0,0,0,1B00,77.0212E+00,77.4852E+00,77.3395E+00,77.2820E+00,71.7253E+00,72.6040E+00,72.3369E+00,72.2221E+00,77.0212E+00,77.4852E+00,77.3395E+00,0.0000E+00,0.0000E+00,0.0000E+00,71.7330E+00,72.3346E+00,72.1262E+00,105.640E+00,105.899E+00,105.560E+00,-106.686E+00,-104.846E+00,-104.926E+00,25.165E+00,25.399E+00,25.327E+00,+99999.9E+99,+99999.9E+99,+99999.9E+99,0.485E+00,13.9547E+00,13.6219E+00,13.7619E+00,13.7795E+00,13.0401E+00,12.8398E+00,12.7992E+00,12.8930E+00,13.9536E+00,13.6201E+00,13.7562E+00,-0.1745E+00,-0.2218E+00,0.3975E+00,10.1886E+00,9.3016E+00,9.4457E+00,27.6300E+00,27.1867E+00,28.5795E+00,-26.6343E+00,-26.7757E+00,-26.8338E+00,43.825E+00,46.806E+00,47.136E+00,+99999.9E+99,+99999.9E+99,+99999.9E+99,6.978E+00,0.45590E+03,0.44372E+03,0.45480E+03,1.35441E+03,0.37218E+03,0.32460E+03,0.35027E+03,1.04705E+03,0.62883E+03,0.61430E+03,0.62272E+03,1.86585E+03,0.41567E+03,0.37581E+03,0.37980E+03,1.16964E+03,-0.43311E+03,-0.42483E+03,-0.42536E+03,-1.28330E+03,-0.18510E+03,-0.18938E+03,-0.14683E+03,-0.52131E+03,-0.72499E+00,-0.72231E+00,-0.73035E+00,-0.72590E+00,-0.89538E+00,-0.86374E+00,-0.92225E+00,-0.89518E+00,0.000E+00,119.908E+00,-119.637E+00,56.715E+00,-179.922E+00,-67.076E+00,-43.532E+00,-43.754E+00,-43.084E+00,-43.456E+00,201.843E+00,202.242E+00,201.117E+00,90.268E+00,+99999.9E+99,+99999.9E+99,0.00013E+06,-0.00078E+06,0.00000E+00,15.408E+00,0.758E+03,0.00122E+06,43.690E+00,F0F08
2021/11/30,17:34:24,00000:00:49,200,38003F00,500,1F00,1F00,3F00,99.927E+00,0.000E+00,0.000E+00,110.990E+00,0.000E+00,0.000E+00,0.515E+00,0.000E+00,0.000E+00,99.926E+00,0.000E+00,0.000E+00,0.000E+00,0.000E+00,0.000E+00,100.946E+00,0.000E+00,0.000E+00,98.821E+00,0.000E+00,0.000E+00,18.983E+00,+99999.9E+99,339.875E+00,1.063E+00,+99999.9E+99,+99999.9E+99,11.8134E+00,0.00000E+00,0.00000E+00,12.0593E+00,0.00000E+00,0.00000E+00,4.6560E+00,0.00000E+00,0.00000E+00,10.8572E+00,0.00000E+00,0.00000E+00,4.7681E+00,0.00000E+00,0.00000E+00,18.1783E+00,0.0000E+00,0.0000E+00,3.4650E+00,0.0000E+00,0.0000E+00,8.673E+00,+99999.9E+99,+99999.9E+99,67.759E+00,+99999.9E+99,+99999.9E+99,1.08276E+03,0.00000E+03,0.00000E+03,0.00000E+03,0.00000E+03,0.00000E+03,1.18048E+03,0.00000E+03,0.00000E+03,0.00000E+03,0.00000E+03,0.00000E+03,0.47028E+03,0.00000E+03,0.00000E+03,0.00000E+03,0.00000E+03,0.00000E+03,0.91722E+00,0.00000E+00,0.00000E+00,0.91722E+00,0.86222E+00,0.48687E+00,0.000E+00,80.752E+00,155.767E+00,156.523E+00,50.318E+00,36.632E+00,23.477E+00,90.000E+00,90.000E+00,12.6175E+00,0.00000E+00,0.00000E+00,78.486E+00,100.000E+00,100.000E+00,0.23295E+03,0.00000E+03,0.00000E+03,+99999.9E+99,+99999.9E+99,+99999.9E+99,+99999.9E+99,+99999.9E+99,+99999.9E+99,+99999.9E+99,+99999.9E+99,+99999.9E+99,+99999.9E+99,+99999.9E+99,+99999.9E+99,1B00,0,0,0,1B00,76.7234E+00,76.6703E+00,76.3870E+00,76.5936E+00,72.5548E+00,72.6477E+00,71.9977E+00,72.4000E+00,76.7234E+00,76.6703E+00,76.3870E+00,0.0000E+00,0.0000E+00,0.0000E+00,70.2773E+00,70.3372E+00,70.2126E+00,105.691E+00,106.050E+00,105.687E+00,-104.367E+00,-104.547E+00,-104.619E+00,38.276E+00,37.900E+00,38.114E+00,+99999.9E+99,+99999.9E+99,+99999.9E+99,0.096E+00,9.5146E+00,9.0891E+00,9.7143E+00,9.4393E+00,8.2861E+00,7.9258E+00,8.3381E+00,8.1833E+00,9.5146E+00,9.0891E+00,9.7143E+00,0.0000E+00,0.0000E+00,0.0000E+00,14.7219E+00,14.5902E+00,14.9524E+00,26.3314E+00,24.3343E+00,26.7119E+00,-25.0105E+00,-22.6990E+00,-26.4986E+00,40.830E+00,40.877E+00,39.438E+00,+99999.9E+99,+99999.9E+99,+99999.9E+99,1.525E+00,0.27774E+03,0.27594E+03,0.29613E+03,0.84981E+03,0.51561E+03,0.51735E+03,0.53050E+03,1.56346E+03,0.42314E+03,0.40450E+03,0.43091E+03,1.25855E+03,0.59536E+03,0.58940E+03,0.60468E+03,1.78933E+03,-0.31922E+03,-0.29577E+03,-0.31304E+03,-0.92803E+03,-0.29765E+03,-0.28237E+03,-0.29019E+03,-0.87021E+03,-0.65639E+00,-0.68218E+00,-0.68721E+00,-0.67523E+00,-0.86606E+00,-0.87777E+00,-0.87732E+00,-0.87377E+00,0.000E+00,120.077E+00,-119.921E+00,60.023E+00,178.650E+00,-61.216E+00,-48.975E+00,-46.986E+00,-46.590E+00,-47.528E+00,201.967E+00,201.788E+00,202.644E+00,92.069E+00,+99999.9E+99,+99999.9E+99,0.00007E+06,-0.00051E+06,0.00000E+00,9.876E+00,0.757E+03,0.00078E+06,43.811E+00,F0F08
2021/11/30,17:34:24,00000:00:49,250,38003F00,700,1C00,1C00,3800,99.927E+00,0.000E+00,0.000E+00,110.990E+00,0.000E+00,0.000E+00,0.515E+00,0.000E+00,0.000E+00,99.926E+00,0.000E+00,0.000E+00,0.000E+00,0.000E+00,0.000E+00,100.946E+00,0.000E+00,0.000E+00,98.821E+00,0.000E+00,0.000E+00,68.276E+00,+99999.9E+99,+99999.9E+99,1.063E+00,+99999.9E+99,+99999.9E+99,11.8134E+00,0.00000E+00,0.00000E+00,12.0593E+00,0.00000E+00,0.00000E+00,4.6560E+00,0.00000E+00,0.00000E+00,10.8572E+00,0.00000E+00,0.00000E+00,4.0280E+00,0.00000E+00,0.00000E+00,18.1783E+00,0.0000E+00,0.0000E+00,3.4650E+00,0.0000E+00,0.0000E+00,49.441E+00,+99999.9E+99,+99999.9E+99,67.759E+00,+99999.9E+99,+99999.9E+99,1.08276E+03,0.00000E+03,0.00000E+03,0.00000E+03,0.00000E+03,0.00000E+03,1.18048E+03,0.00000E+03,0.00000E+03,0.00000E+03,0.00000E+03,0.00000E+03,0.47028E+03,0.00000E+03,0.00000E+03,0.00000E+03,0.00000E+03,0.00000E+03,0.91722E+00,0.00000E+00,0.00000E+00,0.88179E+00,0.72691E+00,0.98466E+00,0.000E+00,-11.504E+00,135.190E+00,151.859E+00,-148.132E+00,-34.760E+00,23.477E+00,90.000E+00,90.000E+00,12.6175E+00,0.00000E+00,0.00000E+00,97.589E+00,100.000E+00,100.000E+00,0.02610E+03,0.00000E+03,0.00000E+03,+99999.9E+99,+99999.9E+99,+99999.9E+99,+99999.9E+99,+99999.9E+99,+99999.9E+99,+99999.9E+99,+99999.9E+99,+99999.9E+99,+99999.9E+99,+99999.9E+99,+99999.9E+99,1B00,0,0,0,1B00,76.5095E+00,77.0328E+00,77.0402E+00,76.8608E+00,71.8424E+00,72.8095E+00,72.8198E+00,72.4905E+00,76.5095E+00,77.0328E+00,77.0401E+00,0.0000E+00,0.0000E+00,0.0000E+00,73.0782E+00,73.0716E+00,72.9671E+00,105.760E+00,106.066E+00,105.771E+00,-104.294E+00,-104.816E+00,-104.474E+00,15.385E+00,15.206E+00,15.286E+00,+99999.9E+99,+99999.9E+99,+99999.9E+99,0.099E+00,11.7155E+00,11.5013E+00,11.3057E+00,11.5075E+00,10.1229E+00,9.9989E+00,9.7110E+00,9.9443E+00,11.7143E+00,11.4947E+00,11.2921E+00,-0.1666E+00,-0.3870E+00,0.5547E+00,5.2115E+00,5.1279E+00,5.5204E+00,27.6895E+00,26.9929E+00,28.5367E+00,-26.3838E+00,-27.1981E+00,-26.0767E+00,58.520E+00,57.724E+00,53.568E+00,+99999.9E+99,+99999.9E+99,+99999.9E+99,3.413E+00,0.36275E+03,0.34483E+03,0.34908E+03,1.05666E+03,0.18537E+03,0.19127E+03,0.19835E+03,0.57499E+03,0.52293E+03,0.51295E+03,0.50708E+03,1.54296E+03,0.21469E+03,0.21428E+03,0.22535E+03,0.65412E+03,-0.37666E+03,-0.37975E+03,-0.36779E+03,-1.12420E+03,-0.10830E+03,-0.09661E+03,-0.10697E+03,-0.31187E+03,-0.69368E+00,-0.67225E+00,-0.68841E+00,-0.68483E+00,-0.86345E+00,-0.89260E+00,-0.88017E+00,-0.87902E+00,0.000E+00,120.093E+00,-119.961E+00,60.288E+00,176.848E+00,-61.573E+00,-46.078E+00,-47.759E+00,-46.495E+00,-46.778E+00,201.988E+00,201.898E+00,201.321E+00,93.009E+00,+99999.9E+99,+99999.9E+99,0.00007E+06,-0.00064E+06,0.00000E+00,12.405E+00,0.757E+03,0.00098E+06,43.816E+00,F0F08
2021/11/30,17:34:24,00000:00:49,300,38003F00,2800,3B00,3B00,3F00,99.985E+00,0.000E+00,0.000E+00,111.054E+00,0.000E+00,0.000E+00,0.498E+00,0.000E+00,0.000E+00,99.984E+00,0.000E+00,0.000E+00,0.000E+00,0.000E+00,0.000E+00,100.925E+00,0.000E+00,0.000E+00,98.821E+00,0.000E+00,0.000E+00,68.276E+00,+99999.9E+99,+99999.9E+99,1.052E+00,+99999.9E+99,+99999.9E+99,11.4958E+00,0.00000E+00,0.00000E+00,11.7070E+00,0.00000E+00,0.00000E+00,4.5891E+00,0.00000E+00,0.00000E+00,10.5400E+00,0.00000E+00,0.00000E+00,4.0280E+00,0.00000E+00,0.00000E+00,18.2414E+00,0.0000E+00,0.0000E+00,4.0324E+00,0.0000E+00,0.0000E+00,49.441E+00,+99999.9E+99,+99999.9E+99,67.405E+00,+99999.9E+99,+99999.9E+99,1.05179E+03,0.00000E+03,0.00000E+03,0.00000E+03,0.00000E+03,0.00000E+03,1.14941E+03,0.00000E+03,0.00000E+03,0.00000E+03,0.00000E+03,0.00000E+03,0.46354E+03,0.00000E+03,0.00000E+03,0.00000E+03,0.00000E+03,0.00000E+03,0.91507E+00,0.00000E+00,0.00000E+00,0.88179E+00,0.72691E+00,0.98466E+00,0.000E+00,-11.504E+00,135.190E+00,151.859E+00,-148.132E+00,-34.760E+00,23.784E+00,90.000E+00,90.000E+00,0.00000E+00,0.00000E+00,0.00000E+00,123.235E+00,100.000E+00,100.000E+00,-0.24439E+03,0.00000E+03,0.00000E+03,+99999.9E+99,+99999.9E+99,+99999.9E+99,+99999.9E+99,+99999.9E+99,+99999.9E+99,+99999.9E+99,+99999.9E+99,+99999.9E+99,+99999.9E+99,+99999.9E+99,+99999.9E+99,1B00,0,0,0,1B00,77.2069E+00,77.2328E+00,76.9923E+00,77.1440E+00,72.2231E+00,72.4552E+00,71.8818E+00,72.1867E+00,77.2068E+00,77.2328E+00,76.9922E+00,0.0000E+00,0.0000E+00,0.0000E+00,71.0506E+00,71.6937E+00,71.4844E+00,105.324E+00,105.703E+00,105.459E+00,-104.040E+00,-104.753E+00,-104.657E+00,30.332E+00,30.571E+00,30.458E+00,+99999.9E+99,+99999.9E+99,+99999.9E+99,0.524E+00,13.6121E+00,13.1669E+00,13.5583E+00,13.4457E+00,12.5365E+00,12.0997E+00,12.4601E+00,12.3654E+00,13.6112E+00,13.1669E+00,13.5568E+00,-0.1549E+00,0.0000E+00,0.1960E+00,12.4216E+00,11.3493E+00,11.4910E+00,27.6476E+00,27.1862E+00,28.8248E+00,-26.5809E+00,-26.9524E+00,-26.8067E+00,40.997E+00,44.010E+00,44.049E+00,+99999.9E+99,+99999.9E+99,+99999.9E+99,5.619E+00,0.43007E+03,0.42131E+03,0.44480E+03,1.29618E+03,0.44619E+03,0.39929E+03,0.42484E+03,1.27031E+03,0.61338E+03,0.59324E+03,0.60958E+03,1.81620E+03,0.50041E+03,0.46210E+03,0.46542E+03,1.42660E+03,-0.43734E+03,-0.41765E+03,-0.41682E+03,-1.27182E+03,-0.22654E+03,-0.23261E+03,-0.19008E+03,-0.64924E+03,-0.70115E+00,-0.71019E+00,-0.72968E+00,-0.71368E+00,-0.89165E+00,-0.86406E+00,-0.91280E+00,-0.89044E+00,0.000E+00,119.902E+00,-119.608E+00,57.213E+00,-179.973E+00,-65.700E+00,-45.480E+00,-44.750E+00,-43.141E+00,-44.465E+00,201.301E+00,201.571E+00,201.893E+00,89.597E+00,+99999.9E+99,+99999.9E+99,0.00013E+06,-0.00074E+06,0.00000E+00,14.644E+00,0.757E+03,0.00116E+06,43.570E+00,F0F08
2021/11/30,17:34:24,00000:00:49,350,38003F00,2D00,3F00,3F00,3F00,99.985E+00,0.000E+00,0.000E+00,111.054E+00,0.000E+00,0.000E+00,0.498E+00,0.000E+00,0.000E+00,99.984E+00,0.000E+00,0.000E+00,0.000E+00,0.000E+00,0.000E+00,100.925E+00,0.000E+00,0.000E+00,98.821E+00,0.000E+00,0.000E+00,36.324E+00,+99999.9E+99,+99999.9E+99,1.052E+00,+99999.9E+99,+99999.9E+99,11.4958E+00,0.00000E+00,0.00000E+00,11.7070E+00,0.00000E+00,0.00000E+00,4.5891E+00,0.00000E+00,0.00000E+00,10.5400E+00,0.00000E+00,0.00000E+00,4.1514E+00,0.00000E+00,0.00000E+00,18.2414E+00,0.0000E+00,0.0000E+00,4.0324E+00,0.0000E+00,0.0000E+00,40.768E+00,+99999.9E+99,+99999.9E+99,67.405E+00,+99999.9E+99,+99999.9E+99,1.05179E+03,0.00000E+03,0.00000E+03,0.00000E+03,0.00000E+03,0.00000E+03,1.14941E+03,0.00000E+03,0.00000E+03,0.00000E+03,0.00000E+03,0.00000E+03,0.46354E+03,0.00000E+03,0.00000E+03,0.00000E+03,0.00000E+03,0.00000E+03,0.91507E+00,0.00000E+00,0.00000E+00,0.93294E+00,0.44381E+00,0.11772E+00,0.000E+00,19.221E+00,143.062E+00,158.898E+00,-44.432E+00,-133.699E+00,23.784E+00,90.000E+00,90.000E+00,0.00000E+00,0.00000E+00,0.00000E+00,73.962E+00,100.000E+00,100.000E+00,0.27386E+03,0.00000E+03,0.00000E+03,+99999.9E+99,+99999.9E+99,+99999.9E+99,+99999.9E+99,+99999.9E+99,+99999.9E+99,+99999.9E+99,+99999.9E+99,+99999.9E+99,+99999.9E+99,+99999.9E+99,+99999.9E+99,1B00,0,0,0,1B00,76.2605E+00,76.6657E+00,76.4971E+00,76.4744E+00,72.1622E+00,72.9101E+00,72.6102E+00,72.5608E+00,76.2605E+00,76.6657E+00,76.4971E+00,0.0000E+00,0.0000E+00,0.0000E+00,71.3044E+00,71.1947E+00,71.0349E+00,105.787E+00,106.133E+00,105.856E+00,-104.647E+00,-104.637E+00,-104.054E+00,31.861E+00,31.120E+00,31.704E+00,+99999.9E+99,+99999.9E+99,+99999.9E+99,0.228E+00,8.2516E+00,8.2176E+00,8.1489E+00,8.2060E+00,7.3506E+00,7.3335E+00,7.2542E+00,7.3128E+00,8.2510E+00,8.2167E+00,8.1459E+00,-0.1013E+00,-0.1187E+00,0.2211E+00,11.7391E+00,11.7383E+00,12.3362E+00,22.1781E+00,20.8695E+00,20.5200E+00,-18.6229E+00,-19.0690E+00,-19.7629E+00,45.048E+00,43.964E+00,41.963E+00,+99999.9E+99,+99999.9E+99,+99999.9E+99,3.330E+00,0.26076E+03,0.25612E+03,0.26104E+03,0.77793E+03,0.40461E+03,0.42518E+03,0.43181E+03,1.26159E+03,0.36488E+03,0.36399E+03,0.36190E+03,1.09077E+03,0.47103E+03,0.47869E+03,0.49672E+03,1.44599E+03,-0.25523E+03,-0.25863E+03,-0.25066E+03,-0.76452E+03,-0.24116E+03,-0.21993E+03,-0.24550E+03,-0.70659E+03,-0.71465E+00,-0.70365E+00,-0.72130E+00,-0.71319E+00,-0.85899E+00,-0.88820E+00,-0.86932E+00,-0.87248E+00,0.000E+00,120.201E+00,-119.983E+00,60.740E+00,177.479E+00,-60.233E+00,-44.385E+00,-45.279E+00,-43.838E+00,-44.505E+00,202.422E+00,201.968E+00,201.968E+00,94.930E+00,+99999.9E+99,+99999.9E+99,0.00004E+06,-0.00048E+06,0.00000E+00,9.326E+00,0.756E+03,0.00074E+06,43.965E+00,F0F08
2021/11/30,17:34:24,00000:00:49,400,38003F00,2800,3B00,3B00,3F00,99.819E+00,0.000E+00,0.000E+00,110.869E+00,0.000E+00,0.000E+00,0.487E+00,0.000E+00,0.000E+00,99.818E+00,0.000E+00,0.000E+00,0.000E+00,0.000E+00,0.000E+00,100.907E+00,0.000E+00,0.000E+00,98.832E+00,0.000E+00,0.000E+00,36.324E+00,+99999.9E+99,+99999.9E+99,1.039E+00,+99999.9E+99,+99999.9E+99,12.2202E+00,0.00000E+00,0.00000E+00,12.7040E+00,0.00000E+00,0.00000E+00,4.3030E+00,0.00000E+00,0.00000E+00,11.4376E+00,0.00000E+00,0.00000E+00,4.1514E+00,0.00000E+00,0.00000E+00,18.2600E+00,0.0000E+00,0.0000E+00,4.0767E+00,0.0000E+00,0.0000E+00,40.768E+00,+99999.9E+99,+99999.9E+99,62.003E+00,+99999.9E+99,+99999.9E+99,1.13980E+03,0.00000E+03,0.00000E+03,0.00000E+03,0.00000E+03,0.00000E+03,1.21981E+03,0.00000E+03,0.00000E+03,0.00000E+03,0.00000E+03,0.00000E+03,-0.43450E+03,0.00000E+03,0.00000E+03,0.00000E+03,0.00000E+03,0.00000E+03,-0.93441E+00,0.00000E+00,0.00000E+00,0.93294E+00,0.44381E+00,0.11772E+00,0.000E+00,19.221E+00,143.062E+00,158.898E+00,-44.432E+00,-133.699E+00,-20.867E+00,90.000E+00,90.000E+00,9.33742E+00,0.00000E+00,0.00000E+00,106.985E+00,100.000E+00,100.000E+00,-0.07961E+03,0.00000E+03,0.00000E+03,+99999.9E+99,+99999.9E+99,+99999.9E+99,+99999.9E+99,+99999.9E+99,+99999.9E+99,+99999.9E+99,+99999.9E+99,+99999.9E+99,+99999.9E+99,+99999.9E+99,+99999.9E+99,1B00,0,0,0,1B00,77.0778E+00,77.1573E+00,77.0955E+00,77.1102E+00,72.0501E+00,72.4104E+00,72.1558E+00,72.2055E+00,77.0778E+00,77.1573E+00,77.0954E+00,0.0000E+00,0.0000E+00,0.0000E+00,73.0275E+00,73.2505E+00,73.1283E+00,105.977E+00,106.234E+00,105.736E+00,-105.154E+00,-104.643E+00,-104.629E+00,14.181E+00,14.457E+00,14.486E+00,+99999.9E+99,+99999.9E+99,+99999.9E+99,0.177E+00,13.1777E+00,12.6979E+00,12.8959E+00,12.9238E+00,11.9737E+00,11.4945E+00,11.5556E+00,11.6746E+00,13.1761E+00,12.6942E+00,12.8855E+00,-0.2068E+00,-0.3091E+00,0.5171E+00,5.2271E+00,4.7705E+00,4.9082E+00,27.5405E+00,26.7852E+00,28.0167E+00,-26.6590E+00,-26.4681E+00,-26.1638E+00,54.621E+00,58.561E+00,56.765E+00,+99999.9E+99,+99999.9E+99,+99999.9E+99,4.183E+00,0.41498E+03,0.39310E+03,0.41133E+03,1.21941E+03,0.18881E+03,0.17448E+03,0.18548E+03,0.54877E+03,0.59309E+03,0.56998E+03,0.57866E+03,1.74173E+03,0.21332E+03,0.19918E+03,0.20409E+03,0.61631E+03,-0.42373E+03,-0.41272E+03,-0.40701E+03,-1.24347E+03,-0.09927E+03,-0.09607E+03,-0.08516E+03,-0.28051E+03,-0.69969E+00,-0.68969E+00,-0.71082E+00,-0.70011E+00,-0.88511E+00,-0.87599E+00,-0.90878E+00,-0.89042E+00,0.000E+00,120.011E+00,-119.844E+00,57.834E+00,178.793E+00,-65.225E+00,-45.598E+00,-46.395E+00,-44.698E+00,-45.564E+00,201.229E+00,201.933E+00,201.766E+00,91.098E+00,+99999.9E+99,+99999.9E+99,0.00011E+06,-0.00072E+06,0.00000E+00,14.016E+00,0.757E+03,0.00111E+06,43.585E+00,F0F08
2021/11/30,17:34:24,00000:00:49,450,38003F00,0,1B00,1B00,3F00,99.939E+00,0.000E+00,0.000E+00,111.003E+00,0.000E+00,0.000E+00,0.549E+00,0.000E+00,0.000E+00,99.938E+00,0.000E+00,0.000E+00,0.000E+00,0.000E+00,0.000E+00,101.032E+00,0.000E+00,0.000E+00,98.796E+00,0.000E+00,0.000E+00,96.899E+00,+99999.9E+99,+99999.9E+99,1.119E+00,+99999.9E+99,+99999.9E+99,11.6956E+00,0.00000E+00,0.00000E+00,11.8067E+00,0.00000E+00,0.00000E+00,4.8781E+00,0.00000E+00,0.00000E+00,10.6297E+00,0.00000E+00,0.00000E+00,3.0531E+00,0.00000E+00,0.00000E+00,18.3083E+00,0.0000E+00,0.0000E+00,3.4243E+00,0.0000E+00,0.0000E+00,98.154E+00,+99999.9E+99,+99999.9E+99,70.011E+00,+99999.9E+99,+99999.9E+99,1.05990E+03,0.00000E+03,0.00000E+03,0.00000E+03,0.00000E+03,0.00000E+03,1.16885E+03,0.00000E+03,0.00000E+03,0.00000E+03,0.00000E+03,0.00000E+03,0.49277E+03,0.00000E+03,0.00000E+03,0.00000E+03,0.00000E+03,0.00000E+03,0.90679E+00,0.00000E+00,0.00000E+00,0.83920E+00,0.99073E+00,0.02617E+00,0.000E+00,-40.640E+00,125.017E+00,147.056E+00,131.553E+00,-146.483E+00,24.935E+00,90.000E+00,90.000E+00,12.6014E+00,0.00000E+00,0.00000E+00,100.630E+00,100.000E+00,100.000E+00,-0.00667E+03,0.00000E+03,0.00000E+03,+99999.9E+99,+99999.9E+99,+99999.9E+99,+99999.9E+99,+99999.9E+99,+99999.9E+99,+99999.9E+99,+99999.9E+99,+99999.9E+99,+99999.9E+99,+99999.9E+99,+99999.9E+99,1B00,0,0,0,1B00,76.7199E+00,77.0495E+00,76.8111E+00,76.8601E+00,71.9376E+00,72.5549E+00,72.0914E+00,72.1946E+00,76.7199E+00,77.0495E+00,76.8111E+00,0.0000E+00,0.0000E+00,0.0000E+00,70.1289E+00,70.5175E+00,70.4478E+00,105.480E+00,106.023E+00,105.539E+00,-103.784E+00,-104.541E+00,-104.083E+00,37.188E+00,37.083E+00,36.977E+00,+99999.9E+99,+99999.9E+99,+99999.9E+99,0.344E+00,11.8930E+00,11.7262E+00,12.0155E+00,11.8782E+00,10.3054E+00,10.2162E+00,10.4288E+00,10.3168E+00,11.8923E+00,11.7262E+00,12.0155E+00,-0.1275E+00,0.0000E+00,0.0000E+00,14.8567E+00,14.2428E+00,14.2902E+00,27.6676E+00,27.3595E+00,28.5181E+00,-26.2671E+00,-27.0286E+00,-26.8190E+00,39.616E+00,41.196E+00,40.757E+00,+99999.9E+99,+99999.9E+99,+99999.9E+99,2.860E+00,0.34942E+03,0.35210E+03,0.36506E+03,1.06657E+03,0.52617E+03,0.49616E+03,0.51652E+03,1.53885E+03,0.53091E+03,0.52453E+03,0.53850E+03,1.59394E+03,0.60050E+03,0.57456E+03,0.58081E+03,1.75545E+03,-0.39971E+03,-0.38880E+03,-0.39587E+03,-1.18438E+03,-0.28939E+03,-0.28972E+03,-0.26560E+03,-0.84471E+03,-0.65815E+00,-0.67125E+00,-0.67792E+00,-0.66914E+00,-0.87622E+00,-0.86356E+00,-0.88931E+00,-0.87662E+00,0.000E+00,119.882E+00,-119.783E+00,58.994E+00,-179.870E+00,-62.720E+00,-48.841E+00,-47.836E+00,-47.319E+00,-47.999E+00,201.965E+00,201.357E+00,201.594E+00,90.055E+00,+99999.9E+99,+99999.9E+99,0.00011E+06,-0.00061E+06,0.00000E+00,12.121E+00,0.757E+03,0.00096E+06,43.797E+00,F0F0F
2021/11/30,17:34:24,00000:00:49,500,38003F00,700,1C00,1C00,3800,99.939E+00,0.000E+00,0.000E+00,111.003E+00,0.000E+00,0.000E+00,0.549E+00,0.000E+00,0.000E+00,99.938E+00,0.000E+00,0.000E+00,0.000E+00,0.000E+00,0.000E+00,101.032E+00,0.000E+00,0.000E+00,98.796E+00,0.000E+00,0.000E+00,20.818E+00,+99999.9E+99,348.619E+00,1.119E+00,+99999.9E+99,+99999.9E+99,11.6956E+00,0.00000E+00,0.00000E+00,11.8067E+00,0.00000E+00,0.00000E+00,4.8781E+00,0.00000E+00,0.00000E+00,10.6297E+00,0.00000E+00,0.00000E+00,4.8733E+00,0.00000E+00,0.00000E+00,18.3083E+00,0.0000E+00,0.0000E+00,3.4243E+00,0.0000E+00,0.0000E+00,13.476E+00,+99999.9E+99,+99999.9E+99,70.011E+00,+99999.9E+99,+99999.9E+99,1.05990E+03,0.00000E+03,0.00000E+03,0.00000E+03,0.00000E+03,0.00000E+03,1.16885E+03,0.00000E+03,0.00000E+03,0.00000E+03,0.00000E+03,0.00000E+03,0.49277E+03,0.00000E+03,0.00000E+03,0.00000E+03,0.00000E+03,0.00000E+03,0.90679E+00,0.00000E+00,0.00000E+00,0.91982E+00,0.34063E+00,0.97394E+00,0.000E+00,14.591E+00,169.200E+00,156.900E+00,-95.324E+00,-23.909E+00,24.935E+00,90.000E+00,90.000E+00,12.6014E+00,0.00000E+00,0.00000E+00,79.463E+00,100.000E+00,100.000E+00,0.21767E+03,0.00000E+03,0.00000E+03,+99999.9E+99,+99999.9E+99,+99999.9E+99,+99999.9E+99,+99999.9E+99,+99999.9E+99,+99999.9E+99,+99999.9E+99,+99999.9E+99,+99999.9E+99,+99999.9E+99,+99999.9E+99,1B00,0,0,0,1B00,76.5313E+00,76.6049E+00,76.5336E+00,76.5566E+00,72.3753E+00,72.7130E+00,72.4273E+00,72.5052E+00,76.5313E+00,76.6049E+00,76.5336E+00,0.0000E+00,0.0000E+00,0.0000E+00,72.4562E+00,72.2230E+00,72.2011E+00,105.759E+00,106.049E+00,105.923E+00,-105.093E+00,-105.004E+00,-104.343E+00,22.103E+00,21.062E+00,21.777E+00,+99999.9E+99,+99999.9E+99,+99999.9E+99,0.222E+00,9.5328E+00,9.0195E+00,9.1610E+00,9.2377E+00,8.1688E+00,7.7516E+00,7.7947E+00,7.9050E+00,9.5314E+00,9.0168E+00,9.1529E+00,-0.1621E+00,-0.2211E+00,0.3842E+00,7.4348E+00,7.9021E+00,8.0869E+00,26.1876E+00,24.2324E+00,25.0933E+00,-26.6614E+00,-25.3295E+00,-22.4181E+00,54.270E+00,49.442E+00,48.465E+00,+99999.9E+99,+99999.9E+99,+99999.9E+99,5.145E+00,0.28811E+03,0.26989E+03,0.28422E+03,0.84223E+03,0.25749E+03,0.28074E+03,0.28268E+03,0.82091E+03,0.42367E+03,0.39984E+03,0.40609E+03,1.22961E+03,0.30257E+03,0.31424E+03,0.32937E+03,0.94550E+03,-0.31063E+03,-0.29502E+03,-0.29005E+03,-0.89570E+03,-0.15889E+03,-0.14119E+03,-0.16905E+03,-0.46913E+03,-0.68004E+00,-0.67499E+00,-0.69989E+00,-0.68495E+00,-0.85102E+00,-0.89338E+00,-0.85824E+00,-0.86823E+00,0.000E+00,120.122E+00,-120.097E+00,61.571E+00,176.812E+00,-59.101E+00,-47.153E+00,-47.547E+00,-45.582E+00,-46.768E+00,201.647E+00,201.934E+00,202.029E+00,94.801E+00,+99999.9E+99,+99999.9E+99,0.00004E+06,-0.00053E+06,0.00000E+00,10.087E+00,0.756E+03,0.00080E+06,43.772E+00,F0F08
2021/11/30,17:34:24,00000:00:49,550,38003F00,700,1F00,1F00,3F00,99.939E+00,0.000E+00,0.000E+00,111.003E+00,0.000E+00,0.000E+00,0.549E+00,0.000E+00,0.000E+00,99.938E+00,0.000E+00,0.000E+00,0.000E+00,0.000E+00,0.000E+00,101.032E+00,0.000E+00,0.000E+00,98.796E+00,0.000E+00,0.000E+00,20.818E+00,+99999.9E+99,348.619E+00,1.119E+00,+99999.9E+99,+99999.9E+99,11.6956E+00,0.00000E+00,0.00000E+00,11.8067E+00,0.00000E+00,0.00000E+00,4.8781E+00,0.00000E+00,0.00000E+00,10.6297E+00,0.00000E+00,0.00000E+00,4.8733E+00,0.00000E+00,0.00000E+00,18.3083E+00,0.0000E+00,0.0000E+00,3.4243E+00,0.0000E+00,0.0000E+00,13.476E+00,+99999.9E+99,+99999.9E+99,70.011E+00,+99999.9E+99,+99999.9E+99,1.05990E+03,0.00000E+03,0.00000E+03,0.00000E+03,0.00000E+03,0.00000E+03,1.16885E+03,0.00000E+03,0.00000E+03,0.00000E+03,0.00000E+03,0.00000E+03,0.49277E+03,0.00000E+03,0.00000E+03,0.00000E+03,0.00000E+03,0.00000E+03,0.90679E+00,0.00000E+00,0.00000E+00,0.91982E+00,0.34063E+00,0.97394E+00,0.000E+00,14.591E+00,169.200E+00,156.900E+00,-95.324E+00,-23.909E+00,24.935E+00,90.000E+00,90.000E+00,12.6014E+00,0.00000E+00,0.00000E+00,126.690E+00,100.000E+00,100.000E+00,-0.28289E+03,0.00000E+03,0.00000E+03,+99999.9E+99,+99999.9E+99,+99999.9E+99,+99999.9E+99,+99999.9E+99,+99999.9E+99,+99999.9E+99,+99999.9E+99,+99999.9E+99,+99999.9E+99,+99999.9E+99,+99999.9E+99,1B00,0,0,0,1B00,76.9713E+00,77.4550E+00,77.3092E+00,77.2452E+00,71.6410E+00,72.5220E+00,72.2657E+00,72.1429E+00,76.9713E+00,77.4550E+00,77.3092E+00,0.0000E+00,0.0000E+00,0.0000E+00,72.2847E+00,72.7488E+00,72.6123E+00,105.497E+00,106.043E+00,105.627E+00,-104.560E+00,-105.136E+00,-104.349E+00,20.261E+00,20.410E+00,20.752E+00,+99999.9E+99,+99999.9E+99,+99999.9E+99,0.384E+00,13.8684E+00,13.5525E+00,13.6915E+00,13.7041E+00,12.9653E+00,12.7718E+00,12.7355E+00,12.8242E+00,13.8675E+00,13.5504E+00,13.6856E+00,-0.1620E+00,-0.2388E+00,0.4021E+00,8.0282E+00,7.4279E+00,7.2713E+00,27.6452E+00,27.1238E+00,28.7181E+00,-26.5157E+00,-27.1052E+00,-26.1910E+00,47.105E+00,49.606E+00,51.559E+00,+99999.9E+99,+99999.9E+99,+99999.9E+99,7.009E+00,0.45141E+03,0.44039E+03,0.45099E+03,1.34279E+03,0.29190E+03,0.25441E+03,0.27403E+03,0.82034E+03,0.62409E+03,0.61054E+03,0.61918E+03,1.85381E+03,0.32598E+03,0.29436E+03,0.29713E+03,0.91621E+03,-0.43094E+03,-0.42287E+03,-0.42426E+03,-1.27808E+03,-0.14511E+03,-0.14806E+03,-0.11484E+03,-0.40802E+03,-0.72331E+00,-0.72131E+00,-0.72836E+00,-0.72434E+00,-0.89545E+00,-0.86429E+00,-0.92228E+00,-0.89537E+00,0.000E+00,119.903E+00,-119.729E+00,56.647E+00,-179.957E+00,-67.145E+00,-43.671E+00,-43.838E+00,-43.251E+00,-43.586E+00,201.538E+00,201.191E+00,200.907E+00,90.256E+00,+99999.9E+99,+99999.9E+99,0.00013E+06,-0.00077E+06,0.00000E+00,15.290E+00,0.757E+03,0.00121E+06,43.666E+00,F0F08
2021/11/30,17:34:24,00000:00:49,600,38003F00,500,1F00,1F00,3F00,99.939E+00,0.000E+00,0.000E+00,111.003E+00,0.000E+00,0.000E+00,0.549E+00,0.000E+00,0.000E+00,99.938E+00,0.000E+00,0.000E+00,0.000E+00,0.000E+00,0.000E+00,101.032E+00,0.000E+00,0.000E+00,98.796E+00,0.000E+00,0.000E+00,65.388E+00,+99999.9E+99,427.516E+00,1.119E+00,+99999.9E+99,+99999.9E+99,11.6956E+00,0.00000E+00,0.00000E+00,11.8067E+00,0.00000E+00,0.00000E+00,4.8781E+00,0.00000E+00,0.00000E+00,10.6297E+00,0.00000E+00,0.00000E+00,4.1829E+00,0.00000E+00,0.00000E+00,18.3083E+00,0.0000E+00,0.0000E+00,3.4243E+00,0.0000E+00,0.0000E+00,46.627E+00,+99999.9E+99,+99999.9E+99,70.011E+00,+99999.9E+99,+99999.9E+99,1.05990E+03,0.00000E+03,0.00000E+03,0.00000E+03,0.00000E+03,0.00000E+03,1.16885E+03,0.00000E+03,0.00000E+03,0.00000E+03,0.00000E+03,0.00000E+03,0.49277E+03,0.00000E+03,0.00000E+03,0.00000E+03,0.00000E+03,0.00000E+03,0.90679E+00,0.00000E+00,0.00000E+00,0.88561E+00,0.28954E+00,0.76065E+00,0.000E+00,154.708E+00,140.527E+00,152.327E+00,47.877E+00,-178.995E+00,24.935E+00,90.000E+00,90.000E+00,12.6014E+00,0.00000E+00,0.00000E+00,82.137E+00,100.000E+00,100.000E+00,0.18933E+03,0.00000E+03,0.00000E+03,+99999.9E+99,+99999.9E+99,+99999.9E+99,+99999.9E+99,+99999.9E+99,+99999.9E+99,+99999.9E+99,+99999.9E+99,+99999.9E+99,+99999.9E+99,+99999.9E+99,+99999.9E+99,1B00,0,0,0,1B00,76.6829E+00,76.6658E+00,76.3683E+00,76.5723E+00,72.5178E+00,72.6655E+00,72.0078E+00,72.3970E+00,76.6829E+00,76.6658E+00,76.3683E+00,0.0000E+00,0.0000E+00,0.0000E+00,70.2248E+00,70.2585E+00,70.1441E+00,105.817E+00,106.063E+00,105.753E+00,-104.449E+00,-104.684E+00,-104.514E+00,37.988E+00,37.575E+00,37.786E+00,+99999.9E+99,+99999.9E+99,+99999.9E+99,0.095E+00,9.6456E+00,9.2229E+00,9.8198E+00,9.5628E+00,8.4216E+00,8.0648E+00,8.4606E+00,8.3157E+00,9.6449E+00,9.2229E+00,9.8198E+00,-0.1134E+00,0.0000E+00,0.0000E+00,14.5167E+00,14.4332E+00,14.7608E+00,26.0229E+00,24.4124E+00,26.7690E+00,-24.9690E+00,-22.5933E+00,-26.0752E+00,41.306E+00,41.110E+00,39.771E+00,+99999.9E+99,+99999.9E+99,+99999.9E+99,1.513E+00,0.28515E+03,0.28266E+03,0.30275E+03,0.87057E+03,0.50504E+03,0.50863E+03,0.52017E+03,1.53385E+03,0.42877E+03,0.41037E+03,0.43554E+03,1.27469E+03,0.58579E+03,0.58152E+03,0.59607E+03,1.76328E+03,-0.32021E+03,-0.29750E+03,-0.31311E+03,-0.93083E+03,-0.29679E+03,-0.28189E+03,-0.29107E+03,-0.86974E+03,-0.66504E+00,-0.68880E+00,-0.69511E+00,-0.68296E+00,-0.86216E+00,-0.87466E+00,-0.87267E+00,-0.86989E+00,0.000E+00,120.081E+00,-119.936E+00,60.455E+00,179.028E+00,-60.673E+00,-48.314E+00,-46.465E+00,-45.964E+00,-46.924E+00,201.905E+00,202.235E+00,202.501E+00,92.092E+00,+99999.9E+99,+99999.9E+99,0.00007E+06,-0.00052E+06,0.00000E+00,10.126E+00,0.756E+03,0.00080E+06,43.833E+00,F0F08
2021/11/30,17:34:24,00000:00:49,650,38003F00,2A00,3B00,3B00,3F00,99.987E+00,0.000E+00,0.000E+00,111.057E+00,0.000E+00,0.000E+00,0.497E+00,0.000E+00,0.000E+00,99.986E+00,0.000E+00,0.000E+00,0.000E+00,0.000E+00,0.000E+00,101.014E+00,0.000E+00,0.000E+00,98.836E+00,0.000E+00,0.000E+00,65.388E+00,+99999.9E+99,427.516E+00,1.089E+00,+99999.9E+99,+99999.9E+99,11.4788E+00,0.00000E+00,0.00000E+00,11.6875E+00,0.00000E+00,0.00000E+00,4.5869E+00,0.00000E+00,0.00000E+00,10.5225E+00,0.00000E+00,0.00000E+00,4.1829E+00,0.00000E+00,0.00000E+00,18.4700E+00,0.0000E+00,0.0000E+00,3.4124E+00,0.0000E+00,0.0000E+00,46.627E+00,+99999.9E+99,+99999.9E+99,71.550E+00,+99999.9E+99,+99999.9E+99,1.05006E+03,0.00000E+03,0.00000E+03,0.00000E+03,0.00000E+03,0.00000E+03,1.14773E+03,0.00000E+03,0.00000E+03,0.00000E+03,0.00000E+03,0.00000E+03,0.46331E+03,0.00000E+03,0.00000E+03,0.00000E+03,0.00000E+03,0.00000E+03,0.91490E+00,0.00000E+00,0.00000E+00,0.88561E+00,0.28954E+00,0.76065E+00,0.000E+00,154.708E+00,140.527E+00,152.327E+00,47.877E+00,-178.995E+00,23.808E+00,90.000E+00,90.000E+00,0.00000E+00,0.00000E+00,0.00000E+00,95.157E+00,100.000E+00,100.000E+00,0.05086E+03,0.00000E+03,0.00000E+03,+99999.9E+99,+99999.9E+99,+99999.9E+99,+99999.9E+99,+99999.9E+99,+99999.9E+99,+99999.9E+99,+99999.9E+99,+99999.9E+99,+99999.9E+99,+99999.9E+99,+99999.9E+99,1B00,0,0,0,1B00,76.5999E+00,76.8117E+00,76.8023E+00,76.7380E+00,72.1430E+00,72.6645E+00,72.5530E+00,72.4535E+00,76.5999E+00,76.8117E+00,76.8023E+00,0.0000E+00,0.0000E+00,0.0000E+00,73.0143E+00,73.0085E+00,72.9064E+00,105.766E+00,106.143E+00,105.819E+00,-104.761E+00,-104.439E+00,-104.620E+00,15.561E+00,15.446E+00,15.427E+00,+99999.9E+99,+99999.9E+99,+99999.9E+99,0.095E+00,11.1146E+00,10.8151E+00,10.7747E+00,10.9015E+00,9.5984E+00,9.3402E+00,9.2697E+00,9.4028E+00,11.1136E+00,10.8117E+00,10.7666E+00,-0.1430E+00,-0.2740E+00,0.4181E+00,5.3361E+00,5.2457E+00,5.6352E+00,27.7919E+00,26.9329E+00,28.1143E+00,-26.6614E+00,-27.1100E+00,-25.7343E+00,57.255E+00,56.697E+00,52.680E+00,+99999.9E+99,+99999.9E+99,+99999.9E+99,3.260E+00,0.34065E+03,0.32372E+03,0.33483E+03,0.99920E+03,0.19105E+03,0.19646E+03,0.20369E+03,0.59120E+03,0.49586E+03,0.48149E+03,0.48065E+03,1.45800E+03,0.21979E+03,0.21913E+03,0.23006E+03,0.66879E+03,-0.36033E+03,-0.35643E+03,-0.34483E+03,-1.06159E+03,-0.10865E+03,-0.09707E+03,-0.10695E+03,-0.31268E+03,-0.68698E+00,-0.67233E+00,-0.69663E+00,-0.68532E+00,-0.86926E+00,-0.89652E+00,-0.88536E+00,-0.88398E+00,0.000E+00,120.091E+00,-119.962E+00,59.621E+00,176.343E+00,-62.209E+00,-46.608E+00,-47.753E+00,-45.843E+00,-46.739E+00,201.748E+00,201.205E+00,201.178E+00,92.837E+00,+99999.9E+99,+99999.9E+99,0.00007E+06,-0.00060E+06,0.00000E+00,11.717E+00,0.756E+03,0.00093E+06,43.791E+00,F0F08
2021/11/30,17:34:24,00000:00:49,700,38003D00,2D00,3C00,3C00,3800,99.987E+00,0.000E+00,0.000E+00,111.057E+00,0.000E+00,0.000E+00,0.497E+00,0.000E+00,0.000E+00,99.986E+00,0.000E+00,0.000E+00,0.000E+00,0.000E+00,0.000E+00,101.014E+00,0.000E+00,0.000E+00,98.836E+00,0.000E+00,0.000E+00,35.151E+00,+99999.9E+99,457.378E+00,1.089E+00,+99999.9E+99,+99999.9E+99,11.4788E+00,0.00000E+00,0.00000E+00,11.6875E+00,0.00000E+00,0.00000E+00,4.5869E+00,0.00000E+00,0.00000E+00,10.5225E+00,0.00000E+00,0.00000E+00,4.0903E+00,0.00000E+00,0.00000E+00,18.4700E+00,0.0000E+00,0.0000E+00,3.4124E+00,0.0000E+00,0.0000E+00,40.395E+00,463.382E+00,+99999.9E+99,71.550E+00,+99999.9E+99,+99999.9E+99,1.05006E+03,0.00000E+03,0.00000E+03,0.00000E+03,0.00000E+03,0.00000E+03,1.14773E+03,0.00000E+03,0.00000E+03,0.00000E+03,0.00000E+03,0.00000E+03,0.46331E+03,0.00000E+03,0.00000E+03,0.00000E+03,0.00000E+03,0.00000E+03,0.91490E+00,0.00000E+00,0.00000E+00,0.93370E+00,0.19558E+00,0.99726E+00,0.000E+00,33.907E+00,150.995E+00,159.019E+00,-67.372E+00,-33.245E+00,23.808E+00,90.000E+00,90.000E+00,0.00000E+00,0.00000E+00,0.00000E+00,129.813E+00,100.000E+00,100.000E+00,-0.31306E+03,0.00000E+03,0.00000E+03,+99999.9E+99,+99999.9E+99,+99999.9E+99,+99999.9E+99,+99999.9E+99,+99999.9E+99,+99999.9E+99,+99999.9E+99,+99999.9E+99,+99999.9E+99,+99999.9E+99,+99999.9E+99,1B00,0,0,0,1B00,76.9899E+00,77.4572E+00,77.3167E+00,77.2546E+00,71.7055E+00,72.5879E+00,72.3175E+00,72.2036E+00,76.9899E+00,77.4572E+00,77.3167E+00,0.0000E+00,0.0000E+00,0.0000E+00,70.9708E+00,71.6603E+00,71.4537E+00,105.700E+00,105.927E+00,105.637E+00,-104.614E+00,-104.639E+00,-104.873E+00,30.438E+00,30.640E+00,30.582E+00,+99999.9E+99,+99999.9E+99,+99999.9E+99,0.566E+00,14.0060E+00,13.6793E+00,13.8233E+00,13.8362E+00,13.0874E+00,12.8891E+00,12.8601E+00,12.9455E+00,14.0052E+00,13.6771E+00,13.8177E+00,-0.1510E+00,-0.2427E+00,0.3947E+00,12.5452E+00,11.4064E+00,11.5567E+00,27.6776E+00,27.1952E+00,28.5938E+00,-26.6848E+00,-26.9167E+00,-26.7652E+00,40.659E+00,43.954E+00,43.915E+00,+99999.9E+99,+99999.9E+99,+99999.9E+99,5.956E+00,0.45846E+03,0.44681E+03,0.45785E+03,1.36312E+03,0.45102E+03,0.40086E+03,0.42836E+03,1.28024E+03,0.63087E+03,0.61643E+03,0.62523E+03,1.87252E+03,0.50505E+03,0.46400E+03,0.46799E+03,1.43553E+03,-0.43336E+03,-0.42467E+03,-0.42578E+03,-1.28381E+03,-0.22727E+03,-0.23368E+03,-0.18846E+03,-0.64941E+03,-0.72672E+00,-0.72484E+00,-0.73229E+00,-0.72796E+00,-0.89303E+00,-0.86392E+00,-0.91533E+00,-0.89182E+00,0.000E+00,119.877E+00,-119.588E+00,57.061E+00,-179.980E+00,-66.060E+00,-43.388E+00,-43.545E+00,-42.921E+00,-43.284E+00,201.330E+00,202.081E+00,201.849E+00,89.818E+00,+99999.9E+99,+99999.9E+99,0.00014E+06,-0.00078E+06,0.00000E+00,15.441E+00,0.757E+03,0.00122E+06,43.588E+00,F0F08
2021/11/30,17:34:24,00000:00:49,750,38003F00,2800,3B00,3B00,3F00,99.856E+00,0.000E+00,0.000E+00,110.911E+00,0.000E+00,0.000E+00,0.544E+00,0.000E+00,0.000E+00,99.855E+00,0.000E+00,0.000E+00,0.000E+00,0.000E+00,0.000E+00,101.068E+00,0.000E+00,0.000E+00,98.804E+00,0.000E+00,0.000E+00,35.151E+00,+99999.9E+99,457.378E+00,1.134E+00,+99999.9E+99,+99999.9E+99,12.7038E+00,0.00000E+00,0.00000E+00,13.2064E+00,0.00000E+00,0.00000E+00,4.4740E+00,0.00000E+00,0.00000E+00,11.8899E+00,0.00000E+00,0.00000E+00,4.0903E+00,0.00000E+00,0.00000E+00,18.2133E+00,0.0000E+00,0.0000E+00,3.4029E+00,0.0000E+00,0.0000E+00,40.395E+00,463.382E+00,+99999.9E+99,62.282E+00,+99999.9E+99,+99999.9E+99,1.18507E+03,0.00000E+03,0.00000E+03,0.00000E+03,0.00000E+03,0.00000E+03,1.26855E+03,0.00000E+03,0.00000E+03,0.00000E+03,0.00000E+03,0.00000E+03,0.45259E+03,0.00000E+03,0.00000E+03,0.00000E+03,0.00000E+03,0.00000E+03,0.93419E+00,0.00000E+00,0.00000E+00,0.93370E+00,0.19558E+00,0.99726E+00,0.000E+00,33.907E+00,150.995E+00,159.019E+00,-67.372E+00,-33.245E+00,20.902E+00,90.000E+00,90.000E+00,15.0512E+00,0.00000E+00,0.00000E+00,72.386E+00,100.000E+00,100.000E+00,0.32724E+03,0.00000E+03,0.00000E+03,+99999.9E+99,+99999.9E+99,+99999.9E+99,+99999.9E+99,+99999.9E+99,+99999.9E+99,+99999.9E+99,+99999.9E+99,+99999.9E+99,+99999.9E+99,+99999.9E+99,+99999.9E+99,1B00,0,0,0,1B00,76.6958E+00,76.6415E+00,76.3698E+00,76.5690E+00,72.5224E+00,72.6028E+00,71.9610E+00,72.3621E+00,76.6958E+00,76.6414E+00,76.3698E+00,0.0000E+00,0.0000E+00,0.0000E+00,70.7278E+00,70.6277E+00,70.4702E+00,105.823E+00,106.116E+00,105.771E+00,-104.359E+00,-104.503E+00,-104.661E+00,35.866E+00,35.383E+00,35.886E+00,+99999.9E+99,+99999.9E+99,+99999.9E+99,0.214E+00,9.7000E+00,9.2840E+00,9.9071E+00,9.6304E+00,8.3227E+00,7.9723E+00,8.3847E+00,8.2266E+00,9.7000E+00,9.2840E+00,9.9071E+00,0.0000E+00,0.0000E+00,0.0000E+00,13.4565E+00,13.5130E+00,14.0664E+00,26.5076E+00,24.8648E+00,27.2329E+00,-25.6748E+00,-23.4690E+00,-26.8038E+00,42.742E+00,41.915E+00,40.068E+00,+99999.9E+99,+99999.9E+99,+99999.9E+99,2.559E+00,0.28018E+03,0.27890E+03,0.29875E+03,0.85783E+03,0.46959E+03,0.48536E+03,0.49404E+03,1.44898E+03,0.43120E+03,0.41290E+03,0.43934E+03,1.28343E+03,0.54423E+03,0.54784E+03,0.56552E+03,1.65729E+03,-0.32777E+03,-0.30446E+03,-0.32213E+03,-0.95436E+03,-0.27510E+03,-0.25409E+03,-0.27521E+03,-0.80440E+03,-0.64977E+00,-0.67547E+00,-0.68000E+00,-0.66839E+00,-0.86284E+00,-0.88594E+00,-0.87360E+00,-0.87431E+00,0.000E+00,120.188E+00,-119.986E+00,60.309E+00,177.752E+00,-60.744E+00,-49.476E+00,-47.509E+00,-47.156E+00,-48.057E+00,202.343E+00,201.702E+00,201.929E+00,92.241E+00,+99999.9E+99,+99999.9E+99,0.00007E+06,-0.00051E+06,0.00000E+00,9.990E+00,0.756E+03,0.00079E+06,43.931E+00,F0F08
2021/11/30,17:34:25,00000:00:49,800,38003F00,0,1B00,1B00,3F00,99.928E+00,0.000E+00,0.000E+00,110.990E+00,0.000E+00,0.000E+00,0.524E+00,0.000E+00,0.000E+00,99.926E+00,0.000E+00,0.000E+00,0.000E+00,0.000E+00,0.000E+00,100.993E+00,0.000E+00,0.000E+00,98.779E+00,0.000E+00,0.000E+00,23.202E+00,+99999.9E+99,+99999.9E+99,1.108E+00,+99999.9E+99,+99999.9E+99,11.8165E+00,0.00000E+00,0.00000E+00,12.0280E+00,0.00000E+00,0.00000E+00,4.7288E+00,0.00000E+00,0.00000E+00,10.8290E+00,0.00000E+00,0.00000E+00,4.5324E+00,0.00000E+00,0.00000E+00,18.2764E+00,0.0000E+00,0.0000E+00,3.4181E+00,0.0000E+00,0.0000E+00,10.747E+00,+99999.9E+99,+99999.9E+99,68.604E+00,+99999.9E+99,+99999.9E+99,1.07989E+03,0.00000E+03,0.00000E+03,0.00000E+03,0.00000E+03,0.00000E+03,1.18080E+03,0.00000E+03,0.00000E+03,0.00000E+03,0.00000E+03,0.00000E+03,0.47762E+03,0.00000E+03,0.00000E+03,0.00000E+03,0.00000E+03,0.00000E+03,0.91454E+00,0.00000E+00,0.00000E+00,0.90225E+00,0.01345E+00,0.24186E+00,0.000E+00,-172.139E+00,143.037E+00,154.456E+00,98.631E+00,67.033E+00,23.859E+00,90.000E+00,90.000E+00,12.5882E+00,0.00000E+00,0.00000E+00,96.219E+00,100.000E+00,100.000E+00,0.04083E+03,0.00000E+03,0.00000E+03,+99999.9E+99,+99999.9E+99,+99999.9E+99,+99999.9E+99,+99999.9E+99,+99999.9E+99,+99999.9E+99,+99999.9E+99,+99999.9E+99,+99999.9E+99,+99999.9E+99,+99999.9E+99,1B00,0,0,0,1B00,76.5240E+00,76.9936E+00,77.0210E+00,76.8462E+00,71.8182E+00,72.7235E+00,72.7510E+00,72.4309E+00,76.5240E+00,76.9936E+00,77.0210E+00,0.0000E+00,0.0000E+00,0.0000E+00,73.1140E+00,73.2018E+00,73.1041E+00,105.719E+00,106.083E+00,105.701E+00,-104.724E+00,-104.614E+00,-104.484E+00,13.553E+00,13.558E+00,13.715E+00,+99999.9E+99,+99999.9E+99,+99999.9E+99,0.081E+00,11.6941E+00,11.4440E+00,11.2328E+00,11.4570E+00,10.0224E+00,9.8751E+00,9.5688E+00,9.8221E+00,11.6928E+00,11.4373E+00,11.2187E+00,-0.1719E+00,-0.3911E+00,0.5642E+00,4.4982E+00,4.2714E+00,4.4919E+00,27.6724E+00,27.2981E+00,28.4757E+00,-26.7248E+00,-27.0033E+00,-26.0343E+00,61.982E+00,63.689E+00,59.724E+00,+99999.9E+99,+99999.9E+99,+99999.9E+99,2.385E+00,0.35807E+03,0.33830E+03,0.34269E+03,1.03905E+03,0.15744E+03,0.15514E+03,0.16266E+03,0.47525E+03,0.52197E+03,0.50995E+03,0.50308E+03,1.53501E+03,0.18437E+03,0.17884E+03,0.18601E+03,0.54914E+03,-0.37979E+03,-0.38158E+03,-0.36832E+03,-1.12969E+03,-0.09593E+03,-0.08897E+03,-0.09022E+03,-0.27513E+03,-0.68600E+00,-0.66339E+00,-0.68117E+00,-0.67691E+00,-0.85396E+00,-0.86747E+00,-0.87448E+00,-0.86544E+00,0.000E+00,120.046E+00,-119.921E+00,61.391E+00,179.838E+00,-60.899E+00,-46.686E+00,-48.441E+00,-47.065E+00,-47.398E+00,201.274E+00,202.082E+00,201.595E+00,92.948E+00,+99999.9E+99,+99999.9E+99,0.00007E+06,-0.00063E+06,0.00000E+00,12.193E+00,0.756E+03,0.00097E+06,43.630E+00,F0F0F
2021/11/30,17:34:25,00000:00:49,850,38003F00,700,1F00,1F00,3F00,99.928E+00,0.000E+00,0.000E+00,110.990E+00,0.000E+00,0.000E+00,0.524E+00,0.000E+00,0.000E+00,99.926E+00,0.000E+00,0.000E+00,0.000E+00,0.000E+00,0.000E+00,100.993E+00,0.000E+00,0.000E+00,98.779E+00,0.000E+00,0.000E+00,20.741E+00,+99999.9E+99,+99999.9E+99,1.108E+00,+99999.9E+99,+99999.9E+99,11.8165E+00,0.00000E+00,0.00000E+00,12.0280E+00,0.00000E+00,0.00000E+00,4.7288E+00,0.00000E+00,0.00000E+00,10.8290E+00,0.00000E+00,0.00000E+00,4.7150E+00,0.00000E+00,0.00000E+00,18.2764E+00,0.0000E+00,0.0000E+00,3.4181E+00,0.0000E+00,0.0000E+00,7.629E+00,+99999.9E+99,+99999.9E+99,68.604E+00,+99999.9E+99,+99999.9E+99,1.07989E+03,0.00000E+03,0.00000E+03,0.00000E+03,0.00000E+03,0.00000E+03,1.18080E+03,0.00000E+03,0.00000E+03,0.00000E+03,0.00000E+03,0.00000E+03,0.47762E+03,0.00000E+03,0.00000E+03,0.00000E+03,0.00000E+03,0.00000E+03,0.91454E+00,0.00000E+00,0.00000E+00,0.90512E+00,0.58225E+00,0.40151E+00,0.000E+00,-127.397E+00,-176.963E+00,154.839E+00,106.995E+00,69.365E+00,23.859E+00,90.000E+00,90.000E+00,12.5882E+00,0.00000E+00,0.00000E+00,119.622E+00,100.000E+00,100.000E+00,-0.21190E+03,0.00000E+03,0.00000E+03,+99999.9E+99,+99999.9E+99,+99999.9E+99,+99999.9E+99,+99999.9E+99,+99999.9E+99,+99999.9E+99,+99999.9E+99,+99999.9E+99,+99999.9E+99,+99999.9E+99,+99999.9E+99,1B00,0,0,0,1B00,77.1898E+00,77.2030E+00,76.9971E+00,77.1300E+00,72.1920E+00,72.4083E+00,71.8840E+00,72.1614E+00,77.1898E+00,77.2030E+00,76.9971E+00,0.0000E+00,0.0000E+00,0.0000E+00,70.4416E+00,71.0409E+00,70.9409E+00,105.421E+00,105.739E+00,105.460E+00,-104.513E+00,-104.329E+00,-104.860E+00,34.716E+00,34.706E+00,34.619E+00,+99999.9E+99,+99999.9E+99,+99999.9E+99,0.525E+00,13.6135E+00,13.1617E+00,13.5569E+00,13.4441E+00,12.5017E+00,12.0613E+00,12.4385E+00,12.3338E+00,13.6126E+00,13.1617E+00,13.5556E+00,-0.1581E+00,0.0000E+00,0.1866E+00,14.1391E+00,13.1929E+00,13.1628E+00,27.6138E+00,27.1529E+00,28.4386E+00,-26.7552E+00,-27.0224E+00,-26.4257E+00,39.531E+00,41.928E+00,42.125E+00,+99999.9E+99,+99999.9E+99,+99999.9E+99,4.548E+00,0.42846E+03,0.41948E+03,0.44384E+03,1.29178E+03,0.50524E+03,0.46060E+03,0.48600E+03,1.45183E+03,0.61344E+03,0.59268E+03,0.60933E+03,1.81545E+03,0.56955E+03,0.53325E+03,0.53765E+03,1.63945E+03,-0.43902E+03,-0.41869E+03,-0.41748E+03,-1.27518E+03,-0.26291E+03,-0.26872E+03,-0.22993E+03,-0.76156E+03,-0.69845E+00,-0.70778E+00,-0.72841E+00,-0.71155E+00,-0.88708E+00,-0.86375E+00,-0.90394E+00,-0.88556E+00,0.000E+00,119.818E+00,-119.670E+00,57.773E+00,-179.973E+00,-64.582E+00,-45.697E+00,-44.946E+00,-43.247E+00,-44.639E+00,201.997E+00,201.344E+00,201.794E+00,89.608E+00,+99999.9E+99,+99999.9E+99,0.00013E+06,-0.00074E+06,0.00000E+00,14.597E+00,0.757E+03,0.00116E+06,43.767E+00,F0F08
2021/11/30,17:34:25,00000:00:49,900,38003D00,500,1C00,1C00,3800,99.928E+00,0.000E+00,0.000E+00,110.990E+00,0.000E+00,0.000E+00,0.524E+00,0.000E+00,0.000E+00,99.926E+00,0.000E+00,0.000E+00,0.000E+00,0.000E+00,0.000E+00,100.993E+00,0.000E+00,0.000E+00,98.779E+00,0.000E+00,0.000E+00,20.741E+00,+99999.9E+99,+99999.9E+99,1.108E+00,+99999.9E+99,+99999.9E+99,11.8165E+00,0.00000E+00,0.00000E+00,12.0280E+00,0.00000E+00,0.00000E+00,4.7288E+00,0.00000E+00,0.00000E+00,10.8290E+00,0.00000E+00,0.00000E+00,4.7150E+00,0.00000E+00,0.00000E+00,18.2764E+00,0.0000E+00,0.0000E+00,3.4181E+00,0.0000E+00,0.0000E+00,7.629E+00,+99999.9E+99,+99999.9E+99,68.604E+00,+99999.9E+99,+99999.9E+99,1.07989E+03,0.00000E+03,0.00000E+03,0.00000E+03,0.00000E+03,0.00000E+03,1.18080E+03,0.00000E+03,0.00000E+03,0.00000E+03,0.00000E+03,0.00000E+03,0.47762E+03,0.00000E+03,0.00000E+03,0.00000E+03,0.00000E+03,0.00000E+03,0.91454E+00,0.00000E+00,0.00000E+00,0.90512E+00,0.58225E+00,0.40151E+00,0.000E+00,-127.397E+00,-176.963E+00,154.839E+00,106.995E+00,69.365E+00,23.859E+00,90.000E+00,90.000E+00,12.5882E+00,0.00000E+00,0.00000E+00,72.180E+00,100.000E+00,100.000E+00,0.30042E+03,0.00000E+03,0.00000E+03,+99999.9E+99,+99999.9E+99,+99999.9E+99,+99999.9E+99,+99999.9E+99,+99999.9E+99,+99999.9E+99,+99999.9E+99,+99999.9E+99,+99999.9E+99,+99999.9E+99,+99999.9E+99,1B00,0,0,0,1B00,76.2730E+00,76.6263E+00,76.4972E+00,76.4655E+00,72.1898E+00,72.8784E+00,72.6201E+00,72.5627E+00,76.2730E+00,76.6263E+00,76.4972E+00,0.0000E+00,0.0000E+00,0.0000E+00,71.9078E+00,71.7524E+00,71.6753E+00,105.793E+00,106.074E+00,105.811E+00,-104.637E+00,-104.693E+00,-105.103E+00,27.113E+00,26.152E+00,26.800E+00,+99999.9E+99,+99999.9E+99,+99999.9E+99,0.191E+00,8.2781E+00,8.2127E+00,8.1624E+00,8.2177E+00,7.3740E+00,7.3251E+00,7.2686E+00,7.3226E+00,8.2774E+00,8.2119E+00,8.1591E+00,-0.1147E+00,-0.1163E+00,0.2319E+00,9.7097E+00,9.8853E+00,10.2347E+00,22.1100E+00,20.8900E+00,20.4067E+00,-18.8195E+00,-19.2338E+00,-19.7624E+00,48.438E+00,46.042E+00,44.468E+00,+99999.9E+99,+99999.9E+99,+99999.9E+99,4.293E+00,0.26151E+03,0.25579E+03,0.26217E+03,0.77947E+03,0.33493E+03,0.35868E+03,0.36288E+03,1.05650E+03,0.36622E+03,0.36363E+03,0.36231E+03,1.09215E+03,0.38977E+03,0.40087E+03,0.41831E+03,1.20835E+03,-0.25638E+03,-0.25845E+03,-0.25007E+03,-0.76490E+03,-0.19936E+03,-0.17902E+03,-0.20808E+03,-0.58646E+03,-0.71407E+00,-0.70345E+00,-0.72360E+00,-0.71370E+00,-0.85930E+00,-0.89474E+00,-0.86750E+00,-0.87433E+00,0.000E+00,120.143E+00,-120.033E+00,60.691E+00,176.631E+00,-60.095E+00,-44.433E+00,-45.296E+00,-43.647E+00,-44.464E+00,201.661E+00,201.957E+00,201.945E+00,94.857E+00,+99999.9E+99,+99999.9E+99,0.00004E+06,-0.00048E+06,0.00000E+00,9.341E+00,0.756E+03,0.00074E+06,43.776E+00,F0F08
2021/11/30,17:34:25,00000:00:49,950,38003F00,700,1F00,1F00,3F00,99.928E+00,0.000E+00,0.000E+00,110.990E+00,0.000E+00,0.000E+00,0.524E+00,0.000E+00,0.000E+00,99.926E+00,0.000E+00,0.000E+00,0.000E+00,0.000E+00,0.000E+00,100.993E+00,0.000E+00,0.000E+00,98.779E+00,0.000E+00,0.000E+00,66.002E+00,+99999.9E+99,413.051E+00,1.108E+00,+99999.9E+99,+99999.9E+99,11.8165E+00,0.00000E+00,0.00000E+00,12.0280E+00,0.00000E+00,0.00000E+00,4.7288E+00,0.00000E+00,0.00000E+00,10.8290E+00,0.00000E+00,0.00000E+00,4.1076E+00,0.00000E+00,0.00000E+00,18.2764E+00,0.0000E+00,0.0000E+00,3.4181E+00,0.0000E+00,0.0000E+00,48.458E+00,+99999.9E+99,+99999.9E+99,68.604E+00,+99999.9E+99,+99999.9E+99,1.07989E+03,0.00000E+03,0.00000E+03,0.00000E+03,0.00000E+03,0.00000E+03,1.18080E+03,0.00000E+03,0.00000E+03,0.00000E+03,0.00000E+03,0.00000E+03,0.47762E+03,0.00000E+03,0.00000E+03,0.00000E+03,0.00000E+03,0.00000E+03,0.91454E+00,0.00000E+00,0.00000E+00,0.88923E+00,0.79906E+00,0.98450E+00,0.000E+00,156.283E+00,149.493E+00,152.776E+00,-166.757E+00,159.594E+00,23.859E+00,90.000E+00,90.000E+00,12.5882E+00,0.00000E+00,0.00000E+00,117.043E+00,100.000E+00,100.000E+00,-0.18405E+03,0.00000E+03,0.00000E+03,+99999.9E+99,+99999.9E+99,+99999.9E+99,+99999.9E+99,+99999.9E+99,+99999.9E+99,+99999.9E+99,+99999.9E+99,+99999.9E+99,+99999.9E+99,+99999.9E+99,+99999.9E+99,1B00,0,0,0,1B00,77.0996E+00,77.1527E+00,77.1212E+00,77.1245E+00,72.1800E+00,72.5004E+00,72.2994E+00,72.3266E+00,77.0996E+00,77.1527E+00,77.1212E+00,0.0000E+00,0.0000E+00,0.0000E+00,72.7006E+00,73.1084E+00,72.9736E+00,105.687E+00,106.033E+00,105.720E+00,-104.389E+00,-104.781E+00,-104.801E+00,16.413E+00,16.599E+00,16.945E+00,+99999.9E+99,+99999.9E+99,+99999.9E+99,0.336E+00,13.4460E+00,12.9766E+00,13.1658E+00,13.1961E+00,12.2441E+00,11.7652E+00,11.8236E+00,11.9443E+00,13.4449E+00,12.9722E+00,13.1557E+00,-0.1748E+00,-0.3386E+00,0.5145E+00,6.4965E+00,5.8211E+00,5.7191E+00,27.7062E+00,27.1148E+00,28.4881E+00,-26.6548E+00,-27.0248E+00,-26.4543E+00,49.331E+00,53.891E+00,54.539E+00,+99999.9E+99,+99999.9E+99,+99999.9E+99,6.973E+00,0.43015E+03,0.40799E+03,0.42579E+03,1.26393E+03,0.23393E+03,0.20417E+03,0.22016E+03,0.65826E+03,0.60599E+03,0.58307E+03,0.59135E+03,1.78041E+03,0.26117E+03,0.23564E+03,0.23840E+03,0.73424E+03,-0.42683E+03,-0.41655E+03,-0.41037E+03,-1.25375E+03,-0.11614E+03,-0.11766E+03,-0.09147E+03,-0.32527E+03,-0.70984E+00,-0.69973E+00,-0.72003E+00,-0.70991E+00,-0.89569E+00,-0.86642E+00,-0.92347E+00,-0.89652E+00,0.000E+00,119.936E+00,-119.749E+00,56.592E+00,179.827E+00,-67.313E+00,-44.778E+00,-45.595E+00,-43.943E+00,-44.772E+00,201.705E+00,201.366E+00,201.634E+00,90.627E+00,+99999.9E+99,+99999.9E+99,0.00012E+06,-0.00074E+06,0.00000E+00,14.449E+00,0.757E+03,0.00115E+06,43.703E+00,F0F08
2021/11/30,17:34:25,00000:00:50,0,38003F00,500,1F00,1F00,3F00,99.928E+00,0.000E+00,0.000E+00,110.990E+00,0.000E+00,0.000E+00,0.524E+00,0.000E+00,0.000E+00,99.926E+00,0.000E+00,0.000E+00,0.000E+00,0.000E+00,0.000E+00,100.993E+00,0.000E+00,0.000E+00,98.779E+00,0.000E+00,0.000E+00,66.002E+00,+99999.9E+99,413.051E+00,1.108E+00,+99999.9E+99,+99999.9E+99,11.8165E+00,0.00000E+00,0.00000E+00,12.0280E+00,0.00000E+00,0.00000E+00,4.7288E+00,0.00000E+00,0.00000E+00,10.8290E+00,0.00000E+00,0.00000E+00,4.1076E+00,0.00000E+00,0.00000E+00,18.2764E+00,0.0000E+00,0.0000E+00,3.4181E+00,0.0000E+00,0.0000E+00,48.458E+00,+99999.9E+99,+99999.9E+99,68.604E+00,+99999.9E+99,+99999.9E+99,1.07989E+03,0.00000E+03,0.00000E+03,0.00000E+03,0.00000E+03,0.00000E+03,1.18080E+03,0.00000E+03,0.00000E+03,0.00000E+03,0.00000E+03,0.00000E+03,0.47762E+03,0.00000E+03,0.00000E+03,0.00000E+03,0.00000E+03,0.00000E+03,0.91454E+00,0.00000E+00,0.00000E+00,0.88923E+00,0.79906E+00,0.98450E+00,0.000E+00,156.283E+00,149.493E+00,152.776E+00,-166.757E+00,159.594E+00,23.859E+00,90.000E+00,90.000E+00,12.5882E+00,0.00000E+00,0.00000E+00,101.285E+00,100.000E+00,100.000E+00,-0.01387E+03,0.00000E+03,0.00000E+03,+99999.9E+99,+99999.9E+99,+99999.9E+99,+99999.9E+99,+99999.9E+99,+99999.9E+99,+99999.9E+99,+99999.9E+99,+99999.9E+99,+99999.9E+99,+99999.9E+99,+99999.9E+99,1B00,0,0,0,1B00,76.7527E+00,77.1040E+00,76.8282E+00,76.8950E+00,72.0380E+00,72.6804E+00,72.1843E+00,72.3009E+00,76.7527E+00,77.1040E+00,76.8282E+00,0.0000E+00,0.0000E+00,0.0000E+00,70.0131E+00,70.2312E+00,70.1497E+00,105.421E+00,105.983E+00,105.520E+00,-104.467E+00,-104.899E+00,-104.557E+00,38.992E+00,38.815E+00,38.786E+00,+99999.9E+99,+99999.9E+99,+99999.9E+99,0.187E+00,11.9623E+00,11.8060E+00,12.0886E+00,11.9523E+00,10.4774E+00,10.4062E+00,10.5992E+00,10.4943E+00,11.9617E+00,11.8060E+00,12.0886E+00,-0.1236E+00,0.0000E+00,0.0000E+00,15.3901E+00,14.9790E+00,15.1713E+00,27.6552E+00,27.0814E+00,28.5757E+00,-26.2938E+00,-27.2643E+00,-26.6505E+00,39.414E+00,40.423E+00,39.501E+00,+99999.9E+99,+99999.9E+99,+99999.9E+99,1.649E+00,0.35880E+03,0.36126E+03,0.37371E+03,1.09376E+03,0.54313E+03,0.52716E+03,0.54363E+03,1.61392E+03,0.53439E+03,0.52899E+03,0.54244E+03,1.60583E+03,0.62109E+03,0.60424E+03,0.61382E+03,1.83901E+03,-0.39603E+03,-0.38643E+03,-0.39318E+03,-1.17564E+03,-0.30127E+03,-0.29531E+03,-0.28504E+03,-0.88161E+03,-0.67141E+00,-0.68292E+00,-0.68893E+00,-0.68112E+00,-0.87448E+00,-0.87243E+00,-0.88565E+00,-0.87760E+00,0.000E+00,119.968E+00,-119.859E+00,59.121E+00,179.189E+00,-62.257E+00,-47.824E+00,-46.928E+00,-46.454E+00,-47.069E+00,201.962E+00,202.323E+00,201.851E+00,90.382E+00,+99999.9E+99,+99999.9E+99,0.00011E+06,-0.00063E+06,0.00000E+00,12.471E+00,0.757E+03,0.00099E+06,43.780E+00,F0F08
2021/11/30,17:34:25,00000:00:50,50,38003F00,2A00,3B00,3B00,3F00,99.861E+00,0.000E+00,0.000E+00,110.916E+00,0.000E+00,0.000E+00,0.507E+00,0.000E+00,0.000E+00,99.859E+00,0.000E+00,0.000E+00,0.000E+00,0.000E+00,0.000E+00,100.925E+00,0.000E+00,0.000E+00,98.779E+00,0.000E+00,0.000E+00,66.002E+00,+99999.9E+99,413.051E+00,1.075E+00,+99999.9E+99,+99999.9E+99,12.1420E+00,0.00000E+00,0.00000E+00,12.4404E+00,0.00000E+00,0.00000E+00,4.6884E+00,0.00000E+00,0.00000E+00,11.2003E+00,0.00000E+00,0.00000E+00,4.1076E+00,0.00000E+00,0.00000E+00,18.2495E+00,0.0000E+00,0.0000E+00,3.3714E+00,0.0000E+00,0.0000E+00,48.458E+00,+99999.9E+99,+99999.9E+99,66.418E+00,+99999.9E+99,+99999.9E+99,1.11632E+03,0.00000E+03,0.00000E+03,0.00000E+03,0.00000E+03,0.00000E+03,1.21251E+03,0.00000E+03,0.00000E+03,0.00000E+03,0.00000E+03,0.00000E+03,0.47328E+03,0.00000E+03,0.00000E+03,0.00000E+03,0.00000E+03,0.00000E+03,0.92067E+00,0.00000E+00,0.00000E+00,0.88923E+00,0.79906E+00,0.98450E+00,0.000E+00,156.283E+00,149.493E+00,152.776E+00,-166.757E+00,159.594E+00,22.975E+00,90.000E+00,90.000E+00,0.00000E+00,0.00000E+00,0.00000E+00,74.915E+00,100.000E+00,100.000E+00,0.28003E+03,0.00000E+03,0.00000E+03,+99999.9E+99,+99999.9E+99,+99999.9E+99,+99999.9E+99,+99999.9E+99,+99999.9E+99,+99999.9E+99,+99999.9E+99,+99999.9E+99,+99999.9E+99,+99999.9E+99,+99999.9E+99,1B00,0,0,0,1B00,76.5248E+00,76.6343E+00,76.5526E+00,76.5706E+00,72.3430E+00,72.7212E+00,72.4325E+00,72.4989E+00,76.5248E+00,76.6343E+00,76.5526E+00,0.0000E+00,0.0000E+00,0.0000E+00,72.8724E+00,72.7049E+00,72.6466E+00,105.826E+00,106.193E+00,105.813E+00,-104.320E+00,-104.911E+00,-104.234E+00,18.393E+00,17.948E+00,17.942E+00,+99999.9E+99,+99999.9E+99,+99999.9E+99,0.188E+00,9.4344E+00,8.9695E+00,9.0922E+00,9.1654E+00,8.1278E+00,7.7384E+00,7.7595E+00,7.8752E+00,9.4334E+00,8.9656E+00,9.0834E+00,-0.1343E+00,-0.2656E+00,0.4009E+00,6.1426E+00,6.4498E+00,6.8336E+00,26.1357E+00,24.1281E+00,25.2833E+00,-26.4319E+00,-25.4414E+00,-22.4062E+00,56.708E+00,52.618E+00,49.865E+00,+99999.9E+99,+99999.9E+99,+99999.9E+99,4.712E+00,0.28605E+03,0.26836E+03,0.28189E+03,0.83629E+03,0.22060E+03,0.23695E+03,0.24097E+03,0.69852E+03,0.41919E+03,0.39768E+03,0.40325E+03,1.22013E+03,0.25574E+03,0.26294E+03,0.27616E+03,0.79436E+03,-0.30643E+03,-0.29349E+03,-0.28836E+03,-0.88828E+03,-0.12937E+03,-0.11398E+03,-0.13490E+03,-0.37825E+03,-0.68238E+00,-0.67480E+00,-0.69903E+00,-0.68541E+00,-0.86261E+00,-0.90115E+00,-0.87258E+00,-0.87935E+00,0.000E+00,120.124E+00,-120.055E+00,60.311E+00,175.790E+00,-60.713E+00,-46.970E+00,-47.561E+00,-45.650E+00,-46.732E+00,201.977E+00,201.382E+00,202.087E+00,94.326E+00,+99999.9E+99,+99999.9E+99,0.00005E+06,-0.00052E+06,0.00000E+00,9.960E+00,0.756E+03,0.00079E+06,43.829E+00,F0F08
2021/11/30,17:34:25,00000:00:50,100,38003D00,2D00,3C00,3C00,3800,99.861E+00,0.000E+00,0.000E+00,110.916E+00,0.000E+00,0.000E+00,0.507E+00,0.000E+00,0.000E+00,99.859E+00,0.000E+00,0.000E+00,0.000E+00,0.000E+00,0.000E+00,100.925E+00,0.000E+00,0.000E+00,98.779E+00,0.000E+00,0.000E+00,36.403E+00,+99999.9E+99,+99999.9E+99,1.075E+00,+99999.9E+99,+99999.9E+99,12.1420E+00,0.00000E+00,0.00000E+00,12.4404E+00,0.00000E+00,0.00000E+00,4.6884E+00,0.00000E+00,0.00000E+00,11.2003E+00,0.00000E+00,0.00000E+00,4.1471E+00,0.00000E+00,0.00000E+00,18.2495E+00,0.0000E+00,0.0000E+00,3.3714E+00,0.0000E+00,0.0000E+00,45.219E+00,+99999.9E+99,+99999.9E+99,66.418E+00,+99999.9E+99,+99999.9E+99,1.11632E+03,0.00000E+03,0.00000E+03,0.00000E+03,0.00000E+03,0.00000E+03,1.21251E+03,0.00000E+03,0.00000E+03,0.00000E+03,0.00000E+03,0.00000E+03,0.47328E+03,0.00000E+03,0.00000E+03,0.00000E+03,0.00000E+03,0.00000E+03,0.92067E+00,0.00000E+00,0.00000E+00,0.93061E+00,0.65021E+00,0.91622E+00,0.000E+00,-54.369E+00,157.948E+00,158.530E+00,76.188E+00,-178.432E+00,22.975E+00,90.000E+00,90.000E+00,0.00000E+00,0.00000E+00,0.00000E+00,121.319E+00,100.000E+00,100.000E+00,-0.23799E+03,0.00000E+03,0.00000E+03,+99999.9E+99,+99999.9E+99,+99999.9E+99,+99999.9E+99,+99999.9E+99,+99999.9E+99,+99999.9E+99,+99999.9E+99,+99999.9E+99,+99999.9E+99,+99999.9E+99,+99999.9E+99,1B00,0,0,0,1B00,77.0169E+00,77.4672E+00,77.3487E+00,77.2776E+00,71.7161E+00,72.5748E+00,72.3490E+00,72.2133E+00,77.0169E+00,77.4672E+00,77.3487E+00,0.0000E+00,0.0000E+00,0.0000E+00,71.7349E+00,72.2577E+00,72.0657E+00,105.556E+00,106.144E+00,105.571E+00,-105.036E+00,-104.723E+00,-104.590E+00,24.685E+00,25.140E+00,24.963E+00,+99999.9E+99,+99999.9E+99,+99999.9E+99,0.419E+00,13.9555E+00,13.6334E+00,13.7606E+00,13.7831E+00,13.0401E+00,12.8497E+00,12.7992E+00,12.8963E+00,13.9547E+00,13.6312E+00,13.7549E+00,-0.1538E+00,-0.2416E+00,0.3963E+00,9.8676E+00,9.0877E+00,9.1894E+00,27.5986E+00,27.1471E+00,28.5005E+00,-26.6567E+00,-26.8867E+00,-26.7690E+00,45.050E+00,47.486E+00,48.510E+00,+99999.9E+99,+99999.9E+99,+99999.9E+99,6.732E+00,0.45605E+03,0.44387E+03,0.45440E+03,1.35432E+03,0.35579E+03,0.31158E+03,0.33406E+03,1.00143E+03,0.62897E+03,0.61465E+03,0.62257E+03,1.86620E+03,0.40042E+03,0.36425E+03,0.36560E+03,1.12882E+03,-0.43316E+03,-0.42518E+03,-0.42558E+03,-1.28392E+03,-0.18370E+03,-0.18866E+03,-0.14856E+03,-0.52092E+03,-0.72507E+00,-0.72214E+00,-0.72987E+00,-0.72571E+00,-0.88855E+00,-0.85542E+00,-0.91372E+00,-0.88715E+00,0.000E+00,119.928E+00,-119.682E+00,57.544E+00,-178.960E+00,-65.860E+00,-43.525E+00,-43.768E+00,-43.124E+00,-43.472E+00,201.402E+00,202.202E+00,201.117E+00,89.893E+00,+99999.9E+99,+99999.9E+99,0.00014E+06,-0.00077E+06,0.00000E+00,15.347E+00,0.758E+03,0.00122E+06,43.583E+00,F0F08
2021/11/30,17:34:25,00000:00:50,150,38003F00,2800,3B00,3B00,3F00,100.048E+00,0.000E+00,0.000E+00,111.124E+00,0.000E+00,0.000E+00,0.511E+00,0.000E+00,0.000E+00,100.047E+00,0.000E+00,0.000E+00,0.000E+00,0.000E+00,0.000E+00,100.975E+00,0.000E+00,0.000E+00,98.829E+00,0.000E+00,0.000E+00,36.403E+00,+99999.9E+99,+99999.9E+99,1.073E+00,+99999.9E+99,+99999.9E+99,11.1633E+00,0.00000E+00,0.00000E+00,11.3516E+00,0.00000E+00,0.00000E+00,4.4912E+00,0.00000E+00,0.00000E+00,10.2200E+00,0.00000E+00,0.00000E+00,4.1471E+00,0.00000E+00,0.00000E+00,18.0688E+00,0.0000E+00,0.0000E+00,4.1264E+00,0.0000E+00,0.0000E+00,45.219E+00,+99999.9E+99,+99999.9E+99,68.211E+00,+99999.9E+99,+99999.9E+99,1.02044E+03,0.00000E+03,0.00000E+03,0.00000E+03,0.00000E+03,0.00000E+03,1.11686E+03,0.00000E+03,0.00000E+03,0.00000E+03,0.00000E+03,0.00000E+03,-0.45396E+03,0.00000E+03,0.00000E+03,0.00000E+03,0.00000E+03,0.00000E+03,-0.91367E+00,0.00000E+00,0.00000E+00,0.93061E+00,0.65021E+00,0.91622E+00,0.000E+00,-54.369E+00,157.948E+00,158.530E+00,76.188E+00,-178.432E+00,-23.983E+00,90.000E+00,90.000E+00,9.34457E+00,0.00000E+00,0.00000E+00,85.470E+00,100.000E+00,100.000E+00,0.14827E+03,0.00000E+03,0.00000E+03,+99999.9E+99,+99999.9E+99,+99999.9E+99,+99999.9E+99,+99999.9E+99,+99999.9E+99,+99999.9E+99,+99999.9E+99,+99999.9E+99,+99999.9E+99,+99999.9E+99,+99999.9E+99,1B00,0,0,0,1B00,76.7408E+00,76.6740E+00,76.4031E+00,76.6060E+00,72.6230E+00,72.6997E+00,72.0681E+00,72.4636E+00,76.7408E+00,76.6740E+00,76.4031E+00,0.0000E+00,0.0000E+00,0.0000E+00,70.7622E+00,70.6617E+00,70.5068E+00,105.744E+00,105.970E+00,105.856E+00,-104.464E+00,-104.539E+00,-104.627E+00,35.755E+00,35.283E+00,35.746E+00,+99999.9E+99,+99999.9E+99,+99999.9E+99,0.211E+00,9.7334E+00,9.3132E+00,9.9134E+00,9.6533E+00,8.4260E+00,8.0686E+00,8.4623E+00,8.3190E+00,9.7328E+00,9.3132E+00,9.9134E+00,-0.1128E+00,0.0000E+00,0.0000E+00,13.3945E+00,13.4566E+00,13.9994E+00,26.3757E+00,24.8167E+00,27.0548E+00,-25.5567E+00,-23.3495E+00,-26.8176E+00,42.845E+00,42.049E+00,40.221E+00,+99999.9E+99,+99999.9E+99,+99999.9E+99,2.524E+00,0.28581E+03,0.28327E+03,0.30308E+03,0.87217E+03,0.46688E+03,0.48270E+03,0.49086E+03,1.44043E+03,0.43327E+03,0.41472E+03,0.43998E+03,1.28796E+03,0.54203E+03,0.54589E+03,0.56306E+03,1.65068E+03,-0.32563E+03,-0.30290E+03,-0.31894E+03,-0.94746E+03,-0.27536E+03,-0.25494E+03,-0.27586E+03,-0.80615E+03,-0.65966E+00,-0.68305E+00,-0.68886E+00,-0.67717E+00,-0.86135E+00,-0.88425E+00,-0.87177E+00,-0.87263E+00,0.000E+00,120.185E+00,-119.988E+00,60.478E+00,177.959E+00,-60.532E+00,-48.726E+00,-46.917E+00,-46.460E+00,-47.377E+00,202.462E+00,201.801E+00,202.673E+00,91.959E+00,+99999.9E+99,+99999.9E+99,0.00007E+06,-0.00052E+06,0.00000E+00,10.119E+00,0.757E+03,0.00080E+06,43.924E+00,F0F08
2021/11/30,17:34:25,00000:00:50,200,38003F00,0,1B00,1B00,3F00,99.927E+00,0.000E+00,0.000E+00,110.989E+00,0.000E+00,0.000E+00,0.509E+00,0.000E+00,0.000E+00,99.925E+00,0.000E+00,0.000E+00,0.000E+00,0.000E+00,0.000E+00,100.936E+00,0.000E+00,0.000E+00,98.839E+00,0.000E+00,0.000E+00,101.375E+00,+99999.9E+99,+99999.9E+99,1.049E+00,+99999.9E+99,+99999.9E+99,11.7817E+00,0.00000E+00,0.00000E+00,12.0550E+00,0.00000E+00,0.00000E+00,4.5840E+00,0.00000E+00,0.00000E+00,10.8533E+00,0.00000E+00,0.00000E+00,3.1912E+00,0.00000E+00,0.00000E+00,18.2114E+00,0.0000E+00,0.0000E+00,4.1421E+00,0.0000E+00,0.0000E+00,100.537E+00,+99999.9E+99,+99999.9E+99,64.816E+00,+99999.9E+99,+99999.9E+99,1.08243E+03,0.00000E+03,0.00000E+03,0.00000E+03,0.00000E+03,0.00000E+03,1.17730E+03,0.00000E+03,0.00000E+03,0.00000E+03,0.00000E+03,0.00000E+03,0.46303E+03,0.00000E+03,0.00000E+03,0.00000E+03,0.00000E+03,0.00000E+03,0.91941E+00,0.00000E+00,0.00000E+00,0.82735E+00,0.87186E+00,0.98728E+00,0.000E+00,-96.223E+00,134.944E+00,145.828E+00,-66.898E+00,125.797E+00,23.160E+00,90.000E+00,90.000E+00,12.6101E+00,0.00000E+00,0.00000E+00,96.753E+00,100.000E+00,100.000E+00,0.03514E+03,0.00000E+03,0.00000E+03,+99999.9E+99,+99999.9E+99,+99999.9E+99,+99999.9E+99,+99999.9E+99,+99999.9E+99,+99999.9E+99,+99999.9E+99,+99999.9E+99,+99999.9E+99,+99999.9E+99,+99999.9E+99,1800,0,0,0,1800,76.5399E+00,77.0180E+00,77.0514E+00,76.8698E+00,71.8645E+00,72.7939E+00,72.8388E+00,72.4991E+00,76.5399E+00,77.0180E+00,77.0514E+00,0.0000E+00,0.0000E+00,0.0000E+00,73.1421E+00,73.2502E+00,73.1480E+00,105.803E+00,106.124E+00,105.843E+00,-104.807E+00,-104.809E+00,-104.626E+00,13.894E+00,13.727E+00,14.014E+00,+99999.9E+99,+99999.9E+99,+99999.9E+99,0.095E+00,11.6854E+00,11.4312E+00,11.2292E+00,11.4486E+00,10.0813E+00,9.9313E+00,9.6267E+00,9.8797E+00,11.6841E+00,11.4251E+00,11.2156E+00,-0.1763E+00,-0.3741E+00,0.5516E+00,4.8141E+00,4.5630E+00,4.7889E+00,27.6129E+00,27.1276E+00,28.6676E+00,-26.5909E+00,-26.7957E+00,-26.2057E+00,58.563E+00,60.153E+00,56.643E+00,+99999.9E+99,+99999.9E+99,+99999.9E+99,2.686E+00,0.36080E+03,0.34075E+03,0.34574E+03,1.04729E+03,0.17325E+03,0.16879E+03,0.17810E+03,0.52015E+03,0.52196E+03,0.50977E+03,0.50326E+03,1.53499E+03,0.19905E+03,0.19145E+03,0.19958E+03,0.58998E+03,-0.37718E+03,-0.37915E+03,-0.36570E+03,-1.12203E+03,-0.09800E+03,-0.09035E+03,-0.09007E+03,-0.27842E+03,-0.69124E+00,-0.66844E+00,-0.68700E+00,-0.68228E+00,-0.87041E+00,-0.88164E+00,-0.89238E+00,-0.88164E+00,0.000E+00,120.042E+00,-119.909E+00,59.540E+00,178.156E+00,-63.084E+00,-46.272E+00,-48.053E+00,-46.607E+00,-46.978E+00,201.844E+00,202.121E+00,201.451E+00,92.862E+00,+99999.9E+99,+99999.9E+99,0.00007E+06,-0.00063E+06,0.00000E+00,12.270E+00,0.757E+03,0.00097E+06,43.753E+00,F0F0F
2021/11/30,17:34:25,00000:00:50,250,38003F00,700,1F00,1F00,3F00,99.927E+00,0.000E+00,0.000E+00,110.989E+00,0.000E+00,0.000E+00,0.509E+00,0.000E+00,0.000E+00,99.925E+00,0.000E+00,0.000E+00,0.000E+00,0.000E+00,0.000E+00,100.936E+00,0.000E+00,0.000E+00,98.839E+00,0.000E+00,0.000E+00,101.375E+00,+99999.9E+99,+99999.9E+99,1.049E+00,+99999.9E+99,+99999.9E+99,11.7817E+00,0.00000E+00,0.00000E+00,12.0550E+00,0.00000E+00,0.00000E+00,4.5840E+00,0.00000E+00,0.00000E+00,10.8533E+00,0.00000E+00,0.00000E+00,3.1912E+00,0.00000E+00,0.00000E+00,18.2114E+00,0.0000E+00,0.0000E+00,4.1421E+00,0.0000E+00,0.0000E+00,100.537E+00,+99999.9E+99,+99999.9E+99,64.816E+00,+99999.9E+99,+99999.9E+99,1.08243E+03,0.00000E+03,0.00000E+03,0.00000E+03,0.00000E+03,0.00000E+03,1.17730E+03,0.00000E+03,0.00000E+03,0.00000E+03,0.00000E+03,0.00000E+03,0.46303E+03,0.00000E+03,0.00000E+03,0.00000E+03,0.00000E+03,0.00000E+03,0.91941E+00,0.00000E+00,0.00000E+00,0.82735E+00,0.87186E+00,0.98728E+00,0.000E+00,-96.223E+00,134.944E+00,145.828E+00,-66.898E+00,125.797E+00,23.160E+00,90.000E+00,90.000E+00,12.6101E+00,0.00000E+00,0.00000E+00,119.036E+00,100.000E+00,100.000E+00,-0.20606E+03,0.00000E+03,0.00000E+03,+99999.9E+99,+99999.9E+99,+99999.9E+99,+99999.9E+99,+99999.9E+99,+99999.9E+99,+99999.9E+99,+99999.9E+99,+99999.9E+99,+99999.9E+99,+99999.9E+99,+99999.9E+99,1B00,0,0,0,1B00,77.2257E+00,77.2434E+00,77.0177E+00,77.1622E+00,72.2423E+00,72.4516E+00,71.9105E+00,72.2015E+00,77.2257E+00,77.2434E+00,77.0177E+00,0.0000E+00,0.0000E+00,0.0000E+00,70.4956E+00,71.0908E+00,70.9797E+00,105.389E+00,105.574E+00,105.567E+00,-104.431E+00,-104.866E+00,-104.781E+00,34.526E+00,34.544E+00,34.517E+00,+99999.9E+99,+99999.9E+99,+99999.9E+99,0.516E+00,13.5547E+00,13.1162E+00,13.5057E+00,13.3922E+00,12.4792E+00,12.0518E+00,12.4086E+00,12.3132E+00,13.5535E+00,13.1162E+00,13.5044E+00,-0.1758E+00,0.0000E+00,0.1927E+00,14.0507E+00,13.1015E+00,13.0845E+00,27.4786E+00,27.1105E+00,28.6895E+00,-26.5590E+00,-26.6886E+00,-26.7529E+00,39.683E+00,42.057E+00,42.275E+00,+99999.9E+99,+99999.9E+99,+99999.9E+99,4.557E+00,0.42748E+03,0.41897E+03,0.44204E+03,1.28848E+03,0.50141E+03,0.45703E+03,0.48281E+03,1.44125E+03,0.61102E+03,0.59111E+03,0.60744E+03,1.80957E+03,0.56626E+03,0.52993E+03,0.53472E+03,1.62991E+03,-0.43659E+03,-0.41699E+03,-0.41663E+03,-1.27021E+03,-0.26314E+03,-0.26822E+03,-0.22983E+03,-0.76119E+03,-0.69962E+00,-0.70878E+00,-0.72771E+00,-0.71204E+00,-0.88547E+00,-0.86245E+00,-0.90292E+00,-0.88425E+00,0.000E+00,119.830E+00,-119.667E+00,57.970E+00,-179.818E+00,-64.436E+00,-45.604E+00,-44.864E+00,-43.305E+00,-44.599E+00,201.422E+00,201.604E+00,202.016E+00,89.757E+00,+99999.9E+99,+99999.9E+99,0.00013E+06,-0.00074E+06,0.00000E+00,14.573E+00,0.758E+03,0.00116E+06,43.565E+00,F0F0F
2021/11/30,17:34:25,00000:00:50,300,38003D00,500,1C00,1C00,3800,99.927E+00,0.000E+00,0.000E+00,110.989E+00,0.000E+00,0.000E+00,0.509E+00,0.000E+00,0.000E+00,99.925E+00,0.000E+00,0.000E+00,0.000E+00,0.000E+00,0.000E+00,100.936E+00,0.000E+00,0.000E+00,98.839E+00,0.000E+00,0.000E+00,20.209E+00,+99999.9E+99,+99999.9E+99,1.049E+00,+99999.9E+99,+99999.9E+99,11.7817E+00,0.00000E+00,0.00000E+00,12.0550E+00,0.00000E+00,0.00000E+00,4.5840E+00,0.00000E+00,0.00000E+00,10.8533E+00,0.00000E+00,0.00000E+00,4.6504E+00,0.00000E+00,0.00000E+00,18.2114E+00,0.0000E+00,0.0000E+00,4.1421E+00,0.0000E+00,0.0000E+00,11.612E+00,+99999.9E+99,+99999.9E+99,64.816E+00,+99999.9E+99,+99999.9E+99,1.08243E+03,0.00000E+03,0.00000E+03,0.00000E+03,0.00000E+03,0.00000E+03,1.17730E+03,0.00000E+03,0.00000E+03,0.00000E+03,0.00000E+03,0.00000E+03,0.46303E+03,0.00000E+03,0.00000E+03,0.00000E+03,0.00000E+03,0.00000E+03,0.91941E+00,0.00000E+00,0.00000E+00,0.91655E+00,0.45334E+00,0.98113E+00,0.000E+00,-25.706E+00,-178.434E+00,156.427E+00,-88.748E+00,-167.286E+00,23.160E+00,90.000E+00,90.000E+00,12.6101E+00,0.00000E+00,0.00000E+00,71.339E+00,100.000E+00,100.000E+00,0.31024E+03,0.00000E+03,0.00000E+03,+99999.9E+99,+99999.9E+99,+99999.9E+99,+99999.9E+99,+99999.9E+99,+99999.9E+99,+99999.9E+99,+99999.9E+99,+99999.9E+99,+99999.9E+99,+99999.9E+99,+99999.9E+99,1B00,0,0,0,1B00,76.2896E+00,76.6542E+00,76.5189E+00,76.4875E+00,72.1922E+00,72.8946E+00,72.6353E+00,72.5740E+00,76.2896E+00,76.6542E+00,76.5189E+00,0.0000E+00,0.0000E+00,0.0000E+00,71.3341E+00,71.2268E+00,71.0668E+00,105.667E+00,106.043E+00,105.619E+00,-104.413E+00,-104.413E+00,-104.589E+00,31.777E+00,31.041E+00,31.647E+00,+99999.9E+99,+99999.9E+99,+99999.9E+99,0.228E+00,8.2350E+00,8.1684E+00,8.1150E+00,8.1728E+00,7.3313E+00,7.2820E+00,7.2195E+00,7.2776E+00,8.2341E+00,8.1674E+00,8.1113E+00,-0.1183E+00,-0.1276E+00,0.2470E+00,11.6913E+00,11.6886E+00,12.2940E+00,22.1581E+00,20.8067E+00,20.3952E+00,-18.8762E+00,-19.1252E+00,-19.7852E+00,45.198E+00,44.110E+00,42.074E+00,+99999.9E+99,+99999.9E+99,+99999.9E+99,3.380E+00,0.25928E+03,0.25325E+03,0.25966E+03,0.77219E+03,0.40221E+03,0.42288E+03,0.42976E+03,1.25485E+03,0.36441E+03,0.36178E+03,0.36038E+03,1.08657E+03,0.46922E+03,0.47674E+03,0.49515E+03,1.44065E+03,-0.25607E+03,-0.25835E+03,-0.24990E+03,-0.76433E+03,-0.24164E+03,-0.22012E+03,-0.24594E+03,-0.70770E+03,-0.71150E+00,-0.70002E+00,-0.72052E+00,-0.71067E+00,-0.85720E+00,-0.88703E+00,-0.86793E+00,-0.87103E+00,0.000E+00,120.200E+00,-119.982E+00,60.941E+00,177.625E+00,-60.072E+00,-44.643E+00,-45.571E+00,-43.903E+00,-44.711E+00,202.407E+00,202.069E+00,202.050E+00,94.952E+00,+99999.9E+99,+99999.9E+99,0.00004E+06,-0.00048E+06,0.00000E+00,9.257E+00,0.756E+03,0.00073E+06,43.949E+00,F0F08
2021/11/30,17:34:25,00000:00:50,350,38003F00,700,1F00,1F00,3F00,99.927E+00,0.000E+00,0.000E+00,110.989E+00,0.000E+00,0.000E+00,0.509E+00,0.000E+00,0.000E+00,99.925E+00,0.000E+00,0.000E+00,0.000E+00,0.000E+00,0.000E+00,100.936E+00,0.000E+00,0.000E+00,98.839E+00,0.000E+00,0.000E+00,66.003E+00,+99999.9E+99,+99999.9E+99,1.049E+00,+99999.9E+99,+99999.9E+99,11.7817E+00,0.00000E+00,0.00000E+00,12.0550E+00,0.00000E+00,0.00000E+00,4.5840E+00,0.00000E+00,0.00000E+00,10.8533E+00,0.00000E+00,0.00000E+00,4.0150E+00,0.00000E+00,0.00000E+00,18.2114E+00,0.0000E+00,0.0000E+00,4.1421E+00,0.0000E+00,0.0000E+00,47.926E+00,+99999.9E+99,+99999.9E+99,64.816E+00,+99999.9E+99,+99999.9E+99,1.08243E+03,0.00000E+03,0.00000E+03,0.00000E+03,0.00000E+03,0.00000E+03,1.17730E+03,0.00000E+03,0.00000E+03,0.00000E+03,0.00000E+03,0.00000E+03,0.46303E+03,0.00000E+03,0.00000E+03,0.00000E+03,0.00000E+03,0.00000E+03,0.91941E+00,0.00000E+00,0.00000E+00,0.89312E+00,0.67224E+00,0.28715E+00,0.000E+00,-44.865E+00,146.579E+00,153.268E+00,-177.105E+00,-106.733E+00,23.160E+00,90.000E+00,90.000E+00,12.6101E+00,0.00000E+00,0.00000E+00,116.125E+00,100.000E+00,100.000E+00,-0.17454E+03,0.00000E+03,0.00000E+03,+99999.9E+99,+99999.9E+99,+99999.9E+99,+99999.9E+99,+99999.9E+99,+99999.9E+99,+99999.9E+99,+99999.9E+99,+99999.9E+99,+99999.9E+99,+99999.9E+99,+99999.9E+99,1B00,0,0,0,1B00,77.0638E+00,77.2147E+00,77.1062E+00,77.1282E+00,72.1246E+00,72.5611E+00,72.2476E+00,72.3111E+00,77.0638E+00,77.2147E+00,77.1062E+00,0.0000E+00,0.0000E+00,0.0000E+00,73.0413E+00,73.2991E+00,73.1537E+00,105.743E+00,106.227E+00,105.771E+00,-104.403E+00,-104.941E+00,-104.429E+00,14.028E+00,14.317E+00,14.432E+00,+99999.9E+99,+99999.9E+99,+99999.9E+99,0.205E+00,13.3871E+00,12.9504E+00,13.1404E+00,13.1593E+00,12.1850E+00,11.7406E+00,11.7976E+00,11.9077E+00,13.3857E+00,12.9463E+00,13.1301E+00,-0.1933E+00,-0.3256E+00,0.5200E+00,5.2049E+00,4.7061E+00,4.8722E+00,27.6510E+00,27.0624E+00,28.5386E+00,-26.4457E+00,-27.2371E+00,-26.6500E+00,54.863E+00,59.289E+00,57.071E+00,+99999.9E+99,+99999.9E+99,+99999.9E+99,4.704E+00,0.42699E+03,0.40660E+03,0.42338E+03,1.25697E+03,0.18725E+03,0.17153E+03,0.18440E+03,0.54318E+03,0.60252E+03,0.58203E+03,0.59073E+03,1.77528E+03,0.21239E+03,0.19649E+03,0.20274E+03,0.61125E+03,-0.42510E+03,-0.41646E+03,-0.41196E+03,-1.25352E+03,-0.10022E+03,-0.09584E+03,-0.08427E+03,-0.28033E+03,-0.70868E+00,-0.69859E+00,-0.71670E+00,-0.70804E+00,-0.88167E+00,-0.87296E+00,-0.90952E+00,-0.88863E+00,0.000E+00,120.017E+00,-119.817E+00,58.271E+00,179.145E+00,-65.305E+00,-44.873E+00,-45.686E+00,-44.217E+00,-44.924E+00,201.284E+00,201.436E+00,201.689E+00,91.135E+00,+99999.9E+99,+99999.9E+99,0.00011E+06,-0.00074E+06,0.00000E+00,14.448E+00,0.757E+03,0.00115E+06,43.577E+00,F0F08
2021/11/30,17:34:25,00000:00:50,400,38003F00,2800,3B00,3B00,3F00,99.871E+00,0.000E+00,0.000E+00,110.928E+00,0.000E+00,0.000E+00,0.494E+00,0.000E+00,0.000E+00,99.870E+00,0.000E+00,0.000E+00,0.000E+00,0.000E+00,0.000E+00,100.961E+00,0.000E+00,0.000E+00,98.818E+00,0.000E+00,0.000E+00,66.003E+00,+99999.9E+99,+99999.9E+99,1.073E+00,+99999.9E+99,+99999.9E+99,12.0048E+00,0.00000E+00,0.00000E+00,12.3317E+00,0.00000E+00,0.00000E+00,4.5664E+00,0.00000E+00,0.00000E+00,11.1024E+00,0.00000E+00,0.00000E+00,4.0150E+00,0.00000E+00,0.00000E+00,18.2495E+00,0.0000E+00,0.0000E+00,4.0162E+00,0.0000E+00,0.0000E+00,47.926E+00,+99999.9E+99,+99999.9E+99,64.100E+00,+99999.9E+99,+99999.9E+99,1.10676E+03,0.00000E+03,0.00000E+03,0.00000E+03,0.00000E+03,0.00000E+03,1.19894E+03,0.00000E+03,0.00000E+03,0.00000E+03,0.00000E+03,0.00000E+03,0.46101E+03,0.00000E+03,0.00000E+03,0.00000E+03,0.00000E+03,0.00000E+03,0.92312E+00,0.00000E+00,0.00000E+00,0.89312E+00,0.67224E+00,0.28715E+00,0.000E+00,-44.865E+00,146.579E+00,153.268E+00,-177.105E+00,-106.733E+00,22.614E+00,90.000E+00,90.000E+00,0.00000E+00,0.00000E+00,0.00000E+00,96.255E+00,100.000E+00,100.000E+00,0.04145E+03,0.00000E+03,0.00000E+03,+99999.9E+99,+99999.9E+99,+99999.9E+99,+99999.9E+99,+99999.9E+99,+99999.9E+99,+99999.9E+99,+99999.9E+99,+99999.9E+99,+99999.9E+99,+99999.9E+99,+99999.9E+99,1B00,0,0,0,1B00,76.7391E+00,77.0952E+00,76.8252E+00,76.8865E+00,71.9523E+00,72.6140E+00,72.1184E+00,72.2283E+00,76.7391E+00,77.0952E+00,76.8252E+00,0.0000E+00,0.0000E+00,0.0000E+00,70.1554E+00,70.4934E+00,70.4361E+00,105.466E+00,106.039E+00,105.627E+00,-104.510E+00,-104.644E+00,-104.551E+00,37.583E+00,37.640E+00,37.498E+00,+99999.9E+99,+99999.9E+99,+99999.9E+99,0.302E+00,11.7274E+00,11.5514E+00,11.8340E+00,11.7043E+00,10.3093E+00,10.2347E+00,10.4182E+00,10.3207E+00,11.7269E+00,11.5514E+00,11.8340E+00,-0.1159E+00,0.0000E+00,0.0000E+00,15.0778E+00,14.5234E+00,14.5382E+00,27.5376E+00,26.8033E+00,28.0395E+00,-25.9848E+00,-26.6248E+00,-26.0538E+00,39.284E+00,40.619E+00,40.469E+00,+99999.9E+99,+99999.9E+99,+99999.9E+99,2.645E+00,0.34957E+03,0.35174E+03,0.36400E+03,1.06532E+03,0.53710E+03,0.50884E+03,0.52715E+03,1.57308E+03,0.52364E+03,0.51719E+03,0.53061E+03,1.57144E+03,0.60975E+03,0.58551E+03,0.59069E+03,1.78559E+03,-0.38987E+03,-0.37916E+03,-0.38607E+03,-1.15509E+03,-0.28866E+03,-0.28966E+03,-0.26652E+03,-0.84483E+03,-0.66758E+00,-0.68011E+00,-0.68600E+00,-0.67793E+00,-0.88084E+00,-0.86906E+00,-0.89242E+00,-0.88099E+00,0.000E+00,119.894E+00,-119.811E+00,58.417E+00,179.516E+00,-63.124E+00,-48.119E+00,-47.148E+00,-46.685E+00,-47.318E+00,202.184E+00,202.386E+00,201.845E+00,90.166E+00,+99999.9E+99,+99999.9E+99,0.00010E+06,-0.00061E+06,0.00000E+00,12.115E+00,0.757E+03,0.00096E+06,43.828E+00,F0F08
2021/11/30,17:34:25,00000:00:50,450,38003F00,2D00,3F00,3F00,3F00,99.871E+00,0.000E+00,0.000E+00,110.928E+00,0.000E+00,0.000E+00,0.494E+00,0.000E+00,0.000E+00,99.870E+00,0.000E+00,0.000E+00,0.000E+00,0.000E+00,0.000E+00,100.961E+00,0.000E+00,0.000E+00,98.818E+00,0.000E+00,0.000E+00,37.352E+00,+99999.9E+99,+99999.9E+99,1.073E+00,+99999.9E+99,+99999.9E+99,12.0048E+00,0.00000E+00,0.00000E+00,12.3317E+00,0.00000E+00,0.00000E+00,4.5664E+00,0.00000E+00,0.00000E+00,11.1024E+00,0.00000E+00,0.00000E+00,4.0715E+00,0.00000E+00,0.00000E+00,18.2495E+00,0.0000E+00,0.0000E+00,4.0162E+00,0.0000E+00,0.0000E+00,43.471E+00,+99999.9E+99,+99999.9E+99,64.100E+00,+99999.9E+99,+99999.9E+99,1.10676E+03,0.00000E+03,0.00000E+03,0.00000E+03,0.00000E+03,0.00000E+03,1.19894E+03,0.00000E+03,0.00000E+03,0.00000E+03,0.00000E+03,0.00000E+03,0.46101E+03,0.00000E+03,0.00000E+03,0.00000E+03,0.00000E+03,0.00000E+03,0.92312E+00,0.00000E+00,0.00000E+00,0.92947E+00,0.98078E+00,0.48085E+00,0.000E+00,57.531E+00,173.028E+00,158.352E+00,-111.217E+00,54.287E+00,22.614E+00,90.000E+00,90.000E+00,0.00000E+00,0.00000E+00,0.00000E+00,75.595E+00,100.000E+00,100.000E+00,0.27011E+03,0.00000E+03,0.00000E+03,+99999.9E+99,+99999.9E+99,+99999.9E+99,+99999.9E+99,+99999.9E+99,+99999.9E+99,+99999.9E+99,+99999.9E+99,+99999.9E+99,+99999.9E+99,+99999.9E+99,+99999.9E+99,1B00,0,0,0,1B00,76.5308E+00,76.5841E+00,76.5515E+00,76.5555E+00,72.3634E+00,72.6765E+00,72.4501E+00,72.4967E+00,76.5308E+00,76.5841E+00,76.5515E+00,0.0000E+00,0.0000E+00,0.0000E+00,72.4901E+00,72.2611E+00,72.2626E+00,105.849E+00,106.091E+00,105.807E+00,-104.353E+00,-104.860E+00,-105.076E+00,22.473E+00,21.588E+00,22.093E+00,+99999.9E+99,+99999.9E+99,+99999.9E+99,0.208E+00,9.5172E+00,8.9830E+00,9.1173E+00,9.2058E+00,8.1570E+00,7.7140E+00,7.7508E+00,7.8739E+00,9.5161E+00,8.9790E+00,9.1077E+00,-0.1482E+00,-0.2698E+00,0.4189E+00,7.6696E+00,8.1038E+00,8.2870E+00,26.2719E+00,24.0543E+00,25.0371E+00,-26.6424E+00,-25.2671E+00,-22.4109E+00,52.730E+00,48.520E+00,47.430E+00,+99999.9E+99,+99999.9E+99,+99999.9E+99,4.546E+00,0.28725E+03,0.26719E+03,0.28222E+03,0.83666E+03,0.27156E+03,0.29288E+03,0.29440E+03,0.85885E+03,0.42314E+03,0.39807E+03,0.40411E+03,1.22533E+03,0.31489E+03,0.32603E+03,0.33941E+03,0.97978E+03,-0.31071E+03,-0.29507E+03,-0.28924E+03,-0.89502E+03,-0.15939E+03,-0.14324E+03,-0.16890E+03,-0.47153E+03,-0.67884E+00,-0.67122E+00,-0.69836E+00,-0.68280E+00,-0.86242E+00,-0.89833E+00,-0.86740E+00,-0.87658E+00,0.000E+00,120.097E+00,-120.107E+00,60.307E+00,176.161E+00,-60.163E+00,-47.247E+00,-47.838E+00,-45.705E+00,-46.937E+00,201.648E+00,201.276E+00,202.050E+00,94.594E+00,+99999.9E+99,+99999.9E+99,0.00005E+06,-0.00052E+06,0.00000E+00,9.996E+00,0.756E+03,0.00079E+06,43.760E+00,F0F08
2021/11/30,17:34:25,00000:00:50,500,38003F00,2800,3B00,3B00,3F00,100.003E+00,0.000E+00,0.000E+00,111.074E+00,0.000E+00,0.000E+00,0.531E+00,0.000E+00,0.000E+00,100.002E+00,0.000E+00,0.000E+00,0.000E+00,0.000E+00,0.000E+00,101.089E+00,0.000E+00,0.000E+00,98.800E+00,0.000E+00,0.000E+00,37.352E+00,+99999.9E+99,+99999.9E+99,1.145E+00,+99999.9E+99,+99999.9E+99,10.8305E+00,0.00000E+00,0.00000E+00,10.9579E+00,0.00000E+00,0.00000E+00,4.4688E+00,0.00000E+00,0.00000E+00,9.8656E+00,0.00000E+00,0.00000E+00,4.0715E+00,0.00000E+00,0.00000E+00,18.2229E+00,0.0000E+00,0.0000E+00,3.4071E+00,0.0000E+00,0.0000E+00,43.471E+00,+99999.9E+99,+99999.9E+99,75.088E+00,+99999.9E+99,+99999.9E+99,0.98446E+03,0.00000E+03,0.00000E+03,0.00000E+03,0.00000E+03,0.00000E+03,1.08308E+03,0.00000E+03,0.00000E+03,0.00000E+03,0.00000E+03,0.00000E+03,0.45156E+03,0.00000E+03,0.00000E+03,0.00000E+03,0.00000E+03,0.00000E+03,0.90894E+00,0.00000E+00,0.00000E+00,0.92947E+00,0.98078E+00,0.48085E+00,0.000E+00,57.531E+00,173.028E+00,158.352E+00,-111.217E+00,54.287E+00,24.641E+00,90.000E+00,90.000E+00,14.5819E+00,0.00000E+00,0.00000E+00,138.304E+00,100.000E+00,100.000E+00,-0.37709E+03,0.00000E+03,0.00000E+03,+99999.9E+99,+99999.9E+99,+99999.9E+99,+99999.9E+99,+99999.9E+99,+99999.9E+99,+99999.9E+99,+99999.9E+99,+99999.9E+99,+99999.9E+99,+99999.9E+99,+99999.9E+99,1B00,0,0,0,1B00,77.0196E+00,77.4431E+00,77.3422E+00,77.2683E+00,71.7331E+00,72.5504E+00,72.3542E+00,72.2125E+00,77.0196E+00,77.4431E+00,77.3422E+00,0.0000E+00,0.0000E+00,0.0000E+00,72.2762E+00,72.7529E+00,72.6283E+00,105.643E+00,105.990E+00,105.546E+00,-104.591E+00,-104.689E+00,-104.800E+00,20.121E+00,20.213E+00,20.551E+00,+99999.9E+99,+99999.9E+99,+99999.9E+99,0.398E+00,14.0057E+00,13.6777E+00,13.8073E+00,13.8302E+00,13.0837E+00,12.8864E+00,12.8410E+00,12.9370E+00,14.0047E+00,13.6755E+00,13.8012E+00,-0.1661E+00,-0.2456E+00,0.4129E+00,7.9952E+00,7.3720E+00,7.1899E+00,27.6919E+00,27.1276E+00,28.4395E+00,-26.6224E+00,-27.1524E+00,-26.5100E+00,47.221E+00,49.824E+00,52.021E+00,+99999.9E+99,+99999.9E+99,+99999.9E+99,7.530E+00,0.45839E+03,0.44608E+03,0.45708E+03,1.36155E+03,0.28996E+03,0.25006E+03,0.27030E+03,0.81033E+03,0.63128E+03,0.61659E+03,0.62456E+03,1.87242E+03,0.32423E+03,0.29097E+03,0.29307E+03,0.90685E+03,-0.43404E+03,-0.42567E+03,-0.42561E+03,-1.28533E+03,-0.14509E+03,-0.14878E+03,-0.11325E+03,-0.40711E+03,-0.72613E+00,-0.72346E+00,-0.73185E+00,-0.72716E+00,-0.89430E+00,-0.85940E+00,-0.92233E+00,-0.89357E+00,0.000E+00,119.888E+00,-119.728E+00,56.801E+00,-179.415E+00,-67.161E+00,-43.437E+00,-43.659E+00,-42.958E+00,-43.351E+00,201.704E+00,202.122E+00,201.023E+00,90.186E+00,+99999.9E+99,+99999.9E+99,0.00013E+06,-0.00078E+06,0.00000E+00,15.483E+00,0.757E+03,0.00123E+06,43.679E+00,F0F08
2021/11/30,17:34:25,00000:00:50,550,38003800,0,1800,1800,3800,99.918E+00,0.000E+00,0.000E+00,110.980E+00,0.000E+00,0.000E+00,0.508E+00,0.000E+00,0.000E+00,99.917E+00,0.000E+00,0.000E+00,0.000E+00,0.000E+00,0.000E+00,100.932E+00,0.000E+00,0.000E+00,98.821E+00,0.000E+00,0.000E+00,21.832E+00,+99999.9E+99,399.684E+00,1.056E+00,+99999.9E+99,+99999.9E+99,11.8665E+00,0.00000E+00,0.00000E+00,12.1557E+00,0.00000E+00,0.00000E+00,4.5875E+00,0.00000E+00,0.00000E+00,10.9439E+00,0.00000E+00,0.00000E+00,4.6552E+00,0.00000E+00,0.00000E+00,18.2750E+00,0.0000E+00,0.0000E+00,4.1224E+00,0.0000E+00,0.0000E+00,8.882E+00,486.743E+00,+99999.9E+99,64.660E+00,+99999.9E+99,+99999.9E+99,1.09139E+03,0.00000E+03,0.00000E+03,0.00000E+03,0.00000E+03,0.00000E+03,1.18568E+03,0.00000E+03,0.00000E+03,0.00000E+03,0.00000E+03,0.00000E+03,0.46337E+03,0.00000E+03,0.00000E+03,0.00000E+03,0.00000E+03,0.00000E+03,0.92047E+00,0.00000E+00,0.00000E+00,0.90608E+00,0.17099E+00,0.98844E+00,0.000E+00,-51.332E+00,167.724E+00,154.969E+00,-131.487E+00,-20.996E+00,23.005E+00,90.000E+00,90.000E+00,12.6101E+00,0.00000E+00,0.00000E+00,80.516E+00,100.000E+00,100.000E+00,0.21265E+03,0.00000E+03,0.00000E+03,+99999.9E+99,+99999.9E+99,+99999.9E+99,+99999.9E+99,+99999.9E+99,+99999.9E+99,+99999.9E+99,+99999.9E+99,+99999.9E+99,+99999.9E+99,+99999.9E+99,+99999.9E+99,1B00,0,0,0,1B00,76.7116E+00,76.6728E+00,76.3978E+00,76.5941E+00,72.5895E+00,72.7130E+00,72.0794E+00,72.4606E+00,76.7116E+00,76.6728E+00,76.3978E+00,0.0000E+00,0.0000E+00,0.0000E+00,70.2482E+00,70.2736E+00,70.1763E+00,105.706E+00,106.044E+00,105.724E+00,-104.281E+00,-104.816E+00,-104.543E+00,38.250E+00,37.910E+00,38.095E+00,+99999.9E+99,+99999.9E+99,+99999.9E+99,0.079E+00,9.7671E+00,9.3462E+00,9.9509E+00,9.6880E+00,8.4660E+00,8.1048E+00,8.5048E+00,8.3586E+00,9.7663E+00,9.3462E+00,9.9509E+00,-0.1204E+00,0.0000E+00,0.0000E+00,14.7579E+00,14.6410E+00,14.9724E+00,26.3986E+00,24.7910E+00,27.1490E+00,-25.5995E+00,-23.3005E+00,-26.6729E+00,40.742E+00,40.776E+00,39.392E+00,+99999.9E+99,+99999.9E+99,+99999.9E+99,1.414E+00,0.28794E+03,0.28528E+03,0.30552E+03,0.87874E+03,0.51787E+03,0.51948E+03,0.53146E+03,1.56881E+03,0.43459E+03,0.41609E+03,0.44163E+03,1.29231E+03,0.59671E+03,0.59107E+03,0.60516E+03,1.79284E+03,-0.32552E+03,-0.30289E+03,-0.31890E+03,-0.94731E+03,-0.29642E+03,-0.28198E+03,-0.28942E+03,-0.86782E+03,-0.66254E+00,-0.68562E+00,-0.69180E+00,-0.67997E+00,-0.86789E+00,-0.87887E+00,-0.87822E+00,-0.87504E+00,0.000E+00,120.068E+00,-119.950E+00,59.796E+00,178.522E+00,-61.349E+00,-48.506E+00,-46.715E+00,-46.227E+00,-47.158E+00,201.958E+00,201.879E+00,202.584E+00,91.735E+00,+99999.9E+99,+99999.9E+99,0.00007E+06,-0.00052E+06,0.00000E+00,10.177E+00,0.756E+03,0.00081E+06,43.820E+00,F0F0F
2021/11/30,17:34:25,00000:00:50,600,38003F00,700,1F00,1F00,3F00,99.918E+00,0.000E+00,0.000E+00,110.980E+00,0.000E+00,0.000E+00,0.508E+00,0.000E+00,0.000E+00,99.917E+00,0.000E+00,0.000E+00,0.000E+00,0.000E+00,0.000E+00,100.932E+00,0.000E+00,0.000E+00,98.821E+00,0.000E+00,0.000E+00,21.832E+00,+99999.9E+99,399.684E+00,1.056E+00,+99999.9E+99,+99999.9E+99,11.8665E+00,0.00000E+00,0.00000E+00,12.1557E+00,0.00000E+00,0.00000E+00,4.5875E+00,0.00000E+00,0.00000E+00,10.9439E+00,0.00000E+00,0.00000E+00,4.6552E+00,0.00000E+00,0.00000E+00,18.2750E+00,0.0000E+00,0.0000E+00,4.1224E+00,0.0000E+00,0.0000E+00,8.882E+00,486.743E+00,+99999.9E+99,64.660E+00,+99999.9E+99,+99999.9E+99,1.09139E+03,0.00000E+03,0.00000E+03,0.00000E+03,0.00000E+03,0.00000E+03,1.18568E+03,0.00000E+03,0.00000E+03,0.00000E+03,0.00000E+03,0.00000E+03,0.46337E+03,0.00000E+03,0.00000E+03,0.00000E+03,0.00000E+03,0.00000E+03,0.92047E+00,0.00000E+00,0.00000E+00,0.90608E+00,0.17099E+00,0.98844E+00,0.000E+00,-51.332E+00,167.724E+00,154.969E+00,-131.487E+00,-20.996E+00,23.005E+00,90.000E+00,90.000E+00,12.6101E+00,0.00000E+00,0.00000E+00,96.359E+00,100.000E+00,100.000E+00,0.03974E+03,0.00000E+03,0.00000E+03,+99999.9E+99,+99999.9E+99,+99999.9E+99,+99999.9E+99,+99999.9E+99,+99999.9E+99,+99999.9E+99,+99999.9E+99,+99999.9E+99,+99999.9E+99,+99999.9E+99,+99999.9E+99,1B00,0,0,0,1B00,76.5204E+00,77.0308E+00,77.0250E+00,76.8587E+00,71.8446E+00,72.7799E+00,72.7670E+00,72.4638E+00,76.5204E+00,77.0307E+00,77.0250E+00,0.0000E+00,0.0000E+00,0.0000E+00,73.0500E+00,73.0542E+00,72.9522E+00,105.786E+00,106.047E+00,105.716E+00,-104.461E+00,-104.859E+00,-104.586E+00,15.453E+00,15.271E+00,15.301E+00,+99999.9E+99,+99999.9E+99,+99999.9E+99,0.091E+00,11.6965E+00,11.4963E+00,11.2926E+00,11.4951E+00,10.0819E+00,9.9761E+00,9.6725E+00,9.9102E+00,11.6956E+00,11.4889E+00,11.2785E+00,-0.1497E+00,-0.4128E+00,0.5636E+00,5.2680E+00,5.1677E+00,5.5622E+00,27.6709E+00,27.0348E+00,28.5676E+00,-26.3610E+00,-27.2324E+00,-26.1067E+00,57.924E+00,57.402E+00,53.144E+00,+99999.9E+99,+99999.9E+99,+99999.9E+99,3.292E+00,0.36106E+03,0.34372E+03,0.34687E+03,1.05165E+03,0.18783E+03,0.19289E+03,0.20039E+03,0.58110E+03,0.52193E+03,0.51265E+03,0.50630E+03,1.54088E+03,0.21693E+03,0.21586E+03,0.22695E+03,0.65956E+03,-0.37690E+03,-0.38034E+03,-0.36881E+03,-1.12605E+03,-0.10853E+03,-0.09690E+03,-0.10655E+03,-0.31199E+03,-0.69177E+00,-0.67049E+00,-0.68511E+00,-0.68250E+00,-0.86585E+00,-0.89358E+00,-0.88294E+00,-0.88105E+00,0.000E+00,120.087E+00,-119.957E+00,60.019E+00,176.717E+00,-61.911E+00,-46.230E+00,-47.895E+00,-46.756E+00,-46.961E+00,202.069E+00,201.474E+00,201.439E+00,93.262E+00,+99999.9E+99,+99999.9E+99,0.00007E+06,-0.00064E+06,0.00000E+00,12.377E+00,0.757E+03,0.00098E+06,43.829E+00,F0F0F
2021/11/30,17:34:25,00000:00:50,650,38003F00,500,1F00,1F00,3F00,99.918E+00,0.000E+00,0.000E+00,110.980E+00,0.000E+00,0.000E+00,0.508E+00,0.000E+00,0.000E+00,99.917E+00,0.000E+00,0.000E+00,0.000E+00,0.000E+00,0.000E+00,100.932E+00,0.000E+00,0.000E+00,98.821E+00,0.000E+00,0.000E+00,21.104E+00,+99999.9E+99,+99999.9E+99,1.056E+00,+99999.9E+99,+99999.9E+99,11.8665E+00,0.00000E+00,0.00000E+00,12.1557E+00,0.00000E+00,0.00000E+00,4.5875E+00,0.00000E+00,0.00000E+00,10.9439E+00,0.00000E+00,0.00000E+00,4.5721E+00,0.00000E+00,0.00000E+00,18.2750E+00,0.0000E+00,0.0000E+00,4.1224E+00,0.0000E+00,0.0000E+00,8.102E+00,+99999.9E+99,+99999.9E+99,64.660E+00,+99999.9E+99,+99999.9E+99,1.09139E+03,0.00000E+03,0.00000E+03,0.00000E+03,0.00000E+03,0.00000E+03,1.18568E+03,0.00000E+03,0.00000E+03,0.00000E+03,0.00000E+03,0.00000E+03,0.46337E+03,0.00000E+03,0.00000E+03,0.00000E+03,0.00000E+03,0.00000E+03,0.92047E+00,0.00000E+00,0.00000E+00,0.90521E+00,0.99565E+00,0.66139E+00,0.000E+00,66.144E+00,133.517E+00,154.851E+00,71.488E+00,2.111E+00,23.005E+00,90.000E+00,90.000E+00,12.6101E+00,0.00000E+00,0.00000E+00,116.804E+00,100.000E+00,100.000E+00,-0.18339E+03,0.00000E+03,0.00000E+03,+99999.9E+99,+99999.9E+99,+99999.9E+99,+99999.9E+99,+99999.9E+99,+99999.9E+99,+99999.9E+99,+99999.9E+99,+99999.9E+99,+99999.9E+99,+99999.9E+99,+99999.9E+99,1B00,0,0,0,1B00,77.2054E+00,77.2377E+00,76.9972E+00,77.1468E+00,72.1676E+00,72.4045E+00,71.8374E+00,72.1365E+00,77.2054E+00,77.2377E+00,76.9972E+00,0.0000E+00,0.0000E+00,0.0000E+00,71.0681E+00,71.6901E+00,71.4895E+00,105.387E+00,105.770E+00,105.471E+00,-104.249E+00,-104.650E+00,-104.196E+00,30.262E+00,30.621E+00,30.499E+00,+99999.9E+99,+99999.9E+99,+99999.9E+99,0.507E+00,13.5231E+00,13.0842E+00,13.4775E+00,13.3616E+00,12.3929E+00,11.9625E+00,12.3371E+00,12.2308E+00,13.5220E+00,13.0842E+00,13.4761E+00,-0.1731E+00,0.0000E+00,0.1908E+00,12.4068E+00,11.3533E+00,11.4822E+00,27.6186E+00,27.2614E+00,28.5714E+00,-26.6438E+00,-26.8695E+00,-26.7667E+00,41.045E+00,44.005E+00,44.153E+00,+99999.9E+99,+99999.9E+99,+99999.9E+99,5.552E+00,0.42243E+03,0.41459E+03,0.43776E+03,1.27478E+03,0.44566E+03,0.39936E+03,0.42396E+03,1.26898E+03,0.60916E+03,0.58939E+03,0.60582E+03,1.80437E+03,0.49988E+03,0.46234E+03,0.46488E+03,1.42580E+03,-0.43890E+03,-0.41892E+03,-0.41879E+03,-1.27661E+03,-0.22641E+03,-0.23294E+03,-0.19070E+03,-0.65006E+03,-0.69346E+00,-0.70343E+00,-0.72259E+00,-0.70650E+00,-0.89154E+00,-0.86379E+00,-0.91199E+00,-0.89002E+00,0.000E+00,119.903E+00,-119.622E+00,57.218E+00,-179.937E+00,-65.594E+00,-46.095E+00,-45.297E+00,-43.731E+00,-45.049E+00,201.261E+00,202.026E+00,201.837E+00,89.348E+00,+99999.9E+99,+99999.9E+99,0.00014E+06,-0.00072E+06,0.00000E+00,14.362E+00,0.757E+03,0.00114E+06,43.558E+00,F0F08
2021/11/30,17:34:25,00000:00:50,700,38003F00,500,1F00,1F00,3F00,99.918E+00,0.000E+00,0.000E+00,110.980E+00,0.000E+00,0.000E+00,0.508E+00,0.000E+00,0.000E+00,99.917E+00,0.000E+00,0.000E+00,0.000E+00,0.000E+00,0.000E+00,100.932E+00,0.000E+00,0.000E+00,98.821E+00,0.000E+00,0.000E+00,21.104E+00,+99999.9E+99,+99999.9E+99,1.056E+00,+99999.9E+99,+99999.9E+99,11.8665E+00,0.00000E+00,0.00000E+00,12.1557E+00,0.00000E+00,0.00000E+00,4.5875E+00,0.00000E+00,0.00000E+00,10.9439E+00,0.00000E+00,0.00000E+00,4.5721E+00,0.00000E+00,0.00000E+00,18.2750E+00,0.0000E+00,0.0000E+00,4.1224E+00,0.0000E+00,0.0000E+00,8.102E+00,+99999.9E+99,+99999.9E+99,64.660E+00,+99999.9E+99,+99999.9E+99,1.09139E+03,0.00000E+03,0.00000E+03,0.00000E+03,0.00000E+03,0.00000E+03,1.18568E+03,0.00000E+03,0.00000E+03,0.00000E+03,0.00000E+03,0.00000E+03,0.46337E+03,0.00000E+03,0.00000E+03,0.00000E+03,0.00000E+03,0.00000E+03,0.92047E+00,0.00000E+00,0.00000E+00,0.90521E+00,0.99565E+00,0.66139E+00,0.000E+00,66.144E+00,133.517E+00,154.851E+00,71.488E+00,2.111E+00,23.005E+00,90.000E+00,90.000E+00,12.6101E+00,0.00000E+00,0.00000E+00,71.279E+00,100.000E+00,100.000E+00,0.31346E+03,0.00000E+03,0.00000E+03,+99999.9E+99,+99999.9E+99,+99999.9E+99,+99999.9E+99,+99999.9E+99,+99999.9E+99,+99999.9E+99,+99999.9E+99,+99999.9E+99,+99999.9E+99,+99999.9E+99,+99999.9E+99,1B00,0,0,0,1B00,76.2688E+00,76.6351E+00,76.5039E+00,76.4692E+00,72.1789E+00,72.8847E+00,72.6243E+00,72.5626E+00,76.2688E+00,76.6351E+00,76.5039E+00,0.0000E+00,0.0000E+00,0.0000E+00,71.3115E+00,71.1936E+00,71.0120E+00,105.781E+00,106.119E+00,105.816E+00,-105.126E+00,-103.989E+00,-104.176E+00,31.751E+00,30.974E+00,31.640E+00,+99999.9E+99,+99999.9E+99,+99999.9E+99,0.254E+00,8.2597E+00,8.2110E+00,8.1524E+00,8.2077E+00,7.3584E+00,7.3244E+00,7.2569E+00,7.3132E+00,8.2591E+00,8.2101E+00,8.1494E+00,-0.1012E+00,-0.1178E+00,0.2199E+00,11.6349E+00,11.6482E+00,12.2758E+00,22.0414E+00,20.8805E+00,20.4195E+00,-18.7100E+00,-19.1519E+00,-19.7519E+00,45.542E+00,44.278E+00,42.248E+00,+99999.9E+99,+99999.9E+99,+99999.9E+99,3.593E+00,0.26086E+03,0.25568E+03,0.26139E+03,0.77793E+03,0.39818E+03,0.42089E+03,0.42713E+03,1.24620E+03,0.36538E+03,0.36356E+03,0.36195E+03,1.09089E+03,0.46578E+03,0.47473E+03,0.49344E+03,1.43344E+03,-0.25585E+03,-0.25847E+03,-0.25036E+03,-0.76467E+03,-0.24167E+03,-0.21958E+03,-0.24708E+03,-0.70832E+03,-0.71393E+00,-0.70327E+00,-0.72218E+00,-0.71312E+00,-0.85487E+00,-0.88660E+00,-0.86561E+00,-0.86938E+00,0.000E+00,120.227E+00,-119.976E+00,61.194E+00,177.694E+00,-59.784E+00,-44.444E+00,-45.310E+00,-43.765E+00,-44.511E+00,202.356E+00,201.730E+00,201.977E+00,95.072E+00,+99999.9E+99,+99999.9E+99,0.00004E+06,-0.00048E+06,0.00000E+00,9.340E+00,0.756E+03,0.00074E+06,43.948E+00,F0F08
2021/11/30,17:34:25,00000:00:50,750,38003F00,700,1C00,1C00,3800,99.918E+00,0.000E+00,0.000E+00,110.980E+00,0.000E+00,0.000E+00,0.508E+00,0.000E+00,0.000E+00,99.917E+00,0.000E+00,0.000E+00,0.000E+00,0.000E+00,0.000E+00,100.932E+00,0.000E+00,0.000E+00,98.821E+00,0.000E+00,0.000E+00,67.100E+00,+99999.9E+99,417.797E+00,1.056E+00,+99999.9E+99,+99999.9E+99,11.8665E+00,0.00000E+00,0.00000E+00,12.1557E+00,0.00000E+00,0.00000E+00,4.5875E+00,0.00000E+00,0.00000E+00,10.9439E+00,0.00000E+00,0.00000E+00,4.1519E+00,0.00000E+00,0.00000E+00,18.2750E+00,0.0000E+00,0.0000E+00,4.1224E+00,0.0000E+00,0.0000E+00,48.625E+00,+99999.9E+99,+99999.9E+99,64.660E+00,+99999.9E+99,+99999.9E+99,1.09139E+03,0.00000E+03,0.00000E+03,0.00000E+03,0.00000E+03,0.00000E+03,1.18568E+03,0.00000E+03,0.00000E+03,0.00000E+03,0.00000E+03,0.00000E+03,0.46337E+03,0.00000E+03,0.00000E+03,0.00000E+03,0.00000E+03,0.00000E+03,0.92047E+00,0.00000E+00,0.00000E+00,0.88430E+00,0.29951E+00,0.90292E+00,0.000E+00,122.236E+00,167.501E+00,152.165E+00,49.664E+00,-37.954E+00,23.005E+00,90.000E+00,90.000E+00,12.6101E+00,0.00000E+00,0.00000E+00,100.002E+00,100.000E+00,100.000E+00,-0.00002E+03,0.00000E+03,0.00000E+03,+99999.9E+99,+99999.9E+99,+99999.9E+99,+99999.9E+99,+99999.9E+99,+99999.9E+99,+99999.9E+99,+99999.9E+99,+99999.9E+99,+99999.9E+99,+99999.9E+99,+99999.9E+99,1B00,0,0,0,1B00,76.8072E+00,77.0515E+00,76.9842E+00,76.9476E+00,71.9739E+00,72.5543E+00,72.3531E+00,72.2938E+00,76.8072E+00,77.0515E+00,76.9842E+00,0.0000E+00,0.0000E+00,0.0000E+00,73.0258E+00,73.2696E+00,73.1322E+00,105.931E+00,106.157E+00,105.677E+00,-105.019E+00,-104.330E+00,-104.627E+00,14.121E+00,14.417E+00,14.503E+00,+99999.9E+99,+99999.9E+99,+99999.9E+99,0.194E+00,12.1821E+00,11.7873E+00,11.9210E+00,11.9635E+00,10.6881E+00,10.3658E+00,10.3240E+00,10.4593E+00,12.1814E+00,11.7834E+00,11.9128E+00,-0.1370E+00,-0.3023E+00,0.4404E+00,5.2349E+00,4.7509E+00,4.9081E+00,27.3386E+00,27.0952E+00,28.4848E+00,-26.0076E+00,-27.0852E+00,-26.3886E+00,54.565E+00,58.778E+00,56.636E+00,+99999.9E+99,+99999.9E+99,+99999.9E+99,4.474E+00,0.37132E+03,0.35373E+03,0.36636E+03,1.09141E+03,0.18874E+03,0.17362E+03,0.18580E+03,0.54816E+03,0.54559E+03,0.52717E+03,0.53395E+03,1.60671E+03,0.21351E+03,0.19830E+03,0.20415E+03,0.61563E+03,-0.39974E+03,-0.39087E+03,-0.38844E+03,-1.17905E+03,-0.09982E+03,-0.09582E+03,-0.08459E+03,-0.28023E+03,-0.68058E+00,-0.67100E+00,-0.68613E+00,-0.67928E+00,-0.88399E+00,-0.87551E+00,-0.91012E+00,-0.89040E+00,0.000E+00,120.015E+00,-119.827E+00,57.982E+00,178.847E+00,-65.396E+00,-47.111E+00,-47.856E+00,-46.675E+00,-47.212E+00,201.180E+00,201.939E+00,201.652E+00,91.517E+00,+99999.9E+99,+99999.9E+99,0.00009E+06,-0.00065E+06,0.00000E+00,12.606E+00,0.757E+03,0.00100E+06,43.586E+00,F0F08
2021/11/30,17:34:26,00000:00:50,800,38003F00,2800,3B00,3B00,3F00,99.995E+00,0.000E+00,0.000E+00,111.065E+00,0.000E+00,0.000E+00,0.504E+00,0.000E+00,0.000E+00,99.993E+00,0.000E+00,0.000E+00,0.000E+00,0.000E+00,0.000E+00,100.979E+00,0.000E+00,0.000E+00,98.789E+00,0.000E+00,0.000E+00,67.100E+00,+99999.9E+99,417.797E+00,1.095E+00,+99999.9E+99,+99999.9E+99,11.4280E+00,0.00000E+00,0.00000E+00,11.5941E+00,0.00000E+00,0.00000E+00,4.6519E+00,0.00000E+00,0.00000E+00,10.4383E+00,0.00000E+00,0.00000E+00,4.1519E+00,0.00000E+00,0.00000E+00,18.1986E+00,0.0000E+00,0.0000E+00,3.9960E+00,0.0000E+00,0.0000E+00,48.625E+00,+99999.9E+99,+99999.9E+99,68.031E+00,+99999.9E+99,+99999.9E+99,1.04167E+03,0.00000E+03,0.00000E+03,0.00000E+03,0.00000E+03,0.00000E+03,1.14274E+03,0.00000E+03,0.00000E+03,0.00000E+03,0.00000E+03,0.00000E+03,0.46987E+03,0.00000E+03,0.00000E+03,0.00000E+03,0.00000E+03,0.00000E+03,0.91155E+00,0.00000E+00,0.00000E+00,0.88430E+00,0.29951E+00,0.90292E+00,0.000E+00,122.236E+00,167.501E+00,152.165E+00,49.664E+00,-37.954E+00,24.279E+00,90.000E+00,90.000E+00,0.00000E+00,0.00000E+00,0.00000E+00,124.879E+00,100.000E+00,100.000E+00,-0.25915E+03,0.00000E+03,0.00000E+03,+99999.9E+99,+99999.9E+99,+99999.9E+99,+99999.9E+99,+99999.9E+99,+99999.9E+99,+99999.9E+99,+99999.9E+99,+99999.9E+99,+99999.9E+99,+99999.9E+99,+99999.9E+99,1B00,0,0,0,1B00,77.2261E+00,77.2064E+00,77.0028E+00,77.1451E+00,72.2490E+00,72.4057E+00,71.8913E+00,72.1820E+00,77.2261E+00,77.2064E+00,77.0028E+00,0.0000E+00,0.0000E+00,0.0000E+00,70.0996E+00,70.4825E+00,70.4262E+00,105.449E+00,105.814E+00,105.593E+00,-104.619E+00,-104.480E+00,-104.416E+00,36.993E+00,37.013E+00,36.880E+00,+99999.9E+99,+99999.9E+99,+99999.9E+99,0.345E+00,13.6422E+00,13.2067E+00,13.5958E+00,13.4816E+00,12.5562E+00,12.1355E+00,12.4955E+00,12.3957E+00,13.6413E+00,13.2067E+00,13.5942E+00,-0.1598E+00,0.0000E+00,0.2112E+00,14.7647E+00,14.1574E+00,14.1654E+00,27.7686E+00,27.1638E+00,28.5171E+00,-26.6214E+00,-27.1767E+00,-26.5071E+00,39.807E+00,41.277E+00,41.236E+00,+99999.9E+99,+99999.9E+99,+99999.9E+99,3.031E+00,0.43137E+03,0.42321E+03,0.44623E+03,1.30082E+03,0.52129E+03,0.48966E+03,0.51065E+03,1.52160E+03,0.61497E+03,0.59503E+03,0.61120E+03,1.82120E+03,0.59655E+03,0.56934E+03,0.57537E+03,1.74081E+03,-0.43829E+03,-0.41827E+03,-0.41767E+03,-1.27423E+03,-0.29006E+03,-0.29049E+03,-0.26511E+03,-0.84566E+03,-0.70146E+00,-0.71124E+00,-0.73009E+00,-0.71426E+00,-0.87383E+00,-0.86004E+00,-0.88752E+00,-0.87408E+00,0.000E+00,119.872E+00,-119.790E+00,59.276E+00,-179.477E+00,-62.508E+00,-45.456E+00,-44.664E+00,-43.106E+00,-44.417E+00,202.124E+00,201.498E+00,201.735E+00,89.451E+00,+99999.9E+99,+99999.9E+99,0.00014E+06,-0.00074E+06,0.00000E+00,14.674E+00,0.757E+03,0.00116E+06,43.806E+00,F0F08
2021/11/30,17:34:26,00000:00:50,850,38003F00,2D00,3F00,3F00,3F00,99.995E+00,0.000E+00,0.000E+00,111.065E+00,0.000E+00,0.000E+00,0.504E+00,0.000E+00,0.000E+00,99.993E+00,0.000E+00,0.000E+00,0.000E+00,0.000E+00,0.000E+00,100.979E+00,0.000E+00,0.000E+00,98.789E+00,0.000E+00,0.000E+00,39.527E+00,+99999.9E+99,+99999.9E+99,1.095E+00,+99999.9E+99,+99999.9E+99,11.4280E+00,0.00000E+00,0.00000E+00,11.5941E+00,0.00000E+00,0.00000E+00,4.6519E+00,0.00000E+00,0.00000E+00,10.4383E+00,0.00000E+00,0.00000E+00,4.1224E+00,0.00000E+00,0.00000E+00,18.1986E+00,0.0000E+00,0.0000E+00,3.9960E+00,0.0000E+00,0.0000E+00,43.692E+00,+99999.9E+99,+99999.9E+99,68.031E+00,+99999.9E+99,+99999.9E+99,1.04167E+03,0.00000E+03,0.00000E+03,0.00000E+03,0.00000E+03,0.00000E+03,1.14274E+03,0.00000E+03,0.00000E+03,0.00000E+03,0.00000E+03,0.00000E+03,0.46987E+03,0.00000E+03,0.00000E+03,0.00000E+03,0.00000E+03,0.00000E+03,0.91155E+00,0.00000E+00,0.00000E+00,0.93706E+00,0.44851E+00,0.49649E+00,0.000E+00,42.805E+00,152.599E+00,159.563E+00,106.157E+00,-147.169E+00,24.279E+00,90.000E+00,90.000E+00,0.00000E+00,0.00000E+00,0.00000E+00,72.630E+00,100.000E+00,100.000E+00,0.28511E+03,0.00000E+03,0.00000E+03,+99999.9E+99,+99999.9E+99,+99999.9E+99,+99999.9E+99,+99999.9E+99,+99999.9E+99,+99999.9E+99,+99999.9E+99,+99999.9E+99,+99999.9E+99,+99999.9E+99,+99999.9E+99,1B00,0,0,0,1B00,76.2727E+00,76.6500E+00,76.5132E+00,76.4786E+00,72.1233E+00,72.8500E+00,72.5856E+00,72.5196E+00,76.2727E+00,76.6500E+00,76.5132E+00,0.0000E+00,0.0000E+00,0.0000E+00,71.9126E+00,71.7371E+00,71.6688E+00,105.739E+00,106.063E+00,105.829E+00,-104.656E+00,-104.530E+00,-105.461E+00,27.191E+00,26.225E+00,26.879E+00,+99999.9E+99,+99999.9E+99,+99999.9E+99,0.204E+00,8.1874E+00,8.1297E+00,8.0557E+00,8.1242E+00,7.2309E+00,7.1857E+00,7.1016E+00,7.1727E+00,8.1865E+00,8.1285E+00,8.0515E+00,-0.1201E+00,-0.1387E+00,0.2598E+00,9.7310E+00,9.9188E+00,10.2690E+00,22.1995E+00,21.0314E+00,20.4229E+00,-18.8924E+00,-19.2119E+00,-19.8338E+00,48.404E+00,45.948E+00,44.397E+00,+99999.9E+99,+99999.9E+99,+99999.9E+99,4.307E+00,0.25450E+03,0.24802E+03,0.25403E+03,0.75656E+03,0.33621E+03,0.36047E+03,0.36406E+03,1.06075E+03,0.36216E+03,0.35988E+03,0.35761E+03,1.07966E+03,0.39096E+03,0.40264E+03,0.41969E+03,1.21268E+03,-0.25766E+03,-0.26077E+03,-0.25170E+03,-0.77013E+03,-0.19954E+03,-0.17939E+03,-0.20879E+03,-0.58772E+03,-0.70273E+00,-0.68917E+00,-0.71036E+00,-0.70074E+00,-0.85994E+00,-0.89527E+00,-0.86747E+00,-0.87471E+00,0.000E+00,120.144E+00,-120.047E+00,60.610E+00,176.568E+00,-60.100E+00,-45.353E+00,-46.435E+00,-44.736E+00,-45.514E+00,201.656E+00,201.965E+00,202.073E+00,95.018E+00,+99999.9E+99,+99999.9E+99,0.00004E+06,-0.00047E+06,0.00000E+00,9.081E+00,0.756E+03,0.00072E+06,43.767E+00,F0F08
2021/11/30,17:34:26,00000:00:50,900,38003F00,2800,3B00,3B00,3F00,99.810E+00,0.000E+00,0.000E+00,110.859E+00,0.000E+00,0.000E+00,0.522E+00,0.000E+00,0.000E+00,99.808E+00,0.000E+00,0.000E+00,0.000E+00,0.000E+00,0.000E+00,101.014E+00,0.000E+00,0.000E+00,98.800E+00,0.000E+00,0.000E+00,39.527E+00,+99999.9E+99,+99999.9E+99,1.109E+00,+99999.9E+99,+99999.9E+99,12.3619E+00,0.00000E+00,0.00000E+00,12.7502E+00,0.00000E+00,0.00000E+00,4.5875E+00,0.00000E+00,0.00000E+00,11.4792E+00,0.00000E+00,0.00000E+00,4.1224E+00,0.00000E+00,0.00000E+00,18.2348E+00,0.0000E+00,0.0000E+00,3.4693E+00,0.0000E+00,0.0000E+00,43.692E+00,+99999.9E+99,+99999.9E+99,64.314E+00,+99999.9E+99,+99999.9E+99,1.14356E+03,0.00000E+03,0.00000E+03,0.00000E+03,0.00000E+03,0.00000E+03,1.23384E+03,0.00000E+03,0.00000E+03,0.00000E+03,0.00000E+03,0.00000E+03,-0.46327E+03,0.00000E+03,0.00000E+03,0.00000E+03,0.00000E+03,0.00000E+03,-0.92684E+00,0.00000E+00,0.00000E+00,0.93706E+00,0.44851E+00,0.49649E+00,0.000E+00,42.805E+00,152.599E+00,159.563E+00,106.157E+00,-147.169E+00,-22.053E+00,90.000E+00,90.000E+00,9.33062E+00,0.00000E+00,0.00000E+00,110.898E+00,100.000E+00,100.000E+00,-0.12463E+03,0.00000E+03,0.00000E+03,+99999.9E+99,+99999.9E+99,+99999.9E+99,+99999.9E+99,+99999.9E+99,+99999.9E+99,+99999.9E+99,+99999.9E+99,+99999.9E+99,+99999.9E+99,+99999.9E+99,+99999.9E+99,1B00,0,0,0,1B00,77.0841E+00,77.1626E+00,77.1140E+00,77.1202E+00,72.1587E+00,72.5201E+00,72.2878E+00,72.3222E+00,77.0841E+00,77.1625E+00,77.1140E+00,0.0000E+00,0.0000E+00,0.0000E+00,72.6735E+00,73.0979E+00,72.9770E+00,105.794E+00,106.064E+00,105.760E+00,-104.503E+00,-104.040E+00,-105.019E+00,15.820E+00,15.813E+00,16.276E+00,+99999.9E+99,+99999.9E+99,+99999.9E+99,0.354E+00,13.4766E+00,13.0058E+00,13.2001E+00,13.2275E+00,12.2733E+00,11.7909E+00,11.8558E+00,11.9733E+00,13.4757E+00,13.0012E+00,13.1906E+00,-0.1570E+00,-0.3432E+00,0.5013E+00,6.1754E+00,5.4632E+00,5.2951E+00,27.8295E+00,27.2143E+00,28.5529E+00,-26.6929E+00,-27.1905E+00,-26.5476E+00,51.389E+00,56.601E+00,58.356E+00,+99999.9E+99,+99999.9E+99,+99999.9E+99,8.041E+00,0.43140E+03,0.40940E+03,0.42739E+03,1.26819E+03,0.21615E+03,0.18421E+03,0.20085E+03,0.60121E+03,0.60716E+03,0.58435E+03,0.59297E+03,1.78449E+03,0.24490E+03,0.21825E+03,0.21966E+03,0.68159E+03,-0.42724E+03,-0.41697E+03,-0.41104E+03,-1.25525E+03,-0.11512E+03,-0.11705E+03,-0.08895E+03,-0.32112E+03,-0.71052E+00,-0.70060E+00,-0.72076E+00,-0.71068E+00,-0.88262E+00,-0.84401E+00,-0.91435E+00,-0.88206E+00,0.000E+00,119.917E+00,-119.746E+00,58.236E+00,-177.706E+00,-65.999E+00,-44.722E+00,-45.525E+00,-43.883E+00,-44.710E+00,201.679E+00,201.334E+00,201.492E+00,90.883E+00,+99999.9E+99,+99999.9E+99,0.00012E+06,-0.00074E+06,0.00000E+00,14.543E+00,0.757E+03,0.00115E+06,43.712E+00,F0F08
2021/11/30,17:34:26,00000:00:50,950,38003800,0,1800,1800,3800,99.916E+00,0.000E+00,0.000E+00,110.977E+00,0.000E+00,0.000E+00,0.512E+00,0.000E+00,0.000E+00,99.915E+00,0.000E+00,0.000E+00,0.000E+00,0.000E+00,0.000E+00,100.907E+00,0.000E+00,0.000E+00,98.818E+00,0.000E+00,0.000E+00,100.889E+00,+99999.9E+99,+99999.9E+99,1.046E+00,+99999.9E+99,+99999.9E+99,11.8952E+00,0.00000E+00,0.00000E+00,12.1890E+00,0.00000E+00,0.00000E+00,4.5899E+00,0.00000E+00,0.00000E+00,10.9740E+00,0.00000E+00,0.00000E+00,3.1322E+00,0.00000E+00,0.00000E+00,18.2481E+00,0.0000E+00,0.0000E+00,4.2419E+00,0.0000E+00,0.0000E+00,102.640E+00,+99999.9E+99,+99999.9E+99,63.816E+00,+99999.9E+99,+99999.9E+99,1.09436E+03,0.00000E+03,0.00000E+03,0.00000E+03,0.00000E+03,0.00000E+03,1.18852E+03,0.00000E+03,0.00000E+03,0.00000E+03,0.00000E+03,0.00000E+03,0.46362E+03,0.00000E+03,0.00000E+03,0.00000E+03,0.00000E+03,0.00000E+03,0.92078E+00,0.00000E+00,0.00000E+00,0.83910E+00,0.99269E+00,0.91093E+00,0.000E+00,88.127E+00,-170.964E+00,147.046E+00,95.059E+00,-146.598E+00,22.960E+00,90.000E+00,90.000E+00,12.6095E+00,0.00000E+00,0.00000E+00,100.227E+00,100.000E+00,100.000E+00,-0.00248E+03,0.00000E+03,0.00000E+03,+99999.9E+99,+99999.9E+99,+99999.9E+99,+99999.9E+99,+99999.9E+99,+99999.9E+99,+99999.9E+99,+99999.9E+99,+99999.9E+99,+99999.9E+99,+99999.9E+99,+99999.9E+99,1B00,0,0,0,1B00,76.7428E+00,77.0849E+00,76.8251E+00,76.8843E+00,72.0209E+00,72.6592E+00,72.1852E+00,72.2884E+00,76.7428E+00,77.0849E+00,76.8251E+00,0.0000E+00,0.0000E+00,0.0000E+00,70.0049E+00,70.2201E+00,70.1398E+00,105.469E+00,106.034E+00,105.524E+00,-104.337E+00,-104.570E+00,-104.709E+00,39.061E+00,38.846E+00,38.832E+00,+99999.9E+99,+99999.9E+99,+99999.9E+99,0.183E+00,11.9927E+00,11.8194E+00,12.1064E+00,11.9728E+00,10.5046E+00,10.4243E+00,10.6161E+00,10.5150E+00,11.9921E+00,11.8194E+00,12.1064E+00,-0.1135E+00,0.0000E+00,0.0000E+00,15.4186E+00,15.0218E+00,15.2083E+00,27.8695E+00,27.1129E+00,28.5533E+00,-26.4448E+00,-27.2433E+00,-26.6071E+00,39.393E+00,40.336E+00,39.438E+00,+99999.9E+99,+99999.9E+99,+99999.9E+99,1.591E+00,0.36006E+03,0.36191E+03,0.37487E+03,1.09685E+03,0.54437E+03,0.52894E+03,0.54494E+03,1.61825E+03,0.53577E+03,0.52942E+03,0.54305E+03,1.60824E+03,0.62213E+03,0.60585E+03,0.61521E+03,1.84306E+03,-0.39674E+03,-0.38640E+03,-0.39291E+03,-1.17604E+03,-0.30119E+03,-0.29542E+03,-0.28552E+03,-0.88213E+03,-0.67205E+00,-0.68360E+00,-0.69031E+00,-0.68202E+00,-0.87500E+00,-0.87306E+00,-0.88578E+00,-0.87802E+00,0.000E+00,119.969E+00,-119.861E+00,59.058E+00,179.116E+00,-62.275E+00,-47.774E+00,-46.874E+00,-46.346E+00,-46.999E+00,201.903E+00,202.278E+00,201.792E+00,90.338E+00,+99999.9E+99,+99999.9E+99,0.00011E+06,-0.00063E+06,0.00000E+00,12.502E+00,0.757E+03,0.00099E+06,43.770E+00,F0F0F
2021/11/30,17:34:26,00000:00:51,0,38003F00,700,1F00,1F00,3F00,99.916E+00,0.000E+00,0.000E+00,110.977E+00,0.000E+00,0.000E+00,0.512E+00,0.000E+00,0.000E+00,99.915E+00,0.000E+00,0.000E+00,0.000E+00,0.000E+00,0.000E+00,100.907E+00,0.000E+00,0.000E+00,98.818E+00,0.000E+00,0.000E+00,100.889E+00,+99999.9E+99,+99999.9E+99,1.046E+00,+99999.9E+99,+99999.9E+99,11.8952E+00,0.00000E+00,0.00000E+00,12.1890E+00,0.00000E+00,0.00000E+00,4.5899E+00,0.00000E+00,0.00000E+00,10.9740E+00,0.00000E+00,0.00000E+00,3.1322E+00,0.00000E+00,0.00000E+00,18.2481E+00,0.0000E+00,0.0000E+00,4.2419E+00,0.0000E+00,0.0000E+00,102.640E+00,+99999.9E+99,+99999.9E+99,63.816E+00,+99999.9E+99,+99999.9E+99,1.09436E+03,0.00000E+03,0.00000E+03,0.00000E+03,0.00000E+03,0.00000E+03,1.18852E+03,0.00000E+03,0.00000E+03,0.00000E+03,0.00000E+03,0.00000E+03,0.46362E+03,0.00000E+03,0.00000E+03,0.00000E+03,0.00000E+03,0.00000E+03,0.92078E+00,0.00000E+00,0.00000E+00,0.83910E+00,0.99269E+00,0.91093E+00,0.000E+00,88.127E+00,-170.964E+00,147.046E+00,95.059E+00,-146.598E+00,22.960E+00,90.000E+00,90.000E+00,12.6095E+00,0.00000E+00,0.00000E+00,78.906E+00,100.000E+00,100.000E+00,0.23084E+03,0.00000E+03,0.00000E+03,+99999.9E+99,+99999.9E+99,+99999.9E+99,+99999.9E+99,+99999.9E+99,+99999.9E+99,+99999.9E+99,+99999.9E+99,+99999.9E+99,+99999.9E+99,+99999.9E+99,+99999.9E+99,1B00,0,0,0,1B00,76.5416E+00,76.6316E+00,76.5683E+00,76.5805E+00,72.4264E+00,72.7860E+00,72.5208E+00,72.5777E+00,76.5416E+00,76.6316E+00,76.5683E+00,0.0000E+00,0.0000E+00,0.0000E+00,72.8523E+00,72.6897E+00,72.6310E+00,105.734E+00,106.091E+00,105.841E+00,-104.484E+00,-105.006E+00,-104.539E+00,18.470E+00,18.018E+00,17.998E+00,+99999.9E+99,+99999.9E+99,+99999.9E+99,0.184E+00,9.6226E+00,9.1108E+00,9.2531E+00,9.3288E+00,8.3245E+00,7.8969E+00,7.9419E+00,8.0544E+00,9.6217E+00,9.1070E+00,9.2444E+00,-0.1372E+00,-0.2625E+00,0.4007E+00,6.1729E+00,6.4698E+00,6.8568E+00,26.1186E+00,24.2252E+00,25.1752E+00,-26.7205E+00,-25.5452E+00,-22.5533E+00,56.522E+00,52.512E+00,49.688E+00,+99999.9E+99,+99999.9E+99,+99999.9E+99,4.651E+00,0.29538E+03,0.27676E+03,0.29137E+03,0.86352E+03,0.22185E+03,0.23786E+03,0.24211E+03,0.70182E+03,0.42798E+03,0.40419E+03,0.41061E+03,1.24278E+03,0.25690E+03,0.26381E+03,0.27709E+03,0.79734E+03,-0.30970E+03,-0.29457E+03,-0.28932E+03,-0.89359E+03,-0.12954E+03,-0.11411E+03,-0.13476E+03,-0.37841E+03,-0.69018E+00,-0.68473E+00,-0.70961E+00,-0.69483E+00,-0.86357E+00,-0.90162E+00,-0.87376E+00,-0.88021E+00,0.000E+00,120.122E+00,-120.053E+00,60.204E+00,175.726E+00,-60.852E+00,-46.356E+00,-46.785E+00,-44.797E+00,-45.987E+00,201.987E+00,201.349E+00,202.098E+00,94.417E+00,+99999.9E+99,+99999.9E+99,0.00005E+06,-0.00054E+06,0.00000E+00,10.295E+00,0.756E+03,0.00082E+06,43.838E+00,F0F0F
2021/11/30,17:34:26,00000:00:51,50,38003F00,500,1F00,1F00,3F00,99.916E+00,0.000E+00,0.000E+00,110.977E+00,0.000E+00,0.000E+00,0.512E+00,0.000E+00,0.000E+00,99.915E+00,0.000E+00,0.000E+00,0.000E+00,0.000E+00,0.000E+00,100.907E+00,0.000E+00,0.000E+00,98.818E+00,0.000E+00,0.000E+00,18.555E+00,+99999.9E+99,+99999.9E+99,1.046E+00,+99999.9E+99,+99999.9E+99,11.8952E+00,0.00000E+00,0.00000E+00,12.1890E+00,0.00000E+00,0.00000E+00,4.5899E+00,0.00000E+00,0.00000E+00,10.9740E+00,0.00000E+00,0.00000E+00,4.6908E+00,0.00000E+00,0.00000E+00,18.2481E+00,0.0000E+00,0.0000E+00,4.2419E+00,0.0000E+00,0.0000E+00,9.005E+00,+99999.9E+99,+99999.9E+99,63.816E+00,+99999.9E+99,+99999.9E+99,1.09436E+03,0.00000E+03,0.00000E+03,0.00000E+03,0.00000E+03,0.00000E+03,1.18852E+03,0.00000E+03,0.00000E+03,0.00000E+03,0.00000E+03,0.00000E+03,0.46362E+03,0.00000E+03,0.00000E+03,0.00000E+03,0.00000E+03,0.00000E+03,0.92078E+00,0.00000E+00,0.00000E+00,0.91824E+00,0.99331E+00,0.98532E+00,0.000E+00,151.461E+00,156.559E+00,156.670E+00,-35.171E+00,-33.270E+00,22.960E+00,90.000E+00,90.000E+00,12.6095E+00,0.00000E+00,0.00000E+00,123.947E+00,100.000E+00,100.000E+00,-0.26206E+03,0.00000E+03,0.00000E+03,+99999.9E+99,+99999.9E+99,+99999.9E+99,+99999.9E+99,+99999.9E+99,+99999.9E+99,+99999.9E+99,+99999.9E+99,+99999.9E+99,+99999.9E+99,+99999.9E+99,+99999.9E+99,1B00,0,0,0,1B00,77.0190E+00,77.4735E+00,77.3251E+00,77.2725E+00,71.7407E+00,72.5916E+00,72.3202E+00,72.2175E+00,77.0190E+00,77.4735E+00,77.3251E+00,0.0000E+00,0.0000E+00,0.0000E+00,71.7105E+00,72.3075E+00,72.0901E+00,105.641E+00,106.001E+00,105.557E+00,-104.386E+00,-104.881E+00,-107.726E+00,25.376E+00,25.583E+00,25.549E+00,+99999.9E+99,+99999.9E+99,+99999.9E+99,0.479E+00,13.9607E+00,13.6440E+00,13.7757E+00,13.7935E+00,13.0456E+00,12.8557E+00,12.8133E+00,12.9049E+00,13.9596E+00,13.6421E+00,13.7699E+00,-0.1752E+00,-0.2246E+00,0.4008E+00,10.2201E+00,9.3402E+00,9.5015E+00,27.6362E+00,27.1848E+00,28.7029E+00,-26.5752E+00,-27.0033E+00,-26.7952E+00,43.850E+00,46.722E+00,46.977E+00,+99999.9E+99,+99999.9E+99,+99999.9E+99,6.828E+00,0.45633E+03,0.44480E+03,0.45529E+03,1.35642E+03,0.37307E+03,0.32635E+03,0.35227E+03,1.05169E+03,0.62895E+03,0.61519E+03,0.62323E+03,1.86738E+03,0.41686E+03,0.37736E+03,0.38208E+03,1.17474E+03,-0.43283E+03,-0.42499E+03,-0.42559E+03,-1.28341E+03,-0.18599E+03,-0.18946E+03,-0.14795E+03,-0.52340E+03,-0.72555E+00,-0.72302E+00,-0.73054E+00,-0.72638E+00,-0.89495E+00,-0.86483E+00,-0.92199E+00,-0.89526E+00,0.000E+00,119.919E+00,-119.636E+00,56.769E+00,179.960E+00,-67.029E+00,-43.486E+00,-43.696E+00,-43.069E+00,-43.416E+00,201.359E+00,202.168E+00,201.102E+00,90.110E+00,+99999.9E+99,+99999.9E+99,0.00013E+06,-0.00078E+06,0.00000E+00,15.410E+00,0.757E+03,0.00122E+06,43.575E+00,F0F08
2021/11/30,17:34:26,00000:00:51,100,38003F00,500,1F00,1F00,3F00,99.916E+00,0.000E+00,0.000E+00,110.977E+00,0.000E+00,0.000E+00,0.512E+00,0.000E+00,0.000E+00,99.915E+00,0.000E+00,0.000E+00,0.000E+00,0.000E+00,0.000E+00,100.907E+00,0.000E+00,0.000E+00,98.818E+00,0.000E+00,0.000E+00,18.555E+00,+99999.9E+99,+99999.9E+99,1.046E+00,+99999.9E+99,+99999.9E+99,11.8952E+00,0.00000E+00,0.00000E+00,12.1890E+00,0.00000E+00,0.00000E+00,4.5899E+00,0.00000E+00,0.00000E+00,10.9740E+00,0.00000E+00,0.00000E+00,4.6908E+00,0.00000E+00,0.00000E+00,18.2481E+00,0.0000E+00,0.0000E+00,4.2419E+00,0.0000E+00,0.0000E+00,9.005E+00,+99999.9E+99,+99999.9E+99,63.816E+00,+99999.9E+99,+99999.9E+99,1.09436E+03,0.00000E+03,0.00000E+03,0.00000E+03,0.00000E+03,0.00000E+03,1.18852E+03,0.00000E+03,0.00000E+03,0.00000E+03,0.00000E+03,0.00000E+03,0.46362E+03,0.00000E+03,0.00000E+03,0.00000E+03,0.00000E+03,0.00000E+03,0.92078E+00,0.00000E+00,0.00000E+00,0.91824E+00,0.99331E+00,0.98532E+00,0.000E+00,151.461E+00,156.559E+00,156.670E+00,-35.171E+00,-33.270E+00,22.960E+00,90.000E+00,90.000E+00,12.6095E+00,0.00000E+00,0.00000E+00,79.861E+00,100.000E+00,100.000E+00,0.22040E+03,0.00000E+03,0.00000E+03,+99999.9E+99,+99999.9E+99,+99999.9E+99,+99999.9E+99,+99999.9E+99,+99999.9E+99,+99999.9E+99,+99999.9E+99,+99999.9E+99,+99999.9E+99,+99999.9E+99,+99999.9E+99,1B00,0,0,0,1B00,76.7120E+00,76.6667E+00,76.3916E+00,76.5901E+00,72.5931E+00,72.7023E+00,72.0498E+00,72.4484E+00,76.7120E+00,76.6667E+00,76.3915E+00,0.0000E+00,0.0000E+00,0.0000E+00,70.7534E+00,70.6522E+00,70.5003E+00,105.760E+00,106.074E+00,105.819E+00,-104.121E+00,-104.511E+00,-104.424E+00,35.788E+00,35.280E+00,35.713E+00,+99999.9E+99,+99999.9E+99,+99999.9E+99,0.210E+00,9.7393E+00,9.3142E+00,9.9338E+00,9.6624E+00,8.4346E+00,8.0726E+00,8.4903E+00,8.3325E+00,9.7386E+00,9.3142E+00,9.9338E+00,-0.1190E+00,0.0000E+00,0.0000E+00,13.4061E+00,13.4715E+00,14.0146E+00,26.3871E+00,24.7157E+00,27.0800E+00,-25.5009E+00,-23.1500E+00,-26.5976E+00,42.855E+00,42.067E+00,40.216E+00,+99999.9E+99,+99999.9E+99,+99999.9E+99,2.522E+00,0.28569E+03,0.28398E+03,0.30429E+03,0.87396E+03,0.46723E+03,0.48313E+03,0.49118E+03,1.44155E+03,0.43330E+03,0.41457E+03,0.44086E+03,1.28873E+03,0.54238E+03,0.54634E+03,0.56346E+03,1.65189E+03,-0.32577E+03,-0.30203E+03,-0.31900E+03,-0.94681E+03,-0.27545E+03,-0.25510E+03,-0.27610E+03,-0.80665E+03,-0.65934E+00,-0.68500E+00,-0.69023E+00,-0.67816E+00,-0.86144E+00,-0.88430E+00,-0.87172E+00,-0.87266E+00,0.000E+00,120.182E+00,-119.990E+00,60.467E+00,177.952E+00,-60.530E+00,-48.751E+00,-46.764E+00,-46.352E+00,-47.300E+00,202.461E+00,201.796E+00,202.638E+00,91.752E+00,+99999.9E+99,+99999.9E+99,0.00007E+06,-0.00052E+06,0.00000E+00,10.118E+00,0.757E+03,0.00080E+06,43.929E+00,F0F08
2021/11/30,17:34:26,00000:00:51,150,38003F00,700,1C00,1C00,3800,99.916E+00,0.000E+00,0.000E+00,110.977E+00,0.000E+00,0.000E+00,0.512E+00,0.000E+00,0.000E+00,99.915E+00,0.000E+00,0.000E+00,0.000E+00,0.000E+00,0.000E+00,100.907E+00,0.000E+00,0.000E+00,98.818E+00,0.000E+00,0.000E+00,68.186E+00,+99999.9E+99,+99999.9E+99,1.046E+00,+99999.9E+99,+99999.9E+99,11.8952E+00,0.00000E+00,0.00000E+00,12.1890E+00,0.00000E+00,0.00000E+00,4.5899E+00,0.00000E+00,0.00000E+00,10.9740E+00,0.00000E+00,0.00000E+00,4.0249E+00,0.00000E+00,0.00000E+00,18.2481E+00,0.0000E+00,0.0000E+00,4.2419E+00,0.0000E+00,0.0000E+00,49.636E+00,+99999.9E+99,+99999.9E+99,63.816E+00,+99999.9E+99,+99999.9E+99,1.09436E+03,0.00000E+03,0.00000E+03,0.00000E+03,0.00000E+03,0.00000E+03,1.18852E+03,0.00000E+03,0.00000E+03,0.00000E+03,0.00000E+03,0.00000E+03,0.46362E+03,0.00000E+03,0.00000E+03,0.00000E+03,0.00000E+03,0.00000E+03,0.92078E+00,0.00000E+00,0.00000E+00,0.88212E+00,0.97065E+00,0.06713E+00,0.000E+00,15.235E+00,172.231E+00,151.899E+00,-178.679E+00,86.080E+00,22.960E+00,90.000E+00,90.000E+00,12.6095E+00,0.00000E+00,0.00000E+00,92.358E+00,100.000E+00,100.000E+00,0.08363E+03,0.00000E+03,0.00000E+03,+99999.9E+99,+99999.9E+99,+99999.9E+99,+99999.9E+99,+99999.9E+99,+99999.9E+99,+99999.9E+99,+99999.9E+99,+99999.9E+99,+99999.9E+99,+99999.9E+99,+99999.9E+99,1B00,0,0,0,1B00,76.5153E+00,77.0454E+00,77.0309E+00,76.8638E+00,71.7460E+00,72.7037E+00,72.6793E+00,72.3763E+00,76.5153E+00,77.0454E+00,77.0309E+00,0.0000E+00,0.0000E+00,0.0000E+00,73.1418E+00,73.2526E+00,73.1358E+00,105.850E+00,106.127E+00,105.801E+00,-104.541E+00,-104.891E+00,-104.643E+00,13.919E+00,13.856E+00,14.163E+00,+99999.9E+99,+99999.9E+99,+99999.9E+99,0.104E+00,11.5121E+00,11.3172E+00,11.0988E+00,11.3094E+00,9.8199E+00,9.7324E+00,9.4139E+00,9.6554E+00,11.5109E+00,11.3101E+00,11.0841E+00,-0.1687E+00,-0.4016E+00,0.5715E+00,4.8025E+00,4.5595E+00,4.8082E+00,27.5976E+00,27.0405E+00,28.5467E+00,-26.4100E+00,-27.2657E+00,-26.0519E+00,58.741E+00,60.059E+00,56.588E+00,+99999.9E+99,+99999.9E+99,+99999.9E+99,2.821E+00,0.34745E+03,0.33031E+03,0.33297E+03,1.01073E+03,0.17274E+03,0.16924E+03,0.17892E+03,0.52090E+03,0.51331E+03,0.50440E+03,0.49746E+03,1.51516E+03,0.19864E+03,0.19143E+03,0.20047E+03,0.59041E+03,-0.37784E+03,-0.38120E+03,-0.36959E+03,-1.12862E+03,-0.09807E+03,-0.08945E+03,-0.09042E+03,-0.27794E+03,-0.67689E+00,-0.65486E+00,-0.66934E+00,-0.66708E+00,-0.86963E+00,-0.88411E+00,-0.89251E+00,-0.88227E+00,0.000E+00,120.054E+00,-119.901E+00,59.631E+00,177.861E+00,-63.087E+00,-47.399E+00,-49.091E+00,-47.984E+00,-48.158E+00,201.348E+00,202.130E+00,201.417E+00,93.088E+00,+99999.9E+99,+99999.9E+99,0.00007E+06,-0.00061E+06,0.00000E+00,11.874E+00,0.757E+03,0.00094E+06,43.629E+00,F0F08
2021/11/30,17:34:26,00000:00:51,200,38003F00,2800,3B00,3B00,3F00,99.989E+00,0.000E+00,0.000E+00,111.059E+00,0.000E+00,0.000E+00,0.511E+00,0.000E+00,0.000E+00,99.988E+00,0.000E+00,0.000E+00,0.000E+00,0.000E+00,0.000E+00,100.961E+00,0.000E+00,0.000E+00,98.829E+00,0.000E+00,0.000E+00,68.186E+00,+99999.9E+99,+99999.9E+99,1.066E+00,+99999.9E+99,+99999.9E+99,11.5059E+00,0.00000E+00,0.00000E+00,11.6630E+00,0.00000E+00,0.00000E+00,4.7040E+00,0.00000E+00,0.00000E+00,10.5003E+00,0.00000E+00,0.00000E+00,4.0249E+00,0.00000E+00,0.00000E+00,18.3036E+00,0.0000E+00,0.0000E+00,3.3790E+00,0.0000E+00,0.0000E+00,49.636E+00,+99999.9E+99,+99999.9E+99,71.067E+00,+99999.9E+99,+99999.9E+99,1.04776E+03,0.00000E+03,0.00000E+03,0.00000E+03,0.00000E+03,0.00000E+03,1.15047E+03,0.00000E+03,0.00000E+03,0.00000E+03,0.00000E+03,0.00000E+03,0.47515E+03,0.00000E+03,0.00000E+03,0.00000E+03,0.00000E+03,0.00000E+03,0.91073E+00,0.00000E+00,0.00000E+00,0.88212E+00,0.97065E+00,0.06713E+00,0.000E+00,15.235E+00,172.231E+00,151.899E+00,-178.679E+00,86.080E+00,24.394E+00,90.000E+00,90.000E+00,0.00000E+00,0.00000E+00,0.00000E+00,123.601E+00,100.000E+00,100.000E+00,-0.24728E+03,0.00000E+03,0.00000E+03,+99999.9E+99,+99999.9E+99,+99999.9E+99,+99999.9E+99,+99999.9E+99,+99999.9E+99,+99999.9E+99,+99999.9E+99,+99999.9E+99,+99999.9E+99,+99999.9E+99,+99999.9E+99,1B00,0,0,0,1B00,77.2176E+00,77.2255E+00,76.9897E+00,77.1443E+00,72.2319E+00,72.4407E+00,71.8664E+00,72.1797E+00,77.2176E+00,77.2255E+00,76.9897E+00,0.0000E+00,0.0000E+00,0.0000E+00,70.4882E+00,71.0336E+00,70.9281E+00,105.139E+00,105.554E+00,105.459E+00,-104.463E+00,-104.701E+00,-104.539E+00,34.386E+00,34.569E+00,34.516E+00,+99999.9E+99,+99999.9E+99,+99999.9E+99,0.472E+00,13.6001E+00,13.1576E+00,13.5524E+00,13.4367E+00,12.5233E+00,12.0957E+00,12.4578E+00,12.3589E+00,13.5993E+00,13.1576E+00,13.5512E+00,-0.1506E+00,0.0000E+00,0.1803E+00,13.9580E+00,13.0689E+00,13.0209E+00,27.5924E+00,27.2048E+00,28.4700E+00,-26.7381E+00,-27.0324E+00,-26.8014E+00,39.919E+00,42.079E+00,42.661E+00,+99999.9E+99,+99999.9E+99,+99999.9E+99,4.313E+00,0.42952E+03,0.42110E+03,0.44442E+03,1.29504E+03,0.49576E+03,0.45413E+03,0.47721E+03,1.42710E+03,0.61299E+03,0.59286E+03,0.60924E+03,1.81509E+03,0.56119E+03,0.52768E+03,0.53068E+03,1.61867E+03,-0.43735E+03,-0.41732E+03,-0.41672E+03,-1.27139E+03,-0.26298E+03,-0.26873E+03,-0.23214E+03,-0.76385E+03,-0.70069E+00,-0.71029E+00,-0.72947E+00,-0.71349E+00,-0.88341E+00,-0.86061E+00,-0.89925E+00,-0.88165E+00,0.000E+00,119.847E+00,-119.694E+00,58.199E+00,-179.591E+00,-63.957E+00,-45.518E+00,-44.741E+00,-43.158E+00,-44.481E+00,202.096E+00,201.489E+00,201.933E+00,89.498E+00,+99999.9E+99,+99999.9E+99,0.00014E+06,-0.00074E+06,0.00000E+00,14.609E+00,0.758E+03,0.00116E+06,43.770E+00,F0F08
2021/11/30,17:34:26,00000:00:51,250,38003F00,2D00,3F00,3F00,3F00,99.989E+00,0.000E+00,0.000E+00,111.059E+00,0.000E+00,0.000E+00,0.511E+00,0.000E+00,0.000E+00,99.988E+00,0.000E+00,0.000E+00,0.000E+00,0.000E+00,0.000E+00,100.961E+00,0.000E+00,0.000E+00,98.829E+00,0.000E+00,0.000E+00,38.012E+00,+99999.9E+99,427.283E+00,1.066E+00,+99999.9E+99,+99999.9E+99,11.5059E+00,0.00000E+00,0.00000E+00,11.6630E+00,0.00000E+00,0.00000E+00,4.7040E+00,0.00000E+00,0.00000E+00,10.5003E+00,0.00000E+00,0.00000E+00,4.3035E+00,0.00000E+00,0.00000E+00,18.3036E+00,0.0000E+00,0.0000E+00,3.3790E+00,0.0000E+00,0.0000E+00,43.631E+00,+99999.9E+99,+99999.9E+99,71.067E+00,+99999.9E+99,+99999.9E+99,1.04776E+03,0.00000E+03,0.00000E+03,0.00000E+03,0.00000E+03,0.00000E+03,1.15047E+03,0.00000E+03,0.00000E+03,0.00000E+03,0.00000E+03,0.00000E+03,0.47515E+03,0.00000E+03,0.00000E+03,0.00000E+03,0.00000E+03,0.00000E+03,0.91073E+00,0.00000E+00,0.00000E+00,0.93709E+00,0.03304E+00,0.98601E+00,0.000E+00,-66.502E+00,158.672E+00,159.569E+00,25.391E+00,-30.924E+00,24.394E+00,90.000E+00,90.000E+00,0.00000E+00,0.00000E+00,0.00000E+00,69.995E+00,100.000E+00,100.000E+00,0.31438E+03,0.00000E+03,0.00000E+03,+99999.9E+99,+99999.9E+99,+99999.9E+99,+99999.9E+99,+99999.9E+99,+99999.9E+99,+99999.9E+99,+99999.9E+99,+99999.9E+99,+99999.9E+99,+99999.9E+99,+99999.9E+99,1B00,0,0,0,1B00,76.2825E+00,76.6561E+00,76.5123E+00,76.4836E+00,72.0805E+00,72.7960E+00,72.5302E+00,72.4689E+00,76.2824E+00,76.6561E+00,76.5123E+00,0.0000E+00,0.0000E+00,0.0000E+00,71.9287E+00,71.7825E+00,71.6998E+00,105.744E+00,106.119E+00,105.829E+00,-105.011E+00,-104.587E+00,-104.314E+00,27.104E+00,26.086E+00,26.904E+00,+99999.9E+99,+99999.9E+99,+99999.9E+99,0.188E+00,8.0132E+00,7.9368E+00,7.8603E+00,7.9368E+00,7.0980E+00,7.0364E+00,6.9555E+00,7.0299E+00,8.0125E+00,7.9356E+00,7.8566E+00,-0.1064E+00,-0.1339E+00,0.2413E+00,9.7051E+00,9.8791E+00,10.2541E+00,21.7814E+00,20.4243E+00,20.0876E+00,-18.6700E+00,-19.1886E+00,-19.3281E+00,48.531E+00,46.031E+00,44.479E+00,+99999.9E+99,+99999.9E+99,+99999.9E+99,4.413E+00,0.24713E+03,0.24006E+03,0.24619E+03,0.73339E+03,0.33475E+03,0.35914E+03,0.36361E+03,1.05750E+03,0.35430E+03,0.35130E+03,0.34881E+03,1.05441E+03,0.38997E+03,0.40134E+03,0.41941E+03,1.21009E+03,-0.25389E+03,-0.25648E+03,-0.24710E+03,-0.75746E+03,-0.20005E+03,-0.17915E+03,-0.20903E+03,-0.58823E+03,-0.69751E+00,-0.68336E+00,-0.70581E+00,-0.69554E+00,-0.85840E+00,-0.89484E+00,-0.86695E+00,-0.87390E+00,0.000E+00,120.144E+00,-120.026E+00,60.797E+00,176.616E+00,-60.027E+00,-45.772E+00,-46.893E+00,-45.105E+00,-45.930E+00,201.792E+00,202.060E+00,202.018E+00,95.501E+00,+99999.9E+99,+99999.9E+99,0.00003E+06,-0.00046E+06,0.00000E+00,8.846E+00,0.756E+03,0.00070E+06,43.801E+00,F0F08
2021/11/30,17:34:26,00000:00:51,300,38003F00,2800,3B00,3B00,3F00,99.823E+00,0.000E+00,0.000E+00,110.874E+00,0.000E+00,0.000E+00,0.522E+00,0.000E+00,0.000E+00,99.822E+00,0.000E+00,0.000E+00,0.000E+00,0.000E+00,0.000E+00,100.939E+00,0.000E+00,0.000E+00,98.761E+00,0.000E+00,0.000E+00,38.012E+00,+99999.9E+99,427.283E+00,1.091E+00,+99999.9E+99,+99999.9E+99,12.2154E+00,0.00000E+00,0.00000E+00,12.5763E+00,0.00000E+00,0.00000E+00,4.5842E+00,0.00000E+00,0.00000E+00,11.3226E+00,0.00000E+00,0.00000E+00,4.3035E+00,0.00000E+00,0.00000E+00,18.3067E+00,0.0000E+00,0.0000E+00,3.3857E+00,0.0000E+00,0.0000E+00,43.631E+00,+99999.9E+99,+99999.9E+99,65.890E+00,+99999.9E+99,+99999.9E+99,1.12809E+03,0.00000E+03,0.00000E+03,0.00000E+03,0.00000E+03,0.00000E+03,1.21938E+03,0.00000E+03,0.00000E+03,0.00000E+03,0.00000E+03,0.00000E+03,-0.46293E+03,0.00000E+03,0.00000E+03,0.00000E+03,0.00000E+03,0.00000E+03,-0.92513E+00,0.00000E+00,0.00000E+00,0.93709E+00,0.03304E+00,0.98601E+00,0.000E+00,-66.502E+00,158.672E+00,159.569E+00,25.391E+00,-30.924E+00,-22.312E+00,90.000E+00,90.000E+00,9.33581E+00,0.00000E+00,0.00000E+00,112.188E+00,100.000E+00,100.000E+00,-0.13749E+03,0.00000E+03,0.00000E+03,+99999.9E+99,+99999.9E+99,+99999.9E+99,+99999.9E+99,+99999.9E+99,+99999.9E+99,+99999.9E+99,+99999.9E+99,+99999.9E+99,+99999.9E+99,+99999.9E+99,+99999.9E+99,1B00,0,0,0,1B00,77.0759E+00,77.1366E+00,77.1058E+00,77.1061E+00,72.1479E+00,72.4849E+00,72.2776E+00,72.3035E+00,77.0759E+00,77.1366E+00,77.1057E+00,0.0000E+00,0.0000E+00,0.0000E+00,72.7003E+00,73.1481E+00,73.0089E+00,105.853E+00,106.091E+00,105.786E+00,-105.031E+00,-104.840E+00,-104.617E+00,16.142E+00,16.250E+00,16.634E+00,+99999.9E+99,+99999.9E+99,+99999.9E+99,0.370E+00,13.4611E+00,12.9782E+00,13.1842E+00,13.2078E+00,12.2656E+00,11.7691E+00,11.8470E+00,11.9605E+00,13.4599E+00,12.9745E+00,13.1752E+00,-0.1753E+00,-0.3096E+00,0.4860E+00,6.3888E+00,5.6466E+00,5.5482E+00,27.7809E+00,27.1481E+00,28.5652E+00,-26.7567E+00,-27.2381E+00,-26.5714E+00,50.054E+00,55.178E+00,56.075E+00,+99999.9E+99,+99999.9E+99,+99999.9E+99,7.850E+00,0.43051E+03,0.40818E+03,0.42689E+03,1.26558E+03,0.22818E+03,0.19554E+03,0.21338E+03,0.63710E+03,0.60642E+03,0.58290E+03,0.59205E+03,1.78137E+03,0.25606E+03,0.22809E+03,0.23121E+03,0.71414E+03,-0.42709E+03,-0.41613E+03,-0.41023E+03,-1.25345E+03,-0.11620E+03,-0.11742E+03,-0.08901E+03,-0.32263E+03,-0.70992E+00,-0.70026E+00,-0.72104E+00,-0.71045E+00,-0.89111E+00,-0.85730E+00,-0.92292E+00,-0.89213E+00,0.000E+00,119.920E+00,-119.729E+00,57.194E+00,-179.159E+00,-67.230E+00,-44.772E+00,-45.552E+00,-43.860E+00,-44.728E+00,201.437E+00,201.213E+00,201.491E+00,90.947E+00,+99999.9E+99,+99999.9E+99,0.00011E+06,-0.00074E+06,0.00000E+00,14.525E+00,0.757E+03,0.00115E+06,43.650E+00,F0F08
2021/11/30,17:34:26,00000:00:51,350,38003800,0,1800,1800,3800,99.914E+00,0.000E+00,0.000E+00,110.975E+00,0.000E+00,0.000E+00,0.510E+00,0.000E+00,0.000E+00,99.913E+00,0.000E+00,0.000E+00,0.000E+00,0.000E+00,0.000E+00,100.914E+00,0.000E+00,0.000E+00,98.829E+00,0.000E+00,0.000E+00,91.562E+00,326.921E+00,+99999.9E+99,1.044E+00,+99999.9E+99,+99999.9E+99,11.9120E+00,0.00000E+00,0.00000E+00,12.2081E+00,0.00000E+00,0.00000E+00,4.5924E+00,0.00000E+00,0.00000E+00,10.9911E+00,0.00000E+00,0.00000E+00,3.2805E+00,0.00000E+00,0.00000E+00,18.2174E+00,0.0000E+00,0.0000E+00,4.2307E+00,0.0000E+00,0.0000E+00,91.888E+00,+99999.9E+99,+99999.9E+99,63.627E+00,+99999.9E+99,+99999.9E+99,1.09606E+03,0.00000E+03,0.00000E+03,0.00000E+03,0.00000E+03,0.00000E+03,1.19018E+03,0.00000E+03,0.00000E+03,0.00000E+03,0.00000E+03,0.00000E+03,0.46387E+03,0.00000E+03,0.00000E+03,0.00000E+03,0.00000E+03,0.00000E+03,0.92092E+00,0.00000E+00,0.00000E+00,0.83653E+00,0.87188E+00,0.75627E+00,0.000E+00,-72.852E+00,138.370E+00,146.776E+00,77.825E+00,97.506E+00,22.939E+00,90.000E+00,90.000E+00,12.6126E+00,0.00000E+00,0.00000E+00,100.067E+00,100.000E+00,100.000E+00,-0.00074E+03,0.00000E+03,0.00000E+03,+99999.9E+99,+99999.9E+99,+99999.9E+99,+99999.9E+99,+99999.9E+99,+99999.9E+99,+99999.9E+99,+99999.9E+99,+99999.9E+99,+99999.9E+99,+99999.9E+99,+99999.9E+99,1B00,0,0,0,1B00,76.7396E+00,77.0698E+00,76.8283E+00,76.8792E+00,72.0277E+00,72.6471E+00,72.1918E+00,72.2889E+00,76.7396E+00,77.0698E+00,76.8283E+00,0.0000E+00,0.0000E+00,0.0000E+00,69.9852E+00,70.2136E+00,70.1231E+00,105.410E+00,105.929E+00,105.509E+00,-104.204E+00,-104.553E+00,-104.427E+00,39.062E+00,38.856E+00,38.825E+00,+99999.9E+99,+99999.9E+99,+99999.9E+99,0.196E+00,11.9789E+00,11.8131E+00,12.0933E+00,11.9618E+00,10.4939E+00,10.4134E+00,10.6092E+00,10.5055E+00,11.9782E+00,11.8131E+00,12.0933E+00,-0.1356E+00,0.0000E+00,0.0000E+00,15.4261E+00,15.0168E+00,15.2187E+00,27.6419E+00,27.1743E+00,28.4805E+00,-26.2995E+00,-27.0976E+00,-26.4267E+00,39.370E+00,40.356E+00,39.408E+00,+99999.9E+99,+99999.9E+99,+99999.9E+99,1.639E+00,0.36002E+03,0.36203E+03,0.37475E+03,1.09680E+03,0.54421E+03,0.52861E+03,0.54541E+03,1.61823E+03,0.53518E+03,0.52895E+03,0.54239E+03,1.60652E+03,0.62216E+03,0.60544E+03,0.61555E+03,1.84301E+03,-0.39599E+03,-0.38565E+03,-0.39211E+03,-1.17374E+03,-0.30152E+03,-0.29517E+03,-0.28535E+03,-0.88204E+03,-0.67271E+00,-0.68442E+00,-0.69092E+00,-0.68271E+00,-0.87471E+00,-0.87311E+00,-0.88606E+00,-0.87804E+00,0.000E+00,119.972E+00,-119.850E+00,59.098E+00,179.109E+00,-62.300E+00,-47.724E+00,-46.810E+00,-46.297E+00,-46.944E+00,202.107E+00,202.252E+00,201.758E+00,90.293E+00,+99999.9E+99,+99999.9E+99,0.00011E+06,-0.00063E+06,0.00000E+00,12.499E+00,0.757E+03,0.00099E+06,43.843E+00,F0F0F
2021/11/30,17:34:26,00000:00:51,400,38003F00,700,1F00,1F00,3F00,99.914E+00,0.000E+00,0.000E+00,110.975E+00,0.000E+00,0.000E+00,0.510E+00,0.000E+00,0.000E+00,99.913E+00,0.000E+00,0.000E+00,0.000E+00,0.000E+00,0.000E+00,100.914E+00,0.000E+00,0.000E+00,98.829E+00,0.000E+00,0.000E+00,91.562E+00,326.921E+00,+99999.9E+99,1.044E+00,+99999.9E+99,+99999.9E+99,11.9120E+00,0.00000E+00,0.00000E+00,12.2081E+00,0.00000E+00,0.00000E+00,4.5924E+00,0.00000E+00,0.00000E+00,10.9911E+00,0.00000E+00,0.00000E+00,3.2805E+00,0.00000E+00,0.00000E+00,18.2174E+00,0.0000E+00,0.0000E+00,4.2307E+00,0.0000E+00,0.0000E+00,91.888E+00,+99999.9E+99,+99999.9E+99,63.627E+00,+99999.9E+99,+99999.9E+99,1.09606E+03,0.00000E+03,0.00000E+03,0.00000E+03,0.00000E+03,0.00000E+03,1.19018E+03,0.00000E+03,0.00000E+03,0.00000E+03,0.00000E+03,0.00000E+03,0.46387E+03,0.00000E+03,0.00000E+03,0.00000E+03,0.00000E+03,0.00000E+03,0.92092E+00,0.00000E+00,0.00000E+00,0.83653E+00,0.87188E+00,0.75627E+00,0.000E+00,-72.852E+00,138.370E+00,146.776E+00,77.825E+00,97.506E+00,22.939E+00,90.000E+00,90.000E+00,12.6126E+00,0.00000E+00,0.00000E+00,78.741E+00,100.000E+00,100.000E+00,0.23301E+03,0.00000E+03,0.00000E+03,+99999.9E+99,+99999.9E+99,+99999.9E+99,+99999.9E+99,+99999.9E+99,+99999.9E+99,+99999.9E+99,+99999.9E+99,+99999.9E+99,+99999.9E+99,+99999.9E+99,+99999.9E+99,1B00,0,0,0,1B00,76.5603E+00,76.5959E+00,76.5566E+00,76.5709E+00,72.4594E+00,72.7497E+00,72.5109E+00,72.5733E+00,76.5603E+00,76.5959E+00,76.5565E+00,0.0000E+00,0.0000E+00,0.0000E+00,72.8376E+00,72.6861E+00,72.6164E+00,105.853E+00,106.076E+00,105.703E+00,-105.029E+00,-104.241E+00,-104.971E+00,18.459E+00,18.020E+00,18.061E+00,+99999.9E+99,+99999.9E+99,+99999.9E+99,0.180E+00,9.6232E+00,9.1065E+00,9.2354E+00,9.3217E+00,8.3229E+00,7.8950E+00,7.9291E+00,8.0490E+00,9.6220E+00,9.1027E+00,9.2260E+00,-0.1535E+00,-0.2619E+00,0.4163E+00,6.1733E+00,6.4513E+00,6.8539E+00,26.3571E+00,24.2657E+00,25.1224E+00,-26.7695E+00,-25.3567E+00,-22.5310E+00,56.508E+00,52.533E+00,49.712E+00,+99999.9E+99,+99999.9E+99,+99999.9E+99,4.716E+00,0.29574E+03,0.27637E+03,0.29093E+03,0.86305E+03,0.22162E+03,0.23741E+03,0.24238E+03,0.70141E+03,0.42817E+03,0.40389E+03,0.40953E+03,1.24159E+03,0.25676E+03,0.26319E+03,0.27711E+03,0.79659E+03,-0.30962E+03,-0.29453E+03,-0.28823E+03,-0.89237E+03,-0.12964E+03,-0.11360E+03,-0.13434E+03,-0.37758E+03,-0.69072E+00,-0.68427E+00,-0.71041E+00,-0.69512E+00,-0.86316E+00,-0.90205E+00,-0.87464E+00,-0.88052E+00,0.000E+00,120.127E+00,-120.043E+00,60.255E+00,175.670E+00,-60.946E+00,-46.313E+00,-46.821E+00,-44.732E+00,-45.964E+00,201.685E+00,201.344E+00,202.098E+00,94.373E+00,+99999.9E+99,+99999.9E+99,0.00005E+06,-0.00054E+06,0.00000E+00,10.285E+00,0.756E+03,0.00081E+06,43.757E+00,F0F0F
2021/11/30,17:34:26,00000:00:51,450,38003F00,700,1F00,1F00,3F00,99.914E+00,0.000E+00,0.000E+00,110.975E+00,0.000E+00,0.000E+00,0.510E+00,0.000E+00,0.000E+00,99.913E+00,0.000E+00,0.000E+00,0.000E+00,0.000E+00,0.000E+00,100.914E+00,0.000E+00,0.000E+00,98.829E+00,0.000E+00,0.000E+00,18.521E+00,492.547E+00,331.971E+00,1.044E+00,+99999.9E+99,+99999.9E+99,11.9120E+00,0.00000E+00,0.00000E+00,12.2081E+00,0.00000E+00,0.00000E+00,4.5924E+00,0.00000E+00,0.00000E+00,10.9911E+00,0.00000E+00,0.00000E+00,4.6972E+00,0.00000E+00,0.00000E+00,18.2174E+00,0.0000E+00,0.0000E+00,4.2307E+00,0.0000E+00,0.0000E+00,8.841E+00,+99999.9E+99,+99999.9E+99,63.627E+00,+99999.9E+99,+99999.9E+99,1.09606E+03,0.00000E+03,0.00000E+03,0.00000E+03,0.00000E+03,0.00000E+03,1.19018E+03,0.00000E+03,0.00000E+03,0.00000E+03,0.00000E+03,0.00000E+03,0.46387E+03,0.00000E+03,0.00000E+03,0.00000E+03,0.00000E+03,0.00000E+03,0.92092E+00,0.00000E+00,0.00000E+00,0.91818E+00,0.49308E+00,0.74075E+00,0.000E+00,-120.632E+00,163.696E+00,156.661E+00,119.825E+00,121.492E+00,22.939E+00,90.000E+00,90.000E+00,12.6126E+00,0.00000E+00,0.00000E+00,124.054E+00,100.000E+00,100.000E+00,-0.26365E+03,0.00000E+03,0.00000E+03,+99999.9E+99,+99999.9E+99,+99999.9E+99,+99999.9E+99,+99999.9E+99,+99999.9E+99,+99999.9E+99,+99999.9E+99,+99999.9E+99,+99999.9E+99,+99999.9E+99,+99999.9E+99,1B00,0,0,0,1B00,77.0020E+00,77.4773E+00,77.3314E+00,77.2703E+00,71.7099E+00,72.5781E+00,72.3206E+00,72.2029E+00,77.0020E+00,77.4773E+00,77.3314E+00,0.0000E+00,0.0000E+00,0.0000E+00,72.2893E+00,72.7658E+00,72.6331E+00,105.740E+00,106.130E+00,105.557E+00,-104.247E+00,-105.237E+00,-104.704E+00,20.271E+00,20.353E+00,20.666E+00,+99999.9E+99,+99999.9E+99,+99999.9E+99,0.399E+00,13.9878E+00,13.6791E+00,13.8125E+00,13.8265E+00,13.0713E+00,12.8908E+00,12.8495E+00,12.9372E+00,13.9869E+00,13.6770E+00,13.8068E+00,-0.1616E+00,-0.2346E+00,0.3973E+00,8.1034E+00,7.4750E+00,7.3319E+00,27.8229E+00,27.1129E+00,28.5448E+00,-26.5481E+00,-27.1895E+00,-26.5924E+00,46.679E+00,49.292E+00,50.890E+00,+99999.9E+99,+99999.9E+99,+99999.9E+99,7.266E+00,0.45717E+03,0.44607E+03,0.45647E+03,1.35971E+03,0.29660E+03,0.25729E+03,0.27752E+03,0.83141E+03,0.62994E+03,0.61675E+03,0.62516E+03,1.87185E+03,0.33036E+03,0.29730E+03,0.30001E+03,0.92631E+03,-0.43339E+03,-0.42591E+03,-0.42715E+03,-1.28645E+03,-0.14548E+03,-0.14896E+03,-0.11398E+03,-0.40842E+03,-0.72573E+00,-0.72326E+00,-0.73017E+00,-0.72640E+00,-0.89781E+00,-0.86543E+00,-0.92502E+00,-0.89755E+00,0.000E+00,119.894E+00,-119.724E+00,56.348E+00,179.905E+00,-67.558E+00,-43.470E+00,-43.676E+00,-43.100E+00,-43.415E+00,201.745E+00,202.206E+00,201.061E+00,90.106E+00,+99999.9E+99,+99999.9E+99,0.00013E+06,-0.00078E+06,0.00000E+00,15.447E+00,0.757E+03,0.00123E+06,43.687E+00,F0F08
2021/11/30,17:34:26,00000:00:51,500,38003F00,500,1F00,1F00,3F00,99.914E+00,0.000E+00,0.000E+00,110.975E+00,0.000E+00,0.000E+00,0.510E+00,0.000E+00,0.000E+00,99.913E+00,0.000E+00,0.000E+00,0.000E+00,0.000E+00,0.000E+00,100.914E+00,0.000E+00,0.000E+00,98.829E+00,0.000E+00,0.000E+00,67.668E+00,+99999.9E+99,+99999.9E+99,1.044E+00,+99999.9E+99,+99999.9E+99,11.9120E+00,0.00000E+00,0.00000E+00,12.2081E+00,0.00000E+00,0.00000E+00,4.5924E+00,0.00000E+00,0.00000E+00,10.9911E+00,0.00000E+00,0.00000E+00,4.0435E+00,0.00000E+00,0.00000E+00,18.2174E+00,0.0000E+00,0.0000E+00,4.2307E+00,0.0000E+00,0.0000E+00,49.053E+00,+99999.9E+99,+99999.9E+99,63.627E+00,+99999.9E+99,+99999.9E+99,1.09606E+03,0.00000E+03,0.00000E+03,0.00000E+03,0.00000E+03,0.00000E+03,1.19018E+03,0.00000E+03,0.00000E+03,0.00000E+03,0.00000E+03,0.00000E+03,0.46387E+03,0.00000E+03,0.00000E+03,0.00000E+03,0.00000E+03,0.00000E+03,0.92092E+00,0.00000E+00,0.00000E+00,0.88269E+00,0.99998E+00,0.99297E+00,0.000E+00,-0.731E+00,152.891E+00,151.969E+00,178.887E+00,-33.905E+00,22.939E+00,90.000E+00,90.000E+00,12.6126E+00,0.00000E+00,0.00000E+00,79.992E+00,100.000E+00,100.000E+00,0.21930E+03,0.00000E+03,0.00000E+03,+99999.9E+99,+99999.9E+99,+99999.9E+99,+99999.9E+99,+99999.9E+99,+99999.9E+99,+99999.9E+99,+99999.9E+99,+99999.9E+99,+99999.9E+99,+99999.9E+99,+99999.9E+99,1B00,0,0,0,1B00,76.7077E+00,76.6844E+00,76.3849E+00,76.5923E+00,72.5651E+00,72.7201E+00,72.0373E+00,72.4408E+00,76.7077E+00,76.6844E+00,76.3849E+00,0.0000E+00,0.0000E+00,0.0000E+00,70.2636E+00,70.2839E+00,70.1678E+00,105.670E+00,106.041E+00,105.760E+00,-104.237E+00,-104.677E+00,-105.097E+00,38.324E+00,37.953E+00,38.126E+00,+99999.9E+99,+99999.9E+99,+99999.9E+99,0.095E+00,9.7590E+00,9.3350E+00,9.9537E+00,9.6826E+00,8.4620E+00,8.0969E+00,8.5077E+00,8.3556E+00,9.7583E+00,9.3350E+00,9.9537E+00,-0.1141E+00,0.0000E+00,0.0000E+00,14.7443E+00,14.6401E+00,14.9939E+00,26.2843E+00,24.8895E+00,27.2910E+00,-25.6676E+00,-23.3400E+00,-26.5943E+00,40.846E+00,40.798E+00,39.380E+00,+99999.9E+99,+99999.9E+99,+99999.9E+99,1.522E+00,0.28682E+03,0.28473E+03,0.30522E+03,0.87676E+03,0.51659E+03,0.51953E+03,0.53168E+03,1.56779E+03,0.43415E+03,0.41562E+03,0.44171E+03,1.29148E+03,0.59614E+03,0.59113E+03,0.60601E+03,1.79317E+03,-0.32592E+03,-0.30277E+03,-0.31930E+03,-0.94799E+03,-0.29753E+03,-0.28202E+03,-0.29080E+03,-0.87034E+03,-0.66064E+00,-0.68507E+00,-0.69099E+00,-0.67888E+00,-0.86655E+00,-0.87886E+00,-0.87735E+00,-0.87431E+00,0.000E+00,120.088E+00,-119.944E+00,59.947E+00,178.534E+00,-61.227E+00,-48.651E+00,-46.759E+00,-46.292E+00,-47.244E+00,202.025E+00,201.761E+00,202.651E+00,91.681E+00,+99999.9E+99,+99999.9E+99,0.00007E+06,-0.00052E+06,0.00000E+00,10.143E+00,0.757E+03,0.00080E+06,43.810E+00,F0F08
2021/11/30,17:34:26,00000:00:51,550,38003F00,2A00,3B00,3B00,3F00,99.984E+00,0.000E+00,0.000E+00,111.053E+00,0.000E+00,0.000E+00,0.504E+00,0.000E+00,0.000E+00,99.982E+00,0.000E+00,0.000E+00,0.000E+00,0.000E+00,0.000E+00,100.946E+00,0.000E+00,0.000E+00,98.786E+00,0.000E+00,0.000E+00,67.668E+00,+99999.9E+99,+99999.9E+99,1.081E+00,+99999.9E+99,+99999.9E+99,11.5391E+00,0.00000E+00,0.00000E+00,11.7308E+00,0.00000E+00,0.00000E+00,4.6484E+00,0.00000E+00,0.00000E+00,10.5614E+00,0.00000E+00,0.00000E+00,4.0435E+00,0.00000E+00,0.00000E+00,18.2148E+00,0.0000E+00,0.0000E+00,4.0990E+00,0.0000E+00,0.0000E+00,49.053E+00,+99999.9E+99,+99999.9E+99,66.827E+00,+99999.9E+99,+99999.9E+99,1.05386E+03,0.00000E+03,0.00000E+03,0.00000E+03,0.00000E+03,0.00000E+03,1.15372E+03,0.00000E+03,0.00000E+03,0.00000E+03,0.00000E+03,0.00000E+03,0.46953E+03,0.00000E+03,0.00000E+03,0.00000E+03,0.00000E+03,0.00000E+03,0.91344E+00,0.00000E+00,0.00000E+00,0.88269E+00,0.99998E+00,0.99297E+00,0.000E+00,-0.731E+00,152.891E+00,151.969E+00,178.887E+00,-33.905E+00,24.015E+00,90.000E+00,90.000E+00,0.00000E+00,0.00000E+00,0.00000E+00,97.762E+00,100.000E+00,100.000E+00,0.02358E+03,0.00000E+03,0.00000E+03,+99999.9E+99,+99999.9E+99,+99999.9E+99,+99999.9E+99,+99999.9E+99,+99999.9E+99,+99999.9E+99,+99999.9E+99,+99999.9E+99,+99999.9E+99,+99999.9E+99,+99999.9E+99,1B00,0,0,0,1B00,76.5576E+00,77.0226E+00,77.0457E+00,76.8753E+00,71.8406E+00,72.7500E+00,72.7717E+00,72.4541E+00,76.5576E+00,77.0226E+00,77.0457E+00,0.0000E+00,0.0000E+00,0.0000E+00,73.0718E+00,73.0668E+00,72.9518E+00,105.954E+00,106.114E+00,105.770E+00,-104.963E+00,-104.831E+00,-105.279E+00,15.481E+00,15.371E+00,15.374E+00,+99999.9E+99,+99999.9E+99,+99999.9E+99,0.105E+00,11.5860E+00,11.3417E+00,11.1441E+00,11.3573E+00,9.9676E+00,9.8245E+00,9.5232E+00,9.7718E+00,11.5851E+00,11.3350E+00,11.1312E+00,-0.1442E+00,-0.3890E+00,0.5344E+00,5.2307E+00,5.1369E+00,5.5499E+00,27.6462E+00,27.0281E+00,28.4338E+00,-26.5862E+00,-27.0486E+00,-26.0086E+00,58.507E+00,57.836E+00,53.494E+00,+99999.9E+99,+99999.9E+99,+99999.9E+99,3.599E+00,0.35481E+03,0.33516E+03,0.34030E+03,1.03027E+03,0.18560E+03,0.19157E+03,0.19931E+03,0.57648E+03,0.51751E+03,0.50576E+03,0.49935E+03,1.52262E+03,0.21532E+03,0.21458E+03,0.22642E+03,0.65611E+03,-0.37673E+03,-0.37876E+03,-0.36544E+03,-1.12093E+03,-0.10916E+03,-0.09668E+03,-0.10744E+03,-0.31329E+03,-0.68561E+00,-0.66269E+00,-0.68149E+00,-0.67665E+00,-0.86196E+00,-0.89275E+00,-0.88024E+00,-0.87863E+00,0.000E+00,120.102E+00,-119.956E+00,60.457E+00,176.833E+00,-61.573E+00,-46.716E+00,-48.495E+00,-47.040E+00,-47.418E+00,202.050E+00,202.035E+00,201.422E+00,92.988E+00,+99999.9E+99,+99999.9E+99,0.00007E+06,-0.00062E+06,0.00000E+00,12.090E+00,0.757E+03,0.00096E+06,43.824E+00,F0F08
2021/11/30,17:34:26,00000:00:51,600,38003D00,2D00,3C00,3C00,3800,99.984E+00,0.000E+00,0.000E+00,111.053E+00,0.000E+00,0.000E+00,0.504E+00,0.000E+00,0.000E+00,99.982E+00,0.000E+00,0.000E+00,0.000E+00,0.000E+00,0.000E+00,100.946E+00,0.000E+00,0.000E+00,98.786E+00,0.000E+00,0.000E+00,38.626E+00,+99999.9E+99,430.295E+00,1.081E+00,+99999.9E+99,+99999.9E+99,11.5391E+00,0.00000E+00,0.00000E+00,11.7308E+00,0.00000E+00,0.00000E+00,4.6484E+00,0.00000E+00,0.00000E+00,10.5614E+00,0.00000E+00,0.00000E+00,4.2164E+00,0.00000E+00,0.00000E+00,18.2148E+00,0.0000E+00,0.0000E+00,4.0990E+00,0.0000E+00,0.0000E+00,42.758E+00,+99999.9E+99,+99999.9E+99,66.827E+00,+99999.9E+99,+99999.9E+99,1.05386E+03,0.00000E+03,0.00000E+03,0.00000E+03,0.00000E+03,0.00000E+03,1.15372E+03,0.00000E+03,0.00000E+03,0.00000E+03,0.00000E+03,0.00000E+03,0.46953E+03,0.00000E+03,0.00000E+03,0.00000E+03,0.00000E+03,0.00000E+03,0.91344E+00,0.00000E+00,0.00000E+00,0.93578E+00,0.67851E+00,0.22020E+00,0.000E+00,141.980E+00,172.072E+00,159.355E+00,94.708E+00,94.792E+00,24.015E+00,90.000E+00,90.000E+00,0.00000E+00,0.00000E+00,0.00000E+00,122.601E+00,100.000E+00,100.000E+00,-0.23819E+03,0.00000E+03,0.00000E+03,+99999.9E+99,+99999.9E+99,+99999.9E+99,+99999.9E+99,+99999.9E+99,+99999.9E+99,+99999.9E+99,+99999.9E+99,+99999.9E+99,+99999.9E+99,+99999.9E+99,+99999.9E+99,1B00,0,0,0,1B00,77.2170E+00,77.2418E+00,77.0029E+00,77.1539E+00,72.2383E+00,72.4610E+00,71.8954E+00,72.1982E+00,77.2170E+00,77.2418E+00,77.0029E+00,0.0000E+00,0.0000E+00,0.0000E+00,71.0222E+00,71.7258E+00,71.5100E+00,105.381E+00,105.730E+00,105.591E+00,-104.687E+00,-105.267E+00,-104.317E+00,29.820E+00,29.966E+00,29.879E+00,+99999.9E+99,+99999.9E+99,+99999.9E+99,0.575E+00,13.5813E+00,13.1389E+00,13.5222E+00,13.4141E+00,12.5077E+00,12.0751E+00,12.4304E+00,12.3377E+00,13.5802E+00,13.1389E+00,13.5205E+00,-0.1656E+00,0.0000E+00,0.2139E+00,12.2392E+00,11.0759E+00,11.2447E+00,27.6067E+00,27.1195E+00,28.6805E+00,-26.5929E+00,-26.9686E+00,-26.7895E+00,41.463E+00,44.892E+00,44.893E+00,+99999.9E+99,+99999.9E+99,+99999.9E+99,6.271E+00,0.42880E+03,0.42005E+03,0.44319E+03,1.29204E+03,0.43490E+03,0.38365E+03,0.41226E+03,1.23081E+03,0.61210E+03,0.59210E+03,0.60809E+03,1.81228E+03,0.49105E+03,0.44919E+03,0.45308E+03,1.39171E+03,-0.43680E+03,-0.41729E+03,-0.41636E+03,-1.27045E+03,-0.22802E+03,-0.23363E+03,-0.18793E+03,-0.64958E+03,-0.70054E+00,-0.70943E+00,-0.72883E+00,-0.71294E+00,-0.88565E+00,-0.85410E+00,-0.90992E+00,-0.88439E+00,0.000E+00,119.878E+00,-119.578E+00,57.991E+00,-178.883E+00,-65.295E+00,-45.529E+00,-44.811E+00,-43.212E+00,-44.526E+00,201.386E+00,201.591E+00,201.956E+00,89.553E+00,+99999.9E+99,+99999.9E+99,0.00013E+06,-0.00074E+06,0.00000E+00,14.584E+00,0.758E+03,0.00116E+06,43.568E+00,F0F08
2021/11/30,17:34:26,00000:00:51,650,38003F00,2800,3B00,3B00,3F00,99.849E+00,0.000E+00,0.000E+00,110.903E+00,0.000E+00,0.000E+00,0.520E+00,0.000E+00,0.000E+00,99.848E+00,0.000E+00,0.000E+00,0.000E+00,0.000E+00,0.000E+00,100.907E+00,0.000E+00,0.000E+00,98.818E+00,0.000E+00,0.000E+00,38.626E+00,+99999.9E+99,430.295E+00,1.046E+00,+99999.9E+99,+99999.9E+99,12.6640E+00,0.00000E+00,0.00000E+00,13.2306E+00,0.00000E+00,0.00000E+00,4.2999E+00,0.00000E+00,0.00000E+00,11.9117E+00,0.00000E+00,0.00000E+00,4.2164E+00,0.00000E+00,0.00000E+00,18.2250E+00,0.0000E+00,0.0000E+00,4.0938E+00,0.0000E+00,0.0000E+00,42.758E+00,+99999.9E+99,+99999.9E+99,59.316E+00,+99999.9E+99,+99999.9E+99,1.18736E+03,0.00000E+03,0.00000E+03,0.00000E+03,0.00000E+03,0.00000E+03,1.26449E+03,0.00000E+03,0.00000E+03,0.00000E+03,0.00000E+03,0.00000E+03,0.43489E+03,0.00000E+03,0.00000E+03,0.00000E+03,0.00000E+03,0.00000E+03,0.93900E+00,0.00000E+00,0.00000E+00,0.93578E+00,0.67851E+00,0.22020E+00,0.000E+00,141.980E+00,172.072E+00,159.355E+00,94.708E+00,94.792E+00,20.116E+00,90.000E+00,90.000E+00,15.0795E+00,0.00000E+00,0.00000E+00,65.166E+00,100.000E+00,100.000E+00,0.41361E+03,0.00000E+03,0.00000E+03,+99999.9E+99,+99999.9E+99,+99999.9E+99,+99999.9E+99,+99999.9E+99,+99999.9E+99,+99999.9E+99,+99999.9E+99,+99999.9E+99,+99999.9E+99,+99999.9E+99,+99999.9E+99,1B00,0,0,0,1B00,76.2947E+00,76.6555E+00,76.5031E+00,76.4844E+00,72.2103E+00,72.8990E+00,72.6063E+00,72.5719E+00,76.2947E+00,76.6555E+00,76.5030E+00,0.0000E+00,0.0000E+00,0.0000E+00,71.3231E+00,71.2055E+00,71.0617E+00,105.904E+00,106.047E+00,105.644E+00,-104.967E+00,-103.899E+00,-103.700E+00,31.798E+00,31.089E+00,31.673E+00,+99999.9E+99,+99999.9E+99,+99999.9E+99,0.220E+00,8.2402E+00,8.1913E+00,8.1343E+00,8.1886E+00,7.3335E+00,7.2986E+00,7.2335E+00,7.2885E+00,8.2393E+00,8.1904E+00,8.1306E+00,-0.1197E+00,-0.1221E+00,0.2429E+00,11.7151E+00,11.7230E+00,12.3082E+00,22.1576E+00,21.0224E+00,20.3529E+00,-18.7976E+00,-19.1176E+00,-19.8467E+00,45.123E+00,44.006E+00,42.046E+00,+99999.9E+99,+99999.9E+99,+99999.9E+99,3.306E+00,0.25953E+03,0.25424E+03,0.25998E+03,0.77375E+03,0.40376E+03,0.42433E+03,0.43055E+03,1.25864E+03,0.36458E+03,0.36285E+03,0.36120E+03,1.08863E+03,0.47026E+03,0.47808E+03,0.49577E+03,1.44367E+03,-0.25605E+03,-0.25888E+03,-0.25076E+03,-0.76569E+03,-0.24108E+03,-0.22024E+03,-0.24578E+03,-0.70711E+03,-0.71186E+00,-0.70069E+00,-0.71976E+00,-0.71076E+00,-0.85860E+00,-0.88757E+00,-0.86846E+00,-0.87184E+00,0.000E+00,120.190E+00,-119.993E+00,60.781E+00,177.555E+00,-60.147E+00,-44.614E+00,-45.518E+00,-43.965E+00,-44.704E+00,202.436E+00,201.924E+00,202.042E+00,95.101E+00,+99999.9E+99,+99999.9E+99,0.00004E+06,-0.00048E+06,0.00000E+00,9.290E+00,0.756E+03,0.00074E+06,43.955E+00,F0F08
2021/11/30,17:34:26,00000:00:51,700,38003F00,0,1B00,1B00,3F00,99.921E+00,0.000E+00,0.000E+00,110.983E+00,0.000E+00,0.000E+00,0.508E+00,0.000E+00,0.000E+00,99.920E+00,0.000E+00,0.000E+00,0.000E+00,0.000E+00,0.000E+00,100.921E+00,0.000E+00,0.000E+00,98.814E+00,0.000E+00,0.000E+00,21.845E+00,+99999.9E+99,457.435E+00,1.054E+00,+99999.9E+99,+99999.9E+99,11.8287E+00,0.00000E+00,0.00000E+00,12.1149E+00,0.00000E+00,0.00000E+00,4.5772E+00,0.00000E+00,0.00000E+00,10.9072E+00,0.00000E+00,0.00000E+00,4.4051E+00,0.00000E+00,0.00000E+00,18.2205E+00,0.0000E+00,0.0000E+00,4.1293E+00,0.0000E+00,0.0000E+00,8.183E+00,+99999.9E+99,+99999.9E+99,64.596E+00,+99999.9E+99,+99999.9E+99,1.08776E+03,0.00000E+03,0.00000E+03,0.00000E+03,0.00000E+03,0.00000E+03,1.18193E+03,0.00000E+03,0.00000E+03,0.00000E+03,0.00000E+03,0.00000E+03,0.46232E+03,0.00000E+03,0.00000E+03,0.00000E+03,0.00000E+03,0.00000E+03,0.92033E+00,0.00000E+00,0.00000E+00,0.89794E+00,0.79234E+00,0.45033E+00,0.000E+00,148.848E+00,158.605E+00,153.889E+00,111.252E+00,95.371E+00,23.026E+00,90.000E+00,90.000E+00,12.6192E+00,0.00000E+00,0.00000E+00,115.954E+00,100.000E+00,100.000E+00,-0.17354E+03,0.00000E+03,0.00000E+03,+99999.9E+99,+99999.9E+99,+99999.9E+99,+99999.9E+99,+99999.9E+99,+99999.9E+99,+99999.9E+99,+99999.9E+99,+99999.9E+99,+99999.9E+99,+99999.9E+99,+99999.9E+99,1B00,0,0,0,1B00,77.0669E+00,77.1997E+00,77.1166E+00,77.1277E+00,72.1392E+00,72.5521E+00,72.2787E+00,72.3233E+00,77.0669E+00,77.1997E+00,77.1166E+00,0.0000E+00,0.0000E+00,0.0000E+00,73.0387E+00,73.2907E+00,73.1624E+00,105.723E+00,106.079E+00,105.777E+00,-104.107E+00,-105.281E+00,-104.161E+00,14.096E+00,14.385E+00,14.435E+00,+99999.9E+99,+99999.9E+99,+99999.9E+99,0.199E+00,13.3988E+00,12.9618E+00,13.1551E+00,13.1719E+00,12.2105E+00,11.7566E+00,11.8247E+00,11.9306E+00,13.3977E+00,12.9578E+00,13.1458E+00,-0.1704E+00,-0.3227E+00,0.4942E+00,5.2150E+00,4.7184E+00,4.8587E+00,27.6238E+00,27.0590E+00,28.5557E+00,-26.3343E+00,-27.1629E+00,-26.6071E+00,54.752E+00,59.173E+00,57.219E+00,+99999.9E+99,+99999.9E+99,+99999.9E+99,4.705E+00,0.42822E+03,0.40810E+03,0.42499E+03,1.26131E+03,0.18789E+03,0.17177E+03,0.18377E+03,0.54343E+03,0.60328E+03,0.58253E+03,0.59141E+03,1.77721E+03,0.21268E+03,0.19700E+03,0.20208E+03,0.61140E+03,-0.42494E+03,-0.41568E+03,-0.41128E+03,-1.25190E+03,-0.09966E+03,-0.09647E+03,-0.08405E+03,-0.28018E+03,-0.70982E+00,-0.70057E+00,-0.71860E+00,-0.70971E+00,-0.88342E+00,-0.87189E+00,-0.90941E+00,-0.88882E+00,0.000E+00,120.004E+00,-119.828E+00,58.055E+00,179.266E+00,-65.305E+00,-44.780E+00,-45.527E+00,-44.061E+00,-44.789E+00,201.239E+00,202.030E+00,201.722E+00,90.798E+00,+99999.9E+99,+99999.9E+99,0.00012E+06,-0.00074E+06,0.00000E+00,14.445E+00,0.757E+03,0.00115E+06,43.566E+00,F0F0F
2021/11/30,17:34:26,00000:00:51,750,38003F00,500,1F00,1F00,3F00,99.921E+00,0.000E+00,0.000E+00,110.983E+00,0.000E+00,0.000E+00,0.508E+00,0.000E+00,0.000E+00,99.920E+00,0.000E+00,0.000E+00,0.000E+00,0.000E+00,0.000E+00,100.921E+00,0.000E+00,0.000E+00,98.814E+00,0.000E+00,0.000E+00,21.845E+00,+99999.9E+99,457.435E+00,1.054E+00,+99999.9E+99,+99999.9E+99,11.8287E+00,0.00000E+00,0.00000E+00,12.1149E+00,0.00000E+00,0.00000E+00,4.5772E+00,0.00000E+00,0.00000E+00,10.9072E+00,0.00000E+00,0.00000E+00,4.4051E+00,0.00000E+00,0.00000E+00,18.2205E+00,0.0000E+00,0.0000E+00,4.1293E+00,0.0000E+00,0.0000E+00,8.183E+00,+99999.9E+99,+99999.9E+99,64.596E+00,+99999.9E+99,+99999.9E+99,1.08776E+03,0.00000E+03,0.00000E+03,0.00000E+03,0.00000E+03,0.00000E+03,1.18193E+03,0.00000E+03,0.00000E+03,0.00000E+03,0.00000E+03,0.00000E+03,0.46232E+03,0.00000E+03,0.00000E+03,0.00000E+03,0.00000E+03,0.00000E+03,0.92033E+00,0.00000E+00,0.00000E+00,0.89794E+00,0.79234E+00,0.45033E+00,0.000E+00,148.848E+00,158.605E+00,153.889E+00,111.252E+00,95.371E+00,23.026E+00,90.000E+00,90.000E+00,12.6192E+00,0.00000E+00,0.00000E+00,99.912E+00,100.000E+00,100.000E+00,0.00096E+03,0.00000E+03,0.00000E+03,+99999.9E+99,+99999.9E+99,+99999.9E+99,+99999.9E+99,+99999.9E+99,+99999.9E+99,+99999.9E+99,+99999.9E+99,+99999.9E+99,+99999.9E+99,+99999.9E+99,+99999.9E+99,1B00,0,0,0,1B00,76.7500E+00,77.1087E+00,76.8374E+00,76.8987E+00,72.0164E+00,72.6739E+00,72.1845E+00,72.2916E+00,76.7500E+00,77.1087E+00,76.8374E+00,0.0000E+00,0.0000E+00,0.0000E+00,70.1684E+00,70.4950E+00,70.4452E+00,105.331E+00,105.964E+00,105.486E+00,-104.299E+00,-104.553E+00,-104.516E+00,37.528E+00,37.582E+00,37.422E+00,+99999.9E+99,+99999.9E+99,+99999.9E+99,0.293E+00,11.9235E+00,11.7473E+00,12.0323E+00,11.9010E+00,10.4373E+00,10.3570E+00,10.5474E+00,10.4472E+00,11.9228E+00,11.7473E+00,12.0318E+00,-0.1291E+00,0.0000E+00,0.1049E+00,15.0363E+00,14.4982E+00,14.4993E+00,27.7262E+00,27.0733E+00,28.4276E+00,-26.3138E+00,-27.1014E+00,-26.3786E+00,39.352E+00,40.630E+00,40.555E+00,+99999.9E+99,+99999.9E+99,+99999.9E+99,2.605E+00,0.35684E+03,0.35857E+03,0.37139E+03,1.08680E+03,0.53576E+03,0.50792E+03,0.52552E+03,1.56920E+03,0.53268E+03,0.52631E+03,0.53988E+03,1.59887E+03,0.60817E+03,0.58448E+03,0.58912E+03,1.78143E+03,-0.39549E+03,-0.38526E+03,-0.39184E+03,-1.17260E+03,-0.28782E+03,-0.28918E+03,-0.26626E+03,-0.84326E+03,-0.66989E+00,-0.68130E+00,-0.68791E+00,-0.67973E+00,-0.88092E+00,-0.86902E+00,-0.89204E+00,-0.88087E+00,0.000E+00,119.892E+00,-119.820E+00,58.401E+00,179.522E+00,-63.082E+00,-47.941E+00,-47.055E+00,-46.535E+00,-47.177E+00,202.298E+00,201.690E+00,201.879E+00,90.122E+00,+99999.9E+99,+99999.9E+99,0.00011E+06,-0.00062E+06,0.00000E+00,12.349E+00,0.757E+03,0.00098E+06,43.841E+00,F0F0F
2021/11/30,17:34:27,00000:00:51,800,38003D00,500,1C00,1C00,3800,99.921E+00,0.000E+00,0.000E+00,110.983E+00,0.000E+00,0.000E+00,0.508E+00,0.000E+00,0.000E+00,99.920E+00,0.000E+00,0.000E+00,0.000E+00,0.000E+00,0.000E+00,100.921E+00,0.000E+00,0.000E+00,98.814E+00,0.000E+00,0.000E+00,20.623E+00,+99999.9E+99,+99999.9E+99,1.054E+00,+99999.9E+99,+99999.9E+99,11.8287E+00,0.00000E+00,0.00000E+00,12.1149E+00,0.00000E+00,0.00000E+00,4.5772E+00,0.00000E+00,0.00000E+00,10.9072E+00,0.00000E+00,0.00000E+00,4.5650E+00,0.00000E+00,0.00000E+00,18.2205E+00,0.0000E+00,0.0000E+00,4.1293E+00,0.0000E+00,0.0000E+00,7.570E+00,+99999.9E+99,+99999.9E+99,64.596E+00,+99999.9E+99,+99999.9E+99,1.08776E+03,0.00000E+03,0.00000E+03,0.00000E+03,0.00000E+03,0.00000E+03,1.18193E+03,0.00000E+03,0.00000E+03,0.00000E+03,0.00000E+03,0.00000E+03,0.46232E+03,0.00000E+03,0.00000E+03,0.00000E+03,0.00000E+03,0.00000E+03,0.92033E+00,0.00000E+00,0.00000E+00,0.90474E+00,0.90789E+00,0.60776E+00,0.000E+00,-85.506E+00,-177.260E+00,154.789E+00,-110.291E+00,130.167E+00,23.026E+00,90.000E+00,90.000E+00,12.6192E+00,0.00000E+00,0.00000E+00,74.764E+00,100.000E+00,100.000E+00,0.27451E+03,0.00000E+03,0.00000E+03,+99999.9E+99,+99999.9E+99,+99999.9E+99,+99999.9E+99,+99999.9E+99,+99999.9E+99,+99999.9E+99,+99999.9E+99,+99999.9E+99,+99999.9E+99,+99999.9E+99,+99999.9E+99,1B00,0,0,0,1B00,76.5311E+00,76.6149E+00,76.5617E+00,76.5692E+00,72.2941E+00,72.6561E+00,72.3885E+00,72.4462E+00,76.5311E+00,76.6149E+00,76.5617E+00,0.0000E+00,0.0000E+00,0.0000E+00,72.5021E+00,72.2799E+00,72.2746E+00,105.790E+00,106.120E+00,105.814E+00,-104.303E+00,-104.590E+00,-105.181E+00,22.402E+00,21.527E+00,22.036E+00,+99999.9E+99,+99999.9E+99,+99999.9E+99,0.205E+00,9.3027E+00,8.7840E+00,8.9135E+00,9.0001E+00,8.0139E+00,7.5843E+00,7.6120E+00,7.7367E+00,9.3021E+00,8.7802E+00,8.9059E+00,-0.1096E+00,-0.2595E+00,0.3699E+00,7.6471E+00,8.0699E+00,8.2585E+00,25.8952E+00,23.7257E+00,24.9957E+00,-26.2162E+00,-25.3700E+00,-21.9881E+00,52.796E+00,48.630E+00,47.550E+00,+99999.9E+99,+99999.9E+99,+99999.9E+99,4.541E+00,0.27892E+03,0.25998E+03,0.27436E+03,0.81326E+03,0.27041E+03,0.29143E+03,0.29334E+03,0.85518E+03,0.41344E+03,0.38924E+03,0.39513E+03,1.19782E+03,0.31393E+03,0.32467E+03,0.33832E+03,0.97637E+03,-0.30519E+03,-0.28969E+03,-0.28435E+03,-0.87923E+03,-0.15946E+03,-0.14311E+03,-0.16857E+03,-0.47113E+03,-0.67462E+00,-0.66791E+00,-0.69435E+00,-0.67895E+00,-0.86139E+00,-0.89762E+00,-0.86703E+00,-0.87588E+00,0.000E+00,120.101E+00,-120.100E+00,60.426E+00,176.253E+00,-60.114E+00,-47.575E+00,-48.094E+00,-46.024E+00,-47.238E+00,201.659E+00,201.951E+00,202.121E+00,94.820E+00,+99999.9E+99,+99999.9E+99,0.00004E+06,-0.00051E+06,0.00000E+00,9.738E+00,0.756E+03,0.00077E+06,43.751E+00,F0F08
2021/11/30,17:34:27,00000:00:51,850,38003F00,700,1F00,1F00,3F00,99.921E+00,0.000E+00,0.000E+00,110.983E+00,0.000E+00,0.000E+00,0.508E+00,0.000E+00,0.000E+00,99.920E+00,0.000E+00,0.000E+00,0.000E+00,0.000E+00,0.000E+00,100.921E+00,0.000E+00,0.000E+00,98.814E+00,0.000E+00,0.000E+00,20.623E+00,+99999.9E+99,+99999.9E+99,1.054E+00,+99999.9E+99,+99999.9E+99,11.8287E+00,0.00000E+00,0.00000E+00,12.1149E+00,0.00000E+00,0.00000E+00,4.5772E+00,0.00000E+00,0.00000E+00,10.9072E+00,0.00000E+00,0.00000E+00,4.5650E+00,0.00000E+00,0.00000E+00,18.2205E+00,0.0000E+00,0.0000E+00,4.1293E+00,0.0000E+00,0.0000E+00,7.570E+00,+99999.9E+99,+99999.9E+99,64.596E+00,+99999.9E+99,+99999.9E+99,1.08776E+03,0.00000E+03,0.00000E+03,0.00000E+03,0.00000E+03,0.00000E+03,1.18193E+03,0.00000E+03,0.00000E+03,0.00000E+03,0.00000E+03,0.00000E+03,0.46232E+03,0.00000E+03,0.00000E+03,0.00000E+03,0.00000E+03,0.00000E+03,0.92033E+00,0.00000E+00,0.00000E+00,0.90474E+00,0.90789E+00,0.60776E+00,0.000E+00,-85.506E+00,-177.260E+00,154.789E+00,-110.291E+00,130.167E+00,23.026E+00,90.000E+00,90.000E+00,12.6192E+00,0.00000E+00,0.00000E+00,112.224E+00,100.000E+00,100.000E+00,-0.13297E+03,0.00000E+03,0.00000E+03,+99999.9E+99,+99999.9E+99,+99999.9E+99,+99999.9E+99,+99999.9E+99,+99999.9E+99,+99999.9E+99,+99999.9E+99,+99999.9E+99,+99999.9E+99,+99999.9E+99,+99999.9E+99,1B00,0,0,0,1B00,76.9542E+00,77.2335E+00,77.0800E+00,77.0892E+00,71.9936E+00,72.5952E+00,72.2654E+00,72.2847E+00,76.9542E+00,77.2335E+00,77.0800E+00,0.0000E+00,0.0000E+00,0.0000E+00,72.2976E+00,72.7701E+00,72.6406E+00,105.844E+00,106.001E+00,105.690E+00,-104.524E+00,-105.361E+00,-104.580E+00,19.568E+00,19.335E+00,19.757E+00,+99999.9E+99,+99999.9E+99,+99999.9E+99,0.393E+00,12.9442E+00,12.6085E+00,12.7701E+00,12.7742E+00,11.7746E+00,11.5029E+00,11.5352E+00,11.6042E+00,12.9430E+00,12.6066E+00,12.7641E+00,-0.1723E+00,-0.2170E+00,0.3904E+00,7.6581E+00,7.0504E+00,6.8663E+00,27.6314E+00,27.0943E+00,28.6614E+00,-26.5014E+00,-27.0690E+00,-26.7533E+00,48.881E+00,51.444E+00,53.376E+00,+99999.9E+99,+99999.9E+99,+99999.9E+99,7.717E+00,0.41117E+03,0.39809E+03,0.41148E+03,1.22073E+03,0.27541E+03,0.23620E+03,0.25619E+03,0.76780E+03,0.58128E+03,0.56630E+03,0.57427E+03,1.72185E+03,0.31140E+03,0.27910E+03,0.28036E+03,0.86942E+03,-0.41089E+03,-0.40277E+03,-0.40059E+03,-1.21424E+03,-0.14532E+03,-0.14869E+03,-0.11390E+03,-0.40791E+03,-0.70735E+00,-0.70296E+00,-0.71652E+00,-0.70897E+00,-0.88443E+00,-0.84629E+00,-0.91376E+00,-0.88311E+00,0.000E+00,119.894E+00,-119.728E+00,58.035E+00,-177.972E+00,-65.919E+00,-44.980E+00,-45.335E+00,-44.232E+00,-44.849E+00,201.786E+00,201.404E+00,201.084E+00,90.779E+00,+99999.9E+99,+99999.9E+99,0.00011E+06,-0.00071E+06,0.00000E+00,13.978E+00,0.757E+03,0.00111E+06,43.721E+00,F0F08
2021/11/30,17:34:27,00000:00:51,900,38003F00,500,1F00,1F00,3F00,99.921E+00,0.000E+00,0.000E+00,110.983E+00,0.000E+00,0.000E+00,0.508E+00,0.000E+00,0.000E+00,99.920E+00,0.000E+00,0.000E+00,0.000E+00,0.000E+00,0.000E+00,100.921E+00,0.000E+00,0.000E+00,98.814E+00,0.000E+00,0.000E+00,68.808E+00,+99999.9E+99,+99999.9E+99,1.054E+00,+99999.9E+99,+99999.9E+99,11.8287E+00,0.00000E+00,0.00000E+00,12.1149E+00,0.00000E+00,0.00000E+00,4.5772E+00,0.00000E+00,0.00000E+00,10.9072E+00,0.00000E+00,0.00000E+00,4.0241E+00,0.00000E+00,0.00000E+00,18.2205E+00,0.0000E+00,0.0000E+00,4.1293E+00,0.0000E+00,0.0000E+00,50.290E+00,+99999.9E+99,+99999.9E+99,64.596E+00,+99999.9E+99,+99999.9E+99,1.08776E+03,0.00000E+03,0.00000E+03,0.00000E+03,0.00000E+03,0.00000E+03,1.18193E+03,0.00000E+03,0.00000E+03,0.00000E+03,0.00000E+03,0.00000E+03,0.46232E+03,0.00000E+03,0.00000E+03,0.00000E+03,0.00000E+03,0.00000E+03,0.92033E+00,0.00000E+00,0.00000E+00,0.89309E+00,0.82027E+00,0.99001E+00,0.000E+00,150.295E+00,171.034E+00,153.264E+00,115.406E+00,-0.862E+00,23.026E+00,90.000E+00,90.000E+00,12.6192E+00,0.00000E+00,0.00000E+00,100.407E+00,100.000E+00,100.000E+00,-0.00443E+03,0.00000E+03,0.00000E+03,+99999.9E+99,+99999.9E+99,+99999.9E+99,+99999.9E+99,+99999.9E+99,+99999.9E+99,+99999.9E+99,+99999.9E+99,+99999.9E+99,+99999.9E+99,+99999.9E+99,+99999.9E+99,1B00,0,0,0,1B00,76.7537E+00,77.0962E+00,76.8300E+00,76.8933E+00,72.0402E+00,72.6738E+00,72.1883E+00,72.3008E+00,76.7537E+00,77.0962E+00,76.8300E+00,0.0000E+00,0.0000E+00,0.0000E+00,70.2741E+00,70.3012E+00,70.1901E+00,105.457E+00,105.981E+00,105.453E+00,-104.297E+00,-104.144E+00,-104.537E+00,38.299E+00,37.953E+00,38.147E+00,+99999.9E+99,+99999.9E+99,+99999.9E+99,0.090E+00,11.9513E+00,11.7852E+00,12.0655E+00,11.9340E+00,10.4641E+00,10.3938E+00,10.5800E+00,10.4793E+00,11.9505E+00,11.7852E+00,12.0650E+00,-0.1338E+00,0.0000E+00,0.1004E+00,14.7147E+00,14.6338E+00,14.9671E+00,27.5738E+00,27.1148E+00,28.4990E+00,-26.2748E+00,-27.0876E+00,-26.3243E+00,40.862E+00,40.782E+00,39.435E+00,+99999.9E+99,+99999.9E+99,+99999.9E+99,1.443E+00,0.35857E+03,0.36068E+03,0.37294E+03,1.09219E+03,0.51587E+03,0.51930E+03,0.53045E+03,1.56562E+03,0.53395E+03,0.52801E+03,0.54129E+03,1.60325E+03,0.59505E+03,0.59096E+03,0.60499E+03,1.79089E+03,-0.39564E+03,-0.38562E+03,-0.39231E+03,-1.17357E+03,-0.29657E+03,-0.28207E+03,-0.29091E+03,-0.86955E+03,-0.67154E+00,-0.68310E+00,-0.68899E+00,-0.68124E+00,-0.86695E+00,-0.87874E+00,-0.87680E+00,-0.87422E+00,0.000E+00,120.080E+00,-119.942E+00,59.906E+00,178.543E+00,-61.167E+00,-47.814E+00,-46.914E+00,-46.450E+00,-47.060E+00,201.939E+00,202.343E+00,202.571E+00,90.133E+00,+99999.9E+99,+99999.9E+99,0.00011E+06,-0.00062E+06,0.00000E+00,12.415E+00,0.757E+03,0.00098E+06,43.755E+00,F0F08
2021/11/30,17:34:27,00000:00:51,950,38003F00,2A00,3B00,3B00,3F00,99.876E+00,0.000E+00,0.000E+00,110.933E+00,0.000E+00,0.000E+00,0.510E+00,0.000E+00,0.000E+00,99.875E+00,0.000E+00,0.000E+00,0.000E+00,0.000E+00,0.000E+00,101.032E+00,0.000E+00,0.000E+00,98.768E+00,0.000E+00,0.000E+00,68.808E+00,+99999.9E+99,+99999.9E+99,1.134E+00,+99999.9E+99,+99999.9E+99,12.0028E+00,0.00000E+00,0.00000E+00,12.2760E+00,0.00000E+00,0.00000E+00,4.6814E+00,0.00000E+00,0.00000E+00,11.0523E+00,0.00000E+00,0.00000E+00,4.0241E+00,0.00000E+00,0.00000E+00,18.2640E+00,0.0000E+00,0.0000E+00,3.4833E+00,0.0000E+00,0.0000E+00,50.290E+00,+99999.9E+99,+99999.9E+99,66.867E+00,+99999.9E+99,+99999.9E+99,1.10169E+03,0.00000E+03,0.00000E+03,0.00000E+03,0.00000E+03,0.00000E+03,1.19879E+03,0.00000E+03,0.00000E+03,0.00000E+03,0.00000E+03,0.00000E+03,0.47263E+03,0.00000E+03,0.00000E+03,0.00000E+03,0.00000E+03,0.00000E+03,0.91900E+00,0.00000E+00,0.00000E+00,0.89309E+00,0.82027E+00,0.99001E+00,0.000E+00,150.295E+00,171.034E+00,153.264E+00,115.406E+00,-0.862E+00,23.220E+00,90.000E+00,90.000E+00,0.00000E+00,0.00000E+00,0.00000E+00,77.769E+00,100.000E+00,100.000E+00,0.24491E+03,0.00000E+03,0.00000E+03,+99999.9E+99,+99999.9E+99,+99999.9E+99,+99999.9E+99,+99999.9E+99,+99999.9E+99,+99999.9E+99,+99999.9E+99,+99999.9E+99,+99999.9E+99,+99999.9E+99,+99999.9E+99,1B00,0,0,0,1B00,76.5687E+00,76.6174E+00,76.5733E+00,76.5865E+00,72.4580E+00,72.7618E+00,72.5285E+00,72.5828E+00,76.5687E+00,76.6174E+00,76.5733E+00,0.0000E+00,0.0000E+00,0.0000E+00,72.8765E+00,72.7123E+00,72.6438E+00,105.710E+00,106.016E+00,105.673E+00,-104.587E+00,-104.723E+00,-105.291E+00,18.408E+00,18.002E+00,18.065E+00,+99999.9E+99,+99999.9E+99,+99999.9E+99,0.188E+00,9.5779E+00,9.0640E+00,9.1875E+00,9.2765E+00,8.2776E+00,7.8558E+00,7.8806E+00,8.0047E+00,9.5768E+00,9.0599E+00,9.1780E+00,-0.1413E+00,-0.2745E+00,0.4169E+00,6.1321E+00,6.4400E+00,6.8371E+00,26.2257E+00,24.1586E+00,25.1119E+00,-26.6529E+00,-25.3190E+00,-22.4790E+00,56.850E+00,52.646E+00,49.960E+00,+99999.9E+99,+99999.9E+99,+99999.9E+99,4.814E+00,0.29375E+03,0.27439E+03,0.28864E+03,0.85678E+03,0.21992E+03,0.23673E+03,0.24070E+03,0.69734E+03,0.42623E+03,0.40217E+03,0.40754E+03,1.23593E+03,0.25524E+03,0.26274E+03,0.27614E+03,0.79362E+03,-0.30884E+03,-0.29402E+03,-0.28771E+03,-0.89057E+03,-0.12955E+03,-0.11399E+03,-0.13534E+03,-0.37887E+03,-0.68918E+00,-0.68228E+00,-0.70825E+00,-0.69322E+00,-0.86161E+00,-0.90099E+00,-0.87166E+00,-0.87869E+00,0.000E+00,120.131E+00,-120.049E+00,60.425E+00,175.814E+00,-60.597E+00,-46.435E+00,-46.978E+00,-44.907E+00,-46.114E+00,202.041E+00,201.392E+00,201.389E+00,94.876E+00,+99999.9E+99,+99999.9E+99,0.00004E+06,-0.00054E+06,0.00000E+00,10.264E+00,0.756E+03,0.00081E+06,43.854E+00,F0F08
2021/11/30,17:34:27,00000:00:52,0,38003D00,2D00,3C00,3C00,3800,99.876E+00,0.000E+00,0.000E+00,110.933E+00,0.000E+00,0.000E+00,0.510E+00,0.000E+00,0.000E+00,99.875E+00,0.000E+00,0.000E+00,0.000E+00,0.000E+00,0.000E+00,101.032E+00,0.000E+00,0.000E+00,98.768E+00,0.000E+00,0.000E+00,37.176E+00,325.222E+00,+99999.9E+99,1.134E+00,+99999.9E+99,+99999.9E+99,12.0028E+00,0.00000E+00,0.00000E+00,12.2760E+00,0.00000E+00,0.00000E+00,4.6814E+00,0.00000E+00,0.00000E+00,11.0523E+00,0.00000E+00,0.00000E+00,4.1478E+00,0.00000E+00,0.00000E+00,18.2640E+00,0.0000E+00,0.0000E+00,3.4833E+00,0.0000E+00,0.0000E+00,44.888E+00,+99999.9E+99,+99999.9E+99,66.867E+00,+99999.9E+99,+99999.9E+99,1.10169E+03,0.00000E+03,0.00000E+03,0.00000E+03,0.00000E+03,0.00000E+03,1.19879E+03,0.00000E+03,0.00000E+03,0.00000E+03,0.00000E+03,0.00000E+03,0.47263E+03,0.00000E+03,0.00000E+03,0.00000E+03,0.00000E+03,0.00000E+03,0.91900E+00,0.00000E+00,0.00000E+00,0.93123E+00,0.25435E+00,0.59912E+00,0.000E+00,16.651E+00,148.562E+00,158.627E+00,-58.614E+00,21.755E+00,23.220E+00,90.000E+00,90.000E+00,0.00000E+00,0.00000E+00,0.00000E+00,121.620E+00,100.000E+00,100.000E+00,-0.23819E+03,0.00000E+03,0.00000E+03,+99999.9E+99,+99999.9E+99,+99999.9E+99,+99999.9E+99,+99999.9E+99,+99999.9E+99,+99999.9E+99,+99999.9E+99,+99999.9E+99,+99999.9E+99,+99999.9E+99,+99999.9E+99,1B00,0,0,0,1B00,77.0007E+00,77.4670E+00,77.3161E+00,77.2613E+00,71.6783E+00,72.5274E+00,72.2625E+00,72.1561E+00,77.0007E+00,77.4670E+00,77.3161E+00,0.0000E+00,0.0000E+00,0.0000E+00,71.7290E+00,72.3286E+00,72.1200E+00,105.579E+00,106.003E+00,105.563E+00,-104.430E+00,-105.084E+00,-104.576E+00,25.163E+00,25.457E+00,25.378E+00,+99999.9E+99,+99999.9E+99,+99999.9E+99,0.482E+00,13.8725E+00,13.5557E+00,13.7068E+00,13.7117E+00,12.9390E+00,12.7546E+00,12.7300E+00,12.8079E+00,13.8717E+00,13.5538E+00,13.7017E+00,-0.1433E+00,-0.2312E+00,0.3756E+00,10.1805E+00,9.3011E+00,9.4464E+00,27.7248E+00,27.0876E+00,28.5857E+00,-26.5643E+00,-27.2462E+00,-26.6929E+00,43.844E+00,46.843E+00,47.185E+00,+99999.9E+99,+99999.9E+99,+99999.9E+99,6.904E+00,0.45020E+03,0.43945E+03,0.45024E+03,1.33988E+03,0.37173E+03,0.32466E+03,0.35009E+03,1.04648E+03,0.62447E+03,0.61098E+03,0.62004E+03,1.85549E+03,0.41527E+03,0.37584E+03,0.37980E+03,1.16931E+03,-0.43276E+03,-0.42448E+03,-0.42630E+03,-1.28355E+03,-0.18512E+03,-0.18934E+03,-0.14726E+03,-0.52171E+03,-0.72093E+00,-0.71925E+00,-0.72614E+00,-0.72212E+00,-0.89515E+00,-0.86383E+00,-0.92178E+00,-0.89495E+00,0.000E+00,119.910E+00,-119.638E+00,56.744E+00,-179.931E+00,-67.006E+00,-43.868E+00,-44.008E+00,-43.436E+00,-43.770E+00,201.305E+00,202.131E+00,201.931E+00,90.116E+00,+99999.9E+99,+99999.9E+99,0.00013E+06,-0.00077E+06,0.00000E+00,15.223E+00,0.757E+03,0.00121E+06,43.561E+00,F0F08
2021/11/30,17:34:27,00000:00:52,50,38003F00,2800,3B00,3B00,3F00,100.043E+00,0.000E+00,0.000E+00,111.118E+00,0.000E+00,0.000E+00,0.502E+00,0.000E+00,0.000E+00,100.041E+00,0.000E+00,0.000E+00,0.000E+00,0.000E+00,0.000E+00,100.957E+00,0.000E+00,0.000E+00,98.721E+00,0.000E+00,0.000E+00,37.176E+00,325.222E+00,+99999.9E+99,1.117E+00,+99999.9E+99,+99999.9E+99,11.1747E+00,0.00000E+00,0.00000E+00,11.4033E+00,0.00000E+00,0.00000E+00,4.4125E+00,0.00000E+00,0.00000E+00,10.2666E+00,0.00000E+00,0.00000E+00,4.1478E+00,0.00000E+00,0.00000E+00,18.2967E+00,0.0000E+00,0.0000E+00,4.1645E+00,0.0000E+00,0.0000E+00,44.888E+00,+99999.9E+99,+99999.9E+99,68.826E+00,+99999.9E+99,+99999.9E+99,1.02512E+03,0.00000E+03,0.00000E+03,0.00000E+03,0.00000E+03,0.00000E+03,1.11795E+03,0.00000E+03,0.00000E+03,0.00000E+03,0.00000E+03,0.00000E+03,0.44601E+03,0.00000E+03,0.00000E+03,0.00000E+03,0.00000E+03,0.00000E+03,0.91697E+00,0.00000E+00,0.00000E+00,0.93123E+00,0.25435E+00,0.59912E+00,0.000E+00,16.651E+00,148.562E+00,158.627E+00,-58.614E+00,21.755E+00,23.513E+00,90.000E+00,90.000E+00,9.33742E+00,0.00000E+00,0.00000E+00,83.627E+00,100.000E+00,100.000E+00,0.16784E+03,0.00000E+03,0.00000E+03,+99999.9E+99,+99999.9E+99,+99999.9E+99,+99999.9E+99,+99999.9E+99,+99999.9E+99,+99999.9E+99,+99999.9E+99,+99999.9E+99,+99999.9E+99,+99999.9E+99,+99999.9E+99,1B00,0,0,0,1B00,76.6923E+00,76.6825E+00,76.3810E+00,76.5853E+00,72.4999E+00,72.6608E+00,71.9921E+00,72.3843E+00,76.6923E+00,76.6824E+00,76.3810E+00,0.0000E+00,0.0000E+00,0.0000E+00,70.7527E+00,70.6501E+00,70.4806E+00,105.694E+00,106.064E+00,105.697E+00,-104.237E+00,-104.901E+00,-104.640E+00,35.293E+00,34.805E+00,35.193E+00,+99999.9E+99,+99999.9E+99,+99999.9E+99,0.222E+00,9.5704E+00,9.1471E+00,9.7468E+00,9.4881E+00,8.3461E+00,7.9892E+00,8.3800E+00,8.2385E+00,9.5696E+00,9.1471E+00,9.7468E+00,-0.1238E+00,0.0000E+00,0.0000E+00,13.1456E+00,13.2146E+00,13.7859E+00,26.0043E+00,24.3833E+00,26.8338E+00,-25.0229E+00,-22.8543E+00,-26.1443E+00,43.498E+00,42.678E+00,40.665E+00,+99999.9E+99,+99999.9E+99,+99999.9E+99,2.701E+00,0.28068E+03,0.27840E+03,0.29821E+03,0.85729E+03,0.45332E+03,0.46985E+03,0.47856E+03,1.40174E+03,0.42546E+03,0.40705E+03,0.43238E+03,1.26489E+03,0.53071E+03,0.53437E+03,0.55265E+03,1.61739E+03,-0.31974E+03,-0.29696E+03,-0.31309E+03,-0.92979E+03,-0.27595E+03,-0.25455E+03,-0.27639E+03,-0.80690E+03,-0.65971E+00,-0.68394E+00,-0.68969E+00,-0.67775E+00,-0.85419E+00,-0.87925E+00,-0.86595E+00,-0.86667E+00,0.000E+00,120.198E+00,-119.982E+00,61.276E+00,178.573E+00,-59.846E+00,-48.722E+00,-46.848E+00,-46.395E+00,-47.332E+00,202.426E+00,201.732E+00,202.090E+00,92.283E+00,+99999.9E+99,+99999.9E+99,0.00007E+06,-0.00051E+06,0.00000E+00,9.989E+00,0.756E+03,0.00079E+06,43.957E+00,F0F08
2021/11/30,17:34:27,00000:00:52,100,38003F00,200,1B00,1B00,3F00,99.933E+00,0.000E+00,0.000E+00,110.996E+00,0.000E+00,0.000E+00,0.498E+00,0.000E+00,0.000E+00,99.932E+00,0.000E+00,0.000E+00,0.000E+00,0.000E+00,0.000E+00,100.896E+00,0.000E+00,0.000E+00,98.868E+00,0.000E+00,0.000E+00,106.873E+00,+99999.9E+99,+99999.9E+99,1.015E+00,+99999.9E+99,+99999.9E+99,11.6760E+00,0.00000E+00,0.00000E+00,11.9838E+00,0.00000E+00,0.00000E+00,4.4633E+00,0.00000E+00,0.00000E+00,10.7893E+00,0.00000E+00,0.00000E+00,3.1161E+00,0.00000E+00,0.00000E+00,18.2857E+00,0.0000E+00,0.0000E+00,4.0905E+00,0.0000E+00,0.0000E+00,101.918E+00,+99999.9E+99,+99999.9E+99,65.784E+00,+99999.9E+99,+99999.9E+99,1.07620E+03,0.00000E+03,0.00000E+03,0.00000E+03,0.00000E+03,0.00000E+03,1.16681E+03,0.00000E+03,0.00000E+03,0.00000E+03,0.00000E+03,0.00000E+03,0.45084E+03,0.00000E+03,0.00000E+03,0.00000E+03,0.00000E+03,0.00000E+03,0.92234E+00,0.00000E+00,0.00000E+00,0.82200E+00,0.55847E+00,0.92617E+00,0.000E+00,-31.613E+00,140.831E+00,145.285E+00,92.337E+00,-17.015E+00,22.730E+00,90.000E+00,90.000E+00,12.6010E+00,0.00000E+00,0.00000E+00,98.173E+00,100.000E+00,100.000E+00,0.01966E+03,0.00000E+03,0.00000E+03,+99999.9E+99,+99999.9E+99,+99999.9E+99,+99999.9E+99,+99999.9E+99,+99999.9E+99,+99999.9E+99,+99999.9E+99,+99999.9E+99,+99999.9E+99,+99999.9E+99,+99999.9E+99,1B00,0,0,0,1B00,76.5046E+00,77.0199E+00,77.0143E+00,76.8463E+00,71.8483E+00,72.8075E+00,72.7943E+00,72.4834E+00,76.5046E+00,77.0198E+00,77.0143E+00,0.0000E+00,0.0000E+00,0.0000E+00,73.1026E+00,73.2150E+00,73.1055E+00,105.760E+00,106.093E+00,105.840E+00,-104.550E+00,-105.080E+00,-104.387E+00,14.050E+00,13.910E+00,14.213E+00,+99999.9E+99,+99999.9E+99,+99999.9E+99,0.104E+00,11.7235E+00,11.4864E+00,11.2913E+00,11.5004E+00,10.1255E+00,9.9965E+00,9.6989E+00,9.9403E+00,11.7222E+00,11.4808E+00,11.2786E+00,-0.1744E+00,-0.3599E+00,0.5354E+00,4.8770E+00,4.6184E+00,4.8554E+00,27.6800E+00,27.0943E+00,28.6410E+00,-26.5967E+00,-26.7967E+00,-26.2181E+00,57.963E+00,59.498E+00,56.179E+00,+99999.9E+99,+99999.9E+99,+99999.9E+99,2.749E+00,0.36306E+03,0.34458E+03,0.34890E+03,1.05653E+03,0.17602E+03,0.17142E+03,0.18106E+03,0.52850E+03,0.52317E+03,0.51212E+03,0.50606E+03,1.54135E+03,0.20164E+03,0.19381E+03,0.20225E+03,0.59758E+03,-0.37669E+03,-0.37886E+03,-0.36657E+03,-1.12211E+03,-0.09835E+03,-0.09043E+03,-0.09012E+03,-0.27891E+03,-0.69397E+00,-0.67285E+00,-0.68943E+00,-0.68546E+00,-0.87297E+00,-0.88447E+00,-0.89523E+00,-0.88440E+00,0.000E+00,120.047E+00,-119.904E+00,59.242E+00,177.812E+00,-63.442E+00,-46.055E+00,-47.713E+00,-46.415E+00,-46.728E+00,201.115E+00,201.872E+00,201.269E+00,92.591E+00,+99999.9E+99,+99999.9E+99,0.00008E+06,-0.00063E+06,0.00000E+00,12.350E+00,0.756E+03,0.00098E+06,43.584E+00,F0F0F
2021/11/30,17:34:27,00000:00:52,150,38003F00,500,1F00,1F00,3F00,99.933E+00,0.000E+00,0.000E+00,110.996E+00,0.000E+00,0.000E+00,0.498E+00,0.000E+00,0.000E+00,99.932E+00,0.000E+00,0.000E+00,0.000E+00,0.000E+00,0.000E+00,100.896E+00,0.000E+00,0.000E+00,98.868E+00,0.000E+00,0.000E+00,106.873E+00,+99999.9E+99,+99999.9E+99,1.015E+00,+99999.9E+99,+99999.9E+99,11.6760E+00,0.00000E+00,0.00000E+00,11.9838E+00,0.00000E+00,0.00000E+00,4.4633E+00,0.00000E+00,0.00000E+00,10.7893E+00,0.00000E+00,0.00000E+00,3.1161E+00,0.00000E+00,0.00000E+00,18.2857E+00,0.0000E+00,0.0000E+00,4.0905E+00,0.0000E+00,0.0000E+00,101.918E+00,+99999.9E+99,+99999.9E+99,65.784E+00,+99999.9E+99,+99999.9E+99,1.07620E+03,0.00000E+03,0.00000E+03,0.00000E+03,0.00000E+03,0.00000E+03,1.16681E+03,0.00000E+03,0.00000E+03,0.00000E+03,0.00000E+03,0.00000E+03,0.45084E+03,0.00000E+03,0.00000E+03,0.00000E+03,0.00000E+03,0.00000E+03,0.92234E+00,0.00000E+00,0.00000E+00,0.82200E+00,0.55847E+00,0.92617E+00,0.000E+00,-31.613E+00,140.831E+00,145.285E+00,92.337E+00,-17.015E+00,22.730E+00,90.000E+00,90.000E+00,12.6010E+00,0.00000E+00,0.00000E+00,120.359E+00,100.000E+00,100.000E+00,-0.21910E+03,0.00000E+03,0.00000E+03,+99999.9E+99,+99999.9E+99,+99999.9E+99,+99999.9E+99,+99999.9E+99,+99999.9E+99,+99999.9E+99,+99999.9E+99,+99999.9E+99,+99999.9E+99,+99999.9E+99,+99999.9E+99,1B00,0,0,0,1B00,77.2188E+00,77.2198E+00,76.9998E+00,77.1461E+00,72.2271E+00,72.4192E+00,71.8755E+00,72.1739E+00,77.2188E+00,77.2198E+00,76.9998E+00,0.0000E+00,0.0000E+00,0.0000E+00,70.4499E+00,71.0293E+00,70.9148E+00,105.466E+00,105.721E+00,105.533E+00,-104.331E+00,-104.841E+00,-104.669E+00,34.695E+00,34.759E+00,34.741E+00,+99999.9E+99,+99999.9E+99,+99999.9E+99,0.502E+00,13.6015E+00,13.1710E+00,13.5515E+00,13.4414E+00,12.5241E+00,12.1086E+00,12.4588E+00,12.3638E+00,13.6006E+00,13.1710E+00,13.5500E+00,-0.1607E+00,0.0000E+00,0.2001E+00,14.1130E+00,13.1844E+00,13.1640E+00,27.6133E+00,27.3252E+00,28.5362E+00,-26.7062E+00,-26.9919E+00,-26.5376E+00,39.573E+00,41.885E+00,42.066E+00,+99999.9E+99,+99999.9E+99,+99999.9E+99,4.426E+00,0.42968E+03,0.42146E+03,0.44416E+03,1.29530E+03,0.50432E+03,0.46107E+03,0.48606E+03,1.45144E+03,0.61309E+03,0.59339E+03,0.60922E+03,1.81569E+03,0.56849E+03,0.53307E+03,0.53768E+03,1.63830E+03,-0.43732E+03,-0.41771E+03,-0.41698E+03,-1.27201E+03,-0.26237E+03,-0.26754E+03,-0.22990E+03,-0.75982E+03,-0.70085E+00,-0.71026E+00,-0.72906E+00,-0.71339E+00,-0.88713E+00,-0.86493E+00,-0.90398E+00,-0.88595E+00,0.000E+00,119.840E+00,-119.673E+00,57.758E+00,179.908E+00,-64.574E+00,-45.505E+00,-44.744E+00,-43.193E+00,-44.489E+00,202.168E+00,201.609E+00,201.957E+00,89.318E+00,+99999.9E+99,+99999.9E+99,0.00014E+06,-0.00074E+06,0.00000E+00,14.584E+00,0.758E+03,0.00116E+06,43.796E+00,F0F0F
2021/11/30,17:34:27,00000:00:52,200,38003D00,500,1C00,1C00,3800,99.933E+00,0.000E+00,0.000E+00,110.996E+00,0.000E+00,0.000E+00,0.498E+00,0.000E+00,0.000E+00,99.932E+00,0.000E+00,0.000E+00,0.000E+00,0.000E+00,0.000E+00,100.896E+00,0.000E+00,0.000E+00,98.868E+00,0.000E+00,0.000E+00,22.522E+00,+99999.9E+99,329.309E+00,1.015E+00,+99999.9E+99,+99999.9E+99,11.6760E+00,0.00000E+00,0.00000E+00,11.9838E+00,0.00000E+00,0.00000E+00,4.4633E+00,0.00000E+00,0.00000E+00,10.7893E+00,0.00000E+00,0.00000E+00,4.5154E+00,0.00000E+00,0.00000E+00,18.2857E+00,0.0000E+00,0.0000E+00,4.0905E+00,0.0000E+00,0.0000E+00,13.210E+00,+99999.9E+99,+99999.9E+99,65.784E+00,+99999.9E+99,+99999.9E+99,1.07620E+03,0.00000E+03,0.00000E+03,0.00000E+03,0.00000E+03,0.00000E+03,1.16681E+03,0.00000E+03,0.00000E+03,0.00000E+03,0.00000E+03,0.00000E+03,0.45084E+03,0.00000E+03,0.00000E+03,0.00000E+03,0.00000E+03,0.00000E+03,0.92234E+00,0.00000E+00,0.00000E+00,0.91657E+00,0.13040E+00,0.15992E+00,0.000E+00,-41.568E+00,163.938E+00,156.429E+00,-124.076E+00,83.140E+00,22.730E+00,90.000E+00,90.000E+00,12.6010E+00,0.00000E+00,0.00000E+00,71.728E+00,100.000E+00,100.000E+00,0.30426E+03,0.00000E+03,0.00000E+03,+99999.9E+99,+99999.9E+99,+99999.9E+99,+99999.9E+99,+99999.9E+99,+99999.9E+99,+99999.9E+99,+99999.9E+99,+99999.9E+99,+99999.9E+99,+99999.9E+99,+99999.9E+99,1B00,0,0,0,1B00,76.3008E+00,76.6538E+00,76.5349E+00,76.4965E+00,72.2111E+00,72.8959E+00,72.6734E+00,72.5934E+00,76.3008E+00,76.6538E+00,76.5349E+00,0.0000E+00,0.0000E+00,0.0000E+00,71.9331E+00,71.7747E+00,71.6978E+00,105.740E+00,106.046E+00,105.766E+00,-104.840E+00,-104.749E+00,-104.749E+00,27.170E+00,26.143E+00,26.941E+00,+99999.9E+99,+99999.9E+99,+99999.9E+99,0.195E+00,8.2327E+00,8.1676E+00,8.1054E+00,8.1686E+00,7.3271E+00,7.2818E+00,7.2074E+00,7.2721E+00,8.2321E+00,8.1665E+00,8.1019E+00,-0.1038E+00,-0.1340E+00,0.2387E+00,9.7025E+00,9.9008E+00,10.2588E+00,22.2967E+00,20.7490E+00,20.2400E+00,-18.6367E+00,-19.1843E+00,-19.8976E+00,48.591E+00,45.964E+00,44.500E+00,+99999.9E+99,+99999.9E+99,+99999.9E+99,4.416E+00,0.25956E+03,0.25312E+03,0.25925E+03,0.77193E+03,0.33475E+03,0.35968E+03,0.36332E+03,1.05775E+03,0.36447E+03,0.36185E+03,0.36001E+03,1.08632E+03,0.38997E+03,0.40206E+03,0.41952E+03,1.21091E+03,-0.25586E+03,-0.25858E+03,-0.24979E+03,-0.76423E+03,-0.20006E+03,-0.17966E+03,-0.20975E+03,-0.58947E+03,-0.71216E+00,-0.69952E+00,-0.72013E+00,-0.71059E+00,-0.85839E+00,-0.89460E+00,-0.86604E+00,-0.87352E+00,0.000E+00,120.145E+00,-120.034E+00,60.792E+00,176.650E+00,-59.927E+00,-44.589E+00,-45.611E+00,-43.935E+00,-44.717E+00,201.766E+00,202.063E+00,202.040E+00,94.908E+00,+99999.9E+99,+99999.9E+99,0.00004E+06,-0.00048E+06,0.00000E+00,9.249E+00,0.756E+03,0.00073E+06,43.767E+00,F0F08
2021/11/30,17:34:27,00000:00:52,250,38003F00,700,1F00,1F00,3F00,99.933E+00,0.000E+00,0.000E+00,110.996E+00,0.000E+00,0.000E+00,0.498E+00,0.000E+00,0.000E+00,99.932E+00,0.000E+00,0.000E+00,0.000E+00,0.000E+00,0.000E+00,100.896E+00,0.000E+00,0.000E+00,98.868E+00,0.000E+00,0.000E+00,65.242E+00,431.600E+00,+99999.9E+99,1.015E+00,+99999.9E+99,+99999.9E+99,11.6760E+00,0.00000E+00,0.00000E+00,11.9838E+00,0.00000E+00,0.00000E+00,4.4633E+00,0.00000E+00,0.00000E+00,10.7893E+00,0.00000E+00,0.00000E+00,4.0417E+00,0.00000E+00,0.00000E+00,18.2857E+00,0.0000E+00,0.0000E+00,4.0905E+00,0.0000E+00,0.0000E+00,47.409E+00,+99999.9E+99,+99999.9E+99,65.784E+00,+99999.9E+99,+99999.9E+99,1.07620E+03,0.00000E+03,0.00000E+03,0.00000E+03,0.00000E+03,0.00000E+03,1.16681E+03,0.00000E+03,0.00000E+03,0.00000E+03,0.00000E+03,0.00000E+03,0.45084E+03,0.00000E+03,0.00000E+03,0.00000E+03,0.00000E+03,0.00000E+03,0.92234E+00,0.00000E+00,0.00000E+00,0.89414E+00,0.21319E+00,0.65199E+00,0.000E+00,85.473E+00,136.852E+00,153.399E+00,7.782E+00,-92.456E+00,22.730E+00,90.000E+00,90.000E+00,12.6010E+00,0.00000E+00,0.00000E+00,117.011E+00,100.000E+00,100.000E+00,-0.18308E+03,0.00000E+03,0.00000E+03,+99999.9E+99,+99999.9E+99,+99999.9E+99,+99999.9E+99,+99999.9E+99,+99999.9E+99,+99999.9E+99,+99999.9E+99,+99999.9E+99,+99999.9E+99,+99999.9E+99,+99999.9E+99,1B00,0,0,0,1B00,77.0878E+00,77.1821E+00,77.1012E+00,77.1237E+00,72.1688E+00,72.5440E+00,72.2586E+00,72.3238E+00,77.0878E+00,77.1821E+00,77.1011E+00,0.0000E+00,0.0000E+00,0.0000E+00,72.7288E+00,73.1670E+00,73.0277E+00,105.741E+00,106.039E+00,105.689E+00,-104.507E+00,-104.857E+00,-104.641E+00,16.289E+00,16.333E+00,16.756E+00,+99999.9E+99,+99999.9E+99,+99999.9E+99,0.360E+00,13.4097E+00,12.9412E+00,13.1361E+00,13.1624E+00,12.2162E+00,11.7381E+00,11.8026E+00,11.9190E+00,13.4086E+00,12.9374E+00,13.1268E+00,-0.1767E+00,-0.3161E+00,0.4939E+00,6.4424E+00,5.7376E+00,5.6357E+00,27.6262E+00,27.0638E+00,28.7019E+00,-26.5714E+00,-27.0605E+00,-26.7600E+00,49.717E+00,54.491E+00,55.067E+00,+99999.9E+99,+99999.9E+99,+99999.9E+99,7.382E+00,0.42818E+03,0.40674E+03,0.42436E+03,1.25927E+03,0.23121E+03,0.20006E+03,0.21720E+03,0.64847E+03,0.60397E+03,0.58152E+03,0.59011E+03,1.77559E+03,0.25886E+03,0.23205E+03,0.23527E+03,0.72509E+03,-0.42596E+03,-0.41560E+03,-0.41007E+03,-1.25162E+03,-0.11641E+03,-0.11757E+03,-0.09043E+03,-0.32441E+03,-0.70894E+00,-0.69944E+00,-0.71911E+00,-0.70921E+00,-0.89319E+00,-0.86214E+00,-0.92318E+00,-0.89433E+00,0.000E+00,119.926E+00,-119.733E+00,56.926E+00,-179.696E+00,-67.266E+00,-44.851E+00,-45.618E+00,-44.019E+00,-44.829E+00,201.796E+00,201.444E+00,201.709E+00,90.889E+00,+99999.9E+99,+99999.9E+99,0.00011E+06,-0.00074E+06,0.00000E+00,14.434E+00,0.757E+03,0.00114E+06,43.715E+00,F0F08
2021/11/30,17:34:27,00000:00:52,300,38003F00,500,1F00,1F00,3F00,99.933E+00,0.000E+00,0.000E+00,110.996E+00,0.000E+00,0.000E+00,0.498E+00,0.000E+00,0.000E+00,99.932E+00,0.000E+00,0.000E+00,0.000E+00,0.000E+00,0.000E+00,100.896E+00,0.000E+00,0.000E+00,98.868E+00,0.000E+00,0.000E+00,65.242E+00,431.600E+00,+99999.9E+99,1.015E+00,+99999.9E+99,+99999.9E+99,11.6760E+00,0.00000E+00,0.00000E+00,11.9838E+00,0.00000E+00,0.00000E+00,4.4633E+00,0.00000E+00,0.00000E+00,10.7893E+00,0.00000E+00,0.00000E+00,4.0417E+00,0.00000E+00,0.00000E+00,18.2857E+00,0.0000E+00,0.0000E+00,4.0905E+00,0.0000E+00,0.0000E+00,47.409E+00,+99999.9E+99,+99999.9E+99,65.784E+00,+99999.9E+99,+99999.9E+99,1.07620E+03,0.00000E+03,0.00000E+03,0.00000E+03,0.00000E+03,0.00000E+03,1.16681E+03,0.00000E+03,0.00000E+03,0.00000E+03,0.00000E+03,0.00000E+03,0.45084E+03,0.00000E+03,0.00000E+03,0.00000E+03,0.00000E+03,0.00000E+03,0.92234E+00,0.00000E+00,0.00000E+00,0.89414E+00,0.21319E+00,0.65199E+00,0.000E+00,85.473E+00,136.852E+00,153.399E+00,7.782E+00,-92.456E+00,22.730E+00,90.000E+00,90.000E+00,12.6010E+00,0.00000E+00,0.00000E+00,100.936E+00,100.000E+00,100.000E+00,-0.01008E+03,0.00000E+03,0.00000E+03,+99999.9E+99,+99999.9E+99,+99999.9E+99,+99999.9E+99,+99999.9E+99,+99999.9E+99,+99999.9E+99,+99999.9E+99,+99999.9E+99,+99999.9E+99,+99999.9E+99,+99999.9E+99,1800,0,0,0,1800,76.7554E+00,77.1009E+00,76.8372E+00,76.8978E+00,72.0386E+00,72.6716E+00,72.1851E+00,72.2984E+00,76.7554E+00,77.1009E+00,76.8372E+00,0.0000E+00,0.0000E+00,0.0000E+00,70.0274E+00,70.2674E+00,70.1800E+00,105.497E+00,106.054E+00,105.467E+00,-104.309E+00,-107.146E+00,-104.637E+00,39.029E+00,38.785E+00,38.873E+00,+99999.9E+99,+99999.9E+99,+99999.9E+99,0.207E+00,11.9246E+00,11.7595E+00,12.0406E+00,11.9082E+00,10.4365E+00,10.3593E+00,10.5555E+00,10.4504E+00,11.9239E+00,11.7595E+00,12.0406E+00,-0.1292E+00,0.0000E+00,0.0000E+00,15.3642E+00,14.9403E+00,15.1419E+00,27.6281E+00,27.0538E+00,28.5390E+00,-26.2895E+00,-27.2010E+00,-26.6181E+00,39.517E+00,40.502E+00,39.578E+00,+99999.9E+99,+99999.9E+99,+99999.9E+99,1.714E+00,0.35636E+03,0.35860E+03,0.37131E+03,1.08627E+03,0.54163E+03,0.52502E+03,0.54224E+03,1.60889E+03,0.53273E+03,0.52683E+03,0.54029E+03,1.59985E+03,0.62018E+03,0.60273E+03,0.61274E+03,1.83551E+03,-0.39599E+03,-0.38594E+03,-0.39248E+03,-1.17441E+03,-0.30209E+03,-0.29604E+03,-0.28536E+03,-0.88348E+03,-0.66893E+00,-0.68068E+00,-0.68724E+00,-0.67899E+00,-0.87335E+00,-0.87107E+00,-0.88494E+00,-0.87654E+00,0.000E+00,119.963E+00,-119.845E+00,59.265E+00,179.340E+00,-62.165E+00,-48.015E+00,-47.103E+00,-46.588E+00,-47.236E+00,202.032E+00,202.405E+00,201.904E+00,90.181E+00,+99999.9E+99,+99999.9E+99,0.00011E+06,-0.00062E+06,0.00000E+00,12.353E+00,0.757E+03,0.00098E+06,43.773E+00,F0F08
2021/11/30,17:34:27,00000:00:52,350,38003F00,2A00,3B00,3B00,3F00,99.864E+00,0.000E+00,0.000E+00,110.920E+00,0.000E+00,0.000E+00,0.503E+00,0.000E+00,0.000E+00,99.863E+00,0.000E+00,0.000E+00,0.000E+00,0.000E+00,0.000E+00,100.939E+00,0.000E+00,0.000E+00,98.793E+00,0.000E+00,0.000E+00,65.242E+00,431.600E+00,+99999.9E+99,1.075E+00,+99999.9E+99,+99999.9E+99,12.1019E+00,0.00000E+00,0.00000E+00,12.4177E+00,0.00000E+00,0.00000E+00,4.6332E+00,0.00000E+00,0.00000E+00,11.1799E+00,0.00000E+00,0.00000E+00,4.0417E+00,0.00000E+00,0.00000E+00,18.2469E+00,0.0000E+00,0.0000E+00,4.0619E+00,0.0000E+00,0.0000E+00,47.409E+00,+99999.9E+99,+99999.9E+99,63.440E+00,+99999.9E+99,+99999.9E+99,1.11436E+03,0.00000E+03,0.00000E+03,0.00000E+03,0.00000E+03,0.00000E+03,1.20855E+03,0.00000E+03,0.00000E+03,0.00000E+03,0.00000E+03,0.00000E+03,0.46775E+03,0.00000E+03,0.00000E+03,0.00000E+03,0.00000E+03,0.00000E+03,0.92206E+00,0.00000E+00,0.00000E+00,0.89414E+00,0.21319E+00,0.65199E+00,0.000E+00,85.473E+00,136.852E+00,153.399E+00,7.782E+00,-92.456E+00,22.770E+00,90.000E+00,90.000E+00,0.00000E+00,0.00000E+00,0.00000E+00,75.245E+00,100.000E+00,100.000E+00,0.27586E+03,0.00000E+03,0.00000E+03,+99999.9E+99,+99999.9E+99,+99999.9E+99,+99999.9E+99,+99999.9E+99,+99999.9E+99,+99999.9E+99,+99999.9E+99,+99999.9E+99,+99999.9E+99,+99999.9E+99,+99999.9E+99,1B00,0,0,0,1B00,76.5417E+00,76.6620E+00,76.5570E+00,76.5869E+00,72.3805E+00,72.7901E+00,72.4486E+00,72.5397E+00,76.5417E+00,76.6620E+00,76.5570E+00,0.0000E+00,0.0000E+00,0.0000E+00,72.9016E+00,72.7390E+00,72.6671E+00,105.836E+00,106.123E+00,105.806E+00,-104.219E+00,-104.913E+00,-104.846E+00,18.328E+00,17.951E+00,17.991E+00,+99999.9E+99,+99999.9E+99,+99999.9E+99,0.192E+00,9.4714E+00,8.9737E+00,9.1040E+00,9.1830E+00,8.1534E+00,7.7377E+00,7.7715E+00,7.8875E+00,9.4699E+00,8.9706E+00,9.0950E+00,-0.1676E+00,-0.2357E+00,0.4043E+00,6.0796E+00,6.3911E+00,6.7938E+00,26.1557E+00,24.1467E+00,24.9748E+00,-26.4357E+00,-25.3090E+00,-22.4981E+00,57.326E+00,52.988E+00,50.254E+00,+99999.9E+99,+99999.9E+99,+99999.9E+99,5.007E+00,0.28670E+03,0.26885E+03,0.28294E+03,0.83850E+03,0.21730E+03,0.23456E+03,0.23881E+03,0.69067E+03,0.42099E+03,0.39805E+03,0.40393E+03,1.22297E+03,0.25304E+03,0.26059E+03,0.27459E+03,0.78768E+03,-0.30828E+03,-0.29354E+03,-0.28827E+03,-0.89009E+03,-0.12965E+03,-0.11352E+03,-0.13553E+03,-0.37871E+03,-0.68102E+00,-0.67542E+00,-0.70048E+00,-0.68562E+00,-0.85875E+00,-0.90012E+00,-0.86971E+00,-0.87684E+00,0.000E+00,120.134E+00,-120.047E+00,60.747E+00,175.931E+00,-60.365E+00,-47.077E+00,-47.513E+00,-45.535E+00,-46.715E+00,201.938E+00,201.538E+00,202.307E+00,94.748E+00,+99999.9E+99,+99999.9E+99,0.00004E+06,-0.00053E+06,0.00000E+00,10.025E+00,0.757E+03,0.00079E+06,43.786E+00,F0F08
2021/11/30,17:34:27,00000:00:52,400,38003D00,2D00,3C00,3C00,3800,99.864E+00,0.000E+00,0.000E+00,110.920E+00,0.000E+00,0.000E+00,0.503E+00,0.000E+00,0.000E+00,99.863E+00,0.000E+00,0.000E+00,0.000E+00,0.000E+00,0.000E+00,100.939E+00,0.000E+00,0.000E+00,98.793E+00,0.000E+00,0.000E+00,36.424E+00,401.994E+00,+99999.9E+99,1.075E+00,+99999.9E+99,+99999.9E+99,12.1019E+00,0.00000E+00,0.00000E+00,12.4177E+00,0.00000E+00,0.00000E+00,4.6332E+00,0.00000E+00,0.00000E+00,11.1799E+00,0.00000E+00,0.00000E+00,4.1431E+00,0.00000E+00,0.00000E+00,18.2469E+00,0.0000E+00,0.0000E+00,4.0619E+00,0.0000E+00,0.0000E+00,45.048E+00,+99999.9E+99,+99999.9E+99,63.440E+00,+99999.9E+99,+99999.9E+99,1.11436E+03,0.00000E+03,0.00000E+03,0.00000E+03,0.00000E+03,0.00000E+03,1.20855E+03,0.00000E+03,0.00000E+03,0.00000E+03,0.00000E+03,0.00000E+03,0.46775E+03,0.00000E+03,0.00000E+03,0.00000E+03,0.00000E+03,0.00000E+03,0.92206E+00,0.00000E+00,0.00000E+00,0.93052E+00,0.93179E+00,0.47420E+00,0.000E+00,-30.502E+00,168.187E+00,158.515E+00,-51.786E+00,106.494E+00,22.770E+00,90.000E+00,90.000E+00,0.00000E+00,0.00000E+00,0.00000E+00,120.859E+00,100.000E+00,100.000E+00,-0.23244E+03,0.00000E+03,0.00000E+03,+99999.9E+99,+99999.9E+99,+99999.9E+99,+99999.9E+99,+99999.9E+99,+99999.9E+99,+99999.9E+99,+99999.9E+99,+99999.9E+99,+99999.9E+99,+99999.9E+99,+99999.9E+99,1B00,0,0,0,1B00,77.0047E+00,77.4883E+00,77.3315E+00,77.2748E+00,71.6999E+00,72.5719E+00,72.2904E+00,72.1874E+00,77.0047E+00,77.4883E+00,77.3315E+00,0.0000E+00,0.0000E+00,0.0000E+00,71.7878E+00,72.3358E+00,72.1067E+00,105.589E+00,106.084E+00,105.556E+00,-104.411E+00,-105.114E+00,-104.613E+00,25.077E+00,25.597E+00,25.488E+00,+99999.9E+99,+99999.9E+99,+99999.9E+99,0.435E+00,13.9103E+00,13.6128E+00,13.7454E+00,13.7562E+00,12.9769E+00,12.8153E+00,12.7739E+00,12.8554E+00,13.9093E+00,13.6108E+00,13.7396E+00,-0.1674E+00,-0.2321E+00,0.4006E+00,10.1121E+00,9.2897E+00,9.4468E+00,27.6719E+00,27.0305E+00,28.5500E+00,-26.4038E+00,-27.2776E+00,-26.6571E+00,44.149E+00,46.843E+00,47.187E+00,+99999.9E+99,+99999.9E+99,+99999.9E+99,6.457E+00,0.45254E+03,0.44229E+03,0.45198E+03,1.34680E+03,0.36866E+03,0.32498E+03,0.34911E+03,1.04275E+03,0.62634E+03,0.61374E+03,0.62218E+03,1.86226E+03,0.41256E+03,0.37562E+03,0.37968E+03,1.16648E+03,-0.43303E+03,-0.42551E+03,-0.42757E+03,-1.28612E+03,-0.18520E+03,-0.18836E+03,-0.14927E+03,-0.52283E+03,-0.72250E+00,-0.72064E+00,-0.72645E+00,-0.72321E+00,-0.89359E+00,-0.86517E+00,-0.91947E+00,-0.89393E+00,0.000E+00,119.952E+00,-119.653E+00,56.920E+00,179.949E+00,-66.650E+00,-43.738E+00,-43.892E+00,-43.411E+00,-43.680E+00,201.722E+00,202.172E+00,201.056E+00,90.075E+00,+99999.9E+99,+99999.9E+99,0.00013E+06,-0.00077E+06,0.00000E+00,15.293E+00,0.758E+03,0.00121E+06,43.670E+00,F0F08
2021/11/30,17:34:27,00000:00:52,450,38003F00,2800,3B00,3B00,3F00,100.049E+00,0.000E+00,0.000E+00,111.125E+00,0.000E+00,0.000E+00,0.511E+00,0.000E+00,0.000E+00,100.047E+00,0.000E+00,0.000E+00,0.000E+00,0.000E+00,0.000E+00,100.939E+00,0.000E+00,0.000E+00,98.821E+00,0.000E+00,0.000E+00,36.424E+00,401.994E+00,+99999.9E+99,1.058E+00,+99999.9E+99,+99999.9E+99,11.1535E+00,0.00000E+00,0.00000E+00,11.3310E+00,0.00000E+00,0.00000E+00,4.5091E+00,0.00000E+00,0.00000E+00,10.2014E+00,0.00000E+00,0.00000E+00,4.1431E+00,0.00000E+00,0.00000E+00,18.2045E+00,0.0000E+00,0.0000E+00,4.0188E+00,0.0000E+00,0.0000E+00,45.048E+00,+99999.9E+99,+99999.9E+99,69.528E+00,+99999.9E+99,+99999.9E+99,1.01858E+03,0.00000E+03,0.00000E+03,0.00000E+03,0.00000E+03,0.00000E+03,1.11590E+03,0.00000E+03,0.00000E+03,0.00000E+03,0.00000E+03,0.00000E+03,0.45576E+03,0.00000E+03,0.00000E+03,0.00000E+03,0.00000E+03,0.00000E+03,0.91279E+00,0.00000E+00,0.00000E+00,0.93052E+00,0.93179E+00,0.47420E+00,0.000E+00,-30.502E+00,168.187E+00,158.515E+00,-51.786E+00,106.494E+00,24.106E+00,90.000E+00,90.000E+00,9.34520E+00,0.00000E+00,0.00000E+00,85.687E+00,100.000E+00,100.000E+00,0.14579E+03,0.00000E+03,0.00000E+03,+99999.9E+99,+99999.9E+99,+99999.9E+99,+99999.9E+99,+99999.9E+99,+99999.9E+99,+99999.9E+99,+99999.9E+99,+99999.9E+99,+99999.9E+99,+99999.9E+99,+99999.9E+99,1B00,0,0,0,1B00,76.7157E+00,76.6694E+00,76.3966E+00,76.5939E+00,72.5977E+00,72.6940E+00,72.0623E+00,72.4513E+00,76.7157E+00,76.6694E+00,76.3965E+00,0.0000E+00,0.0000E+00,0.0000E+00,70.7706E+00,70.6582E+00,70.5123E+00,105.694E+00,105.921E+00,105.831E+00,-104.631E+00,-104.690E+00,-104.217E+00,35.691E+00,35.198E+00,35.589E+00,+99999.9E+99,+99999.9E+99,+99999.9E+99,0.212E+00,9.7220E+00,9.3127E+00,9.9119E+00,9.6488E+00,8.4241E+00,8.0790E+00,8.4731E+00,8.3254E+00,9.7214E+00,9.3127E+00,9.9119E+00,-0.1101E+00,0.0000E+00,0.0000E+00,13.3288E+00,13.3956E+00,13.9317E+00,26.3686E+00,24.8100E+00,27.1624E+00,-25.4457E+00,-23.4586E+00,-26.5738E+00,43.052E+00,42.261E+00,40.420E+00,+99999.9E+99,+99999.9E+99,+99999.9E+99,2.511E+00,0.28557E+03,0.28388E+03,0.30334E+03,0.87280E+03,0.46362E+03,0.47941E+03,0.48725E+03,1.43028E+03,0.43252E+03,0.41459E+03,0.43988E+03,1.28699E+03,0.53930E+03,0.54314E+03,0.56006E+03,1.64220E+03,-0.32485E+03,-0.30215E+03,-0.31856E+03,-0.94555E+03,-0.27550E+03,-0.25529E+03,-0.27613E+03,-0.80692E+03,-0.66025E+00,-0.68473E+00,-0.68961E+00,-0.67817E+00,-0.85967E+00,-0.88265E+00,-0.87001E+00,-0.87095E+00,0.000E+00,120.182E+00,-119.998E+00,60.661E+00,178.156E+00,-60.335E+00,-48.681E+00,-46.786E+00,-46.401E+00,-47.299E+00,202.038E+00,201.792E+00,202.677E+00,91.806E+00,+99999.9E+99,+99999.9E+99,0.00007E+06,-0.00052E+06,0.00000E+00,10.108E+00,0.757E+03,0.00080E+06,43.802E+00,F0F08
2021/11/30,17:34:27,00000:00:52,500,38003F00,0,1B00,1B00,3F00,99.926E+00,0.000E+00,0.000E+00,110.989E+00,0.000E+00,0.000E+00,0.509E+00,0.000E+00,0.000E+00,99.925E+00,0.000E+00,0.000E+00,0.000E+00,0.000E+00,0.000E+00,100.939E+00,0.000E+00,0.000E+00,98.804E+00,0.000E+00,0.000E+00,105.897E+00,+99999.9E+99,+99999.9E+99,1.069E+00,+99999.9E+99,+99999.9E+99,11.7890E+00,0.00000E+00,0.00000E+00,12.0664E+00,0.00000E+00,0.00000E+00,4.5787E+00,0.00000E+00,0.00000E+00,10.8636E+00,0.00000E+00,0.00000E+00,3.1772E+00,0.00000E+00,0.00000E+00,18.3124E+00,0.0000E+00,0.0000E+00,4.1043E+00,0.0000E+00,0.0000E+00,102.280E+00,+99999.9E+99,+99999.9E+99,65.393E+00,+99999.9E+99,+99999.9E+99,1.08345E+03,0.00000E+03,0.00000E+03,0.00000E+03,0.00000E+03,0.00000E+03,1.17803E+03,0.00000E+03,0.00000E+03,0.00000E+03,0.00000E+03,0.00000E+03,0.46249E+03,0.00000E+03,0.00000E+03,0.00000E+03,0.00000E+03,0.00000E+03,0.91971E+00,0.00000E+00,0.00000E+00,0.82404E+00,0.25249E+00,0.50575E+00,0.000E+00,87.094E+00,130.249E+00,145.491E+00,11.719E+00,-170.132E+00,23.116E+00,90.000E+00,90.000E+00,12.6221E+00,0.00000E+00,0.00000E+00,96.818E+00,100.000E+00,100.000E+00,0.03447E+03,0.00000E+03,0.00000E+03,+99999.9E+99,+99999.9E+99,+99999.9E+99,+99999.9E+99,+99999.9E+99,+99999.9E+99,+99999.9E+99,+99999.9E+99,+99999.9E+99,+99999.9E+99,+99999.9E+99,+99999.9E+99,1B00,0,0,0,1B00,76.5302E+00,77.0681E+00,77.0393E+00,76.8792E+00,71.8637E+00,72.8507E+00,72.7928E+00,72.5024E+00,76.5302E+00,77.0681E+00,77.0393E+00,0.0000E+00,0.0000E+00,0.0000E+00,73.0913E+00,73.0530E+00,72.9702E+00,105.710E+00,106.016E+00,105.723E+00,-104.396E+00,-105.177E+00,-104.710E+00,15.414E+00,15.257E+00,15.267E+00,+99999.9E+99,+99999.9E+99,+99999.9E+99,0.101E+00,11.6673E+00,11.4590E+00,11.2610E+00,11.4624E+00,10.0661E+00,9.9499E+00,9.6645E+00,9.8935E+00,11.6661E+00,11.4526E+00,11.2475E+00,-0.1673E+00,-0.3834E+00,0.5518E+00,5.2034E+00,5.1359E+00,5.5132E+00,27.6105E+00,27.0362E+00,28.5186E+00,-26.3548E+00,-27.1890E+00,-25.9448E+00,58.662E+00,57.762E+00,53.704E+00,+99999.9E+99,+99999.9E+99,+99999.9E+99,3.315E+00,0.35998E+03,0.34259E+03,0.34641E+03,1.04898E+03,0.18507E+03,0.19139E+03,0.19761E+03,0.57407E+03,0.52078E+03,0.51127E+03,0.50523E+03,1.53728E+03,0.21433E+03,0.21456E+03,0.22494E+03,0.65363E+03,-0.37634E+03,-0.37951E+03,-0.36778E+03,-1.12362E+03,-0.10810E+03,-0.09697E+03,-0.10746E+03,-0.31253E+03,-0.69122E+00,-0.67008E+00,-0.68564E+00,-0.68236E+00,-0.86350E+00,-0.89203E+00,-0.87851E+00,-0.87828E+00,0.000E+00,120.088E+00,-119.985E+00,60.268E+00,176.924E+00,-61.393E+00,-46.273E+00,-47.926E+00,-46.714E+00,-46.972E+00,202.113E+00,202.106E+00,201.463E+00,92.703E+00,+99999.9E+99,+99999.9E+99,0.00008E+06,-0.00063E+06,0.00000E+00,12.269E+00,0.757E+03,0.00097E+06,43.828E+00,F0F0F
2021/11/30,17:34:27,00000:00:52,550,38003F00,700,1F00,1F00,3F00,99.926E+00,0.000E+00,0.000E+00,110.989E+00,0.000E+00,0.000E+00,0.509E+00,0.000E+00,0.000E+00,99.925E+00,0.000E+00,0.000E+00,0.000E+00,0.000E+00,0.000E+00,100.939E+00,0.000E+00,0.000E+00,98.804E+00,0.000E+00,0.000E+00,20.124E+00,+99999.9E+99,349.994E+00,1.069E+00,+99999.9E+99,+99999.9E+99,11.7890E+00,0.00000E+00,0.00000E+00,12.0664E+00,0.00000E+00,0.00000E+00,4.5787E+00,0.00000E+00,0.00000E+00,10.8636E+00,0.00000E+00,0.00000E+00,4.6398E+00,0.00000E+00,0.00000E+00,18.3124E+00,0.0000E+00,0.0000E+00,4.1043E+00,0.0000E+00,0.0000E+00,11.647E+00,+99999.9E+99,+99999.9E+99,65.393E+00,+99999.9E+99,+99999.9E+99,1.08345E+03,0.00000E+03,0.00000E+03,0.00000E+03,0.00000E+03,0.00000E+03,1.17803E+03,0.00000E+03,0.00000E+03,0.00000E+03,0.00000E+03,0.00000E+03,0.46249E+03,0.00000E+03,0.00000E+03,0.00000E+03,0.00000E+03,0.00000E+03,0.91971E+00,0.00000E+00,0.00000E+00,0.91653E+00,0.98272E+00,0.21274E+00,0.000E+00,135.116E+00,138.966E+00,156.424E+00,-34.217E+00,61.249E+00,23.116E+00,90.000E+00,90.000E+00,12.6221E+00,0.00000E+00,0.00000E+00,118.713E+00,100.000E+00,100.000E+00,-0.20275E+03,0.00000E+03,0.00000E+03,+99999.9E+99,+99999.9E+99,+99999.9E+99,+99999.9E+99,+99999.9E+99,+99999.9E+99,+99999.9E+99,+99999.9E+99,+99999.9E+99,+99999.9E+99,+99999.9E+99,+99999.9E+99,1B00,0,0,0,1B00,77.2219E+00,77.2351E+00,77.0202E+00,77.1590E+00,72.2371E+00,72.4370E+00,71.9034E+00,72.1925E+00,77.2219E+00,77.2351E+00,77.0202E+00,0.0000E+00,0.0000E+00,0.0000E+00,71.0916E+00,71.7305E+00,71.5115E+00,105.409E+00,105.589E+00,105.470E+00,-104.581E+00,-105.073E+00,-104.563E+00,30.159E+00,30.524E+00,30.429E+00,+99999.9E+99,+99999.9E+99,+99999.9E+99,0.519E+00,13.5464E+00,13.0933E+00,13.4988E+00,13.3795E+00,12.4730E+00,12.0305E+00,12.4032E+00,12.3022E+00,13.5453E+00,13.0933E+00,13.4975E+00,-0.1725E+00,0.0000E+00,0.1920E+00,12.3631E+00,11.2908E+00,11.4399E+00,27.6514E+00,27.0048E+00,28.5405E+00,-26.4200E+00,-27.1186E+00,-26.6219E+00,41.167E+00,44.225E+00,44.261E+00,+99999.9E+99,+99999.9E+99,+99999.9E+99,5.623E+00,0.42639E+03,0.41791E+03,0.44191E+03,1.28620E+03,0.44326E+03,0.39659E+03,0.42235E+03,1.26219E+03,0.61055E+03,0.58997E+03,0.60717E+03,1.80768E+03,0.49820E+03,0.45998E+03,0.46344E+03,1.42030E+03,-0.43699E+03,-0.41643E+03,-0.41638E+03,-1.26980E+03,-0.22743E+03,-0.23302E+03,-0.19080E+03,-0.65125E+03,-0.69837E+00,-0.70836E+00,-0.72781E+00,-0.71152E+00,-0.88972E+00,-0.86218E+00,-0.91132E+00,-0.88868E+00,0.000E+00,119.912E+00,-119.605E+00,57.455E+00,-179.753E+00,-65.484E+00,-45.703E+00,-44.898E+00,-43.296E+00,-44.641E+00,201.482E+00,201.697E+00,202.057E+00,89.607E+00,+99999.9E+99,+99999.9E+99,0.00013E+06,-0.00073E+06,0.00000E+00,14.518E+00,0.758E+03,0.00115E+06,43.563E+00,F0F08
2021/11/30,17:34:27,00000:00:52,600,38003F00,500,1F00,1F00,3F00,99.926E+00,0.000E+00,0.000E+00,110.989E+00,0.000E+00,0.000E+00,0.509E+00,0.000E+00,0.000E+00,99.925E+00,0.000E+00,0.000E+00,0.000E+00,0.000E+00,0.000E+00,100.939E+00,0.000E+00,0.000E+00,98.804E+00,0.000E+00,0.000E+00,20.124E+00,+99999.9E+99,349.994E+00,1.069E+00,+99999.9E+99,+99999.9E+99,11.7890E+00,0.00000E+00,0.00000E+00,12.0664E+00,0.00000E+00,0.00000E+00,4.5787E+00,0.00000E+00,0.00000E+00,10.8636E+00,0.00000E+00,0.00000E+00,4.6398E+00,0.00000E+00,0.00000E+00,18.3124E+00,0.0000E+00,0.0000E+00,4.1043E+00,0.0000E+00,0.0000E+00,11.647E+00,+99999.9E+99,+99999.9E+99,65.393E+00,+99999.9E+99,+99999.9E+99,1.08345E+03,0.00000E+03,0.00000E+03,0.00000E+03,0.00000E+03,0.00000E+03,1.17803E+03,0.00000E+03,0.00000E+03,0.00000E+03,0.00000E+03,0.00000E+03,0.46249E+03,0.00000E+03,0.00000E+03,0.00000E+03,0.00000E+03,0.00000E+03,0.91971E+00,0.00000E+00,0.00000E+00,0.91653E+00,0.98272E+00,0.21274E+00,0.000E+00,135.116E+00,138.966E+00,156.424E+00,-34.217E+00,61.249E+00,23.116E+00,90.000E+00,90.000E+00,12.6221E+00,0.00000E+00,0.00000E+00,70.722E+00,100.000E+00,100.000E+00,0.31721E+03,0.00000E+03,0.00000E+03,+99999.9E+99,+99999.9E+99,+99999.9E+99,+99999.9E+99,+99999.9E+99,+99999.9E+99,+99999.9E+99,+99999.9E+99,+99999.9E+99,+99999.9E+99,+99999.9E+99,+99999.9E+99,1B00,0,0,0,1B00,76.2937E+00,76.6658E+00,76.5277E+00,76.4958E+00,72.1903E+00,72.8920E+00,72.6329E+00,72.5717E+00,76.2937E+00,76.6658E+00,76.5277E+00,0.0000E+00,0.0000E+00,0.0000E+00,71.3466E+00,71.2628E+00,71.0894E+00,105.686E+00,106.047E+00,105.714E+00,-104.491E+00,-105.029E+00,-104.266E+00,31.758E+00,30.994E+00,31.643E+00,+99999.9E+99,+99999.9E+99,+99999.9E+99,0.220E+00,8.1824E+00,8.1340E+00,8.0778E+00,8.1314E+00,7.2852E+00,7.2517E+00,7.1804E+00,7.2391E+00,8.1816E+00,8.1331E+00,8.0744E+00,-0.1088E+00,-0.1222E+00,0.2321E+00,11.6642E+00,11.6514E+00,12.2741E+00,22.2524E+00,20.7148E+00,20.3067E+00,-18.5386E+00,-18.8819E+00,-19.9057E+00,45.294E+00,44.260E+00,42.126E+00,+99999.9E+99,+99999.9E+99,+99999.9E+99,3.452E+00,0.25715E+03,0.25168E+03,0.25741E+03,0.76624E+03,0.40103E+03,0.42174E+03,0.42938E+03,1.25215E+03,0.36207E+03,0.36032E+03,0.35880E+03,1.08119E+03,0.46843E+03,0.47567E+03,0.49490E+03,1.43853E+03,-0.25489E+03,-0.25786E+03,-0.24995E+03,-0.76270E+03,-0.24207E+03,-0.21999E+03,-0.24610E+03,-0.70816E+03,-0.71022E+00,-0.69848E+00,-0.71742E+00,-0.70870E+00,-0.85612E+00,-0.88663E+00,-0.86760E+00,-0.87044E+00,0.000E+00,120.203E+00,-119.963E+00,61.073E+00,177.670E+00,-60.020E+00,-44.747E+00,-45.695E+00,-44.158E+00,-44.871E+00,202.507E+00,202.122E+00,202.136E+00,94.618E+00,+99999.9E+99,+99999.9E+99,0.00004E+06,-0.00047E+06,0.00000E+00,9.151E+00,0.757E+03,0.00073E+06,43.962E+00,F0F08
2021/11/30,17:34:27,00000:00:52,650,38003F00,700,1C00,1C00,3800,99.926E+00,0.000E+00,0.000E+00,110.989E+00,0.000E+00,0.000E+00,0.509E+00,0.000E+00,0.000E+00,99.925E+00,0.000E+00,0.000E+00,0.000E+00,0.000E+00,0.000E+00,100.939E+00,0.000E+00,0.000E+00,98.804E+00,0.000E+00,0.000E+00,65.664E+00,+99999.9E+99,316.261E+00,1.069E+00,+99999.9E+99,+99999.9E+99,11.7890E+00,0.00000E+00,0.00000E+00,12.0664E+00,0.00000E+00,0.00000E+00,4.5787E+00,0.00000E+00,0.00000E+00,10.8636E+00,0.00000E+00,0.00000E+00,4.0267E+00,0.00000E+00,0.00000E+00,18.3124E+00,0.0000E+00,0.0000E+00,4.1043E+00,0.0000E+00,0.0000E+00,47.651E+00,+99999.9E+99,+99999.9E+99,65.393E+00,+99999.9E+99,+99999.9E+99,1.08345E+03,0.00000E+03,0.00000E+03,0.00000E+03,0.00000E+03,0.00000E+03,1.17803E+03,0.00000E+03,0.00000E+03,0.00000E+03,0.00000E+03,0.00000E+03,0.46249E+03,0.00000E+03,0.00000E+03,0.00000E+03,0.00000E+03,0.00000E+03,0.91971E+00,0.00000E+00,0.00000E+00,0.89398E+00,0.51163E+00,0.67805E+00,0.000E+00,-8.493E+00,147.007E+00,153.377E+00,-129.266E+00,-165.685E+00,23.116E+00,90.000E+00,90.000E+00,12.6221E+00,0.00000E+00,0.00000E+00,113.396E+00,100.000E+00,100.000E+00,-0.14514E+03,0.00000E+03,0.00000E+03,+99999.9E+99,+99999.9E+99,+99999.9E+99,+99999.9E+99,+99999.9E+99,+99999.9E+99,+99999.9E+99,+99999.9E+99,+99999.9E+99,+99999.9E+99,+99999.9E+99,+99999.9E+99,1B00,0,0,0,1B00,77.0836E+00,77.1812E+00,77.1091E+00,77.1246E+00,72.0898E+00,72.4738E+00,72.2074E+00,72.2570E+00,77.0836E+00,77.1812E+00,77.1091E+00,0.0000E+00,0.0000E+00,0.0000E+00,73.0638E+00,73.3188E+00,73.1972E+00,105.864E+00,106.083E+00,105.736E+00,-104.887E+00,-105.337E+00,-104.246E+00,14.061E+00,14.323E+00,14.409E+00,+99999.9E+99,+99999.9E+99,+99999.9E+99,0.201E+00,13.2545E+00,12.7740E+00,12.9728E+00,13.0004E+00,12.0370E+00,11.5441E+00,11.6109E+00,11.7307E+00,13.2530E+00,12.7707E+00,12.9636E+00,-0.1962E+00,-0.2901E+00,0.4875E+00,5.1769E+00,4.6827E+00,4.8142E+00,27.6090E+00,27.1538E+00,28.6062E+00,-26.5481E+00,-26.9429E+00,-26.7195E+00,55.130E+00,59.660E+00,57.682E+00,+99999.9E+99,+99999.9E+99,+99999.9E+99,4.767E+00,0.41835E+03,0.39586E+03,0.41438E+03,1.22859E+03,0.18610E+03,0.16984E+03,0.18182E+03,0.53776E+03,0.59673E+03,0.57374E+03,0.58249E+03,1.75297E+03,0.21120E+03,0.19548E+03,0.20038E+03,0.60669E+03,-0.42553E+03,-0.41530E+03,-0.40937E+03,-1.25020E+03,-0.09985E+03,-0.09679E+03,-0.08423E+03,-0.28087E+03,-0.70106E+00,-0.68997E+00,-0.71139E+00,-0.70086E+00,-0.88117E+00,-0.86882E+00,-0.90737E+00,-0.88638E+00,0.000E+00,119.996E+00,-119.830E+00,58.330E+00,179.619E+00,-65.032E+00,-45.488E+00,-46.373E+00,-44.651E+00,-45.504E+00,201.322E+00,201.497E+00,201.749E+00,91.181E+00,+99999.9E+99,+99999.9E+99,0.00011E+06,-0.00072E+06,0.00000E+00,14.123E+00,0.757E+03,0.00112E+06,43.563E+00,F0F08
2021/11/30,17:34:27,00000:00:52,700,38003F00,2800,3B00,3B00,3F00,99.876E+00,0.000E+00,0.000E+00,110.933E+00,0.000E+00,0.000E+00,0.505E+00,0.000E+00,0.000E+00,99.874E+00,0.000E+00,0.000E+00,0.000E+00,0.000E+00,0.000E+00,100.950E+00,0.000E+00,0.000E+00,98.764E+00,0.000E+00,0.000E+00,65.664E+00,+99999.9E+99,316.261E+00,1.094E+00,+99999.9E+99,+99999.9E+99,12.0061E+00,0.00000E+00,0.00000E+00,12.3000E+00,0.00000E+00,0.00000E+00,4.6383E+00,0.00000E+00,0.00000E+00,11.0739E+00,0.00000E+00,0.00000E+00,4.0267E+00,0.00000E+00,0.00000E+00,18.2238E+00,0.0000E+00,0.0000E+00,3.9517E+00,0.0000E+00,0.0000E+00,47.651E+00,+99999.9E+99,+99999.9E+99,64.440E+00,+99999.9E+99,+99999.9E+99,1.10390E+03,0.00000E+03,0.00000E+03,0.00000E+03,0.00000E+03,0.00000E+03,1.19911E+03,0.00000E+03,0.00000E+03,0.00000E+03,0.00000E+03,0.00000E+03,0.46827E+03,0.00000E+03,0.00000E+03,0.00000E+03,0.00000E+03,0.00000E+03,0.92060E+00,0.00000E+00,0.00000E+00,0.89398E+00,0.51163E+00,0.67805E+00,0.000E+00,-8.493E+00,147.007E+00,153.377E+00,-129.266E+00,-165.685E+00,22.987E+00,90.000E+00,90.000E+00,0.00000E+00,0.00000E+00,0.00000E+00,99.115E+00,100.000E+00,100.000E+00,0.00977E+03,0.00000E+03,0.00000E+03,+99999.9E+99,+99999.9E+99,+99999.9E+99,+99999.9E+99,+99999.9E+99,+99999.9E+99,+99999.9E+99,+99999.9E+99,+99999.9E+99,+99999.9E+99,+99999.9E+99,+99999.9E+99,1B00,0,0,0,1B00,76.7456E+00,77.0850E+00,76.8249E+00,76.8852E+00,72.0279E+00,72.6572E+00,72.1749E+00,72.2866E+00,76.7456E+00,77.0850E+00,76.8249E+00,0.0000E+00,0.0000E+00,0.0000E+00,70.1316E+00,70.5318E+00,70.4670E+00,105.401E+00,106.047E+00,105.421E+00,-104.333E+00,-106.239E+00,-104.386E+00,37.380E+00,37.382E+00,37.308E+00,+99999.9E+99,+99999.9E+99,+99999.9E+99,0.355E+00,11.9803E+00,11.8193E+00,12.0961E+00,11.9652E+00,10.4845E+00,10.4107E+00,10.6028E+00,10.4993E+00,11.9796E+00,11.8193E+00,12.0961E+00,-0.1275E+00,0.0000E+00,0.0000E+00,14.9713E+00,14.3238E+00,14.3532E+00,27.8233E+00,27.1029E+00,28.5538E+00,-26.4000E+00,-27.1748E+00,-26.5748E+00,39.471E+00,41.037E+00,40.915E+00,+99999.9E+99,+99999.9E+99,+99999.9E+99,3.096E+00,0.35898E+03,0.36130E+03,0.37384E+03,1.09413E+03,0.53091E+03,0.49824E+03,0.52013E+03,1.54928E+03,0.53519E+03,0.52939E+03,0.54261E+03,1.60719E+03,0.60499E+03,0.57671E+03,0.58338E+03,1.76459E+03,-0.39693E+03,-0.38693E+03,-0.39328E+03,-1.17714E+03,-0.29010E+03,-0.29042E+03,-0.26418E+03,-0.84470E+03,-0.67076E+00,-0.68249E+00,-0.68897E+00,-0.68077E+00,-0.87754E+00,-0.86394E+00,-0.89159E+00,-0.87798E+00,0.000E+00,119.873E+00,-119.780E+00,58.842E+00,-179.921E+00,-63.011E+00,-47.874E+00,-46.961E+00,-46.452E+00,-47.096E+00,202.173E+00,202.323E+00,201.804E+00,90.429E+00,+99999.9E+99,+99999.9E+99,0.00010E+06,-0.00063E+06,0.00000E+00,12.482E+00,0.757E+03,0.00099E+06,43.840E+00,F0F08
2021/11/30,17:34:27,00000:00:52,750,38003F00,2D00,3F00,3F00,3F00,99.876E+00,0.000E+00,0.000E+00,110.933E+00,0.000E+00,0.000E+00,0.505E+00,0.000E+00,0.000E+00,99.874E+00,0.000E+00,0.000E+00,0.000E+00,0.000E+00,0.000E+00,100.950E+00,0.000E+00,0.000E+00,98.764E+00,0.000E+00,0.000E+00,36.023E+00,+99999.9E+99,+99999.9E+99,1.094E+00,+99999.9E+99,+99999.9E+99,12.0061E+00,0.00000E+00,0.00000E+00,12.3000E+00,0.00000E+00,0.00000E+00,4.6383E+00,0.00000E+00,0.00000E+00,11.0739E+00,0.00000E+00,0.00000E+00,4.1925E+00,0.00000E+00,0.00000E+00,18.2238E+00,0.0000E+00,0.0000E+00,3.9517E+00,0.0000E+00,0.0000E+00,44.437E+00,+99999.9E+99,+99999.9E+99,64.440E+00,+99999.9E+99,+99999.9E+99,1.10390E+03,0.00000E+03,0.00000E+03,0.00000E+03,0.00000E+03,0.00000E+03,1.19911E+03,0.00000E+03,0.00000E+03,0.00000E+03,0.00000E+03,0.00000E+03,0.46827E+03,0.00000E+03,0.00000E+03,0.00000E+03,0.00000E+03,0.00000E+03,0.92060E+00,0.00000E+00,0.00000E+00,0.93301E+00,0.66472E+00,0.29849E+00,0.000E+00,-97.922E+00,152.549E+00,158.910E+00,33.739E+00,-100.084E+00,22.987E+00,90.000E+00,90.000E+00,0.00000E+00,0.00000E+00,0.00000E+00,76.049E+00,100.000E+00,100.000E+00,0.26440E+03,0.00000E+03,0.00000E+03,+99999.9E+99,+99999.9E+99,+99999.9E+99,+99999.9E+99,+99999.9E+99,+99999.9E+99,+99999.9E+99,+99999.9E+99,+99999.9E+99,+99999.9E+99,+99999.9E+99,+99999.9E+99,1B00,0,0,0,1B00,76.5432E+00,76.6392E+00,76.5553E+00,76.5793E+00,72.3698E+00,72.7482E+00,72.4529E+00,72.5236E+00,76.5432E+00,76.6392E+00,76.5553E+00,0.0000E+00,0.0000E+00,0.0000E+00,72.4789E+00,72.2588E+00,72.2453E+00,105.774E+00,105.966E+00,105.673E+00,-104.500E+00,-104.934E+00,-105.129E+00,22.507E+00,21.585E+00,22.150E+00,+99999.9E+99,+99999.9E+99,+99999.9E+99,0.205E+00,9.3989E+00,8.8776E+00,9.0107E+00,9.0957E+00,8.1812E+00,7.7488E+00,7.7820E+00,7.9040E+00,9.3976E+00,8.8742E+00,9.0017E+00,-0.1537E+00,-0.2460E+00,0.4009E+00,7.6950E+00,8.1291E+00,8.3230E+00,25.7605E+00,23.7714E+00,24.7557E+00,-26.1200E+00,-25.2409E+00,-21.9776E+00,52.652E+00,48.424E+00,47.344E+00,+99999.9E+99,+99999.9E+99,+99999.9E+99,4.669E+00,0.28792E+03,0.26826E+03,0.28333E+03,0.83950E+03,0.27233E+03,0.29408E+03,0.29612E+03,0.86253E+03,0.41784E+03,0.39380E+03,0.39965E+03,1.21130E+03,0.31572E+03,0.32692E+03,0.34102E+03,0.98308E+03,-0.30281E+03,-0.28830E+03,-0.28187E+03,-0.87298E+03,-0.15974E+03,-0.14281E+03,-0.16914E+03,-0.47169E+03,-0.68907E+00,-0.68120E+00,-0.70893E+00,-0.69306E+00,-0.86256E+00,-0.89954E+00,-0.86833E+00,-0.87737E+00,0.000E+00,120.107E+00,-120.096E+00,60.295E+00,176.005E+00,-60.257E+00,-46.443E+00,-47.063E+00,-44.852E+00,-46.127E+00,201.631E+00,201.714E+00,202.048E+00,94.656E+00,+99999.9E+99,+99999.9E+99,0.00004E+06,-0.00053E+06,0.00000E+00,10.036E+00,0.756E+03,0.00079E+06,43.750E+00,F0F08
2021/11/30,17:34:28,00000:00:52,800,38003F00,2800,3B00,3B00,3F00,100.013E+00,0.000E+00,0.000E+00,111.085E+00,0.000E+00,0.000E+00,0.482E+00,0.000E+00,0.000E+00,100.012E+00,0.000E+00,0.000E+00,0.000E+00,0.000E+00,0.000E+00,100.900E+00,0.000E+00,0.000E+00,98.832E+00,0.000E+00,0.000E+00,36.023E+00,+99999.9E+99,+99999.9E+99,1.034E+00,+99999.9E+99,+99999.9E+99,10.5022E+00,0.00000E+00,0.00000E+00,10.8067E+00,0.00000E+00,0.00000E+00,3.9542E+00,0.00000E+00,0.00000E+00,9.7294E+00,0.00000E+00,0.00000E+00,4.1925E+00,0.00000E+00,0.00000E+00,18.1510E+00,0.0000E+00,0.0000E+00,4.2162E+00,0.0000E+00,0.0000E+00,44.437E+00,+99999.9E+99,+99999.9E+99,71.612E+00,+99999.9E+99,+99999.9E+99,0.97136E+03,0.00000E+03,0.00000E+03,0.00000E+03,0.00000E+03,0.00000E+03,1.05036E+03,0.00000E+03,0.00000E+03,0.00000E+03,0.00000E+03,0.00000E+03,0.39966E+03,0.00000E+03,0.00000E+03,0.00000E+03,0.00000E+03,0.00000E+03,0.92478E+00,0.00000E+00,0.00000E+00,0.93301E+00,0.66472E+00,0.29849E+00,0.000E+00,-97.922E+00,152.549E+00,158.910E+00,33.739E+00,-100.084E+00,22.364E+00,90.000E+00,90.000E+00,14.5687E+00,0.00000E+00,0.00000E+00,135.105E+00,100.000E+00,100.000E+00,-0.34099E+03,0.00000E+03,0.00000E+03,+99999.9E+99,+99999.9E+99,+99999.9E+99,+99999.9E+99,+99999.9E+99,+99999.9E+99,+99999.9E+99,+99999.9E+99,+99999.9E+99,+99999.9E+99,+99999.9E+99,+99999.9E+99,1B00,0,0,0,1B00,76.9856E+00,77.4591E+00,77.3092E+00,77.2513E+00,71.5756E+00,72.4587E+00,72.1928E+00,72.0757E+00,76.9856E+00,77.4591E+00,77.3092E+00,0.0000E+00,0.0000E+00,0.0000E+00,72.2839E+00,72.7744E+00,72.6211E+00,105.586E+00,105.830E+00,105.503E+00,-104.623E+00,-104.917E+00,-104.849E+00,19.859E+00,19.727E+00,20.033E+00,+99999.9E+99,+99999.9E+99,+99999.9E+99,0.404E+00,13.6543E+00,13.3271E+00,13.4694E+00,13.4836E+00,12.7921E+00,12.5900E+00,12.5568E+00,12.6463E+00,13.6530E+00,13.3251E+00,13.4630E+00,-0.1811E+00,-0.2318E+00,0.4140E+00,7.8612E+00,7.2228E+00,7.1138E+00,27.5686E+00,27.0386E+00,28.3709E+00,-26.0405E+00,-26.7171E+00,-26.0776E+00,47.763E+00,50.642E+00,51.473E+00,+99999.9E+99,+99999.9E+99,+99999.9E+99,7.381E+00,0.44135E+03,0.42961E+03,0.44140E+03,1.31235E+03,0.28665E+03,0.24782E+03,0.26879E+03,0.80326E+03,0.61431E+03,0.60032E+03,0.60881E+03,1.82344E+03,0.32178E+03,0.28891E+03,0.29213E+03,0.90146E+03,-0.42731E+03,-0.41931E+03,-0.41931E+03,-1.26593E+03,-0.14620E+03,-0.14851E+03,-0.11444E+03,-0.40914E+03,-0.71844E+00,-0.71563E+00,-0.72501E+00,-0.71971E+00,-0.89083E+00,-0.85777E+00,-0.92008E+00,-0.89107E+00,0.000E+00,119.906E+00,-119.709E+00,57.247E+00,-179.227E+00,-66.806E+00,-44.074E+00,-44.305E+00,-43.530E+00,-43.969E+00,201.621E+00,201.237E+00,200.964E+00,90.345E+00,+99999.9E+99,+99999.9E+99,0.00013E+06,-0.00076E+06,0.00000E+00,14.956E+00,0.757E+03,0.00119E+06,43.679E+00,F0F08
2021/11/30,17:34:28,00000:00:52,850,38003800,0,1800,1800,3800,99.927E+00,0.000E+00,0.000E+00,110.990E+00,0.000E+00,0.000E+00,0.497E+00,0.000E+00,0.000E+00,99.926E+00,0.000E+00,0.000E+00,0.000E+00,0.000E+00,0.000E+00,100.929E+00,0.000E+00,0.000E+00,98.793E+00,0.000E+00,0.000E+00,27.278E+00,+99999.9E+99,+99999.9E+99,1.069E+00,+99999.9E+99,+99999.9E+99,11.6931E+00,0.00000E+00,0.00000E+00,12.0167E+00,0.00000E+00,0.00000E+00,4.4364E+00,0.00000E+00,0.00000E+00,10.8189E+00,0.00000E+00,0.00000E+00,4.2042E+00,0.00000E+00,0.00000E+00,18.2586E+00,0.0000E+00,0.0000E+00,4.2381E+00,0.0000E+00,0.0000E+00,13.011E+00,+99999.9E+99,+99999.9E+99,64.796E+00,+99999.9E+99,+99999.9E+99,1.07911E+03,0.00000E+03,0.00000E+03,0.00000E+03,0.00000E+03,0.00000E+03,1.16846E+03,0.00000E+03,0.00000E+03,0.00000E+03,0.00000E+03,0.00000E+03,0.44814E+03,0.00000E+03,0.00000E+03,0.00000E+03,0.00000E+03,0.00000E+03,0.92353E+00,0.00000E+00,0.00000E+00,0.89868E+00,0.50521E+00,0.89160E+00,0.000E+00,-90.005E+00,146.512E+00,153.985E+00,149.650E+00,119.586E+00,22.552E+00,90.000E+00,90.000E+00,12.6297E+00,0.00000E+00,0.00000E+00,81.886E+00,100.000E+00,100.000E+00,0.19547E+03,0.00000E+03,0.00000E+03,+99999.9E+99,+99999.9E+99,+99999.9E+99,+99999.9E+99,+99999.9E+99,+99999.9E+99,+99999.9E+99,+99999.9E+99,+99999.9E+99,+99999.9E+99,+99999.9E+99,+99999.9E+99,1B00,0,0,0,1B00,76.7016E+00,76.6390E+00,76.3828E+00,76.5745E+00,72.5870E+00,72.6704E+00,72.0595E+00,72.4389E+00,76.7016E+00,76.6390E+00,76.3828E+00,0.0000E+00,0.0000E+00,0.0000E+00,70.2380E+00,70.2580E+00,70.1345E+00,105.640E+00,106.047E+00,105.677E+00,-104.111E+00,-104.657E+00,-104.594E+00,37.583E+00,37.189E+00,37.399E+00,+99999.9E+99,+99999.9E+99,+99999.9E+99,0.099E+00,9.8055E+00,9.3827E+00,9.9815E+00,9.7233E+00,8.4961E+00,8.1370E+00,8.5366E+00,8.3899E+00,9.8047E+00,9.3827E+00,9.9815E+00,-0.1246E+00,0.0000E+00,0.0000E+00,14.3245E+00,14.2104E+00,14.5774E+00,26.3733E+00,24.8876E+00,27.1967E+00,-25.7262E+00,-23.5995E+00,-26.4671E+00,41.572E+00,41.546E+00,40.043E+00,+99999.9E+99,+99999.9E+99,+99999.9E+99,1.653E+00,0.28954E+03,0.28704E+03,0.30705E+03,0.88364E+03,0.49566E+03,0.49867E+03,0.51156E+03,1.50590E+03,0.43620E+03,0.41751E+03,0.44276E+03,1.29647E+03,0.57850E+03,0.57287E+03,0.58860E+03,1.73985E+03,-0.32624E+03,-0.30318E+03,-0.31899E+03,-0.94842E+03,-0.29830E+03,-0.28197E+03,-0.29113E+03,-0.87140E+03,-0.66378E+00,-0.68752E+00,-0.69350E+00,-0.68157E+00,-0.85680E+00,-0.87048E+00,-0.86911E+00,-0.86553E+00,0.000E+00,120.096E+00,-119.938E+00,61.049E+00,179.529E+00,-60.250E+00,-48.411E+00,-46.566E+00,-46.092E+00,-47.033E+00,201.879E+00,202.269E+00,202.509E+00,91.380E+00,+99999.9E+99,+99999.9E+99,0.00008E+06,-0.00052E+06,0.00000E+00,10.197E+00,0.756E+03,0.00081E+06,43.814E+00,F0F0F
2021/11/30,17:34:28,00000:00:52,900,38003F00,700,1F00,1F00,3F00,99.927E+00,0.000E+00,0.000E+00,110.990E+00,0.000E+00,0.000E+00,0.497E+00,0.000E+00,0.000E+00,99.926E+00,0.000E+00,0.000E+00,0.000E+00,0.000E+00,0.000E+00,100.929E+00,0.000E+00,0.000E+00,98.793E+00,0.000E+00,0.000E+00,27.278E+00,+99999.9E+99,+99999.9E+99,1.069E+00,+99999.9E+99,+99999.9E+99,11.6931E+00,0.00000E+00,0.00000E+00,12.0167E+00,0.00000E+00,0.00000E+00,4.4364E+00,0.00000E+00,0.00000E+00,10.8189E+00,0.00000E+00,0.00000E+00,4.2042E+00,0.00000E+00,0.00000E+00,18.2586E+00,0.0000E+00,0.0000E+00,4.2381E+00,0.0000E+00,0.0000E+00,13.011E+00,+99999.9E+99,+99999.9E+99,64.796E+00,+99999.9E+99,+99999.9E+99,1.07911E+03,0.00000E+03,0.00000E+03,0.00000E+03,0.00000E+03,0.00000E+03,1.16846E+03,0.00000E+03,0.00000E+03,0.00000E+03,0.00000E+03,0.00000E+03,0.44814E+03,0.00000E+03,0.00000E+03,0.00000E+03,0.00000E+03,0.00000E+03,0.92353E+00,0.00000E+00,0.00000E+00,0.89868E+00,0.50521E+00,0.89160E+00,0.000E+00,-90.005E+00,146.512E+00,153.985E+00,149.650E+00,119.586E+00,22.552E+00,90.000E+00,90.000E+00,12.6297E+00,0.00000E+00,0.00000E+00,97.849E+00,100.000E+00,100.000E+00,0.02321E+03,0.00000E+03,0.00000E+03,+99999.9E+99,+99999.9E+99,+99999.9E+99,+99999.9E+99,+99999.9E+99,+99999.9E+99,+99999.9E+99,+99999.9E+99,+99999.9E+99,+99999.9E+99,+99999.9E+99,+99999.9E+99,1B00,0,0,0,1B00,76.5533E+00,77.0165E+00,77.0409E+00,76.8702E+00,71.8936E+00,72.7981E+00,72.8222E+00,72.5046E+00,76.5533E+00,77.0165E+00,77.0409E+00,0.0000E+00,0.0000E+00,0.0000E+00,73.0292E+00,73.0190E+00,72.9101E+00,105.697E+00,106.111E+00,105.800E+00,-104.956E+00,-104.680E+00,-104.539E+00,15.493E+00,15.325E+00,15.443E+00,+99999.9E+99,+99999.9E+99,+99999.9E+99,0.105E+00,11.7446E+00,11.4926E+00,11.2972E+00,11.5115E+00,10.1310E+00,9.9809E+00,9.6870E+00,9.9330E+00,11.7436E+00,11.4858E+00,11.2840E+00,-0.1498E+00,-0.3955E+00,0.5464E+00,5.2804E+00,5.1982E+00,5.5994E+00,27.7552E+00,27.1519E+00,28.5114E+00,-26.5752E+00,-27.0410E+00,-26.1229E+00,57.879E+00,57.021E+00,52.987E+00,+99999.9E+99,+99999.9E+99,+99999.9E+99,3.481E+00,0.36345E+03,0.34364E+03,0.34880E+03,1.05589E+03,0.18847E+03,0.19459E+03,0.20188E+03,0.58494E+03,0.52472E+03,0.51262E+03,0.50637E+03,1.54371E+03,0.21748E+03,0.21717E+03,0.22855E+03,0.66298E+03,-0.37847E+03,-0.38039E+03,-0.36708E+03,-1.12593E+03,-0.10851E+03,-0.09642E+03,-0.10714E+03,-0.31207E+03,-0.69265E+00,-0.67036E+00,-0.68883E+00,-0.68400E+00,-0.86663E+00,-0.89603E+00,-0.88332E+00,-0.88229E+00,0.000E+00,120.099E+00,-119.961E+00,59.923E+00,176.412E+00,-61.952E+00,-46.159E+00,-47.905E+00,-46.462E+00,-46.843E+00,202.008E+00,201.385E+00,201.360E+00,92.749E+00,+99999.9E+99,+99999.9E+99,0.00008E+06,-0.00064E+06,0.00000E+00,12.361E+00,0.757E+03,0.00098E+06,43.823E+00,F0F0F
2021/11/30,17:34:28,00000:00:52,950,38003F00,500,1F00,1F00,3F00,99.927E+00,0.000E+00,0.000E+00,110.990E+00,0.000E+00,0.000E+00,0.497E+00,0.000E+00,0.000E+00,99.926E+00,0.000E+00,0.000E+00,0.000E+00,0.000E+00,0.000E+00,100.929E+00,0.000E+00,0.000E+00,98.793E+00,0.000E+00,0.000E+00,22.418E+00,+99999.9E+99,+99999.9E+99,1.069E+00,+99999.9E+99,+99999.9E+99,11.6931E+00,0.00000E+00,0.00000E+00,12.0167E+00,0.00000E+00,0.00000E+00,4.4364E+00,0.00000E+00,0.00000E+00,10.8189E+00,0.00000E+00,0.00000E+00,4.4179E+00,0.00000E+00,0.00000E+00,18.2586E+00,0.0000E+00,0.0000E+00,4.2381E+00,0.0000E+00,0.0000E+00,8.622E+00,+99999.9E+99,+99999.9E+99,64.796E+00,+99999.9E+99,+99999.9E+99,1.07911E+03,0.00000E+03,0.00000E+03,0.00000E+03,0.00000E+03,0.00000E+03,1.16846E+03,0.00000E+03,0.00000E+03,0.00000E+03,0.00000E+03,0.00000E+03,0.44814E+03,0.00000E+03,0.00000E+03,0.00000E+03,0.00000E+03,0.00000E+03,0.92353E+00,0.00000E+00,0.00000E+00,0.90687E+00,0.98692E+00,0.68786E+00,0.000E+00,79.892E+00,179.119E+00,155.076E+00,-109.384E+00,132.581E+00,22.552E+00,90.000E+00,90.000E+00,12.6297E+00,0.00000E+00,0.00000E+00,115.432E+00,100.000E+00,100.000E+00,-0.16653E+03,0.00000E+03,0.00000E+03,+99999.9E+99,+99999.9E+99,+99999.9E+99,+99999.9E+99,+99999.9E+99,+99999.9E+99,+99999.9E+99,+99999.9E+99,+99999.9E+99,+99999.9E+99,+99999.9E+99,+99999.9E+99,1B00,0,0,0,1B00,77.0206E+00,77.2467E+00,77.0658E+00,77.1110E+00,72.0485E+00,72.5650E+00,72.1688E+00,72.2607E+00,77.0206E+00,77.2467E+00,77.0658E+00,0.0000E+00,0.0000E+00,0.0000E+00,71.0144E+00,71.7253E+00,71.5064E+00,105.590E+00,106.127E+00,105.584E+00,-104.464E+00,-104.774E+00,-104.687E+00,30.307E+00,30.426E+00,30.365E+00,+99999.9E+99,+99999.9E+99,+99999.9E+99,0.582E+00,13.0704E+00,12.7244E+00,12.9525E+00,12.9158E+00,12.0029E+00,11.7017E+00,11.8431E+00,11.8493E+00,13.0693E+00,12.7237E+00,12.9490E+00,-0.1652E+00,-0.1330E+00,0.2992E+00,12.4842E+00,11.3250E+00,11.4934E+00,27.6476E+00,27.1209E+00,28.6467E+00,-26.5471E+00,-27.1376E+00,-26.7424E+00,40.805E+00,44.160E+00,44.015E+00,+99999.9E+99,+99999.9E+99,+99999.9E+99,6.068E+00,0.41667E+03,0.40640E+03,0.42256E+03,1.24563E+03,0.44826E+03,0.39743E+03,0.42613E+03,1.27181E+03,0.58754E+03,0.57214E+03,0.58272E+03,1.74240E+03,0.50283E+03,0.46092E+03,0.46576E+03,1.42795E+03,-0.41424E+03,-0.40271E+03,-0.40125E+03,-1.21820E+03,-0.22781E+03,-0.23344E+03,-0.18800E+03,-0.64925E+03,-0.70917E+00,-0.71032E+00,-0.72516E+00,-0.71490E+00,-0.89148E+00,-0.86225E+00,-0.91492E+00,-0.89066E+00,0.000E+00,119.879E+00,-119.572E+00,57.267E+00,-179.795E+00,-65.989E+00,-44.832E+00,-44.739E+00,-43.518E+00,-44.365E+00,201.389E+00,202.177E+00,201.963E+00,90.353E+00,+99999.9E+99,+99999.9E+99,0.00012E+06,-0.00072E+06,0.00000E+00,14.189E+00,0.757E+03,0.00113E+06,43.582E+00,F0F08
2021/11/30,17:34:28,00000:00:53,0,38003F00,500,1F00,1F00,3F00,99.927E+00,0.000E+00,0.000E+00,110.990E+00,0.000E+00,0.000E+00,0.497E+00,0.000E+00,0.000E+00,99.926E+00,0.000E+00,0.000E+00,0.000E+00,0.000E+00,0.000E+00,100.929E+00,0.000E+00,0.000E+00,98.793E+00,0.000E+00,0.000E+00,22.418E+00,+99999.9E+99,+99999.9E+99,1.069E+00,+99999.9E+99,+99999.9E+99,11.6931E+00,0.00000E+00,0.00000E+00,12.0167E+00,0.00000E+00,0.00000E+00,4.4364E+00,0.00000E+00,0.00000E+00,10.8189E+00,0.00000E+00,0.00000E+00,4.4179E+00,0.00000E+00,0.00000E+00,18.2586E+00,0.0000E+00,0.0000E+00,4.2381E+00,0.0000E+00,0.0000E+00,8.622E+00,+99999.9E+99,+99999.9E+99,64.796E+00,+99999.9E+99,+99999.9E+99,1.07911E+03,0.00000E+03,0.00000E+03,0.00000E+03,0.00000E+03,0.00000E+03,1.16846E+03,0.00000E+03,0.00000E+03,0.00000E+03,0.00000E+03,0.00000E+03,0.44814E+03,0.00000E+03,0.00000E+03,0.00000E+03,0.00000E+03,0.00000E+03,0.92353E+00,0.00000E+00,0.00000E+00,0.90687E+00,0.98692E+00,0.68786E+00,0.000E+00,79.892E+00,179.119E+00,155.076E+00,-109.384E+00,132.581E+00,22.552E+00,90.000E+00,90.000E+00,12.6297E+00,0.00000E+00,0.00000E+00,79.223E+00,100.000E+00,100.000E+00,0.22421E+03,0.00000E+03,0.00000E+03,+99999.9E+99,+99999.9E+99,+99999.9E+99,+99999.9E+99,+99999.9E+99,+99999.9E+99,+99999.9E+99,+99999.9E+99,+99999.9E+99,+99999.9E+99,+99999.9E+99,+99999.9E+99,1B00,0,0,0,1B00,76.6892E+00,76.6457E+00,76.3820E+00,76.5723E+00,72.5079E+00,72.6139E+00,71.9823E+00,72.3680E+00,76.6892E+00,76.6457E+00,76.3820E+00,0.0000E+00,0.0000E+00,0.0000E+00,71.3185E+00,71.2231E+00,71.0392E+00,105.889E+00,105.957E+00,105.956E+00,-104.383E+00,-104.513E+00,-104.127E+00,31.849E+00,31.099E+00,31.781E+00,+99999.9E+99,+99999.9E+99,+99999.9E+99,0.237E+00,9.6779E+00,9.2665E+00,9.8624E+00,9.6022E+00,8.3078E+00,7.9567E+00,8.3521E+00,8.2055E+00,9.6773E+00,9.2665E+00,9.8624E+00,-0.1072E+00,0.0000E+00,0.0000E+00,11.7116E+00,11.7091E+00,12.3367E+00,26.3200E+00,24.7938E+00,27.1362E+00,-25.5986E+00,-23.5257E+00,-26.4014E+00,45.202E+00,44.057E+00,42.005E+00,+99999.9E+99,+99999.9E+99,+99999.9E+99,3.518E+00,0.27963E+03,0.27778E+03,0.29748E+03,0.85490E+03,0.40280E+03,0.42412E+03,0.43177E+03,1.25870E+03,0.43024E+03,0.41211E+03,0.43739E+03,1.27973E+03,0.47007E+03,0.47763E+03,0.49712E+03,1.44432E+03,-0.32697E+03,-0.30442E+03,-0.32065E+03,-0.95203E+03,-0.24231E+03,-0.21967E+03,-0.24636E+03,-0.70835E+03,-0.64995E+00,-0.67406E+00,-0.68013E+00,-0.66803E+00,-0.85690E+00,-0.88796E+00,-0.86856E+00,-0.87148E+00,0.000E+00,120.216E+00,-119.965E+00,60.980E+00,177.514E+00,-60.123E+00,-49.462E+00,-47.619E+00,-47.146E+00,-48.085E+00,202.376E+00,201.738E+00,202.009E+00,92.070E+00,+99999.9E+99,+99999.9E+99,0.00007E+06,-0.00051E+06,0.00000E+00,9.937E+00,0.756E+03,0.00079E+06,43.938E+00,F0F08
2021/11/30,17:34:28,00000:00:53,50,38003F00,700,1C00,1C00,3800,99.927E+00,0.000E+00,0.000E+00,110.990E+00,0.000E+00,0.000E+00,0.497E+00,0.000E+00,0.000E+00,99.926E+00,0.000E+00,0.000E+00,0.000E+00,0.000E+00,0.000E+00,100.929E+00,0.000E+00,0.000E+00,98.793E+00,0.000E+00,0.000E+00,68.053E+00,+99999.9E+99,383.517E+00,1.069E+00,+99999.9E+99,+99999.9E+99,11.6931E+00,0.00000E+00,0.00000E+00,12.0167E+00,0.00000E+00,0.00000E+00,4.4364E+00,0.00000E+00,0.00000E+00,10.8189E+00,0.00000E+00,0.00000E+00,4.0265E+00,0.00000E+00,0.00000E+00,18.2586E+00,0.0000E+00,0.0000E+00,4.2381E+00,0.0000E+00,0.0000E+00,49.476E+00,+99999.9E+99,+99999.9E+99,64.796E+00,+99999.9E+99,+99999.9E+99,1.07911E+03,0.00000E+03,0.00000E+03,0.00000E+03,0.00000E+03,0.00000E+03,1.16846E+03,0.00000E+03,0.00000E+03,0.00000E+03,0.00000E+03,0.00000E+03,0.44814E+03,0.00000E+03,0.00000E+03,0.00000E+03,0.00000E+03,0.00000E+03,0.92353E+00,0.00000E+00,0.00000E+00,0.88175E+00,0.98285E+00,0.15343E+00,0.000E+00,66.255E+00,175.946E+00,151.854E+00,-124.371E+00,-85.229E+00,22.552E+00,90.000E+00,90.000E+00,12.6297E+00,0.00000E+00,0.00000E+00,97.846E+00,100.000E+00,100.000E+00,0.02324E+03,0.00000E+03,0.00000E+03,+99999.9E+99,+99999.9E+99,+99999.9E+99,+99999.9E+99,+99999.9E+99,+99999.9E+99,+99999.9E+99,+99999.9E+99,+99999.9E+99,+99999.9E+99,+99999.9E+99,+99999.9E+99,1B00,0,0,0,1B00,76.5452E+00,77.0033E+00,77.0394E+00,76.8626E+00,71.8826E+00,72.7820E+00,72.8227E+00,72.4958E+00,76.5452E+00,77.0033E+00,77.0394E+00,0.0000E+00,0.0000E+00,0.0000E+00,73.1196E+00,73.2283E+00,73.1244E+00,105.871E+00,106.107E+00,105.661E+00,-105.116E+00,-104.821E+00,-104.704E+00,13.649E+00,13.609E+00,13.841E+00,+99999.9E+99,+99999.9E+99,+99999.9E+99,0.096E+00,11.7444E+00,11.4931E+00,11.2927E+00,11.5100E+00,10.1346E+00,9.9833E+00,9.6862E+00,9.9347E+00,11.7432E+00,11.4862E+00,11.2786E+00,-0.1624E+00,-0.3990E+00,0.5625E+00,4.5613E+00,4.3026E+00,4.5328E+00,27.6776E+00,27.1100E+00,28.4786E+00,-26.6967E+00,-27.1090E+00,-26.0552E+00,61.439E+00,63.463E+00,59.303E+00,+99999.9E+99,+99999.9E+99,+99999.9E+99,2.631E+00,0.36362E+03,0.34369E+03,0.34856E+03,1.05587E+03,0.15940E+03,0.15626E+03,0.16476E+03,0.48042E+03,0.52469E+03,0.51253E+03,0.50608E+03,1.54330E+03,0.18653E+03,0.18001E+03,0.18783E+03,0.55426E+03,-0.37827E+03,-0.38021E+03,-0.36691E+03,-1.12539E+03,-0.09687E+03,-0.08936E+03,-0.09018E+03,-0.27641E+03,-0.69301E+00,-0.67058E+00,-0.68875E+00,-0.68416E+00,-0.85457E+00,-0.86808E+00,-0.87721E+00,-0.86678E+00,0.000E+00,120.043E+00,-119.909E+00,61.333E+00,179.762E+00,-61.218E+00,-46.131E+00,-47.888E+00,-46.469E+00,-46.830E+00,201.224E+00,202.002E+00,201.627E+00,92.833E+00,+99999.9E+99,+99999.9E+99,0.00008E+06,-0.00064E+06,0.00000E+00,12.371E+00,0.757E+03,0.00098E+06,43.601E+00,F0F08
2021/11/30,17:34:28,00000:00:53,100,38003F00,2800,3B00,3B00,3F00,99.984E+00,0.000E+00,0.000E+00,111.053E+00,0.000E+00,0.000E+00,0.509E+00,0.000E+00,0.000E+00,99.983E+00,0.000E+00,0.000E+00,0.000E+00,0.000E+00,0.000E+00,101.036E+00,0.000E+00,0.000E+00,98.811E+00,0.000E+00,0.000E+00,68.053E+00,+99999.9E+99,383.517E+00,1.113E+00,+99999.9E+99,+99999.9E+99,11.5522E+00,0.00000E+00,0.00000E+00,11.7220E+00,0.00000E+00,0.00000E+00,4.6987E+00,0.00000E+00,0.00000E+00,10.5535E+00,0.00000E+00,0.00000E+00,4.0265E+00,0.00000E+00,0.00000E+00,18.2069E+00,0.0000E+00,0.0000E+00,3.3395E+00,0.0000E+00,0.0000E+00,49.476E+00,+99999.9E+99,+99999.9E+99,70.438E+00,+99999.9E+99,+99999.9E+99,1.05303E+03,0.00000E+03,0.00000E+03,0.00000E+03,0.00000E+03,0.00000E+03,1.15504E+03,0.00000E+03,0.00000E+03,0.00000E+03,0.00000E+03,0.00000E+03,0.47461E+03,0.00000E+03,0.00000E+03,0.00000E+03,0.00000E+03,0.00000E+03,0.91168E+00,0.00000E+00,0.00000E+00,0.88175E+00,0.98285E+00,0.15343E+00,0.000E+00,66.255E+00,175.946E+00,151.854E+00,-124.371E+00,-85.229E+00,24.262E+00,90.000E+00,90.000E+00,0.00000E+00,0.00000E+00,0.00000E+00,120.764E+00,100.000E+00,100.000E+00,-0.21865E+03,0.00000E+03,0.00000E+03,+99999.9E+99,+99999.9E+99,+99999.9E+99,+99999.9E+99,+99999.9E+99,+99999.9E+99,+99999.9E+99,+99999.9E+99,+99999.9E+99,+99999.9E+99,+99999.9E+99,+99999.9E+99,1B00,0,0,0,1B00,77.2214E+00,77.2385E+00,77.0047E+00,77.1549E+00,72.1923E+00,72.3838E+00,71.8372E+00,72.1378E+00,77.2214E+00,77.2385E+00,77.0047E+00,0.0000E+00,0.0000E+00,0.0000E+00,70.4452E+00,71.0446E+00,70.9365E+00,105.176E+00,105.637E+00,105.586E+00,-104.094E+00,-104.954E+00,-104.520E+00,34.729E+00,34.713E+00,34.657E+00,+99999.9E+99,+99999.9E+99,+99999.9E+99,0.522E+00,13.3967E+00,12.9936E+00,13.3753E+00,13.2552E+00,12.3667E+00,11.9686E+00,12.3154E+00,12.2169E+00,13.3958E+00,12.9936E+00,13.3738E+00,-0.1514E+00,0.0000E+00,0.2002E+00,14.1537E+00,13.2207E+00,13.1974E+00,27.2824E+00,26.7314E+00,28.6024E+00,-25.8233E+00,-26.7214E+00,-26.6562E+00,39.513E+00,41.838E+00,42.075E+00,+99999.9E+99,+99999.9E+99,+99999.9E+99,4.453E+00,0.42128E+03,0.41404E+03,0.43635E+03,1.27168E+03,0.50575E+03,0.46199E+03,0.48721E+03,1.45495E+03,0.60337E+03,0.58540E+03,0.60143E+03,1.79020E+03,0.57015E+03,0.53448E+03,0.53909E+03,1.64276E+03,-0.43195E+03,-0.41384E+03,-0.41390E+03,-1.25969E+03,-0.26324E+03,-0.26877E+03,-0.23075E+03,-0.76275E+03,-0.69821E+00,-0.70728E+00,-0.72553E+00,-0.71035E+00,-0.88704E+00,-0.86437E+00,-0.90376E+00,-0.88567E+00,0.000E+00,119.825E+00,-119.667E+00,57.778E+00,179.960E+00,-64.551E+00,-45.717E+00,-44.986E+00,-43.487E+00,-44.736E+00,202.178E+00,201.571E+00,201.819E+00,89.827E+00,+99999.9E+99,+99999.9E+99,0.00013E+06,-0.00073E+06,0.00000E+00,14.403E+00,0.757E+03,0.00114E+06,43.810E+00,F0F08
2021/11/30,17:34:28,00000:00:53,150,38003F00,2D00,3F00,3F00,3F00,99.984E+00,0.000E+00,0.000E+00,111.053E+00,0.000E+00,0.000E+00,0.509E+00,0.000E+00,0.000E+00,99.983E+00,0.000E+00,0.000E+00,0.000E+00,0.000E+00,0.000E+00,101.036E+00,0.000E+00,0.000E+00,98.811E+00,0.000E+00,0.000E+00,33.869E+00,+99999.9E+99,362.807E+00,1.113E+00,+99999.9E+99,+99999.9E+99,11.5522E+00,0.00000E+00,0.00000E+00,11.7220E+00,0.00000E+00,0.00000E+00,4.6987E+00,0.00000E+00,0.00000E+00,10.5535E+00,0.00000E+00,0.00000E+00,4.4140E+00,0.00000E+00,0.00000E+00,18.2069E+00,0.0000E+00,0.0000E+00,3.3395E+00,0.0000E+00,0.0000E+00,37.490E+00,+99999.9E+99,+99999.9E+99,70.438E+00,+99999.9E+99,+99999.9E+99,1.05303E+03,0.00000E+03,0.00000E+03,0.00000E+03,0.00000E+03,0.00000E+03,1.15504E+03,0.00000E+03,0.00000E+03,0.00000E+03,0.00000E+03,0.00000E+03,0.47461E+03,0.00000E+03,0.00000E+03,0.00000E+03,0.00000E+03,0.00000E+03,0.91168E+00,0.00000E+00,0.00000E+00,0.93391E+00,0.77810E+00,0.87602E+00,0.000E+00,100.931E+00,161.399E+00,159.052E+00,-117.983E+00,10.233E+00,24.262E+00,90.000E+00,90.000E+00,0.00000E+00,0.00000E+00,0.00000E+00,71.624E+00,100.000E+00,100.000E+00,0.29881E+03,0.00000E+03,0.00000E+03,+99999.9E+99,+99999.9E+99,+99999.9E+99,+99999.9E+99,+99999.9E+99,+99999.9E+99,+99999.9E+99,+99999.9E+99,+99999.9E+99,+99999.9E+99,+99999.9E+99,+99999.9E+99,1B00,0,0,0,1B00,76.2512E+00,76.6672E+00,76.5206E+00,76.4797E+00,72.0884E+00,72.8570E+00,72.6017E+00,72.5157E+00,76.2512E+00,76.6672E+00,76.5206E+00,0.0000E+00,0.0000E+00,0.0000E+00,71.9301E+00,71.7473E+00,71.6885E+00,105.786E+00,106.031E+00,105.776E+00,-104.270E+00,-104.380E+00,-104.856E+00,27.126E+00,26.163E+00,26.862E+00,+99999.9E+99,+99999.9E+99,+99999.9E+99,0.204E+00,8.1094E+00,8.0434E+00,7.9863E+00,8.0464E+00,7.2169E+00,7.1742E+00,7.1126E+00,7.1679E+00,8.1086E+00,8.0424E+00,7.9827E+00,-0.1141E+00,-0.1269E+00,0.2421E+00,9.7130E+00,9.8915E+00,10.2298E+00,22.2605E+00,20.6724E+00,20.2705E+00,-18.5752E+00,-19.2652E+00,-19.8448E+00,48.444E+00,46.029E+00,44.533E+00,+99999.9E+99,+99999.9E+99,+99999.9E+99,4.184E+00,0.25292E+03,0.24758E+03,0.25372E+03,0.75422E+03,0.33547E+03,0.35899E+03,0.36240E+03,1.05686E+03,0.35853E+03,0.35613E+03,0.35465E+03,1.06932E+03,0.39038E+03,0.40161E+03,0.41814E+03,1.20956E+03,-0.25413E+03,-0.25600E+03,-0.24780E+03,-0.75792E+03,-0.19965E+03,-0.18005E+03,-0.20858E+03,-0.58828E+03,-0.70542E+00,-0.69520E+00,-0.71540E+00,-0.70533E+00,-0.85934E+00,-0.89387E+00,-0.86670E+00,-0.87376E+00,0.000E+00,120.140E+00,-120.054E+00,60.675E+00,176.747E+00,-60.019E+00,-45.136E+00,-45.957E+00,-44.324E+00,-45.144E+00,201.690E+00,201.951E+00,201.925E+00,94.601E+00,+99999.9E+99,+99999.9E+99,0.00004E+06,-0.00047E+06,0.00000E+00,9.011E+00,0.756E+03,0.00071E+06,43.768E+00,F0F08
2021/11/30,17:34:28,00000:00:53,200,38003F00,2800,3B00,3B00,3F00,99.835E+00,0.000E+00,0.000E+00,110.887E+00,0.000E+00,0.000E+00,0.489E+00,0.000E+00,0.000E+00,99.833E+00,0.000E+00,0.000E+00,0.000E+00,0.000E+00,0.000E+00,100.900E+00,0.000E+00,0.000E+00,98.825E+00,0.000E+00,0.000E+00,33.869E+00,+99999.9E+99,362.807E+00,1.039E+00,+99999.9E+99,+99999.9E+99,12.0255E+00,0.00000E+00,0.00000E+00,12.4867E+00,0.00000E+00,0.00000E+00,4.2698E+00,0.00000E+00,0.00000E+00,11.2419E+00,0.00000E+00,0.00000E+00,4.4140E+00,0.00000E+00,0.00000E+00,17.8488E+00,0.0000E+00,0.0000E+00,4.2105E+00,0.0000E+00,0.0000E+00,37.490E+00,+99999.9E+99,+99999.9E+99,60.658E+00,+99999.9E+99,+99999.9E+99,1.12046E+03,0.00000E+03,0.00000E+03,0.00000E+03,0.00000E+03,0.00000E+03,1.20056E+03,0.00000E+03,0.00000E+03,0.00000E+03,0.00000E+03,0.00000E+03,-0.43118E+03,0.00000E+03,0.00000E+03,0.00000E+03,0.00000E+03,0.00000E+03,-0.93328E+00,0.00000E+00,0.00000E+00,0.93391E+00,0.77810E+00,0.87602E+00,0.000E+00,100.931E+00,161.399E+00,159.052E+00,-117.983E+00,10.233E+00,-21.048E+00,90.000E+00,90.000E+00,9.32886E+00,0.00000E+00,0.00000E+00,111.134E+00,100.000E+00,100.000E+00,-0.12475E+03,0.00000E+03,0.00000E+03,+99999.9E+99,+99999.9E+99,+99999.9E+99,+99999.9E+99,+99999.9E+99,+99999.9E+99,+99999.9E+99,+99999.9E+99,+99999.9E+99,+99999.9E+99,+99999.9E+99,+99999.9E+99,1B00,0,0,0,1B00,77.0625E+00,77.1798E+00,77.0843E+00,77.1089E+00,72.0950E+00,72.4924E+00,72.1964E+00,72.2612E+00,77.0625E+00,77.1798E+00,77.0843E+00,0.0000E+00,0.0000E+00,0.0000E+00,72.6952E+00,73.1405E+00,72.9940E+00,105.773E+00,106.089E+00,105.740E+00,-104.351E+00,-104.984E+00,-105.113E+00,16.488E+00,16.484E+00,16.896E+00,+99999.9E+99,+99999.9E+99,+99999.9E+99,0.366E+00,13.2658E+00,12.8032E+00,13.0126E+00,13.0272E+00,12.1256E+00,11.6526E+00,11.7295E+00,11.8359E+00,13.2648E+00,12.7988E+00,13.0032E+00,-0.1586E+00,-0.3367E+00,0.4965E+00,6.5193E+00,5.8196E+00,5.7325E+00,27.6795E+00,26.7481E+00,28.1300E+00,-26.3919E+00,-26.6490E+00,-26.2248E+00,49.290E+00,53.950E+00,54.338E+00,+99999.9E+99,+99999.9E+99,+99999.9E+99,7.161E+00,0.42289E+03,0.40219E+03,0.42013E+03,1.24521E+03,0.23461E+03,0.20396E+03,0.22120E+03,0.65976E+03,0.59692E+03,0.57513E+03,0.58448E+03,1.75654E+03,0.26218E+03,0.23558E+03,0.23930E+03,0.73601E+03,-0.42129E+03,-0.41112E+03,-0.40634E+03,-1.23875E+03,-0.11704E+03,-0.11789E+03,-0.09130E+03,-0.32622E+03,-0.70845E+00,-0.69930E+00,-0.71880E+00,-0.70890E+00,-0.89484E+00,-0.86578E+00,-0.92436E+00,-0.89641E+00,0.000E+00,119.930E+00,-119.726E+00,56.718E+00,179.889E+00,-67.435E+00,-44.891E+00,-45.629E+00,-44.044E+00,-44.855E+00,201.543E+00,201.240E+00,201.526E+00,91.147E+00,+99999.9E+99,+99999.9E+99,0.00011E+06,-0.00073E+06,0.00000E+00,14.327E+00,0.756E+03,0.00113E+06,43.698E+00,F0F08
2021/11/30,17:34:28,00000:00:53,250,38003800,0,1800,1800,3800,99.911E+00,0.000E+00,0.000E+00,110.972E+00,0.000E+00,0.000E+00,0.507E+00,0.000E+00,0.000E+00,99.910E+00,0.000E+00,0.000E+00,0.000E+00,0.000E+00,0.000E+00,100.914E+00,0.000E+00,0.000E+00,98.825E+00,0.000E+00,0.000E+00,94.395E+00,+99999.9E+99,+99999.9E+99,1.046E+00,+99999.9E+99,+99999.9E+99,11.8452E+00,0.00000E+00,0.00000E+00,12.1700E+00,0.00000E+00,0.00000E+00,4.5007E+00,0.00000E+00,0.00000E+00,10.9569E+00,0.00000E+00,0.00000E+00,3.0565E+00,0.00000E+00,0.00000E+00,18.2733E+00,0.0000E+00,0.0000E+00,4.2367E+00,0.0000E+00,0.0000E+00,94.365E+00,476.959E+00,+99999.9E+99,64.054E+00,+99999.9E+99,+99999.9E+99,1.09265E+03,0.00000E+03,0.00000E+03,0.00000E+03,0.00000E+03,0.00000E+03,1.18347E+03,0.00000E+03,0.00000E+03,0.00000E+03,0.00000E+03,0.00000E+03,0.45467E+03,0.00000E+03,0.00000E+03,0.00000E+03,0.00000E+03,0.00000E+03,0.92326E+00,0.00000E+00,0.00000E+00,0.84043E+00,0.95268E+00,0.76521E+00,0.000E+00,-73.277E+00,-177.984E+00,147.185E+00,89.027E+00,42.090E+00,22.593E+00,90.000E+00,90.000E+00,12.6074E+00,0.00000E+00,0.00000E+00,100.553E+00,100.000E+00,100.000E+00,-0.00604E+03,0.00000E+03,0.00000E+03,+99999.9E+99,+99999.9E+99,+99999.9E+99,+99999.9E+99,+99999.9E+99,+99999.9E+99,+99999.9E+99,+99999.9E+99,+99999.9E+99,+99999.9E+99,+99999.9E+99,+99999.9E+99,1B00,0,0,0,1B00,76.7397E+00,77.0923E+00,76.8281E+00,76.8867E+00,72.0231E+00,72.6672E+00,72.1914E+00,72.2939E+00,76.7397E+00,77.0923E+00,76.8281E+00,0.0000E+00,0.0000E+00,0.0000E+00,69.9984E+00,70.2252E+00,70.1047E+00,105.369E+00,106.039E+00,105.450E+00,-104.284E+00,-104.031E+00,-104.414E+00,38.480E+00,38.235E+00,38.244E+00,+99999.9E+99,+99999.9E+99,+99999.9E+99,0.191E+00,11.9938E+00,11.8252E+00,12.1098E+00,11.9763E+00,10.5111E+00,10.4376E+00,10.6279E+00,10.5255E+00,11.9932E+00,11.8252E+00,12.1098E+00,-0.1241E+00,0.0000E+00,0.0000E+00,15.0442E+00,14.6532E+00,14.8743E+00,27.7648E+00,27.1043E+00,28.5890E+00,-26.3843E+00,-27.2505E+00,-26.6267E+00,40.040E+00,40.948E+00,39.904E+00,+99999.9E+99,+99999.9E+99,+99999.9E+99,1.561E+00,0.36069E+03,0.36262E+03,0.37538E+03,1.09869E+03,0.52559E+03,0.51217E+03,0.52847E+03,1.56623E+03,0.53577E+03,0.52970E+03,0.54333E+03,1.60879E+03,0.60654E+03,0.59132E+03,0.60163E+03,1.79937E+03,-0.39617E+03,-0.38612E+03,-0.39280E+03,-1.17509E+03,-0.30273E+03,-0.29554E+03,-0.28754E+03,-0.88580E+03,-0.67322E+00,-0.68457E+00,-0.69089E+00,-0.68292E+00,-0.86654E+00,-0.86615E+00,-0.87839E+00,-0.87043E+00,0.000E+00,120.001E+00,-119.837E+00,60.049E+00,179.932E+00,-61.339E+00,-47.684E+00,-46.798E+00,-46.299E+00,-46.927E+00,201.925E+00,202.262E+00,201.797E+00,89.893E+00,+99999.9E+99,+99999.9E+99,0.00011E+06,-0.00063E+06,0.00000E+00,12.461E+00,0.757E+03,0.00099E+06,43.774E+00,F0F0F
2021/11/30,17:34:28,00000:00:53,300,38003F00,700,1F00,1F00,3F00,99.911E+00,0.000E+00,0.000E+00,110.972E+00,0.000E+00,0.000E+00,0.507E+00,0.000E+00,0.000E+00,99.910E+00,0.000E+00,0.000E+00,0.000E+00,0.000E+00,0.000E+00,100.914E+00,0.000E+00,0.000E+00,98.825E+00,0.000E+00,0.000E+00,94.395E+00,+99999.9E+99,+99999.9E+99,1.046E+00,+99999.9E+99,+99999.9E+99,11.8452E+00,0.00000E+00,0.00000E+00,12.1700E+00,0.00000E+00,0.00000E+00,4.5007E+00,0.00000E+00,0.00000E+00,10.9569E+00,0.00000E+00,0.00000E+00,3.0565E+00,0.00000E+00,0.00000E+00,18.2733E+00,0.0000E+00,0.0000E+00,4.2367E+00,0.0000E+00,0.0000E+00,94.365E+00,476.959E+00,+99999.9E+99,64.054E+00,+99999.9E+99,+99999.9E+99,1.09265E+03,0.00000E+03,0.00000E+03,0.00000E+03,0.00000E+03,0.00000E+03,1.18347E+03,0.00000E+03,0.00000E+03,0.00000E+03,0.00000E+03,0.00000E+03,0.45467E+03,0.00000E+03,0.00000E+03,0.00000E+03,0.00000E+03,0.00000E+03,0.92326E+00,0.00000E+00,0.00000E+00,0.84043E+00,0.95268E+00,0.76521E+00,0.000E+00,-73.277E+00,-177.984E+00,147.185E+00,89.027E+00,42.090E+00,22.593E+00,90.000E+00,90.000E+00,12.6074E+00,0.00000E+00,0.00000E+00,79.047E+00,100.000E+00,100.000E+00,0.22894E+03,0.00000E+03,0.00000E+03,+99999.9E+99,+99999.9E+99,+99999.9E+99,+99999.9E+99,+99999.9E+99,+99999.9E+99,+99999.9E+99,+99999.9E+99,+99999.9E+99,+99999.9E+99,+99999.9E+99,+99999.9E+99,1B00,0,0,0,1B00,76.5414E+00,76.6322E+00,76.5741E+00,76.5826E+00,72.4319E+00,72.7890E+00,72.5363E+00,72.5858E+00,76.5414E+00,76.6322E+00,76.5741E+00,0.0000E+00,0.0000E+00,0.0000E+00,72.8433E+00,72.6718E+00,72.6177E+00,105.870E+00,105.991E+00,105.647E+00,-104.419E+00,-105.321E+00,-105.170E+00,18.503E+00,18.088E+00,18.026E+00,+99999.9E+99,+99999.9E+99,+99999.9E+99,0.190E+00,9.6094E+00,9.1136E+00,9.2468E+00,9.3233E+00,8.3204E+00,7.9002E+00,7.9397E+00,8.0534E+00,9.6084E+00,9.1096E+00,9.2378E+00,-0.1378E+00,-0.2675E+00,0.4064E+00,6.2002E+00,6.5000E+00,6.8822E+00,26.1057E+00,24.2067E+00,25.1752E+00,-26.5271E+00,-25.6267E+00,-22.5448E+00,56.265E+00,52.358E+00,49.596E+00,+99999.9E+99,+99999.9E+99,+99999.9E+99,4.624E+00,0.29542E+03,0.27700E+03,0.29129E+03,0.86371E+03,0.22310E+03,0.23926E+03,0.24322E+03,0.70558E+03,0.42741E+03,0.40434E+03,0.41038E+03,1.24212E+03,0.25795E+03,0.26514E+03,0.27815E+03,0.80077E+03,-0.30888E+03,-0.29455E+03,-0.28907E+03,-0.89250E+03,-0.12949E+03,-0.11424E+03,-0.13494E+03,-0.37866E+03,-0.69118E+00,-0.68508E+00,-0.70980E+00,-0.69535E+00,-0.86488E+00,-0.90242E+00,-0.87443E+00,-0.88113E+00,0.000E+00,120.122E+00,-120.059E+00,60.051E+00,175.622E+00,-60.935E+00,-46.276E+00,-46.758E+00,-44.781E+00,-45.945E+00,202.011E+00,201.360E+00,202.093E+00,94.480E+00,+99999.9E+99,+99999.9E+99,0.00005E+06,-0.00054E+06,0.00000E+00,10.305E+00,0.756E+03,0.00082E+06,43.852E+00,F0F0F
2021/11/30,17:34:28,00000:00:53,350,38003F00,500,1F00,1F00,3F00,99.911E+00,0.000E+00,0.000E+00,110.972E+00,0.000E+00,0.000E+00,0.507E+00,0.000E+00,0.000E+00,99.910E+00,0.000E+00,0.000E+00,0.000E+00,0.000E+00,0.000E+00,100.914E+00,0.000E+00,0.000E+00,98.825E+00,0.000E+00,0.000E+00,19.897E+00,371.241E+00,428.371E+00,1.046E+00,+99999.9E+99,+99999.9E+99,11.8452E+00,0.00000E+00,0.00000E+00,12.1700E+00,0.00000E+00,0.00000E+00,4.5007E+00,0.00000E+00,0.00000E+00,10.9569E+00,0.00000E+00,0.00000E+00,4.5242E+00,0.00000E+00,0.00000E+00,18.2733E+00,0.0000E+00,0.0000E+00,4.2367E+00,0.0000E+00,0.0000E+00,12.093E+00,+99999.9E+99,+99999.9E+99,64.054E+00,+99999.9E+99,+99999.9E+99,1.09265E+03,0.00000E+03,0.00000E+03,0.00000E+03,0.00000E+03,0.00000E+03,1.18347E+03,0.00000E+03,0.00000E+03,0.00000E+03,0.00000E+03,0.00000E+03,0.45467E+03,0.00000E+03,0.00000E+03,0.00000E+03,0.00000E+03,0.00000E+03,0.92326E+00,0.00000E+00,0.00000E+00,0.92012E+00,0.26204E+00,0.16700E+00,0.000E+00,-98.886E+00,142.095E+00,156.943E+00,-173.694E+00,42.482E+00,22.593E+00,90.000E+00,90.000E+00,12.6074E+00,0.00000E+00,0.00000E+00,124.129E+00,100.000E+00,100.000E+00,-0.26364E+03,0.00000E+03,0.00000E+03,+99999.9E+99,+99999.9E+99,+99999.9E+99,+99999.9E+99,+99999.9E+99,+99999.9E+99,+99999.9E+99,+99999.9E+99,+99999.9E+99,+99999.9E+99,+99999.9E+99,+99999.9E+99,1B00,0,0,0,1B00,77.0091E+00,77.4762E+00,77.3250E+00,77.2701E+00,71.7159E+00,72.5979E+00,72.3214E+00,72.2117E+00,77.0091E+00,77.4762E+00,77.3250E+00,0.0000E+00,0.0000E+00,0.0000E+00,71.7247E+00,72.3010E+00,72.0916E+00,105.700E+00,106.037E+00,105.560E+00,-104.560E+00,-105.124E+00,-104.746E+00,25.335E+00,25.588E+00,25.497E+00,+99999.9E+99,+99999.9E+99,+99999.9E+99,0.462E+00,13.9588E+00,13.6342E+00,13.7730E+00,13.7887E+00,13.0457E+00,12.8530E+00,12.8125E+00,12.9037E+00,13.9578E+00,13.6325E+00,13.7676E+00,-0.1641E+00,-0.2183E+00,0.3836E+00,10.1952E+00,9.3410E+00,9.4853E+00,27.6495E+00,27.1267E+00,28.6733E+00,-26.5100E+00,-26.7319E+00,-26.8352E+00,43.900E+00,46.679E+00,47.051E+00,+99999.9E+99,+99999.9E+99,+99999.9E+99,6.715E+00,0.45624E+03,0.44456E+03,0.45548E+03,1.35629E+03,0.37247E+03,0.32660E+03,0.35148E+03,1.05056E+03,0.62884E+03,0.61471E+03,0.62309E+03,1.86665E+03,0.41600E+03,0.37744E+03,0.38143E+03,1.17337E+03,-0.43277E+03,-0.42454E+03,-0.42517E+03,-1.28249E+03,-0.18526E+03,-0.18920E+03,-0.14816E+03,-0.52262E+03,-0.72552E+00,-0.72320E+00,-0.73101E+00,-0.72659E+00,-0.89536E+00,-0.86530E+00,-0.92148E+00,-0.89533E+00,0.000E+00,119.921E+00,-119.649E+00,56.706E+00,179.913E+00,-66.962E+00,-43.488E+00,-43.680E+00,-43.029E+00,-43.399E+00,201.345E+00,202.156E+00,201.087E+00,90.117E+00,+99999.9E+99,+99999.9E+99,0.00013E+06,-0.00078E+06,0.00000E+00,15.407E+00,0.758E+03,0.00122E+06,43.563E+00,F0F08
2021/11/30,17:34:28,00000:00:53,400,38003F00,500,1F00,1F00,3F00,99.911E+00,0.000E+00,0.000E+00,110.972E+00,0.000E+00,0.000E+00,0.507E+00,0.000E+00,0.000E+00,99.910E+00,0.000E+00,0.000E+00,0.000E+00,0.000E+00,0.000E+00,100.914E+00,0.000E+00,0.000E+00,98.825E+00,0.000E+00,0.000E+00,19.897E+00,371.241E+00,428.371E+00,1.046E+00,+99999.9E+99,+99999.9E+99,11.8452E+00,0.00000E+00,0.00000E+00,12.1700E+00,0.00000E+00,0.00000E+00,4.5007E+00,0.00000E+00,0.00000E+00,10.9569E+00,0.00000E+00,0.00000E+00,4.5242E+00,0.00000E+00,0.00000E+00,18.2733E+00,0.0000E+00,0.0000E+00,4.2367E+00,0.0000E+00,0.0000E+00,12.093E+00,+99999.9E+99,+99999.9E+99,64.054E+00,+99999.9E+99,+99999.9E+99,1.09265E+03,0.00000E+03,0.00000E+03,0.00000E+03,0.00000E+03,0.00000E+03,1.18347E+03,0.00000E+03,0.00000E+03,0.00000E+03,0.00000E+03,0.00000E+03,0.45467E+03,0.00000E+03,0.00000E+03,0.00000E+03,0.00000E+03,0.00000E+03,0.92326E+00,0.00000E+00,0.00000E+00,0.92012E+00,0.26204E+00,0.16700E+00,0.000E+00,-98.886E+00,142.095E+00,156.943E+00,-173.694E+00,42.482E+00,22.593E+00,90.000E+00,90.000E+00,12.6074E+00,0.00000E+00,0.00000E+00,78.440E+00,100.000E+00,100.000E+00,0.23557E+03,0.00000E+03,0.00000E+03,+99999.9E+99,+99999.9E+99,+99999.9E+99,+99999.9E+99,+99999.9E+99,+99999.9E+99,+99999.9E+99,+99999.9E+99,+99999.9E+99,+99999.9E+99,+99999.9E+99,+99999.9E+99,1B00,0,0,0,1B00,76.6842E+00,76.6391E+00,76.3775E+00,76.5669E+00,72.5065E+00,72.6140E+00,71.9810E+00,72.3672E+00,76.6842E+00,76.6391E+00,76.3775E+00,0.0000E+00,0.0000E+00,0.0000E+00,70.7527E+00,70.6676E+00,70.5026E+00,105.683E+00,106.127E+00,105.674E+00,-103.650E+00,-104.764E+00,-104.390E+00,35.804E+00,35.250E+00,35.706E+00,+99999.9E+99,+99999.9E+99,+99999.9E+99,0.209E+00,9.6959E+00,9.2812E+00,9.8911E+00,9.6227E+00,8.3224E+00,7.9635E+00,8.3694E+00,8.2185E+00,9.6954E+00,9.2812E+00,9.8911E+00,-0.1028E+00,0.0000E+00,0.0000E+00,13.3940E+00,13.4433E+00,14.0043E+00,26.3167E+00,24.9362E+00,27.3538E+00,-25.8567E+00,-23.5095E+00,-26.5119E+00,42.895E+00,42.139E+00,40.188E+00,+99999.9E+99,+99999.9E+99,+99999.9E+99,2.578E+00,0.28032E+03,0.27842E+03,0.29833E+03,0.85707E+03,0.46645E+03,0.48201E+03,0.49112E+03,1.43959E+03,0.43103E+03,0.41271E+03,0.43863E+03,1.28238E+03,0.54194E+03,0.54520E+03,0.56326E+03,1.65009E+03,-0.32743E+03,-0.30465E+03,-0.32155E+03,-0.95363E+03,-0.27590E+03,-0.25478E+03,-0.27578E+03,-0.80646E+03,-0.65034E+00,-0.67462E+00,-0.68014E+00,-0.66835E+00,-0.86071E+00,-0.88410E+00,-0.87194E+00,-0.87243E+00,0.000E+00,120.187E+00,-119.976E+00,60.557E+00,177.976E+00,-60.542E+00,-49.433E+00,-47.575E+00,-47.145E+00,-48.060E+00,202.336E+00,201.721E+00,202.528E+00,92.139E+00,+99999.9E+99,+99999.9E+99,0.00007E+06,-0.00051E+06,0.00000E+00,9.971E+00,0.756E+03,0.00079E+06,43.932E+00,F0F08
2021/11/30,17:34:28,00000:00:53,450,38003F00,700,1C00,1C00,3800,99.911E+00,0.000E+00,0.000E+00,110.972E+00,0.000E+00,0.000E+00,0.507E+00,0.000E+00,0.000E+00,99.910E+00,0.000E+00,0.000E+00,0.000E+00,0.000E+00,0.000E+00,100.914E+00,0.000E+00,0.000E+00,98.825E+00,0.000E+00,0.000E+00,67.957E+00,+99999.9E+99,+99999.9E+99,1.046E+00,+99999.9E+99,+99999.9E+99,11.8452E+00,0.00000E+00,0.00000E+00,12.1700E+00,0.00000E+00,0.00000E+00,4.5007E+00,0.00000E+00,0.00000E+00,10.9569E+00,0.00000E+00,0.00000E+00,4.0186E+00,0.00000E+00,0.00000E+00,18.2733E+00,0.0000E+00,0.0000E+00,4.2367E+00,0.0000E+00,0.0000E+00,49.465E+00,+99999.9E+99,+99999.9E+99,64.054E+00,+99999.9E+99,+99999.9E+99,1.09265E+03,0.00000E+03,0.00000E+03,0.00000E+03,0.00000E+03,0.00000E+03,1.18347E+03,0.00000E+03,0.00000E+03,0.00000E+03,0.00000E+03,0.00000E+03,0.45467E+03,0.00000E+03,0.00000E+03,0.00000E+03,0.00000E+03,0.00000E+03,0.92326E+00,0.00000E+00,0.00000E+00,0.88193E+00,0.10065E+00,0.29879E+00,0.000E+00,-20.037E+00,146.211E+00,151.877E+00,-104.261E+00,-106.404E+00,22.593E+00,90.000E+00,90.000E+00,12.6074E+00,0.00000E+00,0.00000E+00,96.498E+00,100.000E+00,100.000E+00,0.03827E+03,0.00000E+03,0.00000E+03,+99999.9E+99,+99999.9E+99,+99999.9E+99,+99999.9E+99,+99999.9E+99,+99999.9E+99,+99999.9E+99,+99999.9E+99,+99999.9E+99,+99999.9E+99,+99999.9E+99,+99999.9E+99,1B00,0,0,0,1B00,76.5455E+00,76.9975E+00,77.0267E+00,76.8566E+00,71.8911E+00,72.7788E+00,72.8016E+00,72.4905E+00,76.5455E+00,76.9975E+00,77.0267E+00,0.0000E+00,0.0000E+00,0.0000E+00,73.0903E+00,73.2059E+00,73.0977E+00,105.819E+00,106.083E+00,105.787E+00,-104.544E+00,-104.577E+00,-105.034E+00,13.448E+00,13.406E+00,13.651E+00,+99999.9E+99,+99999.9E+99,+99999.9E+99,0.104E+00,11.7280E+00,11.4762E+00,11.2805E+00,11.4949E+00,10.1205E+00,9.9732E+00,9.6802E+00,9.9247E+00,11.7268E+00,11.4695E+00,11.2666E+00,-0.1674E+00,-0.3899E+00,0.5585E+00,4.4888E+00,4.2108E+00,4.4680E+00,27.5686E+00,27.0557E+00,28.4748E+00,-26.7119E+00,-27.0314E+00,-26.0410E+00,62.245E+00,64.183E+00,60.137E+00,+99999.9E+99,+99999.9E+99,+99999.9E+99,3.036E+00,0.36286E+03,0.34331E+03,0.34820E+03,1.05438E+03,0.15726E+03,0.15250E+03,0.16224E+03,0.47199E+03,0.52386E+03,0.51167E+03,0.50542E+03,1.54095E+03,0.18474E+03,0.17656E+03,0.18487E+03,0.54605E+03,-0.37784E+03,-0.37939E+03,-0.36635E+03,-1.12357E+03,-0.09695E+03,-0.08899E+03,-0.08863E+03,-0.27458E+03,-0.69267E+00,-0.67097E+00,-0.68893E+00,-0.68424E+00,-0.85122E+00,-0.86370E+00,-0.87758E+00,-0.86438E+00,0.000E+00,120.043E+00,-119.903E+00,61.705E+00,-179.738E+00,-61.258E+00,-46.158E+00,-47.858E+00,-46.454E+00,-46.824E+00,201.723E+00,201.946E+00,201.358E+00,92.600E+00,+99999.9E+99,+99999.9E+99,0.00008E+06,-0.00063E+06,0.00000E+00,12.324E+00,0.757E+03,0.00098E+06,43.745E+00,F0F08
2021/11/30,17:34:28,00000:00:53,500,38003F00,2800,3B00,3B00,3F00,99.983E+00,0.000E+00,0.000E+00,111.052E+00,0.000E+00,0.000E+00,0.509E+00,0.000E+00,0.000E+00,99.982E+00,0.000E+00,0.000E+00,0.000E+00,0.000E+00,0.000E+00,100.989E+00,0.000E+00,0.000E+00,98.775E+00,0.000E+00,0.000E+00,67.957E+00,+99999.9E+99,+99999.9E+99,1.107E+00,+99999.9E+99,+99999.9E+99,11.5608E+00,0.00000E+00,0.00000E+00,11.7336E+00,0.00000E+00,0.00000E+00,4.6963E+00,0.00000E+00,0.00000E+00,10.5640E+00,0.00000E+00,0.00000E+00,4.0186E+00,0.00000E+00,0.00000E+00,18.2552E+00,0.0000E+00,0.0000E+00,3.3581E+00,0.0000E+00,0.0000E+00,49.465E+00,+99999.9E+99,+99999.9E+99,70.509E+00,+99999.9E+99,+99999.9E+99,1.05407E+03,0.00000E+03,0.00000E+03,0.00000E+03,0.00000E+03,0.00000E+03,1.15589E+03,0.00000E+03,0.00000E+03,0.00000E+03,0.00000E+03,0.00000E+03,0.47436E+03,0.00000E+03,0.00000E+03,0.00000E+03,0.00000E+03,0.00000E+03,0.91191E+00,0.00000E+00,0.00000E+00,0.88193E+00,0.10065E+00,0.29879E+00,0.000E+00,-20.037E+00,146.211E+00,151.877E+00,-104.261E+00,-106.404E+00,24.229E+00,90.000E+00,90.000E+00,0.00000E+00,0.00000E+00,0.00000E+00,122.743E+00,100.000E+00,100.000E+00,-0.23972E+03,0.00000E+03,0.00000E+03,+99999.9E+99,+99999.9E+99,+99999.9E+99,+99999.9E+99,+99999.9E+99,+99999.9E+99,+99999.9E+99,+99999.9E+99,+99999.9E+99,+99999.9E+99,+99999.9E+99,+99999.9E+99,1B00,0,0,0,1B00,77.2160E+00,77.2460E+00,77.0052E+00,77.1557E+00,72.2362E+00,72.4529E+00,71.8861E+00,72.1917E+00,77.2160E+00,77.2460E+00,77.0052E+00,0.0000E+00,0.0000E+00,0.0000E+00,70.4466E+00,71.0444E+00,70.9397E+00,105.301E+00,105.703E+00,105.496E+00,-104.364E+00,-105.049E+00,-104.731E+00,34.707E+00,34.706E+00,34.608E+00,+99999.9E+99,+99999.9E+99,+99999.9E+99,0.521E+00,13.5799E+00,13.1653E+00,13.5466E+00,13.4306E+00,12.5046E+00,12.0948E+00,12.4500E+00,12.3498E+00,13.5790E+00,13.1653E+00,13.5450E+00,-0.1637E+00,0.0000E+00,0.2104E+00,14.1335E+00,13.1938E+00,13.1724E+00,27.6695E+00,27.0800E+00,28.5424E+00,-26.4329E+00,-27.2429E+00,-26.6224E+00,39.552E+00,41.929E+00,42.093E+00,+99999.9E+99,+99999.9E+99,+99999.9E+99,4.494E+00,0.42881E+03,0.42125E+03,0.44372E+03,1.29379E+03,0.50498E+03,0.46088E+03,0.48629E+03,1.45215E+03,0.61187E+03,0.59329E+03,0.60943E+03,1.81459E+03,0.56939E+03,0.53340E+03,0.53807E+03,1.63988E+03,-0.43647E+03,-0.41778E+03,-0.41775E+03,-1.27200E+03,-0.26307E+03,-0.26852E+03,-0.23029E+03,-0.76188E+03,-0.70082E+00,-0.71003E+00,-0.72810E+00,-0.71299E+00,-0.88687E+00,-0.86404E+00,-0.90378E+00,-0.88552E+00,0.000E+00,119.823E+00,-119.669E+00,57.798E+00,179.997E+00,-64.556E+00,-45.507E+00,-44.763E+00,-43.273E+00,-44.521E+00,201.384E+00,201.598E+00,201.971E+00,89.553E+00,+99999.9E+99,+99999.9E+99,0.00014E+06,-0.00074E+06,0.00000E+00,14.604E+00,0.758E+03,0.00116E+06,43.570E+00,F0F08
2021/11/30,17:34:28,00000:00:53,550,38003F00,2D00,3F00,3F00,3F00,99.983E+00,0.000E+00,0.000E+00,111.052E+00,0.000E+00,0.000E+00,0.509E+00,0.000E+00,0.000E+00,99.982E+00,0.000E+00,0.000E+00,0.000E+00,0.000E+00,0.000E+00,100.989E+00,0.000E+00,0.000E+00,98.775E+00,0.000E+00,0.000E+00,35.938E+00,+99999.9E+99,+99999.9E+99,1.107E+00,+99999.9E+99,+99999.9E+99,11.5608E+00,0.00000E+00,0.00000E+00,11.7336E+00,0.00000E+00,0.00000E+00,4.6963E+00,0.00000E+00,0.00000E+00,10.5640E+00,0.00000E+00,0.00000E+00,4.3680E+00,0.00000E+00,0.00000E+00,18.2552E+00,0.0000E+00,0.0000E+00,3.3581E+00,0.0000E+00,0.0000E+00,40.420E+00,+99999.9E+99,+99999.9E+99,70.509E+00,+99999.9E+99,+99999.9E+99,1.05407E+03,0.00000E+03,0.00000E+03,0.00000E+03,0.00000E+03,0.00000E+03,1.15589E+03,0.00000E+03,0.00000E+03,0.00000E+03,0.00000E+03,0.00000E+03,0.47436E+03,0.00000E+03,0.00000E+03,0.00000E+03,0.00000E+03,0.00000E+03,0.91191E+00,0.00000E+00,0.00000E+00,0.93328E+00,0.14836E+00,0.19588E+00,0.000E+00,-105.505E+00,164.646E+00,158.952E+00,155.962E+00,-116.650E+00,24.229E+00,90.000E+00,90.000E+00,0.00000E+00,0.00000E+00,0.00000E+00,73.375E+00,100.000E+00,100.000E+00,0.28065E+03,0.00000E+03,0.00000E+03,+99999.9E+99,+99999.9E+99,+99999.9E+99,+99999.9E+99,+99999.9E+99,+99999.9E+99,+99999.9E+99,+99999.9E+99,+99999.9E+99,+99999.9E+99,+99999.9E+99,+99999.9E+99,1B00,0,0,0,1B00,76.2802E+00,76.6786E+00,76.5224E+00,76.4937E+00,72.1862E+00,72.9197E+00,72.6412E+00,72.5823E+00,76.2802E+00,76.6786E+00,76.5224E+00,0.0000E+00,0.0000E+00,0.0000E+00,71.9263E+00,71.7547E+00,71.6972E+00,105.754E+00,106.131E+00,105.841E+00,-104.441E+00,-104.697E+00,-104.489E+00,27.136E+00,26.147E+00,26.828E+00,+99999.9E+99,+99999.9E+99,+99999.9E+99,0.192E+00,8.2274E+00,8.1959E+00,8.1228E+00,8.1820E+00,7.3256E+00,7.3096E+00,7.2266E+00,7.2873E+00,8.2268E+00,8.1948E+00,8.1194E+00,-0.1021E+00,-0.1337E+00,0.2367E+00,9.7019E+00,9.8703E+00,10.2032E+00,22.0652E+00,20.8657E+00,20.4005E+00,-18.6433E+00,-19.2243E+00,-19.6671E+00,48.514E+00,46.140E+00,44.629E+00,+99999.9E+99,+99999.9E+99,+99999.9E+99,4.136E+00,0.25947E+03,0.25455E+03,0.25939E+03,0.77342E+03,0.33463E+03,0.35759E+03,0.36133E+03,1.05355E+03,0.36397E+03,0.36315E+03,0.36089E+03,1.08800E+03,0.38982E+03,0.40054E+03,0.41718E+03,1.20697E+03,-0.25524E+03,-0.25899E+03,-0.25092E+03,-0.76515E+03,-0.19996E+03,-0.18044E+03,-0.20853E+03,-0.58892E+03,-0.71290E+00,-0.70096E+00,-0.71875E+00,-0.71086E+00,-0.85842E+00,-0.89278E+00,-0.86611E+00,-0.87288E+00,0.000E+00,120.134E+00,-120.050E+00,60.782E+00,176.880E+00,-59.953E+00,-44.528E+00,-45.496E+00,-44.048E+00,-44.695E+00,202.458E+00,202.086E+00,202.051E+00,94.880E+00,+99999.9E+99,+99999.9E+99,0.00004E+06,-0.00048E+06,0.00000E+00,9.264E+00,0.756E+03,0.00073E+06,43.960E+00,F0F08
2021/11/30,17:34:28,00000:00:53,600,38003F00,2800,3B00,3B00,3F00,99.806E+00,0.000E+00,0.000E+00,110.856E+00,0.000E+00,0.000E+00,0.503E+00,0.000E+00,0.000E+00,99.805E+00,0.000E+00,0.000E+00,0.000E+00,0.000E+00,0.000E+00,100.900E+00,0.000E+00,0.000E+00,98.811E+00,0.000E+00,0.000E+00,35.938E+00,+99999.9E+99,+99999.9E+99,1.047E+00,+99999.9E+99,+99999.9E+99,12.3352E+00,0.00000E+00,0.00000E+00,12.7916E+00,0.00000E+00,0.00000E+00,4.4190E+00,0.00000E+00,0.00000E+00,11.5165E+00,0.00000E+00,0.00000E+00,4.3680E+00,0.00000E+00,0.00000E+00,18.2495E+00,0.0000E+00,0.0000E+00,4.0412E+00,0.0000E+00,0.0000E+00,40.420E+00,+99999.9E+99,+99999.9E+99,61.687E+00,+99999.9E+99,+99999.9E+99,1.14741E+03,0.00000E+03,0.00000E+03,0.00000E+03,0.00000E+03,0.00000E+03,1.23113E+03,0.00000E+03,0.00000E+03,0.00000E+03,0.00000E+03,0.00000E+03,-0.44624E+03,0.00000E+03,0.00000E+03,0.00000E+03,0.00000E+03,0.00000E+03,-0.93200E+00,0.00000E+00,0.00000E+00,0.93328E+00,0.14836E+00,0.19588E+00,0.000E+00,-105.505E+00,164.646E+00,158.952E+00,155.962E+00,-116.650E+00,-21.252E+00,90.000E+00,90.000E+00,9.33702E+00,0.00000E+00,0.00000E+00,109.801E+00,100.000E+00,100.000E+00,-0.11246E+03,0.00000E+03,0.00000E+03,+99999.9E+99,+99999.9E+99,+99999.9E+99,+99999.9E+99,+99999.9E+99,+99999.9E+99,+99999.9E+99,+99999.9E+99,+99999.9E+99,+99999.9E+99,+99999.9E+99,+99999.9E+99,1B00,0,0,0,1B00,77.0771E+00,77.2180E+00,77.1277E+00,77.1409E+00,72.1339E+00,72.5683E+00,72.2902E+00,72.3308E+00,77.0771E+00,77.2180E+00,77.1277E+00,0.0000E+00,0.0000E+00,0.0000E+00,73.0490E+00,73.2903E+00,73.1620E+00,105.649E+00,106.023E+00,105.796E+00,-104.500E+00,-105.147E+00,-104.683E+00,14.152E+00,14.358E+00,14.446E+00,+99999.9E+99,+99999.9E+99,+99999.9E+99,0.191E+00,13.4184E+00,12.9527E+00,13.1398E+00,13.1703E+00,12.2257E+00,11.7522E+00,11.8123E+00,11.9301E+00,13.4171E+00,12.9489E+00,13.1301E+00,-0.1878E+00,-0.3158E+00,0.5047E+00,5.2183E+00,4.7319E+00,4.8870E+00,27.8210E+00,27.0619E+00,28.3848E+00,-26.6600E+00,-27.1357E+00,-26.4171E+00,54.786E+00,59.056E+00,56.904E+00,+99999.9E+99,+99999.9E+99,+99999.9E+99,4.486E+00,0.42854E+03,0.40682E+03,0.42452E+03,1.25987E+03,0.18780E+03,0.17257E+03,0.18450E+03,0.54487E+03,0.60432E+03,0.58234E+03,0.59081E+03,1.77747E+03,0.21277E+03,0.19763E+03,0.20310E+03,0.61317E+03,-0.42610E+03,-0.41667E+03,-0.41090E+03,-1.25368E+03,-0.10001E+03,-0.09633E+03,-0.08490E+03,-0.28124E+03,-0.70912E+00,-0.69859E+00,-0.71853E+00,-0.70880E+00,-0.88265E+00,-0.87316E+00,-0.90844E+00,-0.88861E+00,0.000E+00,120.008E+00,-119.833E+00,58.145E+00,179.121E+00,-65.174E+00,-44.837E+00,-45.686E+00,-44.066E+00,-44.863E+00,201.341E+00,201.493E+00,201.772E+00,90.701E+00,+99999.9E+99,+99999.9E+99,0.00012E+06,-0.00074E+06,0.00000E+00,14.407E+00,0.757E+03,0.00114E+06,43.572E+00,F0F08
2021/11/30,17:34:28,00000:00:53,650,38003F00,0,1B00,1B00,3F00,99.924E+00,0.000E+00,0.000E+00,110.987E+00,0.000E+00,0.000E+00,0.510E+00,0.000E+00,0.000E+00,99.923E+00,0.000E+00,0.000E+00,0.000E+00,0.000E+00,0.000E+00,100.964E+00,0.000E+00,0.000E+00,98.832E+00,0.000E+00,0.000E+00,100.749E+00,+99999.9E+99,+99999.9E+99,1.067E+00,+99999.9E+99,+99999.9E+99,11.8007E+00,0.00000E+00,0.00000E+00,12.0790E+00,0.00000E+00,0.00000E+00,4.5818E+00,0.00000E+00,0.00000E+00,10.8749E+00,0.00000E+00,0.00000E+00,3.0324E+00,0.00000E+00,0.00000E+00,18.1164E+00,0.0000E+00,0.0000E+00,3.9379E+00,0.0000E+00,0.0000E+00,102.435E+00,+99999.9E+99,+99999.9E+99,65.189E+00,+99999.9E+99,+99999.9E+99,1.08457E+03,0.00000E+03,0.00000E+03,0.00000E+03,0.00000E+03,0.00000E+03,1.17918E+03,0.00000E+03,0.00000E+03,0.00000E+03,0.00000E+03,0.00000E+03,0.46279E+03,0.00000E+03,0.00000E+03,0.00000E+03,0.00000E+03,0.00000E+03,0.91977E+00,0.00000E+00,0.00000E+00,0.83224E+00,0.04062E+00,0.81609E+00,0.000E+00,-41.603E+00,-161.026E+00,146.329E+00,-129.275E+00,-16.331E+00,23.108E+00,90.000E+00,90.000E+00,12.6190E+00,0.00000E+00,0.00000E+00,100.149E+00,100.000E+00,100.000E+00,-0.00161E+03,0.00000E+03,0.00000E+03,+99999.9E+99,+99999.9E+99,+99999.9E+99,+99999.9E+99,+99999.9E+99,+99999.9E+99,+99999.9E+99,+99999.9E+99,+99999.9E+99,+99999.9E+99,+99999.9E+99,+99999.9E+99,1B00,0,0,0,1B00,76.7576E+00,77.0940E+00,76.8488E+00,76.9001E+00,72.0237E+00,72.6437E+00,72.2017E+00,72.2897E+00,76.7576E+00,77.0940E+00,76.8488E+00,0.0000E+00,0.0000E+00,0.0000E+00,70.1488E+00,70.5214E+00,70.4626E+00,105.444E+00,105.971E+00,105.570E+00,-104.457E+00,-104.697E+00,-104.307E+00,37.574E+00,37.545E+00,37.398E+00,+99999.9E+99,+99999.9E+99,+99999.9E+99,0.333E+00,11.9283E+00,11.7631E+00,12.0366E+00,11.9093E+00,10.4357E+00,10.3682E+00,10.5437E+00,10.4492E+00,11.9283E+00,11.7631E+00,12.0366E+00,0.0000E+00,0.0000E+00,0.0000E+00,15.0664E+00,14.4694E+00,14.4897E+00,27.8333E+00,27.0305E+00,28.4224E+00,-26.4271E+00,-27.1795E+00,-26.4114E+00,39.297E+00,40.777E+00,40.567E+00,+99999.9E+99,+99999.9E+99,+99999.9E+99,2.831E+00,0.35658E+03,0.35874E+03,0.37086E+03,1.08618E+03,0.53600E+03,0.50578E+03,0.52563E+03,1.56741E+03,0.53298E+03,0.52702E+03,0.54008E+03,1.60007E+03,0.60920E+03,0.58324E+03,0.58906E+03,1.78109E+03,-0.39613E+03,-0.38607E+03,-0.39262E+03,-1.17482E+03,-0.28954E+03,-0.29044E+03,-0.26590E+03,-0.84588E+03,-0.66903E+00,-0.68070E+00,-0.68668E+00,-0.67883E+00,-0.87984E+00,-0.86719E+00,-0.89232E+00,-0.88003E+00,0.000E+00,119.880E+00,-119.795E+00,58.554E+00,179.717E+00,-63.109E+00,-48.008E+00,-47.102E+00,-46.632E+00,-47.248E+00,202.269E+00,202.433E+00,201.933E+00,90.289E+00,+99999.9E+99,+99999.9E+99,0.00011E+06,-0.00062E+06,0.00000E+00,12.365E+00,0.757E+03,0.00098E+06,43.834E+00,F0F0F
2021/11/30,17:34:28,00000:00:53,700,38003F00,700,1C00,1C00,3800,99.924E+00,0.000E+00,0.000E+00,110.987E+00,0.000E+00,0.000E+00,0.510E+00,0.000E+00,0.000E+00,99.923E+00,0.000E+00,0.000E+00,0.000E+00,0.000E+00,0.000E+00,100.964E+00,0.000E+00,0.000E+00,98.832E+00,0.000E+00,0.000E+00,18.503E+00,+99999.9E+99,328.957E+00,1.067E+00,+99999.9E+99,+99999.9E+99,11.8007E+00,0.00000E+00,0.00000E+00,12.0790E+00,0.00000E+00,0.00000E+00,4.5818E+00,0.00000E+00,0.00000E+00,10.8749E+00,0.00000E+00,0.00000E+00,4.6851E+00,0.00000E+00,0.00000E+00,18.1164E+00,0.0000E+00,0.0000E+00,3.9379E+00,0.0000E+00,0.0000E+00,8.653E+00,+99999.9E+99,+99999.9E+99,65.189E+00,+99999.9E+99,+99999.9E+99,1.08457E+03,0.00000E+03,0.00000E+03,0.00000E+03,0.00000E+03,0.00000E+03,1.17918E+03,0.00000E+03,0.00000E+03,0.00000E+03,0.00000E+03,0.00000E+03,0.46279E+03,0.00000E+03,0.00000E+03,0.00000E+03,0.00000E+03,0.00000E+03,0.91977E+00,0.00000E+00,0.00000E+00,0.91765E+00,0.16159E+00,0.63767E+00,0.000E+00,117.339E+00,158.706E+00,156.585E+00,18.040E+00,-71.676E+00,23.108E+00,90.000E+00,90.000E+00,12.6190E+00,0.00000E+00,0.00000E+00,79.016E+00,100.000E+00,100.000E+00,0.22759E+03,0.00000E+03,0.00000E+03,+99999.9E+99,+99999.9E+99,+99999.9E+99,+99999.9E+99,+99999.9E+99,+99999.9E+99,+99999.9E+99,+99999.9E+99,+99999.9E+99,+99999.9E+99,+99999.9E+99,+99999.9E+99,1B00,0,0,0,1B00,76.5479E+00,76.6624E+00,76.5648E+00,76.5917E+00,72.4363E+00,72.8160E+00,72.5125E+00,72.5883E+00,76.5479E+00,76.6624E+00,76.5648E+00,0.0000E+00,0.0000E+00,0.0000E+00,72.5150E+00,72.2952E+00,72.2916E+00,105.663E+00,106.037E+00,105.671E+00,-104.119E+00,-105.170E+00,-104.751E+00,22.373E+00,21.484E+00,21.994E+00,+99999.9E+99,+99999.9E+99,+99999.9E+99,0.201E+00,9.5528E+00,9.0756E+00,9.1984E+00,9.2756E+00,8.2665E+00,7.8659E+00,7.8903E+00,8.0076E+00,9.5518E+00,9.0720E+00,9.1900E+00,-0.1389E+00,-0.2533E+00,0.3933E+00,7.6322E+00,8.0673E+00,8.2486E+00,26.0843E+00,24.1467E+00,25.1438E+00,-26.4967E+00,-25.5129E+00,-22.5019E+00,52.945E+00,48.707E+00,47.635E+00,+99999.9E+99,+99999.9E+99,+99999.9E+99,4.568E+00,0.29309E+03,0.27521E+03,0.28867E+03,0.85698E+03,0.26993E+03,0.29129E+03,0.29281E+03,0.85404E+03,0.42476E+03,0.40285E+03,0.40834E+03,1.23594E+03,0.31351E+03,0.32466E+03,0.33809E+03,0.97571E+03,-0.30744E+03,-0.29418E+03,-0.28881E+03,-0.89043E+03,-0.15945E+03,-0.14337E+03,-0.16902E+03,-0.47183E+03,-0.69002E+00,-0.68317E+00,-0.70694E+00,-0.69338E+00,-0.86100E+00,-0.89722E+00,-0.86608E+00,-0.87530E+00,0.000E+00,120.097E+00,-120.100E+00,60.471E+00,176.303E+00,-60.007E+00,-46.368E+00,-46.908E+00,-45.014E+00,-46.102E+00,201.786E+00,201.444E+00,202.183E+00,94.577E+00,+99999.9E+99,+99999.9E+99,0.00005E+06,-0.00054E+06,0.00000E+00,10.229E+00,0.757E+03,0.00081E+06,43.753E+00,F0F08
2021/11/30,17:34:28,00000:00:53,750,38003F00,700,1F00,1F00,3F00,99.924E+00,0.000E+00,0.000E+00,110.987E+00,0.000E+00,0.000E+00,0.510E+00,0.000E+00,0.000E+00,99.923E+00,0.000E+00,0.000E+00,0.000E+00,0.000E+00,0.000E+00,100.964E+00,0.000E+00,0.000E+00,98.832E+00,0.000E+00,0.000E+00,18.503E+00,+99999.9E+99,328.957E+00,1.067E+00,+99999.9E+99,+99999.9E+99,11.8007E+00,0.00000E+00,0.00000E+00,12.0790E+00,0.00000E+00,0.00000E+00,4.5818E+00,0.00000E+00,0.00000E+00,10.8749E+00,0.00000E+00,0.00000E+00,4.6851E+00,0.00000E+00,0.00000E+00,18.1164E+00,0.0000E+00,0.0000E+00,3.9379E+00,0.0000E+00,0.0000E+00,8.653E+00,+99999.9E+99,+99999.9E+99,65.189E+00,+99999.9E+99,+99999.9E+99,1.08457E+03,0.00000E+03,0.00000E+03,0.00000E+03,0.00000E+03,0.00000E+03,1.17918E+03,0.00000E+03,0.00000E+03,0.00000E+03,0.00000E+03,0.00000E+03,0.46279E+03,0.00000E+03,0.00000E+03,0.00000E+03,0.00000E+03,0.00000E+03,0.91977E+00,0.00000E+00,0.00000E+00,0.91765E+00,0.16159E+00,0.63767E+00,0.000E+00,117.339E+00,158.706E+00,156.585E+00,18.040E+00,-71.676E+00,23.108E+00,90.000E+00,90.000E+00,12.6190E+00,0.00000E+00,0.00000E+00,124.812E+00,100.000E+00,100.000E+00,-0.26910E+03,0.00000E+03,0.00000E+03,+99999.9E+99,+99999.9E+99,+99999.9E+99,+99999.9E+99,+99999.9E+99,+99999.9E+99,+99999.9E+99,+99999.9E+99,+99999.9E+99,+99999.9E+99,+99999.9E+99,+99999.9E+99,1B00,0,0,0,1B00,77.0282E+00,77.4851E+00,77.3480E+00,77.2871E+00,71.7309E+00,72.5846E+00,72.3415E+00,72.2190E+00,77.0282E+00,77.4851E+00,77.3480E+00,0.0000E+00,0.0000E+00,0.0000E+00,72.3452E+00,72.8106E+00,72.6640E+00,105.539E+00,106.037E+00,105.620E+00,-104.531E+00,-106.944E+00,-104.946E+00,20.273E+00,20.322E+00,20.610E+00,+99999.9E+99,+99999.9E+99,+99999.9E+99,0.384E+00,13.9464E+00,13.6334E+00,13.7522E+00,13.7774E+00,13.0304E+00,12.8511E+00,12.7914E+00,12.8909E+00,13.9455E+00,13.6312E+00,13.7463E+00,-0.1602E+00,-0.2444E+00,0.4056E+00,8.0316E+00,7.4541E+00,7.3129E+00,27.7214E+00,27.0081E+00,28.4529E+00,-26.5824E+00,-27.1286E+00,-26.4605E+00,47.101E+00,49.350E+00,50.945E+00,+99999.9E+99,+99999.9E+99,+99999.9E+99,6.885E+00,0.45570E+03,0.44389E+03,0.45408E+03,1.35367E+03,0.29387E+03,0.25681E+03,0.27623E+03,0.82691E+03,0.62847E+03,0.61495E+03,0.62243E+03,1.86585E+03,0.32799E+03,0.29673E+03,0.29948E+03,0.92298E+03,-0.43279E+03,-0.42559E+03,-0.42572E+03,-1.28410E+03,-0.14567E+03,-0.14864E+03,-0.11570E+03,-0.41001E+03,-0.72510E+00,-0.72183E+00,-0.72952E+00,-0.72550E+00,-0.89597E+00,-0.86548E+00,-0.92236E+00,-0.89592E+00,0.000E+00,119.912E+00,-119.723E+00,56.581E+00,179.910E+00,-67.147E+00,-43.523E+00,-43.794E+00,-43.154E+00,-43.490E+00,201.810E+00,202.268E+00,201.131E+00,90.320E+00,+99999.9E+99,+99999.9E+99,0.00013E+06,-0.00078E+06,0.00000E+00,15.410E+00,0.758E+03,0.00122E+06,43.688E+00,F0F08
2021/11/30,17:34:29,00000:00:53,800,38003F00,500,1F00,1F00,3F00,99.924E+00,0.000E+00,0.000E+00,110.987E+00,0.000E+00,0.000E+00,0.510E+00,0.000E+00,0.000E+00,99.923E+00,0.000E+00,0.000E+00,0.000E+00,0.000E+00,0.000E+00,100.964E+00,0.000E+00,0.000E+00,98.832E+00,0.000E+00,0.000E+00,67.638E+00,+99999.9E+99,+99999.9E+99,1.067E+00,+99999.9E+99,+99999.9E+99,11.8007E+00,0.00000E+00,0.00000E+00,12.0790E+00,0.00000E+00,0.00000E+00,4.5818E+00,0.00000E+00,0.00000E+00,10.8749E+00,0.00000E+00,0.00000E+00,4.0361E+00,0.00000E+00,0.00000E+00,18.1164E+00,0.0000E+00,0.0000E+00,3.9379E+00,0.0000E+00,0.0000E+00,49.059E+00,+99999.9E+99,+99999.9E+99,65.189E+00,+99999.9E+99,+99999.9E+99,1.08457E+03,0.00000E+03,0.00000E+03,0.00000E+03,0.00000E+03,0.00000E+03,1.17918E+03,0.00000E+03,0.00000E+03,0.00000E+03,0.00000E+03,0.00000E+03,0.46279E+03,0.00000E+03,0.00000E+03,0.00000E+03,0.00000E+03,0.00000E+03,0.91977E+00,0.00000E+00,0.00000E+00,0.88278E+00,0.99999E+00,0.11228E+00,0.000E+00,-42.559E+00,170.197E+00,151.979E+00,137.649E+00,73.750E+00,23.108E+00,90.000E+00,90.000E+00,12.6190E+00,0.00000E+00,0.00000E+00,80.027E+00,100.000E+00,100.000E+00,0.21662E+03,0.00000E+03,0.00000E+03,+99999.9E+99,+99999.9E+99,+99999.9E+99,+99999.9E+99,+99999.9E+99,+99999.9E+99,+99999.9E+99,+99999.9E+99,+99999.9E+99,+99999.9E+99,+99999.9E+99,+99999.9E+99,1B00,0,0,0,1B00,76.7088E+00,76.6830E+00,76.3842E+00,76.5920E+00,72.5484E+00,72.6999E+00,72.0237E+00,72.4240E+00,76.7088E+00,76.6830E+00,76.3842E+00,0.0000E+00,0.0000E+00,0.0000E+00,70.2897E+00,70.3052E+00,70.2139E+00,105.793E+00,106.071E+00,105.726E+00,-104.011E+00,-104.551E+00,-104.491E+00,38.146E+00,37.828E+00,37.952E+00,+99999.9E+99,+99999.9E+99,+99999.9E+99,0.075E+00,9.7130E+00,9.2903E+00,9.9011E+00,9.6348E+00,8.4043E+00,8.0434E+00,8.4471E+00,8.2983E+00,9.7122E+00,9.2903E+00,9.9011E+00,-0.1290E+00,0.0000E+00,0.0000E+00,14.6954E+00,14.5865E+00,14.9131E+00,26.2429E+00,24.8990E+00,27.3376E+00,-25.7614E+00,-23.4181E+00,-26.4776E+00,40.837E+00,40.891E+00,39.493E+00,+99999.9E+99,+99999.9E+99,+99999.9E+99,1.395E+00,0.28388E+03,0.28195E+03,0.30211E+03,0.86794E+03,0.51512E+03,0.51702E+03,0.52856E+03,1.56070E+03,0.43204E+03,0.41360E+03,0.43929E+03,1.28494E+03,0.59452E+03,0.58920E+03,0.60299E+03,1.78662E+03,-0.32569E+03,-0.30260E+03,-0.31892E+03,-0.94721E+03,-0.29683E+03,-0.28257E+03,-0.29022E+03,-0.86961E+03,-0.65707E+00,-0.68170E+00,-0.68771E+00,-0.67548E+00,-0.86645E+00,-0.87750E+00,-0.87656E+00,-0.87355E+00,0.000E+00,120.066E+00,-119.958E+00,59.957E+00,178.687E+00,-61.156E+00,-48.923E+00,-47.023E+00,-46.551E+00,-47.509E+00,202.038E+00,201.951E+00,202.665E+00,92.169E+00,+99999.9E+99,+99999.9E+99,0.00007E+06,-0.00052E+06,0.00000E+00,10.093E+00,0.757E+03,0.00080E+06,43.805E+00,F0F08
2021/11/30,17:34:29,00000:00:53,850,38003F00,2A00,3B00,3B00,3F00,99.983E+00,0.000E+00,0.000E+00,111.052E+00,0.000E+00,0.000E+00,0.503E+00,0.000E+00,0.000E+00,99.982E+00,0.000E+00,0.000E+00,0.000E+00,0.000E+00,0.000E+00,100.943E+00,0.000E+00,0.000E+00,98.804E+00,0.000E+00,0.000E+00,67.638E+00,+99999.9E+99,+99999.9E+99,1.070E+00,+99999.9E+99,+99999.9E+99,11.5329E+00,0.00000E+00,0.00000E+00,11.7275E+00,0.00000E+00,0.00000E+00,4.6395E+00,0.00000E+00,0.00000E+00,10.5585E+00,0.00000E+00,0.00000E+00,4.0361E+00,0.00000E+00,0.00000E+00,18.1029E+00,0.0000E+00,0.0000E+00,3.9864E+00,0.0000E+00,0.0000E+00,49.059E+00,+99999.9E+99,+99999.9E+99,66.849E+00,+99999.9E+99,+99999.9E+99,1.05357E+03,0.00000E+03,0.00000E+03,0.00000E+03,0.00000E+03,0.00000E+03,1.15309E+03,0.00000E+03,0.00000E+03,0.00000E+03,0.00000E+03,0.00000E+03,0.46863E+03,0.00000E+03,0.00000E+03,0.00000E+03,0.00000E+03,0.00000E+03,0.91369E+00,0.00000E+00,0.00000E+00,0.88278E+00,0.99999E+00,0.11228E+00,0.000E+00,-42.559E+00,170.197E+00,151.979E+00,137.649E+00,73.750E+00,23.980E+00,90.000E+00,90.000E+00,0.00000E+00,0.00000E+00,0.00000E+00,99.835E+00,100.000E+00,100.000E+00,0.00174E+03,0.00000E+03,0.00000E+03,+99999.9E+99,+99999.9E+99,+99999.9E+99,+99999.9E+99,+99999.9E+99,+99999.9E+99,+99999.9E+99,+99999.9E+99,+99999.9E+99,+99999.9E+99,+99999.9E+99,+99999.9E+99,1B00,0,0,0,1B00,76.5600E+00,77.0305E+00,77.0638E+00,76.8848E+00,71.8968E+00,72.8124E+00,72.8458E+00,72.5183E+00,76.5600E+00,77.0305E+00,77.0638E+00,0.0000E+00,0.0000E+00,0.0000E+00,73.0791E+00,73.0660E+00,72.9612E+00,105.869E+00,106.049E+00,105.717E+00,-104.489E+00,-103.940E+00,-105.091E+00,15.274E+00,15.122E+00,15.233E+00,+99999.9E+99,+99999.9E+99,+99999.9E+99,0.105E+00,11.7078E+00,11.4563E+00,11.2624E+00,11.4755E+00,10.1033E+00,9.9544E+00,9.6644E+00,9.9074E+00,11.7068E+00,11.4494E+00,11.2489E+00,-0.1494E+00,-0.3991E+00,0.5495E+00,5.1100E+00,5.0219E+00,5.4135E+00,27.6310E+00,27.0786E+00,28.4124E+00,-26.5848E+00,-27.0590E+00,-26.0143E+00,59.704E+00,58.872E+00,54.694E+00,+99999.9E+99,+99999.9E+99,+99999.9E+99,3.654E+00,0.36187E+03,0.34247E+03,0.34748E+03,1.05183E+03,0.18036E+03,0.18671E+03,0.19400E+03,0.56106E+03,0.52322E+03,0.51108E+03,0.50502E+03,1.53932E+03,0.21060E+03,0.21017E+03,0.22179E+03,0.64233E+03,-0.37791E+03,-0.37936E+03,-0.36647E+03,-1.12374E+03,-0.10873E+03,-0.09650E+03,-0.10750E+03,-0.31273E+03,-0.69162E+00,-0.67009E+00,-0.68806E+00,-0.68330E+00,-0.85642E+00,-0.88836E+00,-0.87469E+00,-0.87348E+00,0.000E+00,120.099E+00,-119.964E+00,61.074E+00,177.386E+00,-60.917E+00,-46.242E+00,-47.926E+00,-46.523E+00,-46.898E+00,202.108E+00,201.444E+00,201.446E+00,92.500E+00,+99999.9E+99,+99999.9E+99,0.00008E+06,-0.00063E+06,0.00000E+00,12.278E+00,0.757E+03,0.00097E+06,43.838E+00,F0F08
2021/11/30,17:34:29,00000:00:53,900,38003D00,2D00,3C00,3C00,3800,99.983E+00,0.000E+00,0.000E+00,111.052E+00,0.000E+00,0.000E+00,0.503E+00,0.000E+00,0.000E+00,99.982E+00,0.000E+00,0.000E+00,0.000E+00,0.000E+00,0.000E+00,100.943E+00,0.000E+00,0.000E+00,98.804E+00,0.000E+00,0.000E+00,36.494E+00,463.500E+00,+99999.9E+99,1.070E+00,+99999.9E+99,+99999.9E+99,11.5329E+00,0.00000E+00,0.00000E+00,11.7275E+00,0.00000E+00,0.00000E+00,4.6395E+00,0.00000E+00,0.00000E+00,10.5585E+00,0.00000E+00,0.00000E+00,4.2623E+00,0.00000E+00,0.00000E+00,18.1029E+00,0.0000E+00,0.0000E+00,3.9864E+00,0.0000E+00,0.0000E+00,40.456E+00,+99999.9E+99,+99999.9E+99,66.849E+00,+99999.9E+99,+99999.9E+99,1.05357E+03,0.00000E+03,0.00000E+03,0.00000E+03,0.00000E+03,0.00000E+03,1.15309E+03,0.00000E+03,0.00000E+03,0.00000E+03,0.00000E+03,0.00000E+03,0.46863E+03,0.00000E+03,0.00000E+03,0.00000E+03,0.00000E+03,0.00000E+03,0.91369E+00,0.00000E+00,0.00000E+00,0.93431E+00,0.49977E+00,0.88844E+00,0.000E+00,-63.098E+00,166.353E+00,159.117E+00,-123.113E+00,-166.325E+00,23.980E+00,90.000E+00,90.000E+00,0.00000E+00,0.00000E+00,0.00000E+00,122.510E+00,100.000E+00,100.000E+00,-0.23716E+03,0.00000E+03,0.00000E+03,+99999.9E+99,+99999.9E+99,+99999.9E+99,+99999.9E+99,+99999.9E+99,+99999.9E+99,+99999.9E+99,+99999.9E+99,+99999.9E+99,+99999.9E+99,+99999.9E+99,+99999.9E+99,1B00,0,0,0,1B00,77.2342E+00,77.2310E+00,77.0176E+00,77.1609E+00,72.2383E+00,72.4280E+00,71.8919E+00,72.1861E+00,77.2342E+00,77.2310E+00,77.0176E+00,0.0000E+00,0.0000E+00,0.0000E+00,71.0429E+00,71.7483E+00,71.5343E+00,105.454E+00,105.804E+00,105.611E+00,-104.533E+00,-104.134E+00,-104.573E+00,30.242E+00,30.358E+00,30.289E+00,+99999.9E+99,+99999.9E+99,+99999.9E+99,0.578E+00,13.5714E+00,13.1416E+00,13.5264E+00,13.4132E+00,12.4986E+00,12.0770E+00,12.4372E+00,12.3376E+00,13.5708E+00,13.1416E+00,13.5252E+00,-0.1299E+00,0.0000E+00,0.1803E+00,12.4488E+00,11.2961E+00,11.4605E+00,27.5800E+00,27.2867E+00,28.5252E+00,-26.6152E+00,-26.9681E+00,-26.6743E+00,40.899E+00,44.246E+00,44.102E+00,+99999.9E+99,+99999.9E+99,+99999.9E+99,6.056E+00,0.42792E+03,0.41991E+03,0.44289E+03,1.29072E+03,0.44661E+03,0.39597E+03,0.42446E+03,1.26705E+03,0.61192E+03,0.59222E+03,0.60824E+03,1.81239E+03,0.50153E+03,0.45987E+03,0.46448E+03,1.42435E+03,-0.43742E+03,-0.41761E+03,-0.41690E+03,-1.27193E+03,-0.22819E+03,-0.23385E+03,-0.18862E+03,-0.65066E+03,-0.69930E+00,-0.70905E+00,-0.72815E+00,-0.71217E+00,-0.89050E+00,-0.86105E+00,-0.91384E+00,-0.88956E+00,0.000E+00,119.877E+00,-119.577E+00,57.388E+00,-179.659E+00,-65.841E+00,-45.629E+00,-44.842E+00,-43.268E+00,-44.588E+00,201.406E+00,202.288E+00,202.034E+00,89.539E+00,+99999.9E+99,+99999.9E+99,0.00014E+06,-0.00074E+06,0.00000E+00,14.560E+00,0.758E+03,0.00116E+06,43.551E+00,F0F08
2021/11/30,17:34:29,00000:00:53,950,38003F00,2800,3B00,3B00,3F00,99.849E+00,0.000E+00,0.000E+00,110.903E+00,0.000E+00,0.000E+00,0.521E+00,0.000E+00,0.000E+00,99.848E+00,0.000E+00,0.000E+00,0.000E+00,0.000E+00,0.000E+00,100.921E+00,0.000E+00,0.000E+00,98.829E+00,0.000E+00,0.000E+00,36.494E+00,463.500E+00,+99999.9E+99,1.048E+00,+99999.9E+99,+99999.9E+99,12.6587E+00,0.00000E+00,0.00000E+00,13.2181E+00,0.00000E+00,0.00000E+00,4.3152E+00,0.00000E+00,0.00000E+00,11.9005E+00,0.00000E+00,0.00000E+00,4.2623E+00,0.00000E+00,0.00000E+00,18.1833E+00,0.0000E+00,0.0000E+00,4.2181E+00,0.0000E+00,0.0000E+00,40.456E+00,+99999.9E+99,+99999.9E+99,58.675E+00,+99999.9E+99,+99999.9E+99,1.18623E+03,0.00000E+03,0.00000E+03,0.00000E+03,0.00000E+03,0.00000E+03,1.26396E+03,0.00000E+03,0.00000E+03,0.00000E+03,0.00000E+03,0.00000E+03,0.43642E+03,0.00000E+03,0.00000E+03,0.00000E+03,0.00000E+03,0.00000E+03,0.93850E+00,0.00000E+00,0.00000E+00,0.93431E+00,0.49977E+00,0.88844E+00,0.000E+00,-63.098E+00,166.353E+00,159.117E+00,-123.113E+00,-166.325E+00,20.199E+00,90.000E+00,90.000E+00,15.1020E+00,0.00000E+00,0.00000E+00,64.690E+00,100.000E+00,100.000E+00,0.41886E+03,0.00000E+03,0.00000E+03,+99999.9E+99,+99999.9E+99,+99999.9E+99,+99999.9E+99,+99999.9E+99,+99999.9E+99,+99999.9E+99,+99999.9E+99,+99999.9E+99,+99999.9E+99,+99999.9E+99,+99999.9E+99,1B00,0,0,0,1B00,76.2968E+00,76.6860E+00,76.5441E+00,76.5089E+00,72.1864E+00,72.9340E+00,72.6673E+00,72.5959E+00,76.2968E+00,76.6860E+00,76.5441E+00,0.0000E+00,0.0000E+00,0.0000E+00,71.3356E+00,71.2198E+00,71.0524E+00,105.779E+00,105.986E+00,105.736E+00,-104.136E+00,-105.641E+00,-105.247E+00,31.857E+00,31.100E+00,31.734E+00,+99999.9E+99,+99999.9E+99,+99999.9E+99,0.238E+00,8.2070E+00,8.1384E+00,8.0811E+00,8.1422E+00,7.3027E+00,7.2488E+00,7.1841E+00,7.2452E+00,8.2061E+00,8.1373E+00,8.0771E+00,-0.1172E+00,-0.1353E+00,0.2535E+00,11.7045E+00,11.7103E+00,12.3274E+00,22.0719E+00,20.8043E+00,20.4248E+00,-18.6790E+00,-19.2329E+00,-19.5800E+00,45.260E+00,44.084E+00,42.034E+00,+99999.9E+99,+99999.9E+99,+99999.9E+99,3.459E+00,0.25781E+03,0.25158E+03,0.25798E+03,0.76737E+03,0.40265E+03,0.42406E+03,0.43085E+03,1.25757E+03,0.36331E+03,0.36065E+03,0.35904E+03,1.08301E+03,0.46991E+03,0.47787E+03,0.49654E+03,1.44385E+03,-0.25599E+03,-0.25841E+03,-0.24972E+03,-0.76411E+03,-0.24226E+03,-0.22030E+03,-0.24682E+03,-0.70938E+03,-0.70961E+00,-0.69758E+00,-0.71852E+00,-0.70856E+00,-0.85686E+00,-0.88740E+00,-0.86771E+00,-0.87098E+00,0.000E+00,120.211E+00,-119.981E+00,60.976E+00,177.586E+00,-60.039E+00,-44.797E+00,-45.767E+00,-44.067E+00,-44.882E+00,202.540E+00,201.854E+00,202.114E+00,94.842E+00,+99999.9E+99,+99999.9E+99,0.00004E+06,-0.00048E+06,0.00000E+00,9.186E+00,0.757E+03,0.00073E+06,43.967E+00,F0F08
2021/11/30,17:34:29,00000:00:54,0,38003F00,0,1B00,1B00,3F00,99.940E+00,0.000E+00,0.000E+00,111.003E+00,0.000E+00,0.000E+00,0.523E+00,0.000E+00,0.000E+00,99.938E+00,0.000E+00,0.000E+00,0.000E+00,0.000E+00,0.000E+00,100.996E+00,0.000E+00,0.000E+00,98.836E+00,0.000E+00,0.000E+00,21.375E+00,+99999.9E+99,+99999.9E+99,1.081E+00,+99999.9E+99,+99999.9E+99,11.7279E+00,0.00000E+00,0.00000E+00,11.9555E+00,0.00000E+00,0.00000E+00,4.6569E+00,0.00000E+00,0.00000E+00,10.7637E+00,0.00000E+00,0.00000E+00,4.4246E+00,0.00000E+00,0.00000E+00,18.0838E+00,0.0000E+00,0.0000E+00,3.4229E+00,0.0000E+00,0.0000E+00,7.929E+00,+99999.9E+99,+99999.9E+99,68.104E+00,+99999.9E+99,+99999.9E+99,1.07351E+03,0.00000E+03,0.00000E+03,0.00000E+03,0.00000E+03,0.00000E+03,1.17209E+03,0.00000E+03,0.00000E+03,0.00000E+03,0.00000E+03,0.00000E+03,0.47048E+03,0.00000E+03,0.00000E+03,0.00000E+03,0.00000E+03,0.00000E+03,0.91590E+00,0.00000E+00,0.00000E+00,0.89700E+00,0.33959E+00,0.03353E+00,0.000E+00,-114.330E+00,144.760E+00,153.766E+00,175.522E+00,56.682E+00,23.666E+00,90.000E+00,90.000E+00,12.6254E+00,0.00000E+00,0.00000E+00,116.255E+00,100.000E+00,100.000E+00,-0.17450E+03,0.00000E+03,0.00000E+03,+99999.9E+99,+99999.9E+99,+99999.9E+99,+99999.9E+99,+99999.9E+99,+99999.9E+99,+99999.9E+99,+99999.9E+99,+99999.9E+99,+99999.9E+99,+99999.9E+99,+99999.9E+99,1B00,0,0,0,1B00,77.0897E+00,77.2258E+00,77.1315E+00,77.1490E+00,72.1357E+00,72.5541E+00,72.2690E+00,72.3196E+00,77.0897E+00,77.2257E+00,77.1315E+00,0.0000E+00,0.0000E+00,0.0000E+00,73.0712E+00,73.3210E+00,73.1766E+00,105.759E+00,106.100E+00,105.904E+00,-104.434E+00,-105.254E+00,-104.534E+00,14.007E+00,14.167E+00,14.295E+00,+99999.9E+99,+99999.9E+99,+99999.9E+99,0.199E+00,13.3432E+00,12.8998E+00,13.0797E+00,13.1076E+00,12.1299E+00,11.6851E+00,11.7296E+00,11.8482E+00,13.3422E+00,12.8956E+00,13.0704E+00,-0.1595E+00,-0.3310E+00,0.4916E+00,5.1776E+00,4.6728E+00,4.8419E+00,27.5876E+00,27.0229E+00,28.4219E+00,-26.6076E+00,-27.0981E+00,-26.4138E+00,55.126E+00,59.532E+00,57.304E+00,+99999.9E+99,+99999.9E+99,+99999.9E+99,4.763E+00,0.42420E+03,0.40372E+03,0.42010E+03,1.24802E+03,0.18592E+03,0.17008E+03,0.18295E+03,0.53895E+03,0.60089E+03,0.57997E+03,0.58808E+03,1.76894E+03,0.21122E+03,0.19524E+03,0.20139E+03,0.60748E+03,-0.42559E+03,-0.41639E+03,-0.41153E+03,-1.25350E+03,-0.10023E+03,-0.09587E+03,-0.08419E+03,-0.28029E+03,-0.70595E+00,-0.69610E+00,-0.71436E+00,-0.70552E+00,-0.88023E+00,-0.87113E+00,-0.90843E+00,-0.88719E+00,0.000E+00,120.019E+00,-119.821E+00,58.442E+00,179.362E+00,-65.157E+00,-45.094E+00,-45.885E+00,-44.409E+00,-45.129E+00,201.398E+00,202.295E+00,202.022E+00,90.947E+00,+99999.9E+99,+99999.9E+99,0.00011E+06,-0.00073E+06,0.00000E+00,14.306E+00,0.758E+03,0.00114E+06,43.570E+00,F0F0F
2021/11/30,17:34:29,00000:00:54,50,38003F00,500,1F00,1F00,3F00,99.940E+00,0.000E+00,0.000E+00,111.003E+00,0.000E+00,0.000E+00,0.523E+00,0.000E+00,0.000E+00,99.938E+00,0.000E+00,0.000E+00,0.000E+00,0.000E+00,0.000E+00,100.996E+00,0.000E+00,0.000E+00,98.836E+00,0.000E+00,0.000E+00,21.375E+00,+99999.9E+99,+99999.9E+99,1.081E+00,+99999.9E+99,+99999.9E+99,11.7279E+00,0.00000E+00,0.00000E+00,11.9555E+00,0.00000E+00,0.00000E+00,4.6569E+00,0.00000E+00,0.00000E+00,10.7637E+00,0.00000E+00,0.00000E+00,4.4246E+00,0.00000E+00,0.00000E+00,18.0838E+00,0.0000E+00,0.0000E+00,3.4229E+00,0.0000E+00,0.0000E+00,7.929E+00,+99999.9E+99,+99999.9E+99,68.104E+00,+99999.9E+99,+99999.9E+99,1.07351E+03,0.00000E+03,0.00000E+03,0.00000E+03,0.00000E+03,0.00000E+03,1.17209E+03,0.00000E+03,0.00000E+03,0.00000E+03,0.00000E+03,0.00000E+03,0.47048E+03,0.00000E+03,0.00000E+03,0.00000E+03,0.00000E+03,0.00000E+03,0.91590E+00,0.00000E+00,0.00000E+00,0.89700E+00,0.33959E+00,0.03353E+00,0.000E+00,-114.330E+00,144.760E+00,153.766E+00,175.522E+00,56.682E+00,23.666E+00,90.000E+00,90.000E+00,12.6254E+00,0.00000E+00,0.00000E+00,106.278E+00,100.000E+00,100.000E+00,-0.06739E+03,0.00000E+03,0.00000E+03,+99999.9E+99,+99999.9E+99,+99999.9E+99,+99999.9E+99,+99999.9E+99,+99999.9E+99,+99999.9E+99,+99999.9E+99,+99999.9E+99,+99999.9E+99,+99999.9E+99,+99999.9E+99,1B00,0,0,0,1B00,76.9164E+00,77.1094E+00,76.9097E+00,76.9785E+00,72.0870E+00,72.5381E+00,72.0879E+00,72.2377E+00,76.9164E+00,77.1094E+00,76.9097E+00,0.0000E+00,0.0000E+00,0.0000E+00,70.1769E+00,70.5467E+00,70.4846E+00,105.343E+00,106.016E+00,105.477E+00,-104.410E+00,-105.060E+00,-104.371E+00,37.471E+00,37.469E+00,37.310E+00,+99999.9E+99,+99999.9E+99,+99999.9E+99,0.329E+00,12.5305E+00,12.1626E+00,12.4831E+00,12.3921E+00,11.0695E+00,10.7905E+00,11.0042E+00,10.9547E+00,12.5297E+00,12.1626E+00,12.4820E+00,-0.1383E+00,0.0000E+00,0.1672E+00,15.0084E+00,14.4253E+00,14.4472E+00,27.6995E+00,27.0705E+00,28.5148E+00,-26.5976E+00,-27.1648E+00,-26.4990E+00,39.404E+00,40.844E+00,40.631E+00,+99999.9E+99,+99999.9E+99,+99999.9E+99,2.775E+00,0.37863E+03,0.37299E+03,0.38928E+03,1.14090E+03,0.53358E+03,0.50408E+03,0.52367E+03,1.56132E+03,0.56160E+03,0.54542E+03,0.56008E+03,1.66711E+03,0.60708E+03,0.58168E+03,0.58752E+03,1.77588E+03,-0.41477E+03,-0.39795E+03,-0.40268E+03,-1.21540E+03,-0.28955E+03,-0.29027E+03,-0.26636E+03,-0.84618E+03,-0.67420E+00,-0.68385E+00,-0.69505E+00,-0.68436E+00,-0.87893E+00,-0.86659E+00,-0.89132E+00,-0.87918E+00,0.000E+00,119.884E+00,-119.794E+00,58.662E+00,179.789E+00,-62.979E+00,-47.608E+00,-46.855E+00,-45.969E+00,-46.815E+00,202.198E+00,201.448E+00,201.701E+00,90.387E+00,+99999.9E+99,+99999.9E+99,0.00011E+06,-0.00066E+06,0.00000E+00,13.002E+00,0.757E+03,0.00103E+06,43.814E+00,F0F0F
2021/11/30,17:34:29,00000:00:54,100,38003D00,500,1C00,1C00,3800,99.940E+00,0.000E+00,0.000E+00,111.003E+00,0.000E+00,0.000E+00,0.523E+00,0.000E+00,0.000E+00,99.938E+00,0.000E+00,0.000E+00,0.000E+00,0.000E+00,0.000E+00,100.996E+00,0.000E+00,0.000E+00,98.836E+00,0.000E+00,0.000E+00,20.660E+00,296.961E+00,340.107E+00,1.081E+00,+99999.9E+99,+99999.9E+99,11.7279E+00,0.00000E+00,0.00000E+00,11.9555E+00,0.00000E+00,0.00000E+00,4.6569E+00,0.00000E+00,0.00000E+00,10.7637E+00,0.00000E+00,0.00000E+00,4.6318E+00,0.00000E+00,0.00000E+00,18.0838E+00,0.0000E+00,0.0000E+00,3.4229E+00,0.0000E+00,0.0000E+00,8.548E+00,+99999.9E+99,+99999.9E+99,68.104E+00,+99999.9E+99,+99999.9E+99,1.07351E+03,0.00000E+03,0.00000E+03,0.00000E+03,0.00000E+03,0.00000E+03,1.17209E+03,0.00000E+03,0.00000E+03,0.00000E+03,0.00000E+03,0.00000E+03,0.47048E+03,0.00000E+03,0.00000E+03,0.00000E+03,0.00000E+03,0.00000E+03,0.91590E+00,0.00000E+00,0.00000E+00,0.90817E+00,0.21104E+00,0.57379E+00,0.000E+00,105.205E+00,169.426E+00,155.254E+00,27.388E+00,44.411E+00,23.666E+00,90.000E+00,90.000E+00,12.6254E+00,0.00000E+00,0.00000E+00,68.742E+00,100.000E+00,100.000E+00,0.33556E+03,0.00000E+03,0.00000E+03,+99999.9E+99,+99999.9E+99,+99999.9E+99,+99999.9E+99,+99999.9E+99,+99999.9E+99,+99999.9E+99,+99999.9E+99,+99999.9E+99,+99999.9E+99,+99999.9E+99,+99999.9E+99,1B00,0,0,0,1B00,76.2674E+00,76.6623E+00,76.5153E+00,76.4817E+00,72.0495E+00,72.8010E+00,72.5322E+00,72.4609E+00,76.2674E+00,76.6623E+00,76.5153E+00,0.0000E+00,0.0000E+00,0.0000E+00,72.5106E+00,72.2844E+00,72.2834E+00,105.784E+00,106.109E+00,105.769E+00,-103.867E+00,-104.123E+00,-105.159E+00,22.326E+00,21.361E+00,21.920E+00,+99999.9E+99,+99999.9E+99,+99999.9E+99,0.205E+00,8.0399E+00,7.9751E+00,7.9103E+00,7.9751E+00,7.1195E+00,7.0798E+00,6.9953E+00,7.0649E+00,8.0392E+00,7.9739E+00,7.9067E+00,-0.1019E+00,-0.1353E+00,0.2381E+00,7.5463E+00,7.9969E+00,8.1759E+00,21.9376E+00,20.3543E+00,20.2762E+00,-18.6143E+00,-19.1862E+00,-19.3695E+00,53.696E+00,49.171E+00,48.124E+00,+99999.9E+99,+99999.9E+99,+99999.9E+99,4.729E+00,0.24792E+03,0.24228E+03,0.24775E+03,0.73796E+03,0.26514E+03,0.28703E+03,0.28850E+03,0.84067E+03,0.35545E+03,0.35301E+03,0.35105E+03,1.05952E+03,0.30926E+03,0.32060E+03,0.33440E+03,0.96368E+03,-0.25472E+03,-0.25674E+03,-0.24871E+03,-0.76017E+03,-0.15919E+03,-0.14284E+03,-0.16909E+03,-0.47112E+03,-0.69748E+00,-0.68633E+00,-0.70574E+00,-0.69650E+00,-0.85734E+00,-0.89527E+00,-0.86274E+00,-0.87236E+00,0.000E+00,120.097E+00,-120.104E+00,60.879E+00,176.556E+00,-59.630E+00,-45.775E+00,-46.659E+00,-45.110E+00,-45.853E+00,201.757E+00,202.073E+00,202.174E+00,95.407E+00,+99999.9E+99,+99999.9E+99,0.00003E+06,-0.00046E+06,0.00000E+00,8.891E+00,0.756E+03,0.00070E+06,43.781E+00,F0F08
2021/11/30,17:34:29,00000:00:54,150,38003F00,700,1F00,1F00,3F00,99.940E+00,0.000E+00,0.000E+00,111.003E+00,0.000E+00,0.000E+00,0.523E+00,0.000E+00,0.000E+00,99.938E+00,0.000E+00,0.000E+00,0.000E+00,0.000E+00,0.000E+00,100.996E+00,0.000E+00,0.000E+00,98.836E+00,0.000E+00,0.000E+00,20.660E+00,296.961E+00,340.107E+00,1.081E+00,+99999.9E+99,+99999.9E+99,11.7279E+00,0.00000E+00,0.00000E+00,11.9555E+00,0.00000E+00,0.00000E+00,4.6569E+00,0.00000E+00,0.00000E+00,10.7637E+00,0.00000E+00,0.00000E+00,4.6318E+00,0.00000E+00,0.00000E+00,18.0838E+00,0.0000E+00,0.0000E+00,3.4229E+00,0.0000E+00,0.0000E+00,8.548E+00,+99999.9E+99,+99999.9E+99,68.104E+00,+99999.9E+99,+99999.9E+99,1.07351E+03,0.00000E+03,0.00000E+03,0.00000E+03,0.00000E+03,0.00000E+03,1.17209E+03,0.00000E+03,0.00000E+03,0.00000E+03,0.00000E+03,0.00000E+03,0.47048E+03,0.00000E+03,0.00000E+03,0.00000E+03,0.00000E+03,0.00000E+03,0.91590E+00,0.00000E+00,0.00000E+00,0.90817E+00,0.21104E+00,0.57379E+00,0.000E+00,105.205E+00,169.426E+00,155.254E+00,27.388E+00,44.411E+00,23.666E+00,90.000E+00,90.000E+00,12.6254E+00,0.00000E+00,0.00000E+00,117.298E+00,100.000E+00,100.000E+00,-0.18570E+03,0.00000E+03,0.00000E+03,+99999.9E+99,+99999.9E+99,+99999.9E+99,+99999.9E+99,+99999.9E+99,+99999.9E+99,+99999.9E+99,+99999.9E+99,+99999.9E+99,+99999.9E+99,+99999.9E+99,+99999.9E+99,1B00,0,0,0,1B00,77.0547E+00,77.1760E+00,77.0963E+00,77.1090E+00,72.1181E+00,72.5246E+00,72.2483E+00,72.2970E+00,77.0547E+00,77.1760E+00,77.0963E+00,0.0000E+00,0.0000E+00,0.0000E+00,72.7030E+00,73.1381E+00,73.0103E+00,105.876E+00,106.063E+00,105.614E+00,-104.351E+00,-105.293E+00,-104.239E+00,16.208E+00,16.233E+00,16.613E+00,+99999.9E+99,+99999.9E+99,+99999.9E+99,0.360E+00,13.3952E+00,12.9407E+00,13.1391E+00,13.1583E+00,12.2137E+00,11.7447E+00,11.8159E+00,11.9248E+00,13.3938E+00,12.9374E+00,13.1303E+00,-0.1893E+00,-0.2895E+00,0.4799E+00,6.3910E+00,5.6576E+00,5.5483E+00,27.7357E+00,27.1890E+00,28.6629E+00,-26.5395E+00,-27.1700E+00,-26.7619E+00,50.036E+00,55.206E+00,56.110E+00,+99999.9E+99,+99999.9E+99,+99999.9E+99,7.587E+00,0.42769E+03,0.40695E+03,0.42457E+03,1.25921E+03,0.22627E+03,0.19482E+03,0.21160E+03,0.63269E+03,0.60299E+03,0.58128E+03,0.59028E+03,1.77456E+03,0.25439E+03,0.22773E+03,0.23008E+03,0.71107E+03,-0.42507E+03,-0.41507E+03,-0.41009E+03,-1.25023E+03,-0.11626E+03,-0.11792E+03,-0.09036E+03,-0.32454E+03,-0.70928E+00,-0.70009E+00,-0.71926E+00,-0.70959E+00,-0.88946E+00,-0.85549E+00,-0.91965E+00,-0.88977E+00,0.000E+00,119.917E+00,-119.741E+00,57.394E+00,-178.957E+00,-66.757E+00,-44.824E+00,-45.566E+00,-44.006E+00,-44.798E+00,201.639E+00,201.264E+00,200.961E+00,90.604E+00,+99999.9E+99,+99999.9E+99,0.00012E+06,-0.00073E+06,0.00000E+00,14.396E+00,0.757E+03,0.00114E+06,43.701E+00,F0F08
2021/11/30,17:34:29,00000:00:54,200,38003F00,500,1F00,1F00,3F00,99.940E+00,0.000E+00,0.000E+00,111.003E+00,0.000E+00,0.000E+00,0.523E+00,0.000E+00,0.000E+00,99.938E+00,0.000E+00,0.000E+00,0.000E+00,0.000E+00,0.000E+00,100.996E+00,0.000E+00,0.000E+00,98.836E+00,0.000E+00,0.000E+00,61.401E+00,+99999.9E+99,+99999.9E+99,1.081E+00,+99999.9E+99,+99999.9E+99,11.7279E+00,0.00000E+00,0.00000E+00,11.9555E+00,0.00000E+00,0.00000E+00,4.6569E+00,0.00000E+00,0.00000E+00,10.7637E+00,0.00000E+00,0.00000E+00,4.2674E+00,0.00000E+00,0.00000E+00,18.0838E+00,0.0000E+00,0.0000E+00,3.4229E+00,0.0000E+00,0.0000E+00,44.898E+00,+99999.9E+99,+99999.9E+99,68.104E+00,+99999.9E+99,+99999.9E+99,1.07351E+03,0.00000E+03,0.00000E+03,0.00000E+03,0.00000E+03,0.00000E+03,1.17209E+03,0.00000E+03,0.00000E+03,0.00000E+03,0.00000E+03,0.00000E+03,0.47048E+03,0.00000E+03,0.00000E+03,0.00000E+03,0.00000E+03,0.00000E+03,0.91590E+00,0.00000E+00,0.00000E+00,0.89618E+00,0.82892E+00,0.00208E+00,0.000E+00,164.154E+00,-174.356E+00,153.660E+00,-161.835E+00,95.764E+00,23.666E+00,90.000E+00,90.000E+00,12.6254E+00,0.00000E+00,0.00000E+00,100.682E+00,100.000E+00,100.000E+00,-0.00732E+03,0.00000E+03,0.00000E+03,+99999.9E+99,+99999.9E+99,+99999.9E+99,+99999.9E+99,+99999.9E+99,+99999.9E+99,+99999.9E+99,+99999.9E+99,+99999.9E+99,+99999.9E+99,+99999.9E+99,+99999.9E+99,1B00,0,0,0,1B00,76.7487E+00,77.0975E+00,76.8235E+00,76.8899E+00,71.9946E+00,72.6380E+00,72.1412E+00,72.2579E+00,76.7487E+00,77.0975E+00,76.8235E+00,0.0000E+00,0.0000E+00,0.0000E+00,70.0139E+00,70.2292E+00,70.1396E+00,105.457E+00,105.971E+00,105.476E+00,-104.243E+00,-104.864E+00,-104.397E+00,39.083E+00,38.761E+00,38.833E+00,+99999.9E+99,+99999.9E+99,+99999.9E+99,0.185E+00,11.8405E+00,11.6941E+00,11.9647E+00,11.8331E+00,10.3972E+00,10.3358E+00,10.5131E+00,10.4154E+00,11.8400E+00,11.6941E+00,11.9647E+00,-0.1053E+00,0.0000E+00,0.0000E+00,15.3606E+00,14.9917E+00,15.1807E+00,27.2409E+00,26.8495E+00,28.5081E+00,-25.6800E+00,-26.4090E+00,-26.7195E+00,39.565E+00,40.405E+00,39.409E+00,+99999.9E+99,+99999.9E+99,+99999.9E+99,1.482E+00,0.35474E+03,0.35722E+03,0.36887E+03,1.08083E+03,0.54145E+03,0.52751E+03,0.54285E+03,1.61181E+03,0.52877E+03,0.52374E+03,0.53657E+03,1.58908E+03,0.61970E+03,0.60468E+03,0.61399E+03,1.83826E+03,-0.39212E+03,-0.38302E+03,-0.38966E+03,-1.16480E+03,-0.30143E+03,-0.29558E+03,-0.28688E+03,-0.88389E+03,-0.67088E+00,-0.68205E+00,-0.68747E+00,-0.68016E+00,-0.87373E+00,-0.87238E+00,-0.88413E+00,-0.87681E+00,0.000E+00,119.976E+00,-119.856E+00,59.209E+00,179.199E+00,-62.064E+00,-47.865E+00,-46.996E+00,-46.570E+00,-47.144E+00,201.947E+00,202.364E+00,202.198E+00,90.471E+00,+99999.9E+99,+99999.9E+99,0.00010E+06,-0.00062E+06,0.00000E+00,12.334E+00,0.757E+03,0.00098E+06,43.769E+00,F0F08
2021/11/30,17:34:29,00000:00:54,250,38003F00,2A00,3B00,3B00,3F00,99.879E+00,0.000E+00,0.000E+00,110.936E+00,0.000E+00,0.000E+00,0.505E+00,0.000E+00,0.000E+00,99.878E+00,0.000E+00,0.000E+00,0.000E+00,0.000E+00,0.000E+00,100.954E+00,0.000E+00,0.000E+00,98.729E+00,0.000E+00,0.000E+00,61.401E+00,+99999.9E+99,+99999.9E+99,1.114E+00,+99999.9E+99,+99999.9E+99,11.9733E+00,0.00000E+00,0.00000E+00,12.2376E+00,0.00000E+00,0.00000E+00,4.6871E+00,0.00000E+00,0.00000E+00,11.0177E+00,0.00000E+00,0.00000E+00,4.2674E+00,0.00000E+00,0.00000E+00,18.3671E+00,0.0000E+00,0.0000E+00,3.2910E+00,0.0000E+00,0.0000E+00,44.898E+00,+99999.9E+99,+99999.9E+99,68.418E+00,+99999.9E+99,+99999.9E+99,1.09830E+03,0.00000E+03,0.00000E+03,0.00000E+03,0.00000E+03,0.00000E+03,1.19588E+03,0.00000E+03,0.00000E+03,0.00000E+03,0.00000E+03,0.00000E+03,0.47316E+03,0.00000E+03,0.00000E+03,0.00000E+03,0.00000E+03,0.00000E+03,0.91840E+00,0.00000E+00,0.00000E+00,0.89618E+00,0.82892E+00,0.00208E+00,0.000E+00,164.154E+00,-174.356E+00,153.660E+00,-161.835E+00,95.764E+00,23.307E+00,90.000E+00,90.000E+00,0.00000E+00,0.00000E+00,0.00000E+00,77.250E+00,100.000E+00,100.000E+00,0.24987E+03,0.00000E+03,0.00000E+03,+99999.9E+99,+99999.9E+99,+99999.9E+99,+99999.9E+99,+99999.9E+99,+99999.9E+99,+99999.9E+99,+99999.9E+99,+99999.9E+99,+99999.9E+99,+99999.9E+99,+99999.9E+99,1B00,0,0,0,1B00,76.5360E+00,76.5984E+00,76.5343E+00,76.5562E+00,72.4167E+00,72.7288E+00,72.4574E+00,72.5343E+00,76.5360E+00,76.5984E+00,76.5343E+00,0.0000E+00,0.0000E+00,0.0000E+00,72.8686E+00,72.6965E+00,72.6259E+00,105.711E+00,106.057E+00,105.706E+00,-104.709E+00,-104.977E+00,-104.510E+00,18.397E+00,17.970E+00,18.053E+00,+99999.9E+99,+99999.9E+99,+99999.9E+99,0.199E+00,9.4338E+00,8.9347E+00,9.0823E+00,9.1503E+00,8.2083E+00,7.8003E+00,7.8520E+00,7.9535E+00,9.4327E+00,8.9320E+00,9.0749E+00,-0.1438E+00,-0.2216E+00,0.3664E+00,6.1359E+00,6.4267E+00,6.8270E+00,25.7371E+00,23.7386E+00,24.6343E+00,-26.0652E+00,-24.7876E+00,-21.8252E+00,56.832E+00,52.716E+00,49.968E+00,+99999.9E+99,+99999.9E+99,+99999.9E+99,4.823E+00,0.28965E+03,0.27211E+03,0.28667E+03,0.84843E+03,0.21982E+03,0.23636E+03,0.24075E+03,0.69693E+03,0.41939E+03,0.39616E+03,0.40268E+03,1.21823E+03,0.25520E+03,0.26228E+03,0.27598E+03,0.79295E+03,-0.30331E+03,-0.28792E+03,-0.28280E+03,-0.87402E+03,-0.12962E+03,-0.11367E+03,-0.13494E+03,-0.37823E+03,-0.69064E+00,-0.68688E+00,-0.71189E+00,-0.69644E+00,-0.86140E+00,-0.90119E+00,-0.87232E+00,-0.87891E+00,0.000E+00,120.137E+00,-120.052E+00,60.446E+00,175.793E+00,-60.672E+00,-46.319E+00,-46.616E+00,-44.611E+00,-45.858E+00,201.905E+00,201.263E+00,202.037E+00,94.145E+00,+99999.9E+99,+99999.9E+99,0.00005E+06,-0.00053E+06,0.00000E+00,10.089E+00,0.756E+03,0.00080E+06,43.834E+00,F0F08
2021/11/30,17:34:29,00000:00:54,300,38003D00,2D00,3C00,3C00,3800,99.879E+00,0.000E+00,0.000E+00,110.936E+00,0.000E+00,0.000E+00,0.505E+00,0.000E+00,0.000E+00,99.878E+00,0.000E+00,0.000E+00,0.000E+00,0.000E+00,0.000E+00,100.954E+00,0.000E+00,0.000E+00,98.729E+00,0.000E+00,0.000E+00,43.127E+00,415.906E+00,+99999.9E+99,1.114E+00,+99999.9E+99,+99999.9E+99,11.9733E+00,0.00000E+00,0.00000E+00,12.2376E+00,0.00000E+00,0.00000E+00,4.6871E+00,0.00000E+00,0.00000E+00,11.0177E+00,0.00000E+00,0.00000E+00,3.9862E+00,0.00000E+00,0.00000E+00,18.3671E+00,0.0000E+00,0.0000E+00,3.2910E+00,0.0000E+00,0.0000E+00,51.435E+00,+99999.9E+99,+99999.9E+99,68.418E+00,+99999.9E+99,+99999.9E+99,1.09830E+03,0.00000E+03,0.00000E+03,0.00000E+03,0.00000E+03,0.00000E+03,1.19588E+03,0.00000E+03,0.00000E+03,0.00000E+03,0.00000E+03,0.00000E+03,0.47316E+03,0.00000E+03,0.00000E+03,0.00000E+03,0.00000E+03,0.00000E+03,0.91840E+00,0.00000E+00,0.00000E+00,0.92921E+00,0.45569E+00,0.01554E+00,0.000E+00,59.950E+00,155.284E+00,158.313E+00,-2.940E+00,-113.826E+00,23.307E+00,90.000E+00,90.000E+00,0.00000E+00,0.00000E+00,0.00000E+00,121.289E+00,100.000E+00,100.000E+00,-0.23382E+03,0.00000E+03,0.00000E+03,+99999.9E+99,+99999.9E+99,+99999.9E+99,+99999.9E+99,+99999.9E+99,+99999.9E+99,+99999.9E+99,+99999.9E+99,+99999.9E+99,+99999.9E+99,+99999.9E+99,+99999.9E+99,1B00,0,0,0,1B00,77.0019E+00,77.4469E+00,77.3262E+00,77.2583E+00,71.6514E+00,72.5035E+00,72.2722E+00,72.1423E+00,77.0019E+00,77.4469E+00,77.3262E+00,0.0000E+00,0.0000E+00,0.0000E+00,71.7354E+00,72.2844E+00,72.0688E+00,105.619E+00,106.096E+00,105.579E+00,-105.123E+00,-104.720E+00,-104.996E+00,24.933E+00,25.255E+00,25.237E+00,+99999.9E+99,+99999.9E+99,+99999.9E+99,0.439E+00,13.8105E+00,13.4885E+00,13.6124E+00,13.6371E+00,12.9022E+00,12.7134E+00,12.6599E+00,12.7585E+00,13.8093E+00,13.4863E+00,13.6059E+00,-0.1783E+00,-0.2423E+00,0.4217E+00,10.0123E+00,9.1940E+00,9.3223E+00,27.2776E+00,27.1562E+00,28.3967E+00,-26.3138E+00,-26.9781E+00,-26.5943E+00,44.391E+00,47.133E+00,47.297E+00,+99999.9E+99,+99999.9E+99,+99999.9E+99,6.472E+00,0.44862E+03,0.43637E+03,0.44713E+03,1.33212E+03,0.36495E+03,0.32147E+03,0.34495E+03,1.03137E+03,0.62196E+03,0.60767E+03,0.61537E+03,1.84500E+03,0.40900E+03,0.37263E+03,0.37591E+03,1.15615E+03,-0.43079E+03,-0.42289E+03,-0.42280E+03,-1.27648E+03,-0.18465E+03,-0.18844E+03,-0.14937E+03,-0.52246E+03,-0.72129E+00,-0.71811E+00,-0.72660E+00,-0.72202E+00,-0.89228E+00,-0.86271E+00,-0.91766E+00,-0.89207E+00,0.000E+00,119.940E+00,-119.657E+00,57.087E+00,-179.777E+00,-66.397E+00,-43.839E+00,-44.101E+00,-43.398E+00,-43.779E+00,201.410E+00,202.190E+00,201.018E+00,90.357E+00,+99999.9E+99,+99999.9E+99,0.00013E+06,-0.00077E+06,0.00000E+00,15.176E+00,0.757E+03,0.00120E+06,43.594E+00,F0F08
2021/11/30,17:34:29,00000:00:54,350,38003F00,2800,3B00,3B00,3F00,100.042E+00,0.000E+00,0.000E+00,111.118E+00,0.000E+00,0.000E+00,0.489E+00,0.000E+00,0.000E+00,100.041E+00,0.000E+00,0.000E+00,0.000E+00,0.000E+00,0.000E+00,100.964E+00,0.000E+00,0.000E+00,98.764E+00,0.000E+00,0.000E+00,43.127E+00,415.906E+00,+99999.9E+99,1.100E+00,+99999.9E+99,+99999.9E+99,11.0874E+00,0.00000E+00,0.00000E+00,11.3547E+00,0.00000E+00,0.00000E+00,4.2925E+00,0.00000E+00,0.00000E+00,10.2228E+00,0.00000E+00,0.00000E+00,3.9862E+00,0.00000E+00,0.00000E+00,18.1529E+00,0.0000E+00,0.0000E+00,4.0455E+00,0.0000E+00,0.0000E+00,51.435E+00,+99999.9E+99,+99999.9E+99,69.000E+00,+99999.9E+99,+99999.9E+99,1.02083E+03,0.00000E+03,0.00000E+03,0.00000E+03,0.00000E+03,0.00000E+03,1.10921E+03,0.00000E+03,0.00000E+03,0.00000E+03,0.00000E+03,0.00000E+03,0.43390E+03,0.00000E+03,0.00000E+03,0.00000E+03,0.00000E+03,0.00000E+03,0.92032E+00,0.00000E+00,0.00000E+00,0.92921E+00,0.45569E+00,0.01554E+00,0.000E+00,59.950E+00,155.284E+00,158.313E+00,-2.940E+00,-113.826E+00,23.028E+00,90.000E+00,90.000E+00,9.33714E+00,0.00000E+00,0.00000E+00,83.953E+00,100.000E+00,100.000E+00,0.16381E+03,0.00000E+03,0.00000E+03,+99999.9E+99,+99999.9E+99,+99999.9E+99,+99999.9E+99,+99999.9E+99,+99999.9E+99,+99999.9E+99,+99999.9E+99,+99999.9E+99,+99999.9E+99,+99999.9E+99,+99999.9E+99,1B00,0,0,0,1B00,76.6774E+00,76.6182E+00,76.3675E+00,76.5544E+00,72.4928E+00,72.5885E+00,71.9694E+00,72.3502E+00,76.6774E+00,76.6182E+00,76.3675E+00,0.0000E+00,0.0000E+00,0.0000E+00,70.7558E+00,70.6581E+00,70.4953E+00,105.621E+00,105.976E+00,105.797E+00,-104.204E+00,-105.093E+00,-104.203E+00,35.716E+00,35.261E+00,35.743E+00,+99999.9E+99,+99999.9E+99,+99999.9E+99,0.216E+00,9.6666E+00,9.2350E+00,9.8608E+00,9.5875E+00,8.3323E+00,7.9640E+00,8.3852E+00,8.2271E+00,9.6657E+00,9.2350E+00,9.8608E+00,-0.1359E+00,0.0000E+00,0.0000E+00,13.3849E+00,13.4268E+00,13.9884E+00,26.4519E+00,24.9524E+00,27.2686E+00,-25.7295E+00,-23.4500E+00,-26.7429E+00,42.815E+00,42.121E+00,40.214E+00,+99999.9E+99,+99999.9E+99,+99999.9E+99,2.564E+00,0.28003E+03,0.27831E+03,0.29868E+03,0.85702E+03,0.46646E+03,0.48182E+03,0.49091E+03,1.43919E+03,0.42970E+03,0.41052E+03,0.43709E+03,1.27732E+03,0.54149E+03,0.54458E+03,0.56250E+03,1.64826E+03,-0.32593E+03,-0.30178E+03,-0.31912E+03,-0.94683E+03,-0.27500E+03,-0.25381E+03,-0.27461E+03,-0.80342E+03,-0.65168E+00,-0.67794E+00,-0.68334E+00,-0.67095E+00,-0.86144E+00,-0.88475E+00,-0.87273E+00,-0.87316E+00,0.000E+00,120.191E+00,-119.983E+00,60.469E+00,177.900E+00,-60.638E+00,-49.332E+00,-47.317E+00,-46.895E+00,-47.860E+00,202.260E+00,201.588E+00,202.470E+00,92.026E+00,+99999.9E+99,+99999.9E+99,0.00007E+06,-0.00051E+06,0.00000E+00,9.962E+00,0.756E+03,0.00079E+06,43.933E+00,F0F08
2021/11/30,17:34:29,00000:00:54,400,38003F00,0,1B00,1B00,3F00,99.940E+00,0.000E+00,0.000E+00,111.003E+00,0.000E+00,0.000E+00,0.539E+00,0.000E+00,0.000E+00,99.938E+00,0.000E+00,0.000E+00,0.000E+00,0.000E+00,0.000E+00,101.007E+00,0.000E+00,0.000E+00,98.761E+00,0.000E+00,0.000E+00,106.606E+00,482.195E+00,457.218E+00,1.124E+00,+99999.9E+99,+99999.9E+99,11.7758E+00,0.00000E+00,0.00000E+00,11.9433E+00,0.00000E+00,0.00000E+00,4.8009E+00,0.00000E+00,0.00000E+00,10.7527E+00,0.00000E+00,0.00000E+00,2.9229E+00,0.00000E+00,0.00000E+00,18.2779E+00,0.0000E+00,0.0000E+00,3.5400E+00,0.0000E+00,0.0000E+00,105.691E+00,+99999.9E+99,+99999.9E+99,68.531E+00,+99999.9E+99,+99999.9E+99,1.07229E+03,0.00000E+03,0.00000E+03,0.00000E+03,0.00000E+03,0.00000E+03,1.17687E+03,0.00000E+03,0.00000E+03,0.00000E+03,0.00000E+03,0.00000E+03,0.48500E+03,0.00000E+03,0.00000E+03,0.00000E+03,0.00000E+03,0.00000E+03,0.91113E+00,0.00000E+00,0.00000E+00,0.82796E+00,0.02892E+00,1.00000E+00,0.000E+00,34.636E+00,124.448E+00,145.890E+00,-57.021E+00,124.552E+00,24.337E+00,90.000E+00,90.000E+00,12.6019E+00,0.00000E+00,0.00000E+00,97.198E+00,100.000E+00,100.000E+00,0.03005E+03,0.00000E+03,0.00000E+03,+99999.9E+99,+99999.9E+99,+99999.9E+99,+99999.9E+99,+99999.9E+99,+99999.9E+99,+99999.9E+99,+99999.9E+99,+99999.9E+99,+99999.9E+99,+99999.9E+99,+99999.9E+99,1800,0,0,0,1800,76.4947E+00,77.0166E+00,77.0021E+00,76.8378E+00,71.7881E+00,72.7581E+00,72.7220E+00,72.4227E+00,76.4946E+00,77.0166E+00,77.0021E+00,0.0000E+00,0.0000E+00,0.0000E+00,73.0796E+00,73.1850E+00,73.0764E+00,105.866E+00,106.069E+00,105.897E+00,-104.671E+00,-104.606E+00,-104.640E+00,13.725E+00,13.572E+00,13.994E+00,+99999.9E+99,+99999.9E+99,+99999.9E+99,0.099E+00,11.7103E+00,11.4769E+00,11.2638E+00,11.4837E+00,10.0274E+00,9.8976E+00,9.5890E+00,9.8380E+00,11.7094E+00,11.4705E+00,11.2512E+00,-0.1448E+00,-0.3855E+00,0.5315E+00,4.7190E+00,4.4746E+00,4.7011E+00,27.7033E+00,27.2933E+00,28.5843E+00,-26.6957E+00,-26.9548E+00,-26.0190E+00,59.582E+00,60.735E+00,57.816E+00,+99999.9E+99,+99999.9E+99,+99999.9E+99,2.946E+00,0.35859E+03,0.33996E+03,0.34369E+03,1.04224E+03,0.16964E+03,0.16487E+03,0.17487E+03,0.50938E+03,0.52229E+03,0.51135E+03,0.50457E+03,1.53821E+03,0.19576E+03,0.18756E+03,0.19628E+03,0.57947E+03,-0.37974E+03,-0.38197E+03,-0.36942E+03,-1.13113E+03,-0.09770E+03,-0.08942E+03,-0.08914E+03,-0.27625E+03,-0.68657E+00,-0.66483E+00,-0.68115E+00,-0.67757E+00,-0.86657E+00,-0.87905E+00,-0.89092E+00,-0.87905E+00,0.000E+00,120.051E+00,-119.905E+00,59.983E+00,178.475E+00,-62.891E+00,-46.641E+00,-48.330E+00,-47.067E+00,-47.346E+00,201.110E+00,201.961E+00,201.257E+00,92.747E+00,+99999.9E+99,+99999.9E+99,0.00008E+06,-0.00063E+06,0.00000E+00,12.208E+00,0.756E+03,0.00097E+06,43.603E+00,F0F0F
2021/11/30,17:34:29,00000:00:54,450,38003F00,700,1F00,1F00,3F00,99.940E+00,0.000E+00,0.000E+00,111.003E+00,0.000E+00,0.000E+00,0.539E+00,0.000E+00,0.000E+00,99.938E+00,0.000E+00,0.000E+00,0.000E+00,0.000E+00,0.000E+00,101.007E+00,0.000E+00,0.000E+00,98.761E+00,0.000E+00,0.000E+00,106.606E+00,482.195E+00,457.218E+00,1.124E+00,+99999.9E+99,+99999.9E+99,11.7758E+00,0.00000E+00,0.00000E+00,11.9433E+00,0.00000E+00,0.00000E+00,4.8009E+00,0.00000E+00,0.00000E+00,10.7527E+00,0.00000E+00,0.00000E+00,2.9229E+00,0.00000E+00,0.00000E+00,18.2779E+00,0.0000E+00,0.0000E+00,3.5400E+00,0.0000E+00,0.0000E+00,105.691E+00,+99999.9E+99,+99999.9E+99,68.531E+00,+99999.9E+99,+99999.9E+99,1.07229E+03,0.00000E+03,0.00000E+03,0.00000E+03,0.00000E+03,0.00000E+03,1.17687E+03,0.00000E+03,0.00000E+03,0.00000E+03,0.00000E+03,0.00000E+03,0.48500E+03,0.00000E+03,0.00000E+03,0.00000E+03,0.00000E+03,0.00000E+03,0.91113E+00,0.00000E+00,0.00000E+00,0.82796E+00,0.02892E+00,1.00000E+00,0.000E+00,34.636E+00,124.448E+00,145.890E+00,-57.021E+00,124.552E+00,24.337E+00,90.000E+00,90.000E+00,12.6019E+00,0.00000E+00,0.00000E+00,121.690E+00,100.000E+00,100.000E+00,-0.23258E+03,0.00000E+03,0.00000E+03,+99999.9E+99,+99999.9E+99,+99999.9E+99,+99999.9E+99,+99999.9E+99,+99999.9E+99,+99999.9E+99,+99999.9E+99,+99999.9E+99,+99999.9E+99,+99999.9E+99,+99999.9E+99,1B00,0,0,0,1B00,77.1850E+00,77.2054E+00,76.9750E+00,77.1218E+00,72.2080E+00,72.4109E+00,71.8600E+00,72.1596E+00,77.1850E+00,77.2054E+00,76.9750E+00,0.0000E+00,0.0000E+00,0.0000E+00,70.4257E+00,71.0154E+00,70.8931E+00,105.316E+00,105.621E+00,105.571E+00,-104.437E+00,-105.161E+00,-104.564E+00,34.742E+00,34.798E+00,34.776E+00,+99999.9E+99,+99999.9E+99,+99999.9E+99,0.509E+00,13.6673E+00,13.2327E+00,13.6336E+00,13.5112E+00,12.5830E+00,12.1558E+00,12.5329E+00,12.4239E+00,13.6665E+00,13.2327E+00,13.6321E+00,-0.1455E+00,0.0000E+00,0.1983E+00,14.1651E+00,13.2328E+00,13.2245E+00,27.8757E+00,27.1519E+00,28.6086E+00,-26.7648E+00,-27.2790E+00,-26.7214E+00,39.470E+00,41.761E+00,41.931E+00,+99999.9E+99,+99999.9E+99,+99999.9E+99,4.400E+00,0.43236E+03,0.42456E+03,0.44794E+03,1.30487E+03,0.50643E+03,0.46331E+03,0.48869E+03,1.45843E+03,0.61551E+03,0.59600E+03,0.61291E+03,1.82442E+03,0.57029E+03,0.53478E+03,0.53996E+03,1.64409E+03,-0.43808E+03,-0.41829E+03,-0.41834E+03,-1.27471E+03,-0.26223E+03,-0.26708E+03,-0.22965E+03,-0.75896E+03,-0.70245E+00,-0.71235E+00,-0.73084E+00,-0.71522E+00,-0.88801E+00,-0.86636E+00,-0.90505E+00,-0.88707E+00,0.000E+00,119.843E+00,-119.664E+00,57.653E+00,179.744E+00,-64.710E+00,-45.376E+00,-44.573E+00,-43.043E+00,-44.339E+00,201.973E+00,201.292E+00,201.757E+00,89.380E+00,+99999.9E+99,+99999.9E+99,0.00014E+06,-0.00074E+06,0.00000E+00,14.715E+00,0.757E+03,0.00117E+06,43.790E+00,F0F0F
2021/11/30,17:34:29,00000:00:54,500,38003D00,500,1C00,1C00,3800,99.940E+00,0.000E+00,0.000E+00,111.003E+00,0.000E+00,0.000E+00,0.539E+00,0.000E+00,0.000E+00,99.938E+00,0.000E+00,0.000E+00,0.000E+00,0.000E+00,0.000E+00,101.007E+00,0.000E+00,0.000E+00,98.761E+00,0.000E+00,0.000E+00,21.676E+00,+99999.9E+99,280.030E+00,1.124E+00,+99999.9E+99,+99999.9E+99,11.7758E+00,0.00000E+00,0.00000E+00,11.9433E+00,0.00000E+00,0.00000E+00,4.8009E+00,0.00000E+00,0.00000E+00,10.7527E+00,0.00000E+00,0.00000E+00,4.8133E+00,0.00000E+00,0.00000E+00,18.2779E+00,0.0000E+00,0.0000E+00,3.5400E+00,0.0000E+00,0.0000E+00,14.331E+00,+99999.9E+99,+99999.9E+99,68.531E+00,+99999.9E+99,+99999.9E+99,1.07229E+03,0.00000E+03,0.00000E+03,0.00000E+03,0.00000E+03,0.00000E+03,1.17687E+03,0.00000E+03,0.00000E+03,0.00000E+03,0.00000E+03,0.00000E+03,0.48500E+03,0.00000E+03,0.00000E+03,0.00000E+03,0.00000E+03,0.00000E+03,0.91113E+00,0.00000E+00,0.00000E+00,0.91731E+00,0.92499E+00,0.09554E+00,0.000E+00,-175.547E+00,142.214E+00,156.536E+00,26.786E+00,-133.268E+00,24.337E+00,90.000E+00,90.000E+00,12.6019E+00,0.00000E+00,0.00000E+00,73.020E+00,100.000E+00,100.000E+00,0.28930E+03,0.00000E+03,0.00000E+03,+99999.9E+99,+99999.9E+99,+99999.9E+99,+99999.9E+99,+99999.9E+99,+99999.9E+99,+99999.9E+99,+99999.9E+99,+99999.9E+99,+99999.9E+99,+99999.9E+99,+99999.9E+99,1B00,0,0,0,1B00,76.2822E+00,76.6633E+00,76.5192E+00,76.4882E+00,72.1891E+00,72.9250E+00,72.6603E+00,72.5915E+00,76.2822E+00,76.6633E+00,76.5192E+00,0.0000E+00,0.0000E+00,0.0000E+00,71.8861E+00,71.7198E+00,71.6399E+00,105.790E+00,105.991E+00,105.673E+00,-104.599E+00,-104.580E+00,-105.221E+00,27.144E+00,26.157E+00,26.958E+00,+99999.9E+99,+99999.9E+99,+99999.9E+99,0.204E+00,8.3058E+00,8.2389E+00,8.1793E+00,8.2413E+00,7.3995E+00,7.3501E+00,7.2750E+00,7.3415E+00,8.3051E+00,8.2379E+00,8.1760E+00,-0.1033E+00,-0.1273E+00,0.2315E+00,9.7471E+00,9.9232E+00,10.2808E+00,22.1948E+00,20.8586E+00,20.4186E+00,-18.8305E+00,-19.2219E+00,-19.8676E+00,48.258E+00,45.812E+00,44.288E+00,+99999.9E+99,+99999.9E+99,+99999.9E+99,4.293E+00,0.26322E+03,0.25676E+03,0.26301E+03,0.78299E+03,0.33719E+03,0.36110E+03,0.36524E+03,1.06352E+03,0.36759E+03,0.36503E+03,0.36328E+03,1.09590E+03,0.39161E+03,0.40288E+03,0.42023E+03,1.21411E+03,-0.25660E+03,-0.25946E+03,-0.25060E+03,-0.76665E+03,-0.19916E+03,-0.17866E+03,-0.20784E+03,-0.58566E+03,-0.71605E+00,-0.70341E+00,-0.72398E+00,-0.71447E+00,-0.86103E+00,-0.89630E+00,-0.86913E+00,-0.87597E+00,0.000E+00,120.151E+00,-120.037E+00,60.492E+00,176.437E+00,-60.281E+00,-44.271E+00,-45.299E+00,-43.616E+00,-44.400E+00,201.641E+00,201.940E+00,201.930E+00,94.749E+00,+99999.9E+99,+99999.9E+99,0.00004E+06,-0.00049E+06,0.00000E+00,9.371E+00,0.756E+03,0.00074E+06,43.763E+00,F0F08
2021/11/30,17:34:29,00000:00:54,550,38003F00,700,1F00,1F00,3F00,99.940E+00,0.000E+00,0.000E+00,111.003E+00,0.000E+00,0.000E+00,0.539E+00,0.000E+00,0.000E+00,99.938E+00,0.000E+00,0.000E+00,0.000E+00,0.000E+00,0.000E+00,101.007E+00,0.000E+00,0.000E+00,98.761E+00,0.000E+00,0.000E+00,64.891E+00,+99999.9E+99,+99999.9E+99,1.124E+00,+99999.9E+99,+99999.9E+99,11.7758E+00,0.00000E+00,0.00000E+00,11.9433E+00,0.00000E+00,0.00000E+00,4.8009E+00,0.00000E+00,0.00000E+00,10.7527E+00,0.00000E+00,0.00000E+00,4.0989E+00,0.00000E+00,0.00000E+00,18.2779E+00,0.0000E+00,0.0000E+00,3.5400E+00,0.0000E+00,0.0000E+00,47.249E+00,469.501E+00,+99999.9E+99,68.531E+00,+99999.9E+99,+99999.9E+99,1.07229E+03,0.00000E+03,0.00000E+03,0.00000E+03,0.00000E+03,0.00000E+03,1.17687E+03,0.00000E+03,0.00000E+03,0.00000E+03,0.00000E+03,0.00000E+03,0.48500E+03,0.00000E+03,0.00000E+03,0.00000E+03,0.00000E+03,0.00000E+03,0.91113E+00,0.00000E+00,0.00000E+00,0.88939E+00,0.00173E+00,0.73217E+00,0.000E+00,-145.606E+00,149.082E+00,152.797E+00,124.494E+00,-73.849E+00,24.337E+00,90.000E+00,90.000E+00,12.6019E+00,0.00000E+00,0.00000E+00,118.143E+00,100.000E+00,100.000E+00,-0.19454E+03,0.00000E+03,0.00000E+03,+99999.9E+99,+99999.9E+99,+99999.9E+99,+99999.9E+99,+99999.9E+99,+99999.9E+99,+99999.9E+99,+99999.9E+99,+99999.9E+99,+99999.9E+99,+99999.9E+99,+99999.9E+99,1B00,0,0,0,1B00,77.0643E+00,77.1907E+00,77.1105E+00,77.1218E+00,72.1199E+00,72.5499E+00,72.2754E+00,72.3151E+00,77.0643E+00,77.1907E+00,77.1105E+00,0.0000E+00,0.0000E+00,0.0000E+00,72.6886E+00,73.1233E+00,72.9855E+00,105.637E+00,105.981E+00,105.683E+00,-104.467E+00,-105.184E+00,-104.759E+00,16.369E+00,16.414E+00,16.796E+00,+99999.9E+99,+99999.9E+99,+99999.9E+99,0.360E+00,13.4755E+00,12.9930E+00,13.1954E+00,13.2213E+00,12.2778E+00,11.7835E+00,11.8541E+00,11.9718E+00,13.4743E+00,12.9892E+00,13.1861E+00,-0.1792E+00,-0.3149E+00,0.4952E+00,6.5204E+00,5.8150E+00,5.7250E+00,27.9443E+00,27.3333E+00,28.4881E+00,-26.7290E+00,-27.2414E+00,-26.6100E+00,49.061E+00,53.822E+00,54.278E+00,+99999.9E+99,+99999.9E+99,+99999.9E+99,7.234E+00,0.43093E+03,0.40867E+03,0.42723E+03,1.26683E+03,0.23502E+03,0.20407E+03,0.22113E+03,0.66023E+03,0.60681E+03,0.58389E+03,0.59300E+03,1.78369E+03,0.26219E+03,0.23542E+03,0.23889E+03,0.73544E+03,-0.42721E+03,-0.41703E+03,-0.41125E+03,-1.25548E+03,-0.11621E+03,-0.11738E+03,-0.09039E+03,-0.32399E+03,-0.71016E+00,-0.69992E+00,-0.72046E+00,-0.71023E+00,-0.89640E+00,-0.86684E+00,-0.92565E+00,-0.89773E+00,0.000E+00,119.927E+00,-119.735E+00,56.512E+00,179.769E+00,-67.638E+00,-44.752E+00,-45.580E+00,-43.908E+00,-44.746E+00,201.586E+00,201.369E+00,201.639E+00,90.702E+00,+99999.9E+99,+99999.9E+99,0.00012E+06,-0.00074E+06,0.00000E+00,14.497E+00,0.757E+03,0.00115E+06,43.681E+00,F0F08
2021/11/30,17:34:29,00000:00:54,600,38003F00,500,1F00,1F00,3F00,99.940E+00,0.000E+00,0.000E+00,111.003E+00,0.000E+00,0.000E+00,0.539E+00,0.000E+00,0.000E+00,99.938E+00,0.000E+00,0.000E+00,0.000E+00,0.000E+00,0.000E+00,101.007E+00,0.000E+00,0.000E+00,98.761E+00,0.000E+00,0.000E+00,64.891E+00,+99999.9E+99,+99999.9E+99,1.124E+00,+99999.9E+99,+99999.9E+99,11.7758E+00,0.00000E+00,0.00000E+00,11.9433E+00,0.00000E+00,0.00000E+00,4.8009E+00,0.00000E+00,0.00000E+00,10.7527E+00,0.00000E+00,0.00000E+00,4.0989E+00,0.00000E+00,0.00000E+00,18.2779E+00,0.0000E+00,0.0000E+00,3.5400E+00,0.0000E+00,0.0000E+00,47.249E+00,469.501E+00,+99999.9E+99,68.531E+00,+99999.9E+99,+99999.9E+99,1.07229E+03,0.00000E+03,0.00000E+03,0.00000E+03,0.00000E+03,0.00000E+03,1.17687E+03,0.00000E+03,0.00000E+03,0.00000E+03,0.00000E+03,0.00000E+03,0.48500E+03,0.00000E+03,0.00000E+03,0.00000E+03,0.00000E+03,0.00000E+03,0.91113E+00,0.00000E+00,0.00000E+00,0.88939E+00,0.00173E+00,0.73217E+00,0.000E+00,-145.606E+00,149.082E+00,152.797E+00,124.494E+00,-73.849E+00,24.337E+00,90.000E+00,90.000E+00,12.6019E+00,0.00000E+00,0.00000E+00,101.752E+00,100.000E+00,100.000E+00,-0.01878E+03,0.00000E+03,0.00000E+03,+99999.9E+99,+99999.9E+99,+99999.9E+99,+99999.9E+99,+99999.9E+99,+99999.9E+99,+99999.9E+99,+99999.9E+99,+99999.9E+99,+99999.9E+99,+99999.9E+99,+99999.9E+99,1B00,0,0,0,1B00,76.7509E+00,77.0942E+00,76.8436E+00,76.8962E+00,72.0346E+00,72.6722E+00,72.2063E+00,72.3044E+00,76.7509E+00,77.0942E+00,76.8436E+00,0.0000E+00,0.0000E+00,0.0000E+00,69.9968E+00,70.2383E+00,70.1393E+00,105.477E+00,106.043E+00,105.451E+00,-104.596E+00,-104.623E+00,-104.526E+00,39.076E+00,38.890E+00,38.848E+00,+99999.9E+99,+99999.9E+99,+99999.9E+99,0.206E+00,11.9471E+00,11.7811E+00,12.0693E+00,11.9325E+00,10.4608E+00,10.3850E+00,10.5798E+00,10.4752E+00,11.9466E+00,11.7811E+00,12.0693E+00,-0.1092E+00,0.0000E+00,0.0000E+00,15.4283E+00,15.0025E+00,15.2123E+00,27.6419E+00,27.1976E+00,28.6000E+00,-26.0733E+00,-26.8033E+00,-26.8005E+00,39.365E+00,40.401E+00,39.434E+00,+99999.9E+99,+99999.9E+99,+99999.9E+99,1.707E+00,0.35782E+03,0.36037E+03,0.37288E+03,1.09107E+03,0.54415E+03,0.52794E+03,0.54543E+03,1.61752E+03,0.53386E+03,0.52771E+03,0.54156E+03,1.60313E+03,0.62237E+03,0.60501E+03,0.61549E+03,1.84272E+03,-0.39619E+03,-0.38550E+03,-0.39275E+03,-1.17443E+03,-0.30207E+03,-0.29548E+03,-0.28520E+03,-0.88275E+03,-0.67026E+00,-0.68290E+00,-0.68852E+00,-0.68059E+00,-0.87432E+00,-0.87262E+00,-0.88617E+00,-0.87779E+00,0.000E+00,119.975E+00,-119.839E+00,59.151E+00,179.164E+00,-62.305E+00,-47.913E+00,-46.930E+00,-46.487E+00,-47.110E+00,202.194E+00,202.345E+00,201.862E+00,90.377E+00,+99999.9E+99,+99999.9E+99,0.00010E+06,-0.00063E+06,0.00000E+00,12.436E+00,0.757E+03,0.00099E+06,43.826E+00,F0F08
2021/11/30,17:34:29,00000:00:54,650,38003F00,2800,3B00,3B00,3F00,99.857E+00,0.000E+00,0.000E+00,110.912E+00,0.000E+00,0.000E+00,0.503E+00,0.000E+00,0.000E+00,99.856E+00,0.000E+00,0.000E+00,0.000E+00,0.000E+00,0.000E+00,100.925E+00,0.000E+00,0.000E+00,98.793E+00,0.000E+00,0.000E+00,36.940E+00,+99999.9E+99,+99999.9E+99,1.068E+00,+99999.9E+99,+99999.9E+99,12.1680E+00,0.00000E+00,0.00000E+00,12.4843E+00,0.00000E+00,0.00000E+00,4.6614E+00,0.00000E+00,0.00000E+00,11.2398E+00,0.00000E+00,0.00000E+00,4.1443E+00,0.00000E+00,0.00000E+00,18.3379E+00,0.0000E+00,0.0000E+00,3.4086E+00,0.0000E+00,0.0000E+00,45.445E+00,+99999.9E+99,+99999.9E+99,66.413E+00,+99999.9E+99,+99999.9E+99,1.12025E+03,0.00000E+03,0.00000E+03,0.00000E+03,0.00000E+03,0.00000E+03,1.21507E+03,0.00000E+03,0.00000E+03,0.00000E+03,0.00000E+03,0.00000E+03,0.47057E+03,0.00000E+03,0.00000E+03,0.00000E+03,0.00000E+03,0.00000E+03,0.92196E+00,0.00000E+00,0.00000E+00,0.92969E+00,0.98369E+00,0.78252E+00,0.000E+00,-5.898E+00,155.608E+00,158.387E+00,4.465E+00,14.116E+00,22.785E+00,90.000E+00,90.000E+00,0.00000E+00,0.00000E+00,0.00000E+00,76.531E+00,100.000E+00,100.000E+00,0.26291E+03,0.00000E+03,0.00000E+03,+99999.9E+99,+99999.9E+99,+99999.9E+99,+99999.9E+99,+99999.9E+99,+99999.9E+99,+99999.9E+99,+99999.9E+99,+99999.9E+99,+99999.9E+99,+99999.9E+99,+99999.9E+99,1B00,0,0,0,1B00,76.5480E+00,76.6125E+00,76.5483E+00,76.5696E+00,72.4473E+00,72.7770E+00,72.5000E+00,72.5748E+00,76.5480E+00,76.6125E+00,76.5483E+00,0.0000E+00,0.0000E+00,0.0000E+00,72.8853E+00,72.6924E+00,72.6301E+00,105.846E+00,106.097E+00,105.821E+00,-104.326E+00,-104.994E+00,-104.917E+00,18.341E+00,17.948E+00,18.012E+00,+99999.9E+99,+99999.9E+99,+99999.9E+99,0.211E+00,9.5649E+00,9.0493E+00,9.1866E+00,9.2670E+00,8.2752E+00,7.8474E+00,7.8890E+00,8.0039E+00,9.5635E+00,9.0461E+00,9.1776E+00,-0.1645E+00,-0.2405E+00,0.4061E+00,6.1135E+00,6.4231E+00,6.8122E+00,26.2005E+00,24.1786E+00,25.0448E+00,-26.6110E+00,-25.3229E+00,-22.3852E+00,57.023E+00,52.668E+00,50.058E+00,+99999.9E+99,+99999.9E+99,+99999.9E+99,4.850E+00,0.29353E+03,0.27460E+03,0.28921E+03,0.85734E+03,0.21902E+03,0.23608E+03,0.23975E+03,0.69485E+03,0.42541E+03,0.40137E+03,0.40741E+03,1.23419E+03,0.25434E+03,0.26205E+03,0.27527E+03,0.79116E+03,-0.30792E+03,-0.29273E+03,-0.28695E+03,-0.88760E+03,-0.12931E+03,-0.11374E+03,-0.13526E+03,-0.37831E+03,-0.68999E+00,-0.68415E+00,-0.70988E+00,-0.69466E+00,-0.86111E+00,-0.90089E+00,-0.87096E+00,-0.87826E+00,0.000E+00,120.139E+00,-120.065E+00,60.468E+00,175.838E+00,-60.520E+00,-46.370E+00,-46.831E+00,-44.775E+00,-46.000E+00,201.744E+00,201.391E+00,202.141E+00,94.660E+00,+99999.9E+99,+99999.9E+99,0.00005E+06,-0.00054E+06,0.00000E+00,10.247E+00,0.756E+03,0.00081E+06,43.769E+00,F0F08
2021/11/30,17:34:29,00000:00:54,700,38003F00,2D00,3F00,3F00,3F00,99.857E+00,0.000E+00,0.000E+00,110.912E+00,0.000E+00,0.000E+00,0.503E+00,0.000E+00,0.000E+00,99.856E+00,0.000E+00,0.000E+00,0.000E+00,0.000E+00,0.000E+00,100.925E+00,0.000E+00,0.000E+00,98.793E+00,0.000E+00,0.000E+00,36.940E+00,+99999.9E+99,+99999.9E+99,1.068E+00,+99999.9E+99,+99999.9E+99,12.1680E+00,0.00000E+00,0.00000E+00,12.4843E+00,0.00000E+00,0.00000E+00,4.6614E+00,0.00000E+00,0.00000E+00,11.2398E+00,0.00000E+00,0.00000E+00,4.1443E+00,0.00000E+00,0.00000E+00,18.3379E+00,0.0000E+00,0.0000E+00,3.4086E+00,0.0000E+00,0.0000E+00,45.445E+00,+99999.9E+99,+99999.9E+99,66.413E+00,+99999.9E+99,+99999.9E+99,1.12025E+03,0.00000E+03,0.00000E+03,0.00000E+03,0.00000E+03,0.00000E+03,1.21507E+03,0.00000E+03,0.00000E+03,0.00000E+03,0.00000E+03,0.00000E+03,0.47057E+03,0.00000E+03,0.00000E+03,0.00000E+03,0.00000E+03,0.00000E+03,0.92196E+00,0.00000E+00,0.00000E+00,0.92969E+00,0.98369E+00,0.78252E+00,0.000E+00,-5.898E+00,155.608E+00,158.387E+00,4.465E+00,14.116E+00,22.785E+00,90.000E+00,90.000E+00,0.00000E+00,0.00000E+00,0.00000E+00,121.164E+00,100.000E+00,100.000E+00,-0.23709E+03,0.00000E+03,0.00000E+03,+99999.9E+99,+99999.9E+99,+99999.9E+99,+99999.9E+99,+99999.9E+99,+99999.9E+99,+99999.9E+99,+99999.9E+99,+99999.9E+99,+99999.9E+99,+99999.9E+99,+99999.9E+99,1B00,0,0,0,1B00,76.9995E+00,77.4829E+00,77.3420E+00,77.2748E+00,71.7045E+00,72.5882E+00,72.3385E+00,72.2104E+00,76.9995E+00,77.4828E+00,77.3420E+00,0.0000E+00,0.0000E+00,0.0000E+00,72.3220E+00,72.7858E+00,72.6592E+00,105.597E+00,106.110E+00,105.556E+00,-104.424E+00,-105.096E+00,-104.590E+00,20.259E+00,20.401E+00,20.698E+00,+99999.9E+99,+99999.9E+99,+99999.9E+99,0.389E+00,13.9707E+00,13.6588E+00,13.7902E+00,13.8066E+00,13.0548E+00,12.8709E+00,12.8287E+00,12.9181E+00,13.9699E+00,13.6564E+00,13.7843E+00,-0.1505E+00,-0.2530E+00,0.4046E+00,8.0552E+00,7.4514E+00,7.3063E+00,27.8305E+00,27.0724E+00,28.4943E+00,-26.5314E+00,-27.2143E+00,-26.6071E+00,46.853E+00,49.523E+00,51.008E+00,+99999.9E+99,+99999.9E+99,+99999.9E+99,7.018E+00,0.45646E+03,0.44517E+03,0.45571E+03,1.35734E+03,0.29476E+03,0.25689E+03,0.27641E+03,0.82805E+03,0.62923E+03,0.61587E+03,0.62425E+03,1.86936E+03,0.32865E+03,0.29682E+03,0.29939E+03,0.92360E+03,-0.43311E+03,-0.42558E+03,-0.42664E+03,-1.28532E+03,-0.14536E+03,-0.14870E+03,-0.11503E+03,-0.40909E+03,-0.72542E+00,-0.72283E+00,-0.73001E+00,-0.72610E+00,-0.89687E+00,-0.86547E+00,-0.92324E+00,-0.89656E+00,0.000E+00,119.895E+00,-119.732E+00,56.463E+00,179.904E+00,-67.295E+00,-43.496E+00,-43.711E+00,-43.113E+00,-43.440E+00,201.760E+00,202.239E+00,201.080E+00,90.004E+00,+99999.9E+99,+99999.9E+99,0.00014E+06,-0.00078E+06,0.00000E+00,15.399E+00,0.758E+03,0.00122E+06,43.676E+00,F0F08
2021/11/30,17:34:29,00000:00:54,750,38003800,2800,3800,3800,3800,100.034E+00,0.000E+00,0.000E+00,111.109E+00,0.000E+00,0.000E+00,0.500E+00,0.000E+00,0.000E+00,100.033E+00,0.000E+00,0.000E+00,0.000E+00,0.000E+00,0.000E+00,100.936E+00,0.000E+00,0.000E+00,98.829E+00,0.000E+00,0.000E+00,36.940E+00,+99999.9E+99,+99999.9E+99,1.053E+00,+99999.9E+99,+99999.9E+99,11.2595E+00,0.00000E+00,0.00000E+00,11.5011E+00,0.00000E+00,0.00000E+00,4.4223E+00,0.00000E+00,0.00000E+00,10.3546E+00,0.00000E+00,0.00000E+00,4.1443E+00,0.00000E+00,0.00000E+00,18.1774E+00,0.0000E+00,0.0000E+00,4.1648E+00,0.0000E+00,0.0000E+00,45.445E+00,+99999.9E+99,+99999.9E+99,67.664E+00,+99999.9E+99,+99999.9E+99,1.03383E+03,0.00000E+03,0.00000E+03,0.00000E+03,0.00000E+03,0.00000E+03,1.12633E+03,0.00000E+03,0.00000E+03,0.00000E+03,0.00000E+03,0.00000E+03,0.44701E+03,0.00000E+03,0.00000E+03,0.00000E+03,0.00000E+03,0.00000E+03,0.91788E+00,0.00000E+00,0.00000E+00,0.92969E+00,0.98369E+00,0.78252E+00,0.000E+00,-5.898E+00,155.608E+00,158.387E+00,4.465E+00,14.116E+00,23.383E+00,90.000E+00,90.000E+00,9.32752E+00,0.00000E+00,0.00000E+00,84.803E+00,100.000E+00,100.000E+00,0.15711E+03,0.00000E+03,0.00000E+03,+99999.9E+99,+99999.9E+99,+99999.9E+99,+99999.9E+99,+99999.9E+99,+99999.9E+99,+99999.9E+99,+99999.9E+99,+99999.9E+99,+99999.9E+99,+99999.9E+99,+99999.9E+99,1B00,0,0,0,1B00,76.7020E+00,76.6859E+00,76.3811E+00,76.5897E+00,72.5601E+00,72.7226E+00,72.0332E+00,72.4386E+00,76.7020E+00,76.6859E+00,76.3811E+00,0.0000E+00,0.0000E+00,0.0000E+00,70.2725E+00,70.2893E+00,70.1827E+00,105.709E+00,105.930E+00,105.851E+00,-104.131E+00,-104.643E+00,-104.124E+00,38.274E+00,37.909E+00,38.087E+00,+99999.9E+99,+99999.9E+99,+99999.9E+99,0.085E+00,9.7606E+00,9.3316E+00,9.9510E+00,9.6810E+00,8.4634E+00,8.0940E+00,8.5072E+00,8.3549E+00,9.7599E+00,9.3316E+00,9.9510E+00,-0.1165E+00,0.0000E+00,0.0000E+00,14.7273E+00,14.6239E+00,14.9678E+00,26.3119E+00,24.8848E+00,27.2790E+00,-25.6757E+00,-23.4290E+00,-26.5819E+00,40.867E+00,40.821E+00,39.422E+00,+99999.9E+99,+99999.9E+99,+99999.9E+99,1.481E+00,0.28693E+03,0.28454E+03,0.30525E+03,0.87673E+03,0.51601E+03,0.51866E+03,0.53057E+03,1.56525E+03,0.43416E+03,0.41544E+03,0.44158E+03,1.29118E+03,0.59556E+03,0.59049E+03,0.60500E+03,1.79095E+03,-0.32583E+03,-0.30269E+03,-0.31908E+03,-0.94761E+03,-0.29736E+03,-0.28225E+03,-0.29073E+03,-0.87035E+03,-0.66089E+00,-0.68493E+00,-0.69127E+00,-0.67901E+00,-0.86643E+00,-0.87836E+00,-0.87697E+00,-0.87398E+00,0.000E+00,120.080E+00,-119.950E+00,59.960E+00,178.591E+00,-61.192E+00,-48.633E+00,-46.770E+00,-46.269E+00,-47.233E+00,202.021E+00,201.754E+00,202.644E+00,91.995E+00,+99999.9E+99,+99999.9E+99,0.00007E+06,-0.00052E+06,0.00000E+00,10.178E+00,0.757E+03,0.00081E+06,43.814E+00,F0F08
2021/11/30,17:34:30,00000:00:54,800,38003F00,0,1B00,1B00,3F00,99.923E+00,0.000E+00,0.000E+00,110.985E+00,0.000E+00,0.000E+00,0.508E+00,0.000E+00,0.000E+00,99.922E+00,0.000E+00,0.000E+00,0.000E+00,0.000E+00,0.000E+00,100.911E+00,0.000E+00,0.000E+00,98.821E+00,0.000E+00,0.000E+00,105.047E+00,+99999.9E+99,+99999.9E+99,1.045E+00,+99999.9E+99,+99999.9E+99,11.8186E+00,0.00000E+00,0.00000E+00,12.1015E+00,0.00000E+00,0.00000E+00,4.5799E+00,0.00000E+00,0.00000E+00,10.8952E+00,0.00000E+00,0.00000E+00,3.0983E+00,0.00000E+00,0.00000E+00,18.1164E+00,0.0000E+00,0.0000E+00,4.0812E+00,0.0000E+00,0.0000E+00,102.471E+00,+99999.9E+99,+99999.9E+99,64.410E+00,+99999.9E+99,+99999.9E+99,1.08657E+03,0.00000E+03,0.00000E+03,0.00000E+03,0.00000E+03,0.00000E+03,1.18096E+03,0.00000E+03,0.00000E+03,0.00000E+03,0.00000E+03,0.00000E+03,0.46261E+03,0.00000E+03,0.00000E+03,0.00000E+03,0.00000E+03,0.00000E+03,0.92008E+00,0.00000E+00,0.00000E+00,0.82385E+00,0.89431E+00,0.04443E+00,0.000E+00,-45.011E+00,131.669E+00,145.472E+00,-18.431E+00,-135.784E+00,23.062E+00,90.000E+00,90.000E+00,12.6264E+00,0.00000E+00,0.00000E+00,96.418E+00,100.000E+00,100.000E+00,0.03892E+03,0.00000E+03,0.00000E+03,+99999.9E+99,+99999.9E+99,+99999.9E+99,+99999.9E+99,+99999.9E+99,+99999.9E+99,+99999.9E+99,+99999.9E+99,+99999.9E+99,+99999.9E+99,+99999.9E+99,+99999.9E+99,1B00,0,0,0,1B00,76.5527E+00,77.0273E+00,77.0546E+00,76.8782E+00,71.8827E+00,72.8020E+00,72.8259E+00,72.5035E+00,76.5527E+00,77.0273E+00,77.0546E+00,0.0000E+00,0.0000E+00,0.0000E+00,73.0695E+00,73.0679E+00,72.9524E+00,105.673E+00,106.044E+00,105.716E+00,-104.373E+00,-104.741E+00,-104.884E+00,15.489E+00,15.368E+00,15.385E+00,+99999.9E+99,+99999.9E+99,+99999.9E+99,0.104E+00,11.6892E+00,11.4391E+00,11.2474E+00,11.4585E+00,10.0710E+00,9.9260E+00,9.6327E+00,9.8766E+00,11.6883E+00,11.4316E+00,11.2334E+00,-0.1459E+00,-0.4141E+00,0.5611E+00,5.2316E+00,5.1313E+00,5.5483E+00,27.6071E+00,27.0600E+00,28.4233E+00,-26.6319E+00,-27.0248E+00,-26.0005E+00,58.496E+00,57.884E+00,53.497E+00,+99999.9E+99,+99999.9E+99,+99999.9E+99,3.610E+00,0.36054E+03,0.34113E+03,0.34599E+03,1.04766E+03,0.18564E+03,0.19132E+03,0.19936E+03,0.57632E+03,0.52229E+03,0.51019E+03,0.50424E+03,1.53672E+03,0.21542E+03,0.21435E+03,0.22638E+03,0.65593E+03,-0.37789E+03,-0.37938E+03,-0.36681E+03,-1.12408E+03,-0.10929E+03,-0.09666E+03,-0.10725E+03,-0.31320E+03,-0.69031E+00,-0.66862E+00,-0.68616E+00,-0.68175E+00,-0.86174E+00,-0.89256E+00,-0.88065E+00,-0.87863E+00,0.000E+00,120.101E+00,-119.954E+00,60.483E+00,176.855E+00,-61.621E+00,-46.345E+00,-48.039E+00,-46.673E+00,-47.020E+00,202.216E+00,202.011E+00,201.498E+00,92.783E+00,+99999.9E+99,+99999.9E+99,0.00008E+06,-0.00063E+06,0.00000E+00,12.266E+00,0.757E+03,0.00097E+06,43.865E+00,F0F0F
2021/11/30,17:34:30,00000:00:54,850,38003F00,700,1F00,1F00,3F00,99.923E+00,0.000E+00,0.000E+00,110.985E+00,0.000E+00,0.000E+00,0.508E+00,0.000E+00,0.000E+00,99.922E+00,0.000E+00,0.000E+00,0.000E+00,0.000E+00,0.000E+00,100.911E+00,0.000E+00,0.000E+00,98.821E+00,0.000E+00,0.000E+00,20.330E+00,+99999.9E+99,412.021E+00,1.045E+00,+99999.9E+99,+99999.9E+99,11.8186E+00,0.00000E+00,0.00000E+00,12.1015E+00,0.00000E+00,0.00000E+00,4.5799E+00,0.00000E+00,0.00000E+00,10.8952E+00,0.00000E+00,0.00000E+00,4.6405E+00,0.00000E+00,0.00000E+00,18.1164E+00,0.0000E+00,0.0000E+00,4.0812E+00,0.0000E+00,0.0000E+00,11.740E+00,+99999.9E+99,+99999.9E+99,64.410E+00,+99999.9E+99,+99999.9E+99,1.08657E+03,0.00000E+03,0.00000E+03,0.00000E+03,0.00000E+03,0.00000E+03,1.18096E+03,0.00000E+03,0.00000E+03,0.00000E+03,0.00000E+03,0.00000E+03,0.46261E+03,0.00000E+03,0.00000E+03,0.00000E+03,0.00000E+03,0.00000E+03,0.92008E+00,0.00000E+00,0.00000E+00,0.91670E+00,0.06404E+00,0.80541E+00,0.000E+00,-13.413E+00,161.265E+00,156.448E+00,-99.742E+00,124.915E+00,23.062E+00,90.000E+00,90.000E+00,12.6264E+00,0.00000E+00,0.00000E+00,117.515E+00,100.000E+00,100.000E+00,-0.19032E+03,0.00000E+03,0.00000E+03,+99999.9E+99,+99999.9E+99,+99999.9E+99,+99999.9E+99,+99999.9E+99,+99999.9E+99,+99999.9E+99,+99999.9E+99,+99999.9E+99,+99999.9E+99,+99999.9E+99,+99999.9E+99,1B00,0,0,0,1B00,77.2194E+00,77.2332E+00,77.0019E+00,77.1515E+00,72.2034E+00,72.4071E+00,71.8531E+00,72.1545E+00,77.2194E+00,77.2332E+00,77.0019E+00,0.0000E+00,0.0000E+00,0.0000E+00,71.0369E+00,71.7394E+00,71.5276E+00,105.339E+00,105.593E+00,105.546E+00,-104.591E+00,-104.849E+00,-104.889E+00,30.251E+00,30.370E+00,30.308E+00,+99999.9E+99,+99999.9E+99,+99999.9E+99,0.576E+00,13.5315E+00,13.0916E+00,13.4861E+00,13.3697E+00,12.4095E+00,11.9761E+00,12.3491E+00,12.2449E+00,13.5304E+00,13.0915E+00,13.4846E+00,-0.1669E+00,0.0000E+00,0.1964E+00,12.4499E+00,11.2974E+00,11.4596E+00,27.6486E+00,27.1419E+00,28.7957E+00,-26.5771E+00,-26.7386E+00,-26.8152E+00,40.900E+00,44.256E+00,44.138E+00,+99999.9E+99,+99999.9E+99,+99999.9E+99,6.064E+00,0.42314E+03,0.41511E+03,0.43864E+03,1.27689E+03,0.44677E+03,0.39605E+03,0.42451E+03,1.26734E+03,0.60970E+03,0.58976E+03,0.60629E+03,1.80575E+03,0.50164E+03,0.45993E+03,0.46448E+03,1.42451E+03,-0.43896E+03,-0.41892E+03,-0.41855E+03,-1.27643E+03,-0.22812E+03,-0.23382E+03,-0.18851E+03,-0.65044E+03,-0.69402E+00,-0.70387E+00,-0.72348E+00,-0.70713E+00,-0.89062E+00,-0.86113E+00,-0.91394E+00,-0.88967E+00,0.000E+00,119.877E+00,-119.579E+00,57.371E+00,-179.666E+00,-65.858E+00,-46.051E+00,-45.262E+00,-43.658E+00,-44.998E+00,201.224E+00,201.614E+00,201.888E+00,89.408E+00,+99999.9E+99,+99999.9E+99,0.00014E+06,-0.00073E+06,0.00000E+00,14.390E+00,0.758E+03,0.00114E+06,43.523E+00,F0F08
2021/11/30,17:34:30,00000:00:54,900,38003F00,500,1F00,1F00,3F00,99.923E+00,0.000E+00,0.000E+00,110.985E+00,0.000E+00,0.000E+00,0.508E+00,0.000E+00,0.000E+00,99.922E+00,0.000E+00,0.000E+00,0.000E+00,0.000E+00,0.000E+00,100.911E+00,0.000E+00,0.000E+00,98.821E+00,0.000E+00,0.000E+00,20.330E+00,+99999.9E+99,412.021E+00,1.045E+00,+99999.9E+99,+99999.9E+99,11.8186E+00,0.00000E+00,0.00000E+00,12.1015E+00,0.00000E+00,0.00000E+00,4.5799E+00,0.00000E+00,0.00000E+00,10.8952E+00,0.00000E+00,0.00000E+00,4.6405E+00,0.00000E+00,0.00000E+00,18.1164E+00,0.0000E+00,0.0000E+00,4.0812E+00,0.0000E+00,0.0000E+00,11.740E+00,+99999.9E+99,+99999.9E+99,64.410E+00,+99999.9E+99,+99999.9E+99,1.08657E+03,0.00000E+03,0.00000E+03,0.00000E+03,0.00000E+03,0.00000E+03,1.18096E+03,0.00000E+03,0.00000E+03,0.00000E+03,0.00000E+03,0.00000E+03,0.46261E+03,0.00000E+03,0.00000E+03,0.00000E+03,0.00000E+03,0.00000E+03,0.92008E+00,0.00000E+00,0.00000E+00,0.91670E+00,0.06404E+00,0.80541E+00,0.000E+00,-13.413E+00,161.265E+00,156.448E+00,-99.742E+00,124.915E+00,23.062E+00,90.000E+00,90.000E+00,12.6264E+00,0.00000E+00,0.00000E+00,71.219E+00,100.000E+00,100.000E+00,0.31273E+03,0.00000E+03,0.00000E+03,+99999.9E+99,+99999.9E+99,+99999.9E+99,+99999.9E+99,+99999.9E+99,+99999.9E+99,+99999.9E+99,+99999.9E+99,+99999.9E+99,+99999.9E+99,+99999.9E+99,+99999.9E+99,1B00,0,0,0,1B00,76.2915E+00,76.6500E+00,76.5073E+00,76.4829E+00,72.2060E+00,72.8930E+00,72.6181E+00,72.5724E+00,76.2915E+00,76.6500E+00,76.5073E+00,0.0000E+00,0.0000E+00,0.0000E+00,71.3318E+00,71.2076E+00,71.0489E+00,105.790E+00,106.043E+00,105.757E+00,-104.277E+00,-105.571E+00,-104.717E+00,31.828E+00,31.100E+00,31.669E+00,+99999.9E+99,+99999.9E+99,+99999.9E+99,0.237E+00,8.2389E+00,8.1889E+00,8.1314E+00,8.1864E+00,7.3329E+00,7.2985E+00,7.2339E+00,7.2884E+00,8.2380E+00,8.1880E+00,8.1279E+00,-0.1181E+00,-0.1176E+00,0.2368E+00,11.6905E+00,11.7149E+00,12.3120E+00,22.1686E+00,20.9952E+00,20.3510E+00,-18.7705E+00,-19.1229E+00,-19.8600E+00,45.241E+00,44.060E+00,42.080E+00,+99999.9E+99,+99999.9E+99,+99999.9E+99,3.440E+00,0.25952E+03,0.25429E+03,0.26004E+03,0.77385E+03,0.40211E+03,0.42413E+03,0.42978E+03,1.25602E+03,0.36454E+03,0.36271E+03,0.36108E+03,1.08832E+03,0.46885E+03,0.47780E+03,0.49554E+03,1.44172E+03,-0.25599E+03,-0.25864E+03,-0.25051E+03,-0.76515E+03,-0.24110E+03,-0.22001E+03,-0.24668E+03,-0.70779E+03,-0.71193E+00,-0.70108E+00,-0.72017E+00,-0.71105E+00,-0.85764E+00,-0.88768E+00,-0.86729E+00,-0.87119E+00,0.000E+00,120.208E+00,-119.989E+00,60.885E+00,177.551E+00,-59.998E+00,-44.608E+00,-45.486E+00,-43.932E+00,-44.680E+00,202.433E+00,201.935E+00,202.045E+00,95.020E+00,+99999.9E+99,+99999.9E+99,0.00004E+06,-0.00048E+06,0.00000E+00,9.284E+00,0.756E+03,0.00074E+06,43.961E+00,F0F08
2021/11/30,17:34:30,00000:00:54,950,38003F00,700,1C00,1C00,3800,99.923E+00,0.000E+00,0.000E+00,110.985E+00,0.000E+00,0.000E+00,0.508E+00,0.000E+00,0.000E+00,99.922E+00,0.000E+00,0.000E+00,0.000E+00,0.000E+00,0.000E+00,100.911E+00,0.000E+00,0.000E+00,98.821E+00,0.000E+00,0.000E+00,68.454E+00,+99999.9E+99,+99999.9E+99,1.045E+00,+99999.9E+99,+99999.9E+99,11.8186E+00,0.00000E+00,0.00000E+00,12.1015E+00,0.00000E+00,0.00000E+00,4.5799E+00,0.00000E+00,0.00000E+00,10.8952E+00,0.00000E+00,0.00000E+00,4.0757E+00,0.00000E+00,0.00000E+00,18.1164E+00,0.0000E+00,0.0000E+00,4.0812E+00,0.0000E+00,0.0000E+00,49.356E+00,+99999.9E+99,+99999.9E+99,64.410E+00,+99999.9E+99,+99999.9E+99,1.08657E+03,0.00000E+03,0.00000E+03,0.00000E+03,0.00000E+03,0.00000E+03,1.18096E+03,0.00000E+03,0.00000E+03,0.00000E+03,0.00000E+03,0.00000E+03,0.46261E+03,0.00000E+03,0.00000E+03,0.00000E+03,0.00000E+03,0.00000E+03,0.92008E+00,0.00000E+00,0.00000E+00,0.89515E+00,0.99340E+00,0.16142E+00,0.000E+00,38.573E+00,153.316E+00,153.527E+00,45.162E+00,72.605E+00,23.062E+00,90.000E+00,90.000E+00,12.6264E+00,0.00000E+00,0.00000E+00,115.878E+00,100.000E+00,100.000E+00,-0.17253E+03,0.00000E+03,0.00000E+03,+99999.9E+99,+99999.9E+99,+99999.9E+99,+99999.9E+99,+99999.9E+99,+99999.9E+99,+99999.9E+99,+99999.9E+99,+99999.9E+99,+99999.9E+99,+99999.9E+99,+99999.9E+99,1B00,0,0,0,1B00,77.0825E+00,77.2048E+00,77.1183E+00,77.1352E+00,72.1592E+00,72.5563E+00,72.2693E+00,72.3283E+00,77.0825E+00,77.2048E+00,77.1183E+00,0.0000E+00,0.0000E+00,0.0000E+00,73.0380E+00,73.2846E+00,73.1554E+00,105.796E+00,106.136E+00,105.859E+00,-104.186E+00,-105.017E+00,-104.651E+00,14.096E+00,14.401E+00,14.458E+00,+99999.9E+99,+99999.9E+99,+99999.9E+99,0.196E+00,13.3919E+00,12.9569E+00,13.1461E+00,13.1650E+00,12.1945E+00,11.7551E+00,11.8102E+00,11.9199E+00,13.3907E+00,12.9529E+00,13.1367E+00,-0.1766E+00,-0.3204E+00,0.4981E+00,5.2191E+00,4.7326E+00,4.8729E+00,27.6076E+00,27.0529E+00,28.5433E+00,-26.4395E+00,-27.2495E+00,-26.5624E+00,54.701E+00,59.020E+00,57.067E+00,+99999.9E+99,+99999.9E+99,+99999.9E+99,4.567E+00,0.42739E+03,0.40772E+03,0.42399E+03,1.25910E+03,0.18815E+03,0.17251E+03,0.18431E+03,0.54497E+03,0.60303E+03,0.58234E+03,0.59100E+03,1.77636E+03,0.21289E+03,0.19760E+03,0.20270E+03,0.61285E+03,-0.42542E+03,-0.41579E+03,-0.41171E+03,-1.25292E+03,-0.09961E+03,-0.09637E+03,-0.08437E+03,-0.28035E+03,-0.70874E+00,-0.70015E+00,-0.71742E+00,-0.70881E+00,-0.88378E+00,-0.87302E+00,-0.90925E+00,-0.88923E+00,0.000E+00,120.007E+00,-119.830E+00,58.008E+00,179.136E+00,-65.283E+00,-44.868E+00,-45.561E+00,-44.158E+00,-44.862E+00,201.320E+00,202.117E+00,201.771E+00,90.730E+00,+99999.9E+99,+99999.9E+99,0.00012E+06,-0.00073E+06,0.00000E+00,14.401E+00,0.757E+03,0.00114E+06,43.560E+00,F0F08
2021/11/30,17:34:30,00000:00:55,0,38003F00,2800,3B00,3B00,3F00,99.870E+00,0.000E+00,0.000E+00,110.927E+00,0.000E+00,0.000E+00,0.511E+00,0.000E+00,0.000E+00,99.869E+00,0.000E+00,0.000E+00,0.000E+00,0.000E+00,0.000E+00,100.914E+00,0.000E+00,0.000E+00,98.804E+00,0.000E+00,0.000E+00,68.454E+00,+99999.9E+99,+99999.9E+99,1.057E+00,+99999.9E+99,+99999.9E+99,12.0634E+00,0.00000E+00,0.00000E+00,12.3483E+00,0.00000E+00,0.00000E+00,4.6827E+00,0.00000E+00,0.00000E+00,11.1174E+00,0.00000E+00,0.00000E+00,4.0757E+00,0.00000E+00,0.00000E+00,18.2905E+00,0.0000E+00,0.0000E+00,3.9714E+00,0.0000E+00,0.0000E+00,49.356E+00,+99999.9E+99,+99999.9E+99,64.399E+00,+99999.9E+99,+99999.9E+99,1.10814E+03,0.00000E+03,0.00000E+03,0.00000E+03,0.00000E+03,0.00000E+03,1.20477E+03,0.00000E+03,0.00000E+03,0.00000E+03,0.00000E+03,0.00000E+03,0.47276E+03,0.00000E+03,0.00000E+03,0.00000E+03,0.00000E+03,0.00000E+03,0.91979E+00,0.00000E+00,0.00000E+00,0.89515E+00,0.99340E+00,0.16142E+00,0.000E+00,38.573E+00,153.316E+00,153.527E+00,45.162E+00,72.605E+00,23.104E+00,90.000E+00,90.000E+00,0.00000E+00,0.00000E+00,0.00000E+00,97.751E+00,100.000E+00,100.000E+00,0.02492E+03,0.00000E+03,0.00000E+03,+99999.9E+99,+99999.9E+99,+99999.9E+99,+99999.9E+99,+99999.9E+99,+99999.9E+99,+99999.9E+99,+99999.9E+99,+99999.9E+99,+99999.9E+99,+99999.9E+99,+99999.9E+99,1B00,0,0,0,1B00,76.7584E+00,77.1098E+00,76.8472E+00,76.9051E+00,72.0387E+00,72.6789E+00,72.2030E+00,72.3069E+00,76.7584E+00,77.1098E+00,76.8472E+00,0.0000E+00,0.0000E+00,0.0000E+00,70.1703E+00,70.5101E+00,70.4485E+00,105.449E+00,106.020E+00,105.594E+00,-104.487E+00,-104.627E+00,-104.846E+00,37.537E+00,37.585E+00,37.454E+00,+99999.9E+99,+99999.9E+99,+99999.9E+99,0.302E+00,11.9002E+00,11.7382E+00,12.0218E+00,11.8867E+00,10.4127E+00,10.3344E+00,10.5340E+00,10.4270E+00,11.8995E+00,11.7382E+00,12.0218E+00,-0.1323E+00,0.0000E+00,0.0000E+00,15.0574E+00,14.5001E+00,14.5195E+00,27.6138E+00,27.0714E+00,28.5005E+00,-25.9971E+00,-26.9919E+00,-26.6748E+00,39.323E+00,40.659E+00,40.499E+00,+99999.9E+99,+99999.9E+99,+99999.9E+99,2.656E+00,0.35515E+03,0.35765E+03,0.37042E+03,1.08322E+03,0.53602E+03,0.50773E+03,0.52629E+03,1.57004E+03,0.53170E+03,0.52596E+03,0.53955E+03,1.59721E+03,0.60902E+03,0.58464E+03,0.59004E+03,1.78334E+03,-0.39569E+03,-0.38564E+03,-0.39230E+03,-1.17364E+03,-0.28912E+03,-0.28986E+03,-0.26677E+03,-0.84574E+03,-0.66795E+00,-0.67999E+00,-0.68654E+00,-0.67820E+00,-0.88013E+00,-0.86845E+00,-0.89196E+00,-0.88039E+00,0.000E+00,119.897E+00,-119.809E+00,58.504E+00,179.589E+00,-63.061E+00,-48.091E+00,-47.157E+00,-46.643E+00,-47.297E+00,202.312E+00,201.692E+00,201.950E+00,90.247E+00,+99999.9E+99,+99999.9E+99,0.00011E+06,-0.00062E+06,0.00000E+00,12.324E+00,0.757E+03,0.00098E+06,43.840E+00,F0F08
2021/11/30,17:34:30,00000:00:55,50,38003F00,2D00,3F00,3F00,3F00,99.870E+00,0.000E+00,0.000E+00,110.927E+00,0.000E+00,0.000E+00,0.511E+00,0.000E+00,0.000E+00,99.869E+00,0.000E+00,0.000E+00,0.000E+00,0.000E+00,0.000E+00,100.914E+00,0.000E+00,0.000E+00,98.804E+00,0.000E+00,0.000E+00,36.798E+00,+99999.9E+99,+99999.9E+99,1.057E+00,+99999.9E+99,+99999.9E+99,12.0634E+00,0.00000E+00,0.00000E+00,12.3483E+00,0.00000E+00,0.00000E+00,4.6827E+00,0.00000E+00,0.00000E+00,11.1174E+00,0.00000E+00,0.00000E+00,4.1524E+00,0.00000E+00,0.00000E+00,18.2905E+00,0.0000E+00,0.0000E+00,3.9714E+00,0.0000E+00,0.0000E+00,45.364E+00,+99999.9E+99,+99999.9E+99,64.399E+00,+99999.9E+99,+99999.9E+99,1.10814E+03,0.00000E+03,0.00000E+03,0.00000E+03,0.00000E+03,0.00000E+03,1.20477E+03,0.00000E+03,0.00000E+03,0.00000E+03,0.00000E+03,0.00000E+03,0.47276E+03,0.00000E+03,0.00000E+03,0.00000E+03,0.00000E+03,0.00000E+03,0.91979E+00,0.00000E+00,0.00000E+00,0.93000E+00,0.73434E+00,0.62300E+00,0.000E+00,-142.076E+00,163.146E+00,158.434E+00,-4.825E+00,-145.390E+00,23.104E+00,90.000E+00,90.000E+00,0.00000E+00,0.00000E+00,0.00000E+00,76.776E+00,100.000E+00,100.000E+00,0.25735E+03,0.00000E+03,0.00000E+03,+99999.9E+99,+99999.9E+99,+99999.9E+99,+99999.9E+99,+99999.9E+99,+99999.9E+99,+99999.9E+99,+99999.9E+99,+99999.9E+99,+99999.9E+99,+99999.9E+99,+99999.9E+99,1B00,0,0,0,1B00,76.5728E+00,76.6359E+00,76.5683E+00,76.5923E+00,72.4632E+00,72.8031E+00,72.5199E+00,72.5954E+00,76.5728E+00,76.6359E+00,76.5683E+00,0.0000E+00,0.0000E+00,0.0000E+00,72.5243E+00,72.3026E+00,72.2783E+00,105.737E+00,106.031E+00,105.711E+00,-104.439E+00,-105.146E+00,-104.514E+00,22.366E+00,21.444E+00,22.039E+00,+99999.9E+99,+99999.9E+99,+99999.9E+99,0.212E+00,9.5275E+00,9.0045E+00,9.1429E+00,9.2250E+00,8.2376E+00,7.8047E+00,7.8455E+00,7.9626E+00,9.5261E+00,9.0015E+00,9.1342E+00,-0.1646E+00,-0.2334E+00,0.3990E+00,7.6166E+00,8.0510E+00,8.2560E+00,26.1076E+00,24.1229E+00,24.9443E+00,-26.5186E+00,-25.2500E+00,-22.2400E+00,53.090E+00,48.748E+00,47.680E+00,+99999.9E+99,+99999.9E+99,+99999.9E+99,4.798E+00,0.29150E+03,0.27214E+03,0.28714E+03,0.85079E+03,0.26849E+03,0.29054E+03,0.29285E+03,0.85187E+03,0.42397E+03,0.39957E+03,0.40560E+03,1.22914E+03,0.31263E+03,0.32373E+03,0.33836E+03,0.97411E+03,-0.30786E+03,-0.29257E+03,-0.28646E+03,-0.88689E+03,-0.16018E+03,-0.14277E+03,-0.16949E+03,-0.47243E+03,-0.68756E+00,-0.68109E+00,-0.70794E+00,-0.69218E+00,-0.85878E+00,-0.89749E+00,-0.86550E+00,-0.87452E+00,0.000E+00,120.117E+00,-120.091E+00,60.719E+00,176.278E+00,-59.921E+00,-46.563E+00,-47.071E+00,-44.932E+00,-46.197E+00,201.854E+00,202.128E+00,202.244E+00,94.594E+00,+99999.9E+99,+99999.9E+99,0.00005E+06,-0.00053E+06,0.00000E+00,10.154E+00,0.757E+03,0.00080E+06,43.758E+00,F0F08
2021/11/30,17:34:30,00000:00:55,100,38003F00,2800,3B00,3B00,3F00,99.997E+00,0.000E+00,0.000E+00,111.067E+00,0.000E+00,0.000E+00,0.511E+00,0.000E+00,0.000E+00,99.995E+00,0.000E+00,0.000E+00,0.000E+00,0.000E+00,0.000E+00,100.946E+00,0.000E+00,0.000E+00,98.825E+00,0.000E+00,0.000E+00,36.798E+00,+99999.9E+99,+99999.9E+99,1.061E+00,+99999.9E+99,+99999.9E+99,10.8109E+00,0.00000E+00,0.00000E+00,11.0346E+00,0.00000E+00,0.00000E+00,4.2637E+00,0.00000E+00,0.00000E+00,9.9346E+00,0.00000E+00,0.00000E+00,4.1524E+00,0.00000E+00,0.00000E+00,18.2376E+00,0.0000E+00,0.0000E+00,3.9729E+00,0.0000E+00,0.0000E+00,45.364E+00,+99999.9E+99,+99999.9E+99,71.793E+00,+99999.9E+99,+99999.9E+99,0.99148E+03,0.00000E+03,0.00000E+03,0.00000E+03,0.00000E+03,0.00000E+03,1.08106E+03,0.00000E+03,0.00000E+03,0.00000E+03,0.00000E+03,0.00000E+03,0.43088E+03,0.00000E+03,0.00000E+03,0.00000E+03,0.00000E+03,0.00000E+03,0.91714E+00,0.00000E+00,0.00000E+00,0.93000E+00,0.73434E+00,0.62300E+00,0.000E+00,-142.076E+00,163.146E+00,158.434E+00,-4.825E+00,-145.390E+00,23.489E+00,90.000E+00,90.000E+00,14.5928E+00,0.00000E+00,0.00000E+00,136.233E+00,100.000E+00,100.000E+00,-0.35924E+03,0.00000E+03,0.00000E+03,+99999.9E+99,+99999.9E+99,+99999.9E+99,+99999.9E+99,+99999.9E+99,+99999.9E+99,+99999.9E+99,+99999.9E+99,+99999.9E+99,+99999.9E+99,+99999.9E+99,+99999.9E+99,1B00,0,0,0,1B00,77.0234E+00,77.4788E+00,77.3456E+00,77.2826E+00,71.7290E+00,72.5908E+00,72.3453E+00,72.2217E+00,77.0234E+00,77.4788E+00,77.3456E+00,0.0000E+00,0.0000E+00,0.0000E+00,72.3536E+00,72.8274E+00,72.6809E+00,105.730E+00,106.074E+00,105.590E+00,-104.576E+00,-105.076E+00,-104.964E+00,20.168E+00,20.259E+00,20.610E+00,+99999.9E+99,+99999.9E+99,+99999.9E+99,0.392E+00,13.9272E+00,13.5952E+00,13.7406E+00,13.7543E+00,13.0163E+00,12.8149E+00,12.7789E+00,12.8700E+00,13.9261E+00,13.5935E+00,13.7350E+00,-0.1713E+00,-0.2173E+00,0.3896E+00,8.0079E+00,7.3963E+00,7.2605E+00,27.6119E+00,27.0400E+00,28.7257E+00,-26.4671E+00,-26.7057E+00,-26.7286E+00,47.213E+00,49.761E+00,51.300E+00,+99999.9E+99,+99999.9E+99,+99999.9E+99,7.132E+00,0.45449E+03,0.44247E+03,0.45376E+03,1.35072E+03,0.29193E+03,0.25380E+03,0.27423E+03,0.81996E+03,0.62764E+03,0.61301E+03,0.62175E+03,1.86241E+03,0.32642E+03,0.29406E+03,0.29734E+03,0.91652E+03,-0.43287E+03,-0.42427E+03,-0.42506E+03,-1.28220E+03,-0.14603E+03,-0.14851E+03,-0.11493E+03,-0.40947E+03,-0.72412E+00,-0.72179E+00,-0.72981E+00,-0.72525E+00,-0.89434E+00,-0.86310E+00,-0.92228E+00,-0.89465E+00,0.000E+00,119.908E+00,-119.719E+00,56.794E+00,-179.821E+00,-67.135E+00,-43.605E+00,-43.797E+00,-43.129E+00,-43.510E+00,201.844E+00,201.464E+00,201.159E+00,90.250E+00,+99999.9E+99,+99999.9E+99,0.00013E+06,-0.00078E+06,0.00000E+00,15.364E+00,0.758E+03,0.00122E+06,43.694E+00,F0F08
2021/11/30,17:34:30,00000:00:55,150,38003800,0,1800,1800,3800,99.940E+00,0.000E+00,0.000E+00,111.004E+00,0.000E+00,0.000E+00,0.518E+00,0.000E+00,0.000E+00,99.938E+00,0.000E+00,0.000E+00,0.000E+00,0.000E+00,0.000E+00,100.957E+00,0.000E+00,0.000E+00,98.789E+00,0.000E+00,0.000E+00,22.374E+00,+99999.9E+99,374.561E+00,1.085E+00,+99999.9E+99,+99999.9E+99,11.6521E+00,0.00000E+00,0.00000E+00,11.8796E+00,0.00000E+00,0.00000E+00,4.6239E+00,0.00000E+00,0.00000E+00,10.6954E+00,0.00000E+00,0.00000E+00,4.4750E+00,0.00000E+00,0.00000E+00,18.2238E+00,0.0000E+00,0.0000E+00,4.1138E+00,0.0000E+00,0.0000E+00,9.494E+00,+99999.9E+99,+99999.9E+99,65.963E+00,+99999.9E+99,+99999.9E+99,1.06674E+03,0.00000E+03,0.00000E+03,0.00000E+03,0.00000E+03,0.00000E+03,1.16451E+03,0.00000E+03,0.00000E+03,0.00000E+03,0.00000E+03,0.00000E+03,0.46705E+03,0.00000E+03,0.00000E+03,0.00000E+03,0.00000E+03,0.00000E+03,0.91605E+00,0.00000E+00,0.00000E+00,0.90088E+00,0.74780E+00,0.55567E+00,0.000E+00,62.761E+00,137.973E+00,154.274E+00,104.361E+00,-165.783E+00,23.645E+00,90.000E+00,90.000E+00,12.6090E+00,0.00000E+00,0.00000E+00,92.270E+00,100.000E+00,100.000E+00,0.08246E+03,0.00000E+03,0.00000E+03,+99999.9E+99,+99999.9E+99,+99999.9E+99,+99999.9E+99,+99999.9E+99,+99999.9E+99,+99999.9E+99,+99999.9E+99,+99999.9E+99,+99999.9E+99,+99999.9E+99,+99999.9E+99,1B00,0,0,0,1B00,76.7418E+00,76.9010E+00,76.6800E+00,76.7743E+00,72.2151E+00,72.6029E+00,72.1400E+00,72.3193E+00,76.7418E+00,76.9010E+00,76.6800E+00,0.0000E+00,0.0000E+00,0.0000E+00,70.2885E+00,70.3434E+00,70.2184E+00,105.714E+00,106.033E+00,105.681E+00,-104.493E+00,-104.384E+00,-104.287E+00,38.243E+00,37.901E+00,38.049E+00,+99999.9E+99,+99999.9E+99,+99999.9E+99,0.101E+00,11.0875E+00,10.8659E+00,11.1557E+00,11.0364E+00,9.5445E+00,9.3484E+00,9.5740E+00,9.4890E+00,11.0867E+00,10.8659E+00,11.1546E+00,-0.1336E+00,0.0000E+00,0.1582E+00,14.6904E+00,14.5719E+00,14.9318E+00,27.6657E+00,27.0329E+00,28.5419E+00,-26.3748E+00,-27.2976E+00,-26.6519E+00,40.917E+00,40.962E+00,39.479E+00,+99999.9E+99,+99999.9E+99,+99999.9E+99,1.517E+00,0.32469E+03,0.32208E+03,0.33751E+03,0.98429E+03,0.51416E+03,0.51648E+03,0.52916E+03,1.55979E+03,0.49451E+03,0.48527E+03,0.49801E+03,1.47778E+03,0.59420E+03,0.58878E+03,0.60386E+03,1.78673E+03,-0.37298E+03,-0.36297E+03,-0.36619E+03,-1.10214E+03,-0.29785E+03,-0.28269E+03,-0.29092E+03,-0.87146E+03,-0.65659E+00,-0.66373E+00,-0.67773E+00,-0.66606E+00,-0.86529E+00,-0.87720E+00,-0.87630E+00,-0.87299E+00,0.000E+00,120.079E+00,-119.923E+00,60.108E+00,178.720E+00,-61.094E+00,-48.960E+00,-48.415E+00,-47.334E+00,-48.237E+00,201.956E+00,202.344E+00,202.613E+00,91.110E+00,+99999.9E+99,+99999.9E+99,0.00009E+06,-0.00057E+06,0.00000E+00,11.315E+00,0.757E+03,0.00090E+06,43.787E+00,F0F0F
2021/11/30,17:34:30,00000:00:55,200,38003F00,700,1F00,1F00,3F00,99.940E+00,0.000E+00,0.000E+00,111.004E+00,0.000E+00,0.000E+00,0.518E+00,0.000E+00,0.000E+00,99.938E+00,0.000E+00,0.000E+00,0.000E+00,0.000E+00,0.000E+00,100.957E+00,0.000E+00,0.000E+00,98.789E+00,0.000E+00,0.000E+00,22.374E+00,+99999.9E+99,374.561E+00,1.085E+00,+99999.9E+99,+99999.9E+99,11.6521E+00,0.00000E+00,0.00000E+00,11.8796E+00,0.00000E+00,0.00000E+00,4.6239E+00,0.00000E+00,0.00000E+00,10.6954E+00,0.00000E+00,0.00000E+00,4.4750E+00,0.00000E+00,0.00000E+00,18.2238E+00,0.0000E+00,0.0000E+00,4.1138E+00,0.0000E+00,0.0000E+00,9.494E+00,+99999.9E+99,+99999.9E+99,65.963E+00,+99999.9E+99,+99999.9E+99,1.06674E+03,0.00000E+03,0.00000E+03,0.00000E+03,0.00000E+03,0.00000E+03,1.16451E+03,0.00000E+03,0.00000E+03,0.00000E+03,0.00000E+03,0.00000E+03,0.46705E+03,0.00000E+03,0.00000E+03,0.00000E+03,0.00000E+03,0.00000E+03,0.91605E+00,0.00000E+00,0.00000E+00,0.90088E+00,0.74780E+00,0.55567E+00,0.000E+00,62.761E+00,137.973E+00,154.274E+00,104.361E+00,-165.783E+00,23.645E+00,90.000E+00,90.000E+00,12.6090E+00,0.00000E+00,0.00000E+00,78.044E+00,100.000E+00,100.000E+00,0.23421E+03,0.00000E+03,0.00000E+03,+99999.9E+99,+99999.9E+99,+99999.9E+99,+99999.9E+99,+99999.9E+99,+99999.9E+99,+99999.9E+99,+99999.9E+99,+99999.9E+99,+99999.9E+99,+99999.9E+99,+99999.9E+99,1B00,0,0,0,1B00,76.5144E+00,76.6490E+00,76.5627E+00,76.5754E+00,72.3070E+00,72.7252E+00,72.4351E+00,72.4891E+00,76.5144E+00,76.6490E+00,76.5627E+00,0.0000E+00,0.0000E+00,0.0000E+00,73.0514E+00,73.0504E+00,72.9475E+00,105.720E+00,106.120E+00,105.719E+00,-104.341E+00,-105.086E+00,-104.580E+00,15.020E+00,14.819E+00,14.978E+00,+99999.9E+99,+99999.9E+99,+99999.9E+99,0.099E+00,9.4693E+00,8.9838E+00,9.1010E+00,9.1847E+00,8.1183E+00,7.7081E+00,7.7262E+00,7.8509E+00,9.4681E+00,8.9798E+00,9.0913E+00,-0.1517E+00,-0.2671E+00,0.4199E+00,5.0627E+00,4.9401E+00,5.3197E+00,26.1114E+00,24.1986E+00,25.2929E+00,-26.4376E+00,-25.3819E+00,-22.4429E+00,59.796E+00,59.454E+00,55.216E+00,+99999.9E+99,+99999.9E+99,+99999.9E+99,3.453E+00,0.28508E+03,0.26698E+03,0.28048E+03,0.83254E+03,0.17836E+03,0.18303E+03,0.19094E+03,0.55234E+03,0.42067E+03,0.39829E+03,0.40373E+03,1.22270E+03,0.20877E+03,0.20696E+03,0.21840E+03,0.63393E+03,-0.30934E+03,-0.29557E+03,-0.29040E+03,-0.89531E+03,-0.10849E+03,-0.09659E+03,-0.10602E+03,-0.31110E+03,-0.67769E+00,-0.67030E+00,-0.69471E+00,-0.68090E+00,-0.85437E+00,-0.88441E+00,-0.87427E+00,-0.87130E+00,0.000E+00,120.091E+00,-119.960E+00,61.306E+00,177.868E+00,-60.870E+00,-47.337E+00,-47.910E+00,-45.996E+00,-47.086E+00,202.140E+00,201.454E+00,201.442E+00,94.735E+00,+99999.9E+99,+99999.9E+99,0.00004E+06,-0.00052E+06,0.00000E+00,9.958E+00,0.756E+03,0.00079E+06,43.874E+00,F0F0F
2021/11/30,17:34:30,00000:00:55,250,38003F00,500,1F00,1F00,3F00,99.940E+00,0.000E+00,0.000E+00,111.004E+00,0.000E+00,0.000E+00,0.518E+00,0.000E+00,0.000E+00,99.938E+00,0.000E+00,0.000E+00,0.000E+00,0.000E+00,0.000E+00,100.957E+00,0.000E+00,0.000E+00,98.789E+00,0.000E+00,0.000E+00,23.834E+00,+99999.9E+99,297.440E+00,1.085E+00,+99999.9E+99,+99999.9E+99,11.6521E+00,0.00000E+00,0.00000E+00,11.8796E+00,0.00000E+00,0.00000E+00,4.6239E+00,0.00000E+00,0.00000E+00,10.6954E+00,0.00000E+00,0.00000E+00,4.5975E+00,0.00000E+00,0.00000E+00,18.2238E+00,0.0000E+00,0.0000E+00,4.1138E+00,0.0000E+00,0.0000E+00,10.586E+00,+99999.9E+99,+99999.9E+99,65.963E+00,+99999.9E+99,+99999.9E+99,1.06674E+03,0.00000E+03,0.00000E+03,0.00000E+03,0.00000E+03,0.00000E+03,1.16451E+03,0.00000E+03,0.00000E+03,0.00000E+03,0.00000E+03,0.00000E+03,0.46705E+03,0.00000E+03,0.00000E+03,0.00000E+03,0.00000E+03,0.00000E+03,0.91605E+00,0.00000E+00,0.00000E+00,0.90518E+00,0.87506E+00,0.47078E+00,0.000E+00,-137.955E+00,145.287E+00,154.848E+00,-109.007E+00,-96.628E+00,23.645E+00,90.000E+00,90.000E+00,12.6090E+00,0.00000E+00,0.00000E+00,123.743E+00,100.000E+00,100.000E+00,-0.25327E+03,0.00000E+03,0.00000E+03,+99999.9E+99,+99999.9E+99,+99999.9E+99,+99999.9E+99,+99999.9E+99,+99999.9E+99,+99999.9E+99,+99999.9E+99,+99999.9E+99,+99999.9E+99,+99999.9E+99,+99999.9E+99,1B00,0,0,0,1B00,76.9722E+00,77.4648E+00,77.2970E+00,77.2447E+00,71.5823E+00,72.4822E+00,72.1878E+00,72.0841E+00,76.9722E+00,77.4647E+00,77.2970E+00,0.0000E+00,0.0000E+00,0.0000E+00,71.7471E+00,72.2893E+00,72.0943E+00,105.529E+00,106.130E+00,105.546E+00,-104.356E+00,-104.999E+00,-104.509E+00,25.211E+00,25.608E+00,25.480E+00,+99999.9E+99,+99999.9E+99,+99999.9E+99,0.435E+00,13.7254E+00,13.3981E+00,13.5498E+00,13.5578E+00,12.8368E+00,12.6411E+00,12.6086E+00,12.6955E+00,13.7245E+00,13.3966E+00,13.5451E+00,-0.1569E+00,-0.2001E+00,0.3581E+00,10.1600E+00,9.3478E+00,9.4600E+00,27.6738E+00,26.8971E+00,28.2176E+00,-26.4909E+00,-26.4510E+00,-26.3057E+00,43.976E+00,46.600E+00,47.197E+00,+99999.9E+99,+99999.9E+99,+99999.9E+99,6.532E+00,0.44371E+03,0.43270E+03,0.44361E+03,1.32002E+03,0.37144E+03,0.32692E+03,0.35008E+03,1.04844E+03,0.61736E+03,0.60354E+03,0.61256E+03,1.83346E+03,0.41471E+03,0.37771E+03,0.38043E+03,1.17143E+03,-0.42925E+03,-0.42075E+03,-0.42243E+03,-1.27243E+03,-0.18442E+03,-0.18918E+03,-0.14890E+03,-0.52250E+03,-0.71872E+00,-0.71694E+00,-0.72418E+00,-0.71996E+00,-0.89568E+00,-0.86553E+00,-0.92022E+00,-0.89501E+00,0.000E+00,119.923E+00,-119.672E+00,56.650E+00,179.896E+00,-66.791E+00,-44.051E+00,-44.198E+00,-43.599E+00,-43.949E+00,201.091E+00,201.956E+00,201.770E+00,90.519E+00,+99999.9E+99,+99999.9E+99,0.00013E+06,-0.00076E+06,0.00000E+00,15.075E+00,0.757E+03,0.00119E+06,43.540E+00,F0F08
2021/11/30,17:34:30,00000:00:55,300,38003F00,500,1F00,1F00,3F00,99.940E+00,0.000E+00,0.000E+00,111.004E+00,0.000E+00,0.000E+00,0.518E+00,0.000E+00,0.000E+00,99.938E+00,0.000E+00,0.000E+00,0.000E+00,0.000E+00,0.000E+00,100.957E+00,0.000E+00,0.000E+00,98.789E+00,0.000E+00,0.000E+00,23.834E+00,+99999.9E+99,297.440E+00,1.085E+00,+99999.9E+99,+99999.9E+99,11.6521E+00,0.00000E+00,0.00000E+00,11.8796E+00,0.00000E+00,0.00000E+00,4.6239E+00,0.00000E+00,0.00000E+00,10.6954E+00,0.00000E+00,0.00000E+00,4.5975E+00,0.00000E+00,0.00000E+00,18.2238E+00,0.0000E+00,0.0000E+00,4.1138E+00,0.0000E+00,0.0000E+00,10.586E+00,+99999.9E+99,+99999.9E+99,65.963E+00,+99999.9E+99,+99999.9E+99,1.06674E+03,0.00000E+03,0.00000E+03,0.00000E+03,0.00000E+03,0.00000E+03,1.16451E+03,0.00000E+03,0.00000E+03,0.00000E+03,0.00000E+03,0.00000E+03,0.46705E+03,0.00000E+03,0.00000E+03,0.00000E+03,0.00000E+03,0.00000E+03,0.91605E+00,0.00000E+00,0.00000E+00,0.90518E+00,0.87506E+00,0.47078E+00,0.000E+00,-137.955E+00,145.287E+00,154.848E+00,-109.007E+00,-96.628E+00,23.645E+00,90.000E+00,90.000E+00,12.6090E+00,0.00000E+00,0.00000E+00,81.599E+00,100.000E+00,100.000E+00,0.19629E+03,0.00000E+03,0.00000E+03,+99999.9E+99,+99999.9E+99,+99999.9E+99,+99999.9E+99,+99999.9E+99,+99999.9E+99,+99999.9E+99,+99999.9E+99,+99999.9E+99,+99999.9E+99,+99999.9E+99,+99999.9E+99,1B00,0,0,0,1B00,76.6929E+00,76.6474E+00,76.3719E+00,76.5708E+00,72.5290E+00,72.6297E+00,71.9998E+00,72.3862E+00,76.6929E+00,76.6474E+00,76.3719E+00,0.0000E+00,0.0000E+00,0.0000E+00,70.6821E+00,70.5992E+00,70.4356E+00,105.789E+00,106.040E+00,105.884E+00,-104.564E+00,-104.707E+00,-104.194E+00,34.971E+00,34.429E+00,34.892E+00,+99999.9E+99,+99999.9E+99,+99999.9E+99,0.204E+00,9.7680E+00,9.3609E+00,9.9515E+00,9.6935E+00,8.4085E+00,8.0621E+00,8.4537E+00,8.3081E+00,9.7680E+00,9.3609E+00,9.9515E+00,0.0000E+00,0.0000E+00,0.0000E+00,12.9654E+00,12.9738E+00,13.5518E+00,26.4281E+00,24.9957E+00,27.2409E+00,-25.4805E+00,-23.5590E+00,-26.6295E+00,43.797E+00,43.120E+00,41.059E+00,+99999.9E+99,+99999.9E+99,+99999.9E+99,2.626E+00,0.28504E+03,0.28277E+03,0.30264E+03,0.87045E+03,0.44460E+03,0.45886E+03,0.46897E+03,1.37242E+03,0.43432E+03,0.41645E+03,0.44134E+03,1.29211E+03,0.52395E+03,0.52539E+03,0.54416E+03,1.59318E+03,-0.32769E+03,-0.30574E+03,-0.32124E+03,-0.95467E+03,-0.27723E+03,-0.25589E+03,-0.27601E+03,-0.80913E+03,-0.65630E+00,-0.67900E+00,-0.68571E+00,-0.67366E+00,-0.84855E+00,-0.87337E+00,-0.86182E+00,-0.86143E+00,0.000E+00,120.184E+00,-119.975E+00,61.901E+00,179.261E+00,-59.381E+00,-48.982E+00,-47.235E+00,-46.708E+00,-47.650E+00,202.246E+00,201.594E+00,201.951E+00,91.424E+00,+99999.9E+99,+99999.9E+99,0.00007E+06,-0.00051E+06,0.00000E+00,10.051E+00,0.756E+03,0.00080E+06,43.926E+00,F0F08
2021/11/30,17:34:30,00000:00:55,350,38003F00,700,1C00,1C00,3800,99.940E+00,0.000E+00,0.000E+00,111.004E+00,0.000E+00,0.000E+00,0.518E+00,0.000E+00,0.000E+00,99.938E+00,0.000E+00,0.000E+00,0.000E+00,0.000E+00,0.000E+00,100.957E+00,0.000E+00,0.000E+00,98.789E+00,0.000E+00,0.000E+00,64.402E+00,+99999.9E+99,385.401E+00,1.085E+00,+99999.9E+99,+99999.9E+99,11.6521E+00,0.00000E+00,0.00000E+00,11.8796E+00,0.00000E+00,0.00000E+00,4.6239E+00,0.00000E+00,0.00000E+00,10.6954E+00,0.00000E+00,0.00000E+00,4.1581E+00,0.00000E+00,0.00000E+00,18.2238E+00,0.0000E+00,0.0000E+00,4.1138E+00,0.0000E+00,0.0000E+00,45.764E+00,+99999.9E+99,+99999.9E+99,65.963E+00,+99999.9E+99,+99999.9E+99,1.06674E+03,0.00000E+03,0.00000E+03,0.00000E+03,0.00000E+03,0.00000E+03,1.16451E+03,0.00000E+03,0.00000E+03,0.00000E+03,0.00000E+03,0.00000E+03,0.46705E+03,0.00000E+03,0.00000E+03,0.00000E+03,0.00000E+03,0.00000E+03,0.91605E+00,0.00000E+00,0.00000E+00,0.88595E+00,0.69967E+00,0.86181E+00,0.000E+00,138.998E+00,176.116E+00,152.369E+00,-86.602E+00,-34.364E+00,23.645E+00,90.000E+00,90.000E+00,12.6090E+00,0.00000E+00,0.00000E+00,99.474E+00,100.000E+00,100.000E+00,0.00561E+03,0.00000E+03,0.00000E+03,+99999.9E+99,+99999.9E+99,+99999.9E+99,+99999.9E+99,+99999.9E+99,+99999.9E+99,+99999.9E+99,+99999.9E+99,+99999.9E+99,+99999.9E+99,+99999.9E+99,+99999.9E+99,1B00,0,0,0,1B00,76.5311E+00,77.0080E+00,77.0339E+00,76.8577E+00,71.8595E+00,72.7915E+00,72.8149E+00,72.4886E+00,76.5311E+00,77.0080E+00,77.0339E+00,0.0000E+00,0.0000E+00,0.0000E+00,73.0712E+00,73.1751E+00,73.0752E+00,105.863E+00,106.111E+00,105.710E+00,-105.086E+00,-104.736E+00,-104.663E+00,13.798E+00,13.657E+00,13.954E+00,+99999.9E+99,+99999.9E+99,+99999.9E+99,0.095E+00,11.7887E+00,11.5285E+00,11.3346E+00,11.5506E+00,10.1730E+00,10.0129E+00,9.7212E+00,9.9690E+00,11.7877E+00,11.5215E+00,11.3209E+00,-0.1541E+00,-0.4032E+00,0.5584E+00,4.7169E+00,4.4753E+00,4.6835E+00,27.8271E+00,27.1790E+00,28.5667E+00,-26.7152E+00,-27.1648E+00,-26.1357E+00,59.538E+00,61.283E+00,57.683E+00,+99999.9E+99,+99999.9E+99,+99999.9E+99,2.456E+00,0.36537E+03,0.34516E+03,0.35060E+03,1.06114E+03,0.16717E+03,0.16412E+03,0.17236E+03,0.50365E+03,0.52656E+03,0.51408E+03,0.50797E+03,1.54861E+03,0.19338E+03,0.18714E+03,0.19476E+03,0.57519E+03,-0.37916E+03,-0.38097E+03,-0.36758E+03,-1.12771E+03,-0.09720E+03,-0.08994E+03,-0.09069E+03,-0.27782E+03,-0.69389E+00,-0.67142E+00,-0.69020E+00,-0.68522E+00,-0.86450E+00,-0.87696E+00,-0.88498E+00,-0.87562E+00,0.000E+00,120.043E+00,-119.912E+00,60.218E+00,178.721E+00,-62.161E+00,-46.061E+00,-47.824E+00,-46.354E+00,-46.747E+00,201.155E+00,201.968E+00,201.275E+00,92.754E+00,+99999.9E+99,+99999.9E+99,0.00008E+06,-0.00064E+06,0.00000E+00,12.427E+00,0.756E+03,0.00098E+06,43.602E+00,F0F08
2021/11/30,17:34:30,00000:00:55,400,38003F00,2800,3B00,3B00,3F00,99.997E+00,0.000E+00,0.000E+00,111.067E+00,0.000E+00,0.000E+00,0.509E+00,0.000E+00,0.000E+00,99.995E+00,0.000E+00,0.000E+00,0.000E+00,0.000E+00,0.000E+00,101.004E+00,0.000E+00,0.000E+00,98.814E+00,0.000E+00,0.000E+00,64.402E+00,+99999.9E+99,385.401E+00,1.095E+00,+99999.9E+99,+99999.9E+99,11.4465E+00,0.00000E+00,0.00000E+00,11.5899E+00,0.00000E+00,0.00000E+00,4.7054E+00,0.00000E+00,0.00000E+00,10.4346E+00,0.00000E+00,0.00000E+00,4.1581E+00,0.00000E+00,0.00000E+00,18.2736E+00,0.0000E+00,0.0000E+00,3.3738E+00,0.0000E+00,0.0000E+00,45.764E+00,+99999.9E+99,+99999.9E+99,71.396E+00,+99999.9E+99,+99999.9E+99,1.04126E+03,0.00000E+03,0.00000E+03,0.00000E+03,0.00000E+03,0.00000E+03,1.14461E+03,0.00000E+03,0.00000E+03,0.00000E+03,0.00000E+03,0.00000E+03,0.47530E+03,0.00000E+03,0.00000E+03,0.00000E+03,0.00000E+03,0.00000E+03,0.90971E+00,0.00000E+00,0.00000E+00,0.88595E+00,0.69967E+00,0.86181E+00,0.000E+00,138.998E+00,176.116E+00,152.369E+00,-86.602E+00,-34.364E+00,24.535E+00,90.000E+00,90.000E+00,0.00000E+00,0.00000E+00,0.00000E+00,122.697E+00,100.000E+00,100.000E+00,-0.23634E+03,0.00000E+03,0.00000E+03,+99999.9E+99,+99999.9E+99,+99999.9E+99,+99999.9E+99,+99999.9E+99,+99999.9E+99,+99999.9E+99,+99999.9E+99,+99999.9E+99,+99999.9E+99,+99999.9E+99,+99999.9E+99,1B00,0,0,0,1B00,77.2112E+00,77.2012E+00,76.9902E+00,77.1342E+00,72.1712E+00,72.3392E+00,71.8202E+00,72.1102E+00,77.2112E+00,77.2012E+00,76.9902E+00,0.0000E+00,0.0000E+00,0.0000E+00,70.4244E+00,71.0381E+00,70.9228E+00,105.279E+00,105.719E+00,105.634E+00,-104.340E+00,-105.011E+00,-104.296E+00,34.832E+00,34.759E+00,34.689E+00,+99999.9E+99,+99999.9E+99,+99999.9E+99,0.533E+00,13.5619E+00,13.1202E+00,13.5033E+00,13.3951E+00,12.4205E+00,11.9917E+00,12.3488E+00,12.2537E+00,13.5609E+00,13.1202E+00,13.5020E+00,-0.1623E+00,0.0000E+00,0.1854E+00,14.2058E+00,13.2534E+00,13.2478E+00,27.8014E+00,27.1814E+00,28.5757E+00,-26.6405E+00,-27.2029E+00,-26.6062E+00,39.404E+00,41.769E+00,41.916E+00,+99999.9E+99,+99999.9E+99,+99999.9E+99,4.493E+00,0.42379E+03,0.41535E+03,0.43845E+03,1.27759E+03,0.50784E+03,0.46358E+03,0.48968E+03,1.46110E+03,0.61092E+03,0.59082E+03,0.60673E+03,1.80847E+03,0.57205E+03,0.53566E+03,0.54106E+03,1.64779E+03,-0.44003E+03,-0.42018E+03,-0.41938E+03,-1.27959E+03,-0.26332E+03,-0.26839E+03,-0.23014E+03,-0.76185E+03,-0.69369E+00,-0.70301E+00,-0.72265E+00,-0.70645E+00,-0.88776E+00,-0.86543E+00,-0.90503E+00,-0.88670E+00,0.000E+00,119.826E+00,-119.656E+00,57.695E+00,179.836E+00,-64.714E+00,-46.077E+00,-45.331E+00,-43.726E+00,-45.053E+00,202.085E+00,201.426E+00,201.857E+00,89.765E+00,+99999.9E+99,+99999.9E+99,0.00013E+06,-0.00073E+06,0.00000E+00,14.465E+00,0.757E+03,0.00115E+06,43.802E+00,F0F08
2021/11/30,17:34:30,00000:00:55,450,38003F00,2D00,3F00,3F00,3F00,99.997E+00,0.000E+00,0.000E+00,111.067E+00,0.000E+00,0.000E+00,0.509E+00,0.000E+00,0.000E+00,99.995E+00,0.000E+00,0.000E+00,0.000E+00,0.000E+00,0.000E+00,101.004E+00,0.000E+00,0.000E+00,98.814E+00,0.000E+00,0.000E+00,32.291E+00,+99999.9E+99,352.870E+00,1.095E+00,+99999.9E+99,+99999.9E+99,11.4465E+00,0.00000E+00,0.00000E+00,11.5899E+00,0.00000E+00,0.00000E+00,4.7054E+00,0.00000E+00,0.00000E+00,10.4346E+00,0.00000E+00,0.00000E+00,4.4228E+00,0.00000E+00,0.00000E+00,18.2736E+00,0.0000E+00,0.0000E+00,3.3738E+00,0.0000E+00,0.0000E+00,36.169E+00,+99999.9E+99,+99999.9E+99,71.396E+00,+99999.9E+99,+99999.9E+99,1.04126E+03,0.00000E+03,0.00000E+03,0.00000E+03,0.00000E+03,0.00000E+03,1.14461E+03,0.00000E+03,0.00000E+03,0.00000E+03,0.00000E+03,0.00000E+03,0.47530E+03,0.00000E+03,0.00000E+03,0.00000E+03,0.00000E+03,0.00000E+03,0.90971E+00,0.00000E+00,0.00000E+00,0.93461E+00,0.85819E+00,0.25952E+00,0.000E+00,18.253E+00,-178.471E+00,159.165E+00,167.367E+00,106.571E+00,24.535E+00,90.000E+00,90.000E+00,0.00000E+00,0.00000E+00,0.00000E+00,75.240E+00,100.000E+00,100.000E+00,0.25782E+03,0.00000E+03,0.00000E+03,+99999.9E+99,+99999.9E+99,+99999.9E+99,+99999.9E+99,+99999.9E+99,+99999.9E+99,+99999.9E+99,+99999.9E+99,+99999.9E+99,+99999.9E+99,+99999.9E+99,+99999.9E+99,1B00,0,0,0,1B00,76.2602E+00,76.6059E+00,76.4924E+00,76.4528E+00,72.1805E+00,72.8548E+00,72.6184E+00,72.5512E+00,76.2602E+00,76.6058E+00,76.4924E+00,0.0000E+00,0.0000E+00,0.0000E+00,71.8969E+00,71.7249E+00,71.6644E+00,105.737E+00,106.071E+00,105.751E+00,-105.061E+00,-104.807E+00,-104.494E+00,26.666E+00,25.675E+00,26.339E+00,+99999.9E+99,+99999.9E+99,+99999.9E+99,0.194E+00,8.2986E+00,8.2479E+00,8.1912E+00,8.2459E+00,7.3958E+00,7.3516E+00,7.2941E+00,7.3472E+00,8.2980E+00,8.2467E+00,8.1876E+00,-0.1024E+00,-0.1367E+00,0.2401E+00,9.4662E+00,9.6210E+00,9.9709E+00,22.0681E+00,20.9371E+00,20.6867E+00,-18.7390E+00,-19.2924E+00,-19.6610E+00,49.517E+00,47.162E+00,45.466E+00,+99999.9E+99,+99999.9E+99,+99999.9E+99,4.403E+00,0.26281E+03,0.25735E+03,0.26328E+03,0.78344E+03,0.32021E+03,0.34430E+03,0.34760E+03,1.01211E+03,0.36710E+03,0.36506E+03,0.36351E+03,1.09566E+03,0.37723E+03,0.38843E+03,0.40555E+03,1.17059E+03,-0.25631E+03,-0.25892E+03,-0.25064E+03,-0.76587E+03,-0.19941E+03,-0.17982E+03,-0.20891E+03,-0.58814E+03,-0.71591E+00,-0.70495E+00,-0.72428E+00,-0.71503E+00,-0.84886E+00,-0.88639E+00,-0.85711E+00,-0.86462E+00,0.000E+00,120.136E+00,-120.050E+00,61.833E+00,177.684E+00,-58.935E+00,-44.283E+00,-45.175E+00,-43.591E+00,-44.354E+00,201.602E+00,201.885E+00,201.878E+00,94.766E+00,+99999.9E+99,+99999.9E+99,0.00004E+06,-0.00049E+06,0.00000E+00,9.381E+00,0.756E+03,0.00074E+06,43.767E+00,F0F08
2021/11/30,17:34:30,00000:00:55,500,38003F00,2800,3B00,3B00,3F00,99.800E+00,0.000E+00,0.000E+00,110.849E+00,0.000E+00,0.000E+00,0.508E+00,0.000E+00,0.000E+00,99.799E+00,0.000E+00,0.000E+00,0.000E+00,0.000E+00,0.000E+00,100.939E+00,0.000E+00,0.000E+00,98.821E+00,0.000E+00,0.000E+00,32.291E+00,+99999.9E+99,352.870E+00,1.061E+00,+99999.9E+99,+99999.9E+99,12.3707E+00,0.00000E+00,0.00000E+00,12.8106E+00,0.00000E+00,0.00000E+00,4.4735E+00,0.00000E+00,0.00000E+00,11.5336E+00,0.00000E+00,0.00000E+00,4.4228E+00,0.00000E+00,0.00000E+00,18.3133E+00,0.0000E+00,0.0000E+00,4.2212E+00,0.0000E+00,0.0000E+00,36.169E+00,+99999.9E+99,+99999.9E+99,61.092E+00,+99999.9E+99,+99999.9E+99,1.14900E+03,0.00000E+03,0.00000E+03,0.00000E+03,0.00000E+03,0.00000E+03,1.23460E+03,0.00000E+03,0.00000E+03,0.00000E+03,0.00000E+03,0.00000E+03,-0.45170E+03,0.00000E+03,0.00000E+03,0.00000E+03,0.00000E+03,0.00000E+03,-0.93067E+00,0.00000E+00,0.00000E+00,0.93461E+00,0.85819E+00,0.25952E+00,0.000E+00,18.253E+00,-178.471E+00,159.165E+00,167.367E+00,106.571E+00,-21.461E+00,90.000E+00,90.000E+00,9.32664E+00,0.00000E+00,0.00000E+00,110.557E+00,100.000E+00,100.000E+00,-0.12130E+03,0.00000E+03,0.00000E+03,+99999.9E+99,+99999.9E+99,+99999.9E+99,+99999.9E+99,+99999.9E+99,+99999.9E+99,+99999.9E+99,+99999.9E+99,+99999.9E+99,+99999.9E+99,+99999.9E+99,+99999.9E+99,1B00,0,0,0,1B00,77.0643E+00,77.1798E+00,77.0837E+00,77.1093E+00,72.1517E+00,72.5606E+00,72.2453E+00,72.3192E+00,77.0643E+00,77.1798E+00,77.0836E+00,0.0000E+00,0.0000E+00,0.0000E+00,72.6716E+00,73.0914E+00,72.9502E+00,105.824E+00,106.030E+00,105.666E+00,-104.754E+00,-105.194E+00,-104.331E+00,16.413E+00,16.583E+00,16.983E+00,+99999.9E+99,+99999.9E+99,+99999.9E+99,0.347E+00,13.4731E+00,13.0088E+00,13.2104E+00,13.2308E+00,12.2741E+00,11.8032E+00,11.8776E+00,11.9850E+00,13.4718E+00,13.0052E+00,13.2013E+00,-0.1868E+00,-0.3037E+00,0.4916E+00,6.5176E+00,5.8201E+00,5.7236E+00,27.6786E+00,27.3343E+00,28.5600E+00,-26.7138E+00,-27.0248E+00,-26.8338E+00,49.231E+00,53.870E+00,54.599E+00,+99999.9E+99,+99999.9E+99,+99999.9E+99,7.170E+00,0.43150E+03,0.41060E+03,0.42820E+03,1.27030E+03,0.23460E+03,0.20398E+03,0.22080E+03,0.65938E+03,0.60664E+03,0.58440E+03,0.59341E+03,1.78445E+03,0.26186E+03,0.23539E+03,0.23870E+03,0.73490E+03,-0.42641E+03,-0.41585E+03,-0.41082E+03,-1.25308E+03,-0.11631E+03,-0.11747E+03,-0.09071E+03,-0.32450E+03,-0.71130E+00,-0.70259E+00,-0.72160E+00,-0.71187E+00,-0.89593E+00,-0.86657E+00,-0.92498E+00,-0.89724E+00,0.000E+00,119.936E+00,-119.740E+00,56.566E+00,179.808E+00,-67.534E+00,-44.660E+00,-45.364E+00,-43.813E+00,-44.613E+00,201.626E+00,201.287E+00,201.595E+00,90.955E+00,+99999.9E+99,+99999.9E+99,0.00011E+06,-0.00074E+06,0.00000E+00,14.583E+00,0.757E+03,0.00116E+06,43.712E+00,F0F08
2021/11/30,17:34:30,00000:00:55,550,38003800,0,1800,1800,3800,99.918E+00,0.000E+00,0.000E+00,110.979E+00,0.000E+00,0.000E+00,0.507E+00,0.000E+00,0.000E+00,99.917E+00,0.000E+00,0.000E+00,0.000E+00,0.000E+00,0.000E+00,100.900E+00,0.000E+00,0.000E+00,98.811E+00,0.000E+00,0.000E+00,110.814E+00,+99999.9E+99,+99999.9E+99,1.046E+00,+99999.9E+99,+99999.9E+99,11.8645E+00,0.00000E+00,0.00000E+00,12.1674E+00,0.00000E+00,0.00000E+00,4.5568E+00,0.00000E+00,0.00000E+00,10.9545E+00,0.00000E+00,0.00000E+00,2.9660E+00,0.00000E+00,0.00000E+00,18.0907E+00,0.0000E+00,0.0000E+00,4.0236E+00,0.0000E+00,0.0000E+00,110.133E+00,+99999.9E+99,+99999.9E+99,64.207E+00,+99999.9E+99,+99999.9E+99,1.09248E+03,0.00000E+03,0.00000E+03,0.00000E+03,0.00000E+03,0.00000E+03,1.18547E+03,0.00000E+03,0.00000E+03,0.00000E+03,0.00000E+03,0.00000E+03,0.46026E+03,0.00000E+03,0.00000E+03,0.00000E+03,0.00000E+03,0.00000E+03,0.92155E+00,0.00000E+00,0.00000E+00,0.82510E+00,0.83155E+00,0.62819E+00,0.000E+00,-41.827E+00,157.137E+00,145.599E+00,171.914E+00,-151.779E+00,22.846E+00,90.000E+00,90.000E+00,12.6597E+00,0.00000E+00,0.00000E+00,100.267E+00,100.000E+00,100.000E+00,-0.00292E+03,0.00000E+03,0.00000E+03,+99999.9E+99,+99999.9E+99,+99999.9E+99,+99999.9E+99,+99999.9E+99,+99999.9E+99,+99999.9E+99,+99999.9E+99,+99999.9E+99,+99999.9E+99,+99999.9E+99,+99999.9E+99,1B00,0,0,0,1B00,76.7339E+00,77.0773E+00,76.8273E+00,76.8795E+00,72.0154E+00,72.6449E+00,72.1878E+00,72.2827E+00,76.7339E+00,77.0773E+00,76.8273E+00,0.0000E+00,0.0000E+00,0.0000E+00,69.9943E+00,70.2121E+00,70.1295E+00,105.399E+00,106.069E+00,105.374E+00,-104.486E+00,-104.806E+00,-104.494E+00,39.047E+00,38.905E+00,38.847E+00,+99999.9E+99,+99999.9E+99,+99999.9E+99,0.188E+00,11.9618E+00,11.8098E+00,12.0821E+00,11.9512E+00,10.4814E+00,10.4198E+00,10.5982E+00,10.4998E+00,11.9613E+00,11.8098E+00,12.0821E+00,-0.1075E+00,0.0000E+00,0.0000E+00,15.4311E+00,15.0230E+00,15.2149E+00,27.6538E+00,27.1667E+00,28.5143E+00,-26.2067E+00,-26.9086E+00,-26.7571E+00,39.338E+00,40.347E+00,39.415E+00,+99999.9E+99,+99999.9E+99,+99999.9E+99,1.639E+00,0.35958E+03,0.36202E+03,0.37380E+03,1.09540E+03,0.54504E+03,0.52912E+03,0.54551E+03,1.61967E+03,0.53430E+03,0.52885E+03,0.54193E+03,1.60508E+03,0.62256E+03,0.60579E+03,0.61533E+03,1.84353E+03,-0.39519E+03,-0.38552E+03,-0.39238E+03,-1.17309E+03,-0.30085E+03,-0.29497E+03,-0.28469E+03,-0.88051E+03,-0.67299E+00,-0.68454E+00,-0.68976E+00,-0.68246E+00,-0.87548E+00,-0.87344E+00,-0.88653E+00,-0.87856E+00,0.000E+00,119.969E+00,-119.858E+00,59.002E+00,179.071E+00,-62.366E+00,-47.701E+00,-46.801E+00,-46.389E+00,-46.964E+00,201.891E+00,202.292E+00,201.745E+00,90.234E+00,+99999.9E+99,+99999.9E+99,0.00011E+06,-0.00063E+06,0.00000E+00,12.470E+00,0.757E+03,0.00099E+06,43.764E+00,F0F0F
2021/11/30,17:34:30,00000:00:55,600,38003F00,700,1F00,1F00,3F00,99.918E+00,0.000E+00,0.000E+00,110.979E+00,0.000E+00,0.000E+00,0.507E+00,0.000E+00,0.000E+00,99.917E+00,0.000E+00,0.000E+00,0.000E+00,0.000E+00,0.000E+00,100.900E+00,0.000E+00,0.000E+00,98.811E+00,0.000E+00,0.000E+00,110.814E+00,+99999.9E+99,+99999.9E+99,1.046E+00,+99999.9E+99,+99999.9E+99,11.8645E+00,0.00000E+00,0.00000E+00,12.1674E+00,0.00000E+00,0.00000E+00,4.5568E+00,0.00000E+00,0.00000E+00,10.9545E+00,0.00000E+00,0.00000E+00,2.9660E+00,0.00000E+00,0.00000E+00,18.0907E+00,0.0000E+00,0.0000E+00,4.0236E+00,0.0000E+00,0.0000E+00,110.133E+00,+99999.9E+99,+99999.9E+99,64.207E+00,+99999.9E+99,+99999.9E+99,1.09248E+03,0.00000E+03,0.00000E+03,0.00000E+03,0.00000E+03,0.00000E+03,1.18547E+03,0.00000E+03,0.00000E+03,0.00000E+03,0.00000E+03,0.00000E+03,0.46026E+03,0.00000E+03,0.00000E+03,0.00000E+03,0.00000E+03,0.00000E+03,0.92155E+00,0.00000E+00,0.00000E+00,0.82510E+00,0.83155E+00,0.62819E+00,0.000E+00,-41.827E+00,157.137E+00,145.599E+00,171.914E+00,-151.779E+00,22.846E+00,90.000E+00,90.000E+00,12.6597E+00,0.00000E+00,0.00000E+00,78.677E+00,100.000E+00,100.000E+00,0.23295E+03,0.00000E+03,0.00000E+03,+99999.9E+99,+99999.9E+99,+99999.9E+99,+99999.9E+99,+99999.9E+99,+99999.9E+99,+99999.9E+99,+99999.9E+99,+99999.9E+99,+99999.9E+99,+99999.9E+99,+99999.9E+99,1B00,0,0,0,1B00,76.5399E+00,76.6098E+00,76.5494E+00,76.5663E+00,72.4310E+00,72.7746E+00,72.5027E+00,72.5694E+00,76.5398E+00,76.6098E+00,76.5494E+00,0.0000E+00,0.0000E+00,0.0000E+00,72.8466E+00,72.6721E+00,72.6175E+00,105.759E+00,106.036E+00,105.797E+00,-104.501E+00,-105.099E+00,-105.061E+00,18.476E+00,18.111E+00,18.112E+00,+99999.9E+99,+99999.9E+99,+99999.9E+99,0.190E+00,9.5899E+00,9.0667E+00,9.2103E+00,9.2889E+00,8.2934E+00,7.8587E+00,7.9080E+00,8.0200E+00,9.5886E+00,9.0635E+00,9.2018E+00,-0.1554E+00,-0.2400E+00,0.3965E+00,6.1729E+00,6.4762E+00,6.8526E+00,26.2143E+00,24.1867E+00,25.0800E+00,-26.6738E+00,-25.3352E+00,-22.4205E+00,56.505E+00,52.504E+00,49.872E+00,+99999.9E+99,+99999.9E+99,+99999.9E+99,4.600E+00,0.29422E+03,0.27517E+03,0.29013E+03,0.85953E+03,0.22186E+03,0.23812E+03,0.24169E+03,0.70167E+03,0.42650E+03,0.40208E+03,0.40845E+03,1.23703E+03,0.25677E+03,0.26418E+03,0.27683E+03,0.79732E+03,-0.30877E+03,-0.29317E+03,-0.28749E+03,-0.88943E+03,-0.12926E+03,-0.11440E+03,-0.13498E+03,-0.37863E+03,-0.68985E+00,-0.68437E+00,-0.71033E+00,-0.69483E+00,-0.86405E+00,-0.90138E+00,-0.87307E+00,-0.88005E+00,0.000E+00,120.123E+00,-120.060E+00,60.144E+00,175.762E+00,-60.774E+00,-46.382E+00,-46.814E+00,-44.738E+00,-45.986E+00,202.008E+00,201.365E+00,202.128E+00,94.220E+00,+99999.9E+99,+99999.9E+99,0.00005E+06,-0.00053E+06,0.00000E+00,10.227E+00,0.756E+03,0.00081E+06,43.851E+00,F0F0F
2021/11/30,17:34:30,00000:00:55,650,38003F00,500,1F00,1F00,3F00,99.918E+00,0.000E+00,0.000E+00,110.979E+00,0.000E+00,0.000E+00,0.507E+00,0.000E+00,0.000E+00,99.917E+00,0.000E+00,0.000E+00,0.000E+00,0.000E+00,0.000E+00,100.900E+00,0.000E+00,0.000E+00,98.811E+00,0.000E+00,0.000E+00,18.048E+00,464.282E+00,+99999.9E+99,1.046E+00,+99999.9E+99,+99999.9E+99,11.8645E+00,0.00000E+00,0.00000E+00,12.1674E+00,0.00000E+00,0.00000E+00,4.5568E+00,0.00000E+00,0.00000E+00,10.9545E+00,0.00000E+00,0.00000E+00,4.6730E+00,0.00000E+00,0.00000E+00,18.0907E+00,0.0000E+00,0.0000E+00,4.0236E+00,0.0000E+00,0.0000E+00,8.173E+00,+99999.9E+99,+99999.9E+99,64.207E+00,+99999.9E+99,+99999.9E+99,1.09248E+03,0.00000E+03,0.00000E+03,0.00000E+03,0.00000E+03,0.00000E+03,1.18547E+03,0.00000E+03,0.00000E+03,0.00000E+03,0.00000E+03,0.00000E+03,0.46026E+03,0.00000E+03,0.00000E+03,0.00000E+03,0.00000E+03,0.00000E+03,0.92155E+00,0.00000E+00,0.00000E+00,0.91724E+00,0.66315E+00,0.99152E+00,0.000E+00,-166.123E+00,140.005E+00,156.526E+00,62.336E+00,147.474E+00,22.846E+00,90.000E+00,90.000E+00,12.6597E+00,0.00000E+00,0.00000E+00,121.907E+00,100.000E+00,100.000E+00,-0.23933E+03,0.00000E+03,0.00000E+03,+99999.9E+99,+99999.9E+99,+99999.9E+99,+99999.9E+99,+99999.9E+99,+99999.9E+99,+99999.9E+99,+99999.9E+99,+99999.9E+99,+99999.9E+99,+99999.9E+99,+99999.9E+99,1B00,0,0,0,1B00,77.0055E+00,77.4650E+00,77.3340E+00,77.2682E+00,71.6501E+00,72.5026E+00,72.2689E+00,72.1405E+00,77.0055E+00,77.4650E+00,77.3340E+00,0.0000E+00,0.0000E+00,0.0000E+00,71.7275E+00,72.2944E+00,72.0832E+00,105.701E+00,105.973E+00,105.507E+00,-104.603E+00,-105.183E+00,-104.729E+00,25.179E+00,25.555E+00,25.550E+00,+99999.9E+99,+99999.9E+99,+99999.9E+99,0.453E+00,13.8004E+00,13.4796E+00,13.5997E+00,13.6266E+00,12.9127E+00,12.7228E+00,12.6721E+00,12.7692E+00,13.7996E+00,13.4775E+00,13.5941E+00,-0.1499E+00,-0.2391E+00,0.3900E+00,10.1794E+00,9.3116E+00,9.4609E+00,27.8800E+00,26.9186E+00,28.0805E+00,-26.7924E+00,-27.1043E+00,-26.0276E+00,43.868E+00,46.790E+00,47.148E+00,+99999.9E+99,+99999.9E+99,+99999.9E+99,6.713E+00,0.44822E+03,0.43655E+03,0.44704E+03,1.33181E+03,0.37165E+03,0.32592E+03,0.35081E+03,1.04837E+03,0.62138E+03,0.60750E+03,0.61513E+03,1.84401E+03,0.41513E+03,0.37659E+03,0.38067E+03,1.17088E+03,-0.43037E+03,-0.42248E+03,-0.42253E+03,-1.27538E+03,-0.18495E+03,-0.18867E+03,-0.14780E+03,-0.52142E+03,-0.72132E+00,-0.71859E+00,-0.72675E+00,-0.72223E+00,-0.89527E+00,-0.86545E+00,-0.92155E+00,-0.89537E+00,0.000E+00,119.927E+00,-119.653E+00,56.714E+00,179.901E+00,-66.970E+00,-43.836E+00,-44.062E+00,-43.385E+00,-43.761E+00,201.566E+00,202.217E+00,201.075E+00,90.179E+00,+99999.9E+99,+99999.9E+99,0.00013E+06,-0.00076E+06,0.00000E+00,15.138E+00,0.758E+03,0.00120E+06,43.619E+00,F0F08
2021/11/30,17:34:30,00000:00:55,700,38003F00,500,1F00,1F00,3F00,99.918E+00,0.000E+00,0.000E+00,110.979E+00,0.000E+00,0.000E+00,0.507E+00,0.000E+00,0.000E+00,99.917E+00,0.000E+00,0.000E+00,0.000E+00,0.000E+00,0.000E+00,100.900E+00,0.000E+00,0.000E+00,98.811E+00,0.000E+00,0.000E+00,66.081E+00,+99999.9E+99,426.575E+00,1.046E+00,+99999.9E+99,+99999.9E+99,11.8645E+00,0.00000E+00,0.00000E+00,12.1674E+00,0.00000E+00,0.00000E+00,4.5568E+00,0.00000E+00,0.00000E+00,10.9545E+00,0.00000E+00,0.00000E+00,4.0051E+00,0.00000E+00,0.00000E+00,18.0907E+00,0.0000E+00,0.0000E+00,4.0236E+00,0.0000E+00,0.0000E+00,46.151E+00,+99999.9E+99,+99999.9E+99,64.207E+00,+99999.9E+99,+99999.9E+99,1.09248E+03,0.00000E+03,0.00000E+03,0.00000E+03,0.00000E+03,0.00000E+03,1.18547E+03,0.00000E+03,0.00000E+03,0.00000E+03,0.00000E+03,0.00000E+03,0.46026E+03,0.00000E+03,0.00000E+03,0.00000E+03,0.00000E+03,0.00000E+03,0.92155E+00,0.00000E+00,0.00000E+00,0.88573E+00,0.34664E+00,0.83403E+00,0.000E+00,-124.551E+00,142.865E+00,152.342E+00,125.166E+00,109.381E+00,22.846E+00,90.000E+00,90.000E+00,12.6597E+00,0.00000E+00,0.00000E+00,79.229E+00,100.000E+00,100.000E+00,0.22692E+03,0.00000E+03,0.00000E+03,+99999.9E+99,+99999.9E+99,+99999.9E+99,+99999.9E+99,+99999.9E+99,+99999.9E+99,+99999.9E+99,+99999.9E+99,+99999.9E+99,+99999.9E+99,+99999.9E+99,+99999.9E+99,1B00,0,0,0,1B00,76.7056E+00,76.6868E+00,76.3946E+00,76.5957E+00,72.5343E+00,72.6949E+00,72.0269E+00,72.4187E+00,76.7056E+00,76.6867E+00,76.3946E+00,0.0000E+00,0.0000E+00,0.0000E+00,70.7534E+00,70.6273E+00,70.4907E+00,105.649E+00,106.026E+00,105.664E+00,-103.903E+00,-104.857E+00,-104.456E+00,34.972E+00,34.504E+00,34.918E+00,+99999.9E+99,+99999.9E+99,+99999.9E+99,0.216E+00,9.6583E+00,9.2385E+00,9.8349E+00,9.5772E+00,8.3954E+00,8.0326E+00,8.4320E+00,8.2867E+00,9.6576E+00,9.2385E+00,9.8349E+00,-0.1191E+00,0.0000E+00,0.0000E+00,12.9670E+00,13.0373E+00,13.5552E+00,25.9171E+00,24.4838E+00,26.8719E+00,-25.2124E+00,-22.9167E+00,-26.2524E+00,43.768E+00,42.901E+00,41.068E+00,+99999.9E+99,+99999.9E+99,+99999.9E+99,2.537E+00,0.28321E+03,0.28110E+03,0.30125E+03,0.86555E+03,0.44643E+03,0.46222E+03,0.46957E+03,1.37822E+03,0.42960E+03,0.41124E+03,0.43642E+03,1.27726E+03,0.52477E+03,0.52844E+03,0.54508E+03,1.59798E+03,-0.32303E+03,-0.30016E+03,-0.31578E+03,-0.93897E+03,-0.27583E+03,-0.25612E+03,-0.27679E+03,-0.80873E+03,-0.65924E+00,-0.68355E+00,-0.69026E+00,-0.67767E+00,-0.85072E+00,-0.87469E+00,-0.86148E+00,-0.86248E+00,0.000E+00,120.181E+00,-120.007E+00,61.644E+00,179.113E+00,-59.366E+00,-48.758E+00,-46.878E+00,-46.349E+00,-47.338E+00,202.064E+00,201.809E+00,202.672E+00,91.759E+00,+99999.9E+99,+99999.9E+99,0.00007E+06,-0.00051E+06,0.00000E+00,10.024E+00,0.757E+03,0.00079E+06,43.831E+00,F0F08
2021/11/30,17:34:30,00000:00:55,750,38003F00,700,1F00,1F00,3F00,99.918E+00,0.000E+00,0.000E+00,110.979E+00,0.000E+00,0.000E+00,0.507E+00,0.000E+00,0.000E+00,99.917E+00,0.000E+00,0.000E+00,0.000E+00,0.000E+00,0.000E+00,100.900E+00,0.000E+00,0.000E+00,98.811E+00,0.000E+00,0.000E+00,66.081E+00,+99999.9E+99,426.575E+00,1.046E+00,+99999.9E+99,+99999.9E+99,11.8645E+00,0.00000E+00,0.00000E+00,12.1674E+00,0.00000E+00,0.00000E+00,4.5568E+00,0.00000E+00,0.00000E+00,10.9545E+00,0.00000E+00,0.00000E+00,4.0051E+00,0.00000E+00,0.00000E+00,18.0907E+00,0.0000E+00,0.0000E+00,4.0236E+00,0.0000E+00,0.0000E+00,46.151E+00,+99999.9E+99,+99999.9E+99,64.207E+00,+99999.9E+99,+99999.9E+99,1.09248E+03,0.00000E+03,0.00000E+03,0.00000E+03,0.00000E+03,0.00000E+03,1.18547E+03,0.00000E+03,0.00000E+03,0.00000E+03,0.00000E+03,0.00000E+03,0.46026E+03,0.00000E+03,0.00000E+03,0.00000E+03,0.00000E+03,0.00000E+03,0.92155E+00,0.00000E+00,0.00000E+00,0.88573E+00,0.34664E+00,0.83403E+00,0.000E+00,-124.551E+00,142.865E+00,152.342E+00,125.166E+00,109.381E+00,22.846E+00,90.000E+00,90.000E+00,12.6597E+00,0.00000E+00,0.00000E+00,94.723E+00,100.000E+00,100.000E+00,0.05765E+03,0.00000E+03,0.00000E+03,+99999.9E+99,+99999.9E+99,+99999.9E+99,+99999.9E+99,+99999.9E+99,+99999.9E+99,+99999.9E+99,+99999.9E+99,+99999.9E+99,+99999.9E+99,+99999.9E+99,+99999.9E+99,1B00,0,0,0,1B00,76.5416E+00,76.9956E+00,77.0430E+00,76.8600E+00,71.8463E+00,72.7407E+00,72.7968E+00,72.4613E+00,76.5416E+00,76.9956E+00,77.0430E+00,0.0000E+00,0.0000E+00,0.0000E+00,73.1308E+00,73.2437E+00,73.1247E+00,105.674E+00,106.067E+00,105.801E+00,-105.067E+00,-104.499E+00,-104.587E+00,13.965E+00,13.800E+00,14.121E+00,+99999.9E+99,+99999.9E+99,+99999.9E+99,0.105E+00,11.5501E+00,11.2863E+00,11.0955E+00,11.3106E+00,10.0051E+00,9.8544E+00,9.5593E+00,9.8063E+00,11.5490E+00,11.2800E+00,11.0823E+00,-0.1614E+00,-0.3786E+00,0.5408E+00,4.8249E+00,4.5608E+00,4.8097E+00,27.3229E+00,26.6919E+00,27.9762E+00,-26.6362E+00,-26.4167E+00,-25.4424E+00,58.530E+00,60.116E+00,56.545E+00,+99999.9E+99,+99999.9E+99,+99999.9E+99,2.905E+00,0.35664E+03,0.33651E+03,0.34167E+03,1.03482E+03,0.17352E+03,0.16903E+03,0.17909E+03,0.52164E+03,0.51593E+03,0.50309E+03,0.49709E+03,1.51611E+03,0.19952E+03,0.19150E+03,0.20044E+03,0.59133E+03,-0.37282E+03,-0.37398E+03,-0.36105E+03,-1.10784E+03,-0.09847E+03,-0.09000E+03,-0.09003E+03,-0.27851E+03,-0.69125E+00,-0.66889E+00,-0.68735E+00,-0.68255E+00,-0.86971E+00,-0.88267E+00,-0.89346E+00,-0.88214E+00,0.000E+00,120.055E+00,-119.899E+00,59.623E+00,178.037E+00,-63.207E+00,-46.271E+00,-48.019E+00,-46.579E+00,-46.957E+00,201.989E+00,201.994E+00,201.357E+00,93.121E+00,+99999.9E+99,+99999.9E+99,0.00007E+06,-0.00063E+06,0.00000E+00,12.161E+00,0.757E+03,0.00096E+06,43.805E+00,F0F08
2021/11/30,17:34:31,00000:00:55,800,38003800,2800,3800,3800,3800,99.991E+00,0.000E+00,0.000E+00,111.061E+00,0.000E+00,0.000E+00,0.487E+00,0.000E+00,0.000E+00,99.990E+00,0.000E+00,0.000E+00,0.000E+00,0.000E+00,0.000E+00,100.932E+00,0.000E+00,0.000E+00,98.893E+00,0.000E+00,0.000E+00,34.544E+00,+99999.9E+99,497.042E+00,1.020E+00,+99999.9E+99,+99999.9E+99,11.4023E+00,0.00000E+00,0.00000E+00,11.6403E+00,0.00000E+00,0.00000E+00,4.4924E+00,0.00000E+00,0.00000E+00,10.4800E+00,0.00000E+00,0.00000E+00,4.0572E+00,0.00000E+00,0.00000E+00,17.9731E+00,0.0000E+00,0.0000E+00,4.0855E+00,0.0000E+00,0.0000E+00,40.328E+00,+99999.9E+99,+99999.9E+99,66.258E+00,+99999.9E+99,+99999.9E+99,1.04593E+03,0.00000E+03,0.00000E+03,0.00000E+03,0.00000E+03,0.00000E+03,1.14012E+03,0.00000E+03,0.00000E+03,0.00000E+03,0.00000E+03,0.00000E+03,0.45377E+03,0.00000E+03,0.00000E+03,0.00000E+03,0.00000E+03,0.00000E+03,0.91738E+00,0.00000E+00,0.00000E+00,0.93336E+00,0.64866E+00,0.85323E+00,0.000E+00,-43.518E+00,178.767E+00,158.965E+00,6.041E+00,147.331E+00,23.453E+00,90.000E+00,90.000E+00,0.00000E+00,0.00000E+00,0.00000E+00,123.621E+00,100.000E+00,100.000E+00,-0.24706E+03,0.00000E+03,0.00000E+03,+99999.9E+99,+99999.9E+99,+99999.9E+99,+99999.9E+99,+99999.9E+99,+99999.9E+99,+99999.9E+99,+99999.9E+99,+99999.9E+99,+99999.9E+99,+99999.9E+99,+99999.9E+99,1B00,0,0,0,1B00,77.2058E+00,77.2396E+00,77.0090E+00,77.1515E+00,72.2233E+00,72.4450E+00,71.9014E+00,72.1899E+00,77.2058E+00,77.2396E+00,77.0090E+00,0.0000E+00,0.0000E+00,0.0000E+00,71.0280E+00,71.7122E+00,71.5202E+00,105.376E+00,105.613E+00,105.507E+00,-104.317E+00,-104.869E+00,-104.717E+00,30.223E+00,30.348E+00,30.240E+00,+99999.9E+99,+99999.9E+99,+99999.9E+99,0.564E+00,13.5828E+00,13.1539E+00,13.5357E+00,13.4241E+00,12.5016E+00,12.0843E+00,12.4341E+00,12.3400E+00,13.5818E+00,13.1539E+00,13.5342E+00,-0.1637E+00,0.0000E+00,0.1996E+00,12.3994E+00,11.2668E+00,11.3964E+00,27.6838E+00,27.0938E+00,28.5957E+00,-26.4438E+00,-27.1452E+00,-26.6671E+00,41.003E+00,44.415E+00,44.252E+00,+99999.9E+99,+99999.9E+99,+99999.9E+99,6.055E+00,0.42879E+03,0.42075E+03,0.44345E+03,1.29300E+03,0.44470E+03,0.39419E+03,0.42145E+03,1.26034E+03,0.61196E+03,0.59270E+03,0.60888E+03,1.81354E+03,0.49964E+03,0.45866E+03,0.46191E+03,1.41869E+03,-0.43662E+03,-0.41745E+03,-0.41723E+03,-1.27130E+03,-0.22779E+03,-0.23448E+03,-0.18904E+03,-0.65131E+03,-0.70068E+00,-0.70989E+00,-0.72831E+00,-0.71297E+00,-0.89003E+00,-0.85944E+00,-0.91242E+00,-0.88839E+00,0.000E+00,119.866E+00,-119.598E+00,57.437E+00,-179.479E+00,-65.663E+00,-45.518E+00,-44.774E+00,-43.255E+00,-44.523E+00,201.399E+00,201.543E+00,202.005E+00,89.657E+00,+99999.9E+99,+99999.9E+99,0.00013E+06,-0.00074E+06,0.00000E+00,14.614E+00,0.757E+03,0.00116E+06,43.584E+00,F0F08
2021/11/30,17:34:31,00000:00:55,850,38003F00,2D00,3F00,3F00,3F00,99.991E+00,0.000E+00,0.000E+00,111.061E+00,0.000E+00,0.000E+00,0.487E+00,0.000E+00,0.000E+00,99.990E+00,0.000E+00,0.000E+00,0.000E+00,0.000E+00,0.000E+00,100.932E+00,0.000E+00,0.000E+00,98.893E+00,0.000E+00,0.000E+00,34.544E+00,+99999.9E+99,497.042E+00,1.020E+00,+99999.9E+99,+99999.9E+99,11.4023E+00,0.00000E+00,0.00000E+00,11.6403E+00,0.00000E+00,0.00000E+00,4.4924E+00,0.00000E+00,0.00000E+00,10.4800E+00,0.00000E+00,0.00000E+00,4.0572E+00,0.00000E+00,0.00000E+00,17.9731E+00,0.0000E+00,0.0000E+00,4.0855E+00,0.0000E+00,0.0000E+00,40.328E+00,+99999.9E+99,+99999.9E+99,66.258E+00,+99999.9E+99,+99999.9E+99,1.04593E+03,0.00000E+03,0.00000E+03,0.00000E+03,0.00000E+03,0.00000E+03,1.14012E+03,0.00000E+03,0.00000E+03,0.00000E+03,0.00000E+03,0.00000E+03,0.45377E+03,0.00000E+03,0.00000E+03,0.00000E+03,0.00000E+03,0.00000E+03,0.91738E+00,0.00000E+00,0.00000E+00,0.93336E+00,0.64866E+00,0.85323E+00,0.000E+00,-43.518E+00,178.767E+00,158.965E+00,6.041E+00,147.331E+00,23.453E+00,90.000E+00,90.000E+00,0.00000E+00,0.00000E+00,0.00000E+00,72.302E+00,100.000E+00,100.000E+00,0.28970E+03,0.00000E+03,0.00000E+03,+99999.9E+99,+99999.9E+99,+99999.9E+99,+99999.9E+99,+99999.9E+99,+99999.9E+99,+99999.9E+99,+99999.9E+99,+99999.9E+99,+99999.9E+99,+99999.9E+99,+99999.9E+99,1B00,0,0,0,1B00,76.2544E+00,76.6764E+00,76.5078E+00,76.4795E+00,72.0889E+00,72.8636E+00,72.5653E+00,72.5059E+00,76.2544E+00,76.6764E+00,76.5078E+00,0.0000E+00,0.0000E+00,0.0000E+00,71.3247E+00,71.2252E+00,71.0572E+00,105.886E+00,106.240E+00,105.850E+00,-104.707E+00,-106.111E+00,-104.483E+00,31.817E+00,31.050E+00,31.716E+00,+99999.9E+99,+99999.9E+99,+99999.9E+99,0.228E+00,8.1087E+00,8.0642E+00,8.0179E+00,8.0636E+00,7.2291E+00,7.1939E+00,7.1258E+00,7.1829E+00,8.1079E+00,8.0632E+00,8.0143E+00,-0.1148E+00,-0.1251E+00,0.2409E+00,11.6912E+00,11.6957E+00,12.3043E+00,22.3024E+00,20.7167E+00,20.4995E+00,-18.7224E+00,-18.8395E+00,-19.9224E+00,45.219E+00,44.061E+00,42.060E+00,+99999.9E+99,+99999.9E+99,+99999.9E+99,3.440E+00,0.25382E+03,0.24814E+03,0.25427E+03,0.75623E+03,0.40272E+03,0.42394E+03,0.43080E+03,1.25746E+03,0.35843E+03,0.35709E+03,0.35604E+03,1.07155E+03,0.46938E+03,0.47735E+03,0.49596E+03,1.44222E+03,-0.25308E+03,-0.25679E+03,-0.24921E+03,-0.75908E+03,-0.24111E+03,-0.21940E+03,-0.24574E+03,-0.70625E+03,-0.70815E+00,-0.69489E+00,-0.71417E+00,-0.70573E+00,-0.85798E+00,-0.88811E+00,-0.86862E+00,-0.87189E+00,0.000E+00,120.204E+00,-119.974E+00,60.858E+00,177.490E+00,-60.144E+00,-44.916E+00,-45.982E+00,-44.425E+00,-45.111E+00,202.348E+00,202.014E+00,201.916E+00,94.890E+00,+99999.9E+99,+99999.9E+99,0.00004E+06,-0.00047E+06,0.00000E+00,9.062E+00,0.756E+03,0.00072E+06,43.945E+00,F0F08
2021/11/30,17:34:31,00000:00:55,900,38003F00,2800,3B00,3B00,3F00,99.816E+00,0.000E+00,0.000E+00,110.866E+00,0.000E+00,0.000E+00,0.510E+00,0.000E+00,0.000E+00,99.814E+00,0.000E+00,0.000E+00,0.000E+00,0.000E+00,0.000E+00,100.943E+00,0.000E+00,0.000E+00,98.789E+00,0.000E+00,0.000E+00,34.544E+00,+99999.9E+99,497.042E+00,1.079E+00,+99999.9E+99,+99999.9E+99,12.2526E+00,0.00000E+00,0.00000E+00,12.6699E+00,0.00000E+00,0.00000E+00,4.4729E+00,0.00000E+00,0.00000E+00,11.4070E+00,0.00000E+00,0.00000E+00,4.0572E+00,0.00000E+00,0.00000E+00,18.2886E+00,0.0000E+00,0.0000E+00,4.0919E+00,0.0000E+00,0.0000E+00,40.328E+00,+99999.9E+99,+99999.9E+99,62.228E+00,+99999.9E+99,+99999.9E+99,1.13653E+03,0.00000E+03,0.00000E+03,0.00000E+03,0.00000E+03,0.00000E+03,1.22300E+03,0.00000E+03,0.00000E+03,0.00000E+03,0.00000E+03,0.00000E+03,-0.45170E+03,0.00000E+03,0.00000E+03,0.00000E+03,0.00000E+03,0.00000E+03,-0.92930E+00,0.00000E+00,0.00000E+00,0.93336E+00,0.64866E+00,0.85323E+00,0.000E+00,-43.518E+00,178.767E+00,158.965E+00,6.041E+00,147.331E+00,-21.675E+00,90.000E+00,90.000E+00,9.33743E+00,0.00000E+00,0.00000E+00,109.570E+00,100.000E+00,100.000E+00,-0.10876E+03,0.00000E+03,0.00000E+03,+99999.9E+99,+99999.9E+99,+99999.9E+99,+99999.9E+99,+99999.9E+99,+99999.9E+99,+99999.9E+99,+99999.9E+99,+99999.9E+99,+99999.9E+99,+99999.9E+99,+99999.9E+99,1B00,0,0,0,1B00,77.0727E+00,77.1697E+00,77.1042E+00,77.1155E+00,72.1051E+00,72.4895E+00,72.2253E+00,72.2733E+00,77.0727E+00,77.1697E+00,77.1042E+00,0.0000E+00,0.0000E+00,0.0000E+00,73.0206E+00,73.2681E+00,73.1470E+00,105.964E+00,106.184E+00,105.799E+00,-104.767E+00,-104.536E+00,-104.801E+00,14.022E+00,14.028E+00,14.208E+00,+99999.9E+99,+99999.9E+99,+99999.9E+99,0.197E+00,13.3613E+00,12.9021E+00,13.0904E+00,13.1179E+00,12.1161E+00,11.6455E+00,11.7006E+00,11.8208E+00,13.3601E+00,12.8981E+00,13.0806E+00,-0.1827E+00,-0.3235E+00,0.5073E+00,5.0586E+00,4.6066E+00,4.7295E+00,27.6257E+00,27.1705E+00,28.4614E+00,-26.6381E+00,-26.8833E+00,-26.7605E+00,56.373E+00,60.326E+00,58.158E+00,+99999.9E+99,+99999.9E+99,+99999.9E+99,4.633E+00,0.42357E+03,0.40220E+03,0.41952E+03,1.24529E+03,0.18195E+03,0.16653E+03,0.17840E+03,0.52689E+03,0.60158E+03,0.57935E+03,0.58780E+03,1.76874E+03,0.20748E+03,0.19234E+03,0.19745E+03,0.59693E+03,-0.42718E+03,-0.41699E+03,-0.41172E+03,-1.25590E+03,-0.09971E+03,-0.09624E+03,-0.08462E+03,-0.28057E+03,-0.70410E+00,-0.69423E+00,-0.71370E+00,-0.70406E+00,-0.87696E+00,-0.86581E+00,-0.90352E+00,-0.88265E+00,0.000E+00,119.998E+00,-119.833E+00,58.834E+00,179.967E+00,-64.513E+00,-45.243E+00,-46.034E+00,-44.463E+00,-45.247E+00,201.279E+00,201.450E+00,201.806E+00,91.083E+00,+99999.9E+99,+99999.9E+99,0.00011E+06,-0.00073E+06,0.00000E+00,14.310E+00,0.757E+03,0.00113E+06,43.591E+00,F0F08
2021/11/30,17:34:31,00000:00:55,950,38003F00,0,1B00,1B00,3F00,99.950E+00,0.000E+00,0.000E+00,111.015E+00,0.000E+00,0.000E+00,0.505E+00,0.000E+00,0.000E+00,99.949E+00,0.000E+00,0.000E+00,0.000E+00,0.000E+00,0.000E+00,101.021E+00,0.000E+00,0.000E+00,98.900E+00,0.000E+00,0.000E+00,101.812E+00,+99999.9E+99,496.807E+00,1.061E+00,+99999.9E+99,+99999.9E+99,11.5945E+00,0.00000E+00,0.00000E+00,11.8221E+00,0.00000E+00,0.00000E+00,4.5985E+00,0.00000E+00,0.00000E+00,10.6436E+00,0.00000E+00,0.00000E+00,3.0373E+00,0.00000E+00,0.00000E+00,17.8098E+00,0.0000E+00,0.0000E+00,3.3533E+00,0.0000E+00,0.0000E+00,103.622E+00,+99999.9E+99,+99999.9E+99,67.911E+00,+99999.9E+99,+99999.9E+99,1.06175E+03,0.00000E+03,0.00000E+03,0.00000E+03,0.00000E+03,0.00000E+03,1.15888E+03,0.00000E+03,0.00000E+03,0.00000E+03,0.00000E+03,0.00000E+03,0.46442E+03,0.00000E+03,0.00000E+03,0.00000E+03,0.00000E+03,0.00000E+03,0.91619E+00,0.00000E+00,0.00000E+00,0.83377E+00,0.09988E+00,0.87926E+00,0.000E+00,-94.621E+00,-179.820E+00,146.488E+00,-178.889E+00,-151.373E+00,23.625E+00,90.000E+00,90.000E+00,12.5489E+00,0.00000E+00,0.00000E+00,99.886E+00,100.000E+00,100.000E+00,0.00121E+03,0.00000E+03,0.00000E+03,+99999.9E+99,+99999.9E+99,+99999.9E+99,+99999.9E+99,+99999.9E+99,+99999.9E+99,+99999.9E+99,+99999.9E+99,+99999.9E+99,+99999.9E+99,+99999.9E+99,+99999.9E+99,1B00,0,0,0,1B00,76.7248E+00,77.0633E+00,76.8126E+00,76.8669E+00,71.9403E+00,72.5730E+00,72.0945E+00,72.2026E+00,76.7248E+00,77.0633E+00,76.8126E+00,0.0000E+00,0.0000E+00,0.0000E+00,70.1338E+00,70.5102E+00,70.4559E+00,105.446E+00,106.020E+00,105.481E+00,-104.057E+00,-104.737E+00,-104.350E+00,37.487E+00,37.488E+00,37.416E+00,+99999.9E+99,+99999.9E+99,+99999.9E+99,0.339E+00,11.7361E+00,11.5557E+00,11.8518E+00,11.7145E+00,10.2747E+00,10.1860E+00,10.3960E+00,10.2856E+00,11.7355E+00,11.5557E+00,11.8518E+00,-0.1196E+00,0.0000E+00,0.0000E+00,15.0554E+00,14.4445E+00,14.4628E+00,27.5410E+00,26.8810E+00,28.0600E+00,-26.1819E+00,-27.0433E+00,-25.8314E+00,39.260E+00,40.739E+00,40.616E+00,+99999.9E+99,+99999.9E+99,+99999.9E+99,2.914E+00,0.34749E+03,0.34990E+03,0.36315E+03,1.06054E+03,0.53643E+03,0.50533E+03,0.52545E+03,1.56720E+03,0.52392E+03,0.51707E+03,0.53124E+03,1.57222E+03,0.60878E+03,0.58214E+03,0.58789E+03,1.77838E+03,-0.39210E+03,-0.38069E+03,-0.38774E+03,-1.16053E+03,-0.28785E+03,-0.28902E+03,-0.26368E+03,-0.84055E+03,-0.66326E+00,-0.67670E+00,-0.68358E+00,-0.67455E+00,-0.88115E+00,-0.86805E+00,-0.89378E+00,-0.88125E+00,0.000E+00,119.873E+00,-119.796E+00,58.397E+00,179.613E+00,-63.299E+00,-48.451E+00,-47.414E+00,-46.876E+00,-47.581E+00,202.015E+00,202.196E+00,201.626E+00,90.140E+00,+99999.9E+99,+99999.9E+99,0.00010E+06,-0.00061E+06,0.00000E+00,12.062E+00,0.757E+03,0.00096E+06,43.802E+00,F0F0F
2021/11/30,17:34:31,00000:00:56,0,38003F00,700,1C00,1C00,3800,99.950E+00,0.000E+00,0.000E+00,111.015E+00,0.000E+00,0.000E+00,0.505E+00,0.000E+00,0.000E+00,99.949E+00,0.000E+00,0.000E+00,0.000E+00,0.000E+00,0.000E+00,101.021E+00,0.000E+00,0.000E+00,98.900E+00,0.000E+00,0.000E+00,23.273E+00,+99999.9E+99,422.957E+00,1.061E+00,+99999.9E+99,+99999.9E+99,11.5945E+00,0.00000E+00,0.00000E+00,11.8221E+00,0.00000E+00,0.00000E+00,4.5985E+00,0.00000E+00,0.00000E+00,10.6436E+00,0.00000E+00,0.00000E+00,4.7119E+00,0.00000E+00,0.00000E+00,17.8098E+00,0.0000E+00,0.0000E+00,3.3533E+00,0.0000E+00,0.0000E+00,12.370E+00,+99999.9E+99,+99999.9E+99,67.911E+00,+99999.9E+99,+99999.9E+99,1.06175E+03,0.00000E+03,0.00000E+03,0.00000E+03,0.00000E+03,0.00000E+03,1.15888E+03,0.00000E+03,0.00000E+03,0.00000E+03,0.00000E+03,0.00000E+03,0.46442E+03,0.00000E+03,0.00000E+03,0.00000E+03,0.00000E+03,0.00000E+03,0.91619E+00,0.00000E+00,0.00000E+00,0.91680E+00,0.14917E+00,0.70663E+00,0.000E+00,166.709E+00,159.588E+00,156.462E+00,85.288E+00,114.550E+00,23.625E+00,90.000E+00,90.000E+00,12.5489E+00,0.00000E+00,0.00000E+00,81.418E+00,100.000E+00,100.000E+00,0.19729E+03,0.00000E+03,0.00000E+03,+99999.9E+99,+99999.9E+99,+99999.9E+99,+99999.9E+99,+99999.9E+99,+99999.9E+99,+99999.9E+99,+99999.9E+99,+99999.9E+99,+99999.9E+99,+99999.9E+99,+99999.9E+99,1B00,0,0,0,1B00,76.5419E+00,76.5898E+00,76.5411E+00,76.5576E+00,72.4383E+00,72.7474E+00,72.4935E+00,72.5597E+00,76.5419E+00,76.5898E+00,76.5411E+00,0.0000E+00,0.0000E+00,0.0000E+00,72.4554E+00,72.2435E+00,72.2132E+00,105.737E+00,106.057E+00,105.800E+00,-105.073E+00,-104.460E+00,-104.344E+00,22.319E+00,21.406E+00,21.995E+00,+99999.9E+99,+99999.9E+99,+99999.9E+99,0.206E+00,9.6306E+00,9.1062E+00,9.2462E+00,9.3276E+00,8.3317E+00,7.8981E+00,7.9432E+00,8.0577E+00,9.6294E+00,9.1030E+00,9.2377E+00,-0.1512E+00,-0.2429E+00,0.3952E+00,7.6400E+00,8.0474E+00,8.2725E+00,26.2995E+00,24.2129E+00,25.1271E+00,-26.7557E+00,-25.3624E+00,-22.5086E+00,52.748E+00,48.665E+00,47.324E+00,+99999.9E+99,+99999.9E+99,+99999.9E+99,4.698E+00,0.29598E+03,0.27668E+03,0.29181E+03,0.86446E+03,0.26988E+03,0.29085E+03,0.29420E+03,0.85493E+03,0.42834E+03,0.40381E+03,0.40993E+03,1.24208E+03,0.31368E+03,0.32365E+03,0.33878E+03,0.97552E+03,-0.30963E+03,-0.29413E+03,-0.28790E+03,-0.89167E+03,-0.15987E+03,-0.14198E+03,-0.16798E+03,-0.46983E+03,-0.69098E+00,-0.68516E+00,-0.71185E+00,-0.69598E+00,-0.86038E+00,-0.89865E+00,-0.86841E+00,-0.87638E+00,0.000E+00,120.119E+00,-120.083E+00,60.546E+00,176.125E+00,-60.249E+00,-46.292E+00,-46.752E+00,-44.614E+00,-45.895E+00,201.659E+00,201.288E+00,202.033E+00,94.333E+00,+99999.9E+99,+99999.9E+99,0.00005E+06,-0.00054E+06,0.00000E+00,10.300E+00,0.756E+03,0.00082E+06,43.766E+00,F0F08
2021/11/30,17:34:31,00000:00:56,50,38003F00,700,1F00,1F00,3F00,99.950E+00,0.000E+00,0.000E+00,111.015E+00,0.000E+00,0.000E+00,0.505E+00,0.000E+00,0.000E+00,99.949E+00,0.000E+00,0.000E+00,0.000E+00,0.000E+00,0.000E+00,101.021E+00,0.000E+00,0.000E+00,98.900E+00,0.000E+00,0.000E+00,23.273E+00,+99999.9E+99,422.957E+00,1.061E+00,+99999.9E+99,+99999.9E+99,11.5945E+00,0.00000E+00,0.00000E+00,11.8221E+00,0.00000E+00,0.00000E+00,4.5985E+00,0.00000E+00,0.00000E+00,10.6436E+00,0.00000E+00,0.00000E+00,4.7119E+00,0.00000E+00,0.00000E+00,17.8098E+00,0.0000E+00,0.0000E+00,3.3533E+00,0.0000E+00,0.0000E+00,12.370E+00,+99999.9E+99,+99999.9E+99,67.911E+00,+99999.9E+99,+99999.9E+99,1.06175E+03,0.00000E+03,0.00000E+03,0.00000E+03,0.00000E+03,0.00000E+03,1.15888E+03,0.00000E+03,0.00000E+03,0.00000E+03,0.00000E+03,0.00000E+03,0.46442E+03,0.00000E+03,0.00000E+03,0.00000E+03,0.00000E+03,0.00000E+03,0.91619E+00,0.00000E+00,0.00000E+00,0.91680E+00,0.14917E+00,0.70663E+00,0.000E+00,166.709E+00,159.588E+00,156.462E+00,85.288E+00,114.550E+00,23.625E+00,90.000E+00,90.000E+00,12.5489E+00,0.00000E+00,0.00000E+00,127.956E+00,100.000E+00,100.000E+00,-0.29682E+03,0.00000E+03,0.00000E+03,+99999.9E+99,+99999.9E+99,+99999.9E+99,+99999.9E+99,+99999.9E+99,+99999.9E+99,+99999.9E+99,+99999.9E+99,+99999.9E+99,+99999.9E+99,+99999.9E+99,+99999.9E+99,1B00,0,0,0,1B00,77.0253E+00,77.4504E+00,77.3485E+00,77.2747E+00,71.7391E+00,72.5547E+00,72.3566E+00,72.2168E+00,77.0253E+00,77.4504E+00,77.3485E+00,0.0000E+00,0.0000E+00,0.0000E+00,72.2761E+00,72.7588E+00,72.6238E+00,105.633E+00,106.074E+00,105.603E+00,-104.673E+00,-104.431E+00,-105.270E+00,20.422E+00,20.514E+00,20.799E+00,+99999.9E+99,+99999.9E+99,+99999.9E+99,0.403E+00,13.9792E+00,13.6569E+00,13.7834E+00,13.8065E+00,13.0607E+00,12.8684E+00,12.8189E+00,12.9160E+00,13.9784E+00,13.6546E+00,13.7776E+00,-0.1516E+00,-0.2484E+00,0.4011E+00,8.1301E+00,7.5013E+00,7.3572E+00,27.6581E+00,27.1257E+00,28.4605E+00,-26.5733E+00,-27.1419E+00,-26.4819E+00,46.626E+00,49.336E+00,50.820E+00,+99999.9E+99,+99999.9E+99,+99999.9E+99,7.169E+00,0.45738E+03,0.44517E+03,0.45603E+03,1.35857E+03,0.29776E+03,0.25881E+03,0.27888E+03,0.83545E+03,0.63013E+03,0.61572E+03,0.62355E+03,1.86941E+03,0.33149E+03,0.29874E+03,0.30147E+03,0.93037E+03,-0.43344E+03,-0.42536E+03,-0.42528E+03,-1.28408E+03,-0.14568E+03,-0.14920E+03,-0.11451E+03,-0.40939E+03,-0.72584E+00,-0.72301E+00,-0.73133E+00,-0.72674E+00,-0.89826E+00,-0.86635E+00,-0.92506E+00,-0.89798E+00,0.000E+00,119.893E+00,-119.720E+00,56.292E+00,179.798E+00,-67.561E+00,-43.461E+00,-43.697E+00,-43.002E+00,-43.386E+00,201.710E+00,201.779E+00,201.066E+00,90.153E+00,+99999.9E+99,+99999.9E+99,0.00013E+06,-0.00078E+06,0.00000E+00,15.442E+00,0.757E+03,0.00122E+06,43.676E+00,F0F08
2021/11/30,17:34:31,00000:00:56,100,38003F00,500,1F00,1F00,3F00,99.950E+00,0.000E+00,0.000E+00,111.015E+00,0.000E+00,0.000E+00,0.505E+00,0.000E+00,0.000E+00,99.949E+00,0.000E+00,0.000E+00,0.000E+00,0.000E+00,0.000E+00,101.021E+00,0.000E+00,0.000E+00,98.900E+00,0.000E+00,0.000E+00,68.872E+00,401.227E+00,+99999.9E+99,1.061E+00,+99999.9E+99,+99999.9E+99,11.5945E+00,0.00000E+00,0.00000E+00,11.8221E+00,0.00000E+00,0.00000E+00,4.5985E+00,0.00000E+00,0.00000E+00,10.6436E+00,0.00000E+00,0.00000E+00,4.0244E+00,0.00000E+00,0.00000E+00,17.8098E+00,0.0000E+00,0.0000E+00,3.3533E+00,0.0000E+00,0.0000E+00,48.862E+00,+99999.9E+99,+99999.9E+99,67.911E+00,+99999.9E+99,+99999.9E+99,1.06175E+03,0.00000E+03,0.00000E+03,0.00000E+03,0.00000E+03,0.00000E+03,1.15888E+03,0.00000E+03,0.00000E+03,0.00000E+03,0.00000E+03,0.00000E+03,0.46442E+03,0.00000E+03,0.00000E+03,0.00000E+03,0.00000E+03,0.00000E+03,0.91619E+00,0.00000E+00,0.00000E+00,0.89032E+00,0.05008E+00,0.91662E+00,0.000E+00,-23.107E+00,161.981E+00,152.914E+00,-110.236E+00,138.418E+00,23.625E+00,90.000E+00,90.000E+00,12.5489E+00,0.00000E+00,0.00000E+00,82.633E+00,100.000E+00,100.000E+00,0.18440E+03,0.00000E+03,0.00000E+03,+99999.9E+99,+99999.9E+99,+99999.9E+99,+99999.9E+99,+99999.9E+99,+99999.9E+99,+99999.9E+99,+99999.9E+99,+99999.9E+99,+99999.9E+99,+99999.9E+99,+99999.9E+99,1B00,0,0,0,1B00,76.7228E+00,76.6729E+00,76.3885E+00,76.5947E+00,72.6077E+00,72.7112E+00,72.0618E+00,72.4602E+00,76.7228E+00,76.6729E+00,76.3885E+00,0.0000E+00,0.0000E+00,0.0000E+00,70.2680E+00,70.2835E+00,70.1805E+00,105.769E+00,106.044E+00,105.746E+00,-104.576E+00,-104.720E+00,-105.143E+00,38.189E+00,37.892E+00,38.045E+00,+99999.9E+99,+99999.9E+99,+99999.9E+99,0.085E+00,9.7525E+00,9.3312E+00,9.9431E+00,9.6756E+00,8.4540E+00,8.0951E+00,8.5001E+00,8.3497E+00,9.7518E+00,9.3312E+00,9.9431E+00,-0.1121E+00,0.0000E+00,0.0000E+00,14.7152E+00,14.6128E+00,14.9474E+00,26.3967E+00,24.8062E+00,27.2024E+00,-25.5586E+00,-23.3395E+00,-26.7652E+00,40.815E+00,40.830E+00,39.444E+00,+99999.9E+99,+99999.9E+99,+99999.9E+99,1.440E+00,0.28729E+03,0.28494E+03,0.30511E+03,0.87735E+03,0.51594E+03,0.51843E+03,0.53004E+03,1.56442E+03,0.43397E+03,0.41549E+03,0.44126E+03,1.29072E+03,0.59505E+03,0.59005E+03,0.60416E+03,1.78915E+03,-0.32526E+03,-0.30238E+03,-0.31877E+03,-0.94641E+03,-0.29645E+03,-0.28176E+03,-0.28993E+03,-0.86813E+03,-0.66201E+00,-0.68581E+00,-0.69146E+00,-0.67974E+00,-0.86706E+00,-0.87862E+00,-0.87733E+00,-0.87439E+00,0.000E+00,120.077E+00,-119.952E+00,59.886E+00,178.559E+00,-61.237E+00,-48.547E+00,-46.701E+00,-46.254E+00,-47.177E+00,202.005E+00,202.329E+00,202.624E+00,91.923E+00,+99999.9E+99,+99999.9E+99,0.00007E+06,-0.00052E+06,0.00000E+00,10.179E+00,0.757E+03,0.00081E+06,43.817E+00,F0F08
2021/11/30,17:34:31,00000:00:56,150,38003F00,2A00,3B00,3B00,3F00,99.981E+00,0.000E+00,0.000E+00,111.050E+00,0.000E+00,0.000E+00,0.505E+00,0.000E+00,0.000E+00,99.980E+00,0.000E+00,0.000E+00,0.000E+00,0.000E+00,0.000E+00,100.961E+00,0.000E+00,0.000E+00,98.800E+00,0.000E+00,0.000E+00,68.872E+00,401.227E+00,+99999.9E+99,1.081E+00,+99999.9E+99,+99999.9E+99,11.5404E+00,0.00000E+00,0.00000E+00,11.7245E+00,0.00000E+00,0.00000E+00,4.6643E+00,0.00000E+00,0.00000E+00,10.5558E+00,0.00000E+00,0.00000E+00,4.0244E+00,0.00000E+00,0.00000E+00,18.3774E+00,0.0000E+00,0.0000E+00,3.8631E+00,0.0000E+00,0.0000E+00,48.862E+00,+99999.9E+99,+99999.9E+99,68.750E+00,+99999.9E+99,+99999.9E+99,1.05324E+03,0.00000E+03,0.00000E+03,0.00000E+03,0.00000E+03,0.00000E+03,1.15382E+03,0.00000E+03,0.00000E+03,0.00000E+03,0.00000E+03,0.00000E+03,0.47115E+03,0.00000E+03,0.00000E+03,0.00000E+03,0.00000E+03,0.00000E+03,0.91283E+00,0.00000E+00,0.00000E+00,0.89032E+00,0.05008E+00,0.91662E+00,0.000E+00,-23.107E+00,161.981E+00,152.914E+00,-110.236E+00,138.418E+00,24.101E+00,90.000E+00,90.000E+00,0.00000E+00,0.00000E+00,0.00000E+00,97.679E+00,100.000E+00,100.000E+00,0.02444E+03,0.00000E+03,0.00000E+03,+99999.9E+99,+99999.9E+99,+99999.9E+99,+99999.9E+99,+99999.9E+99,+99999.9E+99,+99999.9E+99,+99999.9E+99,+99999.9E+99,+99999.9E+99,+99999.9E+99,+99999.9E+99,1B00,0,0,0,1B00,76.5106E+00,77.0176E+00,77.0178E+00,76.8487E+00,71.7900E+00,72.7272E+00,72.7268E+00,72.4147E+00,76.5106E+00,77.0176E+00,77.0178E+00,0.0000E+00,0.0000E+00,0.0000E+00,73.0592E+00,73.0608E+00,72.9598E+00,105.937E+00,106.149E+00,105.710E+00,-104.821E+00,-105.271E+00,-104.271E+00,15.474E+00,15.353E+00,15.332E+00,+99999.9E+99,+99999.9E+99,+99999.9E+99,0.095E+00,11.5998E+00,11.3781E+00,11.1630E+00,11.3803E+00,9.9469E+00,9.8229E+00,9.5142E+00,9.7613E+00,11.5985E+00,11.3720E+00,11.1496E+00,-0.1735E+00,-0.3722E+00,0.5469E+00,5.2648E+00,5.1757E+00,5.5652E+00,27.6424E+00,27.0924E+00,28.6162E+00,-26.5190E+00,-27.1076E+00,-26.1757E+00,58.046E+00,57.453E+00,53.278E+00,+99999.9E+99,+99999.9E+99,+99999.9E+99,3.300E+00,0.35396E+03,0.33535E+03,0.33948E+03,1.02880E+03,0.18754E+03,0.19310E+03,0.20019E+03,0.58083E+03,0.51741E+03,0.50710E+03,0.50010E+03,1.52461E+03,0.21677E+03,0.21620E+03,0.22710E+03,0.65988E+03,-0.37738E+03,-0.38038E+03,-0.36722E+03,-1.12499E+03,-0.10870E+03,-0.09724E+03,-0.10723E+03,-0.31317E+03,-0.68411E+00,-0.66131E+00,-0.67883E+00,-0.67479E+00,-0.86518E+00,-0.89315E+00,-0.88151E+00,-0.88021E+00,0.000E+00,120.087E+00,-119.959E+00,60.095E+00,176.773E+00,-61.739E+00,-46.834E+00,-48.600E+00,-47.248E+00,-47.562E+00,201.937E+00,201.370E+00,201.343E+00,93.114E+00,+99999.9E+99,+99999.9E+99,0.00007E+06,-0.00062E+06,0.00000E+00,12.092E+00,0.757E+03,0.00096E+06,43.806E+00,F0F08
2021/11/30,17:34:31,00000:00:56,200,38003D00,2D00,3C00,3C00,3800,99.981E+00,0.000E+00,0.000E+00,111.050E+00,0.000E+00,0.000E+00,0.505E+00,0.000E+00,0.000E+00,99.980E+00,0.000E+00,0.000E+00,0.000E+00,0.000E+00,0.000E+00,100.961E+00,0.000E+00,0.000E+00,98.800E+00,0.000E+00,0.000E+00,38.755E+00,+99999.9E+99,+99999.9E+99,1.081E+00,+99999.9E+99,+99999.9E+99,11.5404E+00,0.00000E+00,0.00000E+00,11.7245E+00,0.00000E+00,0.00000E+00,4.6643E+00,0.00000E+00,0.00000E+00,10.5558E+00,0.00000E+00,0.00000E+00,4.2698E+00,0.00000E+00,0.00000E+00,18.3774E+00,0.0000E+00,0.0000E+00,3.8631E+00,0.0000E+00,0.0000E+00,42.743E+00,+99999.9E+99,+99999.9E+99,68.750E+00,+99999.9E+99,+99999.9E+99,1.05324E+03,0.00000E+03,0.00000E+03,0.00000E+03,0.00000E+03,0.00000E+03,1.15382E+03,0.00000E+03,0.00000E+03,0.00000E+03,0.00000E+03,0.00000E+03,0.47115E+03,0.00000E+03,0.00000E+03,0.00000E+03,0.00000E+03,0.00000E+03,0.91283E+00,0.00000E+00,0.00000E+00,0.93643E+00,0.75902E+00,0.37700E+00,0.000E+00,-119.278E+00,142.460E+00,159.460E+00,101.344E+00,74.608E+00,24.101E+00,90.000E+00,90.000E+00,0.00000E+00,0.00000E+00,0.00000E+00,123.254E+00,100.000E+00,100.000E+00,-0.24492E+03,0.00000E+03,0.00000E+03,+99999.9E+99,+99999.9E+99,+99999.9E+99,+99999.9E+99,+99999.9E+99,+99999.9E+99,+99999.9E+99,+99999.9E+99,+99999.9E+99,+99999.9E+99,+99999.9E+99,+99999.9E+99,1B00,0,0,0,1B00,77.2109E+00,77.2213E+00,76.9924E+00,77.1415E+00,72.2298E+00,72.4399E+00,71.8785E+00,72.1827E+00,77.2109E+00,77.2213E+00,76.9924E+00,0.0000E+00,0.0000E+00,0.0000E+00,71.0276E+00,71.7004E+00,71.4828E+00,105.441E+00,105.781E+00,105.607E+00,-104.569E+00,-104.409E+00,-104.630E+00,29.978E+00,30.308E+00,30.272E+00,+99999.9E+99,+99999.9E+99,+99999.9E+99,0.551E+00,13.6229E+00,13.1786E+00,13.5752E+00,13.4589E+00,12.5438E+00,12.1133E+00,12.4771E+00,12.3781E+00,13.6221E+00,13.1786E+00,13.5739E+00,-0.1515E+00,0.0000E+00,0.1898E+00,12.2993E+00,11.1526E+00,11.3239E+00,27.6352E+00,27.3143E+00,28.5390E+00,-26.6971E+00,-27.0076E+00,-26.7876E+00,41.245E+00,44.633E+00,44.621E+00,+99999.9E+99,+99999.9E+99,+99999.9E+99,6.144E+00,0.43061E+03,0.42207E+03,0.44548E+03,1.29816E+03,0.43888E+03,0.38842E+03,0.41661E+03,1.24391E+03,0.61399E+03,0.59372E+03,0.61026E+03,1.81797E+03,0.49423E+03,0.45274E+03,0.45685E+03,1.40227E+03,-0.43767E+03,-0.41756E+03,-0.41709E+03,-1.27233E+03,-0.22726E+03,-0.23261E+03,-0.18748E+03,-0.64735E+03,-0.70133E+00,-0.71089E+00,-0.72998E+00,-0.71407E+00,-0.88801E+00,-0.85792E+00,-0.91191E+00,-0.88707E+00,0.000E+00,119.894E+00,-119.590E+00,57.686E+00,-179.293E+00,-65.569E+00,-45.466E+00,-44.692E+00,-43.115E+00,-44.433E+00,201.373E+00,202.155E+00,201.910E+00,89.524E+00,+99999.9E+99,+99999.9E+99,0.00014E+06,-0.00074E+06,0.00000E+00,14.652E+00,0.757E+03,0.00116E+06,43.578E+00,F0F08
2021/11/30,17:34:31,00000:00:56,250,38003F00,2800,3B00,3B00,3F00,99.843E+00,0.000E+00,0.000E+00,110.896E+00,0.000E+00,0.000E+00,0.521E+00,0.000E+00,0.000E+00,99.842E+00,0.000E+00,0.000E+00,0.000E+00,0.000E+00,0.000E+00,100.936E+00,0.000E+00,0.000E+00,98.804E+00,0.000E+00,0.000E+00,38.755E+00,+99999.9E+99,+99999.9E+99,1.068E+00,+99999.9E+99,+99999.9E+99,12.7238E+00,0.00000E+00,0.00000E+00,13.2936E+00,0.00000E+00,0.00000E+00,4.3186E+00,0.00000E+00,0.00000E+00,11.9685E+00,0.00000E+00,0.00000E+00,4.2698E+00,0.00000E+00,0.00000E+00,18.2236E+00,0.0000E+00,0.0000E+00,4.1938E+00,0.0000E+00,0.0000E+00,42.743E+00,+99999.9E+99,+99999.9E+99,58.611E+00,+99999.9E+99,+99999.9E+99,1.19293E+03,0.00000E+03,0.00000E+03,0.00000E+03,0.00000E+03,0.00000E+03,1.27038E+03,0.00000E+03,0.00000E+03,0.00000E+03,0.00000E+03,0.00000E+03,0.43677E+03,0.00000E+03,0.00000E+03,0.00000E+03,0.00000E+03,0.00000E+03,0.93904E+00,0.00000E+00,0.00000E+00,0.93643E+00,0.75902E+00,0.37700E+00,0.000E+00,-119.278E+00,142.460E+00,159.460E+00,101.344E+00,74.608E+00,20.109E+00,90.000E+00,90.000E+00,15.0978E+00,0.00000E+00,0.00000E+00,75.367E+00,100.000E+00,100.000E+00,0.29386E+03,0.00000E+03,0.00000E+03,+99999.9E+99,+99999.9E+99,+99999.9E+99,+99999.9E+99,+99999.9E+99,+99999.9E+99,+99999.9E+99,+99999.9E+99,+99999.9E+99,+99999.9E+99,+99999.9E+99,+99999.9E+99,1B00,0,0,0,1B00,76.5909E+00,76.7586E+00,76.5605E+00,76.6367E+00,72.3346E+00,72.7571E+00,72.3169E+00,72.4695E+00,76.5909E+00,76.7586E+00,76.5605E+00,0.0000E+00,0.0000E+00,0.0000E+00,71.2923E+00,71.1991E+00,71.0154E+00,105.721E+00,106.054E+00,105.654E+00,-104.590E+00,-104.487E+00,-104.900E+00,31.921E+00,31.148E+00,31.844E+00,+99999.9E+99,+99999.9E+99,+99999.9E+99,0.235E+00,9.8265E+00,9.5169E+00,9.8645E+00,9.7359E+00,8.6256E+00,8.3825E+00,8.5521E+00,8.5201E+00,9.8256E+00,9.5169E+00,9.8628E+00,-0.1336E+00,0.0000E+00,0.1832E+00,11.7547E+00,11.7470E+00,12.3826E+00,26.3643E+00,24.7086E+00,27.0867E+00,-25.4933E+00,-23.0743E+00,-26.5905E+00,45.068E+00,43.930E+00,41.880E+00,+99999.9E+99,+99999.9E+99,+99999.9E+99,3.498E+00,0.29894E+03,0.29330E+03,0.30684E+03,0.89908E+03,0.40487E+03,0.42599E+03,0.43381E+03,1.26467E+03,0.43698E+03,0.42342E+03,0.43885E+03,1.29926E+03,0.47178E+03,0.47922E+03,0.49874E+03,1.44925E+03,-0.31873E+03,-0.30539E+03,-0.31375E+03,-0.93787E+03,-0.24220E+03,-0.21950E+03,-0.24607E+03,-0.70777E+03,-0.68411E+00,-0.69268E+00,-0.69919E+00,-0.69199E+00,-0.85817E+00,-0.88893E+00,-0.86981E+00,-0.87264E+00,0.000E+00,120.215E+00,-119.964E+00,60.840E+00,177.392E+00,-60.268E+00,-46.834E+00,-46.158E+00,-45.638E+00,-46.212E+00,202.407E+00,201.717E+00,201.999E+00,92.500E+00,+99999.9E+99,+99999.9E+99,0.00007E+06,-0.00054E+06,0.00000E+00,10.498E+00,0.756E+03,0.00083E+06,43.938E+00,F0F08
2021/11/30,17:34:31,00000:00:56,300,38003F00,0,1B00,1B00,3F00,99.939E+00,0.000E+00,0.000E+00,111.003E+00,0.000E+00,0.000E+00,0.531E+00,0.000E+00,0.000E+00,99.938E+00,0.000E+00,0.000E+00,0.000E+00,0.000E+00,0.000E+00,100.996E+00,0.000E+00,0.000E+00,98.846E+00,0.000E+00,0.000E+00,21.819E+00,+99999.9E+99,+99999.9E+99,1.076E+00,+99999.9E+99,+99999.9E+99,11.7630E+00,0.00000E+00,0.00000E+00,11.9626E+00,0.00000E+00,0.00000E+00,4.7301E+00,0.00000E+00,0.00000E+00,10.7701E+00,0.00000E+00,0.00000E+00,4.4227E+00,0.00000E+00,0.00000E+00,18.1864E+00,0.0000E+00,0.0000E+00,3.3783E+00,0.0000E+00,0.0000E+00,8.193E+00,+99999.9E+99,+99999.9E+99,68.746E+00,+99999.9E+99,+99999.9E+99,1.07408E+03,0.00000E+03,0.00000E+03,0.00000E+03,0.00000E+03,0.00000E+03,1.17559E+03,0.00000E+03,0.00000E+03,0.00000E+03,0.00000E+03,0.00000E+03,0.47787E+03,0.00000E+03,0.00000E+03,0.00000E+03,0.00000E+03,0.00000E+03,0.91365E+00,0.00000E+00,0.00000E+00,0.89697E+00,0.54140E+00,0.99312E+00,0.000E+00,122.080E+00,172.002E+00,153.763E+00,64.859E+00,165.277E+00,23.985E+00,90.000E+00,90.000E+00,12.6021E+00,0.00000E+00,0.00000E+00,95.829E+00,100.000E+00,100.000E+00,0.04480E+03,0.00000E+03,0.00000E+03,+99999.9E+99,+99999.9E+99,+99999.9E+99,+99999.9E+99,+99999.9E+99,+99999.9E+99,+99999.9E+99,+99999.9E+99,+99999.9E+99,+99999.9E+99,+99999.9E+99,+99999.9E+99,1B00,0,0,0,1B00,76.5135E+00,77.0535E+00,77.0374E+00,76.8681E+00,71.7811E+00,72.7624E+00,72.7338E+00,72.4258E+00,76.5135E+00,77.0535E+00,77.0374E+00,0.0000E+00,0.0000E+00,0.0000E+00,73.0250E+00,73.2757E+00,73.1374E+00,105.923E+00,106.080E+00,105.743E+00,-104.476E+00,-105.096E+00,-104.616E+00,14.045E+00,14.330E+00,14.441E+00,+99999.9E+99,+99999.9E+99,+99999.9E+99,0.199E+00,11.6251E+00,11.4277E+00,11.2048E+00,11.4192E+00,9.9430E+00,9.8476E+00,9.5214E+00,9.7706E+00,11.6241E+00,11.4207E+00,11.1910E+00,-0.1540E+00,-0.4000E+00,0.5550E+00,5.2261E+00,4.7244E+00,4.8824E+00,27.6600E+00,27.0610E+00,28.5386E+00,-26.3919E+00,-27.2400E+00,-26.0552E+00,54.601E+00,59.039E+00,56.952E+00,+99999.9E+99,+99999.9E+99,+99999.9E+99,4.735E+00,0.35392E+03,0.33646E+03,0.33890E+03,1.02928E+03,0.18828E+03,0.17227E+03,0.18497E+03,0.54551E+03,0.51856E+03,0.50951E+03,0.50243E+03,1.53050E+03,0.21317E+03,0.19717E+03,0.20313E+03,0.61310E+03,-0.37900E+03,-0.38263E+03,-0.37093E+03,-1.13255E+03,-0.09997E+03,-0.09591E+03,-0.08395E+03,-0.27983E+03,-0.68252E+00,-0.66035E+00,-0.67452E+00,-0.67251E+00,-0.88322E+00,-0.87372E+00,-0.91060E+00,-0.88977E+00,0.000E+00,120.014E+00,-119.823E+00,58.079E+00,179.057E+00,-65.461E+00,-46.959E+00,-48.674E+00,-47.583E+00,-47.739E+00,201.364E+00,202.094E+00,201.914E+00,92.875E+00,+99999.9E+99,+99999.9E+99,0.00007E+06,-0.00062E+06,0.00000E+00,12.064E+00,0.757E+03,0.00096E+06,43.635E+00,F0F0F
2021/11/30,17:34:31,00000:00:56,350,38003F00,700,1F00,1F00,3F00,99.939E+00,0.000E+00,0.000E+00,111.003E+00,0.000E+00,0.000E+00,0.531E+00,0.000E+00,0.000E+00,99.938E+00,0.000E+00,0.000E+00,0.000E+00,0.000E+00,0.000E+00,100.996E+00,0.000E+00,0.000E+00,98.846E+00,0.000E+00,0.000E+00,21.632E+00,451.997E+00,359.599E+00,1.076E+00,+99999.9E+99,+99999.9E+99,11.7630E+00,0.00000E+00,0.00000E+00,11.9626E+00,0.00000E+00,0.00000E+00,4.7301E+00,0.00000E+00,0.00000E+00,10.7701E+00,0.00000E+00,0.00000E+00,4.6978E+00,0.00000E+00,0.00000E+00,18.1864E+00,0.0000E+00,0.0000E+00,3.3783E+00,0.0000E+00,0.0000E+00,10.255E+00,+99999.9E+99,+99999.9E+99,68.746E+00,+99999.9E+99,+99999.9E+99,1.07408E+03,0.00000E+03,0.00000E+03,0.00000E+03,0.00000E+03,0.00000E+03,1.17559E+03,0.00000E+03,0.00000E+03,0.00000E+03,0.00000E+03,0.00000E+03,0.47787E+03,0.00000E+03,0.00000E+03,0.00000E+03,0.00000E+03,0.00000E+03,0.91365E+00,0.00000E+00,0.00000E+00,0.90815E+00,0.04642E+00,0.69871E+00,0.000E+00,121.840E+00,151.872E+00,155.251E+00,29.180E+00,17.549E+00,23.985E+00,90.000E+00,90.000E+00,12.6021E+00,0.00000E+00,0.00000E+00,118.187E+00,100.000E+00,100.000E+00,-0.19535E+03,0.00000E+03,0.00000E+03,+99999.9E+99,+99999.9E+99,+99999.9E+99,+99999.9E+99,+99999.9E+99,+99999.9E+99,+99999.9E+99,+99999.9E+99,+99999.9E+99,+99999.9E+99,+99999.9E+99,+99999.9E+99,1B00,0,0,0,1B00,77.2046E+00,77.2220E+00,76.9858E+00,77.1375E+00,72.1652E+00,72.3798E+00,71.8094E+00,72.1181E+00,77.2046E+00,77.2220E+00,76.9858E+00,0.0000E+00,0.0000E+00,0.0000E+00,70.5016E+00,71.0415E+00,70.9297E+00,105.223E+00,105.604E+00,105.436E+00,-104.471E+00,-104.971E+00,-104.860E+00,34.665E+00,34.802E+00,34.728E+00,+99999.9E+99,+99999.9E+99,+99999.9E+99,0.466E+00,13.4059E+00,12.9707E+00,13.3696E+00,13.2487E+00,12.3606E+00,11.9392E+00,12.3108E+00,12.2035E+00,13.4052E+00,12.9707E+00,13.3685E+00,-0.1435E+00,0.0000E+00,0.1732E+00,14.0764E+00,13.2101E+00,13.1738E+00,27.5709E+00,26.8514E+00,28.0638E+00,-26.6890E+00,-26.9433E+00,-26.2533E+00,39.715E+00,41.791E+00,42.195E+00,+99999.9E+99,+99999.9E+99,+99999.9E+99,4.146E+00,0.42053E+03,0.41295E+03,0.43595E+03,1.26943E+03,0.50267E+03,0.46221E+03,0.48507E+03,1.44995E+03,0.60385E+03,0.58412E+03,0.60077E+03,1.78874E+03,0.56716E+03,0.53431E+03,0.53791E+03,1.63855E+03,-0.43334E+03,-0.41312E+03,-0.41337E+03,-1.25983E+03,-0.26266E+03,-0.26805E+03,-0.23249E+03,-0.76321E+03,-0.69642E+00,-0.70696E+00,-0.72565E+00,-0.70968E+00,-0.88630E+00,-0.86506E+00,-0.90177E+00,-0.88490E+00,0.000E+00,119.856E+00,-119.692E+00,57.842E+00,179.912E+00,-64.282E+00,-45.859E+00,-45.012E+00,-43.477E+00,-44.791E+00,202.054E+00,201.490E+00,201.629E+00,89.848E+00,+99999.9E+99,+99999.9E+99,0.00013E+06,-0.00073E+06,0.00000E+00,14.378E+00,0.757E+03,0.00114E+06,43.766E+00,F0F08
2021/11/30,17:34:31,00000:00:56,400,38003D00,500,1C00,1C00,3800,99.939E+00,0.000E+00,0.000E+00,111.003E+00,0.000E+00,0.000E+00,0.531E+00,0.000E+00,0.000E+00,99.938E+00,0.000E+00,0.000E+00,0.000E+00,0.000E+00,0.000E+00,100.996E+00,0.000E+00,0.000E+00,98.846E+00,0.000E+00,0.000E+00,21.632E+00,451.997E+00,359.599E+00,1.076E+00,+99999.9E+99,+99999.9E+99,11.7630E+00,0.00000E+00,0.00000E+00,11.9626E+00,0.00000E+00,0.00000E+00,4.7301E+00,0.00000E+00,0.00000E+00,10.7701E+00,0.00000E+00,0.00000E+00,4.6978E+00,0.00000E+00,0.00000E+00,18.1864E+00,0.0000E+00,0.0000E+00,3.3783E+00,0.0000E+00,0.0000E+00,10.255E+00,+99999.9E+99,+99999.9E+99,68.746E+00,+99999.9E+99,+99999.9E+99,1.07408E+03,0.00000E+03,0.00000E+03,0.00000E+03,0.00000E+03,0.00000E+03,1.17559E+03,0.00000E+03,0.00000E+03,0.00000E+03,0.00000E+03,0.00000E+03,0.47787E+03,0.00000E+03,0.00000E+03,0.00000E+03,0.00000E+03,0.00000E+03,0.91365E+00,0.00000E+00,0.00000E+00,0.90815E+00,0.04642E+00,0.69871E+00,0.000E+00,121.840E+00,151.872E+00,155.251E+00,29.180E+00,17.549E+00,23.985E+00,90.000E+00,90.000E+00,12.6021E+00,0.00000E+00,0.00000E+00,72.579E+00,100.000E+00,100.000E+00,0.29453E+03,0.00000E+03,0.00000E+03,+99999.9E+99,+99999.9E+99,+99999.9E+99,+99999.9E+99,+99999.9E+99,+99999.9E+99,+99999.9E+99,+99999.9E+99,+99999.9E+99,+99999.9E+99,+99999.9E+99,+99999.9E+99,1B00,0,0,0,1B00,76.2637E+00,76.6247E+00,76.5012E+00,76.4632E+00,72.1795E+00,72.8692E+00,72.6288E+00,72.5592E+00,76.2637E+00,76.6247E+00,76.5011E+00,0.0000E+00,0.0000E+00,0.0000E+00,71.9253E+00,71.7732E+00,71.6893E+00,105.804E+00,106.116E+00,105.841E+00,-104.189E+00,-104.353E+00,-105.169E+00,26.632E+00,25.682E+00,26.455E+00,+99999.9E+99,+99999.9E+99,+99999.9E+99,0.192E+00,8.2704E+00,8.2160E+00,8.1603E+00,8.2156E+00,7.3659E+00,7.3310E+00,7.2646E+00,7.3205E+00,8.2697E+00,8.2150E+00,8.1568E+00,-0.1087E+00,-0.1282E+00,0.2379E+00,9.4869E+00,9.6585E+00,10.0356E+00,22.1319E+00,20.9152E+00,20.6510E+00,-18.7857E+00,-19.1962E+00,-19.6676E+00,49.177E+00,46.729E+00,45.085E+00,+99999.9E+99,+99999.9E+99,+99999.9E+99,4.448E+00,0.26148E+03,0.25614E+03,0.26194E+03,0.77956E+03,0.32589E+03,0.34978E+03,0.35453E+03,1.03020E+03,0.36582E+03,0.36373E+03,0.36226E+03,1.09181E+03,0.38245E+03,0.39304E+03,0.41138E+03,1.18624E+03,-0.25583E+03,-0.25826E+03,-0.25024E+03,-0.76433E+03,-0.20017E+03,-0.17925E+03,-0.20867E+03,-0.58809E+03,-0.71478E+00,-0.70419E+00,-0.72308E+00,-0.71400E+00,-0.85210E+00,-0.88995E+00,-0.86180E+00,-0.86846E+00,0.000E+00,120.149E+00,-120.026E+00,61.491E+00,177.241E+00,-59.437E+00,-44.375E+00,-45.236E+00,-43.691E+00,-44.438E+00,201.657E+00,201.928E+00,201.858E+00,94.888E+00,+99999.9E+99,+99999.9E+99,0.00004E+06,-0.00048E+06,0.00000E+00,9.346E+00,0.756E+03,0.00074E+06,43.779E+00,F0F08
2021/11/30,17:34:31,00000:00:56,450,38003F00,700,1F00,1F00,3F00,99.939E+00,0.000E+00,0.000E+00,111.003E+00,0.000E+00,0.000E+00,0.531E+00,0.000E+00,0.000E+00,99.938E+00,0.000E+00,0.000E+00,0.000E+00,0.000E+00,0.000E+00,100.996E+00,0.000E+00,0.000E+00,98.846E+00,0.000E+00,0.000E+00,21.632E+00,451.997E+00,359.599E+00,1.076E+00,+99999.9E+99,+99999.9E+99,11.7630E+00,0.00000E+00,0.00000E+00,11.9626E+00,0.00000E+00,0.00000E+00,4.7301E+00,0.00000E+00,0.00000E+00,10.7701E+00,0.00000E+00,0.00000E+00,4.6978E+00,0.00000E+00,0.00000E+00,18.1864E+00,0.0000E+00,0.0000E+00,3.3783E+00,0.0000E+00,0.0000E+00,10.255E+00,+99999.9E+99,+99999.9E+99,68.746E+00,+99999.9E+99,+99999.9E+99,1.07408E+03,0.00000E+03,0.00000E+03,0.00000E+03,0.00000E+03,0.00000E+03,1.17559E+03,0.00000E+03,0.00000E+03,0.00000E+03,0.00000E+03,0.00000E+03,0.47787E+03,0.00000E+03,0.00000E+03,0.00000E+03,0.00000E+03,0.00000E+03,0.91365E+00,0.00000E+00,0.00000E+00,0.90815E+00,0.04642E+00,0.69871E+00,0.000E+00,121.840E+00,151.872E+00,155.251E+00,29.180E+00,17.549E+00,23.985E+00,90.000E+00,90.000E+00,12.6021E+00,0.00000E+00,0.00000E+00,115.369E+00,100.000E+00,100.000E+00,-0.16507E+03,0.00000E+03,0.00000E+03,+99999.9E+99,+99999.9E+99,+99999.9E+99,+99999.9E+99,+99999.9E+99,+99999.9E+99,+99999.9E+99,+99999.9E+99,+99999.9E+99,+99999.9E+99,+99999.9E+99,+99999.9E+99,1B00,0,0,0,1B00,77.0698E+00,77.1520E+00,77.0880E+00,77.1032E+00,72.0871E+00,72.4556E+00,72.1907E+00,72.2444E+00,77.0697E+00,77.1520E+00,77.0880E+00,0.0000E+00,0.0000E+00,0.0000E+00,72.7058E+00,73.1142E+00,72.9656E+00,105.780E+00,106.031E+00,105.831E+00,-104.686E+00,-104.927E+00,-104.799E+00,16.354E+00,16.546E+00,16.934E+00,+99999.9E+99,+99999.9E+99,+99999.9E+99,0.334E+00,13.2616E+00,12.7861E+00,12.9838E+00,13.0105E+00,12.0987E+00,11.6174E+00,11.6847E+00,11.8003E+00,13.2603E+00,12.7826E+00,12.9748E+00,-0.1838E+00,-0.2975E+00,0.4823E+00,6.4717E+00,5.7980E+00,5.7143E+00,27.2667E+00,27.1552E+00,28.3562E+00,-26.2719E+00,-26.9890E+00,-26.6233E+00,49.459E+00,53.966E+00,54.513E+00,+99999.9E+99,+99999.9E+99,+99999.9E+99,6.839E+00,0.42151E+03,0.39966E+03,0.41798E+03,1.23916E+03,0.23274E+03,0.20368E+03,0.22004E+03,0.65647E+03,0.59700E+03,0.57403E+03,0.58275E+03,1.75377E+03,0.26009E+03,0.23478E+03,0.23832E+03,0.73225E+03,-0.42277E+03,-0.41204E+03,-0.40606E+03,-1.24086E+03,-0.11610E+03,-0.11678E+03,-0.09153E+03,-0.32441E+03,-0.70606E+00,-0.69624E+00,-0.71726E+00,-0.70657E+00,-0.89484E+00,-0.86753E+00,-0.92330E+00,-0.89650E+00,0.000E+00,119.948E+00,-119.742E+00,56.701E+00,179.706E+00,-67.276E+00,-45.085E+00,-45.874E+00,-44.171E+00,-45.044E+00,201.667E+00,201.323E+00,201.571E+00,91.036E+00,+99999.9E+99,+99999.9E+99,0.00011E+06,-0.00073E+06,0.00000E+00,14.233E+00,0.757E+03,0.00113E+06,43.707E+00,F0F08
2021/11/30,17:34:31,00000:00:56,500,38003F00,500,1F00,1F00,3F00,99.939E+00,0.000E+00,0.000E+00,111.003E+00,0.000E+00,0.000E+00,0.531E+00,0.000E+00,0.000E+00,99.938E+00,0.000E+00,0.000E+00,0.000E+00,0.000E+00,0.000E+00,100.996E+00,0.000E+00,0.000E+00,98.846E+00,0.000E+00,0.000E+00,67.414E+00,464.372E+00,396.061E+00,1.076E+00,+99999.9E+99,+99999.9E+99,11.7630E+00,0.00000E+00,0.00000E+00,11.9626E+00,0.00000E+00,0.00000E+00,4.7301E+00,0.00000E+00,0.00000E+00,10.7701E+00,0.00000E+00,0.00000E+00,3.8917E+00,0.00000E+00,0.00000E+00,18.1864E+00,0.0000E+00,0.0000E+00,3.3783E+00,0.0000E+00,0.0000E+00,48.778E+00,492.278E+00,+99999.9E+99,68.746E+00,+99999.9E+99,+99999.9E+99,1.07408E+03,0.00000E+03,0.00000E+03,0.00000E+03,0.00000E+03,0.00000E+03,1.17559E+03,0.00000E+03,0.00000E+03,0.00000E+03,0.00000E+03,0.00000E+03,0.47787E+03,0.00000E+03,0.00000E+03,0.00000E+03,0.00000E+03,0.00000E+03,0.91365E+00,0.00000E+00,0.00000E+00,0.88524E+00,0.38623E+00,0.67314E+00,0.000E+00,-166.667E+00,127.430E+00,152.281E+00,126.053E+00,-4.881E+00,23.985E+00,90.000E+00,90.000E+00,12.6021E+00,0.00000E+00,0.00000E+00,102.257E+00,100.000E+00,100.000E+00,-0.02424E+03,0.00000E+03,0.00000E+03,+99999.9E+99,+99999.9E+99,+99999.9E+99,+99999.9E+99,+99999.9E+99,+99999.9E+99,+99999.9E+99,+99999.9E+99,+99999.9E+99,+99999.9E+99,+99999.9E+99,+99999.9E+99,1800,0,0,0,1800,76.7380E+00,77.0838E+00,76.8119E+00,76.8779E+00,72.0347E+00,72.6752E+00,72.1718E+00,72.2939E+00,76.7380E+00,77.0838E+00,76.8119E+00,0.0000E+00,0.0000E+00,0.0000E+00,69.9919E+00,70.2087E+00,70.1290E+00,105.401E+00,105.967E+00,105.566E+00,-104.624E+00,-104.696E+00,-104.353E+00,38.639E+00,38.538E+00,38.517E+00,+99999.9E+99,+99999.9E+99,+99999.9E+99,0.188E+00,11.9798E+00,11.8276E+00,12.1125E+00,11.9733E+00,10.4958E+00,10.4253E+00,10.6244E+00,10.5152E+00,11.9794E+00,11.8276E+00,12.1125E+00,-0.1018E+00,0.0000E+00,0.0000E+00,15.1973E+00,14.7756E+00,14.9736E+00,27.6848E+00,27.2329E+00,28.5495E+00,-26.1705E+00,-26.9076E+00,-26.7819E+00,39.743E+00,40.765E+00,39.897E+00,+99999.9E+99,+99999.9E+99,+99999.9E+99,1.785E+00,0.36010E+03,0.36296E+03,0.37527E+03,1.09833E+03,0.53375E+03,0.51663E+03,0.53403E+03,1.58440E+03,0.53510E+03,0.52975E+03,0.54331E+03,1.60815E+03,0.61339E+03,0.59535E+03,0.60526E+03,1.81384E+03,-0.39579E+03,-0.38588E+03,-0.39288E+03,-1.17455E+03,-0.30227E+03,-0.29586E+03,-0.28487E+03,-0.88300E+03,-0.67297E+00,-0.68514E+00,-0.69072E+00,-0.68297E+00,-0.87015E+00,-0.86778E+00,-0.88231E+00,-0.87351E+00,0.000E+00,119.967E+00,-119.859E+00,59.628E+00,179.729E+00,-61.850E+00,-47.703E+00,-46.753E+00,-46.313E+00,-46.923E+00,201.843E+00,202.242E+00,201.763E+00,90.206E+00,+99999.9E+99,+99999.9E+99,0.00011E+06,-0.00063E+06,0.00000E+00,12.504E+00,0.757E+03,0.00099E+06,43.769E+00,F0F08
2021/11/30,17:34:31,00000:00:56,550,38003F00,2A00,3B00,3B00,3F00,99.869E+00,0.000E+00,0.000E+00,110.925E+00,0.000E+00,0.000E+00,0.489E+00,0.000E+00,0.000E+00,99.868E+00,0.000E+00,0.000E+00,0.000E+00,0.000E+00,0.000E+00,100.932E+00,0.000E+00,0.000E+00,98.764E+00,0.000E+00,0.000E+00,67.414E+00,464.372E+00,396.061E+00,1.085E+00,+99999.9E+99,+99999.9E+99,11.9947E+00,0.00000E+00,0.00000E+00,12.3351E+00,0.00000E+00,0.00000E+00,4.5323E+00,0.00000E+00,0.00000E+00,11.1055E+00,0.00000E+00,0.00000E+00,3.8917E+00,0.00000E+00,0.00000E+00,18.1733E+00,0.0000E+00,0.0000E+00,3.4017E+00,0.0000E+00,0.0000E+00,48.778E+00,492.278E+00,+99999.9E+99,66.506E+00,+99999.9E+99,+99999.9E+99,1.10708E+03,0.00000E+03,0.00000E+03,0.00000E+03,0.00000E+03,0.00000E+03,1.19790E+03,0.00000E+03,0.00000E+03,0.00000E+03,0.00000E+03,0.00000E+03,0.45752E+03,0.00000E+03,0.00000E+03,0.00000E+03,0.00000E+03,0.00000E+03,0.92419E+00,0.00000E+00,0.00000E+00,0.88524E+00,0.38623E+00,0.67314E+00,0.000E+00,-166.667E+00,127.430E+00,152.281E+00,126.053E+00,-4.881E+00,22.454E+00,90.000E+00,90.000E+00,0.00000E+00,0.00000E+00,0.00000E+00,75.859E+00,100.000E+00,100.000E+00,0.26726E+03,0.00000E+03,0.00000E+03,+99999.9E+99,+99999.9E+99,+99999.9E+99,+99999.9E+99,+99999.9E+99,+99999.9E+99,+99999.9E+99,+99999.9E+99,+99999.9E+99,+99999.9E+99,+99999.9E+99,+99999.9E+99,1B00,0,0,0,1B00,76.5298E+00,76.6125E+00,76.5290E+00,76.5571E+00,72.3692E+00,72.7099E+00,72.4148E+00,72.4980E+00,76.5298E+00,76.6125E+00,76.5290E+00,0.0000E+00,0.0000E+00,0.0000E+00,72.8397E+00,72.6685E+00,72.6079E+00,105.789E+00,106.106E+00,105.739E+00,-104.446E+00,-104.891E+00,-104.129E+00,18.495E+00,18.112E+00,18.132E+00,+99999.9E+99,+99999.9E+99,+99999.9E+99,0.192E+00,9.4249E+00,8.9356E+00,9.0661E+00,9.1422E+00,8.1567E+00,7.7601E+00,7.7870E+00,7.9012E+00,9.4239E+00,8.9322E+00,9.0581E+00,-0.1374E+00,-0.2442E+00,0.3827E+00,6.1880E+00,6.4978E+00,6.8770E+00,26.2167E+00,24.1814E+00,25.1005E+00,-26.5986E+00,-25.3929E+00,-22.4181E+00,56.369E+00,52.270E+00,49.695E+00,+99999.9E+99,+99999.9E+99,+99999.9E+99,4.682E+00,0.28733E+03,0.26939E+03,0.28310E+03,0.83982E+03,0.22265E+03,0.23925E+03,0.24292E+03,0.70482E+03,0.41879E+03,0.39614E+03,0.40187E+03,1.21680E+03,0.25744E+03,0.26506E+03,0.27796E+03,0.79999E+03,-0.30467E+03,-0.29044E+03,-0.28523E+03,-0.88034E+03,-0.12925E+03,-0.11409E+03,-0.13509E+03,-0.37843E+03,-0.68609E+00,-0.68004E+00,-0.70446E+00,-0.69019E+00,-0.86483E+00,-0.90262E+00,-0.87395E+00,-0.88104E+00,0.000E+00,120.127E+00,-120.056E+00,60.056E+00,175.598E+00,-60.872E+00,-46.678E+00,-47.153E+00,-45.214E+00,-46.355E+00,201.896E+00,201.294E+00,202.028E+00,94.450E+00,+99999.9E+99,+99999.9E+99,0.00005E+06,-0.00052E+06,0.00000E+00,10.019E+00,0.756E+03,0.00079E+06,43.831E+00,F0F08
2021/11/30,17:34:31,00000:00:56,600,38003D00,2D00,3C00,3C00,3800,99.869E+00,0.000E+00,0.000E+00,110.925E+00,0.000E+00,0.000E+00,0.489E+00,0.000E+00,0.000E+00,99.868E+00,0.000E+00,0.000E+00,0.000E+00,0.000E+00,0.000E+00,100.932E+00,0.000E+00,0.000E+00,98.764E+00,0.000E+00,0.000E+00,34.823E+00,+99999.9E+99,443.170E+00,1.085E+00,+99999.9E+99,+99999.9E+99,11.9947E+00,0.00000E+00,0.00000E+00,12.3351E+00,0.00000E+00,0.00000E+00,4.5323E+00,0.00000E+00,0.00000E+00,11.1055E+00,0.00000E+00,0.00000E+00,4.0773E+00,0.00000E+00,0.00000E+00,18.1733E+00,0.0000E+00,0.0000E+00,3.4017E+00,0.0000E+00,0.0000E+00,43.349E+00,+99999.9E+99,+99999.9E+99,66.506E+00,+99999.9E+99,+99999.9E+99,1.10708E+03,0.00000E+03,0.00000E+03,0.00000E+03,0.00000E+03,0.00000E+03,1.19790E+03,0.00000E+03,0.00000E+03,0.00000E+03,0.00000E+03,0.00000E+03,0.45752E+03,0.00000E+03,0.00000E+03,0.00000E+03,0.00000E+03,0.00000E+03,0.92419E+00,0.00000E+00,0.00000E+00,0.93259E+00,0.94414E+00,0.66738E+00,0.000E+00,12.207E+00,150.869E+00,158.842E+00,-148.551E+00,-160.996E+00,22.454E+00,90.000E+00,90.000E+00,0.00000E+00,0.00000E+00,0.00000E+00,123.003E+00,100.000E+00,100.000E+00,-0.25466E+03,0.00000E+03,0.00000E+03,+99999.9E+99,+99999.9E+99,+99999.9E+99,+99999.9E+99,+99999.9E+99,+99999.9E+99,+99999.9E+99,+99999.9E+99,+99999.9E+99,+99999.9E+99,+99999.9E+99,+99999.9E+99,1B00,0,0,0,1B00,76.9991E+00,77.4661E+00,77.3304E+00,77.2652E+00,71.7121E+00,72.5923E+00,72.3423E+00,72.2156E+00,76.9991E+00,77.4661E+00,77.3304E+00,0.0000E+00,0.0000E+00,0.0000E+00,71.7106E+00,72.2522E+00,72.0352E+00,105.661E+00,106.099E+00,105.557E+00,-105.139E+00,-104.737E+00,-104.244E+00,24.478E+00,24.852E+00,24.776E+00,+99999.9E+99,+99999.9E+99,+99999.9E+99,0.431E+00,13.9995E+00,13.6740E+00,13.8093E+00,13.8276E+00,13.0822E+00,12.8858E+00,12.8469E+00,12.9383E+00,13.9984E+00,13.6723E+00,13.8037E+00,-0.1731E+00,-0.2185E+00,0.3928E+00,9.7649E+00,8.9457E+00,9.0824E+00,27.6767E+00,27.2533E+00,28.5905E+00,-26.6333E+00,-26.8409E+00,-26.6900E+00,45.430E+00,48.227E+00,48.685E+00,+99999.9E+99,+99999.9E+99,+99999.9E+99,6.771E+00,0.45820E+03,0.44634E+03,0.45721E+03,1.36175E+03,0.35165E+03,0.30761E+03,0.33124E+03,0.99050E+03,0.63069E+03,0.61642E+03,0.62474E+03,1.87184E+03,0.39703E+03,0.36048E+03,0.36301E+03,1.11906E+03,-0.43339E+03,-0.42515E+03,-0.42574E+03,-1.28428E+03,-0.18432E+03,-0.18795E+03,-0.14850E+03,-0.52077E+03,-0.72651E+00,-0.72408E+00,-0.73184E+00,-0.72749E+00,-0.88571E+00,-0.85332E+00,-0.91249E+00,-0.88512E+00,0.000E+00,119.942E+00,-119.662E+00,57.905E+00,-178.726E+00,-65.665E+00,-43.406E+00,-43.607E+00,-42.959E+00,-43.324E+00,201.353E+00,202.092E+00,201.049E+00,90.108E+00,+99999.9E+99,+99999.9E+99,0.00013E+06,-0.00078E+06,0.00000E+00,15.474E+00,0.757E+03,0.00123E+06,43.589E+00,F0F08
2021/11/30,17:34:31,00000:00:56,650,38003F00,2800,3B00,3B00,3F00,100.042E+00,0.000E+00,0.000E+00,111.117E+00,0.000E+00,0.000E+00,0.504E+00,0.000E+00,0.000E+00,100.040E+00,0.000E+00,0.000E+00,0.000E+00,0.000E+00,0.000E+00,100.932E+00,0.000E+00,0.000E+00,98.821E+00,0.000E+00,0.000E+00,34.823E+00,+99999.9E+99,443.170E+00,1.055E+00,+99999.9E+99,+99999.9E+99,11.2006E+00,0.00000E+00,0.00000E+00,11.4247E+00,0.00000E+00,0.00000E+00,4.4334E+00,0.00000E+00,0.00000E+00,10.2858E+00,0.00000E+00,0.00000E+00,4.0773E+00,0.00000E+00,0.00000E+00,18.3540E+00,0.0000E+00,0.0000E+00,4.1826E+00,0.0000E+00,0.0000E+00,43.349E+00,+99999.9E+99,+99999.9E+99,68.888E+00,+99999.9E+99,+99999.9E+99,1.02702E+03,0.00000E+03,0.00000E+03,0.00000E+03,0.00000E+03,0.00000E+03,1.12053E+03,0.00000E+03,0.00000E+03,0.00000E+03,0.00000E+03,0.00000E+03,-0.44813E+03,0.00000E+03,0.00000E+03,0.00000E+03,0.00000E+03,0.00000E+03,-0.91655E+00,0.00000E+00,0.00000E+00,0.93259E+00,0.94414E+00,0.66738E+00,0.000E+00,12.207E+00,150.869E+00,158.842E+00,-148.551E+00,-160.996E+00,-23.574E+00,90.000E+00,90.000E+00,9.33494E+00,0.00000E+00,0.00000E+00,85.178E+00,100.000E+00,100.000E+00,0.15222E+03,0.00000E+03,0.00000E+03,+99999.9E+99,+99999.9E+99,+99999.9E+99,+99999.9E+99,+99999.9E+99,+99999.9E+99,+99999.9E+99,+99999.9E+99,+99999.9E+99,+99999.9E+99,+99999.9E+99,+99999.9E+99,1B00,0,0,0,1B00,76.7092E+00,76.6518E+00,76.3836E+00,76.5815E+00,72.5937E+00,72.6837E+00,72.0423E+00,72.4399E+00,76.7092E+00,76.6518E+00,76.3836E+00,0.0000E+00,0.0000E+00,0.0000E+00,70.7305E+00,70.6379E+00,70.4856E+00,105.700E+00,105.969E+00,105.813E+00,-104.310E+00,-104.266E+00,-104.229E+00,35.871E+00,35.342E+00,35.818E+00,+99999.9E+99,+99999.9E+99,+99999.9E+99,0.204E+00,9.7279E+00,9.3243E+00,9.9197E+00,9.6573E+00,8.4309E+00,8.0823E+00,8.4859E+00,8.3331E+00,9.7274E+00,9.3243E+00,9.9197E+00,-0.1001E+00,0.0000E+00,0.0000E+00,13.4507E+00,13.5048E+00,14.0472E+00,26.3710E+00,24.9248E+00,27.1690E+00,-25.2862E+00,-23.4276E+00,-26.5386E+00,42.746E+00,41.953E+00,40.133E+00,+99999.9E+99,+99999.9E+99,+99999.9E+99,2.498E+00,0.28603E+03,0.28459E+03,0.30418E+03,0.87479E+03,0.46943E+03,0.48471E+03,0.49332E+03,1.44746E+03,0.43274E+03,0.41498E+03,0.44009E+03,1.28780E+03,0.54419E+03,0.54759E+03,0.56497E+03,1.65646E+03,-0.32473E+03,-0.30202E+03,-0.31805E+03,-0.94480E+03,-0.27529E+03,-0.25478E+03,-0.27537E+03,-0.80543E+03,-0.66097E+00,-0.68579E+00,-0.69117E+00,-0.67929E+00,-0.86261E+00,-0.88517E+00,-0.87318E+00,-0.87383E+00,0.000E+00,120.179E+00,-119.985E+00,60.338E+00,177.841E+00,-60.699E+00,-48.626E+00,-46.702E+00,-46.277E+00,-47.212E+00,202.408E+00,201.782E+00,202.614E+00,91.496E+00,+99999.9E+99,+99999.9E+99,0.00007E+06,-0.00052E+06,0.00000E+00,10.101E+00,0.757E+03,0.00080E+06,43.926E+00,F0F08
2021/11/30,17:34:31,00000:00:56,700,38003F00,0,1B00,1B00,3F00,99.936E+00,0.000E+00,0.000E+00,111.000E+00,0.000E+00,0.000E+00,0.511E+00,0.000E+00,0.000E+00,99.935E+00,0.000E+00,0.000E+00,0.000E+00,0.000E+00,0.000E+00,100.904E+00,0.000E+00,0.000E+00,98.857E+00,0.000E+00,0.000E+00,98.910E+00,491.651E+00,+99999.9E+99,1.024E+00,+99999.9E+99,+99999.9E+99,11.6809E+00,0.00000E+00,0.00000E+00,11.9279E+00,0.00000E+00,0.00000E+00,4.5958E+00,0.00000E+00,0.00000E+00,10.7389E+00,0.00000E+00,0.00000E+00,3.1899E+00,0.00000E+00,0.00000E+00,18.1838E+00,0.0000E+00,0.0000E+00,4.1267E+00,0.0000E+00,0.0000E+00,97.550E+00,+99999.9E+99,+99999.9E+99,65.450E+00,+99999.9E+99,+99999.9E+99,1.07109E+03,0.00000E+03,0.00000E+03,0.00000E+03,0.00000E+03,0.00000E+03,1.16735E+03,0.00000E+03,0.00000E+03,0.00000E+03,0.00000E+03,0.00000E+03,0.46419E+03,0.00000E+03,0.00000E+03,0.00000E+03,0.00000E+03,0.00000E+03,0.91754E+00,0.00000E+00,0.00000E+00,0.83041E+00,0.64766E+00,0.97990E+00,0.000E+00,-44.183E+00,142.874E+00,146.141E+00,5.451E+00,154.381E+00,23.431E+00,90.000E+00,90.000E+00,12.6127E+00,0.00000E+00,0.00000E+00,96.014E+00,100.000E+00,100.000E+00,0.04269E+03,0.00000E+03,0.00000E+03,+99999.9E+99,+99999.9E+99,+99999.9E+99,+99999.9E+99,+99999.9E+99,+99999.9E+99,+99999.9E+99,+99999.9E+99,+99999.9E+99,+99999.9E+99,+99999.9E+99,+99999.9E+99,1B00,0,0,0,1B00,76.5137E+00,77.0425E+00,77.0263E+00,76.8609E+00,71.7719E+00,72.7447E+00,72.7182E+00,72.4116E+00,76.5137E+00,77.0425E+00,77.0263E+00,0.0000E+00,0.0000E+00,0.0000E+00,73.1324E+00,73.2357E+00,73.1215E+00,105.923E+00,106.100E+00,105.749E+00,-104.377E+00,-104.487E+00,-104.424E+00,13.958E+00,13.904E+00,14.180E+00,+99999.9E+99,+99999.9E+99,+99999.9E+99,0.099E+00,11.5601E+00,11.3522E+00,11.1390E+00,11.3505E+00,9.9534E+00,9.8361E+00,9.5321E+00,9.7739E+00,11.5592E+00,11.3455E+00,11.1261E+00,-0.1442E+00,-0.3910E+00,0.5363E+00,4.8208E+00,4.5860E+00,4.8285E+00,27.7771E+00,27.0457E+00,28.4857E+00,-26.4648E+00,-27.2052E+00,-26.1052E+00,58.560E+00,59.761E+00,56.374E+00,+99999.9E+99,+99999.9E+99,+99999.9E+99,2.713E+00,0.35367E+03,0.33541E+03,0.33931E+03,1.02839E+03,0.17364E+03,0.17043E+03,0.17974E+03,0.52381E+03,0.51566E+03,0.50611E+03,0.49932E+03,1.52109E+03,0.19934E+03,0.19251E+03,0.20129E+03,0.59302E+03,-0.37527E+03,-0.37901E+03,-0.36632E+03,-1.12059E+03,-0.09791E+03,-0.08951E+03,-0.09061E+03,-0.27802E+03,-0.68586E+00,-0.66273E+00,-0.67954E+00,-0.67609E+00,-0.87107E+00,-0.88534E+00,-0.89296E+00,-0.88329E+00,0.000E+00,120.055E+00,-119.906E+00,59.460E+00,177.712E+00,-63.147E+00,-46.697E+00,-48.492E+00,-47.192E+00,-47.461E+00,201.265E+00,202.025E+00,201.421E+00,93.077E+00,+99999.9E+99,+99999.9E+99,0.00007E+06,-0.00062E+06,0.00000E+00,12.079E+00,0.757E+03,0.00096E+06,43.602E+00,F0F0F
2021/11/30,17:34:31,00000:00:56,750,38003F00,700,1F00,1F00,3F00,99.936E+00,0.000E+00,0.000E+00,111.000E+00,0.000E+00,0.000E+00,0.511E+00,0.000E+00,0.000E+00,99.935E+00,0.000E+00,0.000E+00,0.000E+00,0.000E+00,0.000E+00,100.904E+00,0.000E+00,0.000E+00,98.857E+00,0.000E+00,0.000E+00,23.235E+00,+99999.9E+99,421.956E+00,1.024E+00,+99999.9E+99,+99999.9E+99,11.6809E+00,0.00000E+00,0.00000E+00,11.9279E+00,0.00000E+00,0.00000E+00,4.5958E+00,0.00000E+00,0.00000E+00,10.7389E+00,0.00000E+00,0.00000E+00,4.6332E+00,0.00000E+00,0.00000E+00,18.1838E+00,0.0000E+00,0.0000E+00,4.1267E+00,0.0000E+00,0.0000E+00,14.639E+00,+99999.9E+99,+99999.9E+99,65.450E+00,+99999.9E+99,+99999.9E+99,1.07109E+03,0.00000E+03,0.00000E+03,0.00000E+03,0.00000E+03,0.00000E+03,1.16735E+03,0.00000E+03,0.00000E+03,0.00000E+03,0.00000E+03,0.00000E+03,0.46419E+03,0.00000E+03,0.00000E+03,0.00000E+03,0.00000E+03,0.00000E+03,0.91754E+00,0.00000E+00,0.00000E+00,0.91708E+00,0.99321E+00,0.57582E+00,0.000E+00,-70.272E+00,143.158E+00,156.503E+00,116.410E+00,88.315E+00,23.431E+00,90.000E+00,90.000E+00,12.6127E+00,0.00000E+00,0.00000E+00,118.350E+00,100.000E+00,100.000E+00,-0.19654E+03,0.00000E+03,0.00000E+03,+99999.9E+99,+99999.9E+99,+99999.9E+99,+99999.9E+99,+99999.9E+99,+99999.9E+99,+99999.9E+99,+99999.9E+99,+99999.9E+99,+99999.9E+99,+99999.9E+99,+99999.9E+99,1B00,0,0,0,1B00,77.2111E+00,77.2257E+00,77.0060E+00,77.1476E+00,72.1538E+00,72.3722E+00,71.8277E+00,72.1179E+00,77.2111E+00,77.2257E+00,77.0060E+00,0.0000E+00,0.0000E+00,0.0000E+00,70.4802E+00,71.0222E+00,70.9242E+00,105.360E+00,105.750E+00,105.533E+00,-104.654E+00,-104.727E+00,-104.773E+00,34.394E+00,34.488E+00,34.388E+00,+99999.9E+99,+99999.9E+99,+99999.9E+99,0.470E+00,13.3877E+00,12.9509E+00,13.3298E+00,13.2228E+00,12.3664E+00,11.9481E+00,12.2869E+00,12.2004E+00,13.3866E+00,12.9509E+00,13.3281E+00,-0.1669E+00,0.0000E+00,0.2181E+00,13.9196E+00,13.0406E+00,12.9791E+00,27.1767E+00,26.8195E+00,28.1033E+00,-26.1590E+00,-26.4681E+00,-26.3638E+00,40.063E+00,42.151E+00,42.793E+00,+99999.9E+99,+99999.9E+99,+99999.9E+99,4.271E+00,0.42076E+03,0.41197E+03,0.43490E+03,1.26763E+03,0.49340E+03,0.45226E+03,0.47478E+03,1.42044E+03,0.60318E+03,0.58325E+03,0.59909E+03,1.78552E+03,0.55908E+03,0.52618E+03,0.52875E+03,1.61314E+03,-0.43219E+03,-0.41287E+03,-0.41203E+03,-1.25710E+03,-0.26291E+03,-0.26894E+03,-0.23273E+03,-0.76458E+03,-0.69757E+00,-0.70633E+00,-0.72593E+00,-0.70995E+00,-0.88253E+00,-0.85951E+00,-0.89793E+00,-0.88054E+00,0.000E+00,119.842E+00,-119.699E+00,58.305E+00,-179.468E+00,-63.791E+00,-45.767E+00,-45.063E+00,-43.453E+00,-44.769E+00,202.263E+00,201.634E+00,201.948E+00,89.716E+00,+99999.9E+99,+99999.9E+99,0.00013E+06,-0.00073E+06,0.00000E+00,14.335E+00,0.758E+03,0.00114E+06,43.817E+00,F0F08
2021/11/30,17:34:32,00000:00:56,800,38003F00,500,1F00,1F00,3F00,99.936E+00,0.000E+00,0.000E+00,111.000E+00,0.000E+00,0.000E+00,0.511E+00,0.000E+00,0.000E+00,99.935E+00,0.000E+00,0.000E+00,0.000E+00,0.000E+00,0.000E+00,100.904E+00,0.000E+00,0.000E+00,98.857E+00,0.000E+00,0.000E+00,23.235E+00,+99999.9E+99,421.956E+00,1.024E+00,+99999.9E+99,+99999.9E+99,11.6809E+00,0.00000E+00,0.00000E+00,11.9279E+00,0.00000E+00,0.00000E+00,4.5958E+00,0.00000E+00,0.00000E+00,10.7389E+00,0.00000E+00,0.00000E+00,4.6332E+00,0.00000E+00,0.00000E+00,18.1838E+00,0.0000E+00,0.0000E+00,4.1267E+00,0.0000E+00,0.0000E+00,14.639E+00,+99999.9E+99,+99999.9E+99,65.450E+00,+99999.9E+99,+99999.9E+99,1.07109E+03,0.00000E+03,0.00000E+03,0.00000E+03,0.00000E+03,0.00000E+03,1.16735E+03,0.00000E+03,0.00000E+03,0.00000E+03,0.00000E+03,0.00000E+03,0.46419E+03,0.00000E+03,0.00000E+03,0.00000E+03,0.00000E+03,0.00000E+03,0.91754E+00,0.00000E+00,0.00000E+00,0.91708E+00,0.99321E+00,0.57582E+00,0.000E+00,-70.272E+00,143.158E+00,156.503E+00,116.410E+00,88.315E+00,23.431E+00,90.000E+00,90.000E+00,12.6127E+00,0.00000E+00,0.00000E+00,72.527E+00,100.000E+00,100.000E+00,0.29425E+03,0.00000E+03,0.00000E+03,+99999.9E+99,+99999.9E+99,+99999.9E+99,+99999.9E+99,+99999.9E+99,+99999.9E+99,+99999.9E+99,+99999.9E+99,+99999.9E+99,+99999.9E+99,+99999.9E+99,+99999.9E+99,1B00,0,0,0,1B00,76.2886E+00,76.6345E+00,76.5155E+00,76.4795E+00,72.2059E+00,72.8770E+00,72.6387E+00,72.5739E+00,76.2886E+00,76.6345E+00,76.5154E+00,0.0000E+00,0.0000E+00,0.0000E+00,71.9413E+00,71.7955E+00,71.7203E+00,105.863E+00,106.131E+00,105.694E+00,-105.126E+00,-104.986E+00,-104.006E+00,27.120E+00,26.080E+00,26.865E+00,+99999.9E+99,+99999.9E+99,+99999.9E+99,0.180E+00,8.2623E+00,8.2068E+00,8.1450E+00,8.2047E+00,7.3578E+00,7.3162E+00,7.2514E+00,7.3084E+00,8.2614E+00,8.2058E+00,8.1411E+00,-0.1204E+00,-0.1286E+00,0.2500E+00,9.6841E+00,9.8701E+00,10.2260E+00,22.1919E+00,21.0457E+00,20.3971E+00,-18.8390E+00,-19.1267E+00,-19.8495E+00,48.673E+00,46.106E+00,44.597E+00,+99999.9E+99,+99999.9E+99,+99999.9E+99,4.362E+00,0.26090E+03,0.25502E+03,0.26091E+03,0.77683E+03,0.33381E+03,0.35811E+03,0.36212E+03,1.05404E+03,0.36565E+03,0.36342E+03,0.36165E+03,1.09072E+03,0.38928E+03,0.40079E+03,0.41838E+03,1.20783E+03,-0.25618E+03,-0.25891E+03,-0.25044E+03,-0.76553E+03,-0.20028E+03,-0.17997E+03,-0.20955E+03,-0.58980E+03,-0.71354E+00,-0.70173E+00,-0.72143E+00,-0.71222E+00,-0.85750E+00,-0.89351E+00,-0.86553E+00,-0.87267E+00,0.000E+00,120.138E+00,-120.029E+00,60.896E+00,176.784E+00,-59.870E+00,-44.477E+00,-45.434E+00,-43.827E+00,-44.584E+00,201.972E+00,201.983E+00,201.963E+00,95.091E+00,+99999.9E+99,+99999.9E+99,0.00004E+06,-0.00048E+06,0.00000E+00,9.329E+00,0.756E+03,0.00074E+06,43.843E+00,F0F08
2021/11/30,17:34:32,00000:00:56,850,38003F00,700,1C00,1C00,3800,99.936E+00,0.000E+00,0.000E+00,111.000E+00,0.000E+00,0.000E+00,0.511E+00,0.000E+00,0.000E+00,99.935E+00,0.000E+00,0.000E+00,0.000E+00,0.000E+00,0.000E+00,100.904E+00,0.000E+00,0.000E+00,98.857E+00,0.000E+00,0.000E+00,66.288E+00,+99999.9E+99,314.858E+00,1.024E+00,+99999.9E+99,+99999.9E+99,11.6809E+00,0.00000E+00,0.00000E+00,11.9279E+00,0.00000E+00,0.00000E+00,4.5958E+00,0.00000E+00,0.00000E+00,10.7389E+00,0.00000E+00,0.00000E+00,3.8498E+00,0.00000E+00,0.00000E+00,18.1838E+00,0.0000E+00,0.0000E+00,4.1267E+00,0.0000E+00,0.0000E+00,47.219E+00,+99999.9E+99,+99999.9E+99,65.450E+00,+99999.9E+99,+99999.9E+99,1.07109E+03,0.00000E+03,0.00000E+03,0.00000E+03,0.00000E+03,0.00000E+03,1.16735E+03,0.00000E+03,0.00000E+03,0.00000E+03,0.00000E+03,0.00000E+03,0.46419E+03,0.00000E+03,0.00000E+03,0.00000E+03,0.00000E+03,0.00000E+03,0.91754E+00,0.00000E+00,0.00000E+00,0.89223E+00,0.96924E+00,0.95478E+00,0.000E+00,-113.419E+00,176.230E+00,153.155E+00,52.334E+00,-21.067E+00,23.431E+00,90.000E+00,90.000E+00,12.6127E+00,0.00000E+00,0.00000E+00,118.333E+00,100.000E+00,100.000E+00,-0.19636E+03,0.00000E+03,0.00000E+03,+99999.9E+99,+99999.9E+99,+99999.9E+99,+99999.9E+99,+99999.9E+99,+99999.9E+99,+99999.9E+99,+99999.9E+99,+99999.9E+99,+99999.9E+99,+99999.9E+99,+99999.9E+99,1B00,0,0,0,1B00,77.0673E+00,77.1930E+00,77.1101E+00,77.1235E+00,72.1253E+00,72.5461E+00,72.2706E+00,72.3140E+00,77.0673E+00,77.1930E+00,77.1101E+00,0.0000E+00,0.0000E+00,0.0000E+00,72.7109E+00,73.1298E+00,72.9957E+00,105.730E+00,106.063E+00,105.756E+00,-104.721E+00,-104.697E+00,-104.907E+00,16.318E+00,16.475E+00,16.856E+00,+99999.9E+99,+99999.9E+99,+99999.9E+99,0.346E+00,13.4748E+00,13.0065E+00,13.2063E+00,13.2292E+00,12.2781E+00,11.7971E+00,11.8657E+00,11.9803E+00,13.4737E+00,13.0025E+00,13.1969E+00,-0.1727E+00,-0.3241E+00,0.4979E+00,6.4669E+00,5.7739E+00,5.6654E+00,27.8971E+00,27.1195E+00,28.5586E+00,-26.6590E+00,-27.2395E+00,-26.6210E+00,49.531E+00,54.256E+00,54.981E+00,+99999.9E+99,+99999.9E+99,+99999.9E+99,7.252E+00,0.43089E+03,0.40924E+03,0.42731E+03,1.26745E+03,0.23254E+03,0.20179E+03,0.21839E+03,0.65271E+03,0.60678E+03,0.58454E+03,0.59353E+03,1.78485E+03,0.25998E+03,0.23360E+03,0.23648E+03,0.72900E+03,-0.42721E+03,-0.41738E+03,-0.41192E+03,-1.25652E+03,-0.11625E+03,-0.11769E+03,-0.09073E+03,-0.32467E+03,-0.71013E+00,-0.70011E+00,-0.71995E+00,-0.71012E+00,-0.89445E+00,-0.86382E+00,-0.92348E+00,-0.89535E+00,0.000E+00,119.930E+00,-119.744E+00,56.756E+00,-179.880E+00,-67.315E+00,-44.754E+00,-45.564E+00,-43.950E+00,-44.756E+00,201.206E+00,201.379E+00,201.670E+00,90.945E+00,+99999.9E+99,+99999.9E+99,0.00011E+06,-0.00074E+06,0.00000E+00,14.541E+00,0.757E+03,0.00115E+06,43.568E+00,F0F08
2021/11/30,17:34:32,00000:00:56,900,38003F00,2800,3B00,3B00,3F00,99.867E+00,0.000E+00,0.000E+00,110.923E+00,0.000E+00,0.000E+00,0.494E+00,0.000E+00,0.000E+00,99.866E+00,0.000E+00,0.000E+00,0.000E+00,0.000E+00,0.000E+00,100.925E+00,0.000E+00,0.000E+00,98.771E+00,0.000E+00,0.000E+00,66.288E+00,+99999.9E+99,314.858E+00,1.078E+00,+99999.9E+99,+99999.9E+99,12.0479E+00,0.00000E+00,0.00000E+00,12.3863E+00,0.00000E+00,0.00000E+00,4.5599E+00,0.00000E+00,0.00000E+00,11.1516E+00,0.00000E+00,0.00000E+00,3.8498E+00,0.00000E+00,0.00000E+00,18.2514E+00,0.0000E+00,0.0000E+00,4.0652E+00,0.0000E+00,0.0000E+00,47.219E+00,+99999.9E+99,+99999.9E+99,63.606E+00,+99999.9E+99,+99999.9E+99,1.11164E+03,0.00000E+03,0.00000E+03,0.00000E+03,0.00000E+03,0.00000E+03,1.20319E+03,0.00000E+03,0.00000E+03,0.00000E+03,0.00000E+03,0.00000E+03,0.46036E+03,0.00000E+03,0.00000E+03,0.00000E+03,0.00000E+03,0.00000E+03,0.92391E+00,0.00000E+00,0.00000E+00,0.89223E+00,0.96924E+00,0.95478E+00,0.000E+00,-113.419E+00,176.230E+00,153.155E+00,52.334E+00,-21.067E+00,22.496E+00,90.000E+00,90.000E+00,0.00000E+00,0.00000E+00,0.00000E+00,98.259E+00,100.000E+00,100.000E+00,0.01935E+03,0.00000E+03,0.00000E+03,+99999.9E+99,+99999.9E+99,+99999.9E+99,+99999.9E+99,+99999.9E+99,+99999.9E+99,+99999.9E+99,+99999.9E+99,+99999.9E+99,+99999.9E+99,+99999.9E+99,+99999.9E+99,1B00,0,0,0,1B00,76.7424E+00,77.0964E+00,76.8464E+00,76.8951E+00,72.0194E+00,72.6791E+00,72.2132E+00,72.3039E+00,76.7424E+00,77.0964E+00,76.8464E+00,0.0000E+00,0.0000E+00,0.0000E+00,70.1153E+00,70.4879E+00,70.4232E+00,105.356E+00,105.880E+00,105.589E+00,-104.181E+00,-104.277E+00,-104.101E+00,37.694E+00,37.642E+00,37.507E+00,+99999.9E+99,+99999.9E+99,+99999.9E+99,0.332E+00,11.9588E+00,11.7887E+00,12.0688E+00,11.9387E+00,10.4728E+00,10.3913E+00,10.5843E+00,10.4828E+00,11.9582E+00,11.7887E+00,12.0688E+00,-0.1149E+00,0.0000E+00,0.0000E+00,15.1309E+00,14.5319E+00,14.5657E+00,27.6471E+00,27.2357E+00,28.5843E+00,-26.1571E+00,-26.8443E+00,-26.7062E+00,39.199E+00,40.666E+00,40.435E+00,+99999.9E+99,+99999.9E+99,+99999.9E+99,2.804E+00,0.35852E+03,0.36054E+03,0.37323E+03,1.09228E+03,0.53856E+03,0.50860E+03,0.52875E+03,1.57592E+03,0.53437E+03,0.52803E+03,0.54154E+03,1.60394E+03,0.61149E+03,0.58550E+03,0.59183E+03,1.78841E+03,-0.39626E+03,-0.38578E+03,-0.39239E+03,-1.17442E+03,-0.28960E+03,-0.29005E+03,-0.26585E+03,-0.84551E+03,-0.67092E+00,-0.68280E+00,-0.68919E+00,-0.68100E+00,-0.88074E+00,-0.86867E+00,-0.89343E+00,-0.88119E+00,0.000E+00,119.885E+00,-119.792E+00,58.446E+00,179.549E+00,-63.244E+00,-47.862E+00,-46.937E+00,-46.434E+00,-47.078E+00,202.189E+00,202.341E+00,201.840E+00,90.259E+00,+99999.9E+99,+99999.9E+99,0.00011E+06,-0.00063E+06,0.00000E+00,12.433E+00,0.757E+03,0.00099E+06,43.825E+00,F0F08
2021/11/30,17:34:32,00000:00:56,950,38003F00,2D00,3F00,3F00,3F00,99.867E+00,0.000E+00,0.000E+00,110.923E+00,0.000E+00,0.000E+00,0.494E+00,0.000E+00,0.000E+00,99.866E+00,0.000E+00,0.000E+00,0.000E+00,0.000E+00,0.000E+00,100.925E+00,0.000E+00,0.000E+00,98.771E+00,0.000E+00,0.000E+00,36.309E+00,+99999.9E+99,+99999.9E+99,1.078E+00,+99999.9E+99,+99999.9E+99,12.0479E+00,0.00000E+00,0.00000E+00,12.3863E+00,0.00000E+00,0.00000E+00,4.5599E+00,0.00000E+00,0.00000E+00,11.1516E+00,0.00000E+00,0.00000E+00,4.1520E+00,0.00000E+00,0.00000E+00,18.2514E+00,0.0000E+00,0.0000E+00,4.0652E+00,0.0000E+00,0.0000E+00,44.958E+00,+99999.9E+99,+99999.9E+99,63.606E+00,+99999.9E+99,+99999.9E+99,1.11164E+03,0.00000E+03,0.00000E+03,0.00000E+03,0.00000E+03,0.00000E+03,1.20319E+03,0.00000E+03,0.00000E+03,0.00000E+03,0.00000E+03,0.00000E+03,0.46036E+03,0.00000E+03,0.00000E+03,0.00000E+03,0.00000E+03,0.00000E+03,0.92391E+00,0.00000E+00,0.00000E+00,0.92998E+00,0.42870E+00,0.88255E+00,0.000E+00,-31.229E+00,137.224E+00,158.431E+00,-95.844E+00,165.272E+00,22.496E+00,90.000E+00,90.000E+00,0.00000E+00,0.00000E+00,0.00000E+00,75.146E+00,100.000E+00,100.000E+00,0.27628E+03,0.00000E+03,0.00000E+03,+99999.9E+99,+99999.9E+99,+99999.9E+99,+99999.9E+99,+99999.9E+99,+99999.9E+99,+99999.9E+99,+99999.9E+99,+99999.9E+99,+99999.9E+99,+99999.9E+99,+99999.9E+99,1B00,0,0,0,1B00,76.5379E+00,76.6030E+00,76.5372E+00,76.5594E+00,72.3786E+00,72.7020E+00,72.4298E+00,72.5035E+00,76.5379E+00,76.6030E+00,76.5372E+00,0.0000E+00,0.0000E+00,0.0000E+00,72.4867E+00,72.2579E+00,72.2459E+00,105.740E+00,106.180E+00,105.770E+00,-105.043E+00,-104.274E+00,-104.490E+00,22.486E+00,21.548E+00,22.069E+00,+99999.9E+99,+99999.9E+99,+99999.9E+99,0.214E+00,9.3786E+00,8.8762E+00,9.0122E+00,9.0890E+00,8.1282E+00,7.7238E+00,7.7574E+00,7.8698E+00,9.3772E+00,8.8733E+00,9.0037E+00,-0.1602E+00,-0.2291E+00,0.3905E+00,7.6701E+00,8.0955E+00,8.2933E+00,25.9567E+00,24.1471E+00,25.0071E+00,-26.5867E+00,-25.3538E+00,-22.3862E+00,52.792E+00,48.561E+00,47.399E+00,+99999.9E+99,+99999.9E+99,+99999.9E+99,4.625E+00,0.28575E+03,0.26770E+03,0.28190E+03,0.83535E+03,0.27158E+03,0.29287E+03,0.29518E+03,0.85962E+03,0.41685E+03,0.39350E+03,0.39946E+03,1.20981E+03,0.31507E+03,0.32577E+03,0.33996E+03,0.98023E+03,-0.30349E+03,-0.28840E+03,-0.28302E+03,-0.87492E+03,-0.15974E+03,-0.14268E+03,-0.16865E+03,-0.47107E+03,-0.68550E+00,-0.68032E+00,-0.70570E+00,-0.69048E+00,-0.86195E+00,-0.89899E+00,-0.86827E+00,-0.87696E+00,0.000E+00,120.109E+00,-120.101E+00,60.359E+00,176.081E+00,-60.252E+00,-46.725E+00,-47.131E+00,-45.114E+00,-46.332E+00,201.690E+00,201.325E+00,202.074E+00,95.007E+00,+99999.9E+99,+99999.9E+99,0.00004E+06,-0.00053E+06,0.00000E+00,10.024E+00,0.756E+03,0.00079E+06,43.773E+00,F0F08
2021/11/30,17:34:32,00000:00:57,0,38003F00,2800,3B00,3B00,3F00,100.006E+00,0.000E+00,0.000E+00,111.077E+00,0.000E+00,0.000E+00,0.506E+00,0.000E+00,0.000E+00,100.004E+00,0.000E+00,0.000E+00,0.000E+00,0.000E+00,0.000E+00,100.907E+00,0.000E+00,0.000E+00,98.793E+00,0.000E+00,0.000E+00,36.309E+00,+99999.9E+99,+99999.9E+99,1.057E+00,+99999.9E+99,+99999.9E+99,10.7051E+00,0.00000E+00,0.00000E+00,10.9366E+00,0.00000E+00,0.00000E+00,4.2010E+00,0.00000E+00,0.00000E+00,9.8464E+00,0.00000E+00,0.00000E+00,4.1520E+00,0.00000E+00,0.00000E+00,18.1614E+00,0.0000E+00,0.0000E+00,4.1388E+00,0.0000E+00,0.0000E+00,44.958E+00,+99999.9E+99,+99999.9E+99,71.207E+00,+99999.9E+99,+99999.9E+99,0.98279E+03,0.00000E+03,0.00000E+03,0.00000E+03,0.00000E+03,0.00000E+03,1.07057E+03,0.00000E+03,0.00000E+03,0.00000E+03,0.00000E+03,0.00000E+03,0.42455E+03,0.00000E+03,0.00000E+03,0.00000E+03,0.00000E+03,0.00000E+03,0.91801E+00,0.00000E+00,0.00000E+00,0.92998E+00,0.42870E+00,0.88255E+00,0.000E+00,-31.229E+00,137.224E+00,158.431E+00,-95.844E+00,165.272E+00,23.364E+00,90.000E+00,90.000E+00,14.5646E+00,0.00000E+00,0.00000E+00,138.020E+00,100.000E+00,100.000E+00,-0.37366E+03,0.00000E+03,0.00000E+03,+99999.9E+99,+99999.9E+99,+99999.9E+99,+99999.9E+99,+99999.9E+99,+99999.9E+99,+99999.9E+99,+99999.9E+99,+99999.9E+99,+99999.9E+99,+99999.9E+99,+99999.9E+99,1B00,0,0,0,1B00,77.0120E+00,77.4549E+00,77.3217E+00,77.2628E+00,71.7285E+00,72.5741E+00,72.3143E+00,72.2056E+00,77.0120E+00,77.4548E+00,77.3217E+00,0.0000E+00,0.0000E+00,0.0000E+00,72.3158E+00,72.7691E+00,72.6357E+00,105.583E+00,105.876E+00,105.651E+00,-104.873E+00,-104.680E+00,-104.800E+00,19.607E+00,19.657E+00,19.940E+00,+99999.9E+99,+99999.9E+99,+99999.9E+99,0.377E+00,13.9606E+00,13.6357E+00,13.7835E+00,13.7933E+00,13.0452E+00,12.8485E+00,12.8186E+00,12.9041E+00,13.9596E+00,13.6335E+00,13.7775E+00,-0.1612E+00,-0.2438E+00,0.4062E+00,7.6836E+00,7.1261E+00,6.9770E+00,27.5981E+00,27.1376E+00,28.4529E+00,-26.8443E+00,-27.0390E+00,-26.6833E+00,48.610E+00,51.197E+00,52.430E+00,+99999.9E+99,+99999.9E+99,+99999.9E+99,6.946E+00,0.45626E+03,0.44456E+03,0.45563E+03,1.35645E+03,0.27951E+03,0.24362E+03,0.26177E+03,0.78490E+03,0.62902E+03,0.61460E+03,0.62340E+03,1.86702E+03,0.31472E+03,0.28512E+03,0.28634E+03,0.88498E+03,-0.43301E+03,-0.42438E+03,-0.42547E+03,-1.28285E+03,-0.14463E+03,-0.14813E+03,-0.11605E+03,-0.40880E+03,-0.72535E+00,-0.72333E+00,-0.73089E+00,-0.72653E+00,-0.88815E+00,-0.85445E+00,-0.91420E+00,-0.88692E+00,0.000E+00,119.904E+00,-119.735E+00,57.567E+00,-178.852E+00,-65.978E+00,-43.502E+00,-43.670E+00,-43.039E+00,-43.403E+00,201.710E+00,202.166E+00,201.052E+00,89.992E+00,+99999.9E+99,+99999.9E+99,0.00014E+06,-0.00078E+06,0.00000E+00,15.389E+00,0.757E+03,0.00122E+06,43.670E+00,F0F08
2021/11/30,17:34:32,00000:00:57,50,38003800,0,1800,1800,3800,99.923E+00,0.000E+00,0.000E+00,110.985E+00,0.000E+00,0.000E+00,0.511E+00,0.000E+00,0.000E+00,99.921E+00,0.000E+00,0.000E+00,0.000E+00,0.000E+00,0.000E+00,100.929E+00,0.000E+00,0.000E+00,98.821E+00,0.000E+00,0.000E+00,24.622E+00,369.158E+00,407.672E+00,1.054E+00,+99999.9E+99,+99999.9E+99,11.8135E+00,0.00000E+00,0.00000E+00,12.0968E+00,0.00000E+00,0.00000E+00,4.5767E+00,0.00000E+00,0.00000E+00,10.8909E+00,0.00000E+00,0.00000E+00,4.4345E+00,0.00000E+00,0.00000E+00,18.2271E+00,0.0000E+00,0.0000E+00,4.1429E+00,0.0000E+00,0.0000E+00,11.756E+00,+99999.9E+99,+99999.9E+99,64.661E+00,+99999.9E+99,+99999.9E+99,1.08615E+03,0.00000E+03,0.00000E+03,0.00000E+03,0.00000E+03,0.00000E+03,1.18044E+03,0.00000E+03,0.00000E+03,0.00000E+03,0.00000E+03,0.00000E+03,0.46229E+03,0.00000E+03,0.00000E+03,0.00000E+03,0.00000E+03,0.00000E+03,0.92012E+00,0.00000E+00,0.00000E+00,0.90041E+00,0.14193E+00,0.88983E+00,0.000E+00,-143.492E+00,152.249E+00,154.212E+00,118.348E+00,179.398E+00,23.056E+00,90.000E+00,90.000E+00,12.6294E+00,0.00000E+00,0.00000E+00,80.564E+00,100.000E+00,100.000E+00,0.21110E+03,0.00000E+03,0.00000E+03,+99999.9E+99,+99999.9E+99,+99999.9E+99,+99999.9E+99,+99999.9E+99,+99999.9E+99,+99999.9E+99,+99999.9E+99,+99999.9E+99,+99999.9E+99,+99999.9E+99,+99999.9E+99,1B00,0,0,0,1B00,76.7252E+00,76.6655E+00,76.4073E+00,76.5993E+00,72.6080E+00,72.6976E+00,72.0887E+00,72.4648E+00,76.7252E+00,76.6655E+00,76.4073E+00,0.0000E+00,0.0000E+00,0.0000E+00,70.2752E+00,70.3059E+00,70.1662E+00,105.901E+00,106.114E+00,105.487E+00,-104.770E+00,-104.746E+00,-104.256E+00,38.213E+00,37.893E+00,38.150E+00,+99999.9E+99,+99999.9E+99,+99999.9E+99,0.113E+00,9.7363E+00,9.3248E+00,9.9228E+00,9.6613E+00,8.4387E+00,8.0849E+00,8.4807E+00,8.3348E+00,9.7358E+00,9.3248E+00,9.9228E+00,-0.1006E+00,0.0000E+00,0.0000E+00,14.6923E+00,14.5917E+00,14.9667E+00,26.4110E+00,24.7862E+00,27.1005E+00,-25.5681E+00,-23.3443E+00,-26.6924E+00,40.904E+00,40.844E+00,39.412E+00,+99999.9E+99,+99999.9E+99,+99999.9E+99,1.605E+00,0.28664E+03,0.28434E+03,0.30406E+03,0.87505E+03,0.51444E+03,0.51830E+03,0.53068E+03,1.56342E+03,0.43333E+03,0.41516E+03,0.44038E+03,1.28887E+03,0.59398E+03,0.58947E+03,0.60493E+03,1.78825E+03,-0.32498E+03,-0.30250E+03,-0.31856E+03,-0.94605E+03,-0.29692E+03,-0.28078E+03,-0.29037E+03,-0.86807E+03,-0.66148E+00,-0.68490E+00,-0.69045E+00,-0.67892E+00,-0.86609E+00,-0.87926E+00,-0.87726E+00,-0.87427E+00,0.000E+00,120.105E+00,-119.928E+00,60.005E+00,178.492E+00,-61.195E+00,-48.587E+00,-46.772E+00,-46.335E+00,-47.240E+00,202.005E+00,201.758E+00,202.638E+00,91.890E+00,+99999.9E+99,+99999.9E+99,0.00007E+06,-0.00052E+06,0.00000E+00,10.149E+00,0.757E+03,0.00080E+06,43.823E+00,F0F0F
2021/11/30,17:34:32,00000:00:57,100,38003F00,700,1F00,1F00,3F00,99.923E+00,0.000E+00,0.000E+00,110.985E+00,0.000E+00,0.000E+00,0.511E+00,0.000E+00,0.000E+00,99.921E+00,0.000E+00,0.000E+00,0.000E+00,0.000E+00,0.000E+00,100.929E+00,0.000E+00,0.000E+00,98.821E+00,0.000E+00,0.000E+00,24.622E+00,369.158E+00,407.672E+00,1.054E+00,+99999.9E+99,+99999.9E+99,11.8135E+00,0.00000E+00,0.00000E+00,12.0968E+00,0.00000E+00,0.00000E+00,4.5767E+00,0.00000E+00,0.00000E+00,10.8909E+00,0.00000E+00,0.00000E+00,4.4345E+00,0.00000E+00,0.00000E+00,18.2271E+00,0.0000E+00,0.0000E+00,4.1429E+00,0.0000E+00,0.0000E+00,11.756E+00,+99999.9E+99,+99999.9E+99,64.661E+00,+99999.9E+99,+99999.9E+99,1.08615E+03,0.00000E+03,0.00000E+03,0.00000E+03,0.00000E+03,0.00000E+03,1.18044E+03,0.00000E+03,0.00000E+03,0.00000E+03,0.00000E+03,0.00000E+03,0.46229E+03,0.00000E+03,0.00000E+03,0.00000E+03,0.00000E+03,0.00000E+03,0.92012E+00,0.00000E+00,0.00000E+00,0.90041E+00,0.14193E+00,0.88983E+00,0.000E+00,-143.492E+00,152.249E+00,154.212E+00,118.348E+00,179.398E+00,23.056E+00,90.000E+00,90.000E+00,12.6294E+00,0.00000E+00,0.00000E+00,96.822E+00,100.000E+00,100.000E+00,0.03451E+03,0.00000E+03,0.00000E+03,+99999.9E+99,+99999.9E+99,+99999.9E+99,+99999.9E+99,+99999.9E+99,+99999.9E+99,+99999.9E+99,+99999.9E+99,+99999.9E+99,+99999.9E+99,+99999.9E+99,+99999.9E+99,1B00,0,0,0,1B00,76.5344E+00,77.0365E+00,77.0225E+00,76.8645E+00,71.8726E+00,72.8149E+00,72.7788E+00,72.4887E+00,76.5344E+00,77.0365E+00,77.0224E+00,0.0000E+00,0.0000E+00,0.0000E+00,73.0620E+00,73.0722E+00,72.9667E+00,105.787E+00,106.009E+00,105.739E+00,-104.600E+00,-105.237E+00,-104.317E+00,15.416E+00,15.229E+00,15.274E+00,+99999.9E+99,+99999.9E+99,+99999.9E+99,0.096E+00,11.6917E+00,11.4659E+00,11.2771E+00,11.4782E+00,10.0870E+00,9.9611E+00,9.6780E+00,9.9087E+00,11.6905E+00,11.4607E+00,11.2655E+00,-0.1647E+00,-0.3435E+00,0.5094E+00,5.2533E+00,5.1447E+00,5.5451E+00,27.6943E+00,27.1181E+00,28.5557E+00,-26.5005E+00,-27.1129E+00,-26.1643E+00,58.058E+00,57.597E+00,53.267E+00,+99999.9E+99,+99999.9E+99,+99999.9E+99,3.334E+00,0.36085E+03,0.34308E+03,0.34771E+03,1.05163E+03,0.18704E+03,0.19186E+03,0.19969E+03,0.57858E+03,0.52191E+03,0.51140E+03,0.50556E+03,1.53887E+03,0.21632E+03,0.21492E+03,0.22626E+03,0.65730E+03,-0.37707E+03,-0.37925E+03,-0.36700E+03,-1.12332E+03,-0.10867E+03,-0.09685E+03,-0.10638E+03,-0.31190E+03,-0.69139E+00,-0.67086E+00,-0.68776E+00,-0.68338E+00,-0.86465E+00,-0.89271E+00,-0.88257E+00,-0.88024E+00,0.000E+00,120.087E+00,-119.953E+00,60.159E+00,176.826E+00,-61.863E+00,-46.259E+00,-47.866E+00,-46.547E+00,-46.892E+00,202.058E+00,202.036E+00,201.411E+00,93.077E+00,+99999.9E+99,+99999.9E+99,0.00007E+06,-0.00064E+06,0.00000E+00,12.349E+00,0.757E+03,0.00098E+06,43.811E+00,F0F0F
2021/11/30,17:34:32,00000:00:57,150,38003F00,500,1F00,1F00,3F00,99.923E+00,0.000E+00,0.000E+00,110.985E+00,0.000E+00,0.000E+00,0.511E+00,0.000E+00,0.000E+00,99.921E+00,0.000E+00,0.000E+00,0.000E+00,0.000E+00,0.000E+00,100.929E+00,0.000E+00,0.000E+00,98.821E+00,0.000E+00,0.000E+00,21.149E+00,342.199E+00,464.130E+00,1.054E+00,+99999.9E+99,+99999.9E+99,11.8135E+00,0.00000E+00,0.00000E+00,12.0968E+00,0.00000E+00,0.00000E+00,4.5767E+00,0.00000E+00,0.00000E+00,10.8909E+00,0.00000E+00,0.00000E+00,4.5600E+00,0.00000E+00,0.00000E+00,18.2271E+00,0.0000E+00,0.0000E+00,4.1429E+00,0.0000E+00,0.0000E+00,8.290E+00,+99999.9E+99,+99999.9E+99,64.661E+00,+99999.9E+99,+99999.9E+99,1.08615E+03,0.00000E+03,0.00000E+03,0.00000E+03,0.00000E+03,0.00000E+03,1.18044E+03,0.00000E+03,0.00000E+03,0.00000E+03,0.00000E+03,0.00000E+03,0.46229E+03,0.00000E+03,0.00000E+03,0.00000E+03,0.00000E+03,0.00000E+03,0.92012E+00,0.00000E+00,0.00000E+00,0.90520E+00,0.07400E+00,0.97132E+00,0.000E+00,89.477E+00,160.514E+00,154.850E+00,-4.766E+00,-33.241E+00,23.056E+00,90.000E+00,90.000E+00,12.6294E+00,0.00000E+00,0.00000E+00,117.681E+00,100.000E+00,100.000E+00,-0.19204E+03,0.00000E+03,0.00000E+03,+99999.9E+99,+99999.9E+99,+99999.9E+99,+99999.9E+99,+99999.9E+99,+99999.9E+99,+99999.9E+99,+99999.9E+99,+99999.9E+99,+99999.9E+99,+99999.9E+99,+99999.9E+99,1B00,0,0,0,1B00,77.2129E+00,77.2238E+00,77.0068E+00,77.1478E+00,72.2002E+00,72.3851E+00,71.8493E+00,72.1449E+00,77.2129E+00,77.2238E+00,77.0068E+00,0.0000E+00,0.0000E+00,0.0000E+00,71.0553E+00,71.7326E+00,71.4909E+00,105.363E+00,105.676E+00,105.570E+00,-104.143E+00,-105.030E+00,-104.337E+00,30.225E+00,30.503E+00,30.455E+00,+99999.9E+99,+99999.9E+99,+99999.9E+99,0.549E+00,13.4731E+00,13.0679E+00,13.4432E+00,13.3281E+00,12.4104E+00,12.0010E+00,12.3584E+00,12.2566E+00,13.4723E+00,13.0679E+00,13.4417E+00,-0.1415E+00,0.0000E+00,0.2011E+00,12.4089E+00,11.2690E+00,11.4634E+00,27.7062E+00,27.0829E+00,28.5557E+00,-26.3424E+00,-27.1890E+00,-26.5957E+00,41.034E+00,44.365E+00,44.071E+00,+99999.9E+99,+99999.9E+99,+99999.9E+99,5.876E+00,0.42336E+03,0.41623E+03,0.43860E+03,1.27819E+03,0.44439E+03,0.39564E+03,0.42420E+03,1.26423E+03,0.60689E+03,0.58857E+03,0.60445E+03,1.79991E+03,0.49961E+03,0.45884E+03,0.46441E+03,1.42141E+03,-0.43484E+03,-0.41614E+03,-0.41592E+03,-1.26689E+03,-0.22831E+03,-0.23238E+03,-0.18904E+03,-0.64973E+03,-0.69759E+00,-0.70719E+00,-0.72562E+00,-0.71014E+00,-0.88948E+00,-0.86226E+00,-0.91341E+00,-0.88941E+00,0.000E+00,119.916E+00,-119.577E+00,57.503E+00,-179.769E+00,-65.755E+00,-45.766E+00,-44.994E+00,-43.480E+00,-44.754E+00,201.426E+00,201.907E+00,202.033E+00,89.931E+00,+99999.9E+99,+99999.9E+99,0.00013E+06,-0.00073E+06,0.00000E+00,14.489E+00,0.758E+03,0.00115E+06,43.583E+00,F0F08
2021/11/30,17:34:32,00000:00:57,200,38003F00,500,1F00,1F00,3F00,99.923E+00,0.000E+00,0.000E+00,110.985E+00,0.000E+00,0.000E+00,0.511E+00,0.000E+00,0.000E+00,99.921E+00,0.000E+00,0.000E+00,0.000E+00,0.000E+00,0.000E+00,100.929E+00,0.000E+00,0.000E+00,98.821E+00,0.000E+00,0.000E+00,21.149E+00,342.199E+00,464.130E+00,1.054E+00,+99999.9E+99,+99999.9E+99,11.8135E+00,0.00000E+00,0.00000E+00,12.0968E+00,0.00000E+00,0.00000E+00,4.5767E+00,0.00000E+00,0.00000E+00,10.8909E+00,0.00000E+00,0.00000E+00,4.5600E+00,0.00000E+00,0.00000E+00,18.2271E+00,0.0000E+00,0.0000E+00,4.1429E+00,0.0000E+00,0.0000E+00,8.290E+00,+99999.9E+99,+99999.9E+99,64.661E+00,+99999.9E+99,+99999.9E+99,1.08615E+03,0.00000E+03,0.00000E+03,0.00000E+03,0.00000E+03,0.00000E+03,1.18044E+03,0.00000E+03,0.00000E+03,0.00000E+03,0.00000E+03,0.00000E+03,0.46229E+03,0.00000E+03,0.00000E+03,0.00000E+03,0.00000E+03,0.00000E+03,0.92012E+00,0.00000E+00,0.00000E+00,0.90520E+00,0.07400E+00,0.97132E+00,0.000E+00,89.477E+00,160.514E+00,154.850E+00,-4.766E+00,-33.241E+00,23.056E+00,90.000E+00,90.000E+00,12.6294E+00,0.00000E+00,0.00000E+00,70.593E+00,100.000E+00,100.000E+00,0.31941E+03,0.00000E+03,0.00000E+03,+99999.9E+99,+99999.9E+99,+99999.9E+99,+99999.9E+99,+99999.9E+99,+99999.9E+99,+99999.9E+99,+99999.9E+99,+99999.9E+99,+99999.9E+99,+99999.9E+99,+99999.9E+99,1B00,0,0,0,1B00,76.2565E+00,76.6711E+00,76.5213E+00,76.4829E+00,72.1201E+00,72.8972E+00,72.6305E+00,72.5493E+00,76.2565E+00,76.6711E+00,76.5213E+00,0.0000E+00,0.0000E+00,0.0000E+00,71.3234E+00,71.2368E+00,71.0620E+00,105.744E+00,106.187E+00,105.756E+00,-104.204E+00,-104.961E+00,-105.046E+00,31.854E+00,31.072E+00,31.720E+00,+99999.9E+99,+99999.9E+99,+99999.9E+99,0.224E+00,8.1664E+00,8.1042E+00,8.0713E+00,8.1139E+00,7.2932E+00,7.2509E+00,7.1981E+00,7.2474E+00,8.1654E+00,8.1042E+00,8.0682E+00,-0.1224E+00,0.0000E+00,0.2216E+00,11.7120E+00,11.7090E+00,12.3313E+00,22.2795E+00,20.7619E+00,20.3719E+00,-18.6967E+00,-18.6862E+00,-19.9295E+00,45.202E+00,44.093E+00,41.971E+00,+99999.9E+99,+99999.9E+99,+99999.9E+99,3.463E+00,0.25708E+03,0.25157E+03,0.25809E+03,0.76674E+03,0.40292E+03,0.42403E+03,0.43138E+03,1.25832E+03,0.36120E+03,0.35897E+03,0.35850E+03,1.07867E+03,0.47002E+03,0.47769E+03,0.49677E+03,1.44400E+03,-0.25371E+03,-0.25608E+03,-0.24881E+03,-0.75861E+03,-0.24202E+03,-0.21998E+03,-0.24637E+03,-0.70836E+03,-0.71176E+00,-0.70079E+00,-0.71993E+00,-0.71082E+00,-0.85724E+00,-0.88766E+00,-0.86836E+00,-0.87141E+00,0.000E+00,120.205E+00,-119.965E+00,60.946E+00,177.544E+00,-60.107E+00,-44.622E+00,-45.510E+00,-43.951E+00,-44.698E+00,202.330E+00,201.581E+00,201.912E+00,94.930E+00,+99999.9E+99,+99999.9E+99,0.00004E+06,-0.00048E+06,0.00000E+00,9.192E+00,0.756E+03,0.00073E+06,43.941E+00,F0F08
2021/11/30,17:34:32,00000:00:57,250,38003F00,700,1C00,1C00,3800,99.923E+00,0.000E+00,0.000E+00,110.985E+00,0.000E+00,0.000E+00,0.511E+00,0.000E+00,0.000E+00,99.921E+00,0.000E+00,0.000E+00,0.000E+00,0.000E+00,0.000E+00,100.929E+00,0.000E+00,0.000E+00,98.821E+00,0.000E+00,0.000E+00,75.312E+00,+99999.9E+99,458.073E+00,1.054E+00,+99999.9E+99,+99999.9E+99,11.8135E+00,0.00000E+00,0.00000E+00,12.0968E+00,0.00000E+00,0.00000E+00,4.5767E+00,0.00000E+00,0.00000E+00,10.8909E+00,0.00000E+00,0.00000E+00,3.9083E+00,0.00000E+00,0.00000E+00,18.2271E+00,0.0000E+00,0.0000E+00,4.1429E+00,0.0000E+00,0.0000E+00,55.463E+00,+99999.9E+99,+99999.9E+99,64.661E+00,+99999.9E+99,+99999.9E+99,1.08615E+03,0.00000E+03,0.00000E+03,0.00000E+03,0.00000E+03,0.00000E+03,1.18044E+03,0.00000E+03,0.00000E+03,0.00000E+03,0.00000E+03,0.00000E+03,0.46229E+03,0.00000E+03,0.00000E+03,0.00000E+03,0.00000E+03,0.00000E+03,0.92012E+00,0.00000E+00,0.00000E+00,0.87245E+00,0.34904E+00,0.84846E+00,0.000E+00,152.353E+00,155.755E+00,150.744E+00,-97.218E+00,-56.200E+00,23.056E+00,90.000E+00,90.000E+00,12.6294E+00,0.00000E+00,0.00000E+00,116.281E+00,100.000E+00,100.000E+00,-0.17684E+03,0.00000E+03,0.00000E+03,+99999.9E+99,+99999.9E+99,+99999.9E+99,+99999.9E+99,+99999.9E+99,+99999.9E+99,+99999.9E+99,+99999.9E+99,+99999.9E+99,+99999.9E+99,+99999.9E+99,+99999.9E+99,1B00,0,0,0,1B00,77.0814E+00,77.1907E+00,77.0901E+00,77.1207E+00,72.1645E+00,72.5598E+00,72.2410E+00,72.3217E+00,77.0814E+00,77.1907E+00,77.0901E+00,0.0000E+00,0.0000E+00,0.0000E+00,73.0174E+00,73.2743E+00,73.1258E+00,105.861E+00,106.047E+00,105.647E+00,-104.813E+00,-105.221E+00,-104.273E+00,14.140E+00,14.256E+00,14.391E+00,+99999.9E+99,+99999.9E+99,+99999.9E+99,0.205E+00,13.4318E+00,12.9652E+00,13.1664E+00,13.1878E+00,12.2375E+00,11.7619E+00,11.8289E+00,11.9428E+00,13.4306E+00,12.9617E+00,13.1574E+00,-0.1830E+00,-0.3028E+00,0.4870E+00,5.2359E+00,4.7412E+00,4.9155E+00,27.6376E+00,27.1790E+00,28.8267E+00,-26.5795E+00,-26.8729E+00,-26.8048E+00,54.615E+00,58.824E+00,56.489E+00,+99999.9E+99,+99999.9E+99,+99999.9E+99,4.620E+00,0.42920E+03,0.40806E+03,0.42573E+03,1.26299E+03,0.18884E+03,0.17337E+03,0.18630E+03,0.54852E+03,0.60484E+03,0.58261E+03,0.59152E+03,1.77897E+03,0.21387E+03,0.19809E+03,0.20459E+03,0.61619E+03,-0.42617E+03,-0.41583E+03,-0.41067E+03,-1.25268E+03,-0.10040E+03,-0.09581E+03,-0.08455E+03,-0.28075E+03,-0.70960E+00,-0.70041E+00,-0.71972E+00,-0.70995E+00,-0.88298E+00,-0.87525E+00,-0.91062E+00,-0.89017E+00,0.000E+00,120.019E+00,-119.816E+00,58.112E+00,178.877E+00,-65.455E+00,-44.797E+00,-45.540E+00,-43.969E+00,-44.769E+00,201.229E+00,201.984E+00,201.666E+00,90.849E+00,+99999.9E+99,+99999.9E+99,0.00012E+06,-0.00074E+06,0.00000E+00,14.474E+00,0.757E+03,0.00115E+06,43.572E+00,F0F08
2021/11/30,17:34:32,00000:00:57,300,38003F00,2800,3B00,3B00,3F00,99.986E+00,0.000E+00,0.000E+00,111.055E+00,0.000E+00,0.000E+00,0.496E+00,0.000E+00,0.000E+00,99.985E+00,0.000E+00,0.000E+00,0.000E+00,0.000E+00,0.000E+00,100.932E+00,0.000E+00,0.000E+00,98.786E+00,0.000E+00,0.000E+00,75.312E+00,+99999.9E+99,458.073E+00,1.073E+00,+99999.9E+99,+99999.9E+99,11.4997E+00,0.00000E+00,0.00000E+00,11.7062E+00,0.00000E+00,0.00000E+00,4.6009E+00,0.00000E+00,0.00000E+00,10.5392E+00,0.00000E+00,0.00000E+00,3.9083E+00,0.00000E+00,0.00000E+00,18.2600E+00,0.0000E+00,0.0000E+00,4.0240E+00,0.0000E+00,0.0000E+00,55.463E+00,+99999.9E+99,+99999.9E+99,67.538E+00,+99999.9E+99,+99999.9E+99,1.05171E+03,0.00000E+03,0.00000E+03,0.00000E+03,0.00000E+03,0.00000E+03,1.14981E+03,0.00000E+03,0.00000E+03,0.00000E+03,0.00000E+03,0.00000E+03,0.46473E+03,0.00000E+03,0.00000E+03,0.00000E+03,0.00000E+03,0.00000E+03,0.91468E+00,0.00000E+00,0.00000E+00,0.87245E+00,0.34904E+00,0.84846E+00,0.000E+00,152.353E+00,155.755E+00,150.744E+00,-97.218E+00,-56.200E+00,23.840E+00,90.000E+00,90.000E+00,0.00000E+00,0.00000E+00,0.00000E+00,103.033E+00,100.000E+00,100.000E+00,-0.03190E+03,0.00000E+03,0.00000E+03,+99999.9E+99,+99999.9E+99,+99999.9E+99,+99999.9E+99,+99999.9E+99,+99999.9E+99,+99999.9E+99,+99999.9E+99,+99999.9E+99,+99999.9E+99,+99999.9E+99,+99999.9E+99,1B00,0,0,0,1B00,76.7466E+00,77.0738E+00,76.8307E+00,76.8837E+00,72.0110E+00,72.6276E+00,72.1713E+00,72.2700E+00,76.7466E+00,77.0738E+00,76.8307E+00,0.0000E+00,0.0000E+00,0.0000E+00,70.1247E+00,70.5060E+00,70.4422E+00,105.429E+00,106.039E+00,105.454E+00,-104.219E+00,-103.824E+00,-104.390E+00,37.637E+00,37.584E+00,37.545E+00,+99999.9E+99,+99999.9E+99,+99999.9E+99,0.340E+00,11.9059E+00,11.7423E+00,12.0282E+00,11.8921E+00,10.4099E+00,10.3390E+00,10.5375E+00,10.4288E+00,11.9054E+00,11.7423E+00,12.0282E+00,-0.1091E+00,0.0000E+00,0.0000E+00,15.0791E+00,14.4677E+00,14.5043E+00,27.8457E+00,27.0443E+00,28.5410E+00,-26.4319E+00,-27.1300E+00,-26.5729E+00,39.305E+00,40.776E+00,40.526E+00,+99999.9E+99,+99999.9E+99,+99999.9E+99,2.889E+00,0.35522E+03,0.35788E+03,0.37051E+03,1.08361E+03,0.53682E+03,0.50604E+03,0.52666E+03,1.56952E+03,0.53186E+03,0.52585E+03,0.53946E+03,1.59716E+03,0.60964E+03,0.58297E+03,0.58940E+03,1.78159E+03,-0.39584E+03,-0.38528E+03,-0.39209E+03,-1.17321E+03,-0.28894E+03,-0.28945E+03,-0.26461E+03,-0.84300E+03,-0.66789E+00,-0.68057E+00,-0.68682E+00,-0.67846E+00,-0.88055E+00,-0.86803E+00,-0.89356E+00,-0.88097E+00,0.000E+00,119.880E+00,-119.788E+00,58.473E+00,179.617E+00,-63.262E+00,-48.095E+00,-47.112E+00,-46.621E+00,-47.277E+00,202.223E+00,201.613E+00,201.878E+00,90.295E+00,+99999.9E+99,+99999.9E+99,0.00011E+06,-0.00062E+06,0.00000E+00,12.340E+00,0.757E+03,0.00098E+06,43.835E+00,F0F08
2021/11/30,17:34:32,00000:00:57,350,38003F00,2D00,3F00,3F00,3F00,99.986E+00,0.000E+00,0.000E+00,111.055E+00,0.000E+00,0.000E+00,0.496E+00,0.000E+00,0.000E+00,99.985E+00,0.000E+00,0.000E+00,0.000E+00,0.000E+00,0.000E+00,100.932E+00,0.000E+00,0.000E+00,98.786E+00,0.000E+00,0.000E+00,36.004E+00,+99999.9E+99,+99999.9E+99,1.073E+00,+99999.9E+99,+99999.9E+99,11.4997E+00,0.00000E+00,0.00000E+00,11.7062E+00,0.00000E+00,0.00000E+00,4.6009E+00,0.00000E+00,0.00000E+00,10.5392E+00,0.00000E+00,0.00000E+00,4.2674E+00,0.00000E+00,0.00000E+00,18.2600E+00,0.0000E+00,0.0000E+00,4.0240E+00,0.0000E+00,0.0000E+00,38.831E+00,+99999.9E+99,+99999.9E+99,67.538E+00,+99999.9E+99,+99999.9E+99,1.05171E+03,0.00000E+03,0.00000E+03,0.00000E+03,0.00000E+03,0.00000E+03,1.14981E+03,0.00000E+03,0.00000E+03,0.00000E+03,0.00000E+03,0.00000E+03,0.46473E+03,0.00000E+03,0.00000E+03,0.00000E+03,0.00000E+03,0.00000E+03,0.91468E+00,0.00000E+00,0.00000E+00,0.93455E+00,0.15990E+00,0.94434E+00,0.000E+00,159.260E+00,143.564E+00,159.156E+00,78.461E+00,124.357E+00,23.840E+00,90.000E+00,90.000E+00,0.00000E+00,0.00000E+00,0.00000E+00,83.540E+00,100.000E+00,100.000E+00,0.17311E+03,0.00000E+03,0.00000E+03,+99999.9E+99,+99999.9E+99,+99999.9E+99,+99999.9E+99,+99999.9E+99,+99999.9E+99,+99999.9E+99,+99999.9E+99,+99999.9E+99,+99999.9E+99,+99999.9E+99,+99999.9E+99,1B00,0,0,0,1B00,76.5116E+00,76.7784E+00,76.6332E+00,76.6411E+00,72.1838E+00,72.7724E+00,72.4462E+00,72.4675E+00,76.5116E+00,76.7784E+00,76.6332E+00,0.0000E+00,0.0000E+00,0.0000E+00,72.4954E+00,72.2761E+00,72.2570E+00,105.817E+00,105.960E+00,105.671E+00,-104.474E+00,-105.361E+00,-105.080E+00,22.133E+00,21.179E+00,21.803E+00,+99999.9E+99,+99999.9E+99,+99999.9E+99,0.208E+00,9.6902E+00,9.3370E+00,9.4158E+00,9.4810E+00,8.4833E+00,8.2362E+00,8.2280E+00,8.3158E+00,9.6893E+00,9.3349E+00,9.4101E+00,-0.1254E+00,-0.1995E+00,0.3259E+00,7.5361E+00,7.9565E+00,8.1692E+00,26.0990E+00,24.1505E+00,25.0695E+00,-26.6224E+00,-25.4810E+00,-22.5267E+00,53.430E+00,49.151E+00,47.931E+00,+99999.9E+99,+99999.9E+99,+99999.9E+99,4.740E+00,0.29746E+03,0.28525E+03,0.29589E+03,0.87860E+03,0.26606E+03,0.28769E+03,0.28986E+03,0.84361E+03,0.43063E+03,0.41494E+03,0.41894E+03,1.26450E+03,0.31009E+03,0.32096E+03,0.33528E+03,0.96574E+03,-0.31138E+03,-0.30134E+03,-0.29657E+03,-0.90930E+03,-0.15928E+03,-0.14230E+03,-0.16851E+03,-0.47009E+03,-0.69075E+00,-0.68745E+00,-0.70630E+00,-0.69482E+00,-0.85800E+00,-0.89634E+00,-0.86453E+00,-0.87353E+00,0.000E+00,120.110E+00,-120.094E+00,60.807E+00,176.423E+00,-59.817E+00,-46.310E+00,-46.572E+00,-45.066E+00,-45.987E+00,201.822E+00,202.123E+00,202.234E+00,93.983E+00,+99999.9E+99,+99999.9E+99,0.00005E+06,-0.00054E+06,0.00000E+00,10.421E+00,0.757E+03,0.00083E+06,43.763E+00,F0F08
2021/11/30,17:34:32,00000:00:57,400,38003F00,2800,3B00,3B00,3F00,99.819E+00,0.000E+00,0.000E+00,110.870E+00,0.000E+00,0.000E+00,0.508E+00,0.000E+00,0.000E+00,99.818E+00,0.000E+00,0.000E+00,0.000E+00,0.000E+00,0.000E+00,100.907E+00,0.000E+00,0.000E+00,98.714E+00,0.000E+00,0.000E+00,36.004E+00,+99999.9E+99,+99999.9E+99,1.098E+00,+99999.9E+99,+99999.9E+99,12.2064E+00,0.00000E+00,0.00000E+00,12.6296E+00,0.00000E+00,0.00000E+00,4.4390E+00,0.00000E+00,0.00000E+00,11.3706E+00,0.00000E+00,0.00000E+00,4.2674E+00,0.00000E+00,0.00000E+00,18.1624E+00,0.0000E+00,0.0000E+00,4.0793E+00,0.0000E+00,0.0000E+00,38.831E+00,+99999.9E+99,+99999.9E+99,61.927E+00,+99999.9E+99,+99999.9E+99,1.13297E+03,0.00000E+03,0.00000E+03,0.00000E+03,0.00000E+03,0.00000E+03,1.21843E+03,0.00000E+03,0.00000E+03,0.00000E+03,0.00000E+03,0.00000E+03,-0.44828E+03,0.00000E+03,0.00000E+03,0.00000E+03,0.00000E+03,0.00000E+03,-0.92986E+00,0.00000E+00,0.00000E+00,0.93455E+00,0.15990E+00,0.94434E+00,0.000E+00,159.260E+00,143.564E+00,159.156E+00,78.461E+00,124.357E+00,-21.587E+00,90.000E+00,90.000E+00,9.33186E+00,0.00000E+00,0.00000E+00,110.707E+00,100.000E+00,100.000E+00,-0.12131E+03,0.00000E+03,0.00000E+03,+99999.9E+99,+99999.9E+99,+99999.9E+99,+99999.9E+99,+99999.9E+99,+99999.9E+99,+99999.9E+99,+99999.9E+99,+99999.9E+99,+99999.9E+99,+99999.9E+99,+99999.9E+99,1B00,0,0,0,1B00,77.0969E+00,77.1605E+00,77.1174E+00,77.1249E+00,72.1648E+00,72.5140E+00,72.2739E+00,72.3176E+00,77.0969E+00,77.1605E+00,77.1174E+00,0.0000E+00,0.0000E+00,0.0000E+00,72.3225E+00,72.7982E+00,72.6666E+00,105.743E+00,106.073E+00,105.707E+00,-104.647E+00,-104.716E+00,-105.419E+00,20.349E+00,20.295E+00,20.573E+00,+99999.9E+99,+99999.9E+99,+99999.9E+99,0.398E+00,13.3806E+00,12.9006E+00,13.1053E+00,13.1288E+00,12.1932E+00,11.6990E+00,11.7729E+00,11.8884E+00,13.3795E+00,12.8971E+00,13.0966E+00,-0.1745E+00,-0.3031E+00,0.4786E+00,8.0785E+00,7.4679E+00,7.3228E+00,27.5919E+00,27.1400E+00,28.5071E+00,-26.7200E+00,-27.0233E+00,-26.7148E+00,46.876E+00,49.398E+00,50.788E+00,+99999.9E+99,+99999.9E+99,+99999.9E+99,7.169E+00,0.42673E+03,0.40447E+03,0.42308E+03,1.25428E+03,0.29551E+03,0.25677E+03,0.27677E+03,0.82906E+03,0.60304E+03,0.57955E+03,0.58863E+03,1.77122E+03,0.32964E+03,0.29711E+03,0.29972E+03,0.92514E+03,-0.42611E+03,-0.41507E+03,-0.40925E+03,-1.25042E+03,-0.14607E+03,-0.14946E+03,-0.11502E+03,-0.41055E+03,-0.70762E+00,-0.69790E+00,-0.71876E+00,-0.70814E+00,-0.89647E+00,-0.86425E+00,-0.92343E+00,-0.89614E+00,0.000E+00,119.894E+00,-119.724E+00,56.521E+00,-179.960E+00,-67.319E+00,-44.958E+00,-45.741E+00,-44.048E+00,-44.916E+00,201.703E+00,201.370E+00,201.034E+00,90.761E+00,+99999.9E+99,+99999.9E+99,0.00012E+06,-0.00073E+06,0.00000E+00,14.358E+00,0.757E+03,0.00114E+06,43.694E+00,F0F08
2021/11/30,17:34:32,00000:00:57,450,38003800,0,1800,1800,3800,99.935E+00,0.000E+00,0.000E+00,110.999E+00,0.000E+00,0.000E+00,0.491E+00,0.000E+00,0.000E+00,99.934E+00,0.000E+00,0.000E+00,0.000E+00,0.000E+00,0.000E+00,100.925E+00,0.000E+00,0.000E+00,98.964E+00,0.000E+00,0.000E+00,98.590E+00,+99999.9E+99,+99999.9E+99,0.981E+00,+99999.9E+99,+99999.9E+99,11.7030E+00,0.00000E+00,0.00000E+00,12.0126E+00,0.00000E+00,0.00000E+00,4.4713E+00,0.00000E+00,0.00000E+00,10.8152E+00,0.00000E+00,0.00000E+00,3.1185E+00,0.00000E+00,0.00000E+00,17.9224E+00,0.0000E+00,0.0000E+00,4.1707E+00,0.0000E+00,0.0000E+00,96.347E+00,+99999.9E+99,+99999.9E+99,63.576E+00,+99999.9E+99,+99999.9E+99,1.07885E+03,0.00000E+03,0.00000E+03,0.00000E+03,0.00000E+03,0.00000E+03,1.16954E+03,0.00000E+03,0.00000E+03,0.00000E+03,0.00000E+03,0.00000E+03,0.45158E+03,0.00000E+03,0.00000E+03,0.00000E+03,0.00000E+03,0.00000E+03,0.92245E+00,0.00000E+00,0.00000E+00,0.83324E+00,0.48967E+00,0.55950E+00,0.000E+00,77.983E+00,147.474E+00,146.433E+00,17.301E+00,-156.547E+00,22.713E+00,90.000E+00,90.000E+00,12.6297E+00,0.00000E+00,0.00000E+00,99.114E+00,100.000E+00,100.000E+00,0.00956E+03,0.00000E+03,0.00000E+03,+99999.9E+99,+99999.9E+99,+99999.9E+99,+99999.9E+99,+99999.9E+99,+99999.9E+99,+99999.9E+99,+99999.9E+99,+99999.9E+99,+99999.9E+99,+99999.9E+99,+99999.9E+99,1B00,0,0,0,1B00,76.7603E+00,77.0984E+00,76.8219E+00,76.8935E+00,71.9947E+00,72.6125E+00,72.1174E+00,72.2415E+00,76.7603E+00,77.0984E+00,76.8219E+00,0.0000E+00,0.0000E+00,0.0000E+00,70.0340E+00,70.2392E+00,70.1529E+00,105.399E+00,106.011E+00,105.470E+00,-104.474E+00,-104.570E+00,-104.367E+00,38.942E+00,38.756E+00,38.696E+00,+99999.9E+99,+99999.9E+99,+99999.9E+99,0.177E+00,11.7439E+00,11.5940E+00,11.8754E+00,11.7378E+00,10.3334E+00,10.2674E+00,10.4543E+00,10.3517E+00,11.7439E+00,11.5940E+00,11.8754E+00,0.0000E+00,0.0000E+00,0.0000E+00,15.3384E+00,14.9336E+00,15.1353E+00,27.2590E+00,26.7310E+00,28.3514E+00,-25.3729E+00,-26.5438E+00,-26.2081E+00,39.527E+00,40.527E+00,39.543E+00,+99999.9E+99,+99999.9E+99,+99999.9E+99,1.622E+00,0.35050E+03,0.35343E+03,0.36536E+03,1.06929E+03,0.54043E+03,0.52516E+03,0.54155E+03,1.60714E+03,0.52440E+03,0.51932E+03,0.53255E+03,1.57627E+03,0.61902E+03,0.60252E+03,0.61233E+03,1.83373E+03,-0.39007E+03,-0.38050E+03,-0.38745E+03,-1.15802E+03,-0.30186E+03,-0.29535E+03,-0.28579E+03,-0.88299E+03,-0.66837E+00,-0.68056E+00,-0.68606E+00,-0.67836E+00,-0.87304E+00,-0.87162E+00,-0.88441E+00,-0.87643E+00,0.000E+00,119.979E+00,-119.863E+00,59.284E+00,179.293E+00,-62.100E+00,-48.059E+00,-47.112E+00,-46.681E+00,-47.284E+00,202.038E+00,202.380E+00,202.676E+00,90.592E+00,+99999.9E+99,+99999.9E+99,0.00010E+06,-0.00062E+06,0.00000E+00,12.218E+00,0.757E+03,0.00097E+06,43.789E+00,F0F0F
2021/11/30,17:34:32,00000:00:57,500,38003F00,700,1F00,1F00,3F00,99.935E+00,0.000E+00,0.000E+00,110.999E+00,0.000E+00,0.000E+00,0.491E+00,0.000E+00,0.000E+00,99.934E+00,0.000E+00,0.000E+00,0.000E+00,0.000E+00,0.000E+00,100.925E+00,0.000E+00,0.000E+00,98.964E+00,0.000E+00,0.000E+00,98.590E+00,+99999.9E+99,+99999.9E+99,0.981E+00,+99999.9E+99,+99999.9E+99,11.7030E+00,0.00000E+00,0.00000E+00,12.0126E+00,0.00000E+00,0.00000E+00,4.4713E+00,0.00000E+00,0.00000E+00,10.8152E+00,0.00000E+00,0.00000E+00,3.1185E+00,0.00000E+00,0.00000E+00,17.9224E+00,0.0000E+00,0.0000E+00,4.1707E+00,0.0000E+00,0.0000E+00,96.347E+00,+99999.9E+99,+99999.9E+99,63.576E+00,+99999.9E+99,+99999.9E+99,1.07885E+03,0.00000E+03,0.00000E+03,0.00000E+03,0.00000E+03,0.00000E+03,1.16954E+03,0.00000E+03,0.00000E+03,0.00000E+03,0.00000E+03,0.00000E+03,0.45158E+03,0.00000E+03,0.00000E+03,0.00000E+03,0.00000E+03,0.00000E+03,0.92245E+00,0.00000E+00,0.00000E+00,0.83324E+00,0.48967E+00,0.55950E+00,0.000E+00,77.983E+00,147.474E+00,146.433E+00,17.301E+00,-156.547E+00,22.713E+00,90.000E+00,90.000E+00,12.6297E+00,0.00000E+00,0.00000E+00,77.903E+00,100.000E+00,100.000E+00,0.23839E+03,0.00000E+03,0.00000E+03,+99999.9E+99,+99999.9E+99,+99999.9E+99,+99999.9E+99,+99999.9E+99,+99999.9E+99,+99999.9E+99,+99999.9E+99,+99999.9E+99,+99999.9E+99,+99999.9E+99,+99999.9E+99,1B00,0,0,0,1B00,76.5095E+00,76.6179E+00,76.5387E+00,76.5553E+00,72.3421E+00,72.7282E+00,72.4359E+00,72.5021E+00,76.5095E+00,76.6178E+00,76.5387E+00,0.0000E+00,0.0000E+00,0.0000E+00,72.8847E+00,72.7148E+00,72.6535E+00,105.810E+00,106.070E+00,105.711E+00,-104.566E+00,-105.253E+00,-104.513E+00,18.385E+00,17.950E+00,17.960E+00,+99999.9E+99,+99999.9E+99,+99999.9E+99,0.191E+00,9.3787E+00,8.8645E+00,9.0162E+00,9.0865E+00,8.1722E+00,7.7479E+00,7.8042E+00,7.9081E+00,9.3775E+00,8.8620E+00,9.0087E+00,-0.1530E+00,-0.2125E+00,0.3666E+00,6.1362E+00,6.4391E+00,6.8316E+00,25.7590E+00,23.8909E+00,24.4867E+00,-25.9457E+00,-24.6124E+00,-21.9119E+00,56.787E+00,52.686E+00,49.895E+00,+99999.9E+99,+99999.9E+99,+99999.9E+99,4.769E+00,0.28720E+03,0.26913E+03,0.28413E+03,0.84045E+03,0.21998E+03,0.23642E+03,0.24063E+03,0.69703E+03,0.41672E+03,0.39294E+03,0.39978E+03,1.20944E+03,0.25537E+03,0.26248E+03,0.27597E+03,0.79334E+03,-0.30195E+03,-0.28631E+03,-0.28123E+03,-0.86949E+03,-0.12969E+03,-0.11404E+03,-0.13514E+03,-0.37886E+03,-0.68918E+00,-0.68490E+00,-0.71072E+00,-0.69491E+00,-0.86144E+00,-0.90070E+00,-0.87191E+00,-0.87860E+00,0.000E+00,120.127E+00,-120.055E+00,60.442E+00,175.853E+00,-60.632E+00,-46.434E+00,-46.772E+00,-44.706E+00,-45.980E+00,201.911E+00,201.293E+00,201.748E+00,95.281E+00,+99999.9E+99,+99999.9E+99,0.00004E+06,-0.00053E+06,0.00000E+00,10.114E+00,0.756E+03,0.00080E+06,43.833E+00,F0F0F
2021/11/30,17:34:32,00000:00:57,550,38003F00,500,1F00,1F00,3F00,99.935E+00,0.000E+00,0.000E+00,110.999E+00,0.000E+00,0.000E+00,0.491E+00,0.000E+00,0.000E+00,99.934E+00,0.000E+00,0.000E+00,0.000E+00,0.000E+00,0.000E+00,100.925E+00,0.000E+00,0.000E+00,98.964E+00,0.000E+00,0.000E+00,20.606E+00,+99999.9E+99,311.285E+00,0.981E+00,+99999.9E+99,+99999.9E+99,11.7030E+00,0.00000E+00,0.00000E+00,12.0126E+00,0.00000E+00,0.00000E+00,4.4713E+00,0.00000E+00,0.00000E+00,10.8152E+00,0.00000E+00,0.00000E+00,4.5984E+00,0.00000E+00,0.00000E+00,17.9224E+00,0.0000E+00,0.0000E+00,4.1707E+00,0.0000E+00,0.0000E+00,9.575E+00,+99999.9E+99,+99999.9E+99,63.576E+00,+99999.9E+99,+99999.9E+99,1.07885E+03,0.00000E+03,0.00000E+03,0.00000E+03,0.00000E+03,0.00000E+03,1.16954E+03,0.00000E+03,0.00000E+03,0.00000E+03,0.00000E+03,0.00000E+03,0.45158E+03,0.00000E+03,0.00000E+03,0.00000E+03,0.00000E+03,0.00000E+03,0.92245E+00,0.00000E+00,0.00000E+00,0.91661E+00,0.60457E+00,0.41845E+00,0.000E+00,-16.158E+00,155.740E+00,156.436E+00,111.040E+00,-138.996E+00,22.713E+00,90.000E+00,90.000E+00,12.6297E+00,0.00000E+00,0.00000E+00,123.815E+00,100.000E+00,100.000E+00,-0.25692E+03,0.00000E+03,0.00000E+03,+99999.9E+99,+99999.9E+99,+99999.9E+99,+99999.9E+99,+99999.9E+99,+99999.9E+99,+99999.9E+99,+99999.9E+99,+99999.9E+99,+99999.9E+99,+99999.9E+99,+99999.9E+99,1B00,0,0,0,1B00,76.9949E+00,77.4589E+00,77.3035E+00,77.2524E+00,71.6443E+00,72.4976E+00,72.2295E+00,72.1238E+00,76.9949E+00,77.4589E+00,77.3035E+00,0.0000E+00,0.0000E+00,0.0000E+00,71.7296E+00,72.2835E+00,72.0606E+00,105.711E+00,106.186E+00,105.543E+00,-104.511E+00,-105.109E+00,-104.654E+00,24.749E+00,25.145E+00,24.994E+00,+99999.9E+99,+99999.9E+99,+99999.9E+99,0.441E+00,13.8703E+00,13.5644E+00,13.7011E+00,13.7119E+00,12.9230E+00,12.7426E+00,12.6936E+00,12.7864E+00,13.8695E+00,13.5619E+00,13.6950E+00,-0.1467E+00,-0.2600E+00,0.4079E+00,9.9110E+00,9.0903E+00,9.2265E+00,27.7243E+00,27.1548E+00,28.6414E+00,-26.3738E+00,-27.3314E+00,-26.7390E+00,44.705E+00,47.534E+00,47.670E+00,+99999.9E+99,+99999.9E+99,+99999.9E+99,6.533E+00,0.44936E+03,0.43810E+03,0.44831E+03,1.33577E+03,0.36043E+03,0.31700E+03,0.34086E+03,1.01828E+03,0.62415E+03,0.61127E+03,0.61952E+03,1.85494E+03,0.40510E+03,0.36866E+03,0.37216E+03,1.14453E+03,-0.43317E+03,-0.42629E+03,-0.42758E+03,-1.28704E+03,-0.18492E+03,-0.18822E+03,-0.14940E+03,-0.52253E+03,-0.71995E+00,-0.71670E+00,-0.72364E+00,-0.72011E+00,-0.88973E+00,-0.85986E+00,-0.91589E+00,-0.88970E+00,0.000E+00,119.945E+00,-119.652E+00,57.411E+00,-179.454E+00,-66.137E+00,-43.949E+00,-44.217E+00,-43.644E+00,-43.936E+00,201.243E+00,202.108E+00,200.905E+00,90.145E+00,+99999.9E+99,+99999.9E+99,0.00013E+06,-0.00077E+06,0.00000E+00,15.192E+00,0.757E+03,0.00120E+06,43.585E+00,F0F08
2021/11/30,17:34:32,00000:00:57,600,38003F00,500,1F00,1F00,3F00,99.935E+00,0.000E+00,0.000E+00,110.999E+00,0.000E+00,0.000E+00,0.491E+00,0.000E+00,0.000E+00,99.934E+00,0.000E+00,0.000E+00,0.000E+00,0.000E+00,0.000E+00,100.925E+00,0.000E+00,0.000E+00,98.964E+00,0.000E+00,0.000E+00,20.606E+00,+99999.9E+99,311.285E+00,0.981E+00,+99999.9E+99,+99999.9E+99,11.7030E+00,0.00000E+00,0.00000E+00,12.0126E+00,0.00000E+00,0.00000E+00,4.4713E+00,0.00000E+00,0.00000E+00,10.8152E+00,0.00000E+00,0.00000E+00,4.5984E+00,0.00000E+00,0.00000E+00,17.9224E+00,0.0000E+00,0.0000E+00,4.1707E+00,0.0000E+00,0.0000E+00,9.575E+00,+99999.9E+99,+99999.9E+99,63.576E+00,+99999.9E+99,+99999.9E+99,1.07885E+03,0.00000E+03,0.00000E+03,0.00000E+03,0.00000E+03,0.00000E+03,1.16954E+03,0.00000E+03,0.00000E+03,0.00000E+03,0.00000E+03,0.00000E+03,0.45158E+03,0.00000E+03,0.00000E+03,0.00000E+03,0.00000E+03,0.00000E+03,0.92245E+00,0.00000E+00,0.00000E+00,0.91661E+00,0.60457E+00,0.41845E+00,0.000E+00,-16.158E+00,155.740E+00,156.436E+00,111.040E+00,-138.996E+00,22.713E+00,90.000E+00,90.000E+00,12.6297E+00,0.00000E+00,0.00000E+00,81.021E+00,100.000E+00,100.000E+00,0.20475E+03,0.00000E+03,0.00000E+03,+99999.9E+99,+99999.9E+99,+99999.9E+99,+99999.9E+99,+99999.9E+99,+99999.9E+99,+99999.9E+99,+99999.9E+99,+99999.9E+99,+99999.9E+99,+99999.9E+99,+99999.9E+99,1B00,0,0,0,1B00,76.6814E+00,76.6359E+00,76.3700E+00,76.5624E+00,72.5293E+00,72.6470E+00,72.0169E+00,72.3977E+00,76.6814E+00,76.6359E+00,76.3700E+00,0.0000E+00,0.0000E+00,0.0000E+00,70.7134E+00,70.6160E+00,70.4612E+00,105.760E+00,106.080E+00,105.863E+00,-104.370E+00,-104.497E+00,-104.153E+00,35.431E+00,34.941E+00,35.329E+00,+99999.9E+99,+99999.9E+99,+99999.9E+99,0.208E+00,9.7670E+00,9.3533E+00,9.9606E+00,9.6936E+00,8.4251E+00,8.0700E+00,8.4831E+00,8.3260E+00,9.7662E+00,9.3533E+00,9.9606E+00,-0.1197E+00,0.0000E+00,0.0000E+00,13.2419E+00,13.3017E+00,13.8584E+00,26.3257E+00,24.9733E+00,27.3557E+00,-25.8938E+00,-23.5467E+00,-26.5462E+00,43.260E+00,42.486E+00,40.511E+00,+99999.9E+99,+99999.9E+99,+99999.9E+99,2.572E+00,0.28592E+03,0.28375E+03,0.30442E+03,0.87409E+03,0.45809E+03,0.47359E+03,0.48225E+03,1.41394E+03,0.43429E+03,0.41604E+03,0.44170E+03,1.29203E+03,0.53450E+03,0.53774E+03,0.55543E+03,1.62736E+03,-0.32689E+03,-0.30427E+03,-0.32004E+03,-0.95119E+03,-0.27540E+03,-0.25470E+03,-0.27556E+03,-0.80566E+03,-0.65837E+00,-0.68202E+00,-0.68920E+00,-0.67653E+00,-0.85704E+00,-0.88071E+00,-0.86825E+00,-0.86885E+00,0.000E+00,120.182E+00,-119.987E+00,60.961E+00,178.388E+00,-60.125E+00,-48.824E+00,-46.999E+00,-46.433E+00,-47.427E+00,202.183E+00,201.490E+00,202.380E+00,91.941E+00,+99999.9E+99,+99999.9E+99,0.00007E+06,-0.00052E+06,0.00000E+00,10.151E+00,0.756E+03,0.00080E+06,43.911E+00,F0F08
2021/11/30,17:34:32,00000:00:57,650,38003F00,700,1C00,1C00,3800,99.935E+00,0.000E+00,0.000E+00,110.999E+00,0.000E+00,0.000E+00,0.491E+00,0.000E+00,0.000E+00,99.934E+00,0.000E+00,0.000E+00,0.000E+00,0.000E+00,0.000E+00,100.925E+00,0.000E+00,0.000E+00,98.964E+00,0.000E+00,0.000E+00,66.599E+00,+99999.9E+99,+99999.9E+99,0.981E+00,+99999.9E+99,+99999.9E+99,11.7030E+00,0.00000E+00,0.00000E+00,12.0126E+00,0.00000E+00,0.00000E+00,4.4713E+00,0.00000E+00,0.00000E+00,10.8152E+00,0.00000E+00,0.00000E+00,4.0087E+00,0.00000E+00,0.00000E+00,17.9224E+00,0.0000E+00,0.0000E+00,4.1707E+00,0.0000E+00,0.0000E+00,45.272E+00,+99999.9E+99,+99999.9E+99,63.576E+00,+99999.9E+99,+99999.9E+99,1.07885E+03,0.00000E+03,0.00000E+03,0.00000E+03,0.00000E+03,0.00000E+03,1.16954E+03,0.00000E+03,0.00000E+03,0.00000E+03,0.00000E+03,0.00000E+03,0.45158E+03,0.00000E+03,0.00000E+03,0.00000E+03,0.00000E+03,0.00000E+03,0.92245E+00,0.00000E+00,0.00000E+00,0.88678E+00,0.00348E+00,0.99794E+00,0.000E+00,81.520E+00,153.757E+00,152.471E+00,-8.281E+00,150.082E+00,22.713E+00,90.000E+00,90.000E+00,12.6297E+00,0.00000E+00,0.00000E+00,98.104E+00,100.000E+00,100.000E+00,0.02045E+03,0.00000E+03,0.00000E+03,+99999.9E+99,+99999.9E+99,+99999.9E+99,+99999.9E+99,+99999.9E+99,+99999.9E+99,+99999.9E+99,+99999.9E+99,+99999.9E+99,+99999.9E+99,+99999.9E+99,+99999.9E+99,1B00,0,0,0,1B00,76.5192E+00,77.0092E+00,77.0166E+00,76.8483E+00,71.8635E+00,72.8072E+00,72.7905E+00,72.4871E+00,76.5192E+00,77.0092E+00,77.0166E+00,0.0000E+00,0.0000E+00,0.0000E+00,73.0773E+00,73.1785E+00,73.0662E+00,105.851E+00,106.093E+00,105.629E+00,-104.603E+00,-104.581E+00,-104.709E+00,13.900E+00,13.715E+00,14.085E+00,+99999.9E+99,+99999.9E+99,+99999.9E+99,0.101E+00,11.7477E+00,11.4994E+00,11.3114E+00,11.5195E+00,10.1368E+00,9.9895E+00,9.7098E+00,9.9454E+00,11.7464E+00,11.4936E+00,11.2983E+00,-0.1783E+00,-0.3644E+00,0.5439E+00,4.7722E+00,4.5529E+00,4.7663E+00,27.6643E+00,27.2010E+00,28.5214E+00,-26.7390E+00,-27.0486E+00,-26.0900E+00,58.983E+00,60.172E+00,56.853E+00,+99999.9E+99,+99999.9E+99,+99999.9E+99,2.593E+00,0.36374E+03,0.34485E+03,0.34980E+03,1.05839E+03,0.17107E+03,0.16843E+03,0.17717E+03,0.51667E+03,0.52449E+03,0.51263E+03,0.50688E+03,1.54400E+03,0.19684E+03,0.19064E+03,0.19904E+03,0.58642E+03,-0.37786E+03,-0.37930E+03,-0.36684E+03,-1.12400E+03,-0.09736E+03,-0.08929E+03,-0.09072E+03,-0.27737E+03,-0.69352E+00,-0.67271E+00,-0.69010E+00,-0.68549E+00,-0.86911E+00,-0.88352E+00,-0.89010E+00,-0.88107E+00,0.000E+00,120.055E+00,-119.906E+00,59.688E+00,177.935E+00,-62.785E+00,-46.091E+00,-47.724E+00,-46.362E+00,-46.726E+00,201.150E+00,201.859E+00,201.310E+00,92.668E+00,+99999.9E+99,+99999.9E+99,0.00008E+06,-0.00064E+06,0.00000E+00,12.386E+00,0.756E+03,0.00098E+06,43.612E+00,F0F08
2021/11/30,17:34:32,00000:00:57,700,38003F00,2800,3B00,3B00,3F00,99.987E+00,0.000E+00,0.000E+00,111.057E+00,0.000E+00,0.000E+00,0.504E+00,0.000E+00,0.000E+00,99.986E+00,0.000E+00,0.000E+00,0.000E+00,0.000E+00,0.000E+00,100.979E+00,0.000E+00,0.000E+00,98.771E+00,0.000E+00,0.000E+00,66.599E+00,+99999.9E+99,+99999.9E+99,1.104E+00,+99999.9E+99,+99999.9E+99,11.4572E+00,0.00000E+00,0.00000E+00,11.6538E+00,0.00000E+00,0.00000E+00,4.6027E+00,0.00000E+00,0.00000E+00,10.4921E+00,0.00000E+00,0.00000E+00,4.0087E+00,0.00000E+00,0.00000E+00,18.3888E+00,0.0000E+00,0.0000E+00,4.0712E+00,0.0000E+00,0.0000E+00,45.272E+00,+99999.9E+99,+99999.9E+99,68.231E+00,+99999.9E+99,+99999.9E+99,1.04699E+03,0.00000E+03,0.00000E+03,0.00000E+03,0.00000E+03,0.00000E+03,1.14558E+03,0.00000E+03,0.00000E+03,0.00000E+03,0.00000E+03,0.00000E+03,0.46493E+03,0.00000E+03,0.00000E+03,0.00000E+03,0.00000E+03,0.00000E+03,0.91394E+00,0.00000E+00,0.00000E+00,0.88678E+00,0.00348E+00,0.99794E+00,0.000E+00,81.520E+00,153.757E+00,152.471E+00,-8.281E+00,150.082E+00,23.945E+00,90.000E+00,90.000E+00,0.00000E+00,0.00000E+00,0.00000E+00,123.836E+00,100.000E+00,100.000E+00,-0.24956E+03,0.00000E+03,0.00000E+03,+99999.9E+99,+99999.9E+99,+99999.9E+99,+99999.9E+99,+99999.9E+99,+99999.9E+99,+99999.9E+99,+99999.9E+99,+99999.9E+99,+99999.9E+99,+99999.9E+99,+99999.9E+99,1B00,0,0,0,1B00,77.2128E+00,77.2113E+00,77.0064E+00,77.1435E+00,72.2331E+00,72.4166E+00,71.8987E+00,72.1828E+00,77.2128E+00,77.2113E+00,77.0064E+00,0.0000E+00,0.0000E+00,0.0000E+00,70.4329E+00,71.0276E+00,70.9190E+00,105.304E+00,105.674E+00,105.603E+00,-104.333E+00,-104.731E+00,-104.269E+00,34.697E+00,34.714E+00,34.675E+00,+99999.9E+99,+99999.9E+99,+99999.9E+99,0.517E+00,13.6048E+00,13.1731E+00,13.5577E+00,13.4452E+00,12.5226E+00,12.1108E+00,12.4620E+00,12.3651E+00,13.6040E+00,13.1731E+00,13.5562E+00,-0.1515E+00,0.0000E+00,0.2046E+00,14.1538E+00,13.2152E+00,13.1982E+00,27.6219E+00,27.1157E+00,28.4619E+00,-26.6548E+00,-27.0881E+00,-26.3943E+00,39.485E+00,41.797E+00,42.045E+00,+99999.9E+99,+99999.9E+99,+99999.9E+99,4.469E+00,0.43005E+03,0.42198E+03,0.44452E+03,1.29655E+03,0.50603E+03,0.46216E+03,0.48758E+03,1.45577E+03,0.61323E+03,0.59344E+03,0.60956E+03,1.81623E+03,0.57000E+03,0.53407E+03,0.53893E+03,1.64203E+03,-0.43716E+03,-0.41725E+03,-0.41709E+03,-1.27150E+03,-0.26235E+03,-0.26765E+03,-0.22960E+03,-0.75960E+03,-0.70128E+00,-0.71108E+00,-0.72926E+00,-0.71387E+00,-0.88778E+00,-0.86536E+00,-0.90471E+00,-0.88657E+00,0.000E+00,119.828E+00,-119.668E+00,57.684E+00,179.850E+00,-64.677E+00,-45.470E+00,-44.677E+00,-43.176E+00,-44.449E+00,202.159E+00,201.584E+00,201.928E+00,89.500E+00,+99999.9E+99,+99999.9E+99,0.00014E+06,-0.00074E+06,0.00000E+00,14.627E+00,0.758E+03,0.00116E+06,43.789E+00,F0F08
2021/11/30,17:34:32,00000:00:57,750,38003F00,2D00,3F00,3F00,3F00,99.987E+00,0.000E+00,0.000E+00,111.057E+00,0.000E+00,0.000E+00,0.504E+00,0.000E+00,0.000E+00,99.986E+00,0.000E+00,0.000E+00,0.000E+00,0.000E+00,0.000E+00,100.979E+00,0.000E+00,0.000E+00,98.771E+00,0.000E+00,0.000E+00,31.800E+00,+99999.9E+99,+99999.9E+99,1.104E+00,+99999.9E+99,+99999.9E+99,11.4572E+00,0.00000E+00,0.00000E+00,11.6538E+00,0.00000E+00,0.00000E+00,4.6027E+00,0.00000E+00,0.00000E+00,10.4921E+00,0.00000E+00,0.00000E+00,4.3962E+00,0.00000E+00,0.00000E+00,18.3888E+00,0.0000E+00,0.0000E+00,4.0712E+00,0.0000E+00,0.0000E+00,35.073E+00,+99999.9E+99,+99999.9E+99,68.231E+00,+99999.9E+99,+99999.9E+99,1.04699E+03,0.00000E+03,0.00000E+03,0.00000E+03,0.00000E+03,0.00000E+03,1.14558E+03,0.00000E+03,0.00000E+03,0.00000E+03,0.00000E+03,0.00000E+03,0.46493E+03,0.00000E+03,0.00000E+03,0.00000E+03,0.00000E+03,0.00000E+03,0.91394E+00,0.00000E+00,0.00000E+00,0.93435E+00,0.75795E+00,0.84813E+00,0.000E+00,0.619E+00,-179.836E+00,159.123E+00,-138.665E+00,-147.845E+00,23.945E+00,90.000E+00,90.000E+00,0.00000E+00,0.00000E+00,0.00000E+00,73.748E+00,100.000E+00,100.000E+00,0.27485E+03,0.00000E+03,0.00000E+03,+99999.9E+99,+99999.9E+99,+99999.9E+99,+99999.9E+99,+99999.9E+99,+99999.9E+99,+99999.9E+99,+99999.9E+99,+99999.9E+99,+99999.9E+99,+99999.9E+99,+99999.9E+99,1B00,0,0,0,1B00,76.2878E+00,76.6578E+00,76.5227E+00,76.4894E+00,72.1903E+00,72.8972E+00,72.6479E+00,72.5785E+00,76.2878E+00,76.6578E+00,76.5227E+00,0.0000E+00,0.0000E+00,0.0000E+00,71.9329E+00,71.7673E+00,71.6965E+00,105.730E+00,106.106E+00,105.794E+00,-105.057E+00,-104.634E+00,-105.391E+00,27.089E+00,26.134E+00,26.806E+00,+99999.9E+99,+99999.9E+99,+99999.9E+99,0.196E+00,8.2261E+00,8.1685E+00,8.0968E+00,8.1638E+00,7.3302E+00,7.2910E+00,7.2080E+00,7.2764E+00,8.2254E+00,8.1672E+00,8.0927E+00,-0.1085E+00,-0.1471E+00,0.2565E+00,9.7052E+00,9.9022E+00,10.2451E+00,21.9505E+00,20.6219E+00,20.2676E+00,-18.7029E+00,-19.2314E+00,-19.4971E+00,48.468E+00,45.962E+00,44.508E+00,+99999.9E+99,+99999.9E+99,+99999.9E+99,4.332E+00,0.25967E+03,0.25333E+03,0.25913E+03,0.77214E+03,0.33528E+03,0.35995E+03,0.36310E+03,1.05833E+03,0.36405E+03,0.36185E+03,0.35958E+03,1.08548E+03,0.39002E+03,0.40222E+03,0.41900E+03,1.21062E+03,-0.25515E+03,-0.25838E+03,-0.24929E+03,-0.76283E+03,-0.19926E+03,-0.17949E+03,-0.20908E+03,-0.58782E+03,-0.71329E+00,-0.70009E+00,-0.72065E+00,-0.71133E+00,-0.85964E+00,-0.89491E+00,-0.86661E+00,-0.87421E+00,0.000E+00,120.142E+00,-120.041E+00,60.648E+00,176.611E+00,-59.998E+00,-44.497E+00,-45.566E+00,-43.891E+00,-44.657E+00,201.741E+00,202.034E+00,202.034E+00,95.290E+00,+99999.9E+99,+99999.9E+99,0.00004E+06,-0.00048E+06,0.00000E+00,9.292E+00,0.756E+03,0.00074E+06,43.779E+00,F0F08
2021/11/30,17:34:33,00000:00:57,800,38003F00,2800,3B00,3B00,3F00,99.819E+00,0.000E+00,0.000E+00,110.870E+00,0.000E+00,0.000E+00,0.491E+00,0.000E+00,0.000E+00,99.818E+00,0.000E+00,0.000E+00,0.000E+00,0.000E+00,0.000E+00,100.925E+00,0.000E+00,0.000E+00,98.779E+00,0.000E+00,0.000E+00,31.800E+00,+99999.9E+99,+99999.9E+99,1.075E+00,+99999.9E+99,+99999.9E+99,12.2086E+00,0.00000E+00,0.00000E+00,12.6839E+00,0.00000E+00,0.00000E+00,4.3180E+00,0.00000E+00,0.00000E+00,11.4195E+00,0.00000E+00,0.00000E+00,4.3962E+00,0.00000E+00,0.00000E+00,18.1902E+00,0.0000E+00,0.0000E+00,4.1255E+00,0.0000E+00,0.0000E+00,35.073E+00,+99999.9E+99,+99999.9E+99,61.582E+00,+99999.9E+99,+99999.9E+99,1.13798E+03,0.00000E+03,0.00000E+03,0.00000E+03,0.00000E+03,0.00000E+03,1.21865E+03,0.00000E+03,0.00000E+03,0.00000E+03,0.00000E+03,0.00000E+03,-0.43602E+03,0.00000E+03,0.00000E+03,0.00000E+03,0.00000E+03,0.00000E+03,-0.93380E+00,0.00000E+00,0.00000E+00,0.93435E+00,0.75795E+00,0.84813E+00,0.000E+00,0.619E+00,-179.836E+00,159.123E+00,-138.665E+00,-147.845E+00,-20.964E+00,90.000E+00,90.000E+00,9.31166E+00,0.00000E+00,0.00000E+00,109.198E+00,100.000E+00,100.000E+00,-0.10468E+03,0.00000E+03,0.00000E+03,+99999.9E+99,+99999.9E+99,+99999.9E+99,+99999.9E+99,+99999.9E+99,+99999.9E+99,+99999.9E+99,+99999.9E+99,+99999.9E+99,+99999.9E+99,+99999.9E+99,+99999.9E+99,1B00,0,0,0,1B00,77.0660E+00,77.1826E+00,77.1004E+00,77.1163E+00,72.1051E+00,72.4903E+00,72.2166E+00,72.2707E+00,77.0660E+00,77.1826E+00,77.1004E+00,0.0000E+00,0.0000E+00,0.0000E+00,72.7214E+00,73.1565E+00,73.0174E+00,105.810E+00,106.089E+00,105.791E+00,-104.279E+00,-104.751E+00,-104.423E+00,16.299E+00,16.342E+00,16.748E+00,+99999.9E+99,+99999.9E+99,+99999.9E+99,0.359E+00,13.2583E+00,12.7932E+00,12.9949E+00,13.0155E+00,12.1080E+00,11.6383E+00,11.7145E+00,11.8202E+00,13.2572E+00,12.7894E+00,12.9859E+00,-0.1683E+00,-0.3131E+00,0.4824E+00,6.4580E+00,5.7542E+00,5.6547E+00,27.6405E+00,26.8224E+00,28.1976E+00,-26.4619E+00,-27.0952E+00,-26.1438E+00,49.554E+00,54.348E+00,54.949E+00,+99999.9E+99,+99999.9E+99,+99999.9E+99,7.335E+00,0.42210E+03,0.40145E+03,0.41910E+03,1.24266E+03,0.23200E+03,0.20096E+03,0.21802E+03,0.65099E+03,0.59672E+03,0.57467E+03,0.58377E+03,1.75516E+03,0.25955E+03,0.23282E+03,0.23606E+03,0.72735E+03,-0.42179E+03,-0.41120E+03,-0.40637E+03,-1.23935E+03,-0.11638E+03,-0.11755E+03,-0.09049E+03,-0.32442E+03,-0.70737E+00,-0.69858E+00,-0.71793E+00,-0.70800E+00,-0.89385E+00,-0.86317E+00,-0.92361E+00,-0.89502E+00,0.000E+00,119.928E+00,-119.734E+00,56.840E+00,-179.811E+00,-67.330E+00,-44.979E+00,-45.687E+00,-44.116E+00,-44.927E+00,201.708E+00,201.375E+00,201.626E+00,90.794E+00,+99999.9E+99,+99999.9E+99,0.00011E+06,-0.00073E+06,0.00000E+00,14.232E+00,0.757E+03,0.00113E+06,43.704E+00,F0F08
2021/11/30,17:34:33,00000:00:57,850,38003F00,0,1B00,1B00,3F00,99.916E+00,0.000E+00,0.000E+00,110.977E+00,0.000E+00,0.000E+00,0.514E+00,0.000E+00,0.000E+00,99.914E+00,0.000E+00,0.000E+00,0.000E+00,0.000E+00,0.000E+00,100.882E+00,0.000E+00,0.000E+00,98.800E+00,0.000E+00,0.000E+00,96.776E+00,+99999.9E+99,+99999.9E+99,1.042E+00,+99999.9E+99,+99999.9E+99,11.8212E+00,0.00000E+00,0.00000E+00,12.1167E+00,0.00000E+00,0.00000E+00,4.5538E+00,0.00000E+00,0.00000E+00,10.9088E+00,0.00000E+00,0.00000E+00,3.0787E+00,0.00000E+00,0.00000E+00,18.1321E+00,0.0000E+00,0.0000E+00,4.0457E+00,0.0000E+00,0.0000E+00,96.814E+00,413.279E+00,+99999.9E+99,64.564E+00,+99999.9E+99,+99999.9E+99,1.08784E+03,0.00000E+03,0.00000E+03,0.00000E+03,0.00000E+03,0.00000E+03,1.18112E+03,0.00000E+03,0.00000E+03,0.00000E+03,0.00000E+03,0.00000E+03,0.46004E+03,0.00000E+03,0.00000E+03,0.00000E+03,0.00000E+03,0.00000E+03,0.92103E+00,0.00000E+00,0.00000E+00,0.84065E+00,0.34115E+00,0.32257E+00,0.000E+00,172.887E+00,-176.407E+00,147.208E+00,62.940E+00,112.411E+00,22.923E+00,90.000E+00,90.000E+00,12.6669E+00,0.00000E+00,0.00000E+00,100.356E+00,100.000E+00,100.000E+00,-0.00387E+03,0.00000E+03,0.00000E+03,+99999.9E+99,+99999.9E+99,+99999.9E+99,+99999.9E+99,+99999.9E+99,+99999.9E+99,+99999.9E+99,+99999.9E+99,+99999.9E+99,+99999.9E+99,+99999.9E+99,+99999.9E+99,1B00,0,0,0,1B00,76.7429E+00,77.0958E+00,76.8291E+00,76.8893E+00,72.0134E+00,72.6670E+00,72.1782E+00,72.2862E+00,76.7429E+00,77.0958E+00,76.8291E+00,0.0000E+00,0.0000E+00,0.0000E+00,70.0291E+00,70.2674E+00,70.1630E+00,105.381E+00,105.996E+00,105.509E+00,-104.070E+00,-104.737E+00,-104.246E+00,38.578E+00,38.260E+00,38.292E+00,+99999.9E+99,+99999.9E+99,+99999.9E+99,0.201E+00,11.9430E+00,11.7828E+00,12.0675E+00,11.9311E+00,10.4633E+00,10.3869E+00,10.5817E+00,10.4773E+00,11.9424E+00,11.7828E+00,12.0675E+00,-0.1197E+00,0.0000E+00,0.0000E+00,15.0821E+00,14.6786E+00,14.8892E+00,27.5719E+00,27.1571E+00,28.4995E+00,-26.1714E+00,-26.9362E+00,-26.7738E+00,39.946E+00,40.907E+00,39.845E+00,+99999.9E+99,+99999.9E+99,+99999.9E+99,1.592E+00,0.35819E+03,0.36050E+03,0.37302E+03,1.09171E+03,0.52761E+03,0.51341E+03,0.52998E+03,1.57100E+03,0.53349E+03,0.52776E+03,0.54135E+03,1.60260E+03,0.60807E+03,0.59234E+03,0.60266E+03,1.80294E+03,-0.39536E+03,-0.38545E+03,-0.39231E+03,-1.17313E+03,-0.30228E+03,-0.29543E+03,-0.28692E+03,-0.88463E+03,-0.67141E+00,-0.68308E+00,-0.68906E+00,-0.68122E+00,-0.86769E+00,-0.86675E+00,-0.87939E+00,-0.87135E+00,0.000E+00,119.981E+00,-119.839E+00,59.922E+00,179.851E+00,-61.474E+00,-47.824E+00,-46.915E+00,-46.444E+00,-47.061E+00,201.938E+00,202.320E+00,201.811E+00,90.558E+00,+99999.9E+99,+99999.9E+99,0.00010E+06,-0.00063E+06,0.00000E+00,12.472E+00,0.757E+03,0.00099E+06,43.772E+00,F0F0F
2021/11/30,17:34:33,00000:00:57,900,38003F00,700,1C00,1C00,3800,99.916E+00,0.000E+00,0.000E+00,110.977E+00,0.000E+00,0.000E+00,0.514E+00,0.000E+00,0.000E+00,99.914E+00,0.000E+00,0.000E+00,0.000E+00,0.000E+00,0.000E+00,100.882E+00,0.000E+00,0.000E+00,98.800E+00,0.000E+00,0.000E+00,19.842E+00,+99999.9E+99,457.040E+00,1.042E+00,+99999.9E+99,+99999.9E+99,11.8212E+00,0.00000E+00,0.00000E+00,12.1167E+00,0.00000E+00,0.00000E+00,4.5538E+00,0.00000E+00,0.00000E+00,10.9088E+00,0.00000E+00,0.00000E+00,4.5724E+00,0.00000E+00,0.00000E+00,18.1321E+00,0.0000E+00,0.0000E+00,4.0457E+00,0.0000E+00,0.0000E+00,11.960E+00,+99999.9E+99,+99999.9E+99,64.564E+00,+99999.9E+99,+99999.9E+99,1.08784E+03,0.00000E+03,0.00000E+03,0.00000E+03,0.00000E+03,0.00000E+03,1.18112E+03,0.00000E+03,0.00000E+03,0.00000E+03,0.00000E+03,0.00000E+03,0.46004E+03,0.00000E+03,0.00000E+03,0.00000E+03,0.00000E+03,0.00000E+03,0.92103E+00,0.00000E+00,0.00000E+00,0.91964E+00,0.99981E+00,0.68157E+00,0.000E+00,-145.472E+00,163.465E+00,156.873E+00,-144.348E+00,116.431E+00,22.923E+00,90.000E+00,90.000E+00,12.6669E+00,0.00000E+00,0.00000E+00,78.916E+00,100.000E+00,100.000E+00,0.22936E+03,0.00000E+03,0.00000E+03,+99999.9E+99,+99999.9E+99,+99999.9E+99,+99999.9E+99,+99999.9E+99,+99999.9E+99,+99999.9E+99,+99999.9E+99,+99999.9E+99,+99999.9E+99,+99999.9E+99,+99999.9E+99,1B00,0,0,0,1B00,76.5575E+00,76.6134E+00,76.5601E+00,76.5770E+00,72.4491E+00,72.7698E+00,72.5113E+00,72.5767E+00,76.5575E+00,76.6134E+00,76.5601E+00,0.0000E+00,0.0000E+00,0.0000E+00,72.8645E+00,72.6997E+00,72.6284E+00,105.884E+00,106.047E+00,105.643E+00,-104.940E+00,-105.170E+00,-104.297E+00,18.399E+00,17.969E+00,18.048E+00,+99999.9E+99,+99999.9E+99,+99999.9E+99,0.192E+00,9.5804E+00,9.0652E+00,9.1987E+00,9.2814E+00,8.2900E+00,7.8603E+00,7.8996E+00,8.0166E+00,9.5790E+00,9.0618E+00,9.1896E+00,-0.1609E+00,-0.2470E+00,0.4091E+00,6.1394E+00,6.4228E+00,6.8233E+00,26.1948E+00,24.1581E+00,25.0567E+00,-26.5710E+00,-25.3190E+00,-22.4143E+00,56.802E+00,52.777E+00,49.969E+00,+99999.9E+99,+99999.9E+99,+99999.9E+99,4.766E+00,0.29404E+03,0.27487E+03,0.28956E+03,0.85848E+03,0.22000E+03,0.23612E+03,0.24077E+03,0.69689E+03,0.42621E+03,0.40212E+03,0.40797E+03,1.23631E+03,0.25543E+03,0.26212E+03,0.27591E+03,0.79297E+03,-0.30854E+03,-0.29351E+03,-0.28739E+03,-0.88944E+03,-0.12979E+03,-0.11382E+03,-0.13474E+03,-0.37834E+03,-0.68990E+00,-0.68356E+00,-0.70977E+00,-0.69439E+00,-0.86129E+00,-0.90081E+00,-0.87265E+00,-0.87884E+00,0.000E+00,120.134E+00,-120.048E+00,60.461E+00,175.841E+00,-60.709E+00,-46.378E+00,-46.878E+00,-44.784E+00,-46.021E+00,201.802E+00,201.388E+00,202.135E+00,94.490E+00,+99999.9E+99,+99999.9E+99,0.00005E+06,-0.00054E+06,0.00000E+00,10.241E+00,0.756E+03,0.00081E+06,43.778E+00,F0F08
2021/11/30,17:34:33,00000:00:57,950,38003F00,500,1F00,1F00,3F00,99.916E+00,0.000E+00,0.000E+00,110.977E+00,0.000E+00,0.000E+00,0.514E+00,0.000E+00,0.000E+00,99.914E+00,0.000E+00,0.000E+00,0.000E+00,0.000E+00,0.000E+00,100.882E+00,0.000E+00,0.000E+00,98.800E+00,0.000E+00,0.000E+00,19.842E+00,+99999.9E+99,457.040E+00,1.042E+00,+99999.9E+99,+99999.9E+99,11.8212E+00,0.00000E+00,0.00000E+00,12.1167E+00,0.00000E+00,0.00000E+00,4.5538E+00,0.00000E+00,0.00000E+00,10.9088E+00,0.00000E+00,0.00000E+00,4.5724E+00,0.00000E+00,0.00000E+00,18.1321E+00,0.0000E+00,0.0000E+00,4.0457E+00,0.0000E+00,0.0000E+00,11.960E+00,+99999.9E+99,+99999.9E+99,64.564E+00,+99999.9E+99,+99999.9E+99,1.08784E+03,0.00000E+03,0.00000E+03,0.00000E+03,0.00000E+03,0.00000E+03,1.18112E+03,0.00000E+03,0.00000E+03,0.00000E+03,0.00000E+03,0.00000E+03,0.46004E+03,0.00000E+03,0.00000E+03,0.00000E+03,0.00000E+03,0.00000E+03,0.92103E+00,0.00000E+00,0.00000E+00,0.91964E+00,0.99981E+00,0.68157E+00,0.000E+00,-145.472E+00,163.465E+00,156.873E+00,-144.348E+00,116.431E+00,22.923E+00,90.000E+00,90.000E+00,12.6669E+00,0.00000E+00,0.00000E+00,122.552E+00,100.000E+00,100.000E+00,-0.24533E+03,0.00000E+03,0.00000E+03,+99999.9E+99,+99999.9E+99,+99999.9E+99,+99999.9E+99,+99999.9E+99,+99999.9E+99,+99999.9E+99,+99999.9E+99,+99999.9E+99,+99999.9E+99,+99999.9E+99,+99999.9E+99,1B00,0,0,0,1B00,77.0057E+00,77.4665E+00,77.3248E+00,77.2656E+00,71.6589E+00,72.5019E+00,72.2565E+00,72.1391E+00,77.0056E+00,77.4665E+00,77.3248E+00,0.0000E+00,0.0000E+00,0.0000E+00,71.7308E+00,72.3039E+00,72.1034E+00,105.731E+00,106.067E+00,105.606E+00,-104.287E+00,-105.301E+00,-105.236E+00,25.196E+00,25.512E+00,25.471E+00,+99999.9E+99,+99999.9E+99,+99999.9E+99,0.460E+00,13.7925E+00,13.4773E+00,13.6148E+00,13.6282E+00,12.9134E+00,12.7251E+00,12.6939E+00,12.7775E+00,13.7917E+00,13.4749E+00,13.6087E+00,-0.1520E+00,-0.2536E+00,0.4068E+00,10.1705E+00,9.3014E+00,9.4381E+00,27.7295E+00,26.9000E+00,28.1486E+00,-26.5100E+00,-27.1709E+00,-25.9867E+00,43.935E+00,46.880E+00,47.253E+00,+99999.9E+99,+99999.9E+99,+99999.9E+99,6.802E+00,0.44811E+03,0.43716E+03,0.44790E+03,1.33317E+03,0.37126E+03,0.32492E+03,0.34965E+03,1.04583E+03,0.62090E+03,0.60741E+03,0.61586E+03,1.84417E+03,0.41483E+03,0.37610E+03,0.37963E+03,1.16903E+03,-0.42978E+03,-0.42171E+03,-0.42269E+03,-1.27418E+03,-0.18508E+03,-0.18941E+03,-0.14787E+03,-0.52236E+03,-0.72172E+00,-0.71971E+00,-0.72727E+00,-0.72291E+00,-0.89495E+00,-0.86393E+00,-0.92102E+00,-0.89462E+00,0.000E+00,119.914E+00,-119.654E+00,56.757E+00,-179.934E+00,-66.903E+00,-43.804E+00,-43.969E+00,-43.342E+00,-43.705E+00,201.696E+00,202.167E+00,201.031E+00,90.294E+00,+99999.9E+99,+99999.9E+99,0.00013E+06,-0.00077E+06,0.00000E+00,15.178E+00,0.757E+03,0.00120E+06,43.677E+00,F0F08
2021/11/30,17:34:33,00000:00:58,0,38003F00,500,1F00,1F00,3F00,99.916E+00,0.000E+00,0.000E+00,110.977E+00,0.000E+00,0.000E+00,0.514E+00,0.000E+00,0.000E+00,99.914E+00,0.000E+00,0.000E+00,0.000E+00,0.000E+00,0.000E+00,100.882E+00,0.000E+00,0.000E+00,98.800E+00,0.000E+00,0.000E+00,65.345E+00,+99999.9E+99,491.126E+00,1.042E+00,+99999.9E+99,+99999.9E+99,11.8212E+00,0.00000E+00,0.00000E+00,12.1167E+00,0.00000E+00,0.00000E+00,4.5538E+00,0.00000E+00,0.00000E+00,10.9088E+00,0.00000E+00,0.00000E+00,3.9941E+00,0.00000E+00,0.00000E+00,18.1321E+00,0.0000E+00,0.0000E+00,4.0457E+00,0.0000E+00,0.0000E+00,45.820E+00,+99999.9E+99,+99999.9E+99,64.564E+00,+99999.9E+99,+99999.9E+99,1.08784E+03,0.00000E+03,0.00000E+03,0.00000E+03,0.00000E+03,0.00000E+03,1.18112E+03,0.00000E+03,0.00000E+03,0.00000E+03,0.00000E+03,0.00000E+03,0.46004E+03,0.00000E+03,0.00000E+03,0.00000E+03,0.00000E+03,0.00000E+03,0.92103E+00,0.00000E+00,0.00000E+00,0.88527E+00,0.44636E+00,0.11018E+00,0.000E+00,168.142E+00,146.916E+00,152.285E+00,104.653E+00,63.241E+00,22.923E+00,90.000E+00,90.000E+00,12.6669E+00,0.00000E+00,0.00000E+00,78.583E+00,100.000E+00,100.000E+00,0.23298E+03,0.00000E+03,0.00000E+03,+99999.9E+99,+99999.9E+99,+99999.9E+99,+99999.9E+99,+99999.9E+99,+99999.9E+99,+99999.9E+99,+99999.9E+99,+99999.9E+99,+99999.9E+99,+99999.9E+99,+99999.9E+99,1B00,0,0,0,1B00,76.6998E+00,76.6652E+00,76.3919E+00,76.5856E+00,72.5176E+00,72.6439E+00,72.0088E+00,72.3901E+00,76.6998E+00,76.6652E+00,76.3918E+00,0.0000E+00,0.0000E+00,0.0000E+00,70.2684E+00,70.2889E+00,70.1627E+00,105.659E+00,105.979E+00,105.736E+00,-104.373E+00,-104.550E+00,-104.964E+00,37.573E+00,37.213E+00,37.361E+00,+99999.9E+99,+99999.9E+99,+99999.9E+99,0.109E+00,9.6577E+00,9.2308E+00,9.8387E+00,9.5757E+00,8.3177E+00,7.9528E+00,8.3579E+00,8.2095E+00,9.6577E+00,9.2308E+00,9.8387E+00,0.0000E+00,0.0000E+00,0.0000E+00,14.3164E+00,14.2188E+00,14.5762E+00,26.3919E+00,24.8529E+00,27.1614E+00,-25.6276E+00,-23.3867E+00,-26.6852E+00,41.617E+00,41.541E+00,40.085E+00,+99999.9E+99,+99999.9E+99,+99999.9E+99,1.647E+00,0.27970E+03,0.27763E+03,0.29753E+03,0.85486E+03,0.49545E+03,0.49941E+03,0.51163E+03,1.50650E+03,0.42949E+03,0.41069E+03,0.43645E+03,1.27663E+03,0.57836E+03,0.57364E+03,0.58913E+03,1.74100E+03,-0.32593E+03,-0.30263E+03,-0.31931E+03,-0.94788E+03,-0.29838E+03,-0.28222E+03,-0.29207E+03,-0.87267E+03,-0.65123E+00,-0.67601E+00,-0.68171E+00,-0.66963E+00,-0.85665E+00,-0.87060E+00,-0.86846E+00,-0.86531E+00,0.000E+00,120.098E+00,-119.939E+00,61.065E+00,179.516E+00,-60.173E+00,-49.365E+00,-47.467E+00,-47.022E+00,-47.962E+00,201.942E+00,201.676E+00,202.587E+00,91.999E+00,+99999.9E+99,+99999.9E+99,0.00007E+06,-0.00051E+06,0.00000E+00,9.929E+00,0.756E+03,0.00079E+06,43.816E+00,F0F08
2021/11/30,17:34:33,00000:00:58,50,38003F00,700,1F00,1F00,3F00,99.916E+00,0.000E+00,0.000E+00,110.977E+00,0.000E+00,0.000E+00,0.514E+00,0.000E+00,0.000E+00,99.914E+00,0.000E+00,0.000E+00,0.000E+00,0.000E+00,0.000E+00,100.882E+00,0.000E+00,0.000E+00,98.800E+00,0.000E+00,0.000E+00,65.345E+00,+99999.9E+99,491.126E+00,1.042E+00,+99999.9E+99,+99999.9E+99,11.8212E+00,0.00000E+00,0.00000E+00,12.1167E+00,0.00000E+00,0.00000E+00,4.5538E+00,0.00000E+00,0.00000E+00,10.9088E+00,0.00000E+00,0.00000E+00,3.9941E+00,0.00000E+00,0.00000E+00,18.1321E+00,0.0000E+00,0.0000E+00,4.0457E+00,0.0000E+00,0.0000E+00,45.820E+00,+99999.9E+99,+99999.9E+99,64.564E+00,+99999.9E+99,+99999.9E+99,1.08784E+03,0.00000E+03,0.00000E+03,0.00000E+03,0.00000E+03,0.00000E+03,1.18112E+03,0.00000E+03,0.00000E+03,0.00000E+03,0.00000E+03,0.00000E+03,0.46004E+03,0.00000E+03,0.00000E+03,0.00000E+03,0.00000E+03,0.00000E+03,0.92103E+00,0.00000E+00,0.00000E+00,0.88527E+00,0.44636E+00,0.11018E+00,0.000E+00,168.142E+00,146.916E+00,152.285E+00,104.653E+00,63.241E+00,22.923E+00,90.000E+00,90.000E+00,12.6669E+00,0.00000E+00,0.00000E+00,96.357E+00,100.000E+00,100.000E+00,0.03963E+03,0.00000E+03,0.00000E+03,+99999.9E+99,+99999.9E+99,+99999.9E+99,+99999.9E+99,+99999.9E+99,+99999.9E+99,+99999.9E+99,+99999.9E+99,+99999.9E+99,+99999.9E+99,+99999.9E+99,+99999.9E+99,1B00,0,0,0,1B00,76.5022E+00,77.0337E+00,77.0211E+00,76.8523E+00,71.8081E+00,72.7817E+00,72.7637E+00,72.4512E+00,76.5022E+00,77.0337E+00,77.0210E+00,0.0000E+00,0.0000E+00,0.0000E+00,73.0331E+00,73.0115E+00,72.9114E+00,105.771E+00,106.176E+00,105.703E+00,-104.456E+00,-105.127E+00,-104.379E+00,14.910E+00,14.726E+00,14.836E+00,+99999.9E+99,+99999.9E+99,+99999.9E+99,0.105E+00,11.6996E+00,11.4787E+00,11.2847E+00,11.4876E+00,10.0657E+00,9.9412E+00,9.6390E+00,9.8820E+00,11.6985E+00,11.4718E+00,11.2711E+00,-0.1540E+00,-0.3977E+00,0.5527E+00,4.9046E+00,4.8273E+00,5.2157E+00,27.7167E+00,27.1819E+00,28.6881E+00,-26.4686E+00,-27.1310E+00,-26.2190E+00,61.659E+00,60.343E+00,56.253E+00,+99999.9E+99,+99999.9E+99,+99999.9E+99,3.726E+00,0.36025E+03,0.34198E+03,0.34597E+03,1.04821E+03,0.17117E+03,0.17724E+03,0.18449E+03,0.53290E+03,0.52189E+03,0.51174E+03,0.50585E+03,1.53948E+03,0.20227E+03,0.20144E+03,0.21298E+03,0.61646E+03,-0.37761E+03,-0.38069E+03,-0.36903E+03,-1.12733E+03,-0.10776E+03,-0.09572E+03,-0.10642E+03,-0.30990E+03,-0.69028E+00,-0.66828E+00,-0.68395E+00,-0.68089E+00,-0.84626E+00,-0.87989E+00,-0.86621E+00,-0.86445E+00,0.000E+00,120.097E+00,-119.969E+00,62.180E+00,178.425E+00,-59.935E+00,-46.348E+00,-48.066E+00,-46.847E+00,-47.087E+00,202.053E+00,202.078E+00,201.388E+00,92.991E+00,+99999.9E+99,+99999.9E+99,0.00007E+06,-0.00063E+06,0.00000E+00,12.304E+00,0.757E+03,0.00097E+06,43.837E+00,F0F08
2021/11/30,17:34:33,00000:00:58,100,38003800,2800,3800,3800,3800,99.994E+00,0.000E+00,0.000E+00,111.064E+00,0.000E+00,0.000E+00,0.505E+00,0.000E+00,0.000E+00,99.993E+00,0.000E+00,0.000E+00,0.000E+00,0.000E+00,0.000E+00,100.946E+00,0.000E+00,0.000E+00,98.807E+00,0.000E+00,0.000E+00,35.480E+00,+99999.9E+99,417.945E+00,1.070E+00,+99999.9E+99,+99999.9E+99,11.4548E+00,0.00000E+00,0.00000E+00,11.6226E+00,0.00000E+00,0.00000E+00,4.6601E+00,0.00000E+00,0.00000E+00,10.4640E+00,0.00000E+00,0.00000E+00,4.3087E+00,0.00000E+00,0.00000E+00,18.3336E+00,0.0000E+00,0.0000E+00,3.4174E+00,0.0000E+00,0.0000E+00,42.676E+00,+99999.9E+99,+99999.9E+99,71.274E+00,+99999.9E+99,+99999.9E+99,1.04422E+03,0.00000E+03,0.00000E+03,0.00000E+03,0.00000E+03,0.00000E+03,1.14541E+03,0.00000E+03,0.00000E+03,0.00000E+03,0.00000E+03,0.00000E+03,0.47073E+03,0.00000E+03,0.00000E+03,0.00000E+03,0.00000E+03,0.00000E+03,0.91165E+00,0.00000E+00,0.00000E+00,0.93229E+00,0.01320E+00,0.43749E+00,0.000E+00,-35.636E+00,147.407E+00,158.795E+00,55.120E+00,-148.537E+00,24.266E+00,90.000E+00,90.000E+00,0.00000E+00,0.00000E+00,0.00000E+00,122.936E+00,100.000E+00,100.000E+00,-0.23950E+03,0.00000E+03,0.00000E+03,+99999.9E+99,+99999.9E+99,+99999.9E+99,+99999.9E+99,+99999.9E+99,+99999.9E+99,+99999.9E+99,+99999.9E+99,+99999.9E+99,+99999.9E+99,+99999.9E+99,+99999.9E+99,1B00,0,0,0,1B00,77.1968E+00,77.2328E+00,76.9982E+00,77.1426E+00,72.1757E+00,72.4185E+00,71.8614E+00,72.1519E+00,77.1968E+00,77.2328E+00,76.9982E+00,0.0000E+00,0.0000E+00,0.0000E+00,71.0391E+00,71.7013E+00,71.4734E+00,105.431E+00,105.753E+00,105.531E+00,-104.536E+00,-105.110E+00,-104.906E+00,30.243E+00,30.582E+00,30.486E+00,+99999.9E+99,+99999.9E+99,+99999.9E+99,0.539E+00,13.5807E+00,13.1346E+00,13.5284E+00,13.4146E+00,12.4542E+00,12.0153E+00,12.3920E+00,12.2872E+00,13.5797E+00,13.1346E+00,13.5272E+00,-0.1673E+00,0.0000E+00,0.1768E+00,12.4293E+00,11.3037E+00,11.4856E+00,27.6381E+00,27.2686E+00,28.5762E+00,-26.6281E+00,-26.8162E+00,-26.7300E+00,40.951E+00,44.202E+00,44.072E+00,+99999.9E+99,+99999.9E+99,+99999.9E+99,5.811E+00,0.42561E+03,0.41713E+03,0.44098E+03,1.28371E+03,0.44614E+03,0.39776E+03,0.42522E+03,1.26913E+03,0.61179E+03,0.59163E+03,0.60822E+03,1.81164E+03,0.50065E+03,0.46056E+03,0.46523E+03,1.42503E+03,-0.43948E+03,-0.41956E+03,-0.41889E+03,-1.27793E+03,-0.22718E+03,-0.23216E+03,-0.18876E+03,-0.64810E+03,-0.69568E+00,-0.70505E+00,-0.72503E+00,-0.70859E+00,-0.89112E+00,-0.86365E+00,-0.91400E+00,-0.89060E+00,0.000E+00,119.910E+00,-119.589E+00,57.290E+00,-179.927E+00,-65.850E+00,-45.919E+00,-45.166E+00,-43.528E+00,-44.879E+00,201.213E+00,201.397E+00,201.805E+00,89.596E+00,+99999.9E+99,+99999.9E+99,0.00013E+06,-0.00073E+06,0.00000E+00,14.505E+00,0.757E+03,0.00115E+06,43.551E+00,F0F08
2021/11/30,17:34:33,00000:00:58,150,38003F00,2D00,3F00,3F00,3F00,99.994E+00,0.000E+00,0.000E+00,111.064E+00,0.000E+00,0.000E+00,0.505E+00,0.000E+00,0.000E+00,99.993E+00,0.000E+00,0.000E+00,0.000E+00,0.000E+00,0.000E+00,100.946E+00,0.000E+00,0.000E+00,98.807E+00,0.000E+00,0.000E+00,35.480E+00,+99999.9E+99,417.945E+00,1.070E+00,+99999.9E+99,+99999.9E+99,11.4548E+00,0.00000E+00,0.00000E+00,11.6226E+00,0.00000E+00,0.00000E+00,4.6601E+00,0.00000E+00,0.00000E+00,10.4640E+00,0.00000E+00,0.00000E+00,4.3087E+00,0.00000E+00,0.00000E+00,18.3336E+00,0.0000E+00,0.0000E+00,3.4174E+00,0.0000E+00,0.0000E+00,42.676E+00,+99999.9E+99,+99999.9E+99,71.274E+00,+99999.9E+99,+99999.9E+99,1.04422E+03,0.00000E+03,0.00000E+03,0.00000E+03,0.00000E+03,0.00000E+03,1.14541E+03,0.00000E+03,0.00000E+03,0.00000E+03,0.00000E+03,0.00000E+03,0.47073E+03,0.00000E+03,0.00000E+03,0.00000E+03,0.00000E+03,0.00000E+03,0.91165E+00,0.00000E+00,0.00000E+00,0.93229E+00,0.01320E+00,0.43749E+00,0.000E+00,-35.636E+00,147.407E+00,158.795E+00,55.120E+00,-148.537E+00,24.266E+00,90.000E+00,90.000E+00,0.00000E+00,0.00000E+00,0.00000E+00,74.807E+00,100.000E+00,100.000E+00,0.26306E+03,0.00000E+03,0.00000E+03,+99999.9E+99,+99999.9E+99,+99999.9E+99,+99999.9E+99,+99999.9E+99,+99999.9E+99,+99999.9E+99,+99999.9E+99,+99999.9E+99,+99999.9E+99,+99999.9E+99,+99999.9E+99,1B00,0,0,0,1B00,76.2626E+00,76.6661E+00,76.5002E+00,76.4763E+00,72.1660E+00,72.9138E+00,72.6151E+00,72.5650E+00,76.2626E+00,76.6661E+00,76.5002E+00,0.0000E+00,0.0000E+00,0.0000E+00,71.2918E+00,71.1769E+00,71.0094E+00,105.669E+00,106.063E+00,105.841E+00,-104.204E+00,-104.953E+00,-104.559E+00,31.917E+00,31.196E+00,31.796E+00,+99999.9E+99,+99999.9E+99,+99999.9E+99,0.239E+00,8.2838E+00,8.2319E+00,8.1803E+00,8.2320E+00,7.3781E+00,7.3485E+00,7.2826E+00,7.3364E+00,8.2830E+00,8.2312E+00,8.1773E+00,-0.1167E+00,-0.1034E+00,0.2213E+00,11.7499E+00,11.7541E+00,12.3627E+00,22.4581E+00,20.8371E+00,20.5757E+00,-18.6662E+00,-19.1495E+00,-19.9929E+00,45.075E+00,43.941E+00,41.948E+00,+99999.9E+99,+99999.9E+99,+99999.9E+99,3.394E+00,0.26195E+03,0.25680E+03,0.26241E+03,0.78115E+03,0.40476E+03,0.42590E+03,0.43250E+03,1.26316E+03,0.36635E+03,0.36462E+03,0.36331E+03,1.09429E+03,0.47133E+03,0.47933E+03,0.49757E+03,1.44776E+03,-0.25612E+03,-0.25885E+03,-0.25127E+03,-0.76625E+03,-0.24150E+03,-0.21992E+03,-0.24600E+03,-0.70741E+03,-0.71501E+00,-0.70428E+00,-0.72227E+00,-0.71385E+00,-0.85876E+00,-0.88854E+00,-0.86923E+00,-0.87249E+00,0.000E+00,120.212E+00,-119.980E+00,60.764E+00,177.444E+00,-60.214E+00,-44.356E+00,-45.229E+00,-43.758E+00,-44.451E+00,202.361E+00,201.948E+00,201.935E+00,95.047E+00,+99999.9E+99,+99999.9E+99,0.00004E+06,-0.00049E+06,0.00000E+00,9.378E+00,0.756E+03,0.00074E+06,43.957E+00,F0F08
2021/11/30,17:34:33,00000:00:58,200,38003F00,2800,3B00,3B00,3F00,99.799E+00,0.000E+00,0.000E+00,110.847E+00,0.000E+00,0.000E+00,0.505E+00,0.000E+00,0.000E+00,99.798E+00,0.000E+00,0.000E+00,0.000E+00,0.000E+00,0.000E+00,100.911E+00,0.000E+00,0.000E+00,98.796E+00,0.000E+00,0.000E+00,35.480E+00,+99999.9E+99,417.945E+00,1.059E+00,+99999.9E+99,+99999.9E+99,12.3611E+00,0.00000E+00,0.00000E+00,12.8128E+00,0.00000E+00,0.00000E+00,4.4414E+00,0.00000E+00,0.00000E+00,11.5356E+00,0.00000E+00,0.00000E+00,4.3087E+00,0.00000E+00,0.00000E+00,18.2917E+00,0.0000E+00,0.0000E+00,4.1576E+00,0.0000E+00,0.0000E+00,42.676E+00,+99999.9E+99,+99999.9E+99,61.263E+00,+99999.9E+99,+99999.9E+99,1.14922E+03,0.00000E+03,0.00000E+03,0.00000E+03,0.00000E+03,0.00000E+03,1.23362E+03,0.00000E+03,0.00000E+03,0.00000E+03,0.00000E+03,0.00000E+03,0.44845E+03,0.00000E+03,0.00000E+03,0.00000E+03,0.00000E+03,0.00000E+03,0.93159E+00,0.00000E+00,0.00000E+00,0.93229E+00,0.01320E+00,0.43749E+00,0.000E+00,-35.636E+00,147.407E+00,158.795E+00,55.120E+00,-148.537E+00,21.317E+00,90.000E+00,90.000E+00,9.33186E+00,0.00000E+00,0.00000E+00,109.959E+00,100.000E+00,100.000E+00,-0.11446E+03,0.00000E+03,0.00000E+03,+99999.9E+99,+99999.9E+99,+99999.9E+99,+99999.9E+99,+99999.9E+99,+99999.9E+99,+99999.9E+99,+99999.9E+99,+99999.9E+99,+99999.9E+99,+99999.9E+99,+99999.9E+99,1B00,0,0,0,1B00,77.0776E+00,77.1629E+00,77.1050E+00,77.1152E+00,72.1529E+00,72.5268E+00,72.2698E+00,72.3165E+00,77.0775E+00,77.1629E+00,77.1050E+00,0.0000E+00,0.0000E+00,0.0000E+00,73.0191E+00,73.2417E+00,73.1200E+00,105.694E+00,106.047E+00,105.719E+00,-105.167E+00,-104.841E+00,-104.771E+00,14.203E+00,14.474E+00,14.530E+00,+99999.9E+99,+99999.9E+99,+99999.9E+99,0.179E+00,13.4405E+00,12.9747E+00,13.1643E+00,13.1932E+00,12.2421E+00,11.7642E+00,11.8259E+00,11.9441E+00,13.4394E+00,12.9706E+00,13.1548E+00,-0.1727E+00,-0.3256E+00,0.4994E+00,5.2490E+00,4.7964E+00,4.9322E+00,27.6471E+00,27.2514E+00,28.5814E+00,-26.6852E+00,-26.9076E+00,-26.6990E+00,54.452E+00,58.293E+00,56.554E+00,+99999.9E+99,+99999.9E+99,+99999.9E+99,4.140E+00,0.42981E+03,0.40813E+03,0.42573E+03,1.26368E+03,0.18997E+03,0.17568E+03,0.18654E+03,0.55219E+03,0.60544E+03,0.58281E+03,0.59125E+03,1.77949E+03,0.21439E+03,0.20035E+03,0.20514E+03,0.61960E+03,-0.42640E+03,-0.41604E+03,-0.41028E+03,-1.25272E+03,-0.09937E+03,-0.09631E+03,-0.08537E+03,-0.28105E+03,-0.70992E+00,-0.70029E+00,-0.72006E+00,-0.71013E+00,-0.88610E+00,-0.87688E+00,-0.90930E+00,-0.89121E+00,0.000E+00,120.010E+00,-119.844E+00,57.713E+00,178.687E+00,-65.297E+00,-44.772E+00,-45.550E+00,-43.941E+00,-44.754E+00,201.201E+00,201.407E+00,201.660E+00,90.978E+00,+99999.9E+99,+99999.9E+99,0.00011E+06,-0.00074E+06,0.00000E+00,14.505E+00,0.757E+03,0.00115E+06,43.572E+00,F0F08
2021/11/30,17:34:33,00000:00:58,250,38003F00,0,1B00,1B00,3F00,99.934E+00,0.000E+00,0.000E+00,110.997E+00,0.000E+00,0.000E+00,0.504E+00,0.000E+00,0.000E+00,99.933E+00,0.000E+00,0.000E+00,0.000E+00,0.000E+00,0.000E+00,100.936E+00,0.000E+00,0.000E+00,98.811E+00,0.000E+00,0.000E+00,105.188E+00,+99999.9E+99,+99999.9E+99,1.063E+00,+99999.9E+99,+99999.9E+99,11.6867E+00,0.00000E+00,0.00000E+00,11.9676E+00,0.00000E+00,0.00000E+00,4.5261E+00,0.00000E+00,0.00000E+00,10.7747E+00,0.00000E+00,0.00000E+00,3.0147E+00,0.00000E+00,0.00000E+00,18.2214E+00,0.0000E+00,0.0000E+00,4.1652E+00,0.0000E+00,0.0000E+00,107.333E+00,+99999.9E+99,+99999.9E+99,65.228E+00,+99999.9E+99,+99999.9E+99,1.07470E+03,0.00000E+03,0.00000E+03,0.00000E+03,0.00000E+03,0.00000E+03,1.16790E+03,0.00000E+03,0.00000E+03,0.00000E+03,0.00000E+03,0.00000E+03,0.45717E+03,0.00000E+03,0.00000E+03,0.00000E+03,0.00000E+03,0.00000E+03,0.92020E+00,0.00000E+00,0.00000E+00,0.81918E+00,0.04035E+00,0.99901E+00,0.000E+00,82.249E+00,141.537E+00,145.003E+00,-10.063E+00,-35.907E+00,23.044E+00,90.000E+00,90.000E+00,12.5690E+00,0.00000E+00,0.00000E+00,99.302E+00,100.000E+00,100.000E+00,0.00750E+03,0.00000E+03,0.00000E+03,+99999.9E+99,+99999.9E+99,+99999.9E+99,+99999.9E+99,+99999.9E+99,+99999.9E+99,+99999.9E+99,+99999.9E+99,+99999.9E+99,+99999.9E+99,+99999.9E+99,+99999.9E+99,1B00,0,0,0,1B00,76.7385E+00,77.0788E+00,76.8182E+00,76.8785E+00,71.9614E+00,72.5894E+00,72.1072E+00,72.2193E+00,76.7385E+00,77.0788E+00,76.8182E+00,0.0000E+00,0.0000E+00,0.0000E+00,70.1222E+00,70.4999E+00,70.4477E+00,105.466E+00,106.013E+00,105.481E+00,-104.423E+00,-104.933E+00,-104.624E+00,37.538E+00,37.532E+00,37.434E+00,+99999.9E+99,+99999.9E+99,+99999.9E+99,0.340E+00,11.7965E+00,11.6212E+00,11.9080E+00,11.7753E+00,10.3260E+00,10.2403E+00,10.4390E+00,10.3351E+00,11.7958E+00,11.6212E+00,11.9080E+00,-0.1297E+00,0.0000E+00,0.0000E+00,15.0953E+00,14.4898E+00,14.4981E+00,27.8400E+00,27.0948E+00,28.4114E+00,-26.4219E+00,-27.1843E+00,-26.4938E+00,39.200E+00,40.675E+00,40.551E+00,+99999.9E+99,+99999.9E+99,+99999.9E+99,2.899E+00,0.35006E+03,0.35203E+03,0.36512E+03,1.06720E+03,0.53811E+03,0.50703E+03,0.52680E+03,1.57195E+03,0.52668E+03,0.52024E+03,0.53390E+03,1.58082E+03,0.61032E+03,0.58389E+03,0.58928E+03,1.78305E+03,-0.39352E+03,-0.38304E+03,-0.38953E+03,-1.16610E+03,-0.28796E+03,-0.28956E+03,-0.26407E+03,-0.84158E+03,-0.66465E+00,-0.67667E+00,-0.68387E+00,-0.67509E+00,-0.88170E+00,-0.86837E+00,-0.89397E+00,-0.88160E+00,0.000E+00,119.870E+00,-119.796E+00,58.332E+00,179.575E+00,-63.327E+00,-48.345E+00,-47.416E+00,-46.853E+00,-47.538E+00,202.137E+00,201.967E+00,201.804E+00,90.353E+00,+99999.9E+99,+99999.9E+99,0.00010E+06,-0.00061E+06,0.00000E+00,12.163E+00,0.757E+03,0.00096E+06,43.822E+00,F0F0F
2021/11/30,17:34:33,00000:00:58,300,38003F00,700,1C00,1C00,3800,99.934E+00,0.000E+00,0.000E+00,110.997E+00,0.000E+00,0.000E+00,0.504E+00,0.000E+00,0.000E+00,99.933E+00,0.000E+00,0.000E+00,0.000E+00,0.000E+00,0.000E+00,100.936E+00,0.000E+00,0.000E+00,98.811E+00,0.000E+00,0.000E+00,19.420E+00,+99999.9E+99,+99999.9E+99,1.063E+00,+99999.9E+99,+99999.9E+99,11.6867E+00,0.00000E+00,0.00000E+00,11.9676E+00,0.00000E+00,0.00000E+00,4.5261E+00,0.00000E+00,0.00000E+00,10.7747E+00,0.00000E+00,0.00000E+00,4.6548E+00,0.00000E+00,0.00000E+00,18.2214E+00,0.0000E+00,0.0000E+00,4.1652E+00,0.0000E+00,0.0000E+00,9.034E+00,+99999.9E+99,+99999.9E+99,65.228E+00,+99999.9E+99,+99999.9E+99,1.07470E+03,0.00000E+03,0.00000E+03,0.00000E+03,0.00000E+03,0.00000E+03,1.16790E+03,0.00000E+03,0.00000E+03,0.00000E+03,0.00000E+03,0.00000E+03,0.45717E+03,0.00000E+03,0.00000E+03,0.00000E+03,0.00000E+03,0.00000E+03,0.92020E+00,0.00000E+00,0.00000E+00,0.91809E+00,0.71018E+00,0.79970E+00,0.000E+00,-19.499E+00,147.082E+00,156.649E+00,-154.748E+00,3.980E+00,23.044E+00,90.000E+00,90.000E+00,12.5690E+00,0.00000E+00,0.00000E+00,80.418E+00,100.000E+00,100.000E+00,0.21045E+03,0.00000E+03,0.00000E+03,+99999.9E+99,+99999.9E+99,+99999.9E+99,+99999.9E+99,+99999.9E+99,+99999.9E+99,+99999.9E+99,+99999.9E+99,+99999.9E+99,+99999.9E+99,+99999.9E+99,+99999.9E+99,1B00,0,0,0,1B00,76.5708E+00,76.6287E+00,76.5641E+00,76.5879E+00,72.4721E+00,72.7981E+00,72.5263E+00,72.5988E+00,76.5708E+00,76.6287E+00,76.5641E+00,0.0000E+00,0.0000E+00,0.0000E+00,72.4601E+00,72.2529E+00,72.2326E+00,105.693E+00,106.049E+00,105.757E+00,-105.061E+00,-104.883E+00,-104.457E+00,21.855E+00,21.000E+00,21.586E+00,+99999.9E+99,+99999.9E+99,+99999.9E+99,0.195E+00,9.6277E+00,9.1078E+00,9.2423E+00,9.3259E+00,8.3254E+00,7.8930E+00,7.9290E+00,8.0491E+00,9.6267E+00,9.1042E+00,9.2337E+00,-0.1414E+00,-0.2564E+00,0.3989E+00,7.4337E+00,7.8182E+00,8.0576E+00,26.2067E+00,24.1943E+00,25.1205E+00,-26.6538E+00,-25.4024E+00,-22.5633E+00,53.893E+00,49.787E+00,48.356E+00,+99999.9E+99,+99999.9E+99,+99999.9E+99,4.711E+00,0.29627E+03,0.27660E+03,0.29138E+03,0.86425E+03,0.26128E+03,0.28185E+03,0.28501E+03,0.82814E+03,0.42844E+03,0.40422E+03,0.41002E+03,1.24268E+03,0.30630E+03,0.31581E+03,0.33085E+03,0.95238E+03,-0.30949E+03,-0.29476E+03,-0.28847E+03,-0.89272E+03,-0.15985E+03,-0.14248E+03,-0.16802E+03,-0.47035E+03,-0.69151E+00,-0.68428E+00,-0.71065E+00,-0.69547E+00,-0.85303E+00,-0.89244E+00,-0.86145E+00,-0.86954E+00,0.000E+00,120.105E+00,-120.088E+00,61.363E+00,176.917E+00,-59.468E+00,-46.250E+00,-46.821E+00,-44.712E+00,-45.935E+00,201.708E+00,201.990E+00,202.089E+00,94.486E+00,+99999.9E+99,+99999.9E+99,0.00005E+06,-0.00054E+06,0.00000E+00,10.314E+00,0.756E+03,0.00082E+06,43.774E+00,F0F08
2021/11/30,17:34:33,00000:00:58,350,38003F00,700,1F00,1F00,3F00,99.934E+00,0.000E+00,0.000E+00,110.997E+00,0.000E+00,0.000E+00,0.504E+00,0.000E+00,0.000E+00,99.933E+00,0.000E+00,0.000E+00,0.000E+00,0.000E+00,0.000E+00,100.936E+00,0.000E+00,0.000E+00,98.811E+00,0.000E+00,0.000E+00,19.420E+00,+99999.9E+99,+99999.9E+99,1.063E+00,+99999.9E+99,+99999.9E+99,11.6867E+00,0.00000E+00,0.00000E+00,11.9676E+00,0.00000E+00,0.00000E+00,4.5261E+00,0.00000E+00,0.00000E+00,10.7747E+00,0.00000E+00,0.00000E+00,4.6548E+00,0.00000E+00,0.00000E+00,18.2214E+00,0.0000E+00,0.0000E+00,4.1652E+00,0.0000E+00,0.0000E+00,9.034E+00,+99999.9E+99,+99999.9E+99,65.228E+00,+99999.9E+99,+99999.9E+99,1.07470E+03,0.00000E+03,0.00000E+03,0.00000E+03,0.00000E+03,0.00000E+03,1.16790E+03,0.00000E+03,0.00000E+03,0.00000E+03,0.00000E+03,0.00000E+03,0.45717E+03,0.00000E+03,0.00000E+03,0.00000E+03,0.00000E+03,0.00000E+03,0.92020E+00,0.00000E+00,0.00000E+00,0.91809E+00,0.71018E+00,0.79970E+00,0.000E+00,-19.499E+00,147.082E+00,156.649E+00,-154.748E+00,3.980E+00,23.044E+00,90.000E+00,90.000E+00,12.5690E+00,0.00000E+00,0.00000E+00,126.054E+00,100.000E+00,100.000E+00,-0.28000E+03,0.00000E+03,0.00000E+03,+99999.9E+99,+99999.9E+99,+99999.9E+99,+99999.9E+99,+99999.9E+99,+99999.9E+99,+99999.9E+99,+99999.9E+99,+99999.9E+99,+99999.9E+99,+99999.9E+99,+99999.9E+99,1B00,0,0,0,1B00,77.0100E+00,77.4714E+00,77.3373E+00,77.2729E+00,71.7296E+00,72.5779E+00,72.3378E+00,72.2151E+00,77.0100E+00,77.4714E+00,77.3373E+00,0.0000E+00,0.0000E+00,0.0000E+00,72.2871E+00,72.7726E+00,72.6337E+00,105.610E+00,106.144E+00,105.580E+00,-104.333E+00,-104.676E+00,-104.676E+00,20.302E+00,20.275E+00,20.606E+00,+99999.9E+99,+99999.9E+99,+99999.9E+99,0.404E+00,13.9413E+00,13.6301E+00,13.7708E+00,13.7808E+00,13.0256E+00,12.8428E+00,12.8073E+00,12.8919E+00,13.9404E+00,13.6285E+00,13.7659E+00,-0.1636E+00,-0.2057E+00,0.3704E+00,8.1253E+00,7.4781E+00,7.3493E+00,27.6576E+00,27.1376E+00,28.5709E+00,-26.4686E+00,-27.1595E+00,-26.7205E+00,46.556E+00,49.227E+00,50.653E+00,+99999.9E+99,+99999.9E+99,+99999.9E+99,7.363E+00,0.45531E+03,0.44432E+03,0.45507E+03,1.35470E+03,0.29728E+03,0.25741E+03,0.27839E+03,0.83307E+03,0.62801E+03,0.61450E+03,0.62316E+03,1.86567E+03,0.33109E+03,0.29730E+03,0.30063E+03,0.92762E+03,-0.43254E+03,-0.42449E+03,-0.42572E+03,-1.28275E+03,-0.14575E+03,-0.14876E+03,-0.11349E+03,-0.40801E+03,-0.72500E+00,-0.72306E+00,-0.73026E+00,-0.72612E+00,-0.89789E+00,-0.86581E+00,-0.92600E+00,-0.89808E+00,0.000E+00,119.896E+00,-119.717E+00,56.341E+00,179.860E+00,-67.700E+00,-43.531E+00,-43.692E+00,-43.091E+00,-43.438E+00,201.805E+00,201.438E+00,201.160E+00,89.878E+00,+99999.9E+99,+99999.9E+99,0.00014E+06,-0.00077E+06,0.00000E+00,15.345E+00,0.758E+03,0.00122E+06,43.678E+00,F0F08
2021/11/30,17:34:33,00000:00:58,400,38003F00,500,1F00,1F00,3F00,99.934E+00,0.000E+00,0.000E+00,110.997E+00,0.000E+00,0.000E+00,0.504E+00,0.000E+00,0.000E+00,99.933E+00,0.000E+00,0.000E+00,0.000E+00,0.000E+00,0.000E+00,100.936E+00,0.000E+00,0.000E+00,98.811E+00,0.000E+00,0.000E+00,68.580E+00,340.683E+00,376.421E+00,1.063E+00,+99999.9E+99,+99999.9E+99,11.6867E+00,0.00000E+00,0.00000E+00,11.9676E+00,0.00000E+00,0.00000E+00,4.5261E+00,0.00000E+00,0.00000E+00,10.7747E+00,0.00000E+00,0.00000E+00,4.0246E+00,0.00000E+00,0.00000E+00,18.2214E+00,0.0000E+00,0.0000E+00,4.1652E+00,0.0000E+00,0.0000E+00,49.735E+00,+99999.9E+99,+99999.9E+99,65.228E+00,+99999.9E+99,+99999.9E+99,1.07470E+03,0.00000E+03,0.00000E+03,0.00000E+03,0.00000E+03,0.00000E+03,1.16790E+03,0.00000E+03,0.00000E+03,0.00000E+03,0.00000E+03,0.00000E+03,0.45717E+03,0.00000E+03,0.00000E+03,0.00000E+03,0.00000E+03,0.00000E+03,0.92020E+00,0.00000E+00,0.00000E+00,0.88225E+00,0.77431E+00,0.93922E+00,0.000E+00,-10.738E+00,161.483E+00,151.914E+00,-49.995E+00,141.404E+00,23.044E+00,90.000E+00,90.000E+00,12.5690E+00,0.00000E+00,0.00000E+00,81.047E+00,100.000E+00,100.000E+00,0.20369E+03,0.00000E+03,0.00000E+03,+99999.9E+99,+99999.9E+99,+99999.9E+99,+99999.9E+99,+99999.9E+99,+99999.9E+99,+99999.9E+99,+99999.9E+99,+99999.9E+99,+99999.9E+99,+99999.9E+99,+99999.9E+99,1B00,0,0,0,1B00,76.7192E+00,76.6963E+00,76.3925E+00,76.6027E+00,72.5932E+00,72.7306E+00,72.0453E+00,72.4564E+00,76.7192E+00,76.6963E+00,76.3925E+00,0.0000E+00,0.0000E+00,0.0000E+00,70.2865E+00,70.3137E+00,70.1974E+00,105.787E+00,105.961E+00,105.886E+00,-103.890E+00,-104.867E+00,-105.014E+00,38.269E+00,37.886E+00,38.096E+00,+99999.9E+99,+99999.9E+99,+99999.9E+99,0.096E+00,9.7174E+00,9.3041E+00,9.9132E+00,9.6449E+00,8.4133E+00,8.0652E+00,8.4709E+00,8.3165E+00,9.7167E+00,9.3041E+00,9.9132E+00,-0.1186E+00,0.0000E+00,0.0000E+00,14.7088E+00,14.6170E+00,14.9586E+00,26.3819E+00,24.7400E+00,27.0914E+00,-25.5310E+00,-23.2729E+00,-26.6738E+00,40.864E+00,40.796E+00,39.417E+00,+99999.9E+99,+99999.9E+99,+99999.9E+99,1.484E+00,0.28475E+03,0.28325E+03,0.30302E+03,0.87102E+03,0.51539E+03,0.51855E+03,0.53025E+03,1.56419E+03,0.43228E+03,0.41431E+03,0.44007E+03,1.28666E+03,0.59482E+03,0.59025E+03,0.60472E+03,1.78968E+03,-0.32525E+03,-0.30236E+03,-0.31913E+03,-0.94674E+03,-0.29695E+03,-0.28197E+03,-0.29073E+03,-0.86964E+03,-0.65871E+00,-0.68367E+00,-0.68856E+00,-0.67696E+00,-0.86647E+00,-0.87852E+00,-0.87685E+00,-0.87400E+00,0.000E+00,120.085E+00,-119.940E+00,59.960E+00,178.572E+00,-61.167E+00,-48.799E+00,-46.869E+00,-46.483E+00,-47.394E+00,202.062E+00,202.466E+00,202.667E+00,91.801E+00,+99999.9E+99,+99999.9E+99,0.00007E+06,-0.00052E+06,0.00000E+00,10.089E+00,0.757E+03,0.00080E+06,43.817E+00,F0F08
2021/11/30,17:34:33,00000:00:58,450,38003F00,2A00,3B00,3B00,3F00,99.983E+00,0.000E+00,0.000E+00,111.052E+00,0.000E+00,0.000E+00,0.501E+00,0.000E+00,0.000E+00,99.982E+00,0.000E+00,0.000E+00,0.000E+00,0.000E+00,0.000E+00,100.946E+00,0.000E+00,0.000E+00,98.818E+00,0.000E+00,0.000E+00,68.580E+00,340.683E+00,376.421E+00,1.064E+00,+99999.9E+99,+99999.9E+99,11.5406E+00,0.00000E+00,0.00000E+00,11.7369E+00,0.00000E+00,0.00000E+00,4.6395E+00,0.00000E+00,0.00000E+00,10.5669E+00,0.00000E+00,0.00000E+00,4.0246E+00,0.00000E+00,0.00000E+00,18.2648E+00,0.0000E+00,0.0000E+00,3.9812E+00,0.0000E+00,0.0000E+00,49.735E+00,+99999.9E+99,+99999.9E+99,67.586E+00,+99999.9E+99,+99999.9E+99,1.05441E+03,0.00000E+03,0.00000E+03,0.00000E+03,0.00000E+03,0.00000E+03,1.15386E+03,0.00000E+03,0.00000E+03,0.00000E+03,0.00000E+03,0.00000E+03,0.46863E+03,0.00000E+03,0.00000E+03,0.00000E+03,0.00000E+03,0.00000E+03,0.91381E+00,0.00000E+00,0.00000E+00,0.88225E+00,0.77431E+00,0.93922E+00,0.000E+00,-10.738E+00,161.483E+00,151.914E+00,-49.995E+00,141.404E+00,23.963E+00,90.000E+00,90.000E+00,0.00000E+00,0.00000E+00,0.00000E+00,93.505E+00,100.000E+00,100.000E+00,0.06848E+03,0.00000E+03,0.00000E+03,+99999.9E+99,+99999.9E+99,+99999.9E+99,+99999.9E+99,+99999.9E+99,+99999.9E+99,+99999.9E+99,+99999.9E+99,+99999.9E+99,+99999.9E+99,+99999.9E+99,+99999.9E+99,1B00,0,0,0,1B00,76.6262E+00,76.8724E+00,76.8362E+00,76.7783E+00,72.1620E+00,72.7374E+00,72.5905E+00,72.4966E+00,76.6262E+00,76.8724E+00,76.8362E+00,0.0000E+00,0.0000E+00,0.0000E+00,73.0974E+00,73.0836E+00,72.9627E+00,105.796E+00,106.093E+00,105.803E+00,-104.423E+00,-104.854E+00,-104.616E+00,15.327E+00,15.174E+00,15.297E+00,+99999.9E+99,+99999.9E+99,+99999.9E+99,0.117E+00,11.0409E+00,10.7565E+00,10.6988E+00,10.8321E+00,9.5099E+00,9.2532E+00,9.1708E+00,9.3113E+00,11.0397E+00,10.7533E+00,10.6902E+00,-0.1653E+00,-0.2620E+00,0.4286E+00,5.1816E+00,5.0914E+00,5.5138E+00,27.6338E+00,27.0829E+00,28.5224E+00,-26.4895E+00,-27.0457E+00,-26.1429E+00,58.870E+00,58.014E+00,53.640E+00,+99999.9E+99,+99999.9E+99,+99999.9E+99,3.731E+00,0.33625E+03,0.31929E+03,0.33039E+03,0.98593E+03,0.18358E+03,0.18992E+03,0.19768E+03,0.57118E+03,0.49275E+03,0.47924E+03,0.47764E+03,1.44962E+03,0.21333E+03,0.21275E+03,0.22481E+03,0.65064E+03,-0.36019E+03,-0.35738E+03,-0.34493E+03,-1.06251E+03,-0.10865E+03,-0.09588E+03,-0.10705E+03,-0.31158E+03,-0.68240E+00,-0.66624E+00,-0.69172E+00,-0.68013E+00,-0.86057E+00,-0.89270E+00,-0.87934E+00,-0.87788E+00,0.000E+00,120.112E+00,-119.957E+00,60.610E+00,176.846E+00,-61.459E+00,-46.969E+00,-48.222E+00,-46.233E+00,-47.146E+00,202.175E+00,201.557E+00,201.513E+00,92.933E+00,+99999.9E+99,+99999.9E+99,0.00007E+06,-0.00060E+06,0.00000E+00,11.557E+00,0.757E+03,0.00092E+06,43.828E+00,F0F08
2021/11/30,17:34:33,00000:00:58,500,38003D00,2D00,3C00,3C00,3800,99.983E+00,0.000E+00,0.000E+00,111.052E+00,0.000E+00,0.000E+00,0.501E+00,0.000E+00,0.000E+00,99.982E+00,0.000E+00,0.000E+00,0.000E+00,0.000E+00,0.000E+00,100.946E+00,0.000E+00,0.000E+00,98.818E+00,0.000E+00,0.000E+00,35.066E+00,246.294E+00,362.453E+00,1.064E+00,+99999.9E+99,+99999.9E+99,11.5406E+00,0.00000E+00,0.00000E+00,11.7369E+00,0.00000E+00,0.00000E+00,4.6395E+00,0.00000E+00,0.00000E+00,10.5669E+00,0.00000E+00,0.00000E+00,4.2506E+00,0.00000E+00,0.00000E+00,18.2648E+00,0.0000E+00,0.0000E+00,3.9812E+00,0.0000E+00,0.0000E+00,40.067E+00,+99999.9E+99,+99999.9E+99,67.586E+00,+99999.9E+99,+99999.9E+99,1.05441E+03,0.00000E+03,0.00000E+03,0.00000E+03,0.00000E+03,0.00000E+03,1.15386E+03,0.00000E+03,0.00000E+03,0.00000E+03,0.00000E+03,0.00000E+03,0.46863E+03,0.00000E+03,0.00000E+03,0.00000E+03,0.00000E+03,0.00000E+03,0.91381E+00,0.00000E+00,0.00000E+00,0.93462E+00,0.35155E+00,0.53316E+00,0.000E+00,-171.640E+00,153.390E+00,159.166E+00,77.778E+00,31.171E+00,23.963E+00,90.000E+00,90.000E+00,0.00000E+00,0.00000E+00,0.00000E+00,125.433E+00,100.000E+00,100.000E+00,-0.26816E+03,0.00000E+03,0.00000E+03,+99999.9E+99,+99999.9E+99,+99999.9E+99,+99999.9E+99,+99999.9E+99,+99999.9E+99,+99999.9E+99,+99999.9E+99,+99999.9E+99,+99999.9E+99,+99999.9E+99,+99999.9E+99,1B00,0,0,0,1B00,77.0134E+00,77.4677E+00,77.3587E+00,77.2799E+00,71.6532E+00,72.5139E+00,72.3058E+00,72.1576E+00,77.0134E+00,77.4677E+00,77.3587E+00,0.0000E+00,0.0000E+00,0.0000E+00,71.0772E+00,71.7549E+00,71.5397E+00,105.626E+00,105.921E+00,105.556E+00,-104.411E+00,-104.719E+00,-104.881E+00,30.137E+00,30.376E+00,30.359E+00,+99999.9E+99,+99999.9E+99,+99999.9E+99,0.553E+00,13.7319E+00,13.4005E+00,13.5111E+00,13.5478E+00,12.8533E+00,12.6607E+00,12.5961E+00,12.7034E+00,13.7309E+00,13.3981E+00,13.5044E+00,-0.1666E+00,-0.2550E+00,0.4227E+00,12.3603E+00,11.2149E+00,11.3775E+00,27.5324E+00,26.7233E+00,28.0300E+00,-26.6238E+00,-26.7243E+00,-26.0586E+00,41.129E+00,44.494E+00,44.391E+00,+99999.9E+99,+99999.9E+99,+99999.9E+99,6.036E+00,0.44586E+03,0.43307E+03,0.44364E+03,1.32258E+03,0.44282E+03,0.39278E+03,0.42079E+03,1.25640E+03,0.61868E+03,0.60386E+03,0.61114E+03,1.83367E+03,0.49807E+03,0.45691E+03,0.46115E+03,1.41462E+03,-0.42892E+03,-0.42083E+03,-0.42032E+03,-1.27006E+03,-0.22800E+03,-0.23342E+03,-0.18866E+03,-0.65008E+03,-0.72067E+00,-0.71717E+00,-0.72593E+00,-0.72127E+00,-0.88907E+00,-0.85966E+00,-0.91249E+00,-0.88815E+00,0.000E+00,119.891E+00,-119.589E+00,57.554E+00,-179.488E+00,-65.650E+00,-43.891E+00,-44.178E+00,-43.454E+00,-43.840E+00,201.424E+00,202.261E+00,202.039E+00,90.308E+00,+99999.9E+99,+99999.9E+99,0.00013E+06,-0.00076E+06,0.00000E+00,15.050E+00,0.758E+03,0.00119E+06,43.563E+00,F0F08
2021/11/30,17:34:33,00000:00:58,550,38003F00,2800,3B00,3B00,3F00,99.869E+00,0.000E+00,0.000E+00,110.925E+00,0.000E+00,0.000E+00,0.499E+00,0.000E+00,0.000E+00,99.868E+00,0.000E+00,0.000E+00,0.000E+00,0.000E+00,0.000E+00,100.936E+00,0.000E+00,0.000E+00,98.918E+00,0.000E+00,0.000E+00,35.066E+00,246.294E+00,362.453E+00,1.010E+00,+99999.9E+99,+99999.9E+99,12.3729E+00,0.00000E+00,0.00000E+00,12.9657E+00,0.00000E+00,0.00000E+00,4.1020E+00,0.00000E+00,0.00000E+00,11.6732E+00,0.00000E+00,0.00000E+00,4.2506E+00,0.00000E+00,0.00000E+00,17.7162E+00,0.0000E+00,0.0000E+00,4.1895E+00,0.0000E+00,0.0000E+00,40.067E+00,+99999.9E+99,+99999.9E+99,57.939E+00,+99999.9E+99,+99999.9E+99,1.16395E+03,0.00000E+03,0.00000E+03,0.00000E+03,0.00000E+03,0.00000E+03,1.23568E+03,0.00000E+03,0.00000E+03,0.00000E+03,0.00000E+03,0.00000E+03,0.41487E+03,0.00000E+03,0.00000E+03,0.00000E+03,0.00000E+03,0.00000E+03,0.94195E+00,0.00000E+00,0.00000E+00,0.93462E+00,0.35155E+00,0.53316E+00,0.000E+00,-171.640E+00,153.390E+00,159.166E+00,77.778E+00,31.171E+00,19.618E+00,90.000E+00,90.000E+00,15.1124E+00,0.00000E+00,0.00000E+00,75.226E+00,100.000E+00,100.000E+00,0.28836E+03,0.00000E+03,0.00000E+03,+99999.9E+99,+99999.9E+99,+99999.9E+99,+99999.9E+99,+99999.9E+99,+99999.9E+99,+99999.9E+99,+99999.9E+99,+99999.9E+99,+99999.9E+99,+99999.9E+99,+99999.9E+99,1B00,0,0,0,1B00,76.7395E+00,76.6642E+00,76.3986E+00,76.6008E+00,72.6288E+00,72.6958E+00,72.0701E+00,72.4649E+00,76.7395E+00,76.6642E+00,76.3986E+00,0.0000E+00,0.0000E+00,0.0000E+00,70.7690E+00,70.6700E+00,70.5382E+00,105.644E+00,106.036E+00,105.660E+00,-104.179E+00,-104.269E+00,-104.387E+00,34.876E+00,34.434E+00,34.823E+00,+99999.9E+99,+99999.9E+99,+99999.9E+99,0.192E+00,9.7459E+00,9.3310E+00,9.9349E+00,9.6706E+00,8.4440E+00,8.0870E+00,8.4907E+00,8.3406E+00,9.7453E+00,9.3310E+00,9.9349E+00,-0.1056E+00,0.0000E+00,0.0000E+00,12.9360E+00,12.9713E+00,13.4960E+00,26.3738E+00,24.8124E+00,27.1110E+00,-25.5586E+00,-23.3552E+00,-26.7300E+00,43.747E+00,43.082E+00,41.167E+00,+99999.9E+99,+99999.9E+99,+99999.9E+99,2.461E+00,0.28671E+03,0.28446E+03,0.30442E+03,0.87559E+03,0.44513E+03,0.45945E+03,0.46771E+03,1.37229E+03,0.43381E+03,0.41548E+03,0.44088E+03,1.29017E+03,0.52384E+03,0.52628E+03,0.54319E+03,1.59302E+03,-0.32556E+03,-0.30283E+03,-0.31890E+03,-0.94729E+03,-0.27616E+03,-0.25666E+03,-0.27623E+03,-0.80905E+03,-0.66092E+00,-0.68465E+00,-0.69049E+00,-0.67867E+00,-0.84975E+00,-0.87302E+00,-0.86104E+00,-0.86143E+00,0.000E+00,120.164E+00,-119.997E+00,61.762E+00,179.296E+00,-59.322E+00,-48.630E+00,-46.792E+00,-46.331E+00,-47.261E+00,202.417E+00,201.755E+00,202.053E+00,92.185E+00,+99999.9E+99,+99999.9E+99,0.00007E+06,-0.00052E+06,0.00000E+00,10.186E+00,0.757E+03,0.00081E+06,43.927E+00,F0F08
2021/11/30,17:34:33,00000:00:58,600,38003F00,0,1B00,1B00,3F00,99.935E+00,0.000E+00,0.000E+00,110.998E+00,0.000E+00,0.000E+00,0.500E+00,0.000E+00,0.000E+00,99.934E+00,0.000E+00,0.000E+00,0.000E+00,0.000E+00,0.000E+00,100.918E+00,0.000E+00,0.000E+00,98.818E+00,0.000E+00,0.000E+00,24.699E+00,376.357E+00,+99999.9E+99,1.051E+00,+99999.9E+99,+99999.9E+99,11.6563E+00,0.00000E+00,0.00000E+00,11.9402E+00,0.00000E+00,0.00000E+00,4.5062E+00,0.00000E+00,0.00000E+00,10.7500E+00,0.00000E+00,0.00000E+00,4.2085E+00,0.00000E+00,0.00000E+00,18.3017E+00,0.0000E+00,0.0000E+00,4.1674E+00,0.0000E+00,0.0000E+00,10.619E+00,+99999.9E+99,+99999.9E+99,65.741E+00,+99999.9E+99,+99999.9E+99,1.07227E+03,0.00000E+03,0.00000E+03,0.00000E+03,0.00000E+03,0.00000E+03,1.16487E+03,0.00000E+03,0.00000E+03,0.00000E+03,0.00000E+03,0.00000E+03,0.45515E+03,0.00000E+03,0.00000E+03,0.00000E+03,0.00000E+03,0.00000E+03,0.92051E+00,0.00000E+00,0.00000E+00,0.89686E+00,0.17896E+00,0.52770E+00,0.000E+00,137.628E+00,145.540E+00,153.748E+00,37.319E+00,23.690E+00,23.000E+00,90.000E+00,90.000E+00,12.6196E+00,0.00000E+00,0.00000E+00,95.921E+00,100.000E+00,100.000E+00,0.04374E+03,0.00000E+03,0.00000E+03,+99999.9E+99,+99999.9E+99,+99999.9E+99,+99999.9E+99,+99999.9E+99,+99999.9E+99,+99999.9E+99,+99999.9E+99,+99999.9E+99,+99999.9E+99,+99999.9E+99,+99999.9E+99,1800,0,0,0,1800,76.5216E+00,77.0284E+00,77.0164E+00,76.8555E+00,71.8069E+00,72.7518E+00,72.7217E+00,72.4268E+00,76.5215E+00,77.0284E+00,77.0164E+00,0.0000E+00,0.0000E+00,0.0000E+00,73.1339E+00,73.2449E+00,73.1406E+00,105.744E+00,106.137E+00,105.749E+00,-104.250E+00,-105.036E+00,-104.484E+00,13.917E+00,13.751E+00,14.049E+00,+99999.9E+99,+99999.9E+99,+99999.9E+99,0.101E+00,11.5176E+00,11.3050E+00,11.0931E+00,11.3052E+00,9.9454E+00,9.8282E+00,9.5281E+00,9.7673E+00,11.5164E+00,11.2995E+00,11.0812E+00,-0.1614E+00,-0.3511E+00,0.5137E+00,4.8321E+00,4.5815E+00,4.8106E+00,27.6657E+00,27.1329E+00,28.6448E+00,-26.1190E+00,-26.9962E+00,-26.2300E+00,58.392E+00,59.923E+00,56.435E+00,+99999.9E+99,+99999.9E+99,+99999.9E+99,2.683E+00,0.35340E+03,0.33568E+03,0.33945E+03,1.02853E+03,0.17405E+03,0.16970E+03,0.17904E+03,0.52279E+03,0.51384E+03,0.50394E+03,0.49703E+03,1.51480E+03,0.19976E+03,0.19224E+03,0.20046E+03,0.59236E+03,-0.37301E+03,-0.37586E+03,-0.36306E+03,-1.11192E+03,-0.09804E+03,-0.09031E+03,-0.09017E+03,-0.27852E+03,-0.68777E+00,-0.66612E+00,-0.68295E+00,-0.67899E+00,-0.87127E+00,-0.88277E+00,-0.89313E+00,-0.88256E+00,0.000E+00,120.042E+00,-119.907E+00,59.440E+00,178.018E+00,-63.178E+00,-46.546E+00,-48.231E+00,-46.925E+00,-47.235E+00,201.238E+00,201.974E+00,201.590E+00,93.229E+00,+99999.9E+99,+99999.9E+99,0.00007E+06,-0.00062E+06,0.00000E+00,12.102E+00,0.757E+03,0.00096E+06,43.603E+00,F0F0F
2021/11/30,17:34:33,00000:00:58,650,38003F00,700,1F00,1F00,3F00,99.935E+00,0.000E+00,0.000E+00,110.998E+00,0.000E+00,0.000E+00,0.500E+00,0.000E+00,0.000E+00,99.934E+00,0.000E+00,0.000E+00,0.000E+00,0.000E+00,0.000E+00,100.918E+00,0.000E+00,0.000E+00,98.818E+00,0.000E+00,0.000E+00,24.699E+00,376.357E+00,+99999.9E+99,1.051E+00,+99999.9E+99,+99999.9E+99,11.6563E+00,0.00000E+00,0.00000E+00,11.9402E+00,0.00000E+00,0.00000E+00,4.5062E+00,0.00000E+00,0.00000E+00,10.7500E+00,0.00000E+00,0.00000E+00,4.2085E+00,0.00000E+00,0.00000E+00,18.3017E+00,0.0000E+00,0.0000E+00,4.1674E+00,0.0000E+00,0.0000E+00,10.619E+00,+99999.9E+99,+99999.9E+99,65.741E+00,+99999.9E+99,+99999.9E+99,1.07227E+03,0.00000E+03,0.00000E+03,0.00000E+03,0.00000E+03,0.00000E+03,1.16487E+03,0.00000E+03,0.00000E+03,0.00000E+03,0.00000E+03,0.00000E+03,0.45515E+03,0.00000E+03,0.00000E+03,0.00000E+03,0.00000E+03,0.00000E+03,0.92051E+00,0.00000E+00,0.00000E+00,0.89686E+00,0.17896E+00,0.52770E+00,0.000E+00,137.628E+00,145.540E+00,153.748E+00,37.319E+00,23.690E+00,23.000E+00,90.000E+00,90.000E+00,12.6196E+00,0.00000E+00,0.00000E+00,120.857E+00,100.000E+00,100.000E+00,-0.22365E+03,0.00000E+03,0.00000E+03,+99999.9E+99,+99999.9E+99,+99999.9E+99,+99999.9E+99,+99999.9E+99,+99999.9E+99,+99999.9E+99,+99999.9E+99,+99999.9E+99,+99999.9E+99,+99999.9E+99,+99999.9E+99,1B00,0,0,0,1B00,77.2175E+00,77.2312E+00,76.9979E+00,77.1489E+00,72.2407E+00,72.4505E+00,71.8866E+00,72.1926E+00,77.2174E+00,77.2312E+00,76.9979E+00,0.0000E+00,0.0000E+00,0.0000E+00,70.4642E+00,71.0374E+00,70.9206E+00,105.347E+00,105.666E+00,105.477E+00,-104.293E+00,-104.734E+00,-104.523E+00,34.036E+00,34.127E+00,34.170E+00,+99999.9E+99,+99999.9E+99,+99999.9E+99,0.494E+00,13.6040E+00,13.1639E+00,13.5590E+00,13.4423E+00,12.5215E+00,12.0984E+00,12.4633E+00,12.3611E+00,13.6030E+00,13.1639E+00,13.5573E+00,-0.1677E+00,0.0000E+00,0.2151E+00,13.7813E+00,12.8599E+00,12.8151E+00,27.6219E+00,27.1209E+00,28.4500E+00,-26.6809E+00,-27.0805E+00,-26.3876E+00,40.246E+00,42.504E+00,42.986E+00,+99999.9E+99,+99999.9E+99,+99999.9E+99,4.522E+00,0.42976E+03,0.42149E+03,0.44466E+03,1.29591E+03,0.48705E+03,0.44407E+03,0.46885E+03,1.39997E+03,0.61316E+03,0.59321E+03,0.60970E+03,1.81608E+03,0.55363E+03,0.51871E+03,0.52258E+03,1.59396E+03,-0.43735E+03,-0.41743E+03,-0.41714E+03,-1.27192E+03,-0.26323E+03,-0.26808E+03,-0.23079E+03,-0.76211E+03,-0.70089E+00,-0.71052E+00,-0.72932E+00,-0.71358E+00,-0.87973E+00,-0.85610E+00,-0.89719E+00,-0.87829E+00,0.000E+00,119.846E+00,-119.675E+00,58.659E+00,-179.093E+00,-63.676E+00,-45.501E+00,-44.723E+00,-43.171E+00,-44.473E+00,202.205E+00,201.589E+00,201.941E+00,89.468E+00,+99999.9E+99,+99999.9E+99,0.00014E+06,-0.00074E+06,0.00000E+00,14.616E+00,0.758E+03,0.00116E+06,43.805E+00,F0F0F
2021/11/30,17:34:33,00000:00:58,700,38003D00,500,1C00,1C00,3800,99.935E+00,0.000E+00,0.000E+00,110.998E+00,0.000E+00,0.000E+00,0.500E+00,0.000E+00,0.000E+00,99.934E+00,0.000E+00,0.000E+00,0.000E+00,0.000E+00,0.000E+00,100.918E+00,0.000E+00,0.000E+00,98.818E+00,0.000E+00,0.000E+00,22.177E+00,+99999.9E+99,422.559E+00,1.051E+00,+99999.9E+99,+99999.9E+99,11.6563E+00,0.00000E+00,0.00000E+00,11.9402E+00,0.00000E+00,0.00000E+00,4.5062E+00,0.00000E+00,0.00000E+00,10.7500E+00,0.00000E+00,0.00000E+00,4.4882E+00,0.00000E+00,0.00000E+00,18.3017E+00,0.0000E+00,0.0000E+00,4.1674E+00,0.0000E+00,0.0000E+00,9.157E+00,+99999.9E+99,+99999.9E+99,65.741E+00,+99999.9E+99,+99999.9E+99,1.07227E+03,0.00000E+03,0.00000E+03,0.00000E+03,0.00000E+03,0.00000E+03,1.16487E+03,0.00000E+03,0.00000E+03,0.00000E+03,0.00000E+03,0.00000E+03,0.45515E+03,0.00000E+03,0.00000E+03,0.00000E+03,0.00000E+03,0.00000E+03,0.92051E+00,0.00000E+00,0.00000E+00,0.90484E+00,0.13385E+00,0.89970E+00,0.000E+00,95.345E+00,152.751E+00,154.802E+00,-2.348E+00,126.869E+00,23.000E+00,90.000E+00,90.000E+00,12.6196E+00,0.00000E+00,0.00000E+00,72.183E+00,100.000E+00,100.000E+00,0.29827E+03,0.00000E+03,0.00000E+03,+99999.9E+99,+99999.9E+99,+99999.9E+99,+99999.9E+99,+99999.9E+99,+99999.9E+99,+99999.9E+99,+99999.9E+99,+99999.9E+99,+99999.9E+99,+99999.9E+99,+99999.9E+99,1B00,0,0,0,1B00,76.2924E+00,76.6585E+00,76.5356E+00,76.4955E+00,72.1988E+00,72.9034E+00,72.6744E+00,72.5922E+00,76.2923E+00,76.6585E+00,76.5356E+00,0.0000E+00,0.0000E+00,0.0000E+00,71.9441E+00,71.7934E+00,71.7032E+00,105.760E+00,106.131E+00,105.849E+00,-104.754E+00,-104.533E+00,-105.196E+00,27.031E+00,26.069E+00,26.822E+00,+99999.9E+99,+99999.9E+99,+99999.9E+99,0.199E+00,8.2420E+00,8.1813E+00,8.1195E+00,8.1809E+00,7.3388E+00,7.2968E+00,7.2232E+00,7.2863E+00,8.2413E+00,8.1803E+00,8.1159E+00,-0.1102E+00,-0.1303E+00,0.2416E+00,9.6852E+00,9.8741E+00,10.2395E+00,22.2667E+00,20.9029E+00,20.2443E+00,-18.6576E+00,-19.2871E+00,-19.8910E+00,48.543E+00,46.018E+00,44.516E+00,+99999.9E+99,+99999.9E+99,+99999.9E+99,4.449E+00,0.26014E+03,0.25394E+03,0.25991E+03,0.77400E+03,0.33417E+03,0.35901E+03,0.36312E+03,1.05630E+03,0.36483E+03,0.36244E+03,0.36066E+03,1.08793E+03,0.38930E+03,0.40112E+03,0.41898E+03,1.20875E+03,-0.25579E+03,-0.25861E+03,-0.25005E+03,-0.76444E+03,-0.19971E+03,-0.17891E+03,-0.20902E+03,-0.58763E+03,-0.71305E+00,-0.70065E+00,-0.72065E+00,-0.71144E+00,-0.85839E+00,-0.89502E+00,-0.86668E+00,-0.87388E+00,0.000E+00,120.154E+00,-120.025E+00,60.795E+00,176.599E+00,-59.988E+00,-44.516E+00,-45.521E+00,-43.892E+00,-44.648E+00,201.737E+00,202.058E+00,202.024E+00,94.978E+00,+99999.9E+99,+99999.9E+99,0.00004E+06,-0.00048E+06,0.00000E+00,9.282E+00,0.756E+03,0.00074E+06,43.768E+00,F0F08
2021/11/30,17:34:33,00000:00:58,750,38003F00,700,1F00,1F00,3F00,99.935E+00,0.000E+00,0.000E+00,110.998E+00,0.000E+00,0.000E+00,0.500E+00,0.000E+00,0.000E+00,99.934E+00,0.000E+00,0.000E+00,0.000E+00,0.000E+00,0.000E+00,100.918E+00,0.000E+00,0.000E+00,98.818E+00,0.000E+00,0.000E+00,22.177E+00,+99999.9E+99,422.559E+00,1.051E+00,+99999.9E+99,+99999.9E+99,11.6563E+00,0.00000E+00,0.00000E+00,11.9402E+00,0.00000E+00,0.00000E+00,4.5062E+00,0.00000E+00,0.00000E+00,10.7500E+00,0.00000E+00,0.00000E+00,4.4882E+00,0.00000E+00,0.00000E+00,18.3017E+00,0.0000E+00,0.0000E+00,4.1674E+00,0.0000E+00,0.0000E+00,9.157E+00,+99999.9E+99,+99999.9E+99,65.741E+00,+99999.9E+99,+99999.9E+99,1.07227E+03,0.00000E+03,0.00000E+03,0.00000E+03,0.00000E+03,0.00000E+03,1.16487E+03,0.00000E+03,0.00000E+03,0.00000E+03,0.00000E+03,0.00000E+03,0.45515E+03,0.00000E+03,0.00000E+03,0.00000E+03,0.00000E+03,0.00000E+03,0.92051E+00,0.00000E+00,0.00000E+00,0.90484E+00,0.13385E+00,0.89970E+00,0.000E+00,95.345E+00,152.751E+00,154.802E+00,-2.348E+00,126.869E+00,23.000E+00,90.000E+00,90.000E+00,12.6196E+00,0.00000E+00,0.00000E+00,117.058E+00,100.000E+00,100.000E+00,-0.18291E+03,0.00000E+03,0.00000E+03,+99999.9E+99,+99999.9E+99,+99999.9E+99,+99999.9E+99,+99999.9E+99,+99999.9E+99,+99999.9E+99,+99999.9E+99,+99999.9E+99,+99999.9E+99,+99999.9E+99,+99999.9E+99,1B00,0,0,0,1B00,77.0961E+00,77.1807E+00,77.1194E+00,77.1321E+00,72.1758E+00,72.5396E+00,72.2851E+00,72.3335E+00,77.0961E+00,77.1807E+00,77.1194E+00,0.0000E+00,0.0000E+00,0.0000E+00,72.7227E+00,73.1569E+00,73.0156E+00,105.739E+00,106.039E+00,105.784E+00,-104.456E+00,-104.839E+00,-104.820E+00,16.305E+00,16.338E+00,16.769E+00,+99999.9E+99,+99999.9E+99,+99999.9E+99,0.358E+00,13.3849E+00,12.9183E+00,13.1128E+00,13.1387E+00,12.1888E+00,11.7083E+00,11.7757E+00,11.8909E+00,13.3836E+00,12.9147E+00,13.1036E+00,-0.1867E+00,-0.3040E+00,0.4919E+00,6.4564E+00,5.7570E+00,5.6607E+00,27.5814E+00,27.1448E+00,28.7224E+00,-26.5762E+00,-26.7829E+00,-26.7543E+00,49.586E+00,54.295E+00,54.888E+00,+99999.9E+99,+99999.9E+99,+99999.9E+99,7.274E+00,0.42683E+03,0.40527E+03,0.42308E+03,1.25518E+03,0.23190E+03,0.20112E+03,0.21817E+03,0.65119E+03,0.60305E+03,0.58048E+03,0.58913E+03,1.77266E+03,0.25949E+03,0.23291E+03,0.23627E+03,0.72761E+03,-0.42601E+03,-0.41558E+03,-0.40997E+03,-1.25157E+03,-0.11645E+03,-0.11747E+03,-0.09069E+03,-0.32461E+03,-0.70779E+00,-0.69817E+00,-0.71814E+00,-0.70808E+00,-0.89366E+00,-0.86349E+00,-0.92340E+00,-0.89497E+00,0.000E+00,119.930E+00,-119.734E+00,56.864E+00,-179.846E+00,-67.297E+00,-44.945E+00,-45.720E+00,-44.099E+00,-44.921E+00,201.867E+00,201.458E+00,201.767E+00,90.735E+00,+99999.9E+99,+99999.9E+99,0.00012E+06,-0.00073E+06,0.00000E+00,14.358E+00,0.757E+03,0.00114E+06,43.718E+00,F0F08
2021/11/30,17:34:34,00000:00:58,800,38003F00,500,1F00,1F00,3F00,99.935E+00,0.000E+00,0.000E+00,110.998E+00,0.000E+00,0.000E+00,0.500E+00,0.000E+00,0.000E+00,99.934E+00,0.000E+00,0.000E+00,0.000E+00,0.000E+00,0.000E+00,100.918E+00,0.000E+00,0.000E+00,98.818E+00,0.000E+00,0.000E+00,65.362E+00,372.394E+00,468.830E+00,1.051E+00,+99999.9E+99,+99999.9E+99,11.6563E+00,0.00000E+00,0.00000E+00,11.9402E+00,0.00000E+00,0.00000E+00,4.5062E+00,0.00000E+00,0.00000E+00,10.7500E+00,0.00000E+00,0.00000E+00,4.0437E+00,0.00000E+00,0.00000E+00,18.3017E+00,0.0000E+00,0.0000E+00,4.1674E+00,0.0000E+00,0.0000E+00,47.218E+00,+99999.9E+99,+99999.9E+99,65.741E+00,+99999.9E+99,+99999.9E+99,1.07227E+03,0.00000E+03,0.00000E+03,0.00000E+03,0.00000E+03,0.00000E+03,1.16487E+03,0.00000E+03,0.00000E+03,0.00000E+03,0.00000E+03,0.00000E+03,0.45515E+03,0.00000E+03,0.00000E+03,0.00000E+03,0.00000E+03,0.00000E+03,0.92051E+00,0.00000E+00,0.00000E+00,0.89486E+00,0.84171E+00,0.98698E+00,0.000E+00,94.636E+00,165.881E+00,153.490E+00,61.958E+00,156.624E+00,23.000E+00,90.000E+00,90.000E+00,12.6196E+00,0.00000E+00,0.00000E+00,100.772E+00,100.000E+00,100.000E+00,-0.00827E+03,0.00000E+03,0.00000E+03,+99999.9E+99,+99999.9E+99,+99999.9E+99,+99999.9E+99,+99999.9E+99,+99999.9E+99,+99999.9E+99,+99999.9E+99,+99999.9E+99,+99999.9E+99,+99999.9E+99,+99999.9E+99,1B00,0,0,0,1B00,76.7557E+00,77.1104E+00,76.8399E+00,76.9020E+00,72.0167E+00,72.6744E+00,72.1806E+00,72.2906E+00,76.7557E+00,77.1104E+00,76.8399E+00,0.0000E+00,0.0000E+00,0.0000E+00,70.0469E+00,70.2765E+00,70.1826E+00,105.427E+00,105.990E+00,105.544E+00,-104.516E+00,-104.803E+00,-104.351E+00,38.987E+00,38.782E+00,38.838E+00,+99999.9E+99,+99999.9E+99,+99999.9E+99,0.197E+00,11.9084E+00,11.7329E+00,12.0120E+00,11.8844E+00,10.4092E+00,10.3156E+00,10.5067E+00,10.4105E+00,11.9076E+00,11.7329E+00,12.0120E+00,-0.1411E+00,0.0000E+00,0.0000E+00,15.3385E+00,14.9322E+00,15.1363E+00,27.5943E+00,27.1362E+00,28.6871E+00,-26.1214E+00,-26.7938E+00,-26.7695E+00,39.553E+00,40.525E+00,39.575E+00,+99999.9E+99,+99999.9E+99,+99999.9E+99,1.643E+00,0.35481E+03,0.35633E+03,0.36940E+03,1.08054E+03,0.54054E+03,0.52497E+03,0.54169E+03,1.60721E+03,0.53208E+03,0.52564E+03,0.53897E+03,1.59669E+03,0.61925E+03,0.60260E+03,0.61256E+03,1.83427E+03,-0.39651E+03,-0.38642E+03,-0.39247E+03,-1.17541E+03,-0.30214E+03,-0.29586E+03,-0.28600E+03,-0.88399E+03,-0.66684E+00,-0.67790E+00,-0.68538E+00,-0.67674E+00,-0.87289E+00,-0.87118E+00,-0.88432E+00,-0.87621E+00,0.000E+00,119.974E+00,-119.848E+00,59.313E+00,179.336E+00,-62.082E+00,-48.177E+00,-47.320E+00,-46.735E+00,-47.411E+00,202.026E+00,202.445E+00,201.913E+00,90.350E+00,+99999.9E+99,+99999.9E+99,0.00010E+06,-0.00062E+06,0.00000E+00,12.310E+00,0.757E+03,0.00098E+06,43.771E+00,F0F08
2021/11/30,17:34:34,00000:00:58,850,38003F00,2A00,3B00,3B00,3F00,99.867E+00,0.000E+00,0.000E+00,110.923E+00,0.000E+00,0.000E+00,0.505E+00,0.000E+00,0.000E+00,99.866E+00,0.000E+00,0.000E+00,0.000E+00,0.000E+00,0.000E+00,100.961E+00,0.000E+00,0.000E+00,98.779E+00,0.000E+00,0.000E+00,65.362E+00,372.394E+00,468.830E+00,1.093E+00,+99999.9E+99,+99999.9E+99,12.0853E+00,0.00000E+00,0.00000E+00,12.3924E+00,0.00000E+00,0.00000E+00,4.6448E+00,0.00000E+00,0.00000E+00,11.1571E+00,0.00000E+00,0.00000E+00,4.0437E+00,0.00000E+00,0.00000E+00,18.2298E+00,0.0000E+00,0.0000E+00,4.0779E+00,0.0000E+00,0.0000E+00,47.218E+00,+99999.9E+99,+99999.9E+99,63.421E+00,+99999.9E+99,+99999.9E+99,1.11210E+03,0.00000E+03,0.00000E+03,0.00000E+03,0.00000E+03,0.00000E+03,1.20692E+03,0.00000E+03,0.00000E+03,0.00000E+03,0.00000E+03,0.00000E+03,0.46893E+03,0.00000E+03,0.00000E+03,0.00000E+03,0.00000E+03,0.00000E+03,0.92143E+00,0.00000E+00,0.00000E+00,0.89486E+00,0.84171E+00,0.98698E+00,0.000E+00,94.636E+00,165.881E+00,153.490E+00,61.958E+00,156.624E+00,22.863E+00,90.000E+00,90.000E+00,0.00000E+00,0.00000E+00,0.00000E+00,76.686E+00,100.000E+00,100.000E+00,0.25927E+03,0.00000E+03,0.00000E+03,+99999.9E+99,+99999.9E+99,+99999.9E+99,+99999.9E+99,+99999.9E+99,+99999.9E+99,+99999.9E+99,+99999.9E+99,+99999.9E+99,+99999.9E+99,+99999.9E+99,+99999.9E+99,1B00,0,0,0,1B00,76.5649E+00,76.6306E+00,76.5751E+00,76.5902E+00,72.4544E+00,72.7958E+00,72.5370E+00,72.5957E+00,76.5649E+00,76.6306E+00,76.5751E+00,0.0000E+00,0.0000E+00,0.0000E+00,72.8929E+00,72.7335E+00,72.6826E+00,105.701E+00,106.036E+00,105.716E+00,-104.953E+00,-104.707E+00,-105.036E+00,18.090E+00,17.625E+00,17.734E+00,+99999.9E+99,+99999.9E+99,+99999.9E+99,0.177E+00,9.5424E+00,9.0180E+00,9.1526E+00,9.2377E+00,8.2530E+00,7.8172E+00,7.8551E+00,7.9751E+00,9.5410E+00,9.0148E+00,9.1438E+00,-0.1611E+00,-0.2404E+00,0.4025E+00,5.9974E+00,6.2892E+00,6.6634E+00,26.1657E+00,24.1457E+00,25.0057E+00,-26.5690E+00,-25.2524E+00,-22.3310E+00,57.840E+00,53.590E+00,50.885E+00,+99999.9E+99,+99999.9E+99,+99999.9E+99,4.677E+00,0.29235E+03,0.27276E+03,0.28772E+03,0.85283E+03,0.21366E+03,0.22903E+03,0.23356E+03,0.67624E+03,0.42462E+03,0.40012E+03,0.40604E+03,1.23078E+03,0.24980E+03,0.25588E+03,0.26938E+03,0.77460E+03,-0.30795E+03,-0.29274E+03,-0.28652E+03,-0.88721E+03,-0.12942E+03,-0.11412E+03,-0.13423E+03,-0.37777E+03,-0.68850E+00,-0.68170E+00,-0.70858E+00,-0.69291E+00,-0.85532E+00,-0.89504E+00,-0.86701E+00,-0.87302E+00,0.000E+00,120.115E+00,-120.054E+00,61.130E+00,176.580E+00,-60.071E+00,-46.488E+00,-47.024E+00,-44.880E+00,-46.139E+00,202.100E+00,201.478E+00,202.209E+00,94.698E+00,+99999.9E+99,+99999.9E+99,0.00005E+06,-0.00053E+06,0.00000E+00,10.192E+00,0.757E+03,0.00081E+06,43.837E+00,F0F08
2021/11/30,17:34:34,00000:00:58,900,38003F00,2D00,3F00,3F00,3F00,99.867E+00,0.000E+00,0.000E+00,110.923E+00,0.000E+00,0.000E+00,0.505E+00,0.000E+00,0.000E+00,99.866E+00,0.000E+00,0.000E+00,0.000E+00,0.000E+00,0.000E+00,100.961E+00,0.000E+00,0.000E+00,98.779E+00,0.000E+00,0.000E+00,37.329E+00,+99999.9E+99,491.000E+00,1.093E+00,+99999.9E+99,+99999.9E+99,12.0853E+00,0.00000E+00,0.00000E+00,12.3924E+00,0.00000E+00,0.00000E+00,4.6448E+00,0.00000E+00,0.00000E+00,11.1571E+00,0.00000E+00,0.00000E+00,4.1734E+00,0.00000E+00,0.00000E+00,18.2298E+00,0.0000E+00,0.0000E+00,4.0779E+00,0.0000E+00,0.0000E+00,45.309E+00,+99999.9E+99,+99999.9E+99,63.421E+00,+99999.9E+99,+99999.9E+99,1.11210E+03,0.00000E+03,0.00000E+03,0.00000E+03,0.00000E+03,0.00000E+03,1.20692E+03,0.00000E+03,0.00000E+03,0.00000E+03,0.00000E+03,0.00000E+03,0.46893E+03,0.00000E+03,0.00000E+03,0.00000E+03,0.00000E+03,0.00000E+03,0.92143E+00,0.00000E+00,0.00000E+00,0.92984E+00,0.82911E+00,0.40274E+00,0.000E+00,-135.364E+00,163.347E+00,158.411E+00,-169.357E+00,49.597E+00,22.863E+00,90.000E+00,90.000E+00,0.00000E+00,0.00000E+00,0.00000E+00,121.457E+00,100.000E+00,100.000E+00,-0.23863E+03,0.00000E+03,0.00000E+03,+99999.9E+99,+99999.9E+99,+99999.9E+99,+99999.9E+99,+99999.9E+99,+99999.9E+99,+99999.9E+99,+99999.9E+99,+99999.9E+99,+99999.9E+99,+99999.9E+99,+99999.9E+99,1B00,0,0,0,1B00,77.0201E+00,77.4763E+00,77.3425E+00,77.2796E+00,71.7237E+00,72.5846E+00,72.3390E+00,72.2158E+00,77.0201E+00,77.4763E+00,77.3425E+00,0.0000E+00,0.0000E+00,0.0000E+00,71.7582E+00,72.3353E+00,72.1299E+00,105.450E+00,106.103E+00,105.599E+00,-104.597E+00,-104.960E+00,-105.207E+00,25.082E+00,25.412E+00,25.396E+00,+99999.9E+99,+99999.9E+99,+99999.9E+99,0.463E+00,13.9337E+00,13.6021E+00,13.7395E+00,13.7584E+00,13.0247E+00,12.8201E+00,12.7810E+00,12.8753E+00,13.9327E+00,13.6001E+00,13.7337E+00,-0.1634E+00,-0.2341E+00,0.3986E+00,10.1155E+00,9.2430E+00,9.3837E+00,27.6171E+00,27.2367E+00,28.6886E+00,-26.5876E+00,-26.8710E+00,-26.7338E+00,44.104E+00,47.059E+00,47.451E+00,+99999.9E+99,+99999.9E+99,+99999.9E+99,6.837E+00,0.45466E+03,0.44249E+03,0.45359E+03,1.35073E+03,0.36879E+03,0.32249E+03,0.34745E+03,1.03873E+03,0.62786E+03,0.61328E+03,0.62166E+03,1.86280E+03,0.41262E+03,0.37384E+03,0.37755E+03,1.16247E+03,-0.43301E+03,-0.42464E+03,-0.42511E+03,-1.28276E+03,-0.18507E+03,-0.18911E+03,-0.14772E+03,-0.52190E+03,-0.72414E+00,-0.72150E+00,-0.72964E+00,-0.72511E+00,-0.89377E+00,-0.86263E+00,-0.92028E+00,-0.89355E+00,0.000E+00,119.917E+00,-119.651E+00,56.910E+00,-179.785E+00,-66.790E+00,-43.603E+00,-43.821E+00,-43.144E+00,-43.522E+00,201.436E+00,202.269E+00,201.157E+00,90.337E+00,+99999.9E+99,+99999.9E+99,0.00013E+06,-0.00078E+06,0.00000E+00,15.378E+00,0.758E+03,0.00122E+06,43.577E+00,F0F08
2021/11/30,17:34:34,00000:00:58,950,38003800,2800,3800,3800,3800,100.041E+00,0.000E+00,0.000E+00,111.116E+00,0.000E+00,0.000E+00,0.500E+00,0.000E+00,0.000E+00,100.040E+00,0.000E+00,0.000E+00,0.000E+00,0.000E+00,0.000E+00,100.964E+00,0.000E+00,0.000E+00,98.807E+00,0.000E+00,0.000E+00,37.329E+00,+99999.9E+99,491.000E+00,1.078E+00,+99999.9E+99,+99999.9E+99,11.1966E+00,0.00000E+00,0.00000E+00,11.4264E+00,0.00000E+00,0.00000E+00,4.4196E+00,0.00000E+00,0.00000E+00,10.2874E+00,0.00000E+00,0.00000E+00,4.1734E+00,0.00000E+00,0.00000E+00,18.1514E+00,0.0000E+00,0.0000E+00,4.0960E+00,0.0000E+00,0.0000E+00,45.309E+00,+99999.9E+99,+99999.9E+99,68.314E+00,+99999.9E+99,+99999.9E+99,1.02718E+03,0.00000E+03,0.00000E+03,0.00000E+03,0.00000E+03,0.00000E+03,1.12012E+03,0.00000E+03,0.00000E+03,0.00000E+03,0.00000E+03,0.00000E+03,-0.44674E+03,0.00000E+03,0.00000E+03,0.00000E+03,0.00000E+03,0.00000E+03,-0.91703E+00,0.00000E+00,0.00000E+00,0.92984E+00,0.82911E+00,0.40274E+00,0.000E+00,-135.364E+00,163.347E+00,158.411E+00,-169.357E+00,49.597E+00,-23.505E+00,90.000E+00,90.000E+00,9.34138E+00,0.00000E+00,0.00000E+00,84.783E+00,100.000E+00,100.000E+00,0.15631E+03,0.00000E+03,0.00000E+03,+99999.9E+99,+99999.9E+99,+99999.9E+99,+99999.9E+99,+99999.9E+99,+99999.9E+99,+99999.9E+99,+99999.9E+99,+99999.9E+99,+99999.9E+99,+99999.9E+99,+99999.9E+99,1B00,0,0,0,1B00,76.7396E+00,76.6766E+00,76.4061E+00,76.6074E+00,72.6214E+00,72.7093E+00,72.0713E+00,72.4673E+00,76.7396E+00,76.6765E+00,76.4061E+00,0.0000E+00,0.0000E+00,0.0000E+00,70.7677E+00,70.6805E+00,70.5110E+00,105.853E+00,106.047E+00,105.794E+00,-104.497E+00,-104.436E+00,-105.774E+00,35.736E+00,35.215E+00,35.718E+00,+99999.9E+99,+99999.9E+99,+99999.9E+99,0.214E+00,9.7146E+00,9.2940E+00,9.9049E+00,9.6379E+00,8.4116E+00,8.0509E+00,8.4608E+00,8.3077E+00,9.7140E+00,9.2940E+00,9.9049E+00,-0.1111E+00,0.0000E+00,0.0000E+00,13.3686E+00,13.4104E+00,13.9733E+00,26.3343E+00,24.8086E+00,27.0505E+00,-25.5667E+00,-23.3157E+00,-26.7843E+00,42.973E+00,42.206E+00,40.312E+00,+99999.9E+99,+99999.9E+99,+99999.9E+99,2.567E+00,0.28499E+03,0.28283E+03,0.30305E+03,0.87087E+03,0.46492E+03,0.48022E+03,0.48946E+03,1.43460E+03,0.43246E+03,0.41384E+03,0.43965E+03,1.28595E+03,0.54100E+03,0.54396E+03,0.56203E+03,1.64668E+03,-0.32528E+03,-0.30210E+03,-0.31852E+03,-0.94590E+03,-0.27664E+03,-0.25551E+03,-0.27623E+03,-0.80838E+03,-0.65899E+00,-0.68344E+00,-0.68929E+00,-0.67722E+00,-0.85937E+00,-0.88282E+00,-0.87089E+00,-0.87121E+00,0.000E+00,120.192E+00,-119.974E+00,60.707E+00,178.134E+00,-60.416E+00,-48.777E+00,-46.887E+00,-46.426E+00,-47.373E+00,202.165E+00,201.809E+00,202.708E+00,91.917E+00,+99999.9E+99,+99999.9E+99,0.00007E+06,-0.00052E+06,0.00000E+00,10.098E+00,0.757E+03,0.00080E+06,43.833E+00,F0F08
2021/11/30,17:34:34,00000:00:59,0,38003F00,0,1B00,1B00,3F00,99.927E+00,0.000E+00,0.000E+00,110.990E+00,0.000E+00,0.000E+00,0.509E+00,0.000E+00,0.000E+00,99.926E+00,0.000E+00,0.000E+00,0.000E+00,0.000E+00,0.000E+00,100.929E+00,0.000E+00,0.000E+00,98.825E+00,0.000E+00,0.000E+00,105.602E+00,302.999E+00,+99999.9E+99,1.053E+00,+99999.9E+99,+99999.9E+99,11.7700E+00,0.00000E+00,0.00000E+00,12.0466E+00,0.00000E+00,0.00000E+00,4.5720E+00,0.00000E+00,0.00000E+00,10.8457E+00,0.00000E+00,0.00000E+00,3.0721E+00,0.00000E+00,0.00000E+00,18.1562E+00,0.0000E+00,0.0000E+00,4.1171E+00,0.0000E+00,0.0000E+00,103.902E+00,+99999.9E+99,+99999.9E+99,64.722E+00,+99999.9E+99,+99999.9E+99,1.08168E+03,0.00000E+03,0.00000E+03,0.00000E+03,0.00000E+03,0.00000E+03,1.17614E+03,0.00000E+03,0.00000E+03,0.00000E+03,0.00000E+03,0.00000E+03,0.46181E+03,0.00000E+03,0.00000E+03,0.00000E+03,0.00000E+03,0.00000E+03,0.91969E+00,0.00000E+00,0.00000E+00,0.82275E+00,0.62568E+00,0.49507E+00,0.000E+00,-109.441E+00,136.570E+00,145.361E+00,121.826E+00,76.245E+00,23.119E+00,90.000E+00,90.000E+00,12.6252E+00,0.00000E+00,0.00000E+00,96.708E+00,100.000E+00,100.000E+00,0.03561E+03,0.00000E+03,0.00000E+03,+99999.9E+99,+99999.9E+99,+99999.9E+99,+99999.9E+99,+99999.9E+99,+99999.9E+99,+99999.9E+99,+99999.9E+99,+99999.9E+99,+99999.9E+99,+99999.9E+99,+99999.9E+99,1B00,0,0,0,1B00,76.5409E+00,77.0183E+00,77.0550E+00,76.8714E+00,71.8628E+00,72.7900E+00,72.8388E+00,72.4972E+00,76.5409E+00,77.0183E+00,77.0550E+00,0.0000E+00,0.0000E+00,0.0000E+00,73.1506E+00,73.2654E+00,73.1548E+00,105.844E+00,106.071E+00,105.744E+00,-104.553E+00,-105.066E+00,-105.081E+00,13.861E+00,13.708E+00,14.021E+00,+99999.9E+99,+99999.9E+99,+99999.9E+99,0.104E+00,11.6757E+00,11.4232E+00,11.2228E+00,11.4406E+00,10.0736E+00,9.9271E+00,9.6213E+00,9.8740E+00,11.6744E+00,11.4172E+00,11.2092E+00,-0.1805E+00,-0.3699E+00,0.5513E+00,4.8074E+00,4.5513E+00,4.7886E+00,27.5971E+00,27.0657E+00,28.6690E+00,-26.6052E+00,-26.7224E+00,-26.2343E+00,58.657E+00,60.204E+00,56.652E+00,+99999.9E+99,+99999.9E+99,+99999.9E+99,2.788E+00,0.36037E+03,0.34034E+03,0.34535E+03,1.04607E+03,0.17280E+03,0.16844E+03,0.17809E+03,0.51933E+03,0.52155E+03,0.50939E+03,0.50300E+03,1.53393E+03,0.19870E+03,0.19099E+03,0.19954E+03,0.58912E+03,-0.37702E+03,-0.37900E+03,-0.36571E+03,-1.12172E+03,-0.09808E+03,-0.09002E+03,-0.09001E+03,-0.27812E+03,-0.69097E+00,-0.66814E+00,-0.68659E+00,-0.68195E+00,-0.86967E+00,-0.88195E+00,-0.89248E+00,-0.88155E+00,0.000E+00,120.046E+00,-119.902E+00,59.629E+00,178.120E+00,-63.089E+00,-46.293E+00,-48.076E+00,-46.640E+00,-47.004E+00,202.136E+00,202.164E+00,201.467E+00,92.985E+00,+99999.9E+99,+99999.9E+99,0.00007E+06,-0.00063E+06,0.00000E+00,12.272E+00,0.757E+03,0.00097E+06,43.834E+00,F0F0F
2021/11/30,17:34:34,00000:00:59,50,38003F00,700,1F00,1F00,3F00,99.927E+00,0.000E+00,0.000E+00,110.990E+00,0.000E+00,0.000E+00,0.509E+00,0.000E+00,0.000E+00,99.926E+00,0.000E+00,0.000E+00,0.000E+00,0.000E+00,0.000E+00,100.929E+00,0.000E+00,0.000E+00,98.825E+00,0.000E+00,0.000E+00,20.254E+00,+99999.9E+99,474.650E+00,1.053E+00,+99999.9E+99,+99999.9E+99,11.7700E+00,0.00000E+00,0.00000E+00,12.0466E+00,0.00000E+00,0.00000E+00,4.5720E+00,0.00000E+00,0.00000E+00,10.8457E+00,0.00000E+00,0.00000E+00,4.6420E+00,0.00000E+00,0.00000E+00,18.1562E+00,0.0000E+00,0.0000E+00,4.1171E+00,0.0000E+00,0.0000E+00,11.553E+00,+99999.9E+99,+99999.9E+99,64.722E+00,+99999.9E+99,+99999.9E+99,1.08168E+03,0.00000E+03,0.00000E+03,0.00000E+03,0.00000E+03,0.00000E+03,1.17614E+03,0.00000E+03,0.00000E+03,0.00000E+03,0.00000E+03,0.00000E+03,0.46181E+03,0.00000E+03,0.00000E+03,0.00000E+03,0.00000E+03,0.00000E+03,0.91969E+00,0.00000E+00,0.00000E+00,0.91644E+00,0.31278E+00,0.99768E+00,0.000E+00,-158.872E+00,155.593E+00,156.410E+00,129.355E+00,151.688E+00,23.119E+00,90.000E+00,90.000E+00,12.6252E+00,0.00000E+00,0.00000E+00,118.956E+00,100.000E+00,100.000E+00,-0.20504E+03,0.00000E+03,0.00000E+03,+99999.9E+99,+99999.9E+99,+99999.9E+99,+99999.9E+99,+99999.9E+99,+99999.9E+99,+99999.9E+99,+99999.9E+99,+99999.9E+99,+99999.9E+99,+99999.9E+99,+99999.9E+99,1B00,0,0,0,1B00,77.2369E+00,77.2504E+00,77.0258E+00,77.1711E+00,72.2439E+00,72.4548E+00,71.9040E+00,72.2009E+00,77.2369E+00,77.2504E+00,77.0258E+00,0.0000E+00,0.0000E+00,0.0000E+00,70.4952E+00,71.0963E+00,70.9782E+00,105.497E+00,105.799E+00,105.606E+00,-104.559E+00,-104.336E+00,-104.629E+00,34.535E+00,34.560E+00,34.518E+00,+99999.9E+99,+99999.9E+99,+99999.9E+99,0.519E+00,13.5386E+00,13.1071E+00,13.4904E+00,13.3787E+00,12.4672E+00,12.0494E+00,12.4041E+00,12.3069E+00,13.5377E+00,13.1071E+00,13.4889E+00,-0.1558E+00,0.0000E+00,0.2002E+00,14.0464E+00,13.0945E+00,13.0834E+00,27.5905E+00,27.0852E+00,28.4995E+00,-26.6690E+00,-26.8757E+00,-26.6395E+00,39.721E+00,42.108E+00,42.283E+00,+99999.9E+99,+99999.9E+99,+99999.9E+99,4.563E+00,0.42671E+03,0.41856E+03,0.44145E+03,1.28673E+03,0.50107E+03,0.45668E+03,0.48275E+03,1.44051E+03,0.61050E+03,0.59076E+03,0.60685E+03,1.80811E+03,0.56612E+03,0.52967E+03,0.53473E+03,1.62953E+03,-0.43661E+03,-0.41690E+03,-0.41639E+03,-1.26991E+03,-0.26349E+03,-0.26832E+03,-0.22997E+03,-0.76177E+03,-0.69895E+00,-0.70851E+00,-0.72745E+00,-0.71164E+00,-0.88509E+00,-0.86220E+00,-0.90279E+00,-0.88400E+00,0.000E+00,119.834E+00,-119.661E+00,58.019E+00,-179.789E+00,-64.413E+00,-45.657E+00,-44.887E+00,-43.327E+00,-44.631E+00,201.451E+00,201.633E+00,202.062E+00,89.668E+00,+99999.9E+99,+99999.9E+99,0.00013E+06,-0.00074E+06,0.00000E+00,14.535E+00,0.758E+03,0.00115E+06,43.557E+00,F0F08
2021/11/30,17:34:34,00000:00:59,100,38003F00,500,1F00,1F00,3F00,99.927E+00,0.000E+00,0.000E+00,110.990E+00,0.000E+00,0.000E+00,0.509E+00,0.000E+00,0.000E+00,99.926E+00,0.000E+00,0.000E+00,0.000E+00,0.000E+00,0.000E+00,100.929E+00,0.000E+00,0.000E+00,98.825E+00,0.000E+00,0.000E+00,20.254E+00,+99999.9E+99,474.650E+00,1.053E+00,+99999.9E+99,+99999.9E+99,11.7700E+00,0.00000E+00,0.00000E+00,12.0466E+00,0.00000E+00,0.00000E+00,4.5720E+00,0.00000E+00,0.00000E+00,10.8457E+00,0.00000E+00,0.00000E+00,4.6420E+00,0.00000E+00,0.00000E+00,18.1562E+00,0.0000E+00,0.0000E+00,4.1171E+00,0.0000E+00,0.0000E+00,11.553E+00,+99999.9E+99,+99999.9E+99,64.722E+00,+99999.9E+99,+99999.9E+99,1.08168E+03,0.00000E+03,0.00000E+03,0.00000E+03,0.00000E+03,0.00000E+03,1.17614E+03,0.00000E+03,0.00000E+03,0.00000E+03,0.00000E+03,0.00000E+03,0.46181E+03,0.00000E+03,0.00000E+03,0.00000E+03,0.00000E+03,0.00000E+03,0.91969E+00,0.00000E+00,0.00000E+00,0.91644E+00,0.31278E+00,0.99768E+00,0.000E+00,-158.872E+00,155.593E+00,156.410E+00,129.355E+00,151.688E+00,23.119E+00,90.000E+00,90.000E+00,12.6252E+00,0.00000E+00,0.00000E+00,67.749E+00,100.000E+00,100.000E+00,0.34886E+03,0.00000E+03,0.00000E+03,+99999.9E+99,+99999.9E+99,+99999.9E+99,+99999.9E+99,+99999.9E+99,+99999.9E+99,+99999.9E+99,+99999.9E+99,+99999.9E+99,+99999.9E+99,+99999.9E+99,+99999.9E+99,1B00,0,0,0,1B00,76.3000E+00,76.6616E+00,76.5399E+00,76.5005E+00,72.1058E+00,72.8067E+00,72.5725E+00,72.4950E+00,76.3000E+00,76.6616E+00,76.5399E+00,0.0000E+00,0.0000E+00,0.0000E+00,71.3543E+00,71.2334E+00,71.0671E+00,105.739E+00,106.000E+00,105.704E+00,-104.231E+00,-104.333E+00,-105.264E+00,31.725E+00,31.050E+00,31.618E+00,+99999.9E+99,+99999.9E+99,+99999.9E+99,0.242E+00,7.9768E+00,7.9142E+00,7.8414E+00,7.9108E+00,7.0852E+00,7.0391E+00,6.9667E+00,7.0303E+00,7.9768E+00,7.9127E+00,7.8376E+00,0.0000E+00,-0.1498E+00,0.2454E+00,11.6703E+00,11.6864E+00,12.2933E+00,21.8343E+00,20.3114E+00,20.0390E+00,-18.5829E+00,-19.1800E+00,-19.2638E+00,45.226E+00,44.077E+00,42.078E+00,+99999.9E+99,+99999.9E+99,+99999.9E+99,3.459E+00,0.24616E+03,0.24049E+03,0.24618E+03,0.73283E+03,0.40147E+03,0.42314E+03,0.42948E+03,1.25409E+03,0.35290E+03,0.35041E+03,0.34809E+03,1.05139E+03,0.46860E+03,0.47693E+03,0.49524E+03,1.44029E+03,-0.25287E+03,-0.25485E+03,-0.24609E+03,-0.75382E+03,-0.24167E+03,-0.22002E+03,-0.24660E+03,-0.70829E+03,-0.69752E+00,-0.68632E+00,-0.70723E+00,-0.69700E+00,-0.85675E+00,-0.88723E+00,-0.86721E+00,-0.87072E+00,0.000E+00,120.212E+00,-119.985E+00,60.985E+00,177.609E+00,-59.983E+00,-45.771E+00,-46.660E+00,-44.990E+00,-45.813E+00,202.554E+00,202.179E+00,202.136E+00,95.361E+00,+99999.9E+99,+99999.9E+99,0.00003E+06,-0.00046E+06,0.00000E+00,8.821E+00,0.757E+03,0.00070E+06,43.976E+00,F0F08
2021/11/30,17:34:34,00000:00:59,150,38003F00,700,1C00,1C00,3800,99.927E+00,0.000E+00,0.000E+00,110.990E+00,0.000E+00,0.000E+00,0.509E+00,0.000E+00,0.000E+00,99.926E+00,0.000E+00,0.000E+00,0.000E+00,0.000E+00,0.000E+00,100.929E+00,0.000E+00,0.000E+00,98.825E+00,0.000E+00,0.000E+00,57.406E+00,0.000E+00,+99999.9E+99,1.053E+00,+99999.9E+99,+99999.9E+99,11.7700E+00,0.00000E+00,0.00000E+00,12.0466E+00,0.00000E+00,0.00000E+00,4.5720E+00,0.00000E+00,0.00000E+00,10.8457E+00,0.00000E+00,0.00000E+00,4.2013E+00,0.00000E+00,0.00000E+00,18.1562E+00,0.0000E+00,0.0000E+00,4.1171E+00,0.0000E+00,0.0000E+00,40.664E+00,+99999.9E+99,+99999.9E+99,64.722E+00,+99999.9E+99,+99999.9E+99,1.08168E+03,0.00000E+03,0.00000E+03,0.00000E+03,0.00000E+03,0.00000E+03,1.17614E+03,0.00000E+03,0.00000E+03,0.00000E+03,0.00000E+03,0.00000E+03,0.46181E+03,0.00000E+03,0.00000E+03,0.00000E+03,0.00000E+03,0.00000E+03,0.91969E+00,0.00000E+00,0.00000E+00,0.90272E+00,0.99579E+00,0.95104E+00,0.000E+00,0.000E+00,177.752E+00,154.518E+00,174.743E+00,-164.244E+00,23.119E+00,90.000E+00,90.000E+00,12.6252E+00,0.00000E+00,0.00000E+00,115.137E+00,100.000E+00,100.000E+00,-0.16373E+03,0.00000E+03,0.00000E+03,+99999.9E+99,+99999.9E+99,+99999.9E+99,+99999.9E+99,+99999.9E+99,+99999.9E+99,+99999.9E+99,+99999.9E+99,+99999.9E+99,+99999.9E+99,+99999.9E+99,+99999.9E+99,1B00,0,0,0,1B00,77.0712E+00,77.1622E+00,77.1041E+00,77.1125E+00,72.1200E+00,72.4940E+00,72.2421E+00,72.2854E+00,77.0712E+00,77.1622E+00,77.1041E+00,0.0000E+00,0.0000E+00,0.0000E+00,73.0650E+00,73.3099E+00,73.1792E+00,105.674E+00,106.063E+00,105.713E+00,-104.697E+00,-105.076E+00,-108.116E+00,13.858E+00,14.082E+00,14.156E+00,+99999.9E+99,+99999.9E+99,+99999.9E+99,0.195E+00,13.2933E+00,12.8169E+00,13.0350E+00,13.0484E+00,12.1262E+00,11.6384E+00,11.7340E+00,11.8329E+00,13.2923E+00,12.8134E+00,13.0266E+00,-0.1639E+00,-0.3022E+00,0.4673E+00,5.0998E+00,4.6124E+00,4.7616E+00,27.6143E+00,27.0462E+00,28.4648E+00,-26.6186E+00,-26.8233E+00,-26.5390E+00,55.755E+00,59.939E+00,58.363E+00,+99999.9E+99,+99999.9E+99,+99999.9E+99,4.767E+00,0.42300E+03,0.40188E+03,0.42053E+03,1.24541E+03,0.18317E+03,0.16721E+03,0.17914E+03,0.52953E+03,0.59862E+03,0.57556E+03,0.58541E+03,1.75959E+03,0.20825E+03,0.19274E+03,0.19768E+03,0.59830E+03,-0.42358E+03,-0.41202E+03,-0.40726E+03,-1.24286E+03,-0.09909E+03,-0.09585E+03,-0.08358E+03,-0.27852E+03,-0.70662E+00,-0.69825E+00,-0.71835E+00,-0.70778E+00,-0.87954E+00,-0.86758E+00,-0.90623E+00,-0.88504E+00,0.000E+00,120.009E+00,-119.829E+00,58.524E+00,179.770E+00,-64.868E+00,-45.039E+00,-45.714E+00,-44.081E+00,-44.945E+00,201.121E+00,201.317E+00,201.591E+00,91.141E+00,+99999.9E+99,+99999.9E+99,0.00011E+06,-0.00073E+06,0.00000E+00,14.319E+00,0.757E+03,0.00114E+06,43.541E+00,F0F08
2021/11/30,17:34:34,00000:00:59,200,38003F00,2800,3B00,3B00,3F00,99.876E+00,0.000E+00,0.000E+00,110.933E+00,0.000E+00,0.000E+00,0.506E+00,0.000E+00,0.000E+00,99.875E+00,0.000E+00,0.000E+00,0.000E+00,0.000E+00,0.000E+00,100.932E+00,0.000E+00,0.000E+00,98.793E+00,0.000E+00,0.000E+00,57.406E+00,0.000E+00,+99999.9E+99,1.071E+00,+99999.9E+99,+99999.9E+99,11.9874E+00,0.00000E+00,0.00000E+00,12.2698E+00,0.00000E+00,0.00000E+00,4.6550E+00,0.00000E+00,0.00000E+00,11.0467E+00,0.00000E+00,0.00000E+00,4.2013E+00,0.00000E+00,0.00000E+00,18.2259E+00,0.0000E+00,0.0000E+00,4.1269E+00,0.0000E+00,0.0000E+00,40.664E+00,+99999.9E+99,+99999.9E+99,63.816E+00,+99999.9E+99,+99999.9E+99,1.10117E+03,0.00000E+03,0.00000E+03,0.00000E+03,0.00000E+03,0.00000E+03,1.19726E+03,0.00000E+03,0.00000E+03,0.00000E+03,0.00000E+03,0.00000E+03,0.46995E+03,0.00000E+03,0.00000E+03,0.00000E+03,0.00000E+03,0.00000E+03,0.91974E+00,0.00000E+00,0.00000E+00,0.90272E+00,0.99579E+00,0.95104E+00,0.000E+00,0.000E+00,177.752E+00,154.518E+00,174.743E+00,-164.244E+00,23.112E+00,90.000E+00,90.000E+00,0.00000E+00,0.00000E+00,0.00000E+00,99.346E+00,100.000E+00,100.000E+00,0.00721E+03,0.00000E+03,0.00000E+03,+99999.9E+99,+99999.9E+99,+99999.9E+99,+99999.9E+99,+99999.9E+99,+99999.9E+99,+99999.9E+99,+99999.9E+99,+99999.9E+99,+99999.9E+99,+99999.9E+99,+99999.9E+99,1B00,0,0,0,1B00,76.7422E+00,77.0743E+00,76.8313E+00,76.8826E+00,72.0250E+00,72.6520E+00,72.1950E+00,72.2907E+00,76.7422E+00,77.0743E+00,76.8313E+00,0.0000E+00,0.0000E+00,0.0000E+00,70.1313E+00,70.5091E+00,70.4448E+00,105.409E+00,106.003E+00,105.410E+00,-105.754E+00,-104.409E+00,-104.456E+00,37.436E+00,37.405E+00,37.351E+00,+99999.9E+99,+99999.9E+99,+99999.9E+99,0.336E+00,11.9754E+00,11.7982E+00,12.0804E+00,11.9514E+00,10.4823E+00,10.3939E+00,10.5933E+00,10.4898E+00,11.9748E+00,11.7982E+00,12.0804E+00,-0.1218E+00,0.0000E+00,0.0000E+00,15.0304E+00,14.4211E+00,14.4476E+00,27.6462E+00,27.1181E+00,28.4671E+00,-26.3652E+00,-27.1438E+00,-26.4481E+00,39.322E+00,40.793E+00,40.619E+00,+99999.9E+99,+99999.9E+99,+99999.9E+99,2.886E+00,0.35905E+03,0.36084E+03,0.37407E+03,1.09396E+03,0.53498E+03,0.50432E+03,0.52443E+03,1.56372E+03,0.53507E+03,0.52839E+03,0.54184E+03,1.60530E+03,0.60769E+03,0.58133E+03,0.58720E+03,1.77579E+03,-0.39671E+03,-0.38599E+03,-0.39200E+03,-1.17470E+03,-0.28823E+03,-0.28916E+03,-0.26415E+03,-0.84155E+03,-0.67103E+00,-0.68291E+00,-0.69037E+00,-0.68147E+00,-0.88036E+00,-0.86752E+00,-0.89310E+00,-0.88058E+00,0.000E+00,119.882E+00,-119.790E+00,58.494E+00,179.680E+00,-63.203E+00,-47.853E+00,-46.929E+00,-46.340E+00,-47.041E+00,202.168E+00,202.300E+00,201.822E+00,90.286E+00,+99999.9E+99,+99999.9E+99,0.00011E+06,-0.00063E+06,0.00000E+00,12.460E+00,0.757E+03,0.00099E+06,43.838E+00,F0F08
2021/11/30,17:34:34,00000:00:59,250,38003F00,2D00,3F00,3F00,3F00,99.876E+00,0.000E+00,0.000E+00,110.933E+00,0.000E+00,0.000E+00,0.506E+00,0.000E+00,0.000E+00,99.875E+00,0.000E+00,0.000E+00,0.000E+00,0.000E+00,0.000E+00,100.932E+00,0.000E+00,0.000E+00,98.793E+00,0.000E+00,0.000E+00,40.841E+00,410.142E+00,327.521E+00,1.071E+00,+99999.9E+99,+99999.9E+99,11.9874E+00,0.00000E+00,0.00000E+00,12.2698E+00,0.00000E+00,0.00000E+00,4.6550E+00,0.00000E+00,0.00000E+00,11.0467E+00,0.00000E+00,0.00000E+00,3.9586E+00,0.00000E+00,0.00000E+00,18.2259E+00,0.0000E+00,0.0000E+00,4.1269E+00,0.0000E+00,0.0000E+00,52.769E+00,+99999.9E+99,+99999.9E+99,63.816E+00,+99999.9E+99,+99999.9E+99,1.10117E+03,0.00000E+03,0.00000E+03,0.00000E+03,0.00000E+03,0.00000E+03,1.19726E+03,0.00000E+03,0.00000E+03,0.00000E+03,0.00000E+03,0.00000E+03,0.46995E+03,0.00000E+03,0.00000E+03,0.00000E+03,0.00000E+03,0.00000E+03,0.91974E+00,0.00000E+00,0.00000E+00,0.92977E+00,0.90508E+00,0.30139E+00,0.000E+00,-60.600E+00,128.700E+00,158.399E+00,-85.766E+00,56.242E+00,23.112E+00,90.000E+00,90.000E+00,0.00000E+00,0.00000E+00,0.00000E+00,78.344E+00,100.000E+00,100.000E+00,0.23847E+03,0.00000E+03,0.00000E+03,+99999.9E+99,+99999.9E+99,+99999.9E+99,+99999.9E+99,+99999.9E+99,+99999.9E+99,+99999.9E+99,+99999.9E+99,+99999.9E+99,+99999.9E+99,+99999.9E+99,+99999.9E+99,1B00,0,0,0,1B00,76.5757E+00,76.6268E+00,76.5696E+00,76.5907E+00,72.4757E+00,72.7919E+00,72.5328E+00,72.6001E+00,76.5757E+00,76.6268E+00,76.5696E+00,0.0000E+00,0.0000E+00,0.0000E+00,72.4724E+00,72.2740E+00,72.2386E+00,105.879E+00,106.067E+00,105.781E+00,-104.599E+00,-104.164E+00,-105.001E+00,22.439E+00,21.480E+00,22.095E+00,+99999.9E+99,+99999.9E+99,+99999.9E+99,0.198E+00,9.6171E+00,9.0996E+00,9.2302E+00,9.3157E+00,8.3160E+00,7.8870E+00,7.9204E+00,8.0411E+00,9.6162E+00,9.0959E+00,9.2218E+00,-0.1312E+00,-0.2604E+00,0.3927E+00,7.6861E+00,8.0870E+00,8.3149E+00,26.3595E+00,24.1719E+00,25.1257E+00,-26.6062E+00,-25.3905E+00,-22.5186E+00,52.644E+00,48.541E+00,47.214E+00,+99999.9E+99,+99999.9E+99,+99999.9E+99,4.720E+00,0.29573E+03,0.27610E+03,0.29086E+03,0.86270E+03,0.27179E+03,0.29283E+03,0.29648E+03,0.86111E+03,0.42803E+03,0.40386E+03,0.40950E+03,1.24139E+03,0.31541E+03,0.32538E+03,0.34081E+03,0.98101E+03,-0.30944E+03,-0.29474E+03,-0.28825E+03,-0.89242E+03,-0.16004E+03,-0.14186E+03,-0.16808E+03,-0.46998E+03,-0.69091E+00,-0.68366E+00,-0.71029E+00,-0.69495E+00,-0.86171E+00,-0.89996E+00,-0.86992E+00,-0.87777E+00,0.000E+00,120.117E+00,-120.076E+00,60.400E+00,175.950E+00,-60.421E+00,-46.298E+00,-46.870E+00,-44.741E+00,-45.977E+00,201.721E+00,201.380E+00,202.092E+00,94.736E+00,+99999.9E+99,+99999.9E+99,0.00005E+06,-0.00054E+06,0.00000E+00,10.320E+00,0.756E+03,0.00082E+06,43.765E+00,F0F08
2021/11/30,17:34:34,00000:00:59,300,38003F00,2800,3B00,3B00,3F00,99.990E+00,0.000E+00,0.000E+00,111.059E+00,0.000E+00,0.000E+00,0.509E+00,0.000E+00,0.000E+00,99.989E+00,0.000E+00,0.000E+00,0.000E+00,0.000E+00,0.000E+00,100.907E+00,0.000E+00,0.000E+00,98.814E+00,0.000E+00,0.000E+00,40.841E+00,410.142E+00,327.521E+00,1.047E+00,+99999.9E+99,+99999.9E+99,10.8976E+00,0.00000E+00,0.00000E+00,11.1434E+00,0.00000E+00,0.00000E+00,4.2551E+00,0.00000E+00,0.00000E+00,10.0326E+00,0.00000E+00,0.00000E+00,3.9586E+00,0.00000E+00,0.00000E+00,18.2660E+00,0.0000E+00,0.0000E+00,4.2124E+00,0.0000E+00,0.0000E+00,52.769E+00,+99999.9E+99,+99999.9E+99,70.040E+00,+99999.9E+99,+99999.9E+99,1.00122E+03,0.00000E+03,0.00000E+03,0.00000E+03,0.00000E+03,0.00000E+03,1.08965E+03,0.00000E+03,0.00000E+03,0.00000E+03,0.00000E+03,0.00000E+03,0.43001E+03,0.00000E+03,0.00000E+03,0.00000E+03,0.00000E+03,0.00000E+03,0.91884E+00,0.00000E+00,0.00000E+00,0.92977E+00,0.90508E+00,0.30139E+00,0.000E+00,-60.600E+00,128.700E+00,158.399E+00,-85.766E+00,56.242E+00,23.243E+00,90.000E+00,90.000E+00,14.5674E+00,0.00000E+00,0.00000E+00,133.223E+00,100.000E+00,100.000E+00,-0.33264E+03,0.00000E+03,0.00000E+03,+99999.9E+99,+99999.9E+99,+99999.9E+99,+99999.9E+99,+99999.9E+99,+99999.9E+99,+99999.9E+99,+99999.9E+99,+99999.9E+99,+99999.9E+99,+99999.9E+99,+99999.9E+99,1B00,0,0,0,1B00,76.9955E+00,77.4748E+00,77.3185E+00,77.2629E+00,71.6536E+00,72.5291E+00,72.2502E+00,72.1443E+00,76.9955E+00,77.4748E+00,77.3185E+00,0.0000E+00,0.0000E+00,0.0000E+00,72.2954E+00,72.7772E+00,72.6405E+00,105.721E+00,106.061E+00,105.700E+00,-104.479E+00,-105.126E+00,-104.689E+00,20.280E+00,20.256E+00,20.586E+00,+99999.9E+99,+99999.9E+99,+99999.9E+99,0.402E+00,13.8298E+00,13.5257E+00,13.6651E+00,13.6735E+00,12.8940E+00,12.7241E+00,12.6762E+00,12.7647E+00,13.8290E+00,13.5235E+00,13.6594E+00,-0.1529E+00,-0.2405E+00,0.3946E+00,8.1135E+00,7.4750E+00,7.3379E+00,27.6900E+00,27.0895E+00,28.4976E+00,-26.4786E+00,-27.2186E+00,-26.7043E+00,46.634E+00,49.246E+00,50.730E+00,+99999.9E+99,+99999.9E+99,+99999.9E+99,7.338E+00,0.44829E+03,0.43771E+03,0.44786E+03,1.33385E+03,0.29684E+03,0.25714E+03,0.27782E+03,0.83180E+03,0.62243E+03,0.60948E+03,0.61806E+03,1.84998E+03,0.33067E+03,0.29715E+03,0.30019E+03,0.92661E+03,-0.43181E+03,-0.42412E+03,-0.42594E+03,-1.28188E+03,-0.14570E+03,-0.14892E+03,-0.11371E+03,-0.40833E+03,-0.72021E+00,-0.71816E+00,-0.72462E+00,-0.72101E+00,-0.89769E+00,-0.86535E+00,-0.92548E+00,-0.89767E+00,0.000E+00,119.896E+00,-119.719E+00,56.365E+00,179.914E+00,-67.623E+00,-43.928E+00,-44.097E+00,-43.563E+00,-43.862E+00,201.752E+00,201.757E+00,201.170E+00,90.319E+00,+99999.9E+99,+99999.9E+99,0.00013E+06,-0.00077E+06,0.00000E+00,15.187E+00,0.757E+03,0.00120E+06,43.681E+00,F0F08
2021/11/30,17:34:34,00000:00:59,350,38003800,0,1800,1800,3800,99.934E+00,0.000E+00,0.000E+00,110.998E+00,0.000E+00,0.000E+00,0.510E+00,0.000E+00,0.000E+00,99.933E+00,0.000E+00,0.000E+00,0.000E+00,0.000E+00,0.000E+00,100.886E+00,0.000E+00,0.000E+00,98.807E+00,0.000E+00,0.000E+00,22.108E+00,+99999.9E+99,+99999.9E+99,1.040E+00,+99999.9E+99,+99999.9E+99,11.6992E+00,0.00000E+00,0.00000E+00,11.9614E+00,0.00000E+00,0.00000E+00,4.5716E+00,0.00000E+00,0.00000E+00,10.7690E+00,0.00000E+00,0.00000E+00,4.4820E+00,0.00000E+00,0.00000E+00,18.2514E+00,0.0000E+00,0.0000E+00,4.0560E+00,0.0000E+00,0.0000E+00,9.412E+00,+99999.9E+99,+99999.9E+99,65.909E+00,+99999.9E+99,+99999.9E+99,1.07410E+03,0.00000E+03,0.00000E+03,0.00000E+03,0.00000E+03,0.00000E+03,1.16916E+03,0.00000E+03,0.00000E+03,0.00000E+03,0.00000E+03,0.00000E+03,0.46178E+03,0.00000E+03,0.00000E+03,0.00000E+03,0.00000E+03,0.00000E+03,0.91870E+00,0.00000E+00,0.00000E+00,0.90076E+00,0.24358E+00,0.92030E+00,0.000E+00,6.250E+00,152.719E+00,154.258E+00,-97.848E+00,175.749E+00,23.264E+00,90.000E+00,90.000E+00,12.6183E+00,0.00000E+00,0.00000E+00,81.663E+00,100.000E+00,100.000E+00,0.19696E+03,0.00000E+03,0.00000E+03,+99999.9E+99,+99999.9E+99,+99999.9E+99,+99999.9E+99,+99999.9E+99,+99999.9E+99,+99999.9E+99,+99999.9E+99,+99999.9E+99,+99999.9E+99,+99999.9E+99,+99999.9E+99,1B00,0,0,0,1B00,76.6926E+00,76.6625E+00,76.3840E+00,76.5797E+00,72.5572E+00,72.6814E+00,72.0442E+00,72.4276E+00,76.6926E+00,76.6624E+00,76.3840E+00,0.0000E+00,0.0000E+00,0.0000E+00,70.2704E+00,70.3100E+00,70.1917E+00,105.577E+00,106.031E+00,105.816E+00,-103.909E+00,-104.684E+00,-104.220E+00,38.293E+00,37.899E+00,38.130E+00,+99999.9E+99,+99999.9E+99,+99999.9E+99,0.090E+00,9.7571E+00,9.3471E+00,9.9531E+00,9.6857E+00,8.4553E+00,8.1053E+00,8.5081E+00,8.3562E+00,9.7563E+00,9.3471E+00,9.9531E+00,-0.1250E+00,0.0000E+00,0.0000E+00,14.7328E+00,14.6261E+00,14.9732E+00,26.4038E+00,24.8762E+00,27.3038E+00,-25.6395E+00,-23.3900E+00,-26.6424E+00,40.828E+00,40.773E+00,39.398E+00,+99999.9E+99,+99999.9E+99,+99999.9E+99,1.498E+00,0.28699E+03,0.28516E+03,0.30500E+03,0.87714E+03,0.51629E+03,0.51884E+03,0.53115E+03,1.56629E+03,0.43395E+03,0.41601E+03,0.44166E+03,1.29162E+03,0.59569E+03,0.59054E+03,0.60535E+03,1.79147E+03,-0.32550E+03,-0.30290E+03,-0.31944E+03,-0.94784E+03,-0.29713E+03,-0.28202E+03,-0.29039E+03,-0.86954E+03,-0.66134E+00,-0.68546E+00,-0.69057E+00,-0.67910E+00,-0.86672E+00,-0.87860E+00,-0.87743E+00,-0.87431E+00,0.000E+00,120.081E+00,-119.933E+00,59.938E+00,178.558E+00,-61.235E+00,-48.598E+00,-46.728E+00,-46.325E+00,-47.226E+00,201.909E+00,202.333E+00,202.484E+00,91.734E+00,+99999.9E+99,+99999.9E+99,0.00007E+06,-0.00052E+06,0.00000E+00,10.158E+00,0.756E+03,0.00080E+06,43.805E+00,F0F0F
2021/11/30,17:34:34,00000:00:59,400,38003F00,700,1F00,1F00,3F00,99.934E+00,0.000E+00,0.000E+00,110.998E+00,0.000E+00,0.000E+00,0.510E+00,0.000E+00,0.000E+00,99.933E+00,0.000E+00,0.000E+00,0.000E+00,0.000E+00,0.000E+00,100.886E+00,0.000E+00,0.000E+00,98.807E+00,0.000E+00,0.000E+00,22.108E+00,+99999.9E+99,+99999.9E+99,1.040E+00,+99999.9E+99,+99999.9E+99,11.6992E+00,0.00000E+00,0.00000E+00,11.9614E+00,0.00000E+00,0.00000E+00,4.5716E+00,0.00000E+00,0.00000E+00,10.7690E+00,0.00000E+00,0.00000E+00,4.4820E+00,0.00000E+00,0.00000E+00,18.2514E+00,0.0000E+00,0.0000E+00,4.0560E+00,0.0000E+00,0.0000E+00,9.412E+00,+99999.9E+99,+99999.9E+99,65.909E+00,+99999.9E+99,+99999.9E+99,1.07410E+03,0.00000E+03,0.00000E+03,0.00000E+03,0.00000E+03,0.00000E+03,1.16916E+03,0.00000E+03,0.00000E+03,0.00000E+03,0.00000E+03,0.00000E+03,0.46178E+03,0.00000E+03,0.00000E+03,0.00000E+03,0.00000E+03,0.00000E+03,0.91870E+00,0.00000E+00,0.00000E+00,0.90076E+00,0.24358E+00,0.92030E+00,0.000E+00,6.250E+00,152.719E+00,154.258E+00,-97.848E+00,175.749E+00,23.264E+00,90.000E+00,90.000E+00,12.6183E+00,0.00000E+00,0.00000E+00,96.313E+00,100.000E+00,100.000E+00,0.03960E+03,0.00000E+03,0.00000E+03,+99999.9E+99,+99999.9E+99,+99999.9E+99,+99999.9E+99,+99999.9E+99,+99999.9E+99,+99999.9E+99,+99999.9E+99,+99999.9E+99,+99999.9E+99,+99999.9E+99,+99999.9E+99,1B00,0,0,0,1B00,76.5443E+00,77.0096E+00,77.0387E+00,76.8642E+00,71.8359E+00,72.7379E+00,72.7653E+00,72.4464E+00,76.5443E+00,77.0096E+00,77.0387E+00,0.0000E+00,0.0000E+00,0.0000E+00,73.0541E+00,73.0349E+00,72.9391E+00,105.651E+00,106.176E+00,105.814E+00,-104.433E+00,-104.806E+00,-104.911E+00,15.509E+00,15.379E+00,15.390E+00,+99999.9E+99,+99999.9E+99,+99999.9E+99,0.101E+00,11.6692E+00,11.4239E+00,11.2044E+00,11.4325E+00,9.9958E+00,9.8565E+00,9.5346E+00,9.7957E+00,11.6682E+00,11.4163E+00,11.1899E+00,-0.1528E+00,-0.4163E+00,0.5703E+00,5.2461E+00,5.1646E+00,5.5611E+00,27.6381E+00,27.2919E+00,28.5352E+00,-26.6924E+00,-26.9633E+00,-26.0200E+00,58.282E+00,57.435E+00,53.333E+00,+99999.9E+99,+99999.9E+99,+99999.9E+99,3.434E+00,0.35679E+03,0.33681E+03,0.34089E+03,1.03450E+03,0.18666E+03,0.19286E+03,0.19977E+03,0.57929E+03,0.52112E+03,0.50919E+03,0.50197E+03,1.53228E+03,0.21582E+03,0.21569E+03,0.22674E+03,0.65804E+03,-0.37982E+03,-0.38188E+03,-0.36846E+03,-1.13016E+03,-0.10833E+03,-0.09658E+03,-0.10724E+03,-0.31215E+03,-0.68467E+00,-0.66147E+00,-0.67912E+00,-0.67514E+00,-0.86490E+00,-0.89415E+00,-0.88107E+00,-0.88033E+00,0.000E+00,120.092E+00,-119.971E+00,60.117E+00,176.652E+00,-61.691E+00,-46.790E+00,-48.588E+00,-47.225E+00,-47.535E+00,202.217E+00,201.455E+00,201.485E+00,92.921E+00,+99999.9E+99,+99999.9E+99,0.00007E+06,-0.00062E+06,0.00000E+00,12.129E+00,0.757E+03,0.00096E+06,43.860E+00,F0F0F
2021/11/30,17:34:34,00000:00:59,450,38003F00,500,1F00,1F00,3F00,99.934E+00,0.000E+00,0.000E+00,110.998E+00,0.000E+00,0.000E+00,0.510E+00,0.000E+00,0.000E+00,99.933E+00,0.000E+00,0.000E+00,0.000E+00,0.000E+00,0.000E+00,100.886E+00,0.000E+00,0.000E+00,98.807E+00,0.000E+00,0.000E+00,23.173E+00,+99999.9E+99,+99999.9E+99,1.040E+00,+99999.9E+99,+99999.9E+99,11.6992E+00,0.00000E+00,0.00000E+00,11.9614E+00,0.00000E+00,0.00000E+00,4.5716E+00,0.00000E+00,0.00000E+00,10.7690E+00,0.00000E+00,0.00000E+00,4.5490E+00,0.00000E+00,0.00000E+00,18.2514E+00,0.0000E+00,0.0000E+00,4.0560E+00,0.0000E+00,0.0000E+00,10.088E+00,+99999.9E+99,+99999.9E+99,65.909E+00,+99999.9E+99,+99999.9E+99,1.07410E+03,0.00000E+03,0.00000E+03,0.00000E+03,0.00000E+03,0.00000E+03,1.16916E+03,0.00000E+03,0.00000E+03,0.00000E+03,0.00000E+03,0.00000E+03,0.46178E+03,0.00000E+03,0.00000E+03,0.00000E+03,0.00000E+03,0.00000E+03,0.91870E+00,0.00000E+00,0.00000E+00,0.90517E+00,0.61466E+00,0.03283E+00,0.000E+00,150.502E+00,-175.119E+00,154.846E+00,22.574E+00,93.000E+00,23.264E+00,90.000E+00,90.000E+00,12.6183E+00,0.00000E+00,0.00000E+00,119.736E+00,100.000E+00,100.000E+00,-0.21199E+03,0.00000E+03,0.00000E+03,+99999.9E+99,+99999.9E+99,+99999.9E+99,+99999.9E+99,+99999.9E+99,+99999.9E+99,+99999.9E+99,+99999.9E+99,+99999.9E+99,+99999.9E+99,+99999.9E+99,+99999.9E+99,1B00,0,0,0,1B00,77.2276E+00,77.2290E+00,76.9951E+00,77.1506E+00,72.2383E+00,72.4249E+00,71.8656E+00,72.1763E+00,77.2275E+00,77.2290E+00,76.9951E+00,0.0000E+00,0.0000E+00,0.0000E+00,71.0323E+00,71.7341E+00,71.5266E+00,105.250E+00,105.596E+00,105.434E+00,-104.220E+00,-104.826E+00,-104.316E+00,30.273E+00,30.424E+00,30.335E+00,+99999.9E+99,+99999.9E+99,+99999.9E+99,0.576E+00,13.5570E+00,13.1231E+00,13.5258E+00,13.4020E+00,12.4665E+00,12.0320E+00,12.4140E+00,12.3042E+00,13.5561E+00,13.1231E+00,13.5249E+00,-0.1567E+00,0.0000E+00,0.1567E+00,12.4378E+00,11.2735E+00,11.4317E+00,27.6457E+00,27.1167E+00,28.6500E+00,-26.5462E+00,-26.9619E+00,-26.7590E+00,40.952E+00,44.407E+00,44.260E+00,+99999.9E+99,+99999.9E+99,+99999.9E+99,6.142E+00,0.42594E+03,0.41822E+03,0.44193E+03,1.28609E+03,0.44594E+03,0.39467E+03,0.42327E+03,1.26388E+03,0.61095E+03,0.59136E+03,0.60808E+03,1.81039E+03,0.50091E+03,0.45881E+03,0.46321E+03,1.42136E+03,-0.43799E+03,-0.41809E+03,-0.41769E+03,-1.27377E+03,-0.22815E+03,-0.23398E+03,-0.18817E+03,-0.65030E+03,-0.69718E+00,-0.70722E+00,-0.72676E+00,-0.71039E+00,-0.89026E+00,-0.86019E+00,-0.91377E+00,-0.88920E+00,0.000E+00,119.873E+00,-119.582E+00,57.417E+00,-179.563E+00,-65.838E+00,-45.799E+00,-44.991E+00,-43.385E+00,-44.733E+00,201.239E+00,202.172E+00,201.898E+00,89.383E+00,+99999.9E+99,+99999.9E+99,0.00014E+06,-0.00073E+06,0.00000E+00,14.491E+00,0.758E+03,0.00115E+06,43.536E+00,F0F08
2021/11/30,17:34:34,00000:00:59,500,38003F00,500,1F00,1F00,3F00,99.934E+00,0.000E+00,0.000E+00,110.998E+00,0.000E+00,0.000E+00,0.510E+00,0.000E+00,0.000E+00,99.933E+00,0.000E+00,0.000E+00,0.000E+00,0.000E+00,0.000E+00,100.886E+00,0.000E+00,0.000E+00,98.807E+00,0.000E+00,0.000E+00,23.173E+00,+99999.9E+99,+99999.9E+99,1.040E+00,+99999.9E+99,+99999.9E+99,11.6992E+00,0.00000E+00,0.00000E+00,11.9614E+00,0.00000E+00,0.00000E+00,4.5716E+00,0.00000E+00,0.00000E+00,10.7690E+00,0.00000E+00,0.00000E+00,4.5490E+00,0.00000E+00,0.00000E+00,18.2514E+00,0.0000E+00,0.0000E+00,4.0560E+00,0.0000E+00,0.0000E+00,10.088E+00,+99999.9E+99,+99999.9E+99,65.909E+00,+99999.9E+99,+99999.9E+99,1.07410E+03,0.00000E+03,0.00000E+03,0.00000E+03,0.00000E+03,0.00000E+03,1.16916E+03,0.00000E+03,0.00000E+03,0.00000E+03,0.00000E+03,0.00000E+03,0.46178E+03,0.00000E+03,0.00000E+03,0.00000E+03,0.00000E+03,0.00000E+03,0.91870E+00,0.00000E+00,0.00000E+00,0.90517E+00,0.61466E+00,0.03283E+00,0.000E+00,150.502E+00,-175.119E+00,154.846E+00,22.574E+00,93.000E+00,23.264E+00,90.000E+00,90.000E+00,12.6183E+00,0.00000E+00,0.00000E+00,67.788E+00,100.000E+00,100.000E+00,0.34599E+03,0.00000E+03,0.00000E+03,+99999.9E+99,+99999.9E+99,+99999.9E+99,+99999.9E+99,+99999.9E+99,+99999.9E+99,+99999.9E+99,+99999.9E+99,+99999.9E+99,+99999.9E+99,+99999.9E+99,+99999.9E+99,1B00,0,0,0,1B00,76.2541E+00,76.6495E+00,76.4992E+00,76.4676E+00,72.0346E+00,72.7666E+00,72.4863E+00,72.4292E+00,76.2541E+00,76.6495E+00,76.4992E+00,0.0000E+00,0.0000E+00,0.0000E+00,71.3155E+00,71.2171E+00,71.0408E+00,105.811E+00,106.069E+00,105.926E+00,-104.269E+00,-104.804E+00,-104.167E+00,31.846E+00,31.113E+00,31.769E+00,+99999.9E+99,+99999.9E+99,+99999.9E+99,0.232E+00,7.9631E+00,7.9247E+00,7.8428E+00,7.9102E+00,7.0362E+00,7.0287E+00,6.9336E+00,6.9995E+00,7.9631E+00,7.9237E+00,7.8395E+00,0.0000E+00,-0.1281E+00,0.2265E+00,11.7059E+00,11.7070E+00,12.3261E+00,21.6348E+00,20.4943E+00,20.1419E+00,-18.6062E+00,-18.9810E+00,-19.0967E+00,45.228E+00,44.084E+00,42.036E+00,+99999.9E+99,+99999.9E+99,+99999.9E+99,3.486E+00,0.24403E+03,0.23998E+03,0.24411E+03,0.72811E+03,0.40273E+03,0.42396E+03,0.43134E+03,1.25803E+03,0.35180E+03,0.35060E+03,0.34796E+03,1.05036E+03,0.46982E+03,0.47747E+03,0.49664E+03,1.44344E+03,-0.25340E+03,-0.25560E+03,-0.24797E+03,-0.75697E+03,-0.24194E+03,-0.21963E+03,-0.24617E+03,-0.70774E+03,-0.69366E+00,-0.68448E+00,-0.70153E+00,-0.69320E+00,-0.85721E+00,-0.88792E+00,-0.86852E+00,-0.87155E+00,0.000E+00,120.211E+00,-119.970E+00,60.944E+00,177.517E+00,-60.124E+00,-46.080E+00,-46.805E+00,-45.450E+00,-46.116E+00,202.385E+00,201.723E+00,202.050E+00,95.655E+00,+99999.9E+99,+99999.9E+99,0.00003E+06,-0.00046E+06,0.00000E+00,8.794E+00,0.756E+03,0.00070E+06,43.948E+00,F0F08
2021/11/30,17:34:34,00000:00:59,550,38003F00,700,1C00,1C00,3800,99.934E+00,0.000E+00,0.000E+00,110.998E+00,0.000E+00,0.000E+00,0.510E+00,0.000E+00,0.000E+00,99.933E+00,0.000E+00,0.000E+00,0.000E+00,0.000E+00,0.000E+00,100.886E+00,0.000E+00,0.000E+00,98.807E+00,0.000E+00,0.000E+00,66.563E+00,+99999.9E+99,447.429E+00,1.040E+00,+99999.9E+99,+99999.9E+99,11.6992E+00,0.00000E+00,0.00000E+00,11.9614E+00,0.00000E+00,0.00000E+00,4.5716E+00,0.00000E+00,0.00000E+00,10.7690E+00,0.00000E+00,0.00000E+00,4.1889E+00,0.00000E+00,0.00000E+00,18.2514E+00,0.0000E+00,0.0000E+00,4.0560E+00,0.0000E+00,0.0000E+00,48.861E+00,+99999.9E+99,+99999.9E+99,65.909E+00,+99999.9E+99,+99999.9E+99,1.07410E+03,0.00000E+03,0.00000E+03,0.00000E+03,0.00000E+03,0.00000E+03,1.16916E+03,0.00000E+03,0.00000E+03,0.00000E+03,0.00000E+03,0.00000E+03,0.46178E+03,0.00000E+03,0.00000E+03,0.00000E+03,0.00000E+03,0.00000E+03,0.91870E+00,0.00000E+00,0.00000E+00,0.88397E+00,0.24977E+00,0.82421E+00,0.000E+00,79.756E+00,143.399E+00,152.125E+00,-24.708E+00,108.908E+00,23.264E+00,90.000E+00,90.000E+00,12.6183E+00,0.00000E+00,0.00000E+00,105.538E+00,100.000E+00,100.000E+00,-0.05948E+03,0.00000E+03,0.00000E+03,+99999.9E+99,+99999.9E+99,+99999.9E+99,+99999.9E+99,+99999.9E+99,+99999.9E+99,+99999.9E+99,+99999.9E+99,+99999.9E+99,+99999.9E+99,+99999.9E+99,+99999.9E+99,1B00,0,0,0,1B00,76.7833E+00,77.0445E+00,76.9867E+00,76.9382E+00,72.0485E+00,72.6567E+00,72.4621E+00,72.3891E+00,76.7833E+00,77.0445E+00,76.9867E+00,0.0000E+00,0.0000E+00,0.0000E+00,73.0442E+00,73.2474E+00,73.1256E+00,105.783E+00,106.161E+00,105.863E+00,-104.990E+00,-104.734E+00,-104.484E+00,13.593E+00,13.904E+00,13.990E+00,+99999.9E+99,+99999.9E+99,+99999.9E+99,0.161E+00,12.4420E+00,12.0343E+00,12.1852E+00,12.2205E+00,10.9479E+00,10.6238E+00,10.5982E+00,10.7233E+00,12.4406E+00,12.0314E+00,12.1769E+00,-0.1858E+00,-0.2637E+00,0.4506E+00,4.8381E+00,4.3850E+00,4.5071E+00,27.6043E+00,27.1438E+00,28.4967E+00,-26.7648E+00,-27.0667E+00,-26.4829E+00,58.469E+00,62.879E+00,61.037E+00,+99999.9E+99,+99999.9E+99,+99999.9E+99,4.137E+00,0.38519E+03,0.36793E+03,0.38047E+03,1.13358E+03,0.16882E+03,0.15585E+03,0.16570E+03,0.49038E+03,0.55754E+03,0.53834E+03,0.54618E+03,1.64205E+03,0.19503E+03,0.18241E+03,0.18618E+03,0.56336E+03,-0.40309E+03,-0.39299E+03,-0.39186E+03,-1.18793E+03,-0.09766E+03,-0.09478E+03,-0.08489E+03,-0.27732E+03,-0.69087E+00,-0.68345E+00,-0.69660E+00,-0.69034E+00,-0.86561E+00,-0.85442E+00,-0.89001E+00,-0.87045E+00,0.000E+00,120.020E+00,-119.854E+00,60.137E+00,-178.731E+00,-62.763E+00,-46.301E+00,-46.886E+00,-45.845E+00,-46.343E+00,201.170E+00,201.896E+00,201.545E+00,91.438E+00,+99999.9E+99,+99999.9E+99,0.00010E+06,-0.00067E+06,0.00000E+00,13.082E+00,0.757E+03,0.00104E+06,43.585E+00,F0F08
2021/11/30,17:34:34,00000:00:59,600,38003F00,2800,3B00,3B00,3F00,99.996E+00,0.000E+00,0.000E+00,111.066E+00,0.000E+00,0.000E+00,0.516E+00,0.000E+00,0.000E+00,99.994E+00,0.000E+00,0.000E+00,0.000E+00,0.000E+00,0.000E+00,101.068E+00,0.000E+00,0.000E+00,98.775E+00,0.000E+00,0.000E+00,66.563E+00,+99999.9E+99,447.429E+00,1.146E+00,+99999.9E+99,+99999.9E+99,11.4666E+00,0.00000E+00,0.00000E+00,11.5797E+00,0.00000E+00,0.00000E+00,4.7742E+00,0.00000E+00,0.00000E+00,10.4254E+00,0.00000E+00,0.00000E+00,4.1889E+00,0.00000E+00,0.00000E+00,18.2895E+00,0.0000E+00,0.0000E+00,3.2900E+00,0.0000E+00,0.0000E+00,48.861E+00,+99999.9E+99,+99999.9E+99,71.937E+00,+99999.9E+99,+99999.9E+99,1.04027E+03,0.00000E+03,0.00000E+03,0.00000E+03,0.00000E+03,0.00000E+03,1.14661E+03,0.00000E+03,0.00000E+03,0.00000E+03,0.00000E+03,0.00000E+03,0.48223E+03,0.00000E+03,0.00000E+03,0.00000E+03,0.00000E+03,0.00000E+03,0.90726E+00,0.00000E+00,0.00000E+00,0.88397E+00,0.24977E+00,0.82421E+00,0.000E+00,79.756E+00,143.399E+00,152.125E+00,-24.708E+00,108.908E+00,24.871E+00,90.000E+00,90.000E+00,0.00000E+00,0.00000E+00,0.00000E+00,122.602E+00,100.000E+00,100.000E+00,-0.23513E+03,0.00000E+03,0.00000E+03,+99999.9E+99,+99999.9E+99,+99999.9E+99,+99999.9E+99,+99999.9E+99,+99999.9E+99,+99999.9E+99,+99999.9E+99,+99999.9E+99,+99999.9E+99,+99999.9E+99,+99999.9E+99,1B00,0,0,0,1B00,77.1888E+00,77.2010E+00,76.9938E+00,77.1279E+00,72.1569E+00,72.3704E+00,71.8439E+00,72.1238E+00,77.1887E+00,77.2010E+00,76.9938E+00,0.0000E+00,0.0000E+00,0.0000E+00,70.1029E+00,70.4984E+00,70.4345E+00,105.407E+00,105.591E+00,105.526E+00,-104.516E+00,-104.707E+00,-104.764E+00,37.596E+00,37.551E+00,37.398E+00,+99999.9E+99,+99999.9E+99,+99999.9E+99,0.352E+00,13.4462E+00,13.0002E+00,13.3875E+00,13.2780E+00,12.4047E+00,11.9709E+00,12.3284E+00,12.2346E+00,13.4452E+00,13.0002E+00,13.3861E+00,-0.1678E+00,0.0000E+00,0.1969E+00,15.1073E+00,14.4796E+00,14.5236E+00,27.2343E+00,26.8114E+00,28.2705E+00,-26.2200E+00,-26.6081E+00,-26.4400E+00,39.187E+00,40.765E+00,40.438E+00,+99999.9E+99,+99999.9E+99,+99999.9E+99,2.930E+00,0.42337E+03,0.41420E+03,0.43782E+03,1.27540E+03,0.53796E+03,0.50669E+03,0.52790E+03,1.57256E+03,0.60566E+03,0.58518E+03,0.60149E+03,1.79232E+03,0.61058E+03,0.58339E+03,0.59026E+03,1.78379E+03,-0.43310E+03,-0.41336E+03,-0.41243E+03,-1.25890E+03,-0.28880E+03,-0.28915E+03,-0.26405E+03,-0.84200E+03,-0.69903E+00,-0.70782E+00,-0.72790E+00,-0.71159E+00,-0.88107E+00,-0.86853E+00,-0.89436E+00,-0.88158E+00,0.000E+00,119.874E+00,-119.782E+00,58.416E+00,179.554E+00,-63.364E+00,-45.651E+00,-44.942E+00,-43.289E+00,-44.636E+00,202.093E+00,201.531E+00,201.775E+00,90.127E+00,+99999.9E+99,+99999.9E+99,0.00013E+06,-0.00074E+06,0.00000E+00,14.501E+00,0.757E+03,0.00115E+06,43.817E+00,F0F08
2021/11/30,17:34:34,00000:00:59,650,38003F00,2D00,3F00,3F00,3F00,99.996E+00,0.000E+00,0.000E+00,111.066E+00,0.000E+00,0.000E+00,0.516E+00,0.000E+00,0.000E+00,99.994E+00,0.000E+00,0.000E+00,0.000E+00,0.000E+00,0.000E+00,101.068E+00,0.000E+00,0.000E+00,98.775E+00,0.000E+00,0.000E+00,37.436E+00,496.107E+00,432.136E+00,1.146E+00,+99999.9E+99,+99999.9E+99,11.4666E+00,0.00000E+00,0.00000E+00,11.5797E+00,0.00000E+00,0.00000E+00,4.7742E+00,0.00000E+00,0.00000E+00,10.4254E+00,0.00000E+00,0.00000E+00,4.3789E+00,0.00000E+00,0.00000E+00,18.2895E+00,0.0000E+00,0.0000E+00,3.2900E+00,0.0000E+00,0.0000E+00,40.160E+00,+99999.9E+99,+99999.9E+99,71.937E+00,+99999.9E+99,+99999.9E+99,1.04027E+03,0.00000E+03,0.00000E+03,0.00000E+03,0.00000E+03,0.00000E+03,1.14661E+03,0.00000E+03,0.00000E+03,0.00000E+03,0.00000E+03,0.00000E+03,0.48223E+03,0.00000E+03,0.00000E+03,0.00000E+03,0.00000E+03,0.00000E+03,0.90726E+00,0.00000E+00,0.00000E+00,0.93223E+00,0.15528E+00,0.26763E+00,0.000E+00,167.436E+00,-176.383E+00,158.786E+00,86.369E+00,-101.906E+00,24.871E+00,90.000E+00,90.000E+00,0.00000E+00,0.00000E+00,0.00000E+00,75.769E+00,100.000E+00,100.000E+00,0.25207E+03,0.00000E+03,0.00000E+03,+99999.9E+99,+99999.9E+99,+99999.9E+99,+99999.9E+99,+99999.9E+99,+99999.9E+99,+99999.9E+99,+99999.9E+99,+99999.9E+99,+99999.9E+99,+99999.9E+99,+99999.9E+99,1B00,0,0,0,1B00,76.2355E+00,76.6374E+00,76.4870E+00,76.4533E+00,72.1488E+00,72.8932E+00,72.6228E+00,72.5550E+00,76.2355E+00,76.6374E+00,76.4870E+00,0.0000E+00,0.0000E+00,0.0000E+00,71.9055E+00,71.7492E+00,71.6774E+00,105.863E+00,106.066E+00,105.627E+00,-104.759E+00,-104.497E+00,-104.116E+00,27.142E+00,26.175E+00,26.812E+00,+99999.9E+99,+99999.9E+99,+99999.9E+99,0.191E+00,8.3128E+00,8.2630E+00,8.2203E+00,8.2654E+00,7.4160E+00,7.3847E+00,7.3284E+00,7.3764E+00,8.3122E+00,8.2621E+00,8.2173E+00,-0.1004E+00,-0.1185E+00,0.2200E+00,9.7311E+00,9.9036E+00,10.2515E+00,22.3167E+00,20.8105E+00,20.3109E+00,-18.6833E+00,-19.1733E+00,-19.9933E+00,48.334E+00,45.990E+00,44.396E+00,+99999.9E+99,+99999.9E+99,+99999.9E+99,4.228E+00,0.26398E+03,0.25922E+03,0.26501E+03,0.78821E+03,0.33629E+03,0.35967E+03,0.36389E+03,1.05984E+03,0.36754E+03,0.36582E+03,0.36498E+03,1.09834E+03,0.39093E+03,0.40183E+03,0.41908E+03,1.21124E+03,-0.25574E+03,-0.25813E+03,-0.25095E+03,-0.76483E+03,-0.19933E+03,-0.17918E+03,-0.20787E+03,-0.58639E+03,-0.71822E+00,-0.70860E+00,-0.72610E+00,-0.71763E+00,-0.86023E+00,-0.89508E+00,-0.86831E+00,-0.87500E+00,0.000E+00,120.140E+00,-120.036E+00,60.586E+00,176.586E+00,-60.192E+00,-44.092E+00,-44.879E+00,-43.440E+00,-44.141E+00,201.488E+00,201.758E+00,201.889E+00,94.638E+00,+99999.9E+99,+99999.9E+99,0.00004E+06,-0.00049E+06,0.00000E+00,9.427E+00,0.756E+03,0.00075E+06,43.749E+00,F0F08
2021/11/30,17:34:34,00000:00:59,700,38003F00,2800,3B00,3B00,3F00,99.805E+00,0.000E+00,0.000E+00,110.855E+00,0.000E+00,0.000E+00,0.490E+00,0.000E+00,0.000E+00,99.804E+00,0.000E+00,0.000E+00,0.000E+00,0.000E+00,0.000E+00,100.893E+00,0.000E+00,0.000E+00,98.811E+00,0.000E+00,0.000E+00,37.436E+00,496.107E+00,432.136E+00,1.043E+00,+99999.9E+99,+99999.9E+99,12.2766E+00,0.00000E+00,0.00000E+00,12.7876E+00,0.00000E+00,0.00000E+00,4.2624E+00,0.00000E+00,0.00000E+00,11.5129E+00,0.00000E+00,0.00000E+00,4.3789E+00,0.00000E+00,0.00000E+00,18.3267E+00,0.0000E+00,0.0000E+00,4.2262E+00,0.0000E+00,0.0000E+00,40.160E+00,+99999.9E+99,+99999.9E+99,61.238E+00,+99999.9E+99,+99999.9E+99,1.14717E+03,0.00000E+03,0.00000E+03,0.00000E+03,0.00000E+03,0.00000E+03,1.22527E+03,0.00000E+03,0.00000E+03,0.00000E+03,0.00000E+03,0.00000E+03,-0.43046E+03,0.00000E+03,0.00000E+03,0.00000E+03,0.00000E+03,0.00000E+03,-0.93626E+00,0.00000E+00,0.00000E+00,0.93223E+00,0.15528E+00,0.26763E+00,0.000E+00,167.436E+00,-176.383E+00,158.786E+00,86.369E+00,-101.906E+00,-20.568E+00,90.000E+00,90.000E+00,9.32817E+00,0.00000E+00,0.00000E+00,110.103E+00,100.000E+00,100.000E+00,-0.11590E+03,0.00000E+03,0.00000E+03,+99999.9E+99,+99999.9E+99,+99999.9E+99,+99999.9E+99,+99999.9E+99,+99999.9E+99,+99999.9E+99,+99999.9E+99,+99999.9E+99,+99999.9E+99,+99999.9E+99,+99999.9E+99,1B00,0,0,0,1B00,77.0616E+00,77.1705E+00,77.1100E+00,77.1140E+00,72.1194E+00,72.5126E+00,72.2694E+00,72.3004E+00,77.0616E+00,77.1704E+00,77.1100E+00,0.0000E+00,0.0000E+00,0.0000E+00,72.6623E+00,73.0642E+00,72.9290E+00,105.844E+00,106.170E+00,105.646E+00,-104.363E+00,-105.327E+00,-105.304E+00,16.560E+00,16.777E+00,17.107E+00,+99999.9E+99,+99999.9E+99,+99999.9E+99,0.332E+00,13.4624E+00,12.9956E+00,13.1912E+00,13.2164E+00,12.2438E+00,11.7623E+00,11.8200E+00,11.9420E+00,13.4611E+00,12.9910E+00,13.1806E+00,-0.1844E+00,-0.3442E+00,0.5296E+00,6.5599E+00,5.9005E+00,5.8052E+00,27.8524E+00,27.1509E+00,28.5929E+00,-26.7267E+00,-27.2929E+00,-26.7048E+00,48.897E+00,53.266E+00,53.983E+00,+99999.9E+99,+99999.9E+99,+99999.9E+99,6.679E+00,0.42985E+03,0.40766E+03,0.42556E+03,1.26307E+03,0.23733E+03,0.20843E+03,0.22410E+03,0.66986E+03,0.60615E+03,0.58380E+03,0.59270E+03,1.78265E+03,0.26419E+03,0.23924E+03,0.24226E+03,0.74477E+03,-0.42737E+03,-0.41790E+03,-0.41255E+03,-1.25782E+03,-0.11605E+03,-0.11745E+03,-0.09203E+03,-0.32552E+03,-0.70915E+00,-0.69828E+00,-0.71800E+00,-0.70853E+00,-0.89836E+00,-0.87121E+00,-0.92503E+00,-0.89942E+00,0.000E+00,119.939E+00,-119.751E+00,56.243E+00,179.276E+00,-67.548E+00,-44.834E+00,-45.711E+00,-44.111E+00,-44.884E+00,201.624E+00,201.287E+00,201.424E+00,90.924E+00,+99999.9E+99,+99999.9E+99,0.00011E+06,-0.00074E+06,0.00000E+00,14.496E+00,0.757E+03,0.00115E+06,43.718E+00,F0F08
2021/11/30,17:34:34,00000:00:59,750,38003800,0,1800,1800,3800,99.918E+00,0.000E+00,0.000E+00,110.979E+00,0.000E+00,0.000E+00,0.514E+00,0.000E+00,0.000E+00,99.917E+00,0.000E+00,0.000E+00,0.000E+00,0.000E+00,0.000E+00,100.886E+00,0.000E+00,0.000E+00,98.771E+00,0.000E+00,0.000E+00,101.253E+00,+99999.9E+99,+99999.9E+99,1.058E+00,+99999.9E+99,+99999.9E+99,11.8915E+00,0.00000E+00,0.00000E+00,12.1689E+00,0.00000E+00,0.00000E+00,4.6237E+00,0.00000E+00,0.00000E+00,10.9558E+00,0.00000E+00,0.00000E+00,2.8799E+00,0.00000E+00,0.00000E+00,18.2221E+00,0.0000E+00,0.0000E+00,4.2614E+00,0.0000E+00,0.0000E+00,104.433E+00,+99999.9E+99,+99999.9E+99,63.714E+00,+99999.9E+99,+99999.9E+99,1.09254E+03,0.00000E+03,0.00000E+03,0.00000E+03,0.00000E+03,0.00000E+03,1.18818E+03,0.00000E+03,0.00000E+03,0.00000E+03,0.00000E+03,0.00000E+03,0.46703E+03,0.00000E+03,0.00000E+03,0.00000E+03,0.00000E+03,0.00000E+03,0.91951E+00,0.00000E+00,0.00000E+00,0.82730E+00,0.96317E+00,0.16644E+00,0.000E+00,-25.959E+00,136.542E+00,145.822E+00,-10.362E+00,56.122E+00,23.145E+00,90.000E+00,90.000E+00,12.6042E+00,0.00000E+00,0.00000E+00,100.655E+00,100.000E+00,100.000E+00,-0.00716E+03,0.00000E+03,0.00000E+03,+99999.9E+99,+99999.9E+99,+99999.9E+99,+99999.9E+99,+99999.9E+99,+99999.9E+99,+99999.9E+99,+99999.9E+99,+99999.9E+99,+99999.9E+99,+99999.9E+99,+99999.9E+99,1B00,0,0,0,1B00,76.7411E+00,77.0759E+00,76.8210E+00,76.8794E+00,72.0251E+00,72.6526E+00,72.1815E+00,72.2864E+00,76.7411E+00,77.0759E+00,76.8210E+00,0.0000E+00,0.0000E+00,0.0000E+00,69.9826E+00,70.2086E+00,70.1140E+00,105.394E+00,106.013E+00,105.409E+00,-104.566E+00,-105.320E+00,-104.543E+00,39.114E+00,38.936E+00,38.909E+00,+99999.9E+99,+99999.9E+99,+99999.9E+99,0.194E+00,12.0087E+00,11.8384E+00,12.1166E+00,11.9879E+00,10.5198E+00,10.4433E+00,10.6312E+00,10.5314E+00,12.0080E+00,11.8384E+00,12.1166E+00,-0.1229E+00,0.0000E+00,0.0000E+00,15.4588E+00,15.0537E+00,15.2601E+00,27.7519E+00,27.1429E+00,28.5181E+00,-26.3957E+00,-27.1581E+00,-26.5167E+00,39.310E+00,40.279E+00,39.359E+00,+99999.9E+99,+99999.9E+99,+99999.9E+99,1.621E+00,0.36107E+03,0.36297E+03,0.37566E+03,1.09970E+03,0.54578E+03,0.53048E+03,0.54722E+03,1.62347E+03,0.53646E+03,0.53021E+03,0.54343E+03,1.61010E+03,0.62349E+03,0.60696E+03,0.61715E+03,1.84747E+03,-0.39676E+03,-0.38649E+03,-0.39268E+03,-1.17593E+03,-0.30145E+03,-0.29495E+03,-0.28536E+03,-0.88176E+03,-0.67306E+00,-0.68459E+00,-0.69127E+00,-0.68300E+00,-0.87535E+00,-0.87399E+00,-0.88668E+00,-0.87875E+00,0.000E+00,119.977E+00,-119.849E+00,59.021E+00,179.009E+00,-62.373E+00,-47.696E+00,-46.797E+00,-46.269E+00,-46.921E+00,201.863E+00,202.233E+00,201.775E+00,90.144E+00,+99999.9E+99,+99999.9E+99,0.00011E+06,-0.00063E+06,0.00000E+00,12.509E+00,0.757E+03,0.00099E+06,43.768E+00,F0F0F
2021/11/30,17:34:35,00000:00:59,800,38003F00,700,1F00,1F00,3F00,99.918E+00,0.000E+00,0.000E+00,110.979E+00,0.000E+00,0.000E+00,0.514E+00,0.000E+00,0.000E+00,99.917E+00,0.000E+00,0.000E+00,0.000E+00,0.000E+00,0.000E+00,100.886E+00,0.000E+00,0.000E+00,98.771E+00,0.000E+00,0.000E+00,101.253E+00,+99999.9E+99,+99999.9E+99,1.058E+00,+99999.9E+99,+99999.9E+99,11.8915E+00,0.00000E+00,0.00000E+00,12.1689E+00,0.00000E+00,0.00000E+00,4.6237E+00,0.00000E+00,0.00000E+00,10.9558E+00,0.00000E+00,0.00000E+00,2.8799E+00,0.00000E+00,0.00000E+00,18.2221E+00,0.0000E+00,0.0000E+00,4.2614E+00,0.0000E+00,0.0000E+00,104.433E+00,+99999.9E+99,+99999.9E+99,63.714E+00,+99999.9E+99,+99999.9E+99,1.09254E+03,0.00000E+03,0.00000E+03,0.00000E+03,0.00000E+03,0.00000E+03,1.18818E+03,0.00000E+03,0.00000E+03,0.00000E+03,0.00000E+03,0.00000E+03,0.46703E+03,0.00000E+03,0.00000E+03,0.00000E+03,0.00000E+03,0.00000E+03,0.91951E+00,0.00000E+00,0.00000E+00,0.82730E+00,0.96317E+00,0.16644E+00,0.000E+00,-25.959E+00,136.542E+00,145.822E+00,-10.362E+00,56.122E+00,23.145E+00,90.000E+00,90.000E+00,12.6042E+00,0.00000E+00,0.00000E+00,78.942E+00,100.000E+00,100.000E+00,0.23007E+03,0.00000E+03,0.00000E+03,+99999.9E+99,+99999.9E+99,+99999.9E+99,+99999.9E+99,+99999.9E+99,+99999.9E+99,+99999.9E+99,+99999.9E+99,+99999.9E+99,+99999.9E+99,+99999.9E+99,+99999.9E+99,1B00,0,0,0,1B00,76.5774E+00,76.6248E+00,76.5693E+00,76.5905E+00,72.4779E+00,72.7885E+00,72.5316E+00,72.5993E+00,76.5774E+00,76.6248E+00,76.5693E+00,0.0000E+00,0.0000E+00,0.0000E+00,72.8354E+00,72.6690E+00,72.6027E+00,105.856E+00,106.073E+00,105.781E+00,-104.664E+00,-104.360E+00,-105.023E+00,18.509E+00,18.093E+00,18.095E+00,+99999.9E+99,+99999.9E+99,+99999.9E+99,0.191E+00,9.6160E+00,9.1031E+00,9.2320E+00,9.3171E+00,8.3152E+00,7.8880E+00,7.9191E+00,8.0408E+00,9.6150E+00,9.0994E+00,9.2233E+00,-0.1392E+00,-0.2600E+00,0.4001E+00,6.1809E+00,6.4833E+00,6.8768E+00,26.2748E+00,24.1757E+00,25.1719E+00,-26.6205E+00,-25.4257E+00,-22.5486E+00,56.474E+00,52.371E+00,49.672E+00,+99999.9E+99,+99999.9E+99,+99999.9E+99,4.777E+00,0.29563E+03,0.27615E+03,0.29070E+03,0.86247E+03,0.22216E+03,0.23874E+03,0.24299E+03,0.70389E+03,0.42799E+03,0.40401E+03,0.40956E+03,1.24156E+03,0.25716E+03,0.26445E+03,0.27798E+03,0.79909E+03,-0.30948E+03,-0.29490E+03,-0.28851E+03,-0.89288E+03,-0.12952E+03,-0.11373E+03,-0.13501E+03,-0.37826E+03,-0.69074E+00,-0.68352E+00,-0.70978E+00,-0.69467E+00,-0.86390E+00,-0.90280E+00,-0.87414E+00,-0.88087E+00,0.000E+00,120.131E+00,-120.051E+00,60.165E+00,175.576E+00,-60.889E+00,-46.311E+00,-46.881E+00,-44.783E+00,-45.999E+00,201.998E+00,201.384E+00,202.103E+00,94.276E+00,+99999.9E+99,+99999.9E+99,0.00005E+06,-0.00054E+06,0.00000E+00,10.268E+00,0.756E+03,0.00081E+06,43.844E+00,F0F0F
2021/11/30,17:34:35,00000:00:59,850,38003F00,500,1F00,1F00,3F00,99.918E+00,0.000E+00,0.000E+00,110.979E+00,0.000E+00,0.000E+00,0.514E+00,0.000E+00,0.000E+00,99.917E+00,0.000E+00,0.000E+00,0.000E+00,0.000E+00,0.000E+00,100.886E+00,0.000E+00,0.000E+00,98.771E+00,0.000E+00,0.000E+00,19.839E+00,+99999.9E+99,343.273E+00,1.058E+00,+99999.9E+99,+99999.9E+99,11.8915E+00,0.00000E+00,0.00000E+00,12.1689E+00,0.00000E+00,0.00000E+00,4.6237E+00,0.00000E+00,0.00000E+00,10.9558E+00,0.00000E+00,0.00000E+00,4.7282E+00,0.00000E+00,0.00000E+00,18.2221E+00,0.0000E+00,0.0000E+00,4.2614E+00,0.0000E+00,0.0000E+00,9.585E+00,+99999.9E+99,+99999.9E+99,63.714E+00,+99999.9E+99,+99999.9E+99,1.09254E+03,0.00000E+03,0.00000E+03,0.00000E+03,0.00000E+03,0.00000E+03,1.18818E+03,0.00000E+03,0.00000E+03,0.00000E+03,0.00000E+03,0.00000E+03,0.46703E+03,0.00000E+03,0.00000E+03,0.00000E+03,0.00000E+03,0.00000E+03,0.91951E+00,0.00000E+00,0.00000E+00,0.91820E+00,0.79177E+00,0.66772E+00,0.000E+00,65.019E+00,158.889E+00,156.664E+00,-152.631E+00,-153.003E+00,23.145E+00,90.000E+00,90.000E+00,12.6042E+00,0.00000E+00,0.00000E+00,122.362E+00,100.000E+00,100.000E+00,-0.24431E+03,0.00000E+03,0.00000E+03,+99999.9E+99,+99999.9E+99,+99999.9E+99,+99999.9E+99,+99999.9E+99,+99999.9E+99,+99999.9E+99,+99999.9E+99,+99999.9E+99,+99999.9E+99,+99999.9E+99,+99999.9E+99,1B00,0,0,0,1B00,76.9943E+00,77.4675E+00,77.3180E+00,77.2599E+00,71.6550E+00,72.5117E+00,72.2504E+00,72.1390E+00,76.9943E+00,77.4675E+00,77.3180E+00,0.0000E+00,0.0000E+00,0.0000E+00,71.7131E+00,72.3132E+00,72.1069E+00,105.621E+00,106.093E+00,105.550E+00,-104.606E+00,-105.101E+00,-104.590E+00,25.241E+00,25.504E+00,25.447E+00,+99999.9E+99,+99999.9E+99,+99999.9E+99,0.483E+00,13.8364E+00,13.5279E+00,13.6603E+00,13.6749E+00,12.9297E+00,12.7498E+00,12.7118E+00,12.7971E+00,13.8358E+00,13.5254E+00,13.6546E+00,-0.1352E+00,-0.2595E+00,0.3957E+00,10.2111E+00,9.3314E+00,9.4760E+00,27.6729E+00,27.0443E+00,28.5329E+00,-26.4829E+00,-27.1433E+00,-26.1943E+00,43.748E+00,46.710E+00,47.068E+00,+99999.9E+99,+99999.9E+99,+99999.9E+99,6.892E+00,0.44938E+03,0.43855E+03,0.44892E+03,1.33685E+03,0.37302E+03,0.32589E+03,0.35135E+03,1.05026E+03,0.62271E+03,0.60960E+03,0.61794E+03,1.85025E+03,0.41643E+03,0.37692E+03,0.38096E+03,1.17272E+03,-0.43107E+03,-0.42341E+03,-0.42465E+03,-1.27914E+03,-0.18513E+03,-0.18938E+03,-0.14725E+03,-0.52175E+03,-0.72166E+00,-0.71942E+00,-0.72647E+00,-0.72253E+00,-0.89575E+00,-0.86461E+00,-0.92228E+00,-0.89558E+00,0.000E+00,119.907E+00,-119.639E+00,56.667E+00,179.979E+00,-67.084E+00,-43.809E+00,-43.994E+00,-43.409E+00,-43.737E+00,201.324E+00,202.125E+00,201.033E+00,90.171E+00,+99999.9E+99,+99999.9E+99,0.00013E+06,-0.00077E+06,0.00000E+00,15.199E+00,0.757E+03,0.00121E+06,43.572E+00,F0F08
2021/11/30,17:34:35,00000:00:59,900,38003F00,500,1F00,1F00,3F00,99.918E+00,0.000E+00,0.000E+00,110.979E+00,0.000E+00,0.000E+00,0.514E+00,0.000E+00,0.000E+00,99.917E+00,0.000E+00,0.000E+00,0.000E+00,0.000E+00,0.000E+00,100.886E+00,0.000E+00,0.000E+00,98.771E+00,0.000E+00,0.000E+00,19.839E+00,+99999.9E+99,343.273E+00,1.058E+00,+99999.9E+99,+99999.9E+99,11.8915E+00,0.00000E+00,0.00000E+00,12.1689E+00,0.00000E+00,0.00000E+00,4.6237E+00,0.00000E+00,0.00000E+00,10.9558E+00,0.00000E+00,0.00000E+00,4.7282E+00,0.00000E+00,0.00000E+00,18.2221E+00,0.0000E+00,0.0000E+00,4.2614E+00,0.0000E+00,0.0000E+00,9.585E+00,+99999.9E+99,+99999.9E+99,63.714E+00,+99999.9E+99,+99999.9E+99,1.09254E+03,0.00000E+03,0.00000E+03,0.00000E+03,0.00000E+03,0.00000E+03,1.18818E+03,0.00000E+03,0.00000E+03,0.00000E+03,0.00000E+03,0.00000E+03,0.46703E+03,0.00000E+03,0.00000E+03,0.00000E+03,0.00000E+03,0.00000E+03,0.91951E+00,0.00000E+00,0.00000E+00,0.91820E+00,0.79177E+00,0.66772E+00,0.000E+00,65.019E+00,158.889E+00,156.664E+00,-152.631E+00,-153.003E+00,23.145E+00,90.000E+00,90.000E+00,12.6042E+00,0.00000E+00,0.00000E+00,80.491E+00,100.000E+00,100.000E+00,0.21314E+03,0.00000E+03,0.00000E+03,+99999.9E+99,+99999.9E+99,+99999.9E+99,+99999.9E+99,+99999.9E+99,+99999.9E+99,+99999.9E+99,+99999.9E+99,+99999.9E+99,+99999.9E+99,+99999.9E+99,+99999.9E+99,1B00,0,0,0,1B00,76.6963E+00,76.6851E+00,76.3898E+00,76.5904E+00,72.5546E+00,72.7239E+00,72.0557E+00,72.4447E+00,76.6963E+00,76.6851E+00,76.3898E+00,0.0000E+00,0.0000E+00,0.0000E+00,70.7430E+00,70.6347E+00,70.4829E+00,105.684E+00,105.917E+00,105.864E+00,-103.803E+00,-104.520E+00,-104.323E+00,35.079E+00,34.598E+00,34.971E+00,+99999.9E+99,+99999.9E+99,+99999.9E+99,0.214E+00,9.7742E+00,9.3516E+00,9.9670E+00,9.6976E+00,8.4721E+00,8.1115E+00,8.5209E+00,8.3682E+00,9.7736E+00,9.3516E+00,9.9670E+00,-0.1109E+00,0.0000E+00,0.0000E+00,13.0098E+00,13.0760E+00,13.6244E+00,26.3657E+00,24.9467E+00,27.1862E+00,-25.5776E+00,-23.3886E+00,-26.7543E+00,43.769E+00,42.920E+00,40.964E+00,+99999.9E+99,+99999.9E+99,+99999.9E+99,2.632E+00,0.28781E+03,0.28560E+03,0.30598E+03,0.87940E+03,0.44763E+03,0.46350E+03,0.47192E+03,1.38305E+03,0.43480E+03,0.41632E+03,0.44237E+03,1.29350E+03,0.52596E+03,0.52923E+03,0.54700E+03,1.60186E+03,-0.32591E+03,-0.30291E+03,-0.31948E+03,-0.94830E+03,-0.27615E+03,-0.25544E+03,-0.27658E+03,-0.80817E+03,-0.66195E+00,-0.68601E+00,-0.69168E+00,-0.67986E+00,-0.85107E+00,-0.87580E+00,-0.86275E+00,-0.86340E+00,0.000E+00,120.187E+00,-119.991E+00,61.615E+00,178.980E+00,-59.495E+00,-48.552E+00,-46.685E+00,-46.237E+00,-47.167E+00,202.387E+00,201.727E+00,202.593E+00,91.938E+00,+99999.9E+99,+99999.9E+99,0.00007E+06,-0.00052E+06,0.00000E+00,10.205E+00,0.757E+03,0.00081E+06,43.930E+00,F0F08
2021/11/30,17:34:35,00000:00:59,950,38003F00,700,1F00,1F00,3F00,99.918E+00,0.000E+00,0.000E+00,110.979E+00,0.000E+00,0.000E+00,0.514E+00,0.000E+00,0.000E+00,99.917E+00,0.000E+00,0.000E+00,0.000E+00,0.000E+00,0.000E+00,100.886E+00,0.000E+00,0.000E+00,98.771E+00,0.000E+00,0.000E+00,66.446E+00,+99999.9E+99,+99999.9E+99,1.058E+00,+99999.9E+99,+99999.9E+99,11.8915E+00,0.00000E+00,0.00000E+00,12.1689E+00,0.00000E+00,0.00000E+00,4.6237E+00,0.00000E+00,0.00000E+00,10.9558E+00,0.00000E+00,0.00000E+00,4.0388E+00,0.00000E+00,0.00000E+00,18.2221E+00,0.0000E+00,0.0000E+00,4.2614E+00,0.0000E+00,0.0000E+00,46.814E+00,+99999.9E+99,+99999.9E+99,63.714E+00,+99999.9E+99,+99999.9E+99,1.09254E+03,0.00000E+03,0.00000E+03,0.00000E+03,0.00000E+03,0.00000E+03,1.18818E+03,0.00000E+03,0.00000E+03,0.00000E+03,0.00000E+03,0.00000E+03,0.46703E+03,0.00000E+03,0.00000E+03,0.00000E+03,0.00000E+03,0.00000E+03,0.91951E+00,0.00000E+00,0.00000E+00,0.88330E+00,0.12510E+00,0.99645E+00,0.000E+00,90.002E+00,140.232E+00,152.043E+00,7.189E+00,135.402E+00,23.145E+00,90.000E+00,90.000E+00,12.6042E+00,0.00000E+00,0.00000E+00,92.750E+00,100.000E+00,100.000E+00,0.07921E+03,0.00000E+03,0.00000E+03,+99999.9E+99,+99999.9E+99,+99999.9E+99,+99999.9E+99,+99999.9E+99,+99999.9E+99,+99999.9E+99,+99999.9E+99,+99999.9E+99,+99999.9E+99,+99999.9E+99,+99999.9E+99,1B00,0,0,0,1B00,76.5145E+00,76.9945E+00,77.0194E+00,76.8428E+00,71.7494E+00,72.6672E+00,72.6916E+00,72.3694E+00,76.5145E+00,76.9945E+00,77.0194E+00,0.0000E+00,0.0000E+00,0.0000E+00,73.1078E+00,73.2175E+00,73.1043E+00,105.741E+00,106.086E+00,105.693E+00,-104.950E+00,-104.851E+00,-105.121E+00,14.033E+00,13.909E+00,14.208E+00,+99999.9E+99,+99999.9E+99,+99999.9E+99,0.099E+00,11.5299E+00,11.2921E+00,11.0757E+00,11.2992E+00,9.8571E+00,9.7220E+00,9.4138E+00,9.6643E+00,11.5289E+00,11.2851E+00,11.0618E+00,-0.1564E+00,-0.3970E+00,0.5546E+00,4.8735E+00,4.6180E+00,4.8566E+00,27.6048E+00,27.1500E+00,28.5243E+00,-26.6681E+00,-26.8743E+00,-25.9105E+00,58.016E+00,59.502E+00,56.159E+00,+99999.9E+99,+99999.9E+99,+99999.9E+99,2.750E+00,0.34922E+03,0.32975E+03,0.33436E+03,1.01333E+03,0.17587E+03,0.17149E+03,0.18112E+03,0.52848E+03,0.51433E+03,0.50294E+03,0.49587E+03,1.51314E+03,0.20150E+03,0.19381E+03,0.20236E+03,0.59755E+03,-0.37760E+03,-0.37975E+03,-0.36618E+03,-1.12353E+03,-0.09835E+03,-0.09029E+03,-0.09023E+03,-0.27888E+03,-0.67897E+00,-0.65565E+00,-0.67430E+00,-0.66969E+00,-0.87279E+00,-0.88485E+00,-0.89507E+00,-0.88441E+00,0.000E+00,120.051E+00,-119.903E+00,59.262E+00,177.769E+00,-63.419E+00,-47.237E+00,-49.031E+00,-47.600E+00,-47.957E+00,201.281E+00,201.983E+00,201.345E+00,93.224E+00,+99999.9E+99,+99999.9E+99,0.00007E+06,-0.00061E+06,0.00000E+00,11.926E+00,0.756E+03,0.00094E+06,43.632E+00,F0F08
2021/11/30,17:34:35,00000:01:00,0,38003800,2800,3800,3800,3800,99.992E+00,0.000E+00,0.000E+00,111.061E+00,0.000E+00,0.000E+00,0.504E+00,0.000E+00,0.000E+00,99.990E+00,0.000E+00,0.000E+00,0.000E+00,0.000E+00,0.000E+00,100.964E+00,0.000E+00,0.000E+00,98.782E+00,0.000E+00,0.000E+00,66.446E+00,+99999.9E+99,+99999.9E+99,1.091E+00,+99999.9E+99,+99999.9E+99,11.4585E+00,0.00000E+00,0.00000E+00,11.6302E+00,0.00000E+00,0.00000E+00,4.6539E+00,0.00000E+00,0.00000E+00,10.4708E+00,0.00000E+00,0.00000E+00,4.0388E+00,0.00000E+00,0.00000E+00,18.2805E+00,0.0000E+00,0.0000E+00,3.4057E+00,0.0000E+00,0.0000E+00,46.814E+00,+99999.9E+99,+99999.9E+99,71.030E+00,+99999.9E+99,+99999.9E+99,1.04488E+03,0.00000E+03,0.00000E+03,0.00000E+03,0.00000E+03,0.00000E+03,1.14575E+03,0.00000E+03,0.00000E+03,0.00000E+03,0.00000E+03,0.00000E+03,0.47008E+03,0.00000E+03,0.00000E+03,0.00000E+03,0.00000E+03,0.00000E+03,0.91196E+00,0.00000E+00,0.00000E+00,0.88330E+00,0.12510E+00,0.99645E+00,0.000E+00,90.002E+00,140.232E+00,152.043E+00,7.189E+00,135.402E+00,24.223E+00,90.000E+00,90.000E+00,0.00000E+00,0.00000E+00,0.00000E+00,121.922E+00,100.000E+00,100.000E+00,-0.22906E+03,0.00000E+03,0.00000E+03,+99999.9E+99,+99999.9E+99,+99999.9E+99,+99999.9E+99,+99999.9E+99,+99999.9E+99,+99999.9E+99,+99999.9E+99,+99999.9E+99,+99999.9E+99,+99999.9E+99,+99999.9E+99,1B00,0,0,0,1B00,77.1952E+00,77.1975E+00,76.9802E+00,77.1243E+00,72.1726E+00,72.3636E+00,71.8210E+00,72.1190E+00,77.1952E+00,77.1975E+00,76.9802E+00,0.0000E+00,0.0000E+00,0.0000E+00,70.4401E+00,71.0432E+00,70.9374E+00,105.254E+00,105.583E+00,105.540E+00,-104.597E+00,-104.750E+00,-104.686E+00,34.354E+00,34.414E+00,34.365E+00,+99999.9E+99,+99999.9E+99,+99999.9E+99,0.525E+00,13.4140E+00,12.9840E+00,13.3738E+00,13.2573E+00,12.3891E+00,11.9701E+00,12.3257E+00,12.2283E+00,13.4133E+00,12.9840E+00,13.3725E+00,-0.1442E+00,0.0000E+00,0.1830E+00,13.9752E+00,13.0068E+00,12.9838E+00,27.2276E+00,26.9862E+00,28.1986E+00,-26.1143E+00,-26.4352E+00,-26.2233E+00,39.827E+00,42.279E+00,42.651E+00,+99999.9E+99,+99999.9E+99,+99999.9E+99,4.686E+00,0.42244E+03,0.41448E+03,0.43703E+03,1.27394E+03,0.49631E+03,0.45104E+03,0.47707E+03,1.42442E+03,0.60417E+03,0.58448E+03,0.60080E+03,1.78944E+03,0.56176E+03,0.52489E+03,0.52933E+03,1.61493E+03,-0.43193E+03,-0.41210E+03,-0.41227E+03,-1.25630E+03,-0.26315E+03,-0.26846E+03,-0.22934E+03,-0.76095E+03,-0.69921E+00,-0.70914E+00,-0.72741E+00,-0.71192E+00,-0.88350E+00,-0.85931E+00,-0.90127E+00,-0.88203E+00,0.000E+00,119.820E+00,-119.668E+00,58.215E+00,-179.470E+00,-64.223E+00,-45.637E+00,-44.835E+00,-43.330E+00,-44.609E+00,202.017E+00,201.445E+00,201.831E+00,89.688E+00,+99999.9E+99,+99999.9E+99,0.00013E+06,-0.00073E+06,0.00000E+00,14.409E+00,0.757E+03,0.00114E+06,43.776E+00,F0F08
